39 39 39 1.0 1.0 0.0 49.0 6.0 18.0 0.0 98.28009828009827
39 39 40 1.0 0.0 4.0 35.0 35.0 21.0 0.0 97.60858955588093
39 39 41 0.0 0.0 0.0 55.0 53.0 30.0 0.0 96.2463907603465
39 40 39 0.0 1.0 0.0 25.0 51.0 21.0 0.0 97.37098344693283
39 40 40 0.0 3.0 1.0 41.0 174.0 59.0 0.0 93.0232558139535
39 40 41 0.0 1.0 0.0 10.0 108.0 31.0 0.0 96.10764055742432
39 41 39 0.0 0.0 0.0 2.0 52.0 16.0 0.0 98.18360333824252
39 41 40 0.0 0.0 1.0 33.0 33.0 19.0 0.0 97.94319294809011
39 41 41 0.0 0.0 0.0 31.0 37.0 19.0 0.0 97.79951100244499
39 42 42 0.0 0.0 0.0 0.0 1.0 0.0 0.0 0.0
40 39 39 0.0 1.0 0.0 89.0 56.0 43.0 0.0 95.19276534983341
40 39 40 2.0 9.0 10.0 127.0 144.0 83.0 0.0 90.66183136899366
40 39 41 0.0 0.0 2.0 31.0 49.0 20.0 0.0 97.13453132588634
40 40 39 0.0 0.0 0.0 53.0 69.0 31.0 0.0 96.01536245799328
40 40 40 21.0 121.0 246.0 2422.0 5465.0 928.0 16.0 21.152829190904285
40 40 41 0.0 5.0 3.0 274.0 146.0 105.0 0.0 86.28127696289904
40 40 42 0.0 0.0 0.0 1.0 0.0 0.0 0.0 0.0
40 41 39 0.0 0.0 1.0 16.0 44.0 17.0 0.0 97.99118079372857
40 41 40 0.0 2.0 5.0 257.0 93.0 99.0 0.0 88.8494002665482
40 41 41 3.0 5.0 11.0 59.0 111.0 56.0 0.0 93.89671361502347
41 39 39 0.0 0.0 0.0 32.0 20.0 13.0 0.0 98.23182711198429
41 39 40 0.0 0.0 0.0 63.0 33.0 21.0 0.0 96.52509652509652
41 39 41 2.0 2.0 13.0 19.0 194.0 61.0 0.0 92.33610341643583
41 40 39 0.0 0.0 1.0 33.0 180.0 57.0 0.0 92.89363678588016
41 40 40 2.0 3.0 23.0 43.0 1323.0 282.0 0.0 64.28801028608164
41 40 41 0.0 1.0 1.0 21.0 52.0 18.0 0.0 97.37098344693283
41 41 39 0.0 0.0 1.0 5.0 20.0 8.0 0.0 99.30486593843099
41 41 40 2.0 4.0 10.0 24.0 157.0 55.0 0.0 93.45794392523364
41 41 41 2.0 4.0 7.0 13.0 30.0 18.0 0.0 98.4736582964057
41 41 42 0.0 0.0 0.0 1.0 0.0 0.0 0.0 99.95002498750625
42 39 40 0.0 0.0 0.0 0.0 4.0 2.0 0.0 99.90009990009992
42 40 39 0.0 0.0 0.0 0.0 2.0 1.0 0.0 99.95002498750625
42 41 41 0.0 0.0 0.0 0.0 6.0 2.0 0.0 99.8003992015968
