34 37 38 0.0 0.0 0.0 0.0 1.0 0.0 0.0 0.0
34 37 41 0.0 0.0 0.0 1.0 0.0 0.0 0.0 0.0
34 38 38 0.0 0.0 0.0 0.0 2.0 0.0 0.0 0.0
34 38 40 0.0 0.0 0.0 5.0 3.0 1.0 0.0 99.70089730807578
34 39 39 0.0 0.0 0.0 1.0 0.0 0.0 0.0 99.95002498750625
34 39 40 0.0 0.0 0.0 0.0 9.0 4.0 0.0 99.8003992015968
34 39 42 0.0 0.0 0.0 2.0 0.0 0.0 0.0 99.90009990009992
34 40 37 0.0 0.0 0.0 1.0 0.0 0.0 0.0 0.0
34 40 38 0.0 0.0 0.0 0.0 3.0 1.0 0.0 99.95002498750625
34 40 39 0.0 0.0 0.0 4.0 1.0 2.0 0.0 99.85022466300549
34 40 40 0.0 0.0 0.0 1.0 1.0 0.0 0.0 0.0
34 40 42 0.0 0.0 0.0 0.0 1.0 0.0 0.0 99.95002498750625
34 41 38 0.0 0.0 0.0 1.0 0.0 0.0 0.0 0.0
34 41 40 0.0 0.0 0.0 1.0 0.0 0.0 0.0 0.0
34 41 41 0.0 0.0 0.0 2.0 6.0 2.0 0.0 99.85022466300549
34 43 42 0.0 0.0 0.0 2.0 0.0 1.0 0.0 99.95002498750625
35 35 39 0.0 0.0 0.0 0.0 1.0 0.0 0.0 0.0
35 35 40 0.0 0.0 0.0 0.0 3.0 0.0 0.0 99.90009990009992
35 35 41 0.0 0.0 0.0 0.0 4.0 1.0 0.0 99.95002498750625
35 35 43 0.0 0.0 0.0 0.0 5.0 1.0 0.0 99.8003992015968
35 36 37 0.0 0.0 0.0 1.0 0.0 0.0 0.0 0.0
35 36 38 0.0 0.0 0.0 1.0 2.0 1.0 0.0 99.90009990009992
35 36 39 0.0 0.0 0.0 3.0 27.0 7.0 0.0 99.00990099009901
35 36 40 0.0 0.0 0.0 1.0 24.0 6.0 0.0 99.2063492063492
35 36 41 0.0 0.0 0.0 1.0 39.0 8.0 0.0 98.66798223976319
35 36 42 0.0 0.0 0.0 4.0 16.0 5.0 0.0 99.50248756218906
35 36 43 0.0 0.0 0.0 0.0 1.0 0.0 0.0 99.95002498750625
35 37 36 0.0 0.0 0.0 1.0 8.0 2.0 0.0 99.70089730807578
35 37 37 0.0 0.0 0.0 4.0 22.0 6.0 0.0 99.35419771485346
35 37 38 0.0 0.0 0.0 1.0 46.0 9.0 0.0 98.4736582964057
35 37 39 0.0 0.0 0.0 0.0 169.0 40.0 0.0 94.20631182289212
35 37 40 0.0 0.0 0.0 76.0 175.0 67.0 0.0 91.91176470588235
35 37 41 0.0 0.0 0.0 49.0 194.0 70.0 0.0 92.33610341643583
35 37 42 0.0 0.0 0.0 41.0 111.0 38.0 0.0 95.19276534983341
35 37 43 0.0 0.0 0.0 14.0 67.0 17.0 0.0 97.0402717127608
35 37 44 0.0 0.0 0.0 0.0 25.0 5.0 0.0 99.05894006934125
35 38 35 0.0 0.0 0.0 0.0 6.0 0.0 0.0 99.75062344139651
35 38 36 0.0 0.0 0.0 0.0 6.0 1.0 0.0 99.85022466300549
35 38 37 0.0 0.0 0.0 19.0 22.0 10.0 0.0 98.81422924901186
35 38 38 0.0 0.0 0.0 13.0 267.0 64.0 0.0 90.66183136899366
35 38 39 0.0 0.0 0.0 53.0 593.0 156.0 0.0 80.38585209003216
35 38 40 0.0 0.0 0.0 58.0 294.0 90.0 0.0 89.12655971479502
35 38 41 0.0 0.0 0.0 137.0 450.0 135.0 0.0 82.00082000820008
35 38 42 0.0 0.0 0.0 44.0 210.0 59.0 0.0 91.70105456212747
35 38 43 0.0 0.0 0.0 28.0 74.0 27.0 0.0 96.99321047526674
35 38 44 0.0 0.0 0.0 3.0 22.0 8.0 0.0 99.2063492063492
35 38 45 0.0 0.0 0.0 2.0 0.0 1.0 0.0 99.95002498750625
35 39 36 0.0 0.0 0.0 3.0 7.0 3.0 0.0 99.70089730807578
35 39 37 0.0 0.0 0.0 3.0 107.0 29.0 0.0 96.4785335262904
35 39 38 0.0 0.0 0.0 40.0 496.0 140.0 0.0 84.06893652795293
35 39 39 0.0 0.0 0.0 281.0 475.0 171.0 0.0 78.03355442840422
35 39 40 0.0 0.0 0.0 121.0 905.0 231.0 0.0 72.3589001447178
35 39 41 0.0 0.0 0.0 304.0 645.0 214.0 0.0 73.88252678241597
35 39 42 0.0 0.0 0.0 85.0 330.0 101.0 0.0 87.22197993894461
35 39 43 0.0 0.0 0.0 195.0 107.0 77.0 0.0 90.25270758122743
35 39 44 0.0 0.0 0.0 21.0 31.0 11.0 0.0 98.18360333824252
35 39 45 0.0 0.0 0.0 8.0 2.0 4.0 0.0 99.75062344139651
35 40 36 0.0 0.0 0.0 1.0 8.0 3.0 0.0 99.75062344139651
35 40 37 0.0 0.0 0.0 138.0 191.0 81.0 0.0 89.40545373267769
35 40 38 0.0 0.0 0.0 49.0 509.0 136.0 0.0 82.91873963515755
35 40 39 0.0 0.0 0.0 173.0 632.0 192.0 0.0 77.1604938271605
35 40 40 0.0 0.0 0.0 331.0 504.0 193.0 1.0 76.42338555598013
35 40 41 0.0 0.0 0.0 201.0 710.0 224.0 0.0 75.046904315197
35 40 42 0.0 0.0 0.0 216.0 342.0 137.0 0.0 83.2639467110741
35 40 43 0.0 0.0 0.0 44.0 132.0 47.0 0.0 94.4733112895607
35 40 44 0.0 0.0 0.0 45.0 12.0 19.0 0.0 98.23182711198429
35 40 45 0.0 0.0 0.0 5.0 3.0 1.0 0.0 99.75062344139651
35 41 35 0.0 0.0 0.0 0.0 2.0 1.0 0.0 99.95002498750625
35 41 36 0.0 0.0 0.0 4.0 7.0 1.0 0.0 99.70089730807578
35 41 37 0.0 0.0 0.0 55.0 159.0 56.0 0.0 92.98000929800094
35 41 38 0.0 0.0 0.0 116.0 439.0 149.0 0.0 83.36807002917882
35 41 39 0.0 0.0 0.0 199.0 355.0 120.0 0.0 82.64462809917356
35 41 40 0.0 0.0 0.0 292.0 383.0 153.0 0.0 79.77662544874352
35 41 41 0.0 0.0 0.0 272.0 373.0 147.0 0.0 80.84074373484235
35 41 42 0.0 0.0 0.0 307.0 130.0 95.0 0.0 86.54262224145391
35 41 43 0.0 0.0 0.0 186.0 46.0 66.0 0.0 92.85051067780873
35 41 44 0.0 0.0 0.0 31.0 8.0 10.0 0.0 98.86307464162135
35 41 45 0.0 0.0 0.0 12.0 4.0 4.0 0.0 99.50248756218906
35 42 36 0.0 0.0 0.0 2.0 3.0 1.0 0.0 99.90009990009992
35 42 37 0.0 0.0 0.0 134.0 13.0 42.0 0.0 95.05703422053232
35 42 38 0.0 0.0 0.0 25.0 71.0 18.0 0.0 96.85230024213075
35 42 39 0.0 0.0 0.0 59.0 91.0 34.0 0.0 95.19276534983341
35 42 40 0.0 0.0 0.0 167.0 100.0 59.0 0.0 91.65902841429882
35 42 41 0.0 0.0 0.0 180.0 131.0 79.0 0.0 90.17132551848512
35 42 42 0.0 0.0 0.0 231.0 54.0 66.0 0.0 90.41591320072332
35 42 43 0.0 0.0 0.0 91.0 40.0 35.0 0.0 95.69377990430623
35 42 44 0.0 0.0 0.0 13.0 3.0 4.0 0.0 99.55201592832255
35 43 35 0.0 0.0 0.0 0.0 1.0 0.0 0.0 99.95002498750625
35 43 36 0.0 0.0 0.0 0.0 3.0 1.0 0.0 99.90009990009992
35 43 37 0.0 0.0 0.0 8.0 23.0 8.0 0.0 99.00990099009901
35 43 38 0.0 0.0 0.0 15.0 45.0 17.0 0.0 98.0392156862745
35 43 39 0.0 0.0 0.0 69.0 50.0 32.0 0.0 96.15384615384615
35 43 40 0.0 0.0 0.0 38.0 69.0 27.0 0.0 96.33911368015414
35 43 41 0.0 0.0 0.0 106.0 21.0 36.0 0.0 96.29272989889263
35 43 42 0.0 0.0 0.0 497.0 5.0 123.0 0.0 84.35259384226065
35 43 43 0.0 0.0 0.0 31.0 5.0 8.0 0.0 98.81422924901186
35 43 44 0.0 0.0 0.0 1.0 0.0 0.0 0.0 0.0
35 44 37 0.0 0.0 0.0 5.0 2.0 3.0 0.0 99.8003992015968
35 44 38 0.0 0.0 0.0 3.0 2.0 1.0 0.0 99.85022466300549
35 44 39 0.0 0.0 0.0 2.0 7.0 2.0 0.0 99.75062344139651
35 44 40 0.0 0.0 0.0 10.0 8.0 4.0 0.0 99.45300845350572
35 44 41 0.0 0.0 0.0 5.0 21.0 6.0 0.0 99.05894006934125
35 44 42 0.0 0.0 0.0 14.0 5.0 8.0 0.0 99.45300845350572
35 44 43 0.0 0.0 0.0 6.0 0.0 1.0 0.0 99.75062344139651
35 45 39 0.0 0.0 0.0 0.0 1.0 0.0 0.0 0.0
35 45 40 0.0 0.0 0.0 1.0 0.0 0.0 0.0 0.0
36 35 38 0.0 0.0 0.0 0.0 5.0 1.0 0.0 99.8003992015968
36 35 39 0.0 0.0 0.0 0.0 59.0 15.0 0.0 97.84735812133073
36 35 40 0.0 0.0 0.0 3.0 55.0 15.0 0.0 98.18360333824252
36 35 41 0.0 0.0 0.0 4.0 78.0 19.0 0.0 97.13453132588634
36 35 42 0.0 0.0 0.0 0.0 16.0 5.0 0.0 99.50248756218906
36 35 43 0.0 0.0 0.0 0.0 13.0 4.0 0.0 99.6512207274539
36 35 44 0.0 0.0 0.0 0.0 3.0 0.0 0.0 99.90009990009992
36 36 35 0.0 0.0 0.0 0.0 1.0 0.0 0.0 0.0
36 36 36 0.0 0.0 0.0 0.0 6.0 1.0 0.0 99.8003992015968
36 36 37 0.0 0.0 0.0 4.0 52.0 13.0 0.0 98.23182711198429
36 36 38 0.0 0.0 0.0 122.0 275.0 92.0 0.0 87.33624454148472
36 36 39 0.0 0.0 0.0 28.0 1137.0 245.0 1.0 68.72852233676976
36 36 40 0.0 0.0 0.0 102.0 1358.0 279.0 0.0 63.37135614702155
36 36 41 0.0 0.0 0.0 62.0 980.0 219.0 0.0 71.25044531528322
36 36 42 0.0 0.0 0.0 30.0 902.0 200.0 0.0 73.42143906020557
36 36 43 0.0 0.0 0.0 36.0 234.0 66.0 0.0 91.15770282588879
36 36 44 0.0 0.0 0.0 0.0 103.0 29.0 0.0 96.66505558240696
36 37 35 0.0 0.0 0.0 0.0 1.0 0.0 0.0 0.0
36 37 36 0.0 0.0 0.0 6.0 192.0 38.0 0.0 93.0232558139535
36 37 37 0.0 0.0 0.0 170.0 1003.0 242.0 1.0 68.4697021567956
36 37 38 0.0 0.0 0.0 220.0 1888.0 388.0 0.0 53.99568034557236
36 37 39 0.0 0.0 0.0 273.0 3251.0 492.0 2.0 39.864460833167236
36 37 40 0.0 0.0 0.0 288.0 3599.0 548.0 3.0 37.36222678871661
36 37 41 0.0 0.0 0.0 436.0 4147.0 547.0 5.0 33.151002817835234
36 37 42 0.0 0.0 0.0 188.0 2083.0 375.0 1.0 51.880674448767834
36 37 43 0.0 0.0 0.0 338.0 1289.0 311.0 0.0 60.56935190793458
36 37 44 0.0 0.0 0.0 25.0 631.0 164.0 0.0 80.61265618702137
36 37 45 0.0 0.0 0.0 9.0 4.0 3.0 0.0 99.70089730807578
36 38 35 0.0 0.0 0.0 4.0 11.0 3.0 0.0 99.50248756218906
36 38 36 0.0 0.0 0.0 8.0 735.0 185.0 0.0 78.36990595611285
36 38 37 0.0 0.0 0.0 230.0 1998.0 378.0 1.0 52.23295899712719
36 38 38 0.0 0.0 0.0 257.0 3410.0 494.0 1.0 38.7747188832881
36 38 39 0.0 4.0 0.0 1032.0 4020.0 526.0 3.0 30.792917628945343
36 38 40 0.0 0.0 0.0 1214.0 4542.0 575.0 8.0 27.921262041044255
36 38 41 0.0 0.0 0.0 1360.0 4299.0 588.0 14.0 28.437366699843594
36 38 42 0.0 0.0 0.0 1924.0 2772.0 548.0 7.0 32.6477309826967
36 38 43 0.0 0.0 0.0 534.0 3164.0 514.0 4.0 38.53564547206166
36 38 44 0.0 0.0 0.0 405.0 1118.0 280.0 1.0 61.99628022318661
36 38 45 0.0 0.0 0.0 5.0 14.0 3.0 0.0 99.40357852882704
36 39 35 0.0 0.0 0.0 4.0 27.0 9.0 0.0 99.05894006934125
36 39 36 0.0 0.0 0.0 46.0 1031.0 240.0 1.0 70.69635913750442
36 39 37 0.0 0.0 0.0 175.0 1881.0 358.0 1.0 54.585152838427945
36 39 38 0.0 0.0 0.0 1459.0 3534.0 533.0 10.0 30.902348578491964
36 39 39 0.0 0.0 0.0 775.0 5354.0 586.0 18.0 26.567481402763015
36 39 40 0.0 0.0 0.0 1393.0 6297.0 627.0 18.0 22.048285745783264
36 39 41 0.0 0.0 0.0 1320.0 5120.0 547.0 15.0 25.329280648429584
36 39 42 0.0 0.0 0.0 1328.0 4047.0 523.0 4.0 29.27400468384075
36 39 43 0.0 0.0 0.0 1194.0 2426.0 465.0 2.0 38.948393378773126
36 39 44 0.0 0.0 0.0 790.0 1388.0 372.0 1.0 52.645433008686496
36 39 45 0.0 0.0 0.0 43.0 31.0 22.0 0.0 97.79951100244499
36 40 35 0.0 0.0 0.0 14.0 49.0 16.0 0.0 97.99118079372857
36 40 36 0.0 0.0 0.0 220.0 620.0 202.0 0.0 76.19047619047619
36 40 37 0.0 0.0 0.0 642.0 2681.0 453.0 1.0 41.254125412541256
36 40 38 0.0 0.0 0.0 308.0 7112.0 558.0 14.0 22.54791431792559
36 40 39 0.0 0.0 0.0 1044.0 5857.0 642.0 8.0 24.277737314882256
36 40 40 0.0 0.0 0.0 2115.0 5262.0 609.0 19.0 22.84408909194746
36 40 41 0.0 0.0 0.0 2556.0 4577.0 634.0 25.0 23.557126030624264
36 40 42 0.0 0.0 0.0 3921.0 2710.0 574.0 21.0 24.844720496894407
36 40 43 0.0 0.0 0.0 2727.0 1561.0 503.0 7.0 34.6860908775581
36 40 44 0.0 0.0 0.0 1603.0 372.0 361.0 0.0 55.61735261401557
36 40 45 0.0 0.0 0.0 28.0 43.0 20.0 0.0 97.84735812133073
36 41 35 0.0 0.0 0.0 12.0 6.0 6.0 0.0 99.45300845350572
36 41 36 0.0 0.0 0.0 72.0 607.0 165.0 0.0 80.25682182985554
36 41 37 0.0 0.0 0.0 453.0 2464.0 436.0 1.0 44.82294935006724
36 41 38 0.0 0.0 0.0 1562.0 3647.0 546.0 11.0 30.102347983142685
36 41 39 0.0 0.0 0.0 1141.0 4900.0 534.0 8.0 26.634705020641896
36 41 40 0.0 0.0 0.0 2404.0 4023.0 586.0 11.0 25.552574421873004
36 41 41 0.0 0.0 0.0 3346.0 3248.0 588.0 10.0 25.046963055729492
36 41 42 0.0 0.0 0.0 4025.0 1360.0 508.0 9.0 29.10360884749709
36 41 43 0.0 0.0 0.0 3395.0 1462.0 569.0 6.0 31.90810465858328
36 41 44 0.0 0.0 0.0 1588.0 564.0 383.0 1.0 53.23396326856534
36 41 45 0.0 0.0 0.0 15.0 31.0 11.0 0.0 98.52216748768474
36 42 35 0.0 0.0 0.0 0.0 24.0 9.0 0.0 99.25558312655086
36 42 36 0.0 0.0 0.0 54.0 300.0 90.0 0.0 88.7705281846427
36 42 37 0.0 0.0 0.0 938.0 1048.0 344.0 0.0 55.157198014340864
36 42 38 0.0 0.0 0.0 2058.0 1731.0 489.0 3.0 37.842951750236516
36 42 39 0.0 0.0 0.0 1575.0 2852.0 534.0 8.0 34.019391052900154
36 42 40 0.0 0.0 0.0 2400.0 2244.0 488.0 7.0 32.54149040026033
36 42 41 0.0 0.0 0.0 3487.0 1645.0 530.0 10.0 30.33520400424693
36 42 42 0.0 0.0 0.0 3476.0 1426.0 558.0 11.0 31.600568810238585
36 42 43 0.0 0.0 0.0 2862.0 835.0 481.0 4.0 38.321517532094276
36 42 44 0.0 0.0 0.0 1172.0 274.0 300.0 0.0 63.9386189258312
36 42 45 0.0 0.0 0.0 24.0 17.0 10.0 0.0 98.61932938856016
36 43 34 0.0 0.0 0.0 0.0 1.0 0.0 0.0 99.95002498750625
36 43 35 0.0 0.0 0.0 0.0 2.0 1.0 0.0 99.95002498750625
36 43 36 0.0 0.0 0.0 61.0 72.0 39.0 0.0 95.69377990430623
36 43 37 0.0 0.0 0.0 412.0 277.0 163.0 0.0 79.71303308090873
36 43 38 0.0 0.0 0.0 1532.0 844.0 390.0 1.0 50.28916268544128
36 43 39 0.0 0.0 0.0 1030.0 1532.0 413.0 3.0 48.49660523763336
36 43 40 0.0 0.0 0.0 978.0 2405.0 494.0 2.0 41.093075816724884
36 43 41 0.0 0.0 0.0 1656.0 1479.0 494.0 2.0 43.327556325823224
36 43 42 0.0 0.0 0.0 1204.0 1319.0 389.0 2.0 48.50836769342711
36 43 43 0.0 0.0 0.0 638.0 645.0 268.0 0.0 66.75567423230974
36 43 44 0.0 0.0 0.0 258.0 145.0 111.0 0.0 87.64241893076249
36 43 45 0.0 0.0 0.0 15.0 3.0 4.0 0.0 99.45300845350572
36 44 35 0.0 0.0 0.0 0.0 2.0 1.0 0.0 99.95002498750625
36 44 36 0.0 0.0 0.0 9.0 3.0 3.0 0.0 99.6512207274539
36 44 37 0.0 0.0 0.0 76.0 218.0 67.0 0.0 90.09009009009009
36 44 38 0.0 0.0 0.0 205.0 262.0 126.0 0.0 85.68980291345329
36 44 39 0.0 0.0 0.0 953.0 693.0 303.0 0.0 60.006000600060005
36 44 40 0.0 0.0 0.0 349.0 547.0 202.0 0.0 74.65472191116088
36 44 41 0.0 0.0 0.0 146.0 477.0 149.0 0.0 81.49959250203749
36 44 42 0.0 0.0 0.0 64.0 219.0 60.0 0.0 90.62075215224287
36 44 43 0.0 0.0 0.0 179.0 17.0 56.0 0.0 93.72071227741331
36 44 44 0.0 0.0 0.0 33.0 10.0 11.0 0.0 98.61932938856016
36 44 45 0.0 0.0 0.0 15.0 0.0 5.0 0.0 99.50248756218906
36 45 36 0.0 0.0 0.0 20.0 0.0 6.0 0.0 99.30486593843099
36 45 37 0.0 0.0 0.0 0.0 1.0 0.0 0.0 0.0
36 45 38 0.0 0.0 0.0 4.0 7.0 1.0 0.0 99.6512207274539
36 45 39 0.0 0.0 0.0 4.0 9.0 3.0 0.0 99.6512207274539
36 45 40 0.0 0.0 0.0 2.0 14.0 1.0 0.0 99.40357852882704
36 45 41 0.0 0.0 0.0 2.0 28.0 8.0 0.0 99.00990099009901
36 45 42 0.0 0.0 0.0 1.0 3.0 1.0 0.0 99.90009990009992
36 45 43 0.0 0.0 0.0 1.0 0.0 0.0 0.0 0.0
37 34 40 0.0 0.0 0.0 0.0 2.0 0.0 0.0 99.95002498750625
37 34 42 0.0 0.0 0.0 0.0 3.0 1.0 0.0 99.90009990009992
37 35 36 0.0 0.0 0.0 0.0 1.0 0.0 0.0 0.0
37 35 37 0.0 0.0 0.0 4.0 15.0 6.0 0.0 99.40357852882704
37 35 38 0.0 0.0 0.0 7.0 50.0 18.0 0.0 98.37678307919332
37 35 39 0.0 0.0 0.0 6.0 83.0 19.0 0.0 96.99321047526674
37 35 40 0.0 0.0 0.0 5.0 74.0 18.0 0.0 97.46588693957115
37 35 41 0.0 0.0 0.0 6.0 611.0 145.0 0.0 81.43322475570032
37 35 42 0.0 0.0 0.0 15.0 90.0 29.0 0.0 96.57170449058425
37 35 43 0.0 0.0 0.0 7.0 29.0 9.0 0.0 99.00990099009901
37 35 44 0.0 0.0 0.0 0.0 19.0 5.0 0.0 99.50248756218906
37 35 45 0.0 0.0 0.0 0.0 1.0 0.0 0.0 0.0
37 36 35 0.0 0.0 0.0 0.0 10.0 2.0 0.0 99.75062344139651
37 36 36 0.0 0.0 0.0 24.0 88.0 32.0 0.0 96.43201542912247
37 36 37 0.0 0.0 0.0 149.0 668.0 168.0 0.0 75.98784194528875
37 36 38 0.0 0.0 0.0 80.0 2634.0 415.0 1.0 46.67444574095683
37 36 39 0.0 0.0 0.0 98.0 2992.0 462.0 1.0 43.31817197314273
37 36 40 0.0 0.0 0.0 165.0 4313.0 505.0 2.0 33.551417547391374
37 36 41 0.0 0.0 0.0 295.0 3603.0 480.0 1.0 36.96857670979667
37 36 42 0.0 0.0 0.0 187.0 3323.0 435.0 1.0 39.40110323089046
37 36 43 0.0 0.0 0.0 301.0 2442.0 406.0 0.0 46.17871161394598
37 36 44 0.0 0.0 0.0 49.0 338.0 96.0 0.0 87.83487044356609
37 36 45 0.0 0.0 0.0 13.0 21.0 10.0 0.0 98.96091044037605
37 37 35 0.0 0.0 0.0 0.0 62.0 14.0 0.0 97.79951100244499
37 37 36 0.0 0.0 0.0 28.0 1577.0 323.0 0.0 61.06870229007633
37 37 37 0.0 0.0 0.0 981.0 2410.0 459.0 2.0 40.75810067250866
37 37 38 0.0 0.0 0.0 518.0 6548.0 617.0 17.0 23.654642223536367
37 37 39 0.0 0.0 0.0 425.0 9054.0 630.0 36.0 18.351991191044227
37 37 40 0.0 0.0 0.0 878.0 9051.0 640.0 36.0 17.708517797060384
37 37 41 0.0 0.0 0.0 766.0 10079.0 643.0 53.0 16.35590448151783
37 37 42 0.0 0.0 1.0 868.0 7649.0 612.0 28.0 20.11667672500503
37 37 43 0.0 0.0 0.0 454.0 5990.0 578.0 10.0 25.412960609911053
37 37 44 0.0 0.0 0.0 765.0 1460.0 379.0 1.0 52.15123859191656
37 37 45 0.0 0.0 0.0 39.0 34.0 21.0 0.0 97.84735812133073
37 37 46 0.0 0.0 0.0 1.0 0.0 0.0 0.0 0.0
37 38 35 0.0 0.0 0.0 13.0 88.0 29.0 0.0 96.85230024213075
37 38 36 0.0 0.0 0.0 77.0 1910.0 352.0 0.0 55.340343110127286
37 38 37 0.0 1.0 0.0 268.0 8053.0 642.0 28.0 20.584602717167556
37 38 38 0.0 0.0 0.0 2952.0 7011.0 626.0 40.0 17.616489033735576
37 38 39 0.0 0.0 0.0 1774.0 10427.0 634.0 78.0 14.717786444918683
37 38 40 0.0 0.0 0.0 1059.0 13011.0 639.0 117.0 12.909888974954814
37 38 41 0.0 0.0 1.0 1929.0 11720.0 658.0 90.0 13.320900492873317
37 38 42 0.0 0.0 3.0 1347.0 10688.0 677.0 65.0 14.926487051272481
37 38 43 0.0 0.0 0.0 1812.0 8342.0 645.0 51.0 17.305529116552737
37 38 44 0.0 0.0 0.0 2213.0 1946.0 484.0 1.0 35.3045013239188
37 38 45 0.0 0.0 0.0 71.0 104.0 48.0 0.0 94.74182851729037
37 38 46 0.0 0.0 0.0 1.0 0.0 0.0 0.0 0.0
37 39 35 0.0 0.0 0.0 10.0 157.0 49.0 0.0 94.8316737790422
37 39 36 0.0 0.0 0.0 460.0 2528.0 468.0 1.0 44.454323182929535
37 39 37 0.0 0.0 0.0 512.0 8285.0 627.0 15.0 19.654088050314463
37 39 38 0.0 0.0 1.0 1694.0 9499.0 636.0 61.0 15.917230401910068
37 39 39 0.0 0.0 2.0 2180.0 12161.0 673.0 111.0 12.744535780284204
37 39 40 0.0 0.0 9.0 2706.0 12831.0 657.0 150.0 11.814046901766199
37 39 41 0.0 0.0 1.0 3594.0 11982.0 637.0 154.0 11.788977306218685
37 39 42 0.0 0.0 1.0 4834.0 8924.0 673.0 123.0 13.214403700033037
37 39 43 0.0 0.0 0.0 5589.0 5845.0 649.0 66.0 15.579964166082418
37 39 44 0.0 0.0 0.0 1624.0 3244.0 551.0 6.0 31.600568810238585
37 39 45 0.0 0.0 0.0 114.0 143.0 62.0 0.0 91.61704076958316
37 40 35 0.0 0.0 0.0 27.0 151.0 40.0 0.0 94.2507068803016
37 40 36 0.0 0.0 0.0 1386.0 3317.0 520.0 8.0 32.32062055591467
37 40 37 0.0 0.0 0.0 1174.0 7997.0 621.0 27.0 18.948365703458077
37 40 38 0.0 3.0 3.0 1652.0 11532.0 706.0 101.0 13.790250293042819
37 40 39 0.0 0.0 8.0 3306.0 11717.0 656.0 176.0 12.181751735899622
37 40 40 0.0 0.0 2.0 3241.0 12407.0 676.0 197.0 11.759863585582409
37 40 41 0.0 0.0 2.0 6518.0 8944.0 651.0 175.0 11.86098920649982
37 40 42 0.0 0.0 1.0 7809.0 6061.0 584.0 113.0 13.033561420658195
37 40 43 0.0 0.0 1.0 8804.0 3024.0 653.0 86.0 15.122873345935728
37 40 44 0.0 0.0 0.0 2076.0 2320.0 517.0 5.0 34.09478349812479
37 40 45 0.0 0.0 0.0 126.0 144.0 63.0 0.0 91.53318077803203
37 41 35 0.0 0.0 0.0 20.0 42.0 17.0 0.0 97.94319294809011
37 41 36 0.0 0.0 0.0 670.0 2434.0 467.0 1.0 43.252595155709336
37 41 37 0.0 0.0 0.0 1212.0 7978.0 650.0 31.0 18.934014957871817
37 41 38 0.0 0.0 2.0 1871.0 10350.0 601.0 64.0 14.649868151186638
37 41 39 0.0 0.0 3.0 4157.0 9868.0 659.0 130.0 13.01320840653263
37 41 40 0.0 0.0 4.0 6735.0 8195.0 715.0 152.0 12.32589670898558
37 41 41 0.0 0.0 0.0 5739.0 9278.0 614.0 137.0 12.141816415735793
37 41 42 0.0 0.0 1.0 11405.0 3051.0 625.0 167.0 12.580198767140521
37 41 43 0.0 0.0 0.0 9194.0 1731.0 608.0 78.0 16.181229773462785
37 41 44 0.0 0.0 0.0 2991.0 1194.0 513.0 9.0 35.341933203746244
37 41 45 0.0 0.0 0.0 212.0 90.0 80.0 0.0 90.45680687471733
37 42 35 0.0 0.0 0.0 12.0 228.0 60.0 0.0 91.82736455463728
37 42 36 0.0 0.0 0.0 142.0 1910.0 369.0 1.0 54.6000546000546
37 42 37 0.0 0.0 0.0 3175.0 3531.0 603.0 22.0 24.718823384006917
37 42 38 0.0 0.0 0.0 6385.0 4648.0 597.0 81.0 16.038492381716118
37 42 39 0.0 0.0 1.0 5084.0 7293.0 659.0 78.0 14.543339150668993
37 42 40 0.0 0.0 0.0 5284.0 7370.0 609.0 90.0 14.232849416453174
37 42 41 0.0 0.0 1.0 5507.0 6976.0 625.0 98.0 14.416492467382685
37 42 42 0.0 0.0 0.0 6469.0 5151.0 648.0 69.0 15.371608638844053
37 42 43 0.0 0.0 0.0 3402.0 6180.0 609.0 31.0 18.17355747387551
37 42 44 0.0 0.0 0.0 1331.0 1985.0 481.0 3.0 41.4765657403567
37 42 45 0.0 0.0 0.0 79.0 21.0 25.0 0.0 96.85230024213075
37 43 35 0.0 0.0 0.0 2.0 15.0 3.0 0.0 99.40357852882704
37 43 36 0.0 0.0 0.0 94.0 1217.0 284.0 0.0 66.2251655629139
37 43 37 0.0 0.0 0.0 647.0 2607.0 479.0 0.0 42.069835927639886
37 43 38 0.0 0.0 0.0 2847.0 4504.0 615.0 12.0 22.841480127912288
37 43 39 0.0 0.0 0.0 1817.0 7509.0 621.0 32.0 18.665422305179654
37 43 40 0.0 0.0 0.0 2340.0 6870.0 642.0 45.0 18.860807242549978
37 43 41 0.0 0.0 0.0 4076.0 4490.0 605.0 27.0 20.036064916850332
37 43 42 0.0 0.0 0.0 5358.0 1583.0 575.0 17.0 23.85780746749374
37 43 43 0.0 0.0 0.0 2849.0 3115.0 584.0 16.0 26.975991367682763
37 43 44 0.0 0.0 0.0 2323.0 433.0 440.0 1.0 46.232085067036515
37 43 45 0.0 0.0 0.0 13.0 4.0 5.0 0.0 99.55201592832255
37 44 35 0.0 0.0 0.0 1.0 0.0 0.0 0.0 0.0
37 44 36 0.0 0.0 0.0 99.0 482.0 145.0 0.0 82.33841086867024
37 44 37 0.0 0.0 0.0 975.0 677.0 346.0 0.0 60.60606060606061
37 44 38 0.0 0.0 0.0 687.0 1202.0 330.0 2.0 56.72149744753262
37 44 39 0.0 0.0 0.0 580.0 1992.0 380.0 1.0 47.95013186286262
37 44 40 0.0 0.0 0.0 402.0 2838.0 458.0 4.0 41.94630872483221
37 44 41 0.0 0.0 0.0 503.0 2203.0 429.0 0.0 46.89331770222743
37 44 42 0.0 0.0 0.0 684.0 643.0 269.0 0.0 65.91957811470007
37 44 43 0.0 0.0 0.0 973.0 330.0 263.0 0.0 65.96306068601584
37 44 44 0.0 0.0 0.0 94.0 57.0 39.0 0.0 95.01187648456057
37 44 45 0.0 0.0 0.0 3.0 0.0 0.0 0.0 99.95002498750625
37 45 36 0.0 0.0 0.0 2.0 13.0 2.0 0.0 99.6512207274539
37 45 37 0.0 0.0 0.0 11.0 16.0 5.0 0.0 99.1571641051066
37 45 38 0.0 0.0 0.0 59.0 57.0 31.0 0.0 96.10764055742432
37 45 39 0.0 0.0 0.0 62.0 114.0 47.0 0.0 94.38414346389806
37 45 40 0.0 0.0 0.0 183.0 88.0 66.0 0.0 90.95043201455208
37 45 41 0.0 0.0 0.0 18.0 53.0 18.0 0.0 97.5609756097561
37 45 42 0.0 0.0 0.0 16.0 24.0 9.0 0.0 98.7166831194472
37 45 43 0.0 0.0 0.0 10.0 1.0 3.0 0.0 99.70089730807578
37 45 44 0.0 0.0 0.0 1.0 0.0 0.0 0.0 0.0
38 34 38 0.0 0.0 0.0 0.0 1.0 0.0 0.0 0.0
38 35 35 0.0 0.0 0.0 0.0 2.0 1.0 0.0 99.95002498750625
38 35 36 0.0 0.0 0.0 0.0 10.0 4.0 0.0 99.8003992015968
38 35 37 0.0 0.0 0.0 6.0 58.0 16.0 0.0 97.79951100244499
38 35 38 0.0 0.0 0.0 21.0 117.0 36.0 0.0 95.55661729574773
38 35 39 0.0 0.0 0.0 38.0 171.0 55.0 0.0 93.41429238673517
38 35 40 0.0 0.0 0.0 90.0 155.0 66.0 0.0 92.63547938860584
38 35 41 0.0 0.0 0.0 74.0 243.0 80.0 0.0 90.13068949977468
38 35 42 0.0 0.0 0.0 17.0 131.0 40.0 0.0 95.51098376313277
38 35 43 0.0 0.0 0.0 8.0 132.0 41.0 0.0 95.55661729574773
38 35 44 0.0 0.0 0.0 8.0 32.0 8.0 0.0 98.66798223976319
38 36 35 0.0 0.0 0.0 0.0 24.0 7.0 0.0 99.25558312655086
38 36 36 0.0 0.0 0.0 176.0 630.0 186.0 0.0 76.4525993883792
38 36 37 0.0 0.0 0.0 550.0 1656.0 401.0 0.0 53.00821627352239
38 36 38 0.0 0.0 0.0 214.0 3269.0 465.0 2.0 40.00800160032006
38 36 39 0.0 0.0 0.0 715.0 4373.0 535.0 6.0 30.553009471432937
38 36 40 0.0 0.0 0.0 787.0 3870.0 495.0 6.0 32.56798567008631
38 36 41 0.0 0.0 0.0 1387.0 4026.0 577.0 7.0 29.291154071470416
38 36 42 0.0 0.0 0.0 509.0 4779.0 545.0 6.0 29.67799376762131
38 36 43 0.0 0.0 0.0 742.0 2058.0 399.0 1.0 45.59963520291838
38 36 44 0.0 0.0 0.0 106.0 855.0 209.0 0.0 73.20644216691068
38 36 45 0.0 0.0 0.0 32.0 53.0 25.0 0.0 97.22897423432183
38 37 34 0.0 0.0 0.0 0.0 1.0 0.0 0.0 0.0
38 37 35 0.0 0.0 0.0 1.0 140.0 36.0 0.0 95.28346831824678
38 37 36 0.0 0.0 0.0 55.0 3224.0 442.0 1.0 41.4765657403567
38 37 37 0.0 0.0 0.0 346.0 7529.0 630.0 25.0 21.53547970281038
38 37 38 0.0 0.0 0.0 1300.0 8994.0 649.0 42.0 17.126220243192325
38 37 39 0.0 0.0 0.0 1064.0 11564.0 650.0 74.0 14.285714285714286
38 37 40 0.0 0.0 1.0 1058.0 11772.0 614.0 88.0 14.015416958654521
38 37 41 0.0 0.0 0.0 946.0 12629.0 648.0 92.0 13.37613697164259
38 37 42 0.0 0.0 0.0 2168.0 11069.0 666.0 100.0 13.69206544807284
38 37 43 0.0 0.0 0.0 1379.0 8283.0 661.0 47.0 18.143880976140796
38 37 44 0.0 0.0 0.0 478.0 3849.0 504.0 3.0 34.317089910775564
38 37 45 0.0 0.0 0.0 72.0 107.0 41.0 0.0 93.94081728511038
38 38 35 0.0 0.0 0.0 42.0 287.0 83.0 0.0 89.44543828264757
38 38 36 0.0 0.0 0.0 131.0 3867.0 528.0 0.0 36.63674665689687
38 38 37 0.0 0.0 0.0 834.0 9390.0 642.0 39.0 17.274140611504578
38 38 38 0.0 6.0 1.0 2744.0 13347.0 682.0 166.0 11.453441759248655
38 38 39 0.0 0.0 6.0 1689.0 17261.0 670.0 298.0 9.82607841210573
38 38 40 0.0 5.0 11.0 2438.0 17520.0 652.0 342.0 9.334453467749462
38 38 41 0.0 1.0 9.0 2101.0 18640.0 701.0 373.0 9.034239768723461
38 38 42 0.0 0.0 17.0 3612.0 14921.0 663.0 276.0 10.012014417300762
38 38 43 0.0 0.0 1.0 3939.0 8638.0 664.0 93.0 14.31536754706177
38 38 44 0.0 0.0 1.0 2222.0 2917.0 530.0 9.0 30.293850348379276
38 38 45 0.0 0.0 0.0 327.0 127.0 105.0 0.0 86.05851979345955
38 38 46 0.0 0.0 0.0 1.0 0.0 0.0 0.0 0.0
38 39 35 0.0 0.0 0.0 47.0 287.0 92.0 0.0 89.8876404494382
38 39 36 0.0 0.0 0.0 981.0 4303.0 580.0 7.0 29.85965959988056
38 39 37 0.0 0.0 0.0 1172.0 11615.0 634.0 73.0 14.128284826222096
38 39 38 0.0 7.0 6.0 1429.0 17891.0 671.0 303.0 9.63855421686747
38 39 39 0.0 1.0 28.0 3322.0 18275.0 672.0 373.0 8.711560240439061
38 39 40 0.0 5.0 54.0 4321.0 19532.0 707.0 569.0 7.903888713246917
38 39 41 0.0 1.0 22.0 3592.0 19485.0 666.0 522.0 8.155609020103576
38 39 42 0.0 1.0 17.0 8061.0 12874.0 657.0 428.0 8.939346533768381
38 39 43 0.0 0.0 1.0 6753.0 6932.0 618.0 136.0 13.269639065817408
38 39 44 0.0 0.0 1.0 4535.0 2340.0 601.0 18.0 24.093482712926154
38 39 45 0.0 0.0 0.0 228.0 516.0 173.0 0.0 78.27788649706457
38 39 46 0.0 0.0 0.0 1.0 0.0 0.0 0.0 0.0
38 40 35 0.0 0.0 0.0 53.0 232.0 77.0 0.0 91.28251939753538
38 40 36 0.0 0.0 0.0 1052.0 3986.0 558.0 6.0 30.878493129535276
38 40 37 0.0 0.0 0.0 3463.0 9666.0 687.0 100.0 13.815971262779772
38 40 38 0.0 1.0 7.0 3005.0 16519.0 642.0 333.0 9.549730220121281
38 40 39 1.0 8.0 111.0 4096.0 19731.0 778.0 460.0 7.94502045842768
38 40 40 0.0 2.0 32.0 7305.0 16845.0 659.0 578.0 7.8100593564511085
38 40 41 0.0 0.0 43.0 7851.0 15452.0 670.0 592.0 8.090942190218051
38 40 42 0.0 0.0 18.0 14146.0 7227.0 641.0 518.0 8.769622029290538
38 40 43 0.0 0.0 1.0 5985.0 7522.0 674.0 115.0 13.46166790065289
38 40 44 0.0 0.0 0.0 3189.0 2497.0 558.0 10.0 28.20874471086037
38 40 45 0.0 0.0 0.0 211.0 188.0 84.0 0.0 87.60402978537013
38 41 35 0.0 0.0 0.0 65.0 141.0 57.0 0.0 93.54536950420955
38 41 36 0.0 0.0 0.0 853.0 4368.0 558.0 4.0 30.043563166591557
38 41 37 0.0 0.0 0.0 1935.0 10764.0 678.0 115.0 14.226774790155073
38 41 38 0.0 0.0 4.0 5048.0 13945.0 641.0 325.0 9.787608887148869
38 41 39 0.0 5.0 18.0 3797.0 18429.0 670.0 495.0 8.451299387280795
38 41 40 0.0 0.0 17.0 10348.0 12448.0 666.0 576.0 8.254911672445104
38 41 41 0.0 14.0 28.0 10609.0 11200.0 685.0 541.0 8.599931200550396
38 41 42 0.0 5.0 5.0 13804.0 6563.0 717.0 517.0 9.167583425009168
38 41 43 0.0 0.0 3.0 8116.0 4997.0 625.0 117.0 13.757050488375292
38 41 44 0.0 0.0 0.0 2735.0 3193.0 606.0 10.0 27.314941272876265
38 41 45 0.0 0.0 0.0 146.0 296.0 116.0 0.0 86.76789587852494
38 41 46 0.0 0.0 0.0 1.0 0.0 0.0 0.0 0.0
38 42 35 0.0 0.0 0.0 39.0 137.0 42.0 0.0 94.2507068803016
38 42 36 0.0 0.0 0.0 759.0 3569.0 536.0 5.0 34.61405330564209
38 42 37 0.0 0.0 0.0 2287.0 8969.0 598.0 52.0 15.756716300323014
38 42 38 0.0 1.0 3.0 3199.0 13313.0 622.0 196.0 11.142061281337046
38 42 39 0.0 2.0 2.0 8938.0 10443.0 663.0 359.0 9.597850081581726
38 42 40 0.0 9.0 14.0 6287.0 13179.0 721.0 355.0 9.603380389897243
38 42 41 0.0 4.0 3.0 10367.0 8461.0 697.0 378.0 9.883864591055103
38 42 42 0.0 7.0 8.0 10729.0 5608.0 684.0 235.0 11.286044805597879
38 42 43 0.0 0.0 0.0 8476.0 3221.0 605.0 90.0 15.211439002129602
38 42 44 0.0 0.0 0.0 1998.0 1694.0 480.0 1.0 38.65481252415926
38 42 45 0.0 0.0 0.0 94.0 74.0 45.0 0.0 94.74182851729037
38 43 35 0.0 0.0 0.0 22.0 36.0 11.0 0.0 97.94319294809011
38 43 36 0.0 0.0 0.0 413.0 1797.0 348.0 0.0 52.12405525149857
38 43 37 0.0 1.0 0.0 759.0 8082.0 622.0 28.0 19.438235008261252
38 43 38 0.0 0.0 0.0 4500.0 6815.0 622.0 54.0 15.704750687082843
38 43 39 0.0 0.0 0.0 4046.0 8633.0 652.0 80.0 14.223739421093805
38 43 40 0.0 0.0 2.0 3631.0 8666.0 665.0 83.0 14.633789419770249
38 43 41 0.0 0.0 0.0 2990.0 8916.0 627.0 80.0 15.018397536982803
38 43 42 0.0 1.0 1.0 5512.0 4585.0 680.0 52.0 17.49934377460845
38 43 43 0.0 0.0 0.0 1740.0 5995.0 631.0 23.0 21.941854086670322
38 43 44 0.0 0.0 0.0 1799.0 537.0 366.0 1.0 50.607287449392715
38 43 45 0.0 0.0 0.0 29.0 22.0 17.0 0.0 98.61932938856016
38 44 35 0.0 0.0 0.0 1.0 2.0 0.0 0.0 99.95002498750625
38 44 36 0.0 0.0 0.0 267.0 502.0 202.0 0.0 78.36990595611285
38 44 37 0.0 0.0 0.0 1160.0 1842.0 434.0 1.0 43.7636761487965
38 44 38 0.0 0.0 0.0 2781.0 3110.0 577.0 12.0 27.3224043715847
38 44 39 0.0 0.0 0.0 1089.0 3763.0 560.0 8.0 31.766200762388817
38 44 40 0.0 0.0 0.0 2111.0 3257.0 559.0 7.0 29.403116730373416
38 44 41 0.0 0.0 0.0 1834.0 2671.0 524.0 8.0 33.56267830172848
38 44 42 0.0 0.0 0.0 1195.0 1433.0 422.0 1.0 47.698545194371576
38 44 43 0.0 0.0 0.0 1347.0 317.0 298.0 0.0 59.82650314089142
38 44 44 0.0 0.0 0.0 818.0 130.0 221.0 0.0 73.52941176470588
38 44 45 0.0 0.0 0.0 8.0 14.0 6.0 0.0 99.35419771485346
38 45 35 0.0 0.0 0.0 0.0 5.0 1.0 0.0 99.85022466300549
38 45 36 0.0 0.0 0.0 4.0 12.0 3.0 0.0 99.50248756218906
38 45 37 0.0 0.0 0.0 47.0 70.0 26.0 0.0 96.01536245799328
38 45 38 0.0 0.0 0.0 70.0 136.0 52.0 0.0 93.45794392523364
38 45 39 0.0 0.0 0.0 254.0 145.0 103.0 0.0 87.527352297593
38 45 40 0.0 0.0 0.0 71.0 180.0 58.0 0.0 91.65902841429882
38 45 41 0.0 0.0 0.0 94.0 122.0 56.0 0.0 92.80742459396753
38 45 42 0.0 0.0 0.0 18.0 37.0 12.0 0.0 98.32841691248773
38 45 43 0.0 0.0 0.0 11.0 2.0 3.0 0.0 99.6512207274539
38 45 44 0.0 0.0 0.0 22.0 1.0 4.0 0.0 99.2063492063492
38 45 45 0.0 0.0 0.0 2.0 0.0 1.0 0.0 99.95002498750625
38 46 39 0.0 0.0 0.0 1.0 0.0 0.0 0.0 99.95002498750625
38 46 41 0.0 0.0 0.0 4.0 0.0 2.0 0.0 99.90009990009992
39 34 42 0.0 0.0 0.0 0.0 3.0 1.0 0.0 99.90009990009992
39 35 35 0.0 0.0 0.0 0.0 1.0 0.0 0.0 99.95002498750625
39 35 36 0.0 0.0 0.0 4.0 23.0 9.0 0.0 99.1571641051066
39 35 37 0.0 0.0 0.0 28.0 87.0 32.0 0.0 96.33911368015414
39 35 38 0.0 0.0 0.0 67.0 128.0 45.0 0.0 93.50163627863486
39 35 39 0.0 0.0 0.0 282.0 304.0 140.0 0.0 82.44023083264632
39 35 40 0.0 0.0 0.0 103.0 360.0 120.0 1.0 85.9106529209622
39 35 41 0.0 0.0 0.0 60.0 354.0 98.0 0.0 87.4125874125874
39 35 42 0.0 0.0 0.0 42.0 345.0 103.0 0.0 88.18342151675486
39 35 43 0.0 0.0 0.0 43.0 123.0 44.0 0.0 94.74182851729037
39 35 44 0.0 0.0 0.0 9.0 44.0 11.0 0.0 98.28009828009827
39 35 45 0.0 0.0 0.0 1.0 2.0 0.0 0.0 99.95002498750625
39 36 35 0.0 0.0 0.0 0.0 17.0 4.0 0.0 99.60159362549801
39 36 36 0.0 0.0 0.0 170.0 741.0 177.0 0.0 73.69196757553426
39 36 37 0.0 0.0 0.0 222.0 2948.0 453.0 1.0 42.417815482502654
39 36 38 0.0 0.0 0.0 871.0 3830.0 546.0 6.0 32.56798567008631
39 36 39 0.0 0.0 1.0 797.0 4437.0 588.0 7.0 30.243459851807046
39 36 40 0.0 0.0 0.0 2679.0 3810.0 572.0 10.0 25.29724260055654
39 36 41 0.0 0.0 0.0 786.0 5338.0 587.0 9.0 26.63825253063399
39 36 42 0.0 0.0 0.0 1721.0 3986.0 553.0 6.0 28.078056998455708
39 36 43 0.0 0.0 0.0 807.0 3229.0 488.0 0.0 36.094567767550984
39 36 44 0.0 0.0 0.0 143.0 1254.0 275.0 0.0 64.55777921239509
39 36 45 0.0 0.0 0.0 32.0 46.0 17.0 0.0 97.51340809361287
39 37 35 0.0 0.0 0.0 3.0 113.0 25.0 0.0 96.15384615384615
39 37 36 0.0 0.0 0.0 136.0 3644.0 506.0 3.0 37.9794910748196
39 37 37 0.0 0.0 0.0 387.0 8692.0 636.0 29.0 19.10219675262655
39 37 38 0.0 0.0 0.0 1052.0 10699.0 618.0 62.0 15.188335358444712
39 37 39 0.0 0.0 2.0 2213.0 11800.0 648.0 101.0 12.994607237996231
39 37 40 0.0 0.0 0.0 3516.0 10936.0 669.0 128.0 12.670256572695598
39 37 41 0.0 0.0 8.0 2712.0 12038.0 651.0 124.0 12.386201771226855
39 37 42 0.0 0.0 1.0 2124.0 11497.0 655.0 86.0 13.36809036829089
39 37 43 0.0 0.0 0.0 2785.0 7941.0 650.0 46.0 16.51391297167864
39 37 44 0.0 0.0 1.0 2708.0 2816.0 544.0 12.0 28.600028600028597
39 37 45 0.0 0.0 0.0 118.0 387.0 137.0 0.0 84.7816871555744
39 37 46 0.0 0.0 0.0 1.0 0.0 0.0 0.0 99.95002498750625
39 38 35 0.0 0.0 0.0 34.0 181.0 56.0 0.0 93.0232558139535
39 38 36 0.0 0.0 0.0 782.0 3931.0 494.0 2.0 32.29452607782981
39 38 37 0.0 0.0 0.0 1526.0 11975.0 656.0 100.0 13.419216317767042
39 38 38 0.0 2.0 2.0 2047.0 17332.0 632.0 306.0 9.625102266711584
39 38 39 0.0 3.0 3.0 3856.0 17850.0 678.0 438.0 8.659883091578264
39 38 40 0.0 2.0 26.0 2663.0 20180.0 655.0 451.0 8.262755629002271
39 38 41 0.0 1.0 16.0 3127.0 19948.0 649.0 519.0 8.150623522699487
39 38 42 0.0 2.0 16.0 4211.0 17252.0 630.0 461.0 8.705114254624592
39 38 43 0.0 1.0 0.0 2196.0 12260.0 623.0 122.0 12.583364791745312
39 38 44 0.0 0.0 0.0 2866.0 3828.0 599.0 17.0 24.77086945751796
39 38 45 0.0 0.0 0.0 598.0 245.0 198.0 0.0 76.07455306200076
39 39 34 0.0 0.0 0.0 0.0 1.0 0.0 0.0 0.0
39 39 35 0.0 0.0 0.0 89.0 283.0 85.0 0.0 88.261253309797
39 39 36 0.0 0.0 0.0 1827.0 4563.0 606.0 7.0 25.70694087403599
39 39 37 0.0 1.0 0.0 1356.0 13535.0 640.0 128.0 12.251148545176108
39 39 38 1.0 2.0 18.0 2679.0 19984.0 682.0 486.0 8.305647840531561
39 39 39 0.0 106.0 94.0 6811.0 23436.0 868.0 1150.0 6.296832693155343
39 39 40 1.0 36.0 159.0 6513.0 25442.0 837.0 1315.0 5.975321920468464
39 39 41 2.0 33.0 287.0 4298.0 29649.0 904.0 1519.0 5.619713956559611
39 39 42 0.0 1.0 22.0 4892.0 18661.0 646.0 566.0 8.010894816951053
39 39 43 0.0 2.0 6.0 4599.0 10508.0 676.0 170.0 12.190661952944046
39 39 44 0.0 0.0 0.0 2362.0 3993.0 595.0 13.0 25.76323586242432
39 39 45 0.0 0.0 0.0 445.0 242.0 165.0 0.0 79.93605115907275
39 39 46 0.0 0.0 0.0 2.0 0.0 0.0 0.0 0.0
39 40 35 0.0 0.0 0.0 263.0 269.0 124.0 0.0 83.57709987463436
39 40 36 0.0 0.0 0.0 1789.0 4542.0 552.0 11.0 25.783163594173004
39 40 37 0.0 0.0 1.0 3729.0 11026.0 649.0 141.0 12.406178276781835
39 40 38 0.0 1.0 16.0 5107.0 17607.0 659.0 510.0 8.291530201898759
39 40 39 1.0 56.0 216.0 5629.0 27551.0 866.0 1439.0 5.742011426602739
39 40 40 0.0 64.0 298.0 9936.0 25965.0 988.0 1750.0 5.343593031954687
39 40 41 0.0 32.0 117.0 15879.0 15253.0 776.0 1614.0 6.139300733646438
39 40 42 1.0 4.0 35.0 7751.0 15488.0 690.0 567.0 8.123146907111815
39 40 43 0.0 0.0 5.0 8025.0 7336.0 661.0 172.0 11.936735302894656
39 40 44 0.0 0.0 1.0 2496.0 4246.0 544.0 14.0 24.4140625
39 40 45 0.0 0.0 0.0 242.0 350.0 133.0 0.0 82.33841086867024
39 41 34 0.0 0.0 0.0 3.0 0.0 1.0 0.0 99.95002498750625
39 41 35 0.0 0.0 0.0 184.0 286.0 121.0 0.0 86.05851979345955
39 41 36 0.0 0.0 0.0 1735.0 4225.0 590.0 10.0 27.14072465734835
39 41 37 0.0 0.0 1.0 3217.0 11116.0 659.0 106.0 12.723455690565558
39 41 38 0.0 0.0 15.0 7688.0 15217.0 712.0 559.0 8.238250195658441
39 41 39 0.0 30.0 110.0 5679.0 24042.0 772.0 1130.0 6.406765544414902
39 41 40 0.0 66.0 161.0 9831.0 22321.0 833.0 1516.0 5.934894210510698
39 41 41 2.0 72.0 171.0 11663.0 19700.0 833.0 1401.0 6.071645415907711
39 41 42 1.0 15.0 50.0 14512.0 7897.0 698.0 640.0 8.385392646010649
39 41 43 0.0 0.0 8.0 7518.0 6792.0 697.0 134.0 12.775471095496645
39 41 44 0.0 0.0 0.0 3453.0 2348.0 539.0 17.0 27.616680475006905
39 41 45 0.0 0.0 0.0 164.0 284.0 101.0 0.0 86.05851979345955
39 41 46 0.0 0.0 0.0 0.0 2.0 1.0 0.0 99.95002498750625
39 42 35 0.0 0.0 0.0 139.0 98.0 53.0 0.0 91.99632014719411
39 42 36 0.0 0.0 0.0 2870.0 2397.0 567.0 5.0 29.944602485402005
39 42 37 0.0 0.0 0.0 3811.0 8557.0 649.0 81.0 14.579384749963552
39 42 38 0.0 2.0 4.0 4938.0 14735.0 633.0 364.0 9.477325498744253
39 42 39 0.0 1.0 7.0 5069.0 16980.0 658.0 442.0 8.526239502067613
39 42 40 1.0 0.0 22.0 6036.0 16436.0 691.0 488.0 8.38117587897582
39 42 41 3.0 33.0 125.0 6945.0 17028.0 822.0 536.0 7.891725525786213
39 42 42 1.0 0.0 8.0 11683.0 7073.0 649.0 333.0 9.907366126715212
39 42 43 0.0 0.0 1.0 7557.0 5276.0 667.0 95.0 14.079549454417458
39 42 44 0.0 0.0 0.0 2574.0 1834.0 495.0 2.0 33.990482664853836
39 42 45 0.0 0.0 0.0 219.0 144.0 95.0 0.0 88.73114463176574
39 43 35 0.0 0.0 0.0 63.0 62.0 31.0 0.0 96.10764055742432
39 43 36 0.0 0.0 0.0 723.0 2588.0 441.0 3.0 41.23711340206186
39 43 37 0.0 0.0 0.0 3340.0 6483.0 647.0 50.0 17.877893984088676
39 43 38 0.0 0.0 0.0 4066.0 8796.0 661.0 96.0 14.05678942929435
39 43 39 0.0 0.0 0.0 4401.0 9678.0 665.0 112.0 12.953367875647668
39 43 40 0.0 0.0 0.0 5059.0 9639.0 629.0 156.0 12.420817289777666
39 43 41 0.0 1.0 4.0 3956.0 9517.0 674.0 113.0 13.49527665317139
39 43 42 0.0 1.0 1.0 6170.0 5053.0 630.0 77.0 15.86420242722297
39 43 43 0.0 0.0 0.0 7634.0 1413.0 638.0 39.0 19.155253328225264
39 43 44 0.0 0.0 0.0 2022.0 1559.0 506.0 3.0 39.58828186856691
39 43 45 0.0 0.0 0.0 66.0 34.0 26.0 0.0 96.75858732462505
39 44 35 0.0 0.0 0.0 8.0 31.0 10.0 0.0 98.81422924901186
39 44 36 0.0 0.0 0.0 511.0 959.0 299.0 0.0 63.51222610352493
39 44 37 0.0 0.0 0.0 1752.0 1326.0 468.0 1.0 43.56349379220213
39 44 38 0.0 0.0 0.0 1593.0 2927.0 514.0 0.0 33.38340844600234
39 44 39 0.0 0.0 0.0 2279.0 3666.0 601.0 10.0 27.296301351166917
39 44 40 0.0 0.0 0.0 2083.0 3716.0 564.0 7.0 27.689325764917626
39 44 41 0.0 0.0 0.0 1797.0 3519.0 554.0 7.0 29.72209838014564
39 44 42 0.0 0.0 0.0 2101.0 1980.0 463.0 9.0 35.68242640499554
39 44 43 0.0 0.0 0.0 2245.0 633.0 444.0 0.0 45.21817770743839
39 44 44 0.0 0.0 0.0 587.0 91.0 170.0 0.0 80.28904054596548
39 44 45 0.0 0.0 0.0 12.0 9.0 8.0 0.0 99.45300845350572
39 45 35 0.0 0.0 0.0 11.0 2.0 4.0 0.0 99.55201592832255
39 45 36 0.0 0.0 0.0 12.0 10.0 4.0 0.0 99.30486593843099
39 45 37 0.0 0.0 0.0 62.0 114.0 53.0 0.0 94.65215333648841
39 45 38 0.0 0.0 0.0 198.0 149.0 83.0 0.0 89.00756564307967
39 45 39 0.0 0.0 0.0 233.0 277.0 125.0 0.0 84.56659619450316
39 45 40 0.0 0.0 0.0 170.0 153.0 84.0 0.0 90.25270758122743
39 45 41 0.0 0.0 0.0 167.0 200.0 100.0 0.0 88.8494002665482
39 45 42 0.0 0.0 0.0 57.0 48.0 21.0 0.0 96.4785335262904
39 45 43 0.0 0.0 0.0 63.0 9.0 16.0 0.0 97.8952520802741
39 45 44 0.0 0.0 0.0 9.0 0.0 1.0 0.0 99.70089730807578
40 34 38 0.0 0.0 0.0 0.0 1.0 0.0 0.0 0.0
40 34 39 0.0 0.0 0.0 1.0 0.0 0.0 0.0 99.95002498750625
40 35 35 0.0 0.0 0.0 0.0 1.0 0.0 0.0 99.95002498750625
40 35 36 0.0 0.0 0.0 6.0 38.0 10.0 0.0 98.61932938856016
40 35 37 0.0 0.0 0.0 9.0 238.0 65.0 0.0 92.25092250922509
40 35 38 0.0 0.0 0.0 109.0 209.0 80.0 0.0 89.72633467922834
40 35 39 0.0 0.0 0.0 125.0 340.0 117.0 0.0 86.13264427217915
40 35 40 0.0 0.0 0.0 81.0 611.0 166.0 0.0 79.80845969672785
40 35 41 0.0 0.0 0.0 183.0 460.0 146.0 0.0 80.67769261799113
40 35 42 0.0 0.0 0.0 78.0 354.0 113.0 0.0 86.9943453675511
40 35 43 0.0 0.0 0.0 30.0 102.0 30.0 0.0 95.51098376313277
40 35 44 0.0 0.0 0.0 4.0 18.0 5.0 0.0 99.40357852882704
40 35 45 0.0 0.0 0.0 2.0 2.0 1.0 0.0 99.90009990009992
40 36 35 0.0 0.0 0.0 0.0 61.0 17.0 0.0 97.84735812133073
40 36 36 0.0 0.0 0.0 46.0 1503.0 305.0 0.0 61.88118811881188
40 36 37 0.0 0.0 0.0 775.0 3019.0 474.0 2.0 37.79289493575208
40 36 38 0.0 0.0 0.0 1157.0 3850.0 538.0 9.0 31.02699348433137
40 36 39 0.0 0.0 0.0 1260.0 4490.0 540.0 9.0 27.831895352073477
40 36 40 0.0 0.0 0.0 1420.0 5567.0 561.0 16.0 23.778385447628104
40 36 41 0.0 0.0 0.0 1131.0 5843.0 583.0 16.0 23.900573613766728
40 36 42 0.0 0.0 0.0 1044.0 4751.0 564.0 6.0 27.770063871146903
40 36 43 0.0 0.0 0.0 437.0 3822.0 535.0 4.0 34.983382893125764
40 36 44 0.0 0.0 0.0 524.0 1342.0 353.0 0.0 56.94760820045558
40 36 45 0.0 0.0 0.0 5.0 37.0 9.0 0.0 98.86307464162135
40 37 35 0.0 0.0 0.0 27.0 116.0 38.0 0.0 95.55661729574773
40 37 36 0.0 0.0 0.0 254.0 3666.0 476.0 2.0 36.866359447004605
40 37 37 0.0 0.0 0.0 1171.0 8437.0 610.0 23.0 18.175209014903672
40 37 38 0.0 0.0 0.0 2829.0 10399.0 650.0 107.0 13.702384214853385
40 37 39 0.0 0.0 4.0 2473.0 12311.0 667.0 143.0 12.390806021931729
40 37 40 0.0 0.0 8.0 3501.0 11720.0 627.0 138.0 12.000480019200769
40 37 41 0.0 4.0 5.0 2608.0 12593.0 713.0 129.0 12.0598166907863
40 37 42 0.0 0.0 4.0 2968.0 10798.0 654.0 130.0 13.216150135465538
40 37 43 0.0 1.0 0.0 1857.0 8662.0 641.0 56.0 16.767270288397047
40 37 44 0.0 0.0 0.0 794.0 2579.0 457.0 1.0 40.93327875562832
40 37 45 0.0 0.0 0.0 154.0 172.0 81.0 0.0 89.40545373267769
40 37 46 0.0 0.0 0.0 0.0 1.0 0.0 0.0 99.95002498750625
40 38 35 0.0 0.0 0.0 82.0 258.0 86.0 0.0 89.28571428571428
40 38 36 0.0 0.0 0.0 400.0 5807.0 604.0 13.0 26.353933324548688
40 38 37 0.0 0.0 1.0 1558.0 11995.0 643.0 95.0 13.371665440930668
40 38 38 0.0 1.0 13.0 2165.0 18520.0 641.0 408.0 9.036280666877513
40 38 39 0.0 6.0 24.0 4475.0 17849.0 652.0 445.0 8.41007527017367
40 38 40 0.0 16.0 38.0 4950.0 19230.0 697.0 615.0 7.810364353497091
40 38 41 0.0 10.0 39.0 4298.0 19185.0 695.0 546.0 8.04052424218059
40 38 42 3.0 34.0 93.0 7635.0 14053.0 772.0 461.0 8.634087376964255
40 38 43 1.0 0.0 32.0 2863.0 10941.0 737.0 131.0 13.18652337311268
40 38 44 0.0 0.0 0.0 1773.0 4338.0 575.0 13.0 26.549847338377802
40 38 45 0.0 0.0 0.0 80.0 270.0 89.0 0.0 89.32559178204556
40 39 34 0.0 0.0 0.0 1.0 0.0 0.0 0.0 0.0
40 39 35 0.0 0.0 0.0 146.0 373.0 125.0 0.0 84.28150021070374
40 39 36 0.0 0.0 0.0 1543.0 4667.0 554.0 9.0 26.18143736091111
40 39 37 0.0 1.0 1.0 3465.0 11406.0 682.0 121.0 12.355593995181318
40 39 38 0.0 7.0 23.0 2485.0 20978.0 684.0 546.0 8.037293039704227
40 39 39 0.0 63.0 172.0 6400.0 26213.0 862.0 1412.0 5.865446653762684
40 39 40 2.0 76.0 197.0 6957.0 26808.0 887.0 1501.0 5.6735979121159685
40 39 41 4.0 55.0 204.0 8812.0 23975.0 898.0 1506.0 5.8372004786504395
40 39 42 0.0 0.0 37.0 6595.0 16801.0 727.0 563.0 8.062565508344756
40 39 43 0.0 0.0 2.0 4066.0 11352.0 673.0 155.0 11.909015124449208
40 39 44 0.0 0.0 2.0 2854.0 4159.0 610.0 12.0 23.85780746749374
40 39 45 0.0 0.0 0.0 178.0 678.0 188.0 0.0 75.35795026375283
40 39 46 0.0 0.0 0.0 1.0 1.0 0.0 0.0 0.0
40 40 34 0.0 0.0 0.0 1.0 0.0 0.0 0.0 0.0
40 40 35 0.0 0.0 0.0 281.0 523.0 180.0 0.0 76.74597083653109
40 40 36 0.0 0.0 0.0 1908.0 4873.0 620.0 12.0 24.603272235207278
40 40 37 0.0 0.0 0.0 4076.0 11694.0 687.0 161.0 11.686338670094658
40 40 38 0.0 5.0 31.0 6373.0 17598.0 655.0 655.0 7.863180656575585
40 40 39 0.0 82.0 196.0 7626.0 26581.0 905.0 1555.0 5.605066980550418
40 40 40 10.0 859.0 1646.0 20845.0 48228.0 1880.0 10077.0 2.738300610641036
40 40 41 1.0 124.0 335.0 11342.0 24816.0 1019.0 1760.0 5.2901655821827225
40 40 42 1.0 2.0 71.0 7547.0 17369.0 717.0 612.0 7.590708972218006
40 40 43 0.0 3.0 13.0 6039.0 9238.0 677.0 143.0 12.058362474375981
40 40 44 0.0 0.0 0.0 1900.0 4843.0 593.0 19.0 24.53084754078253
40 40 45 0.0 0.0 0.0 363.0 328.0 182.0 0.0 80.54772452678212
40 40 46 0.0 0.0 0.0 1.0 0.0 0.0 0.0 0.0
40 41 35 0.0 0.0 0.0 196.0 357.0 131.0 1.0 83.33333333333334
40 41 36 0.0 0.0 0.0 1902.0 4712.0 556.0 5.0 24.888003982080633
40 41 37 1.0 0.0 1.0 5102.0 10068.0 673.0 136.0 12.099945550245025
40 41 38 0.0 6.0 14.0 6529.0 16314.0 669.0 541.0 8.246402506906362
40 41 39 0.0 24.0 107.0 13194.0 17879.0 749.0 1506.0 6.1364752086401575
40 41 40 1.0 48.0 172.0 9604.0 24510.0 802.0 1619.0 5.609154139555756
40 41 41 1.0 56.0 242.0 10839.0 21558.0 889.0 1335.0 5.880623346074684
40 41 42 0.0 6.0 31.0 10250.0 12558.0 698.0 572.0 8.25388964549544
40 41 43 0.0 0.0 5.0 6419.0 7649.0 647.0 118.0 12.924906294429364
40 41 44 0.0 0.0 0.0 3064.0 3663.0 595.0 20.0 24.597220514081908
40 41 45 0.0 0.0 0.0 211.0 268.0 111.0 0.0 85.50662676357418
40 42 35 0.0 0.0 0.0 154.0 566.0 163.0 0.0 78.77116975187081
40 42 36 0.0 0.0 0.0 2874.0 2900.0 563.0 14.0 27.820280984837947
40 42 37 0.0 0.0 0.0 3232.0 10025.0 608.0 97.0 13.616557734204793
40 42 38 0.0 0.0 6.0 11626.0 7815.0 650.0 375.0 9.572584119082945
40 42 39 0.0 2.0 24.0 12642.0 10254.0 681.0 628.0 8.21422704123542
40 42 40 0.0 3.0 36.0 6988.0 16750.0 702.0 619.0 7.970032677133976
40 42 41 0.0 4.0 35.0 8421.0 14127.0 665.0 514.0 8.338197281747686
40 42 42 1.0 3.0 26.0 12286.0 6709.0 675.0 379.0 9.798157946306095
40 42 43 0.0 0.0 2.0 7782.0 5280.0 637.0 114.0 13.851374748943833
40 42 44 0.0 0.0 0.0 3619.0 1921.0 542.0 7.0 28.6368843069874
40 42 45 0.0 0.0 0.0 126.0 127.0 51.0 0.0 91.40767824497257
40 43 35 0.0 0.0 0.0 136.0 100.0 63.0 0.0 92.46417013407306
40 43 36 0.0 0.0 0.0 1919.0 2063.0 475.0 3.0 36.29764065335753
40 43 37 0.0 0.0 0.0 4604.0 6136.0 678.0 66.0 16.522098306484924
40 43 38 0.0 0.0 0.0 6515.0 6312.0 658.0 114.0 14.08252358822701
40 43 39 0.0 0.0 0.0 5372.0 9346.0 667.0 136.0 12.44167962674961
40 43 40 0.0 0.0 2.0 6130.0 8810.0 637.0 162.0 12.22643354933366
40 43 41 0.0 0.0 8.0 6929.0 7590.0 651.0 137.0 12.575452716297788
40 43 42 0.0 0.0 2.0 6823.0 5762.0 643.0 91.0 14.310246136233543
40 43 43 0.0 0.0 0.0 8488.0 2058.0 661.0 67.0 16.718214494691967
40 43 44 0.0 0.0 0.0 3082.0 806.0 513.0 2.0 37.34129947722181
40 43 45 0.0 0.0 0.0 231.0 21.0 79.0 0.0 92.59259259259258
40 43 46 0.0 0.0 0.0 0.0 1.0 0.0 0.0 99.95002498750625
40 44 35 0.0 0.0 0.0 21.0 23.0 11.0 0.0 98.7166831194472
40 44 36 0.0 0.0 0.0 951.0 820.0 328.0 0.0 58.17335660267598
40 44 37 0.0 0.0 0.0 1380.0 2870.0 490.0 5.0 34.71619510501649
40 44 38 0.0 0.0 0.0 3706.0 1942.0 549.0 7.0 28.268551236749115
40 44 39 0.0 0.0 0.0 3176.0 3209.0 566.0 5.0 25.63773875144212
40 44 40 0.0 0.0 0.0 2608.0 3616.0 581.0 12.0 26.167735182519955
40 44 41 0.0 0.0 0.0 2768.0 2875.0 565.0 10.0 28.316579357213648
40 44 42 0.0 0.0 0.0 2951.0 1560.0 490.0 5.0 33.38340844600234
40 44 43 0.0 0.0 0.0 1895.0 785.0 406.0 3.0 46.87133817670495
40 44 44 0.0 0.0 0.0 1480.0 165.0 316.0 0.0 60.27727546714888
40 44 45 0.0 0.0 0.0 21.0 8.0 9.0 0.0 99.2063492063492
40 45 35 0.0 0.0 0.0 5.0 8.0 3.0 0.0 99.60159362549801
40 45 36 0.0 0.0 0.0 5.0 20.0 7.0 0.0 99.25558312655086
40 45 37 0.0 0.0 0.0 89.0 69.0 39.0 0.0 95.14747859181732
40 45 38 0.0 0.0 0.0 248.0 185.0 109.0 0.0 86.50519031141869
40 45 39 0.0 0.0 0.0 244.0 304.0 142.0 0.0 83.75209380234506
40 45 40 0.0 0.0 0.0 368.0 357.0 185.0 0.0 79.33359777865927
40 45 41 0.0 0.0 0.0 160.0 156.0 81.0 0.0 90.25270758122743
40 45 42 0.0 0.0 0.0 142.0 98.0 62.0 0.0 92.16589861751153
40 45 43 0.0 0.0 0.0 115.0 23.0 32.0 0.0 95.32888465204958
40 45 44 0.0 0.0 0.0 22.0 20.0 13.0 0.0 98.81422924901186
40 45 45 0.0 0.0 0.0 5.0 0.0 2.0 0.0 99.85022466300549
41 34 37 0.0 0.0 0.0 0.0 1.0 0.0 0.0 0.0
41 34 41 0.0 0.0 0.0 0.0 1.0 0.0 0.0 0.0
41 35 35 0.0 0.0 0.0 0.0 4.0 1.0 0.0 99.90009990009992
41 35 36 0.0 0.0 0.0 4.0 77.0 22.0 0.0 97.18172983479107
41 35 37 0.0 0.0 0.0 9.0 157.0 36.0 0.0 94.38414346389806
41 35 38 0.0 0.0 0.0 24.0 169.0 40.0 0.0 93.54536950420955
41 35 39 0.0 0.0 0.0 116.0 345.0 110.0 0.0 85.9106529209622
41 35 40 0.0 0.0 0.0 101.0 435.0 125.0 0.0 83.6470096194061
41 35 41 0.0 0.0 0.0 39.0 455.0 129.0 0.0 85.39709649871904
41 35 42 0.0 0.0 0.0 82.0 240.0 81.0 0.0 89.9685110211426
41 35 43 0.0 0.0 0.0 7.0 182.0 48.0 0.0 94.07337723424271
41 35 44 0.0 0.0 0.0 5.0 59.0 21.0 0.0 98.0392156862745
41 36 35 0.0 0.0 0.0 2.0 33.0 10.0 0.0 98.91196834817013
41 36 36 0.0 0.0 0.0 94.0 1427.0 290.0 0.0 62.09251785159888
41 36 37 0.0 0.0 0.0 453.0 3657.0 483.0 2.0 35.580857498665715
41 36 38 0.0 0.0 0.0 904.0 4156.0 559.0 9.0 30.802402587401815
41 36 39 0.0 0.0 0.0 1244.0 5268.0 608.0 11.0 25.2876469844481
41 36 40 0.0 0.0 0.0 539.0 6042.0 605.0 7.0 25.169896803423107
41 36 41 0.0 0.0 0.0 949.0 5382.0 572.0 13.0 25.8631837579206
41 36 42 0.0 0.0 0.0 718.0 5147.0 558.0 8.0 27.498968788670425
41 36 43 0.0 0.0 0.0 745.0 2364.0 456.0 3.0 43.14063848144952
41 36 44 0.0 0.0 0.0 237.0 794.0 208.0 1.0 71.27583749109051
41 36 45 0.0 0.0 0.0 18.0 13.0 6.0 0.0 99.00990099009901
41 37 35 0.0 0.0 0.0 6.0 162.0 43.0 0.0 94.74182851729037
41 37 36 0.0 0.0 0.0 380.0 2930.0 464.0 0.0 41.40786749482402
41 37 37 0.0 0.0 1.0 574.0 9969.0 614.0 49.0 16.716817118020728
41 37 38 0.0 0.0 2.0 1759.0 11986.0 653.0 104.0 13.209167162010436
41 37 39 0.0 1.0 2.0 2672.0 11999.0 665.0 121.0 12.473493825620556
41 37 40 0.0 0.0 0.0 2784.0 12339.0 712.0 143.0 12.189918937039069
41 37 41 0.0 3.0 2.0 2040.0 12808.0 683.0 126.0 12.344155042587337
41 37 42 0.0 0.0 2.0 2384.0 10093.0 667.0 73.0 14.484356894553882
41 37 43 0.0 0.0 5.0 2396.0 7154.0 589.0 41.0 18.17851299763679
41 37 44 0.0 0.0 0.0 367.0 3489.0 493.0 2.0 37.42514970059881
41 37 45 0.0 0.0 0.0 35.0 187.0 56.0 0.0 92.93680297397769
41 38 35 0.0 0.0 0.0 24.0 339.0 93.0 0.0 88.80994671403198
41 38 36 0.0 0.0 0.0 968.0 4438.0 539.0 6.0 29.073993312981536
41 38 37 0.0 0.0 0.0 1118.0 12207.0 667.0 113.0 13.616557734204793
41 38 38 0.0 0.0 15.0 2459.0 17702.0 658.0 332.0 9.257973429616257
41 38 39 0.0 11.0 26.0 3274.0 19392.0 669.0 478.0 8.293593199253577
41 38 40 0.0 4.0 35.0 3417.0 20906.0 666.0 576.0 7.763071070915654
41 38 41 2.0 11.0 52.0 2988.0 19385.0 684.0 438.0 8.38117587897582
41 38 42 0.0 1.0 27.0 2840.0 17070.0 672.0 351.0 9.389671361502348
41 38 43 0.0 0.0 6.0 2400.0 10110.0 625.0 80.0 14.341029685931451
41 38 44 0.0 0.0 0.0 1612.0 3744.0 565.0 9.0 29.515938606847698
41 38 45 0.0 0.0 0.0 86.0 439.0 131.0 0.0 84.17508417508418
41 38 46 0.0 0.0 0.0 0.0 3.0 0.0 0.0 99.95002498750625
41 39 35 0.0 0.0 0.0 121.0 445.0 138.0 0.0 83.2639467110741
41 39 36 0.0 0.0 0.0 688.0 5329.0 549.0 12.0 26.89979825151311
41 39 37 0.0 0.0 4.0 899.0 14368.0 627.0 141.0 11.984659635666345
41 39 38 0.0 6.0 48.0 3965.0 18804.0 674.0 457.0 8.26480433075747
41 39 39 4.0 154.0 279.0 7474.0 27272.0 1044.0 1546.0 5.5079727906144145
41 39 40 4.0 51.0 249.0 9480.0 23058.0 939.0 1468.0 5.876131155247385
41 39 41 2.0 46.0 151.0 8403.0 22046.0 841.0 1240.0 6.267431293284447
41 39 42 0.0 6.0 54.0 4628.0 18856.0 705.0 510.0 8.025038118931064
41 39 43 0.0 0.0 5.0 2966.0 11392.0 660.0 100.0 12.743723716069836
41 39 44 0.0 0.0 0.0 1054.0 5614.0 594.0 11.0 24.847807181016275
41 39 45 0.0 0.0 0.0 214.0 439.0 171.0 0.0 81.03727714748784
41 40 35 0.0 0.0 0.0 222.0 325.0 128.0 0.0 83.33333333333334
41 40 36 0.0 0.0 0.0 2541.0 4517.0 570.0 10.0 23.54603249352484
41 40 37 0.0 0.0 3.0 3471.0 11577.0 656.0 147.0 12.158054711246198
41 40 38 0.0 4.0 20.0 5750.0 17030.0 663.0 528.0 8.276775368316503
41 40 39 2.0 47.0 125.0 9083.0 22470.0 787.0 1457.0 6.047411707789066
41 40 40 0.0 96.0 260.0 14335.0 20993.0 965.0 1936.0 5.420641803989592
41 40 41 3.0 159.0 462.0 9871.0 28513.0 1159.0 2119.0 4.985293384515678
41 40 42 0.0 27.0 51.0 6166.0 17952.0 736.0 574.0 7.830240388379923
41 40 43 0.0 0.0 4.0 5016.0 10173.0 608.0 163.0 12.028628134961206
41 40 44 0.0 0.0 0.0 3105.0 3585.0 556.0 11.0 24.648755237860485
41 40 45 0.0 0.0 0.0 232.0 506.0 180.0 0.0 78.46214201647705
41 40 46 0.0 0.0 0.0 3.0 0.0 1.0 0.0 99.90009990009992
41 41 34 0.0 0.0 0.0 1.0 0.0 0.0 0.0 0.0
41 41 35 0.0 0.0 0.0 229.0 302.0 128.0 0.0 83.68200836820083
41 41 36 0.0 0.0 0.0 2694.0 3275.0 553.0 4.0 27.067262146433887
41 41 37 0.0 0.0 0.0 8370.0 5655.0 637.0 135.0 12.961762799740765
41 41 38 0.0 2.0 9.0 11823.0 9928.0 631.0 544.0 8.6333419666753
41 41 39 0.0 24.0 112.0 14161.0 15753.0 722.0 1336.0 6.353845665088795
41 41 40 2.0 28.0 159.0 9924.0 21685.0 817.0 1438.0 6.035367252097289
41 41 41 1.0 30.0 187.0 13328.0 17220.0 810.0 1370.0 6.242586928022973
41 41 42 0.0 8.0 29.0 11823.0 10168.0 683.0 533.0 8.54664330584163
41 41 43 0.0 0.0 4.0 5999.0 9178.0 649.0 143.0 12.078753472641624
41 41 44 0.0 0.0 0.0 3055.0 3721.0 617.0 20.0 24.45585717779408
41 41 45 0.0 0.0 0.0 329.0 353.0 165.0 0.0 80.0
41 41 46 0.0 0.0 0.0 0.0 3.0 0.0 0.0 99.95002498750625
41 42 35 0.0 0.0 0.0 201.0 374.0 138.0 0.0 82.61049153242462
41 42 36 0.0 0.0 0.0 2135.0 3233.0 541.0 7.0 29.35995302407516
41 42 37 0.0 0.0 2.0 5995.0 6460.0 650.0 101.0 14.44669170759896
41 42 38 0.0 0.0 3.0 8777.0 11082.0 662.0 368.0 9.402472850359644
41 42 39 1.0 10.0 27.0 10345.0 11991.0 688.0 501.0 8.409014463504878
41 42 40 0.0 8.0 32.0 14490.0 8682.0 703.0 703.0 8.12743823146944
41 42 41 0.0 1.0 11.0 9122.0 12141.0 611.0 459.0 8.812902088657795
41 42 42 0.0 0.0 4.0 7092.0 11592.0 648.0 282.0 9.951734089665123
41 42 43 0.0 1.0 1.0 7155.0 4969.0 652.0 81.0 14.82250055584377
41 42 44 0.0 0.0 0.0 2816.0 1865.0 565.0 6.0 32.74394237066143
41 42 45 0.0 0.0 0.0 211.0 133.0 77.0 0.0 88.8494002665482
41 43 35 0.0 0.0 0.0 372.0 48.0 106.0 0.0 86.84324793747287
41 43 36 0.0 0.0 0.0 3040.0 1034.0 494.0 5.0 35.977693829825505
41 43 37 0.0 0.0 0.0 7244.0 2169.0 617.0 39.0 18.484288354898336
41 43 38 0.0 0.0 2.0 7281.0 5567.0 651.0 113.0 14.045930191726946
41 43 39 0.0 0.0 1.0 10473.0 3983.0 599.0 178.0 12.565181881007728
41 43 40 0.0 0.0 6.0 6713.0 8375.0 645.0 178.0 12.135185971725015
41 43 41 0.0 0.0 1.0 7445.0 6703.0 652.0 135.0 12.893243940175347
41 43 42 0.0 0.0 1.0 6076.0 5326.0 647.0 65.0 15.658028654192437
41 43 43 0.0 0.0 2.0 4050.0 4478.0 620.0 32.0 20.210185933710587
41 43 44 0.0 0.0 0.0 2762.0 703.0 474.0 1.0 40.11231448054552
41 43 45 0.0 0.0 0.0 67.0 126.0 54.0 0.0 93.94081728511038
41 44 35 0.0 0.0 0.0 25.0 9.0 10.0 0.0 99.1571641051066
41 44 36 0.0 0.0 0.0 1543.0 414.0 367.0 0.0 55.881531153953624
41 44 37 0.0 0.0 0.0 1983.0 1139.0 447.0 2.0 42.9000429000429
41 44 38 0.0 0.0 0.0 4146.0 1017.0 526.0 9.0 30.3030303030303
41 44 39 0.0 0.0 0.0 2736.0 3785.0 604.0 16.0 25.278058645096056
41 44 40 0.0 0.0 0.0 3594.0 2788.0 566.0 10.0 25.63773875144212
41 44 41 0.0 0.0 0.0 2732.0 3310.0 582.0 11.0 26.82763246143528
41 44 42 0.0 0.0 0.0 3339.0 1854.0 569.0 5.0 30.298439630359038
41 44 43 0.0 0.0 0.0 1565.0 1561.0 472.0 3.0 42.918454935622314
41 44 44 0.0 0.0 0.0 632.0 183.0 192.0 0.0 76.98229407236336
41 44 45 0.0 0.0 0.0 42.0 10.0 13.0 0.0 98.37678307919332
41 45 35 0.0 0.0 0.0 7.0 1.0 0.0 0.0 99.75062344139651
41 45 36 0.0 0.0 0.0 9.0 20.0 6.0 0.0 99.00990099009901
41 45 37 0.0 0.0 0.0 136.0 33.0 46.0 0.0 94.69696969696969
41 45 38 0.0 0.0 0.0 227.0 138.0 93.0 0.0 88.61320336730172
41 45 39 0.0 0.0 0.0 302.0 200.0 120.0 0.0 84.53085376162299
41 45 40 0.0 0.0 0.0 696.0 224.0 203.0 0.0 74.15647015202076
41 45 41 0.0 0.0 0.0 232.0 247.0 117.0 0.0 85.25149190110827
41 45 42 0.0 0.0 0.0 115.0 114.0 52.0 0.0 92.29349330872174
41 45 43 0.0 0.0 0.0 47.0 20.0 16.0 0.0 97.94319294809011
41 45 44 0.0 0.0 0.0 31.0 2.0 5.0 0.0 98.76543209876543
41 45 45 0.0 0.0 0.0 1.0 0.0 0.0 0.0 0.0
41 46 40 0.0 0.0 0.0 3.0 0.0 1.0 0.0 99.95002498750625
41 46 41 0.0 0.0 0.0 0.0 1.0 0.0 0.0 0.0
42 34 39 0.0 0.0 0.0 0.0 1.0 0.0 0.0 0.0
42 35 35 0.0 0.0 0.0 0.0 9.0 3.0 0.0 99.75062344139651
42 35 36 0.0 0.0 0.0 5.0 53.0 14.0 0.0 97.94319294809011
42 35 37 0.0 0.0 0.0 30.0 134.0 41.0 0.0 94.42870632672333
42 35 38 0.0 0.0 0.0 19.0 313.0 78.0 0.0 89.08685968819599
42 35 39 0.0 0.0 0.0 20.0 325.0 79.0 0.0 88.65248226950354
42 35 40 0.0 0.0 0.0 46.0 455.0 124.0 0.0 84.8536274925753
42 35 41 0.0 0.0 0.0 44.0 230.0 70.0 0.0 91.61704076958316
42 35 42 0.0 0.0 0.0 17.0 255.0 58.0 0.0 90.9090909090909
42 35 43 0.0 0.0 0.0 15.0 61.0 21.0 0.0 97.51340809361287
42 35 44 0.0 0.0 0.0 2.0 8.0 2.0 0.0 99.70089730807578
42 36 35 0.0 0.0 0.0 0.0 13.0 4.0 0.0 99.60159362549801
42 36 36 0.0 0.0 0.0 135.0 1481.0 308.0 1.0 60.71645415907711
42 36 37 0.0 0.0 0.0 258.0 2481.0 433.0 1.0 46.72897196261682
42 36 38 0.0 0.0 0.0 336.0 4369.0 542.0 6.0 32.4517280545189
42 36 39 0.0 0.0 0.0 691.0 5194.0 569.0 7.0 27.438606118809165
42 36 40 0.0 0.0 0.0 425.0 5183.0 559.0 7.0 28.42120221685377
42 36 41 0.0 0.0 0.0 629.0 4629.0 547.0 8.0 29.868578255675033
42 36 42 0.0 0.0 0.0 514.0 4024.0 509.0 5.0 33.178500331785
42 36 43 0.0 0.0 0.0 411.0 1517.0 353.0 1.0 56.16399887672002
42 36 44 0.0 0.0 0.0 227.0 599.0 211.0 0.0 76.68711656441718
42 36 45 0.0 0.0 0.0 3.0 20.0 3.0 0.0 99.1571641051066
42 37 34 0.0 0.0 0.0 1.0 0.0 0.0 0.0 0.0
42 37 35 0.0 0.0 0.0 30.0 124.0 40.0 0.0 95.1022349025202
42 37 36 0.0 0.0 0.0 172.0 3136.0 466.0 4.0 41.459369817578775
42 37 37 0.0 0.0 0.0 1036.0 8788.0 647.0 42.0 17.817371937639198
42 37 38 0.0 0.0 1.0 2873.0 8801.0 612.0 75.0 15.287013681877244
42 37 39 0.0 0.0 1.0 1492.0 11877.0 666.0 85.0 13.574046423238768
42 37 40 0.0 0.0 5.0 2089.0 11797.0 656.0 128.0 13.10701880857199
42 37 41 1.0 0.0 7.0 1297.0 12614.0 671.0 90.0 13.068478829064297
42 37 42 0.0 0.0 0.0 1101.0 9623.0 657.0 49.0 16.561775422325272
42 37 43 0.0 0.0 0.0 1994.0 5811.0 654.0 23.0 21.779374931939454
42 37 44 0.0 0.0 0.0 480.0 1881.0 349.0 0.0 49.97501249375311
42 37 45 0.0 0.0 0.0 8.0 56.0 15.0 0.0 97.99118079372857
42 38 35 0.0 0.0 0.0 12.0 194.0 52.0 0.0 93.24009324009324
42 38 36 0.0 0.0 0.0 379.0 4191.0 533.0 3.0 33.277870216306155
42 38 37 0.0 0.0 4.0 1525.0 10738.0 651.0 78.0 14.631648255175945
42 38 38 0.0 1.0 17.0 1178.0 19093.0 666.0 352.0 9.19793966151582
42 38 39 2.0 25.0 91.0 4255.0 16432.0 779.0 324.0 9.053050878145935
42 38 40 1.0 3.0 25.0 6508.0 14447.0 687.0 428.0 8.915437079302812
42 38 41 0.0 0.0 8.0 5110.0 14706.0 668.0 329.0 9.427736400490243
42 38 42 0.0 0.0 16.0 4554.0 12088.0 615.0 210.0 11.04728236853734
42 38 43 0.0 0.0 0.0 1519.0 9154.0 602.0 56.0 16.545334215751158
42 38 44 0.0 0.0 0.0 661.0 3209.0 469.0 3.0 37.13330857779428
42 38 45 0.0 0.0 0.0 49.0 195.0 73.0 0.0 92.50693802035153
42 39 34 0.0 0.0 0.0 0.0 1.0 0.0 0.0 0.0
42 39 35 0.0 0.0 0.0 58.0 317.0 96.0 1.0 88.53474988933156
42 39 36 0.0 0.0 2.0 597.0 5066.0 587.0 6.0 28.25257804774686
42 39 37 0.0 0.0 0.0 1779.0 11053.0 647.0 69.0 14.078558355624384
42 39 38 0.0 3.0 32.0 2914.0 17175.0 700.0 344.0 9.313588525658936
42 39 39 0.0 5.0 45.0 6279.0 16781.0 768.0 508.0 8.186655751125665
42 39 40 1.0 5.0 30.0 7872.0 15762.0 646.0 617.0 7.966540529774945
42 39 41 0.0 11.0 23.0 8953.0 13607.0 662.0 523.0 8.32639467110741
42 39 42 1.0 17.0 17.0 4082.0 16427.0 656.0 375.0 9.100837277029488
42 39 43 0.0 0.0 2.0 1513.0 11245.0 639.0 86.0 14.110342881332016
42 39 44 0.0 0.0 0.0 919.0 4594.0 549.0 9.0 28.843380444188057
42 39 45 0.0 0.0 0.0 245.0 322.0 139.0 0.0 82.67879288962381
42 39 46 0.0 0.0 0.0 0.0 2.0 0.0 0.0 99.95002498750625
42 40 34 0.0 0.0 0.0 0.0 1.0 0.0 0.0 99.95002498750625
42 40 35 0.0 0.0 0.0 163.0 206.0 90.0 0.0 88.33922261484098
42 40 36 0.0 0.0 0.0 2394.0 3661.0 522.0 8.0 26.592208482914508
42 40 37 0.0 0.0 0.0 3007.0 10188.0 610.0 118.0 13.68550704803613
42 40 38 0.0 2.0 10.0 4305.0 16101.0 658.0 349.0 9.177679882525696
42 40 39 0.0 4.0 30.0 10603.0 12946.0 669.0 656.0 8.005443701717168
42 40 40 0.0 21.0 62.0 9523.0 15540.0 703.0 720.0 7.547454620929092
42 40 41 0.0 11.0 40.0 6093.0 17619.0 699.0 560.0 7.943127209182254
42 40 42 0.0 3.0 17.0 4512.0 16733.0 640.0 411.0 8.805142203046579
42 40 43 0.0 0.0 1.0 3527.0 10433.0 654.0 121.0 13.036959780979075
42 40 44 0.0 0.0 0.0 1341.0 4352.0 578.0 13.0 28.172982110156358
42 40 45 0.0 0.0 0.0 147.0 375.0 131.0 0.0 84.21052631578948
42 41 35 0.0 0.0 0.0 186.0 119.0 81.0 0.0 90.25270758122743
42 41 36 0.0 0.0 0.0 2324.0 2682.0 571.0 3.0 31.152647975077883
42 41 37 0.0 0.0 0.0 7254.0 5844.0 650.0 106.0 13.815971262779772
42 41 38 0.0 0.0 2.0 5202.0 14137.0 653.0 361.0 9.615846915717102
42 41 39 0.0 14.0 28.0 8471.0 14122.0 689.0 533.0 8.353172117111473
42 41 40 0.0 5.0 22.0 9179.0 13850.0 702.0 615.0 8.19000819000819
42 41 41 0.0 14.0 35.0 13052.0 10049.0 675.0 619.0 8.148963044452593
42 41 42 0.0 4.0 12.0 11414.0 8911.0 646.0 453.0 9.173470323823503
42 41 43 0.0 0.0 0.0 6169.0 7147.0 703.0 127.0 13.67801942278758
42 41 44 0.0 0.0 1.0 2039.0 3675.0 574.0 8.0 28.034763106251752
42 41 45 0.0 0.0 0.0 208.0 212.0 101.0 0.0 86.95652173913044
42 42 35 0.0 0.0 0.0 130.0 148.0 68.0 0.0 90.86778736937755
42 42 36 0.0 0.0 0.0 3017.0 1307.0 497.0 6.0 34.405642525374155
42 42 37 0.0 0.0 0.0 6561.0 4710.0 646.0 78.0 15.816528272044287
42 42 38 0.0 0.0 1.0 14017.0 4153.0 666.0 391.0 10.21085413794864
42 42 39 0.0 0.0 7.0 5343.0 14698.0 627.0 352.0 9.305355231935978
42 42 40 0.0 1.0 4.0 10828.0 8675.0 669.0 351.0 9.575792396820837
42 42 41 0.0 1.0 8.0 9136.0 10643.0 671.0 400.0 9.437968949082158
42 42 42 0.0 0.0 1.0 6492.0 10466.0 651.0 236.0 10.861891055232716
42 42 43 0.0 0.0 2.0 4119.0 6898.0 659.0 59.0 16.174686615446827
42 42 44 0.0 0.0 0.0 3034.0 1892.0 569.0 7.0 31.545741324921135
42 42 45 0.0 0.0 0.0 182.0 91.0 70.0 0.0 91.32420091324201
42 42 46 0.0 0.0 0.0 0.0 5.0 1.0 0.0 99.8003992015968
42 43 34 0.0 0.0 0.0 0.0 1.0 0.0 0.0 0.0
42 43 35 0.0 0.0 0.0 32.0 44.0 17.0 0.0 97.46588693957115
42 43 36 0.0 0.0 0.0 2615.0 769.0 495.0 1.0 41.008816895632556
42 43 37 0.0 0.0 0.0 9476.0 1490.0 668.0 67.0 16.13684040664838
42 43 38 0.0 0.0 0.0 5581.0 5222.0 579.0 67.0 16.35322976287817
42 43 39 0.0 0.0 0.0 9757.0 2963.0 615.0 120.0 14.169323414806943
42 43 40 0.0 0.0 0.0 8035.0 4915.0 678.0 102.0 13.98112548060119
42 43 41 0.0 2.0 1.0 6830.0 6246.0 658.0 115.0 13.830302192102897
42 43 42 0.0 0.0 0.0 5576.0 4922.0 635.0 58.0 16.835016835016834
42 43 43 0.0 0.0 0.0 2605.0 4999.0 603.0 24.0 22.214817283127847
42 43 44 0.0 0.0 0.0 2556.0 614.0 434.0 1.0 42.265426880811496
42 43 45 0.0 0.0 0.0 116.0 18.0 34.0 0.0 95.73958831977022
42 44 35 0.0 0.0 0.0 30.0 5.0 10.0 0.0 98.86307464162135
42 44 36 0.0 0.0 0.0 1566.0 122.0 308.0 0.0 59.25925925925926
42 44 37 0.0 0.0 0.0 2056.0 737.0 418.0 3.0 45.91368227731864
42 44 38 0.0 0.0 0.0 3058.0 1082.0 503.0 7.0 35.64427018356799
42 44 39 0.0 0.0 0.0 4891.0 1150.0 557.0 11.0 26.813245743397236
42 44 40 0.0 0.0 0.0 4584.0 1589.0 603.0 10.0 26.399155227032733
42 44 41 0.0 0.0 0.0 4159.0 1611.0 562.0 9.0 27.8473962684489
42 44 42 0.0 0.0 0.0 1401.0 3442.0 548.0 9.0 31.71079752655779
42 44 43 0.0 0.0 0.0 1554.0 609.0 378.0 0.0 53.036329885971895
42 44 44 0.0 0.0 0.0 264.0 385.0 160.0 0.0 80.58017727639
42 44 45 0.0 0.0 0.0 21.0 3.0 5.0 0.0 99.25558312655086
42 45 35 0.0 0.0 0.0 4.0 0.0 1.0 0.0 99.90009990009992
42 45 36 0.0 0.0 0.0 25.0 1.0 7.0 0.0 99.30486593843099
42 45 37 0.0 0.0 0.0 50.0 13.0 15.0 0.0 97.94319294809011
42 45 38 0.0 0.0 0.0 99.0 74.0 51.0 0.0 94.65215333648841
42 45 39 0.0 0.0 0.0 262.0 107.0 85.0 0.0 88.45643520566121
42 45 40 0.0 0.0 0.0 265.0 366.0 150.0 0.0 81.23476848090982
42 45 41 0.0 0.0 0.0 393.0 68.0 111.0 0.0 85.65310492505354
42 45 42 0.0 0.0 0.0 92.0 88.0 42.0 0.0 94.16195856873823
42 45 43 0.0 0.0 0.0 13.0 24.0 10.0 0.0 98.86307464162135
42 45 44 0.0 0.0 0.0 4.0 7.0 2.0 0.0 99.6512207274539
42 46 39 0.0 0.0 0.0 0.0 1.0 0.0 0.0 99.95002498750625
42 46 40 0.0 0.0 0.0 1.0 0.0 0.0 0.0 99.95002498750625
42 46 43 0.0 0.0 0.0 0.0 7.0 3.0 0.0 99.8003992015968
43 35 35 0.0 0.0 0.0 0.0 5.0 1.0 0.0 99.85022466300549
43 35 36 0.0 0.0 0.0 2.0 16.0 6.0 0.0 99.50248756218906
43 35 37 0.0 0.0 0.0 5.0 58.0 13.0 0.0 97.84735812133073
43 35 38 0.0 0.0 0.0 17.0 78.0 25.0 0.0 96.94619486185167
43 35 39 0.0 0.0 0.0 5.0 190.0 53.0 0.0 93.72071227741331
43 35 40 0.0 0.0 0.0 5.0 141.0 35.0 0.0 95.19276534983341
43 35 41 0.0 0.0 0.0 2.0 184.0 49.0 0.0 93.89671361502347
43 35 42 0.0 0.0 0.0 15.0 54.0 16.0 0.0 97.79951100244499
43 35 43 0.0 0.0 0.0 14.0 0.0 4.0 0.0 99.50248756218906
43 35 44 0.0 0.0 0.0 0.0 1.0 0.0 0.0 99.95002498750625
43 36 35 0.0 0.0 0.0 0.0 44.0 14.0 0.0 98.61932938856016
43 36 36 0.0 0.0 0.0 33.0 1547.0 312.0 0.0 61.29328838492185
43 36 37 0.0 0.0 0.0 1158.0 1347.0 355.0 2.0 48.2392667631452
43 36 38 0.0 0.0 0.0 632.0 2012.0 440.0 1.0 48.030739673390975
43 36 39 0.0 0.0 0.0 498.0 3586.0 528.0 0.0 36.062026685899745
43 36 40 0.0 0.0 0.0 547.0 3793.0 498.0 5.0 34.32887058015791
43 36 41 0.0 0.0 0.0 431.0 2741.0 473.0 4.0 42.62574595055413
43 36 42 0.0 0.0 0.0 176.0 2226.0 418.0 2.0 50.339793606846214
43 36 43 0.0 0.0 0.0 122.0 897.0 240.0 0.0 72.4112961622013
43 36 44 0.0 0.0 0.0 9.0 208.0 57.0 0.0 92.80742459396753
43 36 45 0.0 0.0 0.0 0.0 3.0 1.0 0.0 99.95002498750625
43 37 35 0.0 0.0 0.0 10.0 34.0 11.0 0.0 98.57072449482504
43 37 36 0.0 0.0 0.0 42.0 2078.0 370.0 1.0 53.57621216180016
43 37 37 0.0 0.0 0.0 138.0 8120.0 613.0 21.0 20.678246484698096
43 37 38 0.0 0.0 1.0 783.0 8507.0 609.0 36.0 18.665422305179654
43 37 39 0.0 0.0 3.0 1701.0 8441.0 640.0 39.0 17.364125716270184
43 37 40 0.0 0.0 8.0 5020.0 5488.0 597.0 52.0 16.68195846192343
43 37 41 0.0 0.0 0.0 2958.0 6776.0 606.0 40.0 17.919541259743752
43 37 42 0.0 0.0 0.0 1417.0 6471.0 636.0 20.0 21.58428663932657
43 37 43 0.0 0.0 0.0 1308.0 4386.0 561.0 12.0 28.05442558563613
43 37 44 0.0 0.0 0.0 255.0 522.0 183.0 0.0 77.82101167315174
43 37 45 0.0 0.0 0.0 2.0 29.0 8.0 0.0 98.96091044037605
43 38 35 0.0 0.0 0.0 8.0 165.0 42.0 0.0 94.16195856873823
43 38 36 0.0 0.0 0.0 121.0 2672.0 404.0 4.0 45.72473708276177
43 38 37 0.0 0.0 8.0 259.0 10654.0 644.0 57.0 16.227180527383364
43 38 38 0.0 2.0 0.0 1889.0 10219.0 654.0 66.0 14.842300556586272
43 38 39 0.0 1.0 3.0 4532.0 9267.0 666.0 130.0 13.145786775338504
43 38 40 0.0 0.0 11.0 4982.0 8028.0 629.0 92.0 13.908205841446453
43 38 41 0.0 0.0 0.0 3570.0 9410.0 656.0 94.0 13.967455827920944
43 38 42 0.0 0.0 1.0 2128.0 9787.0 640.0 57.0 15.03194287861706
43 38 43 0.0 0.0 0.0 489.0 7845.0 651.0 23.0 20.557097337855897
43 38 44 0.0 0.0 0.0 364.0 2320.0 431.0 0.0 47.15868898844612
43 38 45 0.0 0.0 0.0 12.0 42.0 15.0 0.0 98.52216748768474
43 39 35 0.0 0.0 0.0 52.0 73.0 37.0 0.0 96.06147934678195
43 39 36 0.0 0.0 0.0 635.0 3290.0 495.0 4.0 36.920804873546246
43 39 37 0.0 0.0 1.0 2567.0 7905.0 640.0 46.0 16.859141869678833
43 39 38 0.0 1.0 1.0 3191.0 10657.0 700.0 102.0 13.180440226703572
43 39 39 0.0 0.0 4.0 5210.0 9744.0 676.0 155.0 12.272950417280315
43 39 40 3.0 4.0 13.0 6322.0 8986.0 669.0 178.0 11.964584828906435
43 39 41 0.0 1.0 0.0 4756.0 9940.0 689.0 154.0 12.491412154144024
43 39 42 0.0 0.0 0.0 3150.0 10041.0 649.0 89.0 13.71177841766077
43 39 43 0.0 0.0 0.0 857.0 9065.0 604.0 37.0 17.61493746697199
43 39 44 0.0 0.0 0.0 350.0 3302.0 451.0 3.0 38.52822192255827
43 39 45 0.0 0.0 0.0 46.0 74.0 26.0 0.0 96.2463907603465
43 40 35 0.0 0.0 0.0 44.0 107.0 36.0 0.0 95.05703422053232
43 40 36 0.0 0.0 0.0 2018.0 2049.0 487.0 3.0 35.842293906810035
43 40 37 0.0 0.0 0.0 1572.0 8982.0 609.0 49.0 16.67639456349537
43 40 38 0.0 0.0 0.0 3641.0 9831.0 622.0 121.0 13.451708366962604
43 40 39 0.0 1.0 2.0 6350.0 9386.0 633.0 187.0 11.650259218267605
43 40 40 0.0 0.0 1.0 6487.0 9188.0 642.0 166.0 11.730893307525369
43 40 41 0.0 2.0 2.0 8130.0 7426.0 675.0 171.0 11.821029611679178
43 40 42 0.0 1.0 2.0 7442.0 6481.0 683.0 107.0 13.087292239235703
43 40 43 0.0 0.0 0.0 3356.0 7254.0 623.0 59.0 16.638935108153078
43 40 44 0.0 0.0 0.0 1260.0 2841.0 514.0 2.0 35.95182455509617
43 40 45 0.0 0.0 0.0 36.0 143.0 41.0 0.0 94.11764705882354
43 41 35 0.0 0.0 0.0 40.0 77.0 26.0 0.0 96.2463907603465
43 41 36 0.0 0.0 0.0 859.0 2208.0 461.0 1.0 43.56349379220213
43 41 37 0.0 0.0 0.0 5676.0 4494.0 605.0 55.0 17.23543605653223
43 41 38 0.0 0.0 2.0 6604.0 6305.0 668.0 120.0 13.999720005599888
43 41 39 0.0 0.0 1.0 6401.0 7772.0 685.0 134.0 12.900728891182352
43 41 40 0.0 0.0 4.0 6808.0 8474.0 663.0 177.0 12.01345506967804
43 41 41 0.0 0.0 2.0 7226.0 7884.0 699.0 156.0 12.147716229348884
43 41 42 0.0 0.0 0.0 5513.0 8207.0 656.0 115.0 13.27580484566877
43 41 43 0.0 1.0 1.0 4365.0 6498.0 624.0 52.0 16.250914113918906
43 41 44 0.0 0.0 0.0 2078.0 1934.0 471.0 4.0 36.20564808110065
43 41 45 0.0 0.0 0.0 68.0 82.0 41.0 0.0 95.51098376313277
43 42 34 0.0 0.0 0.0 1.0 0.0 0.0 0.0 0.0
43 42 35 0.0 0.0 0.0 70.0 62.0 34.0 0.0 95.60229445506691
43 42 36 0.0 0.0 0.0 1892.0 660.0 431.0 2.0 48.70920603994155
43 42 37 0.0 0.0 0.0 4827.0 4154.0 654.0 26.0 19.288263091908576
43 42 38 0.0 0.0 0.0 10232.0 2463.0 650.0 130.0 14.17635384179189
43 42 39 0.0 0.0 0.0 6801.0 6292.0 676.0 96.0 13.81024720342494
43 42 40 0.0 0.0 0.0 5909.0 7615.0 644.0 115.0 13.421017313112333
43 42 41 0.0 0.0 2.0 6647.0 6103.0 659.0 104.0 14.17434443656981
43 42 42 0.0 0.0 6.0 7782.0 3928.0 673.0 89.0 15.31159087429184
43 42 43 0.0 0.0 0.0 9201.0 1609.0 625.0 71.0 16.276041666666668
43 42 44 0.0 0.0 0.0 2713.0 976.0 509.0 9.0 38.572806171648985
43 42 45 0.0 0.0 0.0 69.0 57.0 32.0 0.0 95.87727708533079
43 43 35 0.0 0.0 0.0 27.0 6.0 9.0 0.0 99.00990099009901
43 43 36 0.0 0.0 0.0 1444.0 350.0 332.0 0.0 58.105752469494476
43 43 37 0.0 0.0 0.0 5729.0 334.0 569.0 24.0 26.563952716164167
43 43 38 0.0 0.0 0.0 6460.0 3102.0 613.0 47.0 18.213277479282397
43 43 39 0.0 0.0 0.0 6088.0 3755.0 630.0 45.0 17.771459036786922
43 43 40 0.0 0.0 0.0 7249.0 3134.0 636.0 64.0 16.937669376693766
43 43 41 0.0 0.0 0.0 3518.0 6092.0 626.0 43.0 18.185124568103294
43 43 42 0.0 0.0 0.0 6608.0 2666.0 628.0 39.0 18.714325816412465
43 43 43 0.0 0.0 0.0 2504.0 2436.0 535.0 7.0 31.27932436659368
43 43 44 0.0 0.0 0.0 1268.0 412.0 289.0 1.0 59.171597633136095
43 43 45 0.0 0.0 0.0 40.0 18.0 17.0 0.0 98.18360333824252
43 44 35 0.0 0.0 0.0 5.0 0.0 1.0 0.0 99.85022466300549
43 44 36 0.0 0.0 0.0 1173.0 56.0 261.0 0.0 67.54474839581223
43 44 37 0.0 0.0 0.0 1747.0 531.0 420.0 0.0 52.05622071837585
43 44 38 0.0 0.0 0.0 1875.0 433.0 372.0 0.0 51.05948429920858
43 44 39 0.0 0.0 0.0 3228.0 950.0 478.0 5.0 35.1000351000351
43 44 40 0.0 0.0 0.0 2034.0 1314.0 445.0 2.0 41.00041000410004
43 44 41 0.0 0.0 0.0 1992.0 1830.0 487.0 2.0 37.54458419373005
43 44 42 0.0 0.0 0.0 2664.0 637.0 470.0 3.0 41.55412424683149
43 44 43 0.0 0.0 0.0 533.0 798.0 297.0 0.0 66.05019815059445
43 44 44 0.0 0.0 0.0 26.0 58.0 21.0 0.0 97.4184120798831
43 44 45 0.0 0.0 0.0 7.0 2.0 3.0 0.0 99.75062344139651
43 45 35 0.0 0.0 0.0 3.0 0.0 0.0 0.0 99.90009990009992
43 45 36 0.0 0.0 0.0 12.0 0.0 3.0 0.0 99.6512207274539
43 45 37 0.0 0.0 0.0 16.0 9.0 5.0 0.0 99.25558312655086
43 45 38 0.0 0.0 0.0 41.0 70.0 27.0 0.0 96.33911368015414
43 45 39 0.0 0.0 0.0 276.0 19.0 83.0 0.0 90.86778736937755
43 45 40 0.0 0.0 0.0 135.0 49.0 47.0 0.0 94.11764705882354
43 45 41 0.0 0.0 0.0 82.0 45.0 40.0 0.0 96.2000962000962
43 45 42 0.0 0.0 0.0 33.0 30.0 13.0 0.0 98.23182711198429
43 45 43 0.0 0.0 0.0 5.0 11.0 3.0 0.0 99.50248756218906
43 45 44 0.0 0.0 0.0 4.0 0.0 1.0 0.0 99.90009990009992
43 46 41 0.0 0.0 0.0 2.0 0.0 0.0 0.0 99.90009990009992
44 35 35 0.0 0.0 0.0 0.0 1.0 0.0 0.0 0.0
44 35 36 0.0 0.0 0.0 3.0 4.0 1.0 0.0 99.75062344139651
44 35 37 0.0 0.0 0.0 19.0 6.0 5.0 0.0 99.2063492063492
44 35 38 0.0 0.0 0.0 1.0 18.0 6.0 0.0 99.45300845350572
44 35 39 0.0 0.0 0.0 9.0 11.0 5.0 0.0 99.40357852882704
44 35 40 0.0 0.0 0.0 3.0 36.0 10.0 0.0 98.76543209876543
44 35 41 0.0 0.0 0.0 1.0 76.0 19.0 0.0 97.323600973236
44 35 42 0.0 0.0 0.0 1.0 15.0 6.0 0.0 99.6512207274539
44 35 43 0.0 0.0 0.0 0.0 1.0 0.0 0.0 99.95002498750625
44 36 35 0.0 0.0 0.0 0.0 3.0 1.0 0.0 99.90009990009992
44 36 36 0.0 0.0 0.0 2.0 779.0 176.0 0.0 76.86395080707149
44 36 37 0.0 0.0 0.0 5.0 458.0 116.0 0.0 85.5798031664527
44 36 38 0.0 0.0 0.0 237.0 925.0 239.0 0.0 68.79944960440316
44 36 39 0.0 0.0 0.0 191.0 1274.0 286.0 0.0 63.191153238546605
44 36 40 0.0 0.0 0.0 364.0 843.0 253.0 0.0 68.09669731018045
44 36 41 0.0 0.0 0.0 715.0 677.0 293.0 0.0 64.9772579597141
44 36 42 0.0 0.0 0.0 62.0 196.0 68.0 0.0 92.08103130755063
44 36 43 0.0 0.0 0.0 9.0 181.0 47.0 0.0 93.72071227741331
44 36 44 0.0 0.0 0.0 1.0 47.0 11.0 0.0 98.32841691248773
44 37 35 0.0 0.0 0.0 0.0 16.0 4.0 0.0 99.55201592832255
44 37 36 0.0 0.0 0.0 13.0 971.0 210.0 0.0 72.20216606498195
44 37 37 0.0 0.0 0.0 95.0 1948.0 362.0 0.0 54.614964500273075
44 37 38 0.0 0.0 0.0 951.0 2099.0 425.0 3.0 43.327556325823224
44 37 39 0.0 0.0 0.0 772.0 2378.0 412.0 4.0 42.48088360237893
44 37 40 0.0 0.0 0.0 1601.0 2487.0 474.0 7.0 35.656979853806384
44 37 41 0.0 0.0 0.0 1097.0 1920.0 466.0 0.0 44.20866489832007
44 37 42 0.0 0.0 0.0 477.0 2170.0 443.0 0.0 47.70992366412214
44 37 43 0.0 0.0 0.0 88.0 2465.0 403.0 2.0 48.1811611659841
44 37 44 0.0 0.0 0.0 40.0 129.0 41.0 0.0 94.33962264150944
44 37 45 0.0 0.0 0.0 0.0 2.0 0.0 0.0 0.0
44 38 35 0.0 0.0 0.0 2.0 71.0 20.0 0.0 97.5609756097561
44 38 36 0.0 0.0 0.0 610.0 1161.0 345.0 1.0 58.462437883659746
44 38 37 0.0 0.0 0.0 389.0 2962.0 458.0 2.0 40.95842719639566
44 38 38 0.0 0.0 0.0 1882.0 2403.0 513.0 9.0 34.76447071093342
44 38 39 0.0 0.0 0.0 1703.0 4078.0 572.0 9.0 27.78549597110308
44 38 40 0.0 0.0 0.0 2643.0 3095.0 575.0 5.0 27.99552071668533
44 38 41 0.0 0.0 0.0 3279.0 2951.0 508.0 17.0 25.916807049371517
44 38 42 0.0 0.0 0.0 491.0 4890.0 538.0 8.0 29.278290147855362
44 38 43 0.0 0.0 0.0 311.0 2908.0 443.0 1.0 41.990342221289104
44 38 44 0.0 0.0 0.0 236.0 527.0 173.0 0.0 77.76049766718506
44 38 45 0.0 0.0 0.0 4.0 40.0 14.0 0.0 98.66798223976319
44 39 35 0.0 0.0 0.0 5.0 6.0 3.0 0.0 99.8003992015968
44 39 36 0.0 0.0 0.0 99.0 1110.0 239.0 0.0 67.8656260604004
44 39 37 0.0 0.0 0.0 823.0 3470.0 462.0 8.0 34.35835767050335
44 39 38 0.0 0.0 0.0 3591.0 2410.0 589.0 10.0 27.03433360367667
44 39 39 0.0 0.0 0.0 2538.0 4098.0 577.0 10.0 24.85398285075183
44 39 40 0.0 0.0 0.0 3023.0 3456.0 615.0 15.0 25.497195308516062
44 39 41 0.0 0.0 0.0 4226.0 3037.0 613.0 12.0 23.081361800346222
44 39 42 0.0 0.0 0.0 1354.0 3748.0 544.0 6.0 30.529690123645246
44 39 43 0.0 0.0 0.0 1261.0 2603.0 506.0 5.0 37.46019853905226
44 39 44 0.0 0.0 0.0 66.0 2292.0 404.0 1.0 50.748540979446844
44 39 45 0.0 0.0 0.0 10.0 30.0 7.0 0.0 98.66798223976319
44 40 35 0.0 0.0 0.0 5.0 35.0 11.0 0.0 98.91196834817013
44 40 36 0.0 0.0 0.0 582.0 904.0 301.0 0.0 63.03183107469272
44 40 37 0.0 0.0 0.0 1259.0 2672.0 495.0 1.0 36.93444136657433
44 40 38 0.0 0.0 0.0 2030.0 4232.0 594.0 10.0 26.14720878546215
44 40 39 0.0 0.0 0.0 2352.0 4623.0 617.0 15.0 23.957834211787258
44 40 40 0.0 0.0 0.0 3658.0 3329.0 613.0 12.0 23.940627244433806
44 40 41 0.0 0.0 2.0 3642.0 3337.0 582.0 23.0 23.83506137528304
44 40 42 0.0 0.0 0.0 1915.0 3719.0 546.0 9.0 28.3245999150262
44 40 43 0.0 0.0 0.0 3109.0 1921.0 561.0 7.0 30.98853424233034
44 40 44 0.0 0.0 0.0 535.0 1026.0 292.0 0.0 61.69031462060457
44 40 45 0.0 0.0 0.0 32.0 31.0 19.0 0.0 97.94319294809011
44 41 35 0.0 0.0 0.0 33.0 22.0 14.0 0.0 98.23182711198429
44 41 36 0.0 0.0 0.0 192.0 1360.0 308.0 0.0 61.90034045187249
44 41 37 0.0 0.0 0.0 2365.0 1402.0 489.0 7.0 37.90750568612585
44 41 38 0.0 0.0 0.0 1929.0 3083.0 535.0 14.0 31.00294527980158
44 41 39 0.0 0.0 0.0 3303.0 3998.0 628.0 19.0 22.98850574712644
44 41 40 0.0 0.0 0.0 2890.0 4193.0 595.0 11.0 23.57934449422306
44 41 41 0.0 0.0 0.0 2485.0 3966.0 573.0 9.0 25.37105163009007
44 41 42 0.0 0.0 0.0 4333.0 1402.0 533.0 13.0 27.78549597110308
44 41 43 0.0 0.0 0.0 2076.0 2292.0 546.0 1.0 34.311202607651396
44 41 44 0.0 0.0 0.0 1447.0 538.0 365.0 0.0 55.370985603543744
44 41 45 0.0 0.0 0.0 36.0 6.0 11.0 0.0 98.4736582964057
44 42 35 0.0 0.0 0.0 23.0 13.0 10.0 0.0 98.91196834817013
44 42 36 0.0 0.0 0.0 949.0 820.0 345.0 0.0 58.496636443404505
44 42 37 0.0 0.0 0.0 2010.0 879.0 446.0 0.0 45.146726862302486
44 42 38 0.0 0.0 0.0 2649.0 1626.0 515.0 3.0 34.93449781659389
44 42 39 0.0 0.0 0.0 3426.0 1963.0 548.0 8.0 29.291154071470416
44 42 40 0.0 0.0 0.0 3216.0 2773.0 573.0 15.0 26.994196247806723
44 42 41 0.0 0.0 0.0 3503.0 2093.0 569.0 14.0 28.506271379703534
44 42 42 0.0 0.0 0.0 3124.0 1205.0 537.0 5.0 34.71017007983339
44 42 43 0.0 0.0 0.0 1252.0 1490.0 435.0 2.0 46.67444574095683
44 42 44 0.0 0.0 0.0 1844.0 252.0 356.0 1.0 53.66246310705661
44 42 45 0.0 0.0 0.0 18.0 16.0 10.0 0.0 99.00990099009901
44 43 35 0.0 0.0 0.0 9.0 2.0 3.0 0.0 99.70089730807578
44 43 36 0.0 0.0 0.0 298.0 114.0 112.0 0.0 87.4508089199825
44 43 37 0.0 0.0 0.0 1316.0 1006.0 423.0 1.0 51.51983513652756
44 43 38 0.0 0.0 0.0 2766.0 757.0 484.0 4.0 39.71405877680699
44 43 39 0.0 0.0 0.0 2097.0 1351.0 468.0 3.0 40.49402713099818
44 43 40 0.0 0.0 0.0 2162.0 2605.0 533.0 5.0 32.0666987333654
44 43 41 0.0 0.0 0.0 1543.0 2325.0 485.0 5.0 37.216226274655746
44 43 42 0.0 0.0 0.0 1672.0 1062.0 450.0 1.0 46.88232536333802
44 43 43 0.0 0.0 0.0 1141.0 319.0 283.0 0.0 63.27111673521038
44 43 44 0.0 0.0 0.0 737.0 25.0 173.0 0.0 77.60962359332558
44 43 45 0.0 0.0 0.0 7.0 3.0 1.0 0.0 99.85022466300549
44 43 46 0.0 0.0 0.0 1.0 0.0 0.0 0.0 0.0
44 44 35 0.0 0.0 0.0 2.0 2.0 1.0 0.0 99.90009990009992
44 44 36 0.0 0.0 0.0 59.0 2.0 12.0 0.0 97.84735812133073
44 44 37 0.0 0.0 0.0 1208.0 195.0 288.0 0.0 64.18485237483954
44 44 38 0.0 0.0 0.0 661.0 676.0 266.0 0.0 65.25285481239804
44 44 39 0.0 0.0 0.0 921.0 467.0 267.0 1.0 64.26735218508998
44 44 40 0.0 0.0 0.0 857.0 950.0 336.0 0.0 57.954216169226314
44 44 41 0.0 0.0 0.0 1207.0 267.0 291.0 0.0 62.99212598425197
44 44 42 0.0 0.0 0.0 325.0 443.0 175.0 0.0 77.79074290159471
44 44 43 0.0 0.0 0.0 315.0 65.0 97.0 0.0 87.87346221441126
44 44 44 0.0 0.0 0.0 5.0 5.0 3.0 0.0 99.6512207274539
44 45 35 0.0 0.0 0.0 1.0 0.0 0.0 0.0 0.0
44 45 36 0.0 0.0 0.0 4.0 0.0 1.0 0.0 99.85022466300549
44 45 37 0.0 0.0 0.0 6.0 0.0 1.0 0.0 99.85022466300549
44 45 38 0.0 0.0 0.0 14.0 4.0 4.0 0.0 99.60159362549801
44 45 39 0.0 0.0 0.0 11.0 8.0 4.0 0.0 99.35419771485346
44 45 40 0.0 0.0 0.0 42.0 18.0 14.0 0.0 97.99118079372857
44 45 41 0.0 0.0 0.0 4.0 13.0 3.0 0.0 99.55201592832255
44 45 42 0.0 0.0 0.0 11.0 20.0 6.0 0.0 98.86307464162135
44 45 43 0.0 0.0 0.0 3.0 1.0 1.0 0.0 99.90009990009992
45 35 37 0.0 0.0 0.0 2.0 0.0 1.0 0.0 99.95002498750625
45 35 39 0.0 0.0 0.0 0.0 2.0 1.0 0.0 99.95002498750625
45 35 41 0.0 0.0 0.0 0.0 1.0 0.0 0.0 0.0
45 36 36 0.0 0.0 0.0 0.0 2.0 0.0 0.0 99.90009990009992
45 36 37 0.0 0.0 0.0 0.0 4.0 1.0 0.0 99.90009990009992
45 36 38 0.0 0.0 0.0 5.0 21.0 8.0 0.0 99.25558312655086
45 36 39 0.0 0.0 0.0 21.0 376.0 99.0 0.0 87.14596949891067
45 36 40 0.0 0.0 0.0 25.0 4.0 10.0 0.0 99.25558312655086
45 36 41 0.0 0.0 0.0 3.0 19.0 6.0 0.0 99.45300845350572
45 36 42 0.0 0.0 0.0 2.0 8.0 1.0 0.0 99.8003992015968
45 36 43 0.0 0.0 0.0 0.0 2.0 0.0 0.0 99.95002498750625
45 36 44 0.0 0.0 0.0 0.0 2.0 1.0 0.0 99.95002498750625
45 37 36 0.0 0.0 0.0 0.0 5.0 1.0 0.0 99.95002498750625
45 37 37 0.0 0.0 0.0 22.0 34.0 18.0 0.0 98.52216748768474
45 37 38 0.0 0.0 0.0 18.0 48.0 18.0 0.0 97.79951100244499
45 37 39 0.0 0.0 0.0 51.0 46.0 26.0 0.0 96.94619486185167
45 37 40 0.0 0.0 0.0 130.0 77.0 46.0 0.0 93.0232558139535
45 37 41 0.0 0.0 0.0 47.0 101.0 35.0 0.0 94.9667616334283
45 37 42 0.0 0.0 0.0 33.0 112.0 39.0 0.0 95.32888465204958
45 37 43 0.0 0.0 0.0 10.0 66.0 21.0 0.0 97.37098344693283
45 37 44 0.0 0.0 0.0 0.0 7.0 1.0 0.0 99.8003992015968
45 38 35 0.0 0.0 0.0 0.0 3.0 0.0 0.0 0.0
45 38 36 0.0 0.0 0.0 15.0 21.0 7.0 0.0 98.76543209876543
45 38 37 0.0 0.0 0.0 52.0 49.0 27.0 0.0 96.66505558240696
45 38 38 0.0 0.0 0.0 132.0 125.0 61.0 0.0 91.65902841429882
45 38 39 0.0 0.0 0.0 177.0 247.0 103.0 0.0 86.95652173913044
45 38 40 0.0 0.0 0.0 381.0 142.0 131.0 0.0 83.99832003359931
45 38 41 0.0 0.0 0.0 248.0 303.0 134.0 0.0 82.9875518672199
45 38 42 0.0 0.0 0.0 60.0 104.0 42.0 0.0 95.01187648456057
45 38 43 0.0 0.0 0.0 13.0 61.0 18.0 0.0 97.75171065493647
45 38 44 0.0 0.0 0.0 2.0 25.0 7.0 0.0 99.10802775024779
45 38 45 0.0 0.0 0.0 0.0 3.0 1.0 0.0 99.90009990009992
45 39 35 0.0 0.0 0.0 2.0 6.0 3.0 0.0 99.75062344139651
45 39 36 0.0 0.0 0.0 8.0 59.0 19.0 0.0 97.75171065493647
45 39 37 0.0 0.0 0.0 122.0 101.0 68.0 0.0 93.32711152589829
45 39 38 0.0 0.0 0.0 180.0 313.0 127.0 1.0 85.17887563884157
45 39 39 0.0 0.0 0.0 286.0 598.0 190.0 0.0 74.65472191116088
45 39 40 0.0 0.0 0.0 343.0 455.0 176.0 0.0 77.13073659853451
45 39 41 0.0 0.0 0.0 302.0 739.0 230.0 0.0 71.4796283059328
45 39 42 0.0 0.0 0.0 244.0 360.0 151.0 0.0 82.06811653672548
45 39 43 0.0 0.0 0.0 39.0 217.0 65.0 0.0 91.78522257916477
45 39 44 0.0 0.0 0.0 6.0 45.0 17.0 0.0 98.4251968503937
45 39 45 0.0 0.0 0.0 0.0 6.0 2.0 0.0 99.8003992015968
45 40 35 0.0 0.0 0.0 2.0 1.0 1.0 0.0 99.95002498750625
45 40 36 0.0 0.0 0.0 14.0 35.0 10.0 0.0 98.32841691248773
45 40 37 0.0 0.0 0.0 67.0 193.0 63.0 0.0 91.57509157509156
45 40 38 0.0 0.0 0.0 259.0 384.0 157.0 0.0 81.10300081103
45 40 39 0.0 0.0 0.0 220.0 432.0 153.0 0.0 80.8080808080808
45 40 40 0.0 0.0 1.0 437.0 355.0 165.0 1.0 76.80491551459293
45 40 41 0.0 0.0 0.0 240.0 385.0 153.0 0.0 81.9672131147541
45 40 42 0.0 0.0 0.0 319.0 243.0 141.0 0.0 83.29862557267806
45 40 43 0.0 0.0 0.0 144.0 78.0 57.0 0.0 93.10986964618249
45 40 44 0.0 0.0 0.0 85.0 18.0 21.0 0.0 96.33911368015414
45 40 45 0.0 0.0 0.0 8.0 23.0 8.0 0.0 98.91196834817013
45 41 35 0.0 0.0 0.0 6.0 7.0 5.0 0.0 99.6512207274539
45 41 36 0.0 0.0 0.0 23.0 11.0 6.0 0.0 98.91196834817013
45 41 37 0.0 0.0 0.0 54.0 130.0 51.0 0.0 94.2951438000943
45 41 38 0.0 0.0 0.0 253.0 185.0 104.0 0.0 86.65511265164645
45 41 39 0.0 0.0 0.0 304.0 341.0 164.0 0.0 81.16883116883118
45 41 40 0.0 0.0 0.0 295.0 346.0 159.0 0.0 81.49959250203749
45 41 41 0.0 0.0 0.0 201.0 362.0 131.0 0.0 82.9875518672199
45 41 42 0.0 0.0 0.0 408.0 185.0 147.0 0.0 82.20304151253598
45 41 43 0.0 0.0 0.0 147.0 72.0 61.0 0.0 93.10986964618249
45 41 44 0.0 0.0 0.0 57.0 10.0 18.0 0.0 97.94319294809011
45 41 45 0.0 0.0 0.0 1.0 3.0 0.0 0.0 99.8003992015968
45 42 35 0.0 0.0 0.0 0.0 1.0 0.0 0.0 0.0
45 42 36 0.0 0.0 0.0 11.0 6.0 5.0 0.0 99.55201592832255
45 42 37 0.0 0.0 0.0 67.0 12.0 21.0 0.0 97.46588693957115
45 42 38 0.0 0.0 0.0 118.0 237.0 87.0 0.0 88.61320336730172
45 42 39 0.0 0.0 0.0 206.0 140.0 90.0 0.0 89.2458723784025
45 42 40 0.0 0.0 0.0 220.0 168.0 91.0 0.0 87.75778850372971
45 42 41 0.0 0.0 0.0 160.0 188.0 76.0 0.0 88.61320336730172
45 42 42 0.0 0.0 0.0 119.0 148.0 69.0 0.0 91.61704076958316
45 42 43 0.0 0.0 0.0 53.0 23.0 17.0 0.0 97.60858955588093
45 42 44 0.0 0.0 0.0 27.0 5.0 12.0 0.0 99.10802775024779
45 42 45 0.0 0.0 0.0 2.0 0.0 0.0 0.0 99.90009990009992
45 43 35 0.0 0.0 0.0 1.0 0.0 0.0 0.0 0.0
45 43 36 0.0 0.0 0.0 12.0 1.0 3.0 0.0 99.6512207274539
45 43 37 0.0 0.0 0.0 138.0 9.0 39.0 0.0 95.23809523809524
45 43 38 0.0 0.0 0.0 118.0 29.0 41.0 0.0 95.19276534983341
45 43 39 0.0 0.0 0.0 168.0 23.0 50.0 0.0 93.80863039399624
45 43 40 0.0 0.0 0.0 73.0 86.0 39.0 0.0 94.7867298578199
45 43 41 0.0 0.0 0.0 84.0 30.0 27.0 0.0 96.2000962000962
45 43 42 0.0 0.0 0.0 61.0 82.0 39.0 0.0 95.32888465204958
45 43 43 0.0 0.0 0.0 10.0 5.0 2.0 0.0 99.6512207274539
45 43 44 0.0 0.0 0.0 2.0 6.0 2.0 0.0 99.75062344139651
45 44 36 0.0 0.0 0.0 2.0 3.0 2.0 0.0 99.90009990009992
45 44 37 0.0 0.0 0.0 18.0 4.0 8.0 0.0 99.35419771485346
45 44 38 0.0 0.0 0.0 27.0 7.0 7.0 0.0 98.76543209876543
45 44 39 0.0 0.0 0.0 17.0 54.0 22.0 0.0 97.84735812133073
45 44 40 0.0 0.0 0.0 12.0 39.0 14.0 0.0 98.4736582964057
45 44 41 0.0 0.0 0.0 9.0 10.0 3.0 0.0 99.25558312655086
45 44 42 0.0 0.0 0.0 8.0 8.0 5.0 0.0 99.55201592832255
45 44 43 0.0 0.0 0.0 4.0 29.0 9.0 0.0 98.81422924901186
45 45 37 0.0 0.0 0.0 4.0 1.0 1.0 0.0 99.95002498750625
45 45 39 0.0 0.0 0.0 2.0 1.0 0.0 0.0 0.0
45 45 41 0.0 0.0 0.0 3.0 2.0 0.0 0.0 99.90009990009992
45 45 42 0.0 0.0 0.0 2.0 0.0 1.0 0.0 99.95002498750625
46 37 38 0.0 0.0 0.0 0.0 8.0 2.0 0.0 99.70089730807578
46 39 40 0.0 0.0 0.0 1.0 0.0 0.0 0.0 99.95002498750625
46 39 41 0.0 0.0 0.0 0.0 1.0 0.0 0.0 0.0
46 39 42 0.0 0.0 0.0 0.0 1.0 0.0 0.0 0.0
46 40 38 0.0 0.0 0.0 0.0 2.0 0.0 0.0 99.95002498750625
46 40 40 0.0 0.0 0.0 1.0 0.0 0.0 0.0 99.95002498750625
46 40 41 0.0 0.0 0.0 0.0 3.0 1.0 0.0 99.90009990009992
46 40 42 0.0 0.0 0.0 2.0 1.0 0.0 0.0 0.0
46 41 39 0.0 0.0 0.0 0.0 5.0 2.0 0.0 99.85022466300549
46 41 42 0.0 0.0 0.0 1.0 0.0 0.0 0.0 0.0
46 42 37 0.0 0.0 0.0 1.0 0.0 0.0 0.0 0.0
46 42 39 0.0 0.0 0.0 1.0 0.0 0.0 0.0 0.0
46 42 40 0.0 0.0 0.0 1.0 0.0 0.0 0.0 0.0
46 42 42 0.0 0.0 0.0 0.0 1.0 0.0 0.0 0.0
46 43 41 0.0 0.0 0.0 0.0 2.0 1.0 0.0 99.95002498750625
