36 37 38 0.0 0.0 0.0 0.0 1.0 0.0 0.0 0.0
36 37 39 0.0 0.0 0.0 0.0 3.0 0.0 0.0 99.90009990009992
36 37 40 0.0 0.0 0.0 1.0 5.0 0.0 0.0 99.8003992015968
36 37 41 0.0 0.0 0.0 0.0 15.0 6.0 0.0 99.60159362549801
36 37 42 0.0 0.0 0.0 0.0 1.0 0.0 0.0 99.95002498750625
36 38 37 0.0 0.0 0.0 0.0 2.0 1.0 0.0 99.95002498750625
36 38 38 0.0 0.0 0.0 0.0 7.0 1.0 0.0 99.75062344139651
36 38 39 0.0 0.0 0.0 4.0 12.0 6.0 0.0 99.55201592832255
36 38 40 0.0 0.0 0.0 9.0 25.0 7.0 0.0 99.10802775024779
36 38 41 0.0 0.0 0.0 9.0 26.0 9.0 0.0 99.05894006934125
36 38 42 0.0 0.0 0.0 9.0 9.0 6.0 0.0 99.50248756218906
36 38 43 0.0 0.0 0.0 0.0 7.0 2.0 0.0 99.8003992015968
36 39 38 0.0 0.0 0.0 9.0 17.0 8.0 0.0 99.25558312655086
36 39 39 0.0 0.0 0.0 6.0 36.0 10.0 0.0 98.86307464162135
36 39 40 0.0 0.0 0.0 27.0 111.0 38.0 0.0 95.51098376313277
36 39 41 0.0 0.0 0.0 7.0 44.0 15.0 0.0 98.7166831194472
36 39 42 0.0 0.0 0.0 1.0 19.0 4.0 0.0 99.40357852882704
36 39 43 0.0 0.0 0.0 1.0 4.0 0.0 0.0 99.75062344139651
36 39 44 0.0 0.0 0.0 0.0 1.0 0.0 0.0 0.0
36 40 37 0.0 0.0 0.0 1.0 4.0 1.0 0.0 99.85022466300549
36 40 38 0.0 0.0 0.0 4.0 146.0 36.0 0.0 94.74182851729037
36 40 39 0.0 0.0 0.0 6.0 59.0 20.0 0.0 98.18360333824252
36 40 40 0.0 0.0 0.0 29.0 71.0 29.0 0.0 96.71179883945841
36 40 41 0.0 0.0 0.0 19.0 47.0 18.0 0.0 97.94319294809011
36 40 42 0.0 0.0 0.0 26.0 21.0 6.0 0.0 98.28009828009827
36 40 43 0.0 0.0 0.0 5.0 4.0 0.0 0.0 99.8003992015968
36 40 44 0.0 0.0 0.0 1.0 0.0 0.0 0.0 0.0
36 41 37 0.0 0.0 0.0 0.0 2.0 0.0 0.0 99.95002498750625
36 41 38 0.0 0.0 0.0 8.0 16.0 6.0 0.0 99.25558312655086
36 41 39 0.0 0.0 0.0 6.0 31.0 10.0 0.0 99.00990099009901
36 41 40 0.0 0.0 0.0 13.0 34.0 11.0 0.0 98.7166831194472
36 41 41 0.0 0.0 0.0 29.0 18.0 14.0 0.0 98.52216748768474
36 41 42 0.0 0.0 0.0 15.0 1.0 3.0 0.0 99.55201592832255
36 41 43 0.0 0.0 0.0 15.0 6.0 6.0 0.0 99.40357852882704
36 41 44 0.0 0.0 0.0 1.0 0.0 0.0 0.0 99.95002498750625
36 42 37 0.0 0.0 0.0 1.0 0.0 0.0 0.0 99.95002498750625
36 42 38 0.0 0.0 0.0 3.0 3.0 2.0 0.0 99.8003992015968
36 42 39 0.0 0.0 0.0 3.0 4.0 0.0 0.0 99.8003992015968
36 42 40 0.0 0.0 0.0 6.0 5.0 4.0 0.0 99.75062344139651
36 42 41 0.0 0.0 0.0 17.0 3.0 3.0 0.0 99.45300845350572
36 42 42 0.0 0.0 0.0 15.0 2.0 3.0 0.0 99.45300845350572
36 42 43 0.0 0.0 0.0 8.0 2.0 3.0 0.0 99.70089730807578
36 43 39 0.0 0.0 0.0 1.0 0.0 0.0 0.0 0.0
36 43 40 0.0 0.0 0.0 1.0 2.0 1.0 0.0 99.95002498750625
36 43 42 0.0 0.0 0.0 0.0 1.0 0.0 0.0 99.95002498750625
36 44 39 0.0 0.0 0.0 0.0 1.0 0.0 0.0 99.95002498750625
37 36 38 0.0 0.0 0.0 0.0 5.0 2.0 0.0 99.85022466300549
37 36 39 0.0 0.0 0.0 0.0 3.0 0.0 0.0 99.85022466300549
37 36 40 0.0 0.0 0.0 0.0 17.0 6.0 0.0 99.55201592832255
37 36 41 0.0 0.0 0.0 0.0 7.0 2.0 0.0 99.75062344139651
37 36 42 0.0 0.0 0.0 0.0 2.0 0.0 0.0 99.95002498750625
37 36 43 0.0 0.0 0.0 0.0 6.0 2.0 0.0 99.85022466300549
37 37 36 0.0 0.0 0.0 0.0 1.0 0.0 0.0 0.0
37 37 37 0.0 0.0 0.0 3.0 5.0 1.0 0.0 99.75062344139651
37 37 38 0.0 0.0 0.0 6.0 107.0 31.0 0.0 96.38554216867469
37 37 39 0.0 0.0 0.0 16.0 436.0 126.0 1.0 86.20689655172414
37 37 40 0.0 0.0 0.0 41.0 475.0 125.0 0.0 84.17508417508418
37 37 41 0.0 0.0 0.0 56.0 732.0 157.0 0.0 76.19047619047619
37 37 42 0.0 0.0 0.0 28.0 272.0 75.0 0.0 90.00900090009002
37 37 43 0.0 0.0 0.0 2.0 82.0 22.0 0.0 97.18172983479107
37 37 44 0.0 0.0 0.0 0.0 1.0 0.0 0.0 0.0
37 38 36 0.0 0.0 0.0 0.0 1.0 0.0 0.0 0.0
37 38 37 0.0 0.0 0.0 5.0 277.0 57.0 0.0 90.09009009009009
37 38 38 0.0 0.0 0.0 202.0 365.0 131.0 0.0 82.64462809917356
37 38 39 0.0 0.0 0.0 194.0 1133.0 254.0 1.0 65.46644844517185
37 38 40 0.0 0.0 0.0 157.0 2543.0 411.0 2.0 46.81647940074906
37 38 41 0.0 0.0 0.0 297.0 1907.0 399.0 1.0 52.84015852047556
37 38 42 0.0 0.0 0.0 86.0 1203.0 278.0 0.0 66.64445184938353
37 38 43 0.0 0.0 0.0 105.0 558.0 171.0 0.0 80.32128514056224
37 38 44 0.0 0.0 0.0 6.0 0.0 1.0 0.0 99.8003992015968
37 39 36 0.0 0.0 0.0 1.0 0.0 0.0 0.0 0.0
37 39 37 0.0 0.0 0.0 11.0 286.0 71.0 0.0 90.13068949977468
37 39 38 0.0 0.0 1.0 125.0 661.0 179.0 0.0 77.04160246533128
37 39 39 0.0 0.0 0.0 406.0 2246.0 379.0 0.0 47.080979284369114
37 39 40 0.0 0.0 2.0 544.0 2892.0 482.0 2.0 40.53506282934738
37 39 41 0.0 0.0 0.0 822.0 2849.0 489.0 8.0 38.63241259416651
37 39 42 0.0 0.0 0.0 827.0 1490.0 375.0 1.0 50.9683995922528
37 39 43 0.0 0.0 0.0 586.0 559.0 248.0 0.0 69.25207756232687
37 39 44 0.0 0.0 0.0 2.0 16.0 7.0 0.0 99.50248756218906
37 40 36 0.0 0.0 0.0 8.0 10.0 6.0 0.0 99.40357852882704
37 40 37 0.0 0.0 0.0 41.0 282.0 85.0 0.0 89.7666068222621
37 40 38 0.0 0.0 0.0 208.0 1648.0 368.0 2.0 57.920648711265564
37 40 39 0.0 0.0 0.0 696.0 2450.0 412.0 3.0 42.40882103477523
37 40 40 0.0 0.0 0.0 673.0 2969.0 508.0 3.0 39.13128546272745
37 40 41 0.0 0.0 0.0 1488.0 1948.0 467.0 3.0 40.42854255104103
37 40 42 0.0 0.0 0.0 1356.0 997.0 370.0 0.0 50.55611729019211
37 40 43 0.0 0.0 0.0 1089.0 306.0 298.0 0.0 64.87187804086928
37 40 44 0.0 0.0 0.0 2.0 6.0 1.0 0.0 99.75062344139651
37 41 36 0.0 0.0 0.0 0.0 1.0 0.0 0.0 0.0
37 41 37 0.0 0.0 0.0 37.0 317.0 97.0 0.0 89.08685968819599
37 41 38 0.0 0.0 0.0 143.0 1185.0 266.0 0.0 65.57377049180329
37 41 39 0.0 0.0 0.0 687.0 1611.0 358.0 0.0 51.03342689461597
37 41 40 0.0 0.0 0.0 1556.0 1627.0 473.0 4.0 42.5441395447777
37 41 41 0.0 0.0 0.0 1065.0 2037.0 468.0 0.0 43.56349379220213
37 41 42 0.0 0.0 0.0 2513.0 468.0 444.0 0.0 44.20866489832007
37 41 43 0.0 0.0 0.0 805.0 117.0 195.0 0.0 73.52941176470588
37 41 44 0.0 0.0 0.0 4.0 0.0 1.0 0.0 99.95002498750625
37 42 36 0.0 0.0 0.0 0.0 3.0 1.0 0.0 99.90009990009992
37 42 37 0.0 0.0 0.0 44.0 34.0 22.0 0.0 97.323600973236
37 42 38 0.0 0.0 0.0 643.0 360.0 227.0 0.0 72.51631617113851
37 42 39 0.0 0.0 0.0 602.0 763.0 283.0 1.0 65.14657980456026
37 42 40 0.0 0.0 0.0 643.0 900.0 297.0 0.0 62.15040397762586
37 42 41 0.0 0.0 0.0 723.0 924.0 329.0 0.0 60.66120715802245
37 42 42 0.0 0.0 0.0 660.0 511.0 239.0 0.0 68.61063464837049
37 42 43 0.0 0.0 0.0 145.0 317.0 118.0 0.0 85.68980291345329
37 42 44 0.0 0.0 0.0 0.0 4.0 2.0 0.0 99.90009990009992
37 43 37 0.0 0.0 0.0 0.0 3.0 0.0 0.0 99.95002498750625
37 43 38 0.0 0.0 0.0 41.0 85.0 34.0 0.0 95.92326139088729
37 43 39 0.0 0.0 0.0 59.0 345.0 88.0 0.0 86.73026886383347
37 43 40 0.0 0.0 0.0 72.0 275.0 76.0 0.0 88.49557522123895
37 43 41 0.0 0.0 0.0 134.0 136.0 62.0 0.0 90.86778736937755
37 43 42 0.0 0.0 0.0 69.0 8.0 18.0 0.0 97.323600973236
37 43 43 0.0 0.0 0.0 30.0 32.0 14.0 0.0 97.79951100244499
37 43 44 0.0 0.0 0.0 6.0 0.0 2.0 0.0 99.8003992015968
37 44 39 0.0 0.0 0.0 0.0 3.0 0.0 0.0 99.90009990009992
37 44 40 0.0 0.0 0.0 0.0 3.0 1.0 0.0 99.90009990009992
37 44 41 0.0 0.0 0.0 0.0 2.0 1.0 0.0 99.95002498750625
38 36 37 0.0 0.0 0.0 2.0 2.0 0.0 0.0 99.8003992015968
38 36 38 0.0 0.0 0.0 0.0 5.0 2.0 0.0 99.90009990009992
38 36 39 0.0 0.0 0.0 2.0 10.0 3.0 0.0 99.70089730807578
38 36 40 0.0 0.0 0.0 3.0 5.0 1.0 0.0 99.90009990009992
38 36 41 0.0 0.0 0.0 9.0 11.0 3.0 0.0 99.2063492063492
38 36 42 0.0 0.0 0.0 2.0 24.0 7.0 0.0 99.2063492063492
38 36 43 0.0 0.0 0.0 0.0 2.0 1.0 0.0 99.95002498750625
38 37 36 0.0 0.0 0.0 0.0 6.0 2.0 0.0 99.8003992015968
38 37 37 0.0 0.0 0.0 6.0 213.0 63.0 0.0 92.93680297397769
38 37 38 0.0 0.0 0.0 68.0 512.0 138.0 0.0 82.27067050596462
38 37 39 0.0 0.0 0.0 124.0 1684.0 342.0 1.0 57.98782255726298
38 37 40 0.0 0.0 0.0 144.0 1481.0 302.0 1.0 60.40471156750227
38 37 41 0.0 0.0 0.0 83.0 1958.0 364.0 0.0 54.70459518599562
38 37 42 0.0 0.0 0.0 350.0 1802.0 365.0 0.0 52.93806246691371
38 37 43 0.0 0.0 0.0 58.0 415.0 120.0 0.0 85.47008547008548
38 37 44 0.0 0.0 0.0 0.0 18.0 3.0 0.0 99.35419771485346
38 38 36 0.0 0.0 0.0 0.0 8.0 4.0 0.0 99.8003992015968
38 38 37 0.0 0.0 0.0 37.0 524.0 134.0 0.0 82.50825082508251
38 38 38 0.0 1.0 0.0 770.0 3365.0 510.0 3.0 35.4735721887194
38 38 39 0.0 0.0 0.0 564.0 6376.0 581.0 12.0 23.86065378191362
38 38 40 0.0 0.0 0.0 933.0 6908.0 598.0 30.0 21.55869354317128
38 38 41 0.0 0.0 1.0 753.0 8350.0 648.0 38.0 19.06395958440568
38 38 42 0.0 0.0 8.0 1284.0 5300.0 587.0 12.0 24.92522432701894
38 38 43 0.0 0.0 1.0 582.0 1137.0 317.0 0.0 59.031877213695395
38 38 44 0.0 0.0 0.0 8.0 10.0 4.0 0.0 99.40357852882704
38 39 36 0.0 0.0 0.0 3.0 20.0 8.0 0.0 99.30486593843099
38 39 37 0.0 0.0 0.0 147.0 1709.0 333.0 0.0 57.06134094151213
38 39 38 0.0 1.0 1.0 375.0 7035.0 572.0 9.0 22.56572266726842
38 39 39 0.0 0.0 8.0 1389.0 7561.0 576.0 32.0 19.251131003946483
38 39 40 0.0 0.0 12.0 2022.0 9548.0 626.0 56.0 15.386982612709646
38 39 41 0.0 0.0 4.0 1365.0 9745.0 687.0 58.0 16.05265270085882
38 39 42 0.0 0.0 4.0 3849.0 5387.0 641.0 40.0 18.775816748028536
38 39 43 0.0 0.0 1.0 1182.0 1050.0 381.0 0.0 52.205690420255806
38 39 44 0.0 0.0 0.0 55.0 15.0 18.0 0.0 97.79951100244499
38 40 36 0.0 0.0 0.0 3.0 11.0 3.0 0.0 99.60159362549801
38 40 37 0.0 0.0 0.0 572.0 1294.0 370.0 1.0 57.620282339383465
38 40 38 0.0 0.0 0.0 1141.0 6562.0 594.0 12.0 21.90820462263117
38 40 39 2.0 2.0 45.0 1764.0 8412.0 663.0 32.0 17.295053614666205
38 40 40 0.0 0.0 9.0 3668.0 7871.0 652.0 69.0 15.495467575734098
38 40 41 0.0 0.0 14.0 3637.0 7160.0 601.0 69.0 16.35055591890124
38 40 42 0.0 0.0 0.0 7304.0 2659.0 616.0 64.0 17.5284837861525
38 40 43 0.0 0.0 0.0 916.0 1152.0 358.0 1.0 54.244643341470024
38 40 44 0.0 0.0 0.0 8.0 13.0 4.0 0.0 99.35419771485346
38 41 36 0.0 0.0 0.0 4.0 12.0 4.0 0.0 99.45300845350572
38 41 37 0.0 0.0 0.0 233.0 1487.0 324.0 0.0 59.13660555884092
38 41 38 0.0 0.0 3.0 2063.0 5265.0 577.0 14.0 22.781637999772183
38 41 39 0.0 0.0 4.0 1500.0 8677.0 605.0 44.0 17.230981304385285
38 41 40 0.0 1.0 4.0 5399.0 5323.0 606.0 67.0 16.423057973394645
38 41 41 0.0 3.0 5.0 4777.0 4557.0 617.0 49.0 18.663680477790223
38 41 42 0.0 0.0 1.0 6347.0 2526.0 645.0 43.0 19.40052381414298
38 41 43 0.0 0.0 0.0 1277.0 776.0 359.0 1.0 54.3773790103317
38 41 44 0.0 0.0 0.0 11.0 22.0 9.0 0.0 98.96091044037605
38 42 36 0.0 0.0 0.0 1.0 8.0 1.0 0.0 99.70089730807578
38 42 37 0.0 0.0 0.0 186.0 868.0 235.0 0.0 71.25044531528322
38 42 38 0.0 0.0 0.0 856.0 3741.0 532.0 10.0 32.927230819888045
38 42 39 0.0 0.0 0.0 3974.0 3841.0 580.0 18.0 21.533161068044787
38 42 40 0.0 3.0 5.0 2370.0 4963.0 599.0 28.0 22.849308808408544
38 42 41 0.0 0.0 0.0 3939.0 2887.0 609.0 22.0 24.263011039670022
38 42 42 0.0 3.0 1.0 3181.0 1521.0 526.0 7.0 32.304958811177514
38 42 43 0.0 0.0 0.0 931.0 296.0 264.0 0.0 67.75067750677506
38 42 44 0.0 0.0 0.0 1.0 6.0 2.0 0.0 99.8003992015968
38 43 36 0.0 0.0 0.0 0.0 1.0 0.0 0.0 99.95002498750625
38 43 37 0.0 0.0 0.0 15.0 391.0 101.0 0.0 86.9943453675511
38 43 38 0.0 0.0 0.0 434.0 554.0 216.0 0.0 72.30657989877079
38 43 39 0.0 0.0 0.0 451.0 1056.0 277.0 0.0 62.20839813374806
38 43 40 0.0 0.0 0.0 364.0 1009.0 270.0 0.0 65.01950585175553
38 43 41 0.0 0.0 0.0 217.0 880.0 233.0 1.0 70.52186177715092
38 43 42 0.0 0.0 1.0 261.0 220.0 128.0 0.0 85.50662676357418
38 43 43 0.0 0.0 0.0 30.0 146.0 49.0 0.0 94.20631182289212
38 43 44 0.0 0.0 0.0 3.0 0.0 1.0 0.0 99.95002498750625
38 44 37 0.0 0.0 0.0 2.0 4.0 2.0 0.0 99.90009990009992
38 44 38 0.0 0.0 0.0 24.0 24.0 16.0 0.0 98.4251968503937
38 44 39 0.0 0.0 0.0 1.0 11.0 4.0 0.0 99.75062344139651
38 44 40 0.0 0.0 0.0 9.0 15.0 8.0 0.0 99.30486593843099
38 44 41 0.0 0.0 0.0 3.0 15.0 4.0 0.0 99.35419771485346
38 44 42 0.0 0.0 0.0 1.0 2.0 0.0 0.0 99.85022466300549
39 36 37 0.0 0.0 0.0 0.0 5.0 1.0 0.0 99.85022466300549
39 36 38 0.0 0.0 0.0 1.0 11.0 2.0 0.0 99.60159362549801
39 36 39 0.0 0.0 0.0 1.0 11.0 2.0 0.0 99.6512207274539
39 36 40 0.0 0.0 0.0 29.0 21.0 15.0 0.0 98.61932938856016
39 36 41 0.0 0.0 0.0 3.0 24.0 3.0 0.0 99.2063492063492
39 36 42 0.0 0.0 0.0 11.0 16.0 5.0 0.0 99.30486593843099
39 36 43 0.0 0.0 0.0 1.0 5.0 2.0 0.0 99.85022466300549
39 37 36 0.0 0.0 0.0 0.0 7.0 2.0 0.0 99.75062344139651
39 37 37 0.0 0.0 0.0 9.0 311.0 78.0 0.0 89.64589870013448
39 37 38 0.0 0.0 0.0 83.0 1023.0 214.0 0.0 69.75933031042902
39 37 39 0.0 0.0 0.0 389.0 1980.0 388.0 2.0 50.543340914834474
39 37 40 0.0 0.0 0.0 694.0 1761.0 388.0 0.0 49.72650422675286
39 37 41 0.0 0.0 2.0 502.0 2244.0 461.0 1.0 46.937338652898376
39 37 42 0.0 0.0 0.0 325.0 1827.0 375.0 1.0 53.20563979781856
39 37 43 0.0 0.0 0.0 204.0 567.0 167.0 0.0 77.22007722007723
39 37 44 0.0 0.0 0.0 23.0 13.0 9.0 0.0 98.7166831194472
39 38 36 0.0 0.0 0.0 5.0 9.0 3.0 0.0 99.6512207274539
39 38 37 0.0 0.0 0.0 259.0 2110.0 396.0 1.0 50.339793606846214
39 38 38 0.0 0.0 0.0 690.0 6679.0 634.0 17.0 22.90688351849731
39 38 39 0.0 0.0 0.0 1759.0 7610.0 621.0 35.0 18.5563184264242
39 38 40 0.0 1.0 7.0 1041.0 9297.0 626.0 46.0 17.02562356346301
39 38 41 0.0 0.0 7.0 1400.0 9615.0 634.0 60.0 16.10435622835977
39 38 42 0.0 1.0 6.0 2048.0 7982.0 651.0 52.0 17.453529976437736
39 38 43 0.0 0.0 1.0 365.0 2600.0 429.0 2.0 44.25757911042266
39 38 44 0.0 0.0 0.0 34.0 36.0 23.0 0.0 97.79951100244499
39 39 36 0.0 0.0 0.0 12.0 37.0 13.0 0.0 98.23182711198429
39 39 37 0.0 0.0 0.0 216.0 2801.0 465.0 1.0 44.10143329658214
39 39 38 0.0 1.0 6.0 1080.0 9381.0 642.0 39.0 16.827934371055953
39 39 39 0.0 33.0 25.0 3498.0 13979.0 725.0 218.0 10.598834128245892
39 39 40 0.0 20.0 54.0 3782.0 14774.0 691.0 285.0 9.989511013435893
39 39 41 2.0 7.0 128.0 1977.0 18575.0 790.0 352.0 9.07235200725788
39 39 42 0.0 0.0 10.0 2180.0 9341.0 620.0 48.0 15.461925009663702
39 39 43 0.0 1.0 0.0 981.0 2194.0 457.0 2.0 42.69854824935952
39 39 44 0.0 0.0 0.0 14.0 22.0 9.0 0.0 98.81422924901186
39 40 36 0.0 0.0 0.0 14.0 36.0 11.0 0.0 98.52216748768474
39 40 37 0.0 0.0 0.0 710.0 2020.0 420.0 2.0 46.67444574095683
39 40 38 0.0 0.0 1.0 2475.0 8202.0 622.0 53.0 16.5371258475277
39 40 39 0.0 18.0 81.0 2870.0 16681.0 750.0 296.0 9.531525520659581
39 40 40 1.0 30.0 123.0 6292.0 15010.0 771.0 392.0 8.779631255487269
39 40 41 0.0 9.0 28.0 11482.0 7300.0 672.0 383.0 9.87313027595399
39 40 42 1.0 0.0 9.0 3602.0 7260.0 657.0 51.0 16.32786349906115
39 40 43 0.0 0.0 1.0 1858.0 1510.0 500.0 0.0 41.271151465125875
39 40 44 0.0 0.0 0.0 15.0 43.0 13.0 0.0 97.94319294809011
39 41 36 0.0 0.0 0.0 13.0 19.0 9.0 0.0 99.00990099009901
39 41 37 0.0 0.0 0.0 541.0 2120.0 400.0 2.0 47.303689687795654
39 41 38 0.0 0.0 2.0 3938.0 7118.0 706.0 64.0 16.13684040664838
39 41 39 0.0 4.0 35.0 2778.0 14521.0 710.0 222.0 10.681478316599017
39 41 40 0.0 23.0 54.0 5611.0 13447.0 725.0 325.0 9.771827820393804
39 41 41 2.0 26.0 89.0 7013.0 11204.0 719.0 317.0 10.144045445323595
39 41 42 0.0 2.0 11.0 7392.0 2800.0 614.0 56.0 17.19986240110079
39 41 43 0.0 0.0 0.0 1197.0 1137.0 361.0 0.0 50.620096178182735
39 41 44 0.0 0.0 0.0 21.0 9.0 7.0 0.0 99.25558312655086
39 42 36 0.0 0.0 0.0 15.0 7.0 6.0 0.0 99.25558312655086
39 42 37 0.0 0.0 0.0 397.0 854.0 263.0 0.0 67.22689075630252
39 42 38 0.0 1.0 0.0 1899.0 6171.0 589.0 27.0 21.04377104377104
39 42 39 0.0 0.0 0.0 1982.0 8001.0 617.0 31.0 17.571604287471448
39 42 40 0.0 0.0 0.0 2494.0 7627.0 658.0 55.0 17.41856819369448
39 42 41 5.0 15.0 54.0 2669.0 7433.0 714.0 39.0 17.38072477622317
39 42 42 0.0 0.0 0.0 4447.0 2262.0 617.0 20.0 24.6791707798618
39 42 43 0.0 0.0 0.0 1036.0 754.0 342.0 2.0 58.343057176196034
39 42 44 0.0 0.0 0.0 1.0 3.0 1.0 0.0 99.85022466300549
39 43 36 0.0 0.0 0.0 1.0 2.0 0.0 0.0 99.95002498750625
39 43 37 0.0 0.0 0.0 182.0 330.0 124.0 0.0 84.21052631578948
39 43 38 0.0 0.0 0.0 589.0 1242.0 318.0 0.0 57.3394495412844
39 43 39 0.0 0.0 0.0 718.0 1704.0 406.0 0.0 50.07511266900351
39 43 40 0.0 0.0 0.0 1000.0 1952.0 429.0 1.0 44.39511653718091
39 43 41 0.0 0.0 2.0 496.0 1392.0 325.0 0.0 56.737588652482266
39 43 42 0.0 0.0 0.0 495.0 374.0 206.0 0.0 75.8150113722517
39 43 43 0.0 0.0 0.0 333.0 32.0 100.0 0.0 88.53474988933156
39 43 44 0.0 0.0 0.0 3.0 3.0 2.0 0.0 99.8003992015968
39 44 37 0.0 0.0 0.0 1.0 0.0 0.0 0.0 99.95002498750625
39 44 38 0.0 0.0 0.0 1.0 9.0 2.0 0.0 99.70089730807578
39 44 39 0.0 0.0 0.0 13.0 16.0 7.0 0.0 99.05894006934125
39 44 40 0.0 0.0 0.0 9.0 14.0 4.0 0.0 99.30486593843099
39 44 41 0.0 0.0 0.0 5.0 10.0 3.0 0.0 99.50248756218906
39 44 42 0.0 0.0 0.0 2.0 5.0 1.0 0.0 99.85022466300549
39 44 43 0.0 0.0 0.0 3.0 0.0 1.0 0.0 99.95002498750625
40 36 37 0.0 0.0 0.0 1.0 5.0 2.0 0.0 99.85022466300549
40 36 38 0.0 0.0 0.0 4.0 6.0 1.0 0.0 99.75062344139651
40 36 39 0.0 0.0 0.0 8.0 24.0 7.0 0.0 99.10802775024779
40 36 40 0.0 0.0 0.0 13.0 54.0 15.0 0.0 97.84735812133073
40 36 41 0.0 0.0 0.0 9.0 75.0 24.0 0.0 97.27626459143968
40 36 42 0.0 0.0 0.0 6.0 28.0 8.0 0.0 99.05894006934125
40 36 43 0.0 0.0 0.0 1.0 11.0 3.0 0.0 99.6512207274539
40 37 36 0.0 0.0 0.0 0.0 6.0 1.0 0.0 99.85022466300549
40 37 37 0.0 0.0 0.0 64.0 365.0 114.0 0.0 86.65511265164645
40 37 38 0.0 0.0 0.0 408.0 1436.0 311.0 0.0 56.915196357427426
40 37 39 0.0 0.0 0.0 517.0 2385.0 463.0 1.0 45.269352648257126
40 37 40 0.0 0.0 2.0 839.0 2380.0 454.0 2.0 42.23864836325238
40 37 41 0.0 1.0 0.0 471.0 2514.0 430.0 2.0 44.1988950276243
40 37 42 0.0 0.0 0.0 494.0 1688.0 368.0 0.0 52.68703898840885
40 37 43 0.0 0.0 0.0 128.0 595.0 168.0 0.0 78.43137254901961
40 37 44 0.0 0.0 0.0 0.0 2.0 0.0 0.0 99.95002498750625
40 38 36 0.0 0.0 0.0 0.0 41.0 9.0 0.0 98.66798223976319
40 38 37 0.0 0.0 1.0 240.0 1850.0 346.0 0.0 53.73455131649651
40 38 38 0.0 0.0 4.0 841.0 7947.0 586.0 26.0 19.514098936481606
40 38 39 0.0 1.0 2.0 2052.0 7801.0 607.0 43.0 17.83007934385308
40 38 40 0.0 2.0 11.0 2345.0 9069.0 624.0 71.0 15.625
40 38 41 0.0 0.0 2.0 1981.0 9036.0 677.0 48.0 16.160310277957336
40 38 42 3.0 16.0 31.0 3707.0 5257.0 698.0 31.0 19.34423058322855
40 38 43 1.0 0.0 5.0 430.0 1609.0 382.0 0.0 54.929964295523206
40 38 44 0.0 0.0 0.0 19.0 23.0 11.0 0.0 98.7166831194472
40 39 36 0.0 0.0 0.0 12.0 21.0 9.0 0.0 99.05894006934125
40 39 37 0.0 0.0 0.0 738.0 2198.0 417.0 2.0 44.533511467379206
40 39 38 0.0 3.0 3.0 893.0 10385.0 639.0 55.0 15.802781289506953
40 39 39 0.0 24.0 52.0 3509.0 15685.0 728.0 321.0 9.675858732462505
40 39 40 2.0 26.0 47.0 3655.0 16042.0 707.0 334.0 9.47059380623165
40 39 41 3.0 17.0 72.0 5516.0 13593.0 746.0 284.0 9.734254842791785
40 39 42 0.0 1.0 8.0 3222.0 7667.0 614.0 60.0 16.269421622061333
40 39 43 0.0 0.0 1.0 872.0 2471.0 429.0 1.0 40.79135223332653
40 39 44 0.0 0.0 0.0 32.0 22.0 16.0 0.0 98.57072449482504
40 40 36 0.0 0.0 0.0 17.0 35.0 8.0 0.0 98.4251968503937
40 40 37 0.0 0.0 0.0 914.0 2604.0 459.0 1.0 39.761431411530815
40 40 38 1.0 0.0 4.0 3222.0 8566.0 644.0 70.0 15.166451808599378
40 40 39 0.0 30.0 70.0 4122.0 16117.0 740.0 344.0 9.22807179439856
40 40 40 14.0 553.0 1135.0 15246.0 34976.0 2190.0 3063.0 3.808725790786692
40 40 41 1.0 44.0 137.0 7047.0 13731.0 776.0 360.0 8.986744551786115
40 40 42 1.0 1.0 20.0 3573.0 8134.0 663.0 66.0 15.313935681470138
40 40 43 0.0 0.0 0.0 1243.0 1682.0 416.0 2.0 44.56327985739751
40 40 44 0.0 0.0 0.0 9.0 47.0 12.0 0.0 98.0872976949485
40 41 36 0.0 0.0 0.0 11.0 36.0 9.0 0.0 98.57072449482504
40 41 37 0.0 0.0 0.0 1106.0 2136.0 453.0 1.0 41.99916001679966
40 41 38 0.0 0.0 2.0 2848.0 7745.0 626.0 45.0 16.680567139282736
40 41 39 0.0 3.0 35.0 9229.0 9873.0 704.0 387.0 9.758953840148337
40 41 40 0.0 26.0 65.0 5402.0 15033.0 744.0 348.0 9.149967975112087
40 41 41 3.0 13.0 92.0 6472.0 11600.0 754.0 240.0 10.25010250102501
40 41 42 0.0 1.0 5.0 4938.0 5589.0 645.0 54.0 16.775708773695687
40 41 43 0.0 0.0 1.0 977.0 1214.0 363.0 1.0 52.854122621564485
40 41 44 0.0 0.0 0.0 27.0 34.0 18.0 0.0 98.13542688910698
40 42 36 0.0 0.0 0.0 21.0 11.0 6.0 0.0 98.86307464162135
40 42 37 0.0 0.0 0.0 398.0 1634.0 336.0 0.0 54.36259853220984
40 42 38 0.0 0.0 0.0 4940.0 2617.0 612.0 22.0 22.341376228775694
40 42 39 0.0 0.0 7.0 6735.0 4012.0 630.0 62.0 16.421709499958947
40 42 40 0.0 0.0 12.0 3119.0 8333.0 630.0 74.0 15.533980582524272
40 42 41 0.0 1.0 7.0 3648.0 6311.0 601.0 51.0 17.608733932030287
40 42 42 1.0 0.0 4.0 4871.0 1969.0 547.0 16.0 24.024024024024026
40 42 43 0.0 0.0 0.0 1141.0 735.0 325.0 0.0 56.51313930488839
40 42 44 0.0 0.0 0.0 19.0 6.0 8.0 0.0 99.25558312655086
40 43 36 0.0 0.0 0.0 6.0 2.0 1.0 0.0 99.85022466300549
40 43 37 0.0 0.0 0.0 351.0 430.0 194.0 0.0 77.5494377665762
40 43 38 0.0 0.0 0.0 910.0 790.0 314.0 5.0 59.38242280285035
40 43 39 0.0 0.0 0.0 962.0 1892.0 467.0 1.0 45.93477262287551
40 43 40 0.0 0.0 0.0 1216.0 1750.0 425.0 3.0 44.316419233325945
40 43 41 0.0 0.0 3.0 1321.0 1275.0 408.0 1.0 47.95013186286262
40 43 42 0.0 0.0 0.0 794.0 612.0 281.0 0.0 64.3707756678468
40 43 43 0.0 0.0 0.0 641.0 122.0 176.0 0.0 77.30962504831852
40 43 44 0.0 0.0 0.0 8.0 1.0 3.0 0.0 99.75062344139651
40 44 36 0.0 0.0 0.0 1.0 0.0 0.0 0.0 99.95002498750625
40 44 37 0.0 0.0 0.0 3.0 9.0 3.0 0.0 99.75062344139651
40 44 38 0.0 0.0 0.0 16.0 7.0 6.0 0.0 99.45300845350572
40 44 39 0.0 0.0 0.0 20.0 21.0 10.0 0.0 98.7166831194472
40 44 40 0.0 0.0 0.0 16.0 22.0 5.0 0.0 98.81422924901186
40 44 41 0.0 0.0 0.0 5.0 14.0 6.0 0.0 99.40357852882704
40 44 42 0.0 0.0 0.0 8.0 0.0 1.0 0.0 99.85022466300549
40 44 43 0.0 0.0 0.0 0.0 1.0 0.0 0.0 99.95002498750625
41 36 37 0.0 0.0 0.0 1.0 10.0 2.0 0.0 99.6512207274539
41 36 38 0.0 0.0 0.0 0.0 12.0 5.0 0.0 99.70089730807578
41 36 39 0.0 0.0 0.0 8.0 44.0 14.0 0.0 98.28009828009827
41 36 40 0.0 0.0 0.0 1.0 43.0 10.0 0.0 98.66798223976319
41 36 41 0.0 0.0 0.0 5.0 35.0 9.0 0.0 98.86307464162135
41 36 42 0.0 0.0 0.0 2.0 22.0 6.0 0.0 99.25558312655086
41 36 43 0.0 0.0 0.0 0.0 1.0 0.0 0.0 99.95002498750625
41 37 36 0.0 0.0 0.0 0.0 4.0 1.0 0.0 99.95002498750625
41 37 37 0.0 0.0 0.0 37.0 757.0 162.0 0.0 76.33587786259541
41 37 38 0.0 0.0 0.0 282.0 1934.0 400.0 1.0 52.52100840336135
41 37 39 0.0 0.0 0.0 539.0 2295.0 437.0 1.0 45.74565416285453
41 37 40 0.0 0.0 0.0 571.0 2661.0 489.0 2.0 42.417815482502654
41 37 41 0.0 0.0 0.0 384.0 2565.0 472.0 0.0 44.86316733961417
41 37 42 0.0 0.0 1.0 280.0 1154.0 285.0 0.0 63.89776357827476
41 37 43 0.0 0.0 0.0 120.0 332.0 118.0 0.0 86.16975441619991
41 37 44 0.0 0.0 0.0 0.0 11.0 3.0 0.0 99.70089730807578
41 38 36 0.0 0.0 0.0 5.0 26.0 7.0 0.0 99.00990099009901
41 38 37 0.0 0.0 0.0 143.0 1838.0 330.0 1.0 54.99037668408029
41 38 38 0.0 0.0 1.0 941.0 7430.0 619.0 27.0 20.401917780271344
41 38 39 0.0 1.0 2.0 1268.0 8986.0 621.0 40.0 17.20134170465296
41 38 40 0.0 0.0 5.0 1410.0 10423.0 669.0 59.0 15.11715797430083
41 38 41 3.0 0.0 11.0 989.0 8975.0 667.0 35.0 17.63046544428773
41 38 42 0.0 0.0 1.0 861.0 6757.0 618.0 27.0 22.177866489243733
41 38 43 0.0 0.0 0.0 261.0 1249.0 306.0 0.0 62.67627702914447
41 38 44 0.0 0.0 0.0 5.0 13.0 6.0 0.0 99.50248756218906
41 39 36 0.0 0.0 0.0 1.0 21.0 6.0 0.0 99.45300845350572
41 39 37 0.0 0.0 0.0 121.0 3491.0 479.0 3.0 39.15426781519185
41 39 38 0.0 1.0 7.0 1758.0 8480.0 670.0 40.0 17.27563272004837
41 39 39 4.0 60.0 134.0 3686.0 16335.0 812.0 321.0 9.257973429616257
41 39 40 4.0 15.0 67.0 6138.0 12425.0 741.0 272.0 10.005503026664666
41 39 41 1.0 9.0 38.0 4921.0 12492.0 710.0 216.0 10.605016172649663
41 39 42 0.0 1.0 29.0 1986.0 8835.0 629.0 54.0 16.32386549134835
41 39 43 0.0 0.0 0.0 478.0 2022.0 434.0 0.0 49.71414367387522
41 39 44 0.0 0.0 0.0 6.0 58.0 13.0 0.0 97.75171065493647
41 40 36 0.0 0.0 0.0 22.0 41.0 15.0 0.0 98.23182711198429
41 40 37 0.0 0.0 0.0 680.0 2474.0 478.0 3.0 42.927666881304994
41 40 38 0.0 1.0 3.0 2538.0 7599.0 669.0 45.0 17.423120480878122
41 40 39 0.0 11.0 49.0 5512.0 13764.0 690.0 309.0 9.640412609659695
41 40 40 1.0 34.0 83.0 9999.0 11157.0 780.0 463.0 8.859357696566999
41 40 41 1.0 74.0 179.0 5437.0 17296.0 892.0 486.0 8.239607794668974
41 40 42 0.0 5.0 11.0 2546.0 8724.0 633.0 65.0 15.78407386946571
41 40 43 0.0 0.0 0.0 1138.0 2168.0 451.0 0.0 41.347942939838745
41 40 44 0.0 0.0 0.0 46.0 23.0 18.0 0.0 97.65625
41 41 36 0.0 0.0 0.0 20.0 15.0 8.0 0.0 98.96091044037605
41 41 37 0.0 0.0 0.0 1532.0 778.0 393.0 1.0 51.440329218106996
41 41 38 0.0 0.0 2.0 5895.0 3971.0 646.0 46.0 17.75883502042266
41 41 39 0.0 7.0 44.0 9439.0 8382.0 744.0 301.0 10.39717196922437
41 41 40 2.0 5.0 60.0 6051.0 12664.0 703.0 303.0 9.906875371507827
41 41 41 1.0 10.0 69.0 8780.0 8913.0 762.0 263.0 10.489327109665915
41 41 42 0.0 3.0 7.0 5738.0 3915.0 683.0 60.0 18.168604651162788
41 41 43 0.0 0.0 0.0 1261.0 1894.0 452.0 2.0 42.75331338178709
41 41 44 0.0 0.0 0.0 28.0 40.0 13.0 0.0 97.60858955588093
41 42 36 0.0 0.0 0.0 4.0 17.0 6.0 0.0 99.35419771485346
41 42 37 0.0 0.0 0.0 656.0 722.0 261.0 0.0 64.76683937823834
41 42 38 0.0 0.0 1.0 3465.0 4698.0 616.0 31.0 20.868113522537563
41 42 39 1.0 0.0 1.0 4677.0 5230.0 645.0 49.0 17.74937877174299
41 42 40 0.0 2.0 1.0 7878.0 3349.0 609.0 82.0 15.8052789631737
41 42 41 0.0 0.0 3.0 3881.0 5281.0 632.0 34.0 18.951956789538517
41 42 42 0.0 0.0 1.0 2387.0 4391.0 574.0 13.0 24.31019812811474
41 42 43 0.0 0.0 0.0 741.0 473.0 250.0 0.0 68.09669731018045
41 42 44 0.0 0.0 0.0 9.0 2.0 2.0 0.0 99.70089730807578
41 43 36 0.0 0.0 0.0 7.0 2.0 1.0 0.0 99.70089730807578
41 43 37 0.0 0.0 0.0 329.0 68.0 95.0 0.0 87.4125874125874
41 43 38 0.0 0.0 0.0 942.0 719.0 311.0 0.0 59.898173105720275
41 43 39 0.0 0.0 0.0 2146.0 594.0 423.0 2.0 46.49000464900047
41 43 40 0.0 0.0 1.0 1495.0 1836.0 451.0 3.0 41.10152075626799
41 43 41 0.0 0.0 0.0 1384.0 1209.0 416.0 1.0 48.08848280836739
41 43 42 0.0 0.0 0.0 506.0 435.0 210.0 0.0 74.07407407407408
41 43 43 0.0 0.0 0.0 115.0 130.0 70.0 0.0 92.16589861751153
41 43 44 0.0 0.0 0.0 7.0 0.0 3.0 0.0 99.8003992015968
41 44 38 0.0 0.0 0.0 18.0 1.0 6.0 0.0 99.40357852882704
41 44 39 0.0 0.0 0.0 17.0 41.0 18.0 0.0 98.52216748768474
41 44 40 0.0 0.0 0.0 19.0 19.0 6.0 0.0 98.76543209876543
41 44 41 0.0 0.0 0.0 8.0 19.0 6.0 0.0 99.2063492063492
41 44 42 0.0 0.0 0.0 12.0 3.0 4.0 0.0 99.55201592832255
41 44 43 0.0 0.0 0.0 0.0 1.0 0.0 0.0 99.95002498750625
42 36 36 0.0 0.0 0.0 0.0 1.0 0.0 0.0 99.95002498750625
42 36 37 0.0 0.0 0.0 0.0 2.0 0.0 0.0 0.0
42 36 38 0.0 0.0 0.0 0.0 14.0 3.0 0.0 99.6512207274539
42 36 39 0.0 0.0 0.0 0.0 36.0 10.0 0.0 98.76543209876543
42 36 40 0.0 0.0 0.0 2.0 21.0 5.0 0.0 99.1571641051066
42 36 41 0.0 0.0 0.0 2.0 16.0 5.0 0.0 99.45300845350572
42 36 42 0.0 0.0 0.0 1.0 7.0 0.0 0.0 99.75062344139651
42 36 43 0.0 0.0 0.0 0.0 2.0 0.0 0.0 0.0
42 37 36 0.0 0.0 0.0 0.0 1.0 0.0 0.0 0.0
42 37 37 0.0 0.0 0.0 60.0 492.0 113.0 0.0 82.23684210526316
42 37 38 0.0 0.0 0.0 312.0 847.0 276.0 0.0 69.78367062107466
42 37 39 0.0 0.0 0.0 176.0 1706.0 331.0 0.0 56.65722379603399
42 37 40 0.0 0.0 0.0 304.0 2198.0 419.0 1.0 49.24895345973898
42 37 41 0.0 0.0 0.0 154.0 2285.0 389.0 1.0 49.56629491945477
42 37 42 0.0 0.0 0.0 64.0 649.0 159.0 0.0 78.95775759968417
42 37 43 0.0 0.0 0.0 41.0 143.0 48.0 0.0 94.16195856873823
42 37 44 0.0 0.0 0.0 1.0 2.0 0.0 0.0 99.90009990009992
42 38 36 0.0 0.0 0.0 0.0 5.0 2.0 0.0 99.85022466300549
42 38 37 0.0 0.0 0.0 192.0 1316.0 323.0 1.0 63.231109705975335
42 38 38 0.0 1.0 4.0 332.0 8913.0 654.0 39.0 18.754688672168044
42 38 39 2.0 7.0 26.0 1581.0 6013.0 647.0 16.0 22.214817283127847
42 38 40 0.0 0.0 5.0 2966.0 5940.0 586.0 25.0 19.306882903755188
42 38 41 0.0 0.0 1.0 2063.0 5918.0 601.0 30.0 21.199915200339195
42 38 42 0.0 0.0 3.0 1472.0 3543.0 533.0 13.0 30.788177339901477
42 38 43 0.0 0.0 0.0 90.0 613.0 184.0 0.0 79.58615200955035
42 38 44 0.0 0.0 0.0 2.0 5.0 2.0 0.0 99.90009990009992
42 39 36 0.0 0.0 0.0 0.0 25.0 8.0 0.0 99.25558312655086
42 39 37 0.0 0.0 0.0 236.0 1457.0 295.0 0.0 59.10165484633569
42 39 38 0.0 0.0 10.0 1033.0 6653.0 612.0 15.0 21.934634788330772
42 39 39 0.0 1.0 12.0 2940.0 7432.0 633.0 52.0 16.99235344095157
42 39 40 0.0 0.0 2.0 4081.0 7466.0 598.0 57.0 15.402387370042357
42 39 41 0.0 2.0 2.0 4479.0 5925.0 626.0 50.0 16.964967342437866
42 39 42 0.0 5.0 2.0 1490.0 6910.0 607.0 25.0 20.35830618892508
42 39 43 0.0 0.0 0.0 126.0 1408.0 320.0 0.0 62.48047485160887
42 39 44 0.0 0.0 0.0 3.0 25.0 5.0 0.0 98.91196834817013
42 40 36 0.0 0.0 0.0 18.0 22.0 13.0 0.0 98.86307464162135
42 40 37 0.0 0.0 0.0 427.0 1499.0 335.0 0.0 56.02240896358543
42 40 38 0.0 0.0 4.0 1511.0 6747.0 655.0 23.0 20.809489127041928
42 40 39 0.0 2.0 12.0 5690.0 5704.0 645.0 78.0 15.634771732332709
42 40 40 0.0 4.0 21.0 4718.0 7289.0 667.0 82.0 14.971180477580658
42 40 41 0.0 1.0 13.0 2478.0 8768.0 674.0 50.0 15.821533106558025
42 40 42 0.0 0.0 8.0 1669.0 7794.0 632.0 39.0 18.365472910927455
42 40 43 0.0 0.0 0.0 596.0 1872.0 365.0 2.0 49.00759617740751
42 40 44 0.0 0.0 0.0 5.0 21.0 5.0 0.0 99.1571641051066
42 41 36 0.0 0.0 0.0 12.0 9.0 5.0 0.0 99.25558312655086
42 41 37 0.0 0.0 0.0 1096.0 756.0 334.0 1.0 57.126535275635526
42 41 38 0.0 0.0 0.0 1611.0 6010.0 610.0 18.0 22.141038414701647
42 41 39 0.0 1.0 5.0 3799.0 6530.0 663.0 58.0 17.07650273224044
42 41 40 0.0 1.0 1.0 4384.0 6448.0 638.0 53.0 16.34921932477724
42 41 41 0.0 6.0 3.0 6777.0 4038.0 661.0 60.0 16.31454441634717
42 41 42 0.0 1.0 1.0 5269.0 3314.0 592.0 33.0 19.948134849391582
42 41 43 0.0 0.0 0.0 1002.0 1038.0 365.0 0.0 54.65974309920744
42 41 44 0.0 0.0 0.0 10.0 25.0 9.0 0.0 98.86307464162135
42 42 36 0.0 0.0 0.0 8.0 2.0 0.0 0.0 99.60159362549801
42 42 37 0.0 0.0 0.0 523.0 406.0 218.0 0.0 74.04664938911515
42 42 38 0.0 0.0 0.0 5963.0 1211.0 578.0 21.0 23.15618849137432
42 42 39 0.0 0.0 2.0 1776.0 6438.0 598.0 24.0 20.736132711249354
42 42 40 0.0 0.0 0.0 4391.0 3169.0 587.0 24.0 22.254367419606098
42 42 41 0.0 0.0 2.0 3739.0 4358.0 620.0 38.0 21.02165230187093
42 42 42 0.0 0.0 0.0 1962.0 3528.0 562.0 11.0 28.781119585551878
42 42 43 0.0 0.0 1.0 279.0 576.0 214.0 0.0 76.24857033930613
42 42 44 0.0 0.0 0.0 13.0 7.0 8.0 0.0 99.50248756218906
42 43 36 0.0 0.0 0.0 3.0 0.0 1.0 0.0 99.95002498750625
42 43 37 0.0 0.0 0.0 1037.0 120.0 264.0 2.0 69.15629322268326
42 43 38 0.0 0.0 0.0 347.0 432.0 184.0 0.0 77.39938080495355
42 43 39 0.0 0.0 0.0 1543.0 337.0 311.0 2.0 56.19556055071649
42 43 40 0.0 0.0 0.0 1154.0 532.0 328.0 1.0 59.916117435590174
42 43 41 0.0 0.0 0.0 996.0 906.0 337.0 1.0 56.36978579481398
42 43 42 0.0 0.0 0.0 376.0 291.0 151.0 0.0 80.0
42 43 43 0.0 0.0 0.0 44.0 108.0 38.0 0.0 94.8316737790422
42 43 44 0.0 0.0 0.0 3.0 0.0 0.0 0.0 99.85022466300549
42 44 37 0.0 0.0 0.0 1.0 0.0 0.0 0.0 0.0
42 44 38 0.0 0.0 0.0 4.0 0.0 1.0 0.0 99.95002498750625
42 44 39 0.0 0.0 0.0 52.0 5.0 15.0 0.0 98.37678307919332
42 44 40 0.0 0.0 0.0 40.0 10.0 16.0 0.0 98.52216748768474
42 44 41 0.0 0.0 0.0 31.0 6.0 10.0 0.0 98.76543209876543
42 44 42 0.0 0.0 0.0 3.0 17.0 5.0 0.0 99.30486593843099
42 44 44 0.0 0.0 0.0 1.0 0.0 0.0 0.0 0.0
43 36 36 0.0 0.0 0.0 0.0 1.0 0.0 0.0 99.95002498750625
43 36 37 0.0 0.0 0.0 2.0 0.0 1.0 0.0 99.95002498750625
43 36 38 0.0 0.0 0.0 0.0 1.0 0.0 0.0 99.95002498750625
43 36 39 0.0 0.0 0.0 1.0 7.0 2.0 0.0 99.85022466300549
43 36 40 0.0 0.0 0.0 0.0 6.0 1.0 0.0 99.75062344139651
43 36 41 0.0 0.0 0.0 0.0 5.0 1.0 0.0 99.90009990009992
43 36 42 0.0 0.0 0.0 0.0 1.0 0.0 0.0 0.0
43 37 36 0.0 0.0 0.0 0.0 1.0 0.0 0.0 0.0
43 37 37 0.0 0.0 0.0 2.0 252.0 64.0 0.0 91.61704076958316
43 37 38 0.0 0.0 0.0 28.0 415.0 97.0 0.0 85.5431993156544
43 37 39 0.0 0.0 0.0 107.0 494.0 132.0 0.0 81.3338755591704
43 37 40 0.0 0.0 1.0 424.0 329.0 189.0 0.0 78.24726134585289
43 37 41 0.0 0.0 0.0 137.0 318.0 115.0 0.0 85.76329331046313
43 37 42 0.0 0.0 0.0 32.0 152.0 48.0 0.0 93.85265133740027
43 37 43 0.0 0.0 0.0 16.0 32.0 14.0 0.0 98.32841691248773
43 38 36 0.0 0.0 0.0 0.0 2.0 1.0 0.0 99.95002498750625
43 38 37 0.0 0.0 3.0 2.0 1054.0 227.0 0.0 70.57163020465772
43 38 38 0.0 0.0 0.0 176.0 1135.0 272.0 2.0 66.24710168930109
43 38 39 0.0 0.0 0.0 867.0 1601.0 417.0 2.0 49.44375772558715
43 38 40 0.0 0.0 1.0 754.0 999.0 324.0 0.0 58.73715124816446
43 38 41 0.0 0.0 0.0 458.0 1305.0 335.0 0.0 58.77167205406994
43 38 42 0.0 0.0 0.0 215.0 1053.0 292.0 0.0 67.43088334457181
43 38 43 0.0 0.0 0.0 7.0 223.0 54.0 0.0 92.03865623561896
43 38 44 0.0 0.0 0.0 0.0 2.0 0.0 0.0 99.90009990009992
43 39 36 0.0 0.0 0.0 1.0 2.0 0.0 0.0 0.0
43 39 37 0.0 0.0 0.0 177.0 500.0 169.0 0.0 79.96801279488206
43 39 38 0.0 0.0 0.0 522.0 1915.0 390.0 2.0 49.59087527894868
43 39 39 0.0 0.0 0.0 1064.0 1858.0 405.0 2.0 44.424700133274094
43 39 40 1.0 0.0 0.0 1423.0 1910.0 482.0 1.0 41.43360265175057
43 39 41 0.0 0.0 0.0 877.0 1854.0 403.0 1.0 46.29629629629629
43 39 42 0.0 0.0 0.0 426.0 1565.0 347.0 0.0 55.23336095001381
43 39 43 0.0 0.0 0.0 30.0 545.0 142.0 0.0 82.47422680412372
43 39 44 0.0 0.0 0.0 0.0 8.0 3.0 0.0 99.75062344139651
43 40 36 0.0 0.0 0.0 6.0 1.0 1.0 0.0 99.75062344139651
43 40 37 0.0 0.0 0.0 76.0 612.0 168.0 0.0 79.58615200955035
43 40 38 0.0 0.0 0.0 561.0 1616.0 384.0 0.0 53.13496280552603
43 40 39 0.0 1.0 0.0 1556.0 2112.0 477.0 2.0 38.58024691358025
43 40 40 0.0 0.0 0.0 1551.0 2075.0 498.0 1.0 39.23876790268786
43 40 41 0.0 1.0 0.0 1973.0 1466.0 459.0 2.0 40.502227622519236
43 40 42 0.0 0.0 0.0 1391.0 1039.0 390.0 0.0 49.838026414154
43 40 43 0.0 0.0 0.0 209.0 483.0 164.0 0.0 79.55449482895783
43 40 44 0.0 0.0 0.0 0.0 4.0 2.0 0.0 99.90009990009992
43 41 36 0.0 0.0 0.0 0.0 1.0 0.0 0.0 99.95002498750625
43 41 37 0.0 0.0 0.0 402.0 301.0 176.0 0.0 79.4912559618442
43 41 38 0.0 0.0 0.0 1007.0 836.0 336.0 1.0 57.388809182209464
43 41 39 0.0 0.0 0.0 1068.0 1205.0 367.0 3.0 51.77323323841574
43 41 40 0.0 0.0 0.0 1538.0 1765.0 463.0 4.0 41.390728476821195
43 41 41 0.0 0.0 0.0 1536.0 1687.0 458.0 2.0 42.14075010535187
43 41 42 0.0 0.0 0.0 916.0 1479.0 385.0 2.0 50.050050050050054
43 41 43 0.0 0.0 0.0 350.0 559.0 223.0 0.0 74.62686567164178
43 41 44 0.0 0.0 0.0 2.0 1.0 0.0 0.0 99.90009990009992
43 42 37 0.0 0.0 0.0 179.0 172.0 92.0 0.0 88.80994671403198
43 42 38 0.0 0.0 0.0 1669.0 267.0 336.0 0.0 55.60189046427578
43 42 39 0.0 0.0 0.0 919.0 866.0 335.0 0.0 58.241118229470004
43 42 40 0.0 0.0 0.0 935.0 1233.0 371.0 1.0 53.02226935312831
43 42 41 0.0 0.0 0.0 877.0 803.0 320.0 0.0 59.898173105720275
43 42 42 0.0 0.0 1.0 851.0 362.0 255.0 0.0 67.88866259334691
43 42 43 0.0 0.0 0.0 921.0 90.0 228.0 0.0 72.09805335255948
43 42 44 0.0 0.0 0.0 8.0 0.0 3.0 0.0 99.8003992015968
43 43 36 0.0 0.0 0.0 1.0 0.0 0.0 0.0 0.0
43 43 37 0.0 0.0 0.0 71.0 0.0 18.0 0.0 97.5609756097561
43 43 38 0.0 0.0 0.0 378.0 175.0 145.0 0.0 83.36807002917882
43 43 39 0.0 0.0 0.0 333.0 180.0 134.0 0.0 84.38818565400844
43 43 40 0.0 0.0 0.0 546.0 169.0 171.0 0.0 78.95775759968417
43 43 41 0.0 0.0 0.0 160.0 331.0 123.0 0.0 84.81764206955046
43 43 42 0.0 0.0 0.0 394.0 129.0 130.0 0.0 83.89261744966443
43 43 43 0.0 0.0 0.0 7.0 15.0 8.0 0.0 99.40357852882704
43 44 37 0.0 0.0 0.0 2.0 0.0 0.0 0.0 99.90009990009992
43 44 39 0.0 0.0 0.0 9.0 1.0 3.0 0.0 99.70089730807578
43 44 40 0.0 0.0 0.0 1.0 0.0 0.0 0.0 0.0
43 44 41 0.0 0.0 0.0 4.0 5.0 2.0 0.0 99.75062344139651
43 44 42 0.0 0.0 0.0 6.0 0.0 2.0 0.0 99.8003992015968
44 37 37 0.0 0.0 0.0 0.0 2.0 1.0 0.0 99.95002498750625
44 37 38 0.0 0.0 0.0 1.0 3.0 1.0 0.0 99.90009990009992
44 37 39 0.0 0.0 0.0 0.0 1.0 0.0 0.0 0.0
44 37 40 0.0 0.0 0.0 2.0 5.0 2.0 0.0 99.90009990009992
44 37 41 0.0 0.0 0.0 1.0 1.0 0.0 0.0 99.95002498750625
44 37 42 0.0 0.0 0.0 0.0 2.0 1.0 0.0 99.95002498750625
44 37 43 0.0 0.0 0.0 0.0 5.0 2.0 0.0 99.90009990009992
44 38 37 0.0 0.0 0.0 0.0 4.0 1.0 0.0 99.85022466300549
44 38 38 0.0 0.0 0.0 2.0 3.0 0.0 0.0 99.85022466300549
44 38 39 0.0 0.0 0.0 9.0 23.0 6.0 0.0 99.05894006934125
44 38 40 0.0 0.0 0.0 9.0 10.0 4.0 0.0 99.45300845350572
44 38 41 0.0 0.0 0.0 37.0 15.0 14.0 0.0 98.23182711198429
44 38 42 0.0 0.0 0.0 1.0 43.0 9.0 0.0 98.4251968503937
44 38 43 0.0 0.0 0.0 0.0 6.0 2.0 0.0 99.85022466300549
44 39 36 0.0 0.0 0.0 0.0 1.0 0.0 0.0 0.0
44 39 37 0.0 0.0 0.0 1.0 11.0 2.0 0.0 99.6512207274539
44 39 38 0.0 0.0 0.0 29.0 14.0 11.0 0.0 98.86307464162135
44 39 39 0.0 0.0 0.0 13.0 35.0 13.0 0.0 98.52216748768474
44 39 40 0.0 0.0 0.0 24.0 17.0 8.0 0.0 98.7166831194472
44 39 41 0.0 0.0 0.0 57.0 34.0 31.0 0.0 97.27626459143968
44 39 42 0.0 0.0 0.0 0.0 14.0 3.0 0.0 99.50248756218906
44 39 43 0.0 0.0 0.0 4.0 2.0 2.0 0.0 99.85022466300549
44 39 44 0.0 0.0 0.0 0.0 6.0 3.0 0.0 99.85022466300549
44 40 37 0.0 0.0 0.0 1.0 5.0 1.0 0.0 99.75062344139651
44 40 38 0.0 0.0 0.0 9.0 31.0 9.0 0.0 98.86307464162135
44 40 39 0.0 0.0 0.0 15.0 50.0 16.0 0.0 97.84735812133073
44 40 40 0.0 0.0 0.0 34.0 28.0 16.0 0.0 98.13542688910698
44 40 41 0.0 0.0 0.0 42.0 30.0 18.0 0.0 97.79951100244499
44 40 42 0.0 0.0 0.0 4.0 15.0 5.0 0.0 99.40357852882704
44 40 43 0.0 0.0 0.0 17.0 8.0 7.0 0.0 99.2063492063492
44 40 44 0.0 0.0 0.0 0.0 1.0 0.0 0.0 0.0
44 41 37 0.0 0.0 0.0 6.0 5.0 3.0 0.0 99.6512207274539
44 41 38 0.0 0.0 0.0 1.0 7.0 0.0 0.0 99.75062344139651
44 41 39 0.0 0.0 0.0 41.0 57.0 27.0 0.0 96.8054211035818
44 41 40 0.0 0.0 0.0 17.0 35.0 13.0 0.0 98.4251968503937
44 41 41 0.0 0.0 0.0 11.0 34.0 10.0 0.0 98.66798223976319
44 41 42 0.0 0.0 0.0 28.0 3.0 9.0 0.0 99.00990099009901
44 41 43 0.0 0.0 0.0 7.0 7.0 2.0 0.0 99.40357852882704
44 42 36 0.0 0.0 0.0 0.0 1.0 0.0 0.0 99.95002498750625
44 42 37 0.0 0.0 0.0 4.0 0.0 1.0 0.0 99.90009990009992
44 42 38 0.0 0.0 0.0 6.0 3.0 2.0 0.0 99.70089730807578
44 42 39 0.0 0.0 0.0 14.0 5.0 6.0 0.0 99.45300845350572
44 42 40 0.0 0.0 0.0 22.0 15.0 11.0 0.0 98.7166831194472
44 42 41 0.0 0.0 0.0 14.0 6.0 5.0 0.0 99.30486593843099
44 42 42 0.0 0.0 0.0 6.0 0.0 0.0 0.0 99.8003992015968
44 42 44 0.0 0.0 0.0 1.0 0.0 0.0 0.0 99.95002498750625
44 43 37 0.0 0.0 0.0 4.0 1.0 2.0 0.0 99.90009990009992
44 43 38 0.0 0.0 0.0 3.0 1.0 0.0 0.0 99.95002498750625
44 43 39 0.0 0.0 0.0 3.0 0.0 1.0 0.0 99.95002498750625
44 43 40 0.0 0.0 0.0 5.0 10.0 5.0 0.0 99.50248756218906
44 43 41 0.0 0.0 0.0 1.0 6.0 2.0 0.0 99.8003992015968
44 43 42 0.0 0.0 0.0 0.0 3.0 1.0 0.0 99.90009990009992
44 44 37 0.0 0.0 0.0 1.0 0.0 0.0 0.0 99.95002498750625
44 44 39 0.0 0.0 0.0 1.0 0.0 0.0 0.0 99.95002498750625
