0.0
0.0
1.0
1.0
2.0
4.0
1.0
5.0
7.0
12.0
7.0
10.0
14.0
18.0
15.0
20.0
16.0
14.0
20.0
15.0
17.0
22.0
27.0
27.0
31.0
29.0
32.0
29.0
31.0
33.0
44.0
43.0
59.0
43.0
51.0
72.0
57.0
68.0
69.0
73.0
81.0
116.0
101.0
121.0
132.0
130.0
154.0
167.0
185.0
158.0
197.0
229.0
233.0
257.0
255.0
302.0
290.0
322.0
310.0
322.0
376.0
403.0
379.0
437.0
469.0
461.0
511.0
549.0
595.0
612.0
678.0
733.0
771.0
813.0
816.0
862.0
896.0
979.0
996.0
1114.0
1122.0
1161.0
1190.0
1256.0
1367.0
1387.0
1454.0
1507.0
1594.0
1680.0
1744.0
1836.0
1949.0
2025.0
2027.0
2082.0
2220.0
2315.0
2432.0
2605.0
2690.0
2718.0
2910.0
2845.0
3096.0
3193.0
3373.0
3442.0
3591.0
3659.0
3891.0
4072.0
4196.0
4233.0
4452.0
4750.0
4733.0
5065.0
5204.0
5361.0
5528.0
5744.0
6058.0
6193.0
6364.0
6463.0
6743.0
7078.0
7346.0
7465.0
7634.0
7947.0
8201.0
8466.0
8756.0
8973.0
9265.0
9602.0
9670.0
10093.0
10376.0
10699.0
11046.0
11412.0
11696.0
12049.0
12425.0
12938.0
13123.0
13664.0
13929.0
14350.0
14757.0
15076.0
15526.0
16001.0
16398.0
17062.0
17440.0
17937.0
18451.0
18939.0
19303.0
20229.0
20619.0
21239.0
21524.0
22184.0
22922.0
23442.0
24034.0
24661.0
25146.0
25723.0
26339.0
26851.0
27979.0
28448.0
28992.0
29973.0
30652.0
31525.0
32403.0
32901.0
33717.0
34440.0
35179.0
35668.0
36865.0
37805.0
38500.0
39358.0
40460.0
41316.0
42000.0
42894.0
43730.0
45308.0
45998.0
46936.0
47726.0
49198.0
50278.0
50884.0
52192.0
53195.0
54317.0
55055.0
56553.0
57246.0
58744.0
59729.0
61798.0
62571.0
63450.0
64712.0
65782.0
67708.0
68746.0
70100.0
71383.0
72530.0
73670.0
75829.0
76859.0
77658.0
80030.0
81091.0
82380.0
83890.0
85297.0
87162.0
88524.0
90429.0
91439.0
92883.0
94821.0
96339.0
97792.0
99716.0
101415.0
103109.0
104885.0
106614.0
108046.0
109724.0
111560.0
113405.0
114994.0
117807.0
119078.0
121121.0
123365.0
125159.0
126358.0
128974.0
131252.0
132628.0
135513.0
136500.0
138672.0
140286.0
143428.0
144944.0
147023.0
149848.0
151174.0
153332.0
155616.0
158000.0
160275.0
162409.0
164556.0
166862.0
169402.0
171434.0
173838.0
175683.0
178675.0
181796.0
183685.0
185857.0
188929.0
189841.0
192676.0
195654.0
198170.0
199727.0
202687.0
205382.0
207990.0
210486.0
213878.0
215661.0
218828.0
221119.0
223735.0
226104.0
230766.0
232219.0
234448.0
237880.0
240472.0
243163.0
247997.0
249362.0
252592.0
254510.0
258980.0
261066.0
263335.0
266866.0
269584.0
272209.0
275956.0
279018.0
282157.0
285124.0
288617.0
292535.0
293942.0
297573.0
300599.0
304558.0
306662.0
310129.0
313646.0
316319.0
320338.0
322252.0
327310.0
329714.0
334141.0
337460.0
340127.0
343034.0
347623.0
350711.0
354009.0
358039.0
362512.0
364666.0
368350.0
371478.0
376512.0
378731.0
383663.0
385938.0
391115.0
393252.0
397397.0
400505.0
405066.0
409952.0
412117.0
416755.0
419230.0
424047.0
428103.0
432161.0
436223.0
439817.0
444427.0
447138.0
451529.0
455928.0
459719.0
463738.0
467037.0
473208.0
476086.0
478357.0
484005.0
487808.0
493475.0
496692.0
501269.0
506348.0
508618.0
512540.0
518142.0
521681.0
525117.0
530508.0
533489.0
539531.0
544239.0
549110.0
552654.0
555866.0
561735.0
565608.0
569595.0
575835.0
580114.0
583415.0
588367.0
592764.0
597614.0
602982.0
608135.0
611917.0
616539.0
622263.0
627319.0
630673.0
636302.0
641692.0
646345.0
650604.0
655411.0
661977.0
664986.0
670866.0
676396.0
681352.0
687153.0
690009.0
696208.0
700816.0
707150.0
709927.0
715272.0
721534.0
726035.0
732962.0
738033.0
741575.0
747485.0
751570.0
758285.0
763325.0
768970.0
772594.0
778854.0
785132.0
788584.0
794150.0
800362.0
807758.0
811456.0
817343.0
822031.0
827184.0
833447.0
840568.0
847798.0
850762.0
858099.0
862044.0
869233.0
873450.0
879527.0
884655.0
891492.0
897253.0
903156.0
906540.0
913449.0
920705.0
924484.0
932810.0
940122.0
945436.0
950123.0
955756.0
960621.0
969470.0
977062.0
980561.0
985714.0
993946.0
999356.0
1.003248e6
1.0141e6
1.0176e6
1.026671e6
1.029578e6
1.036732e6
1.043389e6
1.048768e6
1.053498e6
1.063676e6
1.070429e6
1.075556e6
1.081523e6
1.088065e6
1.093787e6
1.101831e6
1.107066e6
1.113925e6
1.119552e6
1.125739e6
1.133117e6
1.139723e6
1.146488e6
1.155101e6
1.160424e6
1.164979e6
1.174787e6
1.179507e6
1.18736e6
1.192459e6
1.199636e6
1.20491e6
1.213354e6
1.217984e6
1.227493e6
1.233952e6
1.241435e6
1.246248e6
1.257483e6
1.263109e6
1.269238e6
1.273666e6
1.280818e6
1.29126e6
1.296319e6
1.305189e6
1.311085e6
1.317284e6
1.324487e6
1.331518e6
1.337747e6
1.345362e6
1.354251e6
1.362412e6
1.368237e6
1.372101e6
1.383203e6
1.390456e6
1.396962e6
1.404888e6
1.4116e6
1.41835e6
1.428214e6
1.434428e6
1.44219e6
1.446255e6
1.454057e6
1.463658e6
1.472989e6
1.479858e6
1.48738e6
1.492356e6
1.501092e6
1.50808e6
1.514701e6
1.52114e6
1.532761e6
1.540561e6
1.545983e6
1.553922e6
1.561482e6
1.569982e6
1.581194e6
1.585393e6
1.592508e6
1.601201e6
1.609684e6
1.620403e6
1.627612e6
1.634806e6
1.641552e6
1.649085e6
1.656551e6
1.66469e6
1.673703e6
1.678711e6
1.686871e6
1.698159e6
1.70622e6
1.714548e6
1.721204e6
1.730444e6
1.738618e6
1.746526e6
1.75599e6
1.761134e6
1.772257e6
1.780671e6
1.787495e6
1.798193e6
1.807515e6
1.812273e6
1.82287e6
1.829792e6
1.837512e6
1.846008e6
1.858578e6
1.864333e6
1.872873e6
1.881194e6
1.891088e6
1.898772e6
1.906851e6
1.913914e6
1.921839e6
1.934219e6
1.941419e6
1.949935e6
1.956536e6
1.967676e6
1.976474e6
1.985049e6
1.991868e6
2.001847e6
2.009801e6
2.018039e6
2.030351e6
2.038331e6
2.046325e6
2.057413e6
2.064553e6
2.073582e6
2.082678e6
2.091978e6
2.103047e6
2.110279e6
2.117095e6
2.126609e6
2.137886e6
2.145968e6
2.156706e6
2.163554e6
2.175644e6
2.181671e6
2.192586e6
2.201998e6
2.2134e6
2.221783e6
2.230316e6
2.239323e6
2.246915e6
2.259678e6
2.268521e6
2.277843e6
2.286487e6
2.300147e6
2.303329e6
2.313005e6
2.325551e6
2.332026e6
2.346784e6
2.353613e6
2.363991e6
2.372832e6
2.38335e6
2.393197e6
2.401622e6
2.411328e6
2.420921e6
2.431392e6
2.441575e6
2.452279e6
2.459312e6
2.471025e6
2.479254e6
2.490799e6
2.501978e6
2.511634e6
2.521604e6
2.530896e6
2.542364e6
2.554616e6
2.560336e6
2.572588e6
2.581038e6
2.591229e6
2.602717e6
2.611613e6
2.622945e6
2.629345e6
2.642266e6
2.652669e6
2.663401e6
2.672585e6
2.6807e6
2.69099e6
2.70383e6
2.713211e6
2.725316e6
2.738383e6
2.745177e6
2.754544e6
2.766629e6
2.780559e6
2.793634e6
2.80392e6
2.808993e6
2.819996e6
2.829829e6
2.844539e6
2.853718e6
2.86574e6
2.872829e6
2.887689e6
2.896792e6
2.906746e6
2.917097e6
2.932009e6
2.941015e6
2.949766e6
2.961651e6
2.974126e6
2.982952e6
2.995615e6
3.0062e6
3.017802e6
3.028334e6
3.039975e6
3.050032e6
3.061785e6
3.072458e6
3.086837e6
3.098521e6
3.106906e6
3.118965e6
3.127369e6
3.14219e6
3.151673e6
3.165534e6
3.174911e6
3.188695e6
3.19623e6
3.211308e6
3.221931e6
3.232017e6
3.247633e6
3.256394e6
3.266924e6
3.280786e6
3.293794e6
3.303271e6
3.314594e6
3.329317e6
3.334694e6
3.346603e6
3.360423e6
3.375174e6
3.382335e6
3.398961e6
3.409309e6
3.422737e6
3.43396e6
3.445716e6
3.457776e6
3.468355e6
3.482532e6
3.490438e6
3.5075e6
3.520332e6
3.531049e6
3.541786e6
3.554919e6
3.565777e6
3.579082e6
3.590269e6
3.606275e6
3.613681e6
3.627155e6
3.637878e6
3.650163e6
3.666753e6
3.675334e6
3.689492e6
3.701455e6
3.713876e6
3.725338e6
3.738912e6
3.752371e6
3.760526e6
3.778764e6
3.79125e6
3.801435e6
3.810423e6
3.826399e6
3.840199e6
3.850988e6
3.865639e6
3.874365e6
3.890499e6
3.903351e6
3.916341e6
3.924471e6
3.939766e6
3.954787e6
3.969007e6
3.979218e6
3.992679e6
4.002468e6
4.019805e6
4.029469e6
4.044549e6
4.057687e6
4.069998e6
4.083299e6
4.096841e6
4.109977e6
4.119796e6
4.133637e6
4.145361e6
4.160286e6
4.173484e6
4.185976e6
4.198526e6
4.208579e6
4.224313e6
4.238255e6
4.251941e6
4.267856e6
4.277476e6
4.292184e6
4.304061e6
4.318249e6
4.332257e6
4.344979e6
4.357808e6
4.368807e6
4.389824e6
4.398618e6
4.414694e6
4.427698e6
4.439289e6
4.452896e6
4.466216e6
4.476857e6
4.492087e6
0.0
0.0
0.0
0.0
0.0
0.0
0.0
0.0
0.0
0.0
0.0
0.0
0.0
0.0
0.0
0.0
0.0
0.0
0.0
0.0
0.0
0.0
0.0
0.0
0.0
0.0
0.0
0.0
0.0
0.0
0.0
0.0
0.0
0.0
0.0
0.0
0.0
0.0
0.0
0.0
0.0
0.0
0.0
0.0
0.0
0.0
0.0
0.0
0.0
0.0
0.0
0.0
0.0
0.0
0.0
0.0
0.0
0.0
0.0
0.0
0.0
0.0
0.0
0.0
0.0
0.0
0.0
0.0
0.0
0.0
0.0
0.0
0.0
0.0
0.0
0.0
0.0
0.0
0.0
0.0
0.0
0.0
0.0
0.0
0.0
0.0
0.0
0.0
0.0
0.0
0.0
0.0
0.0
0.0
0.0
0.0
0.0
0.0
0.0
0.0
0.0
0.0
0.0
0.0
0.0
0.0
0.0
0.0
0.0
0.0
0.0
0.0
0.0
0.0
0.0
0.0
0.0
0.0
0.0
0.0
0.0
0.0
0.0
0.0
0.0
0.0
0.0
0.0
0.0
0.0
0.0
0.0
0.0
0.0
0.0
0.0
0.0
0.0
0.0
0.0
0.0
0.0
0.0
0.0
0.0
0.0
0.0
0.0
0.0
0.0
0.0
0.0
0.0
0.0
0.0
0.0
0.0
0.0
0.0
0.0
0.0
0.0
0.0
0.0
0.0
0.0
0.0
0.0
0.0
0.0
0.0
0.0
0.0
0.0
0.0
0.0
0.0
0.0
0.0
0.0
0.0
0.0
0.0
0.0
0.0
0.0
0.0
0.0
0.0
0.0
0.0
0.0
0.0
0.0
0.0
0.0
0.0
0.0
0.0
0.0
0.0
0.0
0.0
0.0
0.0
0.0
0.0
0.0
0.0
0.0
0.0
0.0
0.0
0.0
0.0
0.0
0.0
0.0
0.0
0.0
0.0
0.0
0.0
0.0
0.0
0.0
0.0
0.0
0.0
0.0
0.0
0.0
0.0
0.0
0.0
0.0
0.0
0.0
0.0
0.0
0.0
0.0
0.0
0.0
0.0
0.0
0.0
0.0
0.0
0.0
0.0
0.0
0.0
0.0
0.0
0.0
0.0
0.0
0.0
0.0
0.0
0.0
0.0
0.0
0.0
0.0
0.0
0.0
0.0
0.0
0.0
0.0
0.0
0.0
0.0
0.0
0.0
0.0
0.0
0.0
0.0
0.0
0.0
0.0
0.0
0.0
0.0
0.0
0.0
0.0
0.0
0.0
0.0
0.0
0.0
0.0
0.0
0.0
0.0
0.0
0.0
0.0
0.0
0.0
0.0
0.0
0.0
0.0
0.0
0.0
0.0
0.0
0.0
0.0
0.0
0.0
0.0
0.0
0.0
0.0
0.0
0.0
0.0
0.0
0.0
0.0
0.0
0.0
0.0
0.0
0.0
0.0
0.0
0.0
0.0
0.0
0.0
0.0
0.0
0.0
0.0
0.0
0.0
0.0
0.0
0.0
0.0
0.0
0.0
0.0
0.0
0.0
0.0
0.0
0.0
0.0
0.0
0.0
0.0
0.0
0.0
0.0
0.0
0.0
0.0
0.0
0.0
0.0
0.0
0.0
0.0
0.0
0.0
0.0
0.0
0.0
0.0
0.0
0.0
0.0
0.0
0.0
0.0
0.0
0.0
0.0
0.0
0.0
0.0
0.0
0.0
0.0
0.0
0.0
0.0
0.0
0.0
0.0
0.0
0.0
0.0
0.0
0.0
0.0
0.0
0.0
0.0
0.0
0.0
0.0
0.0
0.0
0.0
0.0
0.0
0.0
0.0
0.0
0.0
0.0
0.0
0.0
0.0
