38 38 38 0.0 0.0 0.0 0.0 1.0 0.0 0.0 0.6996501749125437
38 38 39 0.0 0.0 0.0 0.0 3.0 0.0 0.0 0.6989515726410384
38 38 40 0.0 0.0 0.0 0.0 4.0 1.0 0.0 0.6989515726410384
38 38 41 0.0 0.0 0.0 0.0 5.0 0.0 0.0 0.6982543640897755
38 38 42 0.0 0.0 0.0 0.0 3.0 0.0 0.0 0.6989515726410384
38 39 38 0.0 0.0 0.0 0.0 10.0 0.0 0.0 0.6965174129353233
38 39 39 0.0 0.0 3.0 0.0 80.0 1.0 0.0 0.6724303554274734
38 39 40 0.0 0.0 0.0 0.0 7.0 0.0 0.0 0.6975585450921773
38 39 41 0.0 0.0 1.0 0.0 4.0 0.0 0.0 0.6982543640897755
38 39 42 0.0 0.0 0.0 0.0 3.0 0.0 0.0 0.6989515726410384
38 40 38 0.0 0.0 0.0 0.0 10.0 0.0 0.0 0.6965174129353233
38 40 39 0.0 0.0 11.0 0.0 328.0 0.0 1.0 0.5982905982905982
38 40 40 0.0 0.0 3.0 0.0 152.0 3.0 0.0 0.6505576208178437
38 40 41 0.0 0.0 0.0 0.0 11.0 0.0 0.0 0.6961710591745399
38 40 42 0.0 0.0 0.0 0.0 1.0 0.0 0.0 0.6996501749125437
38 41 38 0.0 0.0 0.0 0.0 5.0 0.0 0.0 0.6982543640897755
38 41 39 0.0 0.0 3.0 0.0 163.0 0.0 0.0 0.6463527239150507
38 41 40 0.0 0.0 0.0 0.0 29.0 0.0 0.0 0.6899950714637751
38 41 41 0.0 0.0 0.0 0.0 3.0 0.0 0.0 0.6989515726410384
38 42 38 0.0 0.0 0.0 0.0 1.0 0.0 0.0 0.6996501749125437
38 42 39 0.0 0.0 1.0 0.0 41.0 1.0 0.0 0.6859382655560998
38 42 40 0.0 0.0 0.0 0.0 2.0 0.0 0.0 0.6993006993006992
38 42 41 0.0 0.0 0.0 0.0 3.0 0.0 0.0 0.6989515726410384
39 38 39 0.0 0.0 0.0 0.0 7.0 0.0 0.0 0.6975585450921773
39 38 40 0.0 0.0 9.0 0.0 173.0 1.0 0.0 0.6419073819348922
39 38 41 0.0 0.0 0.0 0.0 10.0 0.0 0.0 0.6965174129353233
39 38 42 0.0 0.0 0.0 0.0 8.0 0.0 0.0 0.697211155378486
39 39 38 0.0 0.0 0.0 0.0 22.0 0.0 0.0 0.6923837784371908
39 39 39 0.0 0.0 40.0 0.0 937.0 7.0 1.0 0.4713804713804713
39 39 40 0.0 0.0 278.0 1.0 6049.0 12.0 504.0 0.16826923076923073
39 39 41 0.0 0.0 118.0 0.0 2723.0 11.0 60.0 0.28985507246376807
39 39 42 0.0 0.0 0.0 0.0 10.0 0.0 0.0 0.6965174129353233
39 40 38 0.0 0.0 0.0 0.0 16.0 0.0 0.0 0.6944444444444444
39 40 39 2.0 0.0 385.0 0.0 7999.0 22.0 1271.0 0.1349267540478026
39 40 40 0.0 0.0 142.0 5.0 4104.0 13.0 179.0 0.2244309073420968
39 40 41 0.0 0.0 13.0 0.0 389.0 3.0 0.0 0.5835764902042517
39 40 42 0.0 0.0 0.0 0.0 3.0 0.0 0.0 0.6989515726410384
39 41 38 0.0 0.0 0.0 0.0 10.0 0.0 0.0 0.6965174129353233
39 41 39 0.0 0.0 44.0 0.0 1031.0 7.0 6.0 0.4563233376792698
39 41 40 0.0 0.0 156.0 0.0 4156.0 15.0 221.0 0.22232809274257578
39 41 41 0.0 0.0 51.0 0.0 855.0 14.0 1.0 0.4840940525587828
39 42 39 0.0 0.0 0.0 0.0 3.0 0.0 0.0 0.6989515726410384
39 42 40 0.0 0.0 0.0 0.0 7.0 0.0 0.0 0.6975585450921773
39 42 41 0.0 0.0 0.0 0.0 7.0 0.0 0.0 0.6975585450921773
39 42 42 0.0 0.0 0.0 0.0 2.0 0.0 0.0 0.6993006993006992
40 37 42 0.0 0.0 0.0 0.0 1.0 0.0 0.0 0.6996501749125437
40 38 38 0.0 0.0 2.0 0.0 38.0 0.0 0.0 0.6862745098039215
40 38 39 0.0 0.0 0.0 0.0 29.0 0.0 0.0 0.6899950714637751
40 38 40 0.0 0.0 1.0 0.0 65.0 0.0 0.0 0.6776379477250725
40 38 41 0.0 0.0 1.0 0.0 66.0 1.0 0.0 0.6776379477250725
40 38 42 0.0 0.0 0.0 0.0 13.0 0.0 0.0 0.695479384003974
40 38 43 0.0 0.0 0.0 0.0 1.0 0.0 0.0 0.6996501749125437
40 39 38 0.0 0.0 0.0 0.0 9.0 0.0 0.0 0.6968641114982577
40 39 39 0.0 0.0 149.0 0.0 4220.0 12.0 190.0 0.220125786163522
40 39 40 0.0 0.0 172.0 0.0 4270.0 15.0 180.0 0.21786492374727665
40 39 41 0.0 0.0 245.0 0.0 5630.0 21.0 404.0 0.17809439002671412
40 39 42 0.0 0.0 0.0 0.0 37.0 0.0 0.0 0.6872852233676975
40 40 38 0.0 0.0 0.0 0.0 20.0 0.0 0.0 0.6930693069306929
40 40 39 0.0 0.0 35.0 0.0 1058.0 7.0 8.0 0.45366169799092676
40 40 40 13.0 5.0 1094.0 78.0 12585.0 36.0 11346.0 0.08878741755454084
40 40 41 0.0 0.0 31.0 0.0 875.0 7.0 6.0 0.48292514660227653
40 40 42 0.0 0.0 0.0 0.0 33.0 0.0 0.0 0.6886374815543531
40 41 38 0.0 0.0 0.0 0.0 4.0 0.0 0.0 0.6986027944111775
40 41 39 0.0 0.0 11.0 1.0 400.0 2.0 0.0 0.5809128630705394
40 41 40 0.0 0.0 86.0 5.0 2143.0 12.0 35.0 0.3315963998105163
40 41 41 0.0 0.0 96.0 0.0 2489.0 16.0 39.0 0.3063457330415755
40 41 42 0.0 0.0 0.0 0.0 3.0 0.0 0.0 0.6989515726410384
40 42 39 0.0 0.0 22.0 0.0 347.0 2.0 0.0 0.5914659907055343
40 42 40 0.0 0.0 0.0 0.0 9.0 0.0 0.0 0.6968641114982577
40 42 41 0.0 0.0 0.0 0.0 8.0 0.0 0.0 0.697211155378486
40 42 42 0.0 0.0 0.0 0.0 2.0 0.0 0.0 0.6993006993006992
41 38 38 0.0 0.0 0.0 0.0 3.0 0.0 0.0 0.6989515726410384
41 38 39 0.0 0.0 1.0 0.0 22.0 1.0 0.0 0.6923837784371908
41 38 40 0.0 0.0 10.0 0.0 277.0 4.0 2.0 0.6132282084975909
41 38 41 0.0 0.0 1.0 0.0 60.0 0.0 0.0 0.6792819019893255
41 38 42 0.0 0.0 12.0 0.0 233.0 6.0 0.0 0.6252791424743188
41 39 38 0.0 0.0 0.0 0.0 3.0 0.0 0.0 0.6989515726410384
41 39 39 0.0 0.0 20.0 1.0 380.0 0.0 1.0 0.5830903790087463
41 39 40 0.0 0.0 370.0 0.0 7435.0 16.0 915.0 0.14293006636038794
41 39 41 0.0 0.0 563.0 0.0 9894.0 26.0 2947.0 0.11250401800064287
41 39 42 0.0 0.0 6.0 0.0 218.0 0.0 0.0 0.6294964028776977
41 40 38 0.0 0.0 2.0 0.0 10.0 0.0 0.0 0.6958250497017892
41 40 39 0.0 0.0 211.0 0.0 4451.0 18.0 179.0 0.2106213329321498
41 40 40 0.0 0.0 0.0 7.0 209.0 0.0 0.0 0.6320541760722347
41 40 41 0.0 0.0 103.0 0.0 2575.0 19.0 48.0 0.3004291845493562
41 40 42 0.0 0.0 37.0 0.0 702.0 8.0 2.0 0.5126327352618087
41 41 38 0.0 0.0 0.0 0.0 3.0 0.0 0.0 0.6989515726410384
41 41 39 0.0 0.0 60.0 0.0 1453.0 7.0 18.0 0.399315459212778
41 41 40 0.0 0.0 295.0 0.0 5841.0 20.0 399.0 0.1724562700172456
41 41 41 0.0 0.0 0.0 1.0 114.0 0.0 0.0 0.6619385342789597
41 41 42 0.0 0.0 0.0 0.0 2.0 0.0 0.0 0.6993006993006992
41 42 38 0.0 0.0 0.0 0.0 1.0 0.0 0.0 0.6996501749125437
41 42 39 0.0 0.0 0.0 0.0 1.0 0.0 0.0 0.6996501749125437
41 42 40 0.0 0.0 0.0 0.0 8.0 0.0 0.0 0.697211155378486
41 42 41 0.0 0.0 0.0 0.0 9.0 0.0 0.0 0.6968641114982577
41 42 42 0.0 0.0 0.0 0.0 2.0 0.0 0.0 0.6993006993006992
42 38 39 0.0 0.0 0.0 0.0 8.0 0.0 0.0 0.697211155378486
42 38 40 0.0 0.0 13.0 0.0 291.0 5.0 0.0 0.6089604175728577
42 38 41 0.0 0.0 10.0 0.0 191.0 1.0 0.0 0.6363636363636362
42 38 42 0.0 0.0 0.0 0.0 14.0 0.0 0.0 0.6951340615690167
42 39 39 0.0 0.0 0.0 0.0 7.0 0.0 0.0 0.6975585450921773
42 39 40 0.0 0.0 5.0 0.0 94.0 0.0 0.0 0.6669842782277274
42 39 41 0.0 0.0 3.0 0.0 100.0 0.0 0.0 0.6657156443176413
42 39 42 0.0 0.0 10.0 0.0 225.0 5.0 0.0 0.6278026905829596
42 40 38 0.0 0.0 0.0 0.0 1.0 0.0 0.0 0.6996501749125437
42 40 39 0.0 0.0 0.0 0.0 4.0 0.0 0.0 0.6986027944111775
42 40 40 0.0 0.0 2.0 0.0 62.0 1.0 0.0 0.6786233640329616
42 40 41 0.0 0.0 1.0 0.0 18.0 0.0 0.0 0.6934125804853887
42 40 42 0.0 0.0 0.0 0.0 21.0 0.0 0.0 0.6927263730826323
42 41 38 0.0 0.0 0.0 0.0 3.0 0.0 0.0 0.6989515726410384
42 41 39 0.0 0.0 0.0 0.0 4.0 0.0 0.0 0.6986027944111775
42 41 40 0.0 0.0 0.0 0.0 6.0 0.0 0.0 0.6979062811565303
42 41 41 0.0 0.0 0.0 0.0 3.0 0.0 0.0 0.6989515726410384
42 42 38 0.0 0.0 0.0 0.0 2.0 0.0 0.0 0.6993006993006992
42 42 39 0.0 0.0 0.0 0.0 4.0 0.0 0.0 0.6986027944111775
42 42 40 0.0 0.0 0.0 0.0 4.0 0.0 0.0 0.6986027944111775
42 42 41 0.0 0.0 0.0 0.0 7.0 0.0 0.0 0.6975585450921773
