35 39 38 0.0 0.0 0.0 0.0 1.0 0.0 0.0 0.6996501749125437
35 40 38 0.0 0.0 0.0 0.0 3.0 0.0 0.0 0.6989515726410384
35 40 39 0.0 0.0 0.0 0.0 4.0 0.0 0.0 0.6986027944111775
35 40 40 0.0 0.0 0.0 0.0 3.0 0.0 0.0 0.6989515726410384
35 41 38 0.0 0.0 0.0 0.0 1.0 0.0 0.0 0.6996501749125437
35 41 40 0.0 0.0 0.0 0.0 1.0 0.0 0.0 0.6996501749125437
36 36 39 0.0 0.0 0.0 0.0 5.0 0.0 0.0 0.6982543640897755
36 36 40 0.0 0.0 0.0 0.0 2.0 1.0 0.0 0.6996501749125437
36 36 41 0.0 0.0 0.0 0.0 1.0 0.0 0.0 0.6996501749125437
36 37 39 0.0 0.0 0.0 0.0 1.0 0.0 0.0 0.6996501749125437
36 37 40 0.0 0.0 0.0 0.0 4.0 0.0 0.0 0.6986027944111775
36 37 41 0.0 0.0 0.0 0.0 4.0 0.0 0.0 0.6986027944111775
36 38 38 0.0 0.0 0.0 0.0 2.0 0.0 0.0 0.6993006993006992
36 38 39 0.0 0.0 0.0 0.0 4.0 0.0 0.0 0.6986027944111775
36 38 40 0.0 0.0 26.0 0.0 563.0 7.0 2.0 0.5422153369481022
36 38 41 0.0 0.0 0.0 0.0 3.0 0.0 0.0 0.6989515726410384
36 38 42 0.0 0.0 0.0 0.0 1.0 0.0 0.0 0.6996501749125437
36 39 37 0.0 0.0 0.0 0.0 1.0 0.0 0.0 0.6996501749125437
36 39 38 0.0 0.0 0.0 0.0 21.0 0.0 0.0 0.6927263730826323
36 39 39 0.0 0.0 38.0 0.0 1105.0 7.0 4.0 0.4464285714285714
36 39 40 0.0 0.0 6.0 0.0 94.0 1.0 0.0 0.6669842782277274
36 39 41 0.0 0.0 0.0 0.0 2.0 0.0 0.0 0.6993006993006992
36 40 37 0.0 0.0 0.0 0.0 5.0 0.0 0.0 0.6982543640897755
36 40 38 0.0 0.0 97.0 0.0 2137.0 10.0 33.0 0.3314393939393939
36 40 39 0.0 0.0 42.0 0.0 1053.0 7.0 10.0 0.45336787564766834
36 40 40 0.0 0.0 0.0 0.0 22.0 0.0 0.0 0.6923837784371908
36 40 41 0.0 0.0 0.0 0.0 4.0 0.0 0.0 0.6986027944111775
36 41 37 0.0 0.0 0.0 0.0 1.0 0.0 0.0 0.6996501749125437
36 41 38 0.0 0.0 37.0 0.0 783.0 5.0 2.0 0.4973357015985789
36 41 39 0.0 0.0 0.0 0.0 23.0 0.0 0.0 0.6920415224913494
36 41 40 0.0 0.0 5.0 0.0 309.0 5.0 1.0 0.6063230835859679
36 41 41 0.0 0.0 0.0 0.0 19.0 0.0 0.0 0.6934125804853887
36 41 42 0.0 0.0 0.0 0.0 1.0 0.0 0.0 0.6996501749125437
36 41 43 0.0 0.0 0.0 0.0 1.0 0.0 0.0 0.6996501749125437
36 42 38 0.0 0.0 2.0 0.0 22.0 0.0 0.0 0.6916996047430829
36 42 39 0.0 0.0 0.0 0.0 7.0 0.0 0.0 0.6975585450921773
36 42 40 0.0 0.0 2.0 0.0 13.0 0.0 0.0 0.694789081885856
36 42 41 0.0 0.0 0.0 0.0 13.0 0.0 0.0 0.695479384003974
36 42 42 0.0 0.0 0.0 0.0 2.0 0.0 0.0 0.6993006993006992
36 42 43 0.0 0.0 0.0 0.0 1.0 0.0 0.0 0.6996501749125437
36 43 38 0.0 0.0 0.0 0.0 1.0 0.0 0.0 0.6996501749125437
36 43 39 0.0 0.0 0.0 0.0 14.0 0.0 0.0 0.6951340615690167
36 43 40 0.0 0.0 0.0 0.0 3.0 0.0 0.0 0.6989515726410384
36 43 41 0.0 0.0 0.0 0.0 3.0 0.0 0.0 0.6989515726410384
36 44 39 0.0 0.0 0.0 0.0 2.0 0.0 0.0 0.6993006993006992
37 36 39 0.0 0.0 0.0 0.0 3.0 0.0 0.0 0.6989515726410384
37 36 40 0.0 0.0 0.0 0.0 7.0 0.0 0.0 0.6975585450921773
37 36 41 0.0 0.0 0.0 0.0 11.0 1.0 0.0 0.6965174129353233
37 37 37 0.0 0.0 0.0 0.0 4.0 0.0 0.0 0.6986027944111775
37 37 38 0.0 0.0 0.0 0.0 17.0 0.0 0.0 0.694100148735746
37 37 39 0.0 0.0 29.0 0.0 553.0 8.0 0.0 0.5439005439005438
37 37 40 0.0 0.0 176.0 0.0 4216.0 15.0 184.0 0.21943573667711597
37 37 41 0.0 0.0 15.0 0.0 290.0 2.0 0.0 0.60790273556231
37 37 42 0.0 0.0 0.0 0.0 10.0 0.0 0.0 0.6965174129353233
37 37 43 0.0 0.0 0.0 0.0 2.0 0.0 0.0 0.6993006993006992
37 38 37 0.0 0.0 0.0 0.0 28.0 0.0 0.0 0.690335305719921
37 38 38 0.0 0.0 20.0 0.0 625.0 2.0 3.0 0.529701097237987
37 38 39 0.0 0.0 11.0 0.0 284.0 3.0 1.0 0.6110868616324747
37 38 40 0.0 0.0 2.0 0.0 235.0 1.0 0.0 0.626118067978533
37 38 41 0.0 0.0 75.0 0.0 1830.0 17.0 30.0 0.3601749421147414
37 38 42 0.0 0.0 0.0 0.0 107.0 0.0 0.0 0.6644518272425248
37 38 43 0.0 0.0 0.0 0.0 7.0 0.0 0.0 0.6975585450921773
37 39 37 0.0 0.0 4.0 0.0 121.0 1.0 0.0 0.6591337099811675
37 39 38 0.0 0.0 56.0 0.0 1514.0 8.0 14.0 0.39303761931499154
37 39 39 0.0 0.0 169.0 0.0 3853.0 22.0 134.0 0.2332944509248458
37 39 40 0.0 0.0 90.0 0.0 2096.0 15.0 30.0 0.3356509230400383
37 39 41 0.0 0.0 62.0 0.0 1806.0 13.0 16.0 0.36307053941908707
37 39 42 0.0 0.0 0.0 0.0 93.0 0.0 0.0 0.668896321070234
37 39 43 0.0 0.0 0.0 0.0 20.0 0.0 0.0 0.6930693069306929
37 40 37 0.0 0.0 0.0 0.0 28.0 0.0 0.0 0.6906758756783422
37 40 38 0.0 0.0 23.0 0.0 604.0 2.0 0.0 0.5333333333333332
37 40 39 0.0 0.0 481.0 0.0 9194.0 24.0 2101.0 0.12007890899734108
37 40 40 0.0 0.0 220.0 0.0 5309.0 19.0 355.0 0.18634367097031806
37 40 41 0.0 0.0 164.0 0.0 3855.0 17.0 127.0 0.23321672497084786
37 40 42 0.0 0.0 5.0 0.0 119.0 1.0 0.0 0.6594441827602449
37 40 43 0.0 0.0 0.0 0.0 9.0 0.0 0.0 0.6968641114982577
37 41 37 0.0 0.0 2.0 0.0 32.0 0.0 0.0 0.6882989183874139
37 41 38 0.0 0.0 7.0 0.0 415.0 2.0 1.0 0.5785123966942147
37 41 39 0.0 0.0 143.0 0.0 3944.0 7.0 181.0 0.23014959723820477
37 41 40 0.0 0.0 95.0 0.0 2053.0 15.0 37.0 0.33873699491894504
37 41 41 0.0 0.0 63.0 0.0 2234.0 14.0 31.0 0.32687368666822314
37 41 42 0.0 0.0 2.0 0.0 116.0 0.0 0.0 0.6613131790269249
37 41 43 0.0 0.0 0.0 0.0 19.0 0.0 0.0 0.6934125804853887
37 42 37 0.0 0.0 0.0 0.0 1.0 0.0 0.0 0.6996501749125437
37 42 38 0.0 0.0 2.0 0.0 127.0 2.0 0.0 0.6582040432534085
37 42 39 0.0 0.0 126.0 0.0 3416.0 12.0 125.0 0.2531187850298318
37 42 40 0.0 0.0 339.0 0.0 6762.0 27.0 645.0 0.15421899096717337
37 42 41 0.0 0.0 82.0 0.0 2192.0 11.0 28.0 0.32840722495894903
37 42 42 0.0 0.0 113.0 0.0 2371.0 25.0 29.0 0.31397174254317106
37 42 43 0.0 0.0 0.0 0.0 5.0 1.0 0.0 0.6986027944111775
37 43 37 0.0 0.0 0.0 0.0 2.0 0.0 0.0 0.6993006993006992
37 43 38 0.0 0.0 33.0 0.0 765.0 4.0 4.0 0.5010737294201861
37 43 39 0.0 0.0 96.0 0.0 2402.0 12.0 32.0 0.3119429590017825
37 43 40 0.0 0.0 58.0 0.0 1357.0 12.0 8.0 0.41140170437848944
37 43 41 0.0 0.0 17.0 0.0 348.0 8.0 0.0 0.593975392448027
37 43 42 0.0 0.0 0.0 0.0 34.0 1.0 0.0 0.6886374815543531
37 43 43 0.0 0.0 0.0 0.0 1.0 0.0 0.0 0.6996501749125437
37 44 39 0.0 0.0 0.0 0.0 3.0 0.0 0.0 0.6989515726410384
37 44 40 0.0 0.0 0.0 0.0 2.0 0.0 0.0 0.6993006993006992
37 44 41 0.0 0.0 1.0 0.0 8.0 1.0 0.0 0.697211155378486
37 44 42 0.0 0.0 0.0 0.0 1.0 0.0 0.0 0.6996501749125437
38 36 36 0.0 0.0 0.0 0.0 1.0 0.0 0.0 0.6996501749125437
38 36 38 0.0 0.0 0.0 0.0 1.0 0.0 0.0 0.6996501749125437
38 36 39 0.0 0.0 0.0 0.0 3.0 0.0 0.0 0.6989515726410384
38 36 40 0.0 0.0 1.0 0.0 17.0 1.0 0.0 0.694100148735746
38 36 41 0.0 0.0 0.0 0.0 52.0 1.0 0.0 0.68259385665529
38 36 42 0.0 0.0 0.0 0.0 13.0 0.0 0.0 0.695479384003974
38 36 43 0.0 0.0 0.0 0.0 3.0 0.0 0.0 0.6989515726410384
38 37 36 0.0 0.0 0.0 0.0 9.0 0.0 0.0 0.6968641114982577
38 37 37 0.0 0.0 0.0 0.0 16.0 0.0 0.0 0.6944444444444444
38 37 38 0.0 0.0 27.0 0.0 443.0 5.0 1.0 0.5679513184584178
38 37 39 0.0 0.0 2.0 0.0 311.0 3.0 1.0 0.6063230835859679
38 37 40 0.0 0.0 178.0 0.0 3875.0 15.0 120.0 0.23182646133465798
38 37 41 0.0 0.0 36.0 0.0 878.0 4.0 3.0 0.4812650395324853
38 37 42 0.0 0.0 143.0 0.0 3401.0 13.0 85.0 0.2530272908006506
38 37 43 0.0 0.0 44.0 0.0 878.0 12.0 3.0 0.4810996563573882
38 37 44 0.0 0.0 0.0 0.0 1.0 0.0 0.0 0.6996501749125437
38 38 36 0.0 0.0 0.0 0.0 4.0 0.0 0.0 0.6986027944111775
38 38 37 0.0 0.0 2.0 0.0 94.0 0.0 0.0 0.6679389312977099
38 38 38 0.0 0.0 272.0 0.0 6326.0 24.0 575.0 0.16326530612244894
38 38 39 0.0 0.0 350.0 0.0 7359.0 22.0 899.0 0.1444788441692466
38 38 40 0.0 0.0 609.0 0.0 10526.0 20.0 3298.0 0.10660980810234541
38 38 41 0.0 0.0 487.0 0.0 9418.0 23.0 2075.0 0.11768661735036987
38 38 42 0.0 0.0 205.0 0.0 4160.0 26.0 168.0 0.22082018927444794
38 38 43 0.0 0.0 0.0 0.0 38.0 0.0 0.0 0.6869479882237487
38 38 44 0.0 0.0 0.0 0.0 5.0 0.0 0.0 0.6982543640897755
38 39 36 0.0 0.0 0.0 0.0 14.0 0.0 0.0 0.6951340615690167
38 39 37 0.0 0.0 18.0 0.0 532.0 2.0 2.0 0.5496662740478994
38 39 38 0.0 0.0 510.0 0.0 9526.0 20.0 2325.0 0.11640475596574372
38 39 39 0.0 0.0 789.0 0.0 11937.0 31.0 6962.0 0.0951216197852969
38 39 40 0.0 0.0 804.0 0.0 11832.0 24.0 5727.0 0.095654550423613
38 39 41 0.0 0.0 659.0 0.0 11088.0 29.0 4799.0 0.10198135198135197
38 39 42 0.0 0.0 220.0 0.0 5506.0 23.0 389.0 0.18170019467878
38 39 43 0.0 0.0 149.0 0.0 2949.0 19.0 51.0 0.2756448119708604
38 39 44 0.0 0.0 0.0 0.0 6.0 0.0 0.0 0.6979062811565303
38 40 35 0.0 0.0 0.0 0.0 1.0 0.0 0.0 0.6996501749125437
38 40 37 0.0 0.0 31.0 0.0 584.0 14.0 0.0 0.5382545174932718
38 40 38 0.0 0.0 520.0 0.0 9701.0 33.0 2217.0 0.11469768966082254
38 40 39 0.0 0.0 1130.0 0.0 12883.0 38.0 11863.0 0.08741258741258741
38 40 40 0.0 0.0 926.0 0.0 12308.0 25.0 8596.0 0.09192987064153917
38 40 41 0.0 0.0 451.0 0.0 9295.0 27.0 2142.0 0.11938262130127056
38 40 42 0.0 0.0 439.0 0.0 8662.0 27.0 1599.0 0.12629679747406403
38 40 43 0.0 0.0 24.0 0.0 512.0 3.0 1.0 0.5527043031977891
38 40 44 0.0 0.0 0.0 0.0 3.0 0.0 0.0 0.6989515726410384
38 41 36 0.0 0.0 0.0 0.0 1.0 0.0 0.0 0.6996501749125437
38 41 37 0.0 0.0 13.0 0.0 389.0 5.0 1.0 0.5840634125990821
38 41 38 0.0 0.0 312.0 0.0 6691.0 16.0 711.0 0.155659328441183
38 41 39 0.0 0.0 813.0 0.0 11895.0 30.0 7670.0 0.09516688192509005
38 41 40 0.0 0.0 979.0 0.0 12686.0 36.0 8496.0 0.08940545373267768
38 41 41 0.0 0.0 581.0 0.0 10040.0 24.0 2621.0 0.11100539169045352
38 41 42 0.0 0.0 189.0 0.0 3479.0 20.0 104.0 0.24783147459727384
38 41 43 0.0 0.0 0.0 0.0 37.0 0.0 0.0 0.6872852233676975
38 41 44 0.0 0.0 0.0 0.0 4.0 0.0 0.0 0.6986027944111775
38 42 37 0.0 0.0 6.0 0.0 98.0 1.0 0.0 0.6657156443176413
38 42 38 0.0 0.0 266.0 0.0 5863.0 20.0 462.0 0.17254128666502339
38 42 39 0.0 0.0 607.0 0.0 10719.0 22.0 4207.0 0.10508143811453875
38 42 40 0.0 0.0 537.0 0.0 10022.0 24.0 2936.0 0.11156267431667861
38 42 41 0.0 0.0 742.0 0.0 11454.0 28.0 4738.0 0.09866798223976318
38 42 42 0.0 0.0 125.0 0.0 2609.0 10.0 49.0 0.296359017781541
38 42 43 0.0 0.0 0.0 0.0 10.0 0.0 0.0 0.6965174129353233
38 42 44 0.0 0.0 0.0 0.0 1.0 0.0 0.0 0.6996501749125437
38 43 37 0.0 0.0 3.0 0.0 71.0 2.0 0.0 0.6756756756756755
38 43 38 0.0 0.0 58.0 0.0 1342.0 11.0 8.0 0.4131012097964001
38 43 39 0.0 0.0 44.0 0.0 1045.0 12.0 3.0 0.4549886252843678
38 43 40 0.0 0.0 195.0 0.0 4647.0 26.0 224.0 0.2053388090349076
38 43 41 0.0 0.0 121.0 0.0 2680.0 17.0 52.0 0.29264214046822734
38 43 42 0.0 0.0 16.0 0.0 343.0 5.0 0.0 0.594732370433305
38 43 43 0.0 0.0 0.0 0.0 3.0 0.0 0.0 0.6989515726410384
38 44 38 0.0 0.0 0.0 0.0 7.0 0.0 0.0 0.6975585450921773
38 44 39 0.0 0.0 0.0 0.0 20.0 0.0 0.0 0.6930693069306929
38 44 40 0.0 0.0 4.0 0.0 118.0 0.0 0.0 0.6597549481621111
38 44 41 0.0 0.0 5.0 0.0 120.0 0.0 0.0 0.6588235294117646
38 44 42 0.0 0.0 0.0 0.0 3.0 0.0 0.0 0.6989515726410384
39 36 37 0.0 0.0 0.0 0.0 16.0 0.0 0.0 0.6944444444444444
39 36 38 0.0 0.0 1.0 0.0 17.0 1.0 0.0 0.694100148735746
39 36 39 0.0 0.0 0.0 0.0 13.0 0.0 0.0 0.695479384003974
39 36 40 0.0 0.0 1.0 0.0 81.0 0.0 0.0 0.6724303554274734
39 36 41 0.0 0.0 20.0 0.0 447.0 3.0 1.0 0.5681818181818181
39 36 42 0.0 0.0 2.0 0.0 64.0 1.0 0.0 0.6779661016949151
39 36 43 0.0 0.0 0.0 0.0 5.0 0.0 0.0 0.6982543640897755
39 37 36 0.0 0.0 0.0 0.0 6.0 0.0 0.0 0.6982543640897755
39 37 37 0.0 0.0 124.0 0.0 2450.0 11.0 44.0 0.306815691431076
39 37 38 0.0 0.0 77.0 0.0 1934.0 9.0 24.0 0.3499125218695326
39 37 39 0.0 0.0 33.0 0.0 911.0 11.0 6.0 0.477652678266803
39 37 40 0.0 0.0 269.0 0.0 6017.0 24.0 465.0 0.16947100835249967
39 37 41 0.0 0.0 546.0 0.0 9678.0 23.0 2152.0 0.11466011466011464
39 37 42 0.0 0.0 325.0 0.0 6546.0 15.0 626.0 0.15808491418247514
39 37 43 0.0 0.0 7.0 0.0 320.0 4.0 2.0 0.6024096385542168
39 37 44 0.0 0.0 0.0 0.0 1.0 0.0 0.0 0.6996501749125437
39 38 36 0.0 0.0 2.0 0.0 72.0 1.0 0.0 0.6753497346840327
39 38 37 0.0 0.0 313.0 0.0 7211.0 23.0 1002.0 0.1472134595162986
39 38 38 0.0 0.0 324.0 0.0 6836.0 27.0 649.0 0.15315610983481015
39 38 39 0.0 0.0 553.0 0.0 10118.0 26.0 2773.0 0.11060199083583504
39 38 40 0.0 0.0 1081.0 0.0 12728.0 32.0 11473.0 0.08851236011885943
39 38 41 0.0 0.0 883.0 0.0 12224.0 28.0 7963.0 0.09262322196493548
39 38 42 0.0 0.0 301.0 0.0 7029.0 17.0 826.0 0.1502468340845675
39 38 43 0.0 0.0 12.0 0.0 272.0 5.0 0.0 0.6143045195261079
39 38 44 0.0 0.0 76.0 0.0 1561.0 12.0 16.0 0.3862068965517241
39 38 45 0.0 0.0 0.0 0.0 1.0 0.0 0.0 0.6996501749125437
39 39 36 0.0 0.0 19.0 0.0 467.0 7.0 1.0 0.5647438483259378
39 39 37 0.0 0.0 312.0 0.0 5787.0 26.0 381.0 0.17337461300309592
39 39 38 0.0 0.0 623.0 0.0 10601.0 16.0 3264.0 0.10586011342155008
39 39 39 0.0 0.0 1226.0 3.0 12563.0 33.0 15704.0 0.08860198721599898
39 39 40 0.0 0.0 1985.0 0.0 12042.0 54.0 32583.0 0.0873743993010048
39 39 41 0.0 0.0 1551.0 0.0 12498.0 45.0 22309.0 0.08726003490401395
39 39 42 0.0 0.0 387.0 0.0 8118.0 23.0 1208.0 0.13346043851286937
39 39 43 0.0 0.0 53.0 0.0 1399.0 5.0 14.0 0.4063860667634252
39 39 44 0.0 0.0 0.0 0.0 4.0 0.0 0.0 0.6986027944111775
39 40 36 0.0 0.0 0.0 0.0 31.0 0.0 0.0 0.6893156080748399
39 40 37 0.0 0.0 108.0 0.0 2831.0 13.0 69.0 0.28420625253755577
39 40 38 0.0 0.0 804.0 0.0 11974.0 23.0 6739.0 0.09474824038982133
39 40 39 2.0 0.0 2091.0 0.0 11454.0 60.0 37329.0 0.090032154340836
39 40 40 1.0 0.0 1568.0 1.0 12404.0 45.0 23648.0 0.08762596232083619
39 40 41 1.0 0.0 995.0 0.0 12534.0 33.0 11261.0 0.09017713365539452
39 40 42 0.0 0.0 564.0 0.0 10006.0 25.0 2839.0 0.11141174598121915
39 40 43 0.0 0.0 5.0 0.0 225.0 1.0 0.0 0.6280843427545983
39 40 44 0.0 0.0 2.0 0.0 22.0 1.0 0.0 0.6920415224913494
39 41 36 0.0 0.0 0.0 0.0 12.0 0.0 0.0 0.6958250497017892
39 41 37 0.0 0.0 113.0 0.0 2817.0 17.0 74.0 0.2849582739670262
39 41 38 0.0 0.0 586.0 0.0 10361.0 24.0 2909.0 0.10816657652785289
39 41 39 0.0 0.0 1401.0 0.0 13018.0 36.0 17018.0 0.0852255433128386
39 41 40 0.0 0.0 1621.0 1.0 12490.0 47.0 24019.0 0.08687019111442044
39 41 41 0.0 0.0 1357.0 0.0 12760.0 43.0 17856.0 0.08686480114165165
39 41 42 0.0 0.0 357.0 0.0 7738.0 25.0 1013.0 0.13893023717376202
39 41 43 0.0 0.0 252.0 0.0 5188.0 18.0 306.0 0.18855218855218855
39 41 44 0.0 0.0 0.0 0.0 10.0 0.0 0.0 0.6965174129353233
39 42 36 0.0 0.0 0.0 0.0 15.0 0.0 0.0 0.694789081885856
39 42 37 0.0 0.0 58.0 0.0 1420.0 11.0 13.0 0.40380732621863275
39 42 38 0.0 0.0 431.0 0.0 8123.0 18.0 1173.0 0.13283992788689628
39 42 39 0.0 0.0 419.0 1.0 8671.0 18.0 1749.0 0.12638801119436668
39 42 40 0.0 0.0 736.0 0.0 11502.0 35.0 5693.0 0.09843903810997047
39 42 41 0.0 0.0 436.0 0.0 9098.0 28.0 2091.0 0.12161223071577483
39 42 42 0.0 0.0 137.0 0.0 3711.0 17.0 190.0 0.24005486968449927
39 42 43 0.0 0.0 0.0 0.0 40.0 0.0 0.0 0.6862745098039215
39 42 44 0.0 0.0 0.0 0.0 9.0 0.0 0.0 0.6968641114982577
39 43 36 0.0 0.0 0.0 0.0 1.0 0.0 0.0 0.6996501749125437
39 43 37 0.0 0.0 0.0 0.0 14.0 0.0 0.0 0.6951340615690167
39 43 38 0.0 0.0 20.0 0.0 546.0 3.0 2.0 0.5464480874316939
39 43 39 0.0 0.0 190.0 0.0 4333.0 16.0 191.0 0.21511985248924398
39 43 40 0.0 0.0 487.0 0.0 9133.0 26.0 1790.0 0.12071046732195204
39 43 41 0.0 0.0 63.0 0.0 1660.0 16.0 16.0 0.3776638791475586
39 43 42 0.0 0.0 190.0 0.0 4293.0 19.0 158.0 0.21645021645021642
39 43 43 0.0 0.0 0.0 0.0 4.0 0.0 0.0 0.6986027944111775
39 44 38 0.0 0.0 0.0 0.0 9.0 0.0 0.0 0.6968641114982577
39 44 39 0.0 0.0 23.0 0.0 456.0 3.0 3.0 0.5654281098546041
39 44 40 0.0 0.0 19.0 0.0 341.0 3.0 1.0 0.593975392448027
39 44 41 0.0 0.0 132.0 0.0 3200.0 15.0 89.0 0.2632073698063545
39 44 42 0.0 0.0 21.0 0.0 544.0 4.0 1.0 0.5468749999999999
39 44 43 0.0 0.0 0.0 0.0 2.0 0.0 0.0 0.6993006993006992
39 45 41 0.0 0.0 0.0 0.0 1.0 0.0 0.0 0.6996501749125437
40 35 38 0.0 0.0 0.0 0.0 1.0 0.0 0.0 0.6996501749125437
40 35 39 0.0 0.0 0.0 0.0 2.0 0.0 0.0 0.6993006993006992
40 35 40 0.0 0.0 0.0 0.0 1.0 0.0 0.0 0.6996501749125437
40 36 36 0.0 0.0 0.0 0.0 2.0 0.0 0.0 0.6993006993006992
40 36 37 0.0 0.0 0.0 0.0 2.0 0.0 0.0 0.6993006993006992
40 36 38 0.0 0.0 2.0 0.0 91.0 0.0 0.0 0.668896321070234
40 36 39 0.0 0.0 10.0 0.0 202.0 3.0 0.0 0.6337709370755997
40 36 40 0.0 0.0 3.0 0.0 115.0 0.0 0.0 0.6610009442870631
40 36 41 0.0 0.0 25.0 0.0 901.0 3.0 6.0 0.47895997263085865
40 36 42 0.0 0.0 4.0 0.0 58.0 1.0 0.0 0.6792819019893255
40 36 43 0.0 0.0 0.0 0.0 8.0 0.0 0.0 0.697211155378486
40 37 36 0.0 0.0 0.0 0.0 5.0 0.0 0.0 0.6982543640897755
40 37 37 0.0 0.0 11.0 0.0 242.0 3.0 0.0 0.6222222222222221
40 37 38 0.0 0.0 315.0 0.0 6525.0 27.0 638.0 0.15865820489573887
40 37 39 0.0 0.0 151.0 0.0 3127.0 16.0 65.0 0.26600798023940714
40 37 40 0.0 0.0 171.0 0.0 4013.0 21.0 160.0 0.22697795071335924
40 37 41 0.0 0.0 445.0 0.0 8920.0 32.0 1816.0 0.12343502027861045
40 37 42 0.0 0.0 189.0 0.0 3662.0 15.0 91.0 0.23980815347721815
40 37 43 0.0 0.0 39.0 0.0 864.0 13.0 3.0 0.4844290657439445
40 37 44 0.0 0.0 1.0 0.0 53.0 1.0 0.0 0.6819288845591815
40 38 36 0.0 0.0 0.0 0.0 23.0 0.0 0.0 0.6920415224913494
40 38 37 0.0 0.0 21.0 0.0 568.0 7.0 3.0 0.5422153369481022
40 38 38 0.0 0.0 878.0 0.0 12241.0 35.0 8830.0 0.09263547938860582
40 38 39 0.0 0.0 444.0 0.0 8578.0 29.0 1453.0 0.127295871976723
40 38 40 1.0 0.0 811.0 0.0 11945.0 30.0 6623.0 0.09492812584757254
40 38 41 0.0 0.0 876.0 0.0 12274.0 26.0 7834.0 0.09240314170681801
40 38 42 0.0 0.0 957.0 0.0 12509.0 39.0 8070.0 0.09056799068443523
40 38 43 0.0 0.0 207.0 0.0 5307.0 16.0 395.0 0.1867164577220592
40 38 44 0.0 0.0 0.0 0.0 28.0 0.0 0.0 0.690335305719921
40 39 36 0.0 0.0 12.0 0.0 234.0 4.0 0.0 0.6244424620874218
40 39 37 0.0 0.0 165.0 0.0 3925.0 15.0 137.0 0.23037683067302941
40 39 38 0.0 0.0 578.0 0.0 10448.0 22.0 3403.0 0.10755992624462199
40 39 39 0.0 0.0 1523.0 1.0 12280.0 45.0 23166.0 0.08856835579173783
40 39 40 0.0 0.0 1838.0 1.0 12539.0 54.0 26603.0 0.0855222968845449
40 39 41 0.0 0.0 1924.0 1.0 12081.0 58.0 30435.0 0.0874508089199825
40 39 42 0.0 0.0 889.0 0.0 12360.0 30.0 6513.0 0.0918574896660324
40 39 43 0.0 0.0 269.0 0.0 6274.0 22.0 559.0 0.16424213984045047
40 39 44 0.0 0.0 0.0 0.0 33.0 0.0 0.0 0.6886374815543531
40 40 36 0.0 0.0 77.0 0.0 1507.0 19.0 12.0 0.3927068723702664
40 40 37 0.0 0.0 456.0 0.0 9269.0 27.0 2304.0 0.11956614569988895
40 40 38 0.0 0.0 678.0 0.0 11146.0 23.0 4730.0 0.10133912414042706
40 40 39 1.0 0.0 1261.0 0.0 12779.0 40.0 16649.0 0.08728179551122194
40 40 40 8.0 9.0 3165.0 17.0 8605.0 74.0 74355.0 0.10143457469931892
40 40 41 0.0 0.0 1178.0 2.0 12801.0 29.0 14769.0 0.08756567425569176
40 40 42 0.0 0.0 581.0 0.0 10266.0 20.0 3359.0 0.10907674328009348
40 40 43 0.0 0.0 82.0 0.0 2614.0 10.0 45.0 0.2988898377455166
40 40 44 0.0 0.0 0.0 0.0 28.0 0.0 0.0 0.690335305719921
40 41 35 0.0 0.0 0.0 0.0 1.0 0.0 0.0 0.6996501749125437
40 41 36 0.0 0.0 6.0 0.0 178.0 0.0 0.0 0.641025641025641
40 41 37 0.0 0.0 384.0 0.0 7818.0 26.0 1165.0 0.137497544686702
40 41 38 0.0 0.0 923.0 0.0 12406.0 34.0 7606.0 0.09138381201044385
40 41 39 0.0 0.0 1247.0 2.0 13183.0 37.0 13658.0 0.08523592085235919
40 41 40 0.0 4.0 1440.0 23.0 12753.0 41.0 19654.0 0.08630255208975464
40 41 41 0.0 0.0 1515.0 0.0 12560.0 36.0 20869.0 0.08701056556867619
40 41 42 0.0 0.0 444.0 0.0 8379.0 20.0 1380.0 0.12948575656677763
40 41 43 0.0 0.0 231.0 0.0 5606.0 24.0 389.0 0.17911975435005115
40 41 44 0.0 0.0 0.0 0.0 23.0 0.0 0.0 0.6920415224913494
40 42 35 0.0 0.0 0.0 0.0 1.0 0.0 0.0 0.6996501749125437
40 42 36 0.0 0.0 116.0 0.0 2093.0 13.0 16.0 0.3335715987610197
40 42 37 0.0 0.0 112.0 0.0 2930.0 18.0 87.0 0.2786624203821656
40 42 38 0.0 0.0 319.0 0.0 6890.0 29.0 730.0 0.1523892456732339
40 42 39 0.0 0.0 964.0 0.0 12361.0 35.0 11206.0 0.09140171051772539
40 42 40 0.0 0.0 504.0 3.0 9178.0 21.0 2101.0 0.11994516792323508
40 42 41 0.0 0.0 868.0 0.0 12325.0 32.0 6941.0 0.09220231822971549
40 42 42 0.0 0.0 171.0 0.0 3797.0 14.0 139.0 0.23501762632197412
40 42 43 0.0 0.0 11.0 0.0 269.0 7.0 0.0 0.6159260888693356
40 42 44 0.0 0.0 9.0 0.0 323.0 2.0 0.0 0.6008583690987124
40 43 36 0.0 0.0 0.0 0.0 1.0 0.0 0.0 0.6996501749125437
40 43 37 0.0 0.0 6.0 0.0 179.0 2.0 0.0 0.6413192853870818
40 43 38 0.0 0.0 6.0 0.0 186.0 0.0 0.0 0.6386861313868613
40 43 39 0.0 0.0 228.0 0.0 4708.0 22.0 228.0 0.20239988434292322
40 43 40 0.0 0.0 401.0 0.0 8046.0 16.0 1132.0 0.13411246287958614
40 43 41 0.0 0.0 145.0 0.0 3211.0 13.0 63.0 0.2620250795433277
40 43 42 0.0 0.0 27.0 0.0 676.0 2.0 1.0 0.5185185185185184
40 43 43 0.0 0.0 0.0 0.0 17.0 0.0 0.0 0.694100148735746
40 44 37 0.0 0.0 0.0 0.0 1.0 0.0 0.0 0.6996501749125437
40 44 38 0.0 0.0 0.0 0.0 4.0 0.0 0.0 0.6986027944111775
40 44 39 0.0 0.0 19.0 0.0 480.0 8.0 0.0 0.5620232838217583
40 44 40 0.0 0.0 13.0 0.0 207.0 3.0 0.0 0.6314839873703202
40 44 41 0.0 0.0 0.0 0.0 23.0 0.0 0.0 0.6920415224913494
40 44 42 0.0 0.0 2.0 0.0 38.0 0.0 0.0 0.6862745098039215
40 44 43 0.0 0.0 0.0 0.0 4.0 0.0 0.0 0.6986027944111775
40 45 40 0.0 0.0 0.0 0.0 1.0 0.0 0.0 0.6996501749125437
40 45 41 0.0 0.0 0.0 0.0 3.0 0.0 0.0 0.6989515726410384
40 45 42 0.0 0.0 0.0 0.0 1.0 0.0 0.0 0.6996501749125437
41 35 38 0.0 0.0 0.0 0.0 1.0 0.0 0.0 0.6996501749125437
41 35 39 0.0 0.0 0.0 0.0 1.0 0.0 0.0 0.6996501749125437
41 35 40 0.0 0.0 0.0 0.0 9.0 0.0 0.0 0.6968641114982577
41 36 37 0.0 0.0 0.0 0.0 4.0 0.0 0.0 0.6986027944111775
41 36 38 0.0 0.0 0.0 0.0 30.0 0.0 0.0 0.689655172413793
41 36 39 0.0 0.0 173.0 0.0 4522.0 18.0 249.0 0.20951810835079315
41 36 40 0.0 0.0 11.0 0.0 291.0 5.0 0.0 0.6094906399651718
41 36 41 0.0 0.0 1.0 0.0 70.0 0.0 0.0 0.6760019314340897
41 36 42 0.0 0.0 0.0 0.0 54.0 0.0 0.0 0.6815968841285296
41 36 43 0.0 0.0 4.0 0.0 177.0 0.0 1.0 0.6422018348623851
41 36 44 0.0 0.0 0.0 0.0 1.0 0.0 0.0 0.6996501749125437
41 37 36 0.0 0.0 0.0 0.0 1.0 0.0 0.0 0.6996501749125437
41 37 37 0.0 0.0 3.0 0.0 113.0 1.0 0.0 0.662251655629139
41 37 38 0.0 0.0 17.0 0.0 728.0 3.0 2.0 0.5105762217359591
41 37 39 0.0 0.0 324.0 0.0 7280.0 18.0 1054.0 0.14598540145985398
41 37 40 0.0 0.0 217.0 0.0 5190.0 20.0 301.0 0.1895221334777311
41 37 41 0.0 0.0 268.0 0.0 5810.0 22.0 444.0 0.1736326429368721
41 37 42 0.0 0.0 354.0 0.0 6722.0 20.0 599.0 0.15449128227764286
41 37 43 0.0 0.0 169.0 0.0 3682.0 28.0 128.0 0.24034334763948495
41 37 44 0.0 0.0 0.0 0.0 19.0 0.0 0.0 0.6934125804853887
41 38 37 0.0 0.0 131.0 0.0 2745.0 19.0 54.0 0.28812512862728956
41 38 38 0.0 0.0 303.0 0.0 6671.0 17.0 664.0 0.15624999999999997
41 38 39 0.0 0.0 668.0 0.0 11115.0 29.0 4667.0 0.10166291482100065
41 38 40 0.0 0.0 1000.0 0.0 12486.0 15.0 9581.0 0.09028763059460854
41 38 41 0.0 0.0 899.0 0.0 12280.0 30.0 8859.0 0.09231174996703151
41 38 42 0.0 0.0 945.0 0.0 12166.0 27.0 10901.0 0.09267227113258754
41 38 43 0.0 0.0 257.0 0.0 5909.0 19.0 494.0 0.17173699705593715
41 38 44 0.0 0.0 28.0 0.0 605.0 4.0 2.0 0.5325218714340052
41 39 36 0.0 0.0 31.0 0.0 584.0 5.0 0.0 0.5363984674329502
41 39 37 0.0 0.0 50.0 0.0 1064.0 11.0 4.0 0.4510309278350515
41 39 38 0.0 0.0 597.0 0.0 10431.0 30.0 3023.0 0.1076178030594204
41 39 39 0.0 0.0 1140.0 3.0 12721.0 34.0 13023.0 0.08827238335435056
41 39 40 0.0 0.0 2077.0 0.0 11418.0 48.0 35682.0 0.09029927760577915
41 39 41 1.0 0.0 2457.0 0.0 10661.0 75.0 48028.0 0.09268454154253558
41 39 42 0.0 0.0 1004.0 0.0 12790.0 34.0 9759.0 0.08869179600886917
41 39 43 0.0 0.0 244.0 0.0 5775.0 17.0 456.0 0.17491254372813592
41 39 44 0.0 0.0 15.0 0.0 396.0 4.0 0.0 0.5818786367414795
41 40 35 0.0 0.0 0.0 0.0 1.0 0.0 0.0 0.6996501749125437
41 40 36 0.0 0.0 142.0 0.0 3444.0 25.0 121.0 0.25175328178385176
41 40 37 0.0 0.0 169.0 0.0 3770.0 19.0 118.0 0.23644654619152164
41 40 38 0.0 0.0 755.0 0.0 11746.0 35.0 6037.0 0.09667840618741799
41 40 39 0.0 0.0 1690.0 0.0 12087.0 48.0 26876.0 0.0887255212624374
41 40 40 0.0 0.0 1037.0 10.0 12950.0 35.0 9031.0 0.08762596232083619
41 40 41 0.0 0.0 1559.0 1.0 12713.0 44.0 21887.0 0.08603207767467584
41 40 42 0.0 0.0 1192.0 0.0 12670.0 29.0 14270.0 0.08821120282275849
41 40 43 0.0 0.0 465.0 0.0 9220.0 17.0 2217.0 0.1198630136986301
41 40 44 0.0 0.0 79.0 0.0 1577.0 8.0 15.0 0.3837719298245614
41 41 36 0.0 0.0 3.0 0.0 95.0 2.0 0.0 0.6679389312977099
41 41 37 0.0 0.0 379.0 0.0 7659.0 20.0 959.0 0.1396787389005288
41 41 38 0.0 0.0 562.0 0.0 10335.0 32.0 3214.0 0.10869565217391303
41 41 39 0.0 0.0 1353.0 1.0 12656.0 35.0 17018.0 0.08745627186406796
41 41 40 0.0 0.0 1809.0 0.0 11543.0 40.0 31214.0 0.09113396693138913
41 41 41 0.0 1.0 957.0 11.0 12501.0 30.0 6985.0 0.09053870529651425
41 41 42 0.0 0.0 391.0 0.0 7828.0 31.0 971.0 0.13738959764474973
41 41 43 0.0 0.0 179.0 0.0 3923.0 23.0 141.0 0.23026315789473678
41 41 44 0.0 0.0 2.0 0.0 40.0 0.0 0.0 0.6856023506366307
41 41 45 0.0 0.0 0.0 0.0 1.0 0.0 0.0 0.6996501749125437
41 42 36 0.0 0.0 36.0 0.0 717.0 6.0 2.0 0.5096468875136512
41 42 37 0.0 0.0 107.0 0.0 2385.0 17.0 30.0 0.31284916201117313
41 42 38 0.0 0.0 156.0 0.0 3969.0 13.0 138.0 0.22902012105349254
41 42 39 0.0 0.0 334.0 0.0 7114.0 20.0 780.0 0.14849384811200675
41 42 40 0.0 0.0 487.0 0.0 9725.0 15.0 2478.0 0.11466011466011464
41 42 41 0.0 0.0 527.0 0.0 9596.0 26.0 2082.0 0.11561648360723427
41 42 42 0.0 0.0 103.0 0.0 2717.0 17.0 71.0 0.2914238134887593
41 42 43 0.0 0.0 16.0 0.0 171.0 2.0 0.0 0.6407322654462241
41 42 44 0.0 0.0 0.0 0.0 3.0 0.0 0.0 0.6989515726410384
41 43 36 0.0 0.0 0.0 0.0 1.0 0.0 0.0 0.0
41 43 37 0.0 0.0 0.0 0.0 10.0 0.0 0.0 0.6965174129353233
41 43 38 0.0 0.0 9.0 0.0 280.0 3.0 1.0 0.6124234470691162
41 43 39 0.0 0.0 226.0 0.0 4362.0 21.0 156.0 0.2131222408281321
41 43 40 0.0 0.0 33.0 0.0 938.0 4.0 9.0 0.4716981132075471
41 43 41 0.0 0.0 99.0 0.0 2109.0 16.0 37.0 0.33388981636060094
41 43 42 0.0 0.0 167.0 0.0 3342.0 22.0 106.0 0.2550555656768081
41 43 43 0.0 0.0 0.0 0.0 2.0 0.0 0.0 0.6993006993006992
41 44 38 0.0 0.0 12.0 0.0 193.0 6.0 0.0 0.6366530241018644
41 44 39 0.0 0.0 0.0 0.0 3.0 0.0 0.0 0.6989515726410384
41 44 40 0.0 0.0 0.0 0.0 20.0 0.0 0.0 0.6930693069306929
41 44 41 0.0 0.0 5.0 0.0 79.0 0.0 0.0 0.6717850287907868
41 44 42 0.0 0.0 0.0 0.0 3.0 0.0 0.0 0.6989515726410384
41 44 43 0.0 0.0 0.0 0.0 3.0 0.0 0.0 0.6989515726410384
42 35 38 0.0 0.0 0.0 0.0 3.0 0.0 0.0 0.6989515726410384
42 35 39 0.0 0.0 0.0 0.0 3.0 0.0 0.0 0.6989515726410384
42 35 40 0.0 0.0 0.0 0.0 1.0 0.0 0.0 0.6996501749125437
42 35 41 0.0 0.0 0.0 0.0 1.0 0.0 0.0 0.6996501749125437
42 36 38 0.0 0.0 0.0 0.0 12.0 0.0 0.0 0.6958250497017892
42 36 39 0.0 0.0 81.0 0.0 1659.0 24.0 23.0 0.3767491926803013
42 36 40 0.0 0.0 1.0 0.0 94.0 0.0 0.0 0.6682577565632457
42 36 41 0.0 0.0 23.0 0.0 520.0 4.0 0.0 0.5513981882630956
42 36 42 0.0 0.0 0.0 0.0 24.0 0.0 0.0 0.6916996047430829
42 36 43 0.0 0.0 0.0 0.0 14.0 0.0 0.0 0.6951340615690167
42 36 44 0.0 0.0 0.0 0.0 8.0 0.0 0.0 0.697211155378486
42 37 37 0.0 0.0 0.0 0.0 11.0 0.0 0.0 0.6961710591745399
42 37 38 0.0 0.0 8.0 0.0 189.0 2.0 0.0 0.6378132118451024
42 37 39 0.0 0.0 259.0 0.0 5211.0 24.0 243.0 0.18794469056249155
42 37 40 0.0 0.0 570.0 0.0 9909.0 18.0 2887.0 0.1122874558870709
42 37 41 0.0 0.0 431.0 0.0 8360.0 20.0 1421.0 0.1299303944315545
42 37 42 0.0 0.0 87.0 0.0 2090.0 13.0 29.0 0.33621517771373677
42 37 43 0.0 0.0 204.0 0.0 5497.0 17.0 453.0 0.18214936247723132
42 37 44 0.0 0.0 0.0 0.0 16.0 0.0 0.0 0.6944444444444444
42 38 36 0.0 0.0 0.0 0.0 4.0 0.0 0.0 0.6986027944111775
42 38 37 0.0 0.0 0.0 0.0 46.0 0.0 0.0 0.6842619745845552
42 38 38 0.0 0.0 218.0 0.0 5087.0 21.0 319.0 0.1920702428316641
42 38 39 0.0 0.0 396.0 0.0 8691.0 21.0 1773.0 0.12643366747945453
42 38 40 0.0 0.0 992.0 0.0 12347.0 45.0 11362.0 0.09141364675155075
42 38 41 0.0 0.0 1141.0 0.0 12699.0 37.0 12765.0 0.08832807570977917
42 38 42 0.0 0.0 356.0 0.0 7723.0 19.0 1170.0 0.13905442987683747
42 38 43 0.0 0.0 38.0 0.0 1304.0 10.0 10.0 0.42029420594416084
42 38 44 0.0 0.0 0.0 0.0 16.0 0.0 0.0 0.6944444444444444
42 39 36 0.0 0.0 0.0 0.0 4.0 0.0 0.0 0.6986027944111775
42 39 37 0.0 0.0 110.0 0.0 2898.0 15.0 63.0 0.2804487179487179
42 39 38 0.0 0.0 227.0 0.0 5022.0 17.0 271.0 0.19358407079646014
42 39 39 0.0 0.0 670.0 0.0 10870.0 30.0 3772.0 0.10348141030379185
42 39 40 0.0 0.0 1031.0 0.0 12673.0 27.0 11534.0 0.08908685968819598
42 39 41 0.0 0.0 912.0 0.0 12376.0 35.0 7915.0 0.0916350307631889
42 39 42 0.0 0.0 1127.0 0.0 12790.0 36.0 12512.0 0.08803370433251587
42 39 43 0.0 0.0 94.0 0.0 2396.0 19.0 31.0 0.3130590339892665
42 39 44 0.0 0.0 5.0 0.0 121.0 3.0 0.0 0.6594441827602449
42 39 45 0.0 0.0 0.0 0.0 2.0 0.0 0.0 0.6993006993006992
42 40 36 0.0 0.0 0.0 0.0 22.0 0.0 0.0 0.6923837784371908
42 40 37 0.0 0.0 48.0 0.0 1098.0 10.0 2.0 0.4464285714285714
42 40 38 0.0 0.0 673.0 0.0 11252.0 20.0 5086.0 0.10055304172951231
42 40 39 0.0 0.0 680.0 0.0 11230.0 25.0 4160.0 0.10068320747932397
42 40 40 0.0 0.0 912.0 0.0 12257.0 27.0 9192.0 0.09233001384950207
42 40 41 0.0 0.0 984.0 0.0 12684.0 30.0 8555.0 0.08933699189585859
42 40 42 0.0 0.0 845.0 0.0 12161.0 35.0 7472.0 0.09337068160597571
42 40 43 0.0 0.0 261.0 0.0 5978.0 18.0 437.0 0.1701713868968032
42 40 44 0.0 0.0 48.0 0.0 880.0 10.0 1.0 0.4797806716929403
42 41 36 0.0 0.0 0.0 0.0 11.0 0.0 0.0 0.6961710591745399
42 41 37 0.0 0.0 13.0 0.0 441.0 2.0 3.0 0.5711954304365564
42 41 38 0.0 0.0 385.0 0.0 8005.0 26.0 1291.0 0.1349007515899017
42 41 39 0.0 0.0 574.0 0.0 9822.0 27.0 2302.0 0.1131038940054936
42 41 40 0.0 0.0 518.0 0.0 9949.0 25.0 3069.0 0.11236856890601171
42 41 41 0.0 0.0 166.0 1.0 3985.0 12.0 178.0 0.2280501710376282
42 41 42 0.0 0.0 453.0 0.0 9258.0 22.0 2214.0 0.11970927746900384
42 41 43 0.0 0.0 142.0 0.0 2985.0 19.0 55.0 0.27402622822470146
42 41 44 0.0 0.0 5.0 0.0 45.0 3.0 0.0 0.6839276990718123
42 42 36 0.0 0.0 0.0 0.0 17.0 0.0 0.0 0.694100148735746
42 42 37 0.0 0.0 1.0 0.0 88.0 0.0 0.0 0.6704980842911876
42 42 38 0.0 0.0 373.0 0.0 7947.0 14.0 1152.0 0.1357115160915083
42 42 39 0.0 0.0 419.0 0.0 8636.0 17.0 1714.0 0.12678862524904908
42 42 40 0.0 0.0 159.0 0.0 4079.0 16.0 208.0 0.22497187851518555
42 42 41 0.0 0.0 517.0 0.0 9534.0 23.0 2239.0 0.1162597575153629
42 42 42 0.0 0.0 34.0 0.0 719.0 6.0 4.0 0.5096468875136512
42 42 43 0.0 0.0 0.0 0.0 34.0 0.0 0.0 0.6882989183874139
42 43 36 0.0 0.0 0.0 0.0 1.0 0.0 0.0 0.6996501749125437
42 43 37 0.0 0.0 0.0 0.0 9.0 0.0 0.0 0.6968641114982577
42 43 38 0.0 0.0 5.0 0.0 172.0 0.0 0.0 0.6430868167202571
42 43 39 0.0 0.0 6.0 0.0 191.0 1.0 0.0 0.6375227686703095
42 43 40 0.0 0.0 0.0 0.0 86.0 0.0 1.0 0.6711409395973154
42 43 41 0.0 0.0 41.0 0.0 916.0 9.0 0.0 0.4748982360922659
42 43 42 0.0 0.0 18.0 0.0 496.0 4.0 2.0 0.5577689243027888
42 43 43 0.0 0.0 0.0 0.0 1.0 0.0 0.0 0.6996501749125437
42 44 38 0.0 0.0 0.0 0.0 3.0 0.0 0.0 0.6989515726410384
42 44 40 0.0 0.0 3.0 0.0 32.0 3.0 0.0 0.6889763779527558
42 44 41 0.0 0.0 0.0 0.0 3.0 0.0 0.0 0.6993006993006992
42 44 43 0.0 0.0 0.0 0.0 2.0 0.0 0.0 0.6993006993006992
43 36 38 0.0 0.0 0.0 0.0 3.0 0.0 0.0 0.6989515726410384
43 36 39 0.0 0.0 19.0 0.0 395.0 9.0 0.0 0.582120582120582
43 36 40 0.0 0.0 0.0 0.0 22.0 0.0 0.0 0.6923837784371908
43 36 41 0.0 0.0 3.0 0.0 117.0 0.0 0.0 0.6603773584905659
43 36 42 0.0 0.0 3.0 0.0 36.0 0.0 0.0 0.6866110838646394
43 36 43 0.0 0.0 0.0 0.0 2.0 0.0 0.0 0.6993006993006992
43 36 44 0.0 0.0 0.0 0.0 4.0 0.0 0.0 0.6986027944111775
43 37 38 0.0 0.0 4.0 0.0 57.0 0.0 0.0 0.6792819019893255
43 37 39 0.0 0.0 10.0 0.0 255.0 1.0 2.0 0.6183745583038868
43 37 40 0.0 0.0 89.0 0.0 1865.0 14.0 27.0 0.35532994923857864
43 37 41 0.0 0.0 111.0 0.0 2508.0 16.0 55.0 0.3041494677384314
43 37 42 0.0 0.0 8.0 0.0 347.0 1.0 1.0 0.594732370433305
43 37 43 0.0 0.0 75.0 0.0 1710.0 14.0 18.0 0.3712543092018032
43 37 44 0.0 0.0 0.0 0.0 3.0 0.0 0.0 0.6989515726410384
43 38 38 0.0 0.0 29.0 0.0 491.0 7.0 0.0 0.5571030640668523
43 38 39 0.0 0.0 32.0 0.0 1110.0 10.0 11.0 0.44728434504792325
43 38 40 0.0 0.0 222.0 0.0 4763.0 17.0 246.0 0.20097616996841797
43 38 41 0.0 0.0 248.0 0.0 6159.0 12.0 546.0 0.16660716410805662
43 38 42 0.0 0.0 176.0 0.0 4661.0 21.0 255.0 0.20536893061463984
43 38 43 0.0 0.0 155.0 0.0 3336.0 21.0 91.0 0.2558479532163742
43 38 44 0.0 0.0 0.0 0.0 18.0 0.0 0.0 0.6937561942517343
43 39 36 0.0 0.0 0.0 0.0 1.0 0.0 0.0 0.6996501749125437
43 39 37 0.0 0.0 1.0 0.0 49.0 0.0 0.0 0.6829268292682925
43 39 38 0.0 0.0 42.0 0.0 1014.0 6.0 6.0 0.45901639344262285
43 39 39 0.0 0.0 201.0 0.0 4690.0 14.0 237.0 0.20357714119528864
43 39 40 0.0 0.0 394.0 0.0 8143.0 18.0 1364.0 0.1330166270783848
43 39 41 0.0 0.0 187.0 0.0 4413.0 16.0 197.0 0.21253985122210411
43 39 42 0.0 0.0 349.0 0.0 7327.0 22.0 841.0 0.14492753623188404
43 39 43 0.0 0.0 244.0 0.0 5435.0 16.0 356.0 0.18267223382045927
43 39 44 0.0 0.0 0.0 0.0 14.0 0.0 0.0 0.6951340615690167
43 40 36 0.0 0.0 0.0 0.0 10.0 0.0 0.0 0.6965174129353233
43 40 37 0.0 0.0 23.0 0.0 468.0 3.0 0.0 0.562700964630225
43 40 38 0.0 0.0 209.0 0.0 4536.0 21.0 218.0 0.20808561236623063
43 40 39 0.0 0.0 211.0 0.0 4234.0 23.0 169.0 0.21803457405388563
43 40 40 0.0 0.0 241.0 0.0 5579.0 20.0 404.0 0.17941817249775727
43 40 41 0.0 0.0 425.0 0.0 8605.0 21.0 1635.0 0.12705327162174423
43 40 42 0.0 0.0 174.0 0.0 3868.0 21.0 119.0 0.23251951503072574
43 40 43 0.0 0.0 137.0 0.0 2844.0 23.0 55.0 0.28231498285944745
43 40 44 0.0 0.0 1.0 0.0 54.0 0.0 0.0 0.6812652068126519
43 41 35 0.0 0.0 0.0 0.0 1.0 0.0 0.0 0.6996501749125437
43 41 36 0.0 0.0 0.0 0.0 5.0 0.0 0.0 0.6982543640897755
43 41 37 0.0 0.0 317.0 0.0 6602.0 23.0 691.0 0.15719739501459687
43 41 38 0.0 0.0 14.0 0.0 332.0 2.0 0.0 0.5972696245733787
43 41 39 0.0 0.0 214.0 0.0 4104.0 27.0 146.0 0.22243406418811565
43 41 40 0.0 0.0 480.0 0.0 8523.0 24.0 1168.0 0.12743491716730382
43 41 41 0.0 0.0 20.0 0.0 850.0 9.0 7.0 0.4893393918210415
43 41 42 0.0 0.0 83.0 0.0 2314.0 11.0 43.0 0.31919744642042863
43 41 43 0.0 0.0 33.0 0.0 802.0 6.0 3.0 0.4948745139625308
43 41 44 0.0 0.0 0.0 0.0 6.0 0.0 0.0 0.6979062811565303
43 42 36 0.0 0.0 0.0 0.0 3.0 0.0 0.0 0.6989515726410384
43 42 37 0.0 0.0 1.0 0.0 92.0 1.0 0.0 0.6692160611854684
43 42 38 0.0 0.0 22.0 0.0 386.0 8.0 0.0 0.5835764902042517
43 42 39 0.0 0.0 95.0 0.0 2389.0 13.0 38.0 0.31312905390292994
43 42 40 0.0 0.0 27.0 0.0 1073.0 6.0 9.0 0.4524886877828054
43 42 41 0.0 0.0 2.0 0.0 110.0 1.0 0.0 0.6631927996210326
43 42 42 0.0 0.0 0.0 0.0 39.0 0.0 0.0 0.6866110838646394
43 42 43 0.0 0.0 0.0 0.0 21.0 0.0 0.0 0.6927263730826323
43 43 35 0.0 0.0 0.0 0.0 1.0 0.0 0.0 0.6996501749125437
43 43 37 0.0 0.0 0.0 0.0 12.0 0.0 0.0 0.6958250497017892
43 43 38 0.0 0.0 1.0 0.0 20.0 0.0 0.0 0.6927263730826323
43 43 39 0.0 0.0 0.0 0.0 45.0 0.0 0.0 0.6845965770171147
43 43 40 0.0 0.0 0.0 0.0 26.0 0.0 0.0 0.6910167818361302
43 43 41 0.0 0.0 2.0 0.0 49.0 1.0 0.0 0.6832601268911663
43 43 42 0.0 0.0 0.0 0.0 18.0 1.0 0.0 0.694100148735746
44 36 39 0.0 0.0 0.0 0.0 1.0 0.0 0.0 0.6996501749125437
44 36 40 0.0 0.0 0.0 0.0 1.0 0.0 0.0 0.6996501749125437
44 36 41 0.0 0.0 1.0 0.0 0.0 0.0 0.0 0.6996501749125437
44 37 39 0.0 0.0 0.0 0.0 2.0 0.0 0.0 0.6993006993006992
44 37 40 0.0 0.0 0.0 0.0 9.0 0.0 0.0 0.6968641114982577
44 37 41 0.0 0.0 0.0 0.0 10.0 0.0 0.0 0.6965174129353233
44 37 42 0.0 0.0 0.0 0.0 7.0 0.0 0.0 0.6975585450921773
44 37 43 0.0 0.0 2.0 0.0 24.0 1.0 0.0 0.6913580246913579
44 37 44 0.0 0.0 0.0 0.0 1.0 0.0 0.0 0.6996501749125437
44 38 38 0.0 0.0 2.0 0.0 67.0 1.0 0.0 0.6769825918762088
44 38 39 0.0 0.0 0.0 0.0 26.0 0.0 0.0 0.6910167818361302
44 38 40 0.0 0.0 0.0 0.0 30.0 1.0 0.0 0.6899950714637751
44 38 41 0.0 0.0 87.0 0.0 1730.0 10.0 19.0 0.3677436301549776
44 38 42 0.0 0.0 0.0 0.0 16.0 0.0 0.0 0.6944444444444444
44 38 43 0.0 0.0 0.0 0.0 8.0 0.0 0.0 0.697211155378486
44 38 44 0.0 0.0 0.0 0.0 5.0 0.0 0.0 0.6982543640897755
44 39 38 0.0 0.0 0.0 0.0 10.0 0.0 0.0 0.6965174129353233
44 39 39 0.0 0.0 0.0 0.0 13.0 0.0 0.0 0.695479384003974
44 39 40 0.0 0.0 0.0 0.0 65.0 0.0 0.0 0.6779661016949151
44 39 41 0.0 0.0 47.0 0.0 910.0 9.0 4.0 0.4748982360922659
44 39 42 0.0 0.0 0.0 0.0 40.0 0.0 0.0 0.6862745098039215
44 39 43 0.0 0.0 0.0 0.0 7.0 0.0 0.0 0.6975585450921773
44 39 44 0.0 0.0 0.0 0.0 4.0 0.0 0.0 0.6986027944111775
44 40 36 0.0 0.0 30.0 0.0 578.0 8.0 2.0 0.5384615384615384
44 40 37 0.0 0.0 0.0 0.0 6.0 0.0 0.0 0.6979062811565303
44 40 38 0.0 0.0 0.0 0.0 10.0 0.0 0.0 0.6965174129353233
44 40 39 0.0 0.0 2.0 0.0 81.0 1.0 0.0 0.6724303554274734
44 40 40 0.0 0.0 38.0 0.0 697.0 6.0 4.0 0.5130084279956026
44 40 41 0.0 0.0 0.0 0.0 43.0 0.0 0.0 0.6856023506366307
44 40 42 0.0 0.0 10.0 0.0 204.0 3.0 0.0 0.6331976481230212
44 40 43 0.0 0.0 3.0 0.0 79.0 1.0 0.0 0.6727534839019701
44 40 44 0.0 0.0 22.0 0.0 416.0 7.0 1.0 0.5758946935417523
44 41 36 0.0 0.0 0.0 0.0 5.0 0.0 0.0 0.6982543640897755
44 41 37 0.0 0.0 1.0 0.0 19.0 0.0 0.0 0.6934125804853887
44 41 38 0.0 0.0 0.0 0.0 15.0 0.0 0.0 0.694789081885856
44 41 39 0.0 0.0 0.0 0.0 26.0 0.0 0.0 0.6910167818361302
44 41 40 0.0 0.0 2.0 0.0 62.0 1.0 0.0 0.6786233640329616
44 41 41 0.0 0.0 131.0 0.0 2895.0 11.0 63.0 0.27905122583217057
44 41 42 0.0 0.0 0.0 0.0 23.0 0.0 0.0 0.6920415224913494
44 41 43 0.0 0.0 0.0 0.0 3.0 1.0 0.0 0.6993006993006992
44 41 44 0.0 0.0 0.0 0.0 3.0 0.0 0.0 0.6989515726410384
44 42 36 0.0 0.0 64.0 0.0 1877.0 7.0 20.0 0.3558718861209964
44 42 37 0.0 0.0 0.0 0.0 9.0 0.0 0.0 0.6968641114982577
44 42 38 0.0 0.0 0.0 0.0 8.0 0.0 0.0 0.697211155378486
44 42 39 0.0 0.0 0.0 0.0 5.0 0.0 0.0 0.6982543640897755
44 42 40 0.0 0.0 0.0 0.0 12.0 0.0 0.0 0.6958250497017892
44 42 41 0.0 0.0 0.0 0.0 6.0 0.0 0.0 0.6979062811565303
44 42 43 0.0 0.0 0.0 0.0 1.0 0.0 0.0 0.6996501749125437
44 42 44 0.0 0.0 0.0 0.0 1.0 0.0 0.0 0.6996501749125437
45 38 40 0.0 0.0 0.0 0.0 1.0 0.0 0.0 0.6996501749125437
45 40 40 0.0 0.0 0.0 0.0 1.0 0.0 0.0 0.6996501749125437
45 40 41 0.0 0.0 0.0 0.0 2.0 0.0 0.0 0.6993006993006992
45 40 42 0.0 0.0 0.0 0.0 1.0 0.0 0.0 0.6996501749125437
45 41 36 0.0 0.0 0.0 0.0 2.0 0.0 0.0 0.6993006993006992
45 41 37 0.0 0.0 0.0 0.0 1.0 0.0 0.0 0.6996501749125437
45 42 41 0.0 0.0 0.0 0.0 6.0 0.0 0.0 0.6979062811565303
45 42 42 0.0 0.0 0.0 0.0 1.0 0.0 0.0 0.6996501749125437
