34 38 40 0.0 0.0 0.0 0.0 1.0 0.0 0.0 0.6996501749125437
34 41 37 0.0 0.0 0.0 0.0 1.0 0.0 0.0 0.6996501749125437
35 37 39 0.0 0.0 0.0 0.0 4.0 0.0 0.0 0.6986027944111775
35 37 40 0.0 0.0 0.0 0.0 6.0 0.0 0.0 0.6979062811565303
35 37 41 0.0 0.0 0.0 0.0 5.0 0.0 0.0 0.6982543640897755
35 38 38 0.0 0.0 0.0 0.0 5.0 0.0 0.0 0.6982543640897755
35 38 39 0.0 0.0 0.0 0.0 22.0 0.0 0.0 0.6923837784371908
35 38 40 0.0 0.0 31.0 0.0 792.0 8.0 2.0 0.4973357015985789
35 38 41 0.0 0.0 19.0 0.0 271.0 9.0 0.0 0.6137658921525645
35 39 37 0.0 0.0 0.0 0.0 20.0 0.0 0.0 0.6930693069306929
35 39 38 0.0 0.0 23.0 0.0 598.0 4.0 2.0 0.5349636988918608
35 39 39 0.0 0.0 2.0 0.0 86.0 2.0 0.0 0.6711409395973154
35 39 40 0.0 0.0 0.0 0.0 28.0 0.0 0.0 0.690335305719921
35 39 41 0.0 0.0 3.0 0.0 22.0 0.0 0.0 0.6913580246913579
35 40 37 0.0 0.0 6.0 0.0 129.0 3.0 0.0 0.6566604127579737
35 40 38 0.0 0.0 60.0 0.0 1376.0 14.0 13.0 0.40911747516072466
35 40 39 0.0 0.0 0.0 0.0 80.0 2.0 0.0 0.6740491092922483
35 40 40 0.0 0.0 5.0 0.0 153.0 2.0 0.0 0.6493506493506492
35 40 41 0.0 0.0 0.0 0.0 9.0 0.0 0.0 0.6968641114982577
35 40 42 0.0 0.0 0.0 0.0 2.0 0.0 0.0 0.6993006993006992
35 41 37 0.0 0.0 12.0 0.0 154.0 1.0 0.0 0.6466512702078521
35 41 38 0.0 0.0 8.0 0.0 243.0 1.0 0.0 0.6222222222222221
35 41 39 0.0 0.0 2.0 0.0 123.0 3.0 0.0 0.6597549481621111
35 41 40 0.0 0.0 2.0 0.0 33.0 1.0 0.0 0.6882989183874139
35 41 41 0.0 0.0 0.0 0.0 5.0 0.0 0.0 0.6982543640897755
35 41 42 0.0 0.0 1.0 0.0 13.0 0.0 0.0 0.6951340615690167
35 41 43 0.0 0.0 0.0 0.0 2.0 0.0 0.0 0.6993006993006992
35 41 44 0.0 0.0 0.0 0.0 1.0 0.0 0.0 0.6996501749125437
35 42 36 0.0 0.0 0.0 0.0 1.0 0.0 0.0 0.6996501749125437
35 42 37 0.0 0.0 0.0 0.0 11.0 0.0 0.0 0.6961710591745399
35 42 38 0.0 0.0 0.0 0.0 16.0 0.0 0.0 0.6944444444444444
35 42 39 0.0 0.0 0.0 0.0 20.0 0.0 0.0 0.6930693069306929
35 42 40 0.0 0.0 0.0 0.0 2.0 0.0 0.0 0.6993006993006992
35 42 41 0.0 0.0 0.0 0.0 9.0 0.0 0.0 0.6968641114982577
35 42 42 0.0 0.0 0.0 0.0 4.0 0.0 0.0 0.6986027944111775
35 42 43 0.0 0.0 0.0 0.0 1.0 0.0 0.0 0.6996501749125437
35 42 44 0.0 0.0 0.0 0.0 1.0 0.0 0.0 0.6996501749125437
35 43 38 0.0 0.0 0.0 0.0 2.0 0.0 0.0 0.6993006993006992
35 43 39 0.0 0.0 0.0 0.0 1.0 0.0 0.0 0.6996501749125437
35 43 41 0.0 0.0 0.0 0.0 1.0 0.0 0.0 0.6996501749125437
35 43 43 0.0 0.0 0.0 0.0 1.0 0.0 0.0 0.6996501749125437
35 44 40 0.0 0.0 1.0 0.0 3.0 0.0 0.0 0.6986027944111775
36 35 43 0.0 0.0 0.0 0.0 1.0 0.0 0.0 0.6996501749125437
36 35 44 0.0 0.0 0.0 0.0 2.0 0.0 0.0 0.6993006993006992
36 36 38 0.0 0.0 0.0 0.0 13.0 0.0 0.0 0.695479384003974
36 36 39 0.0 0.0 0.0 0.0 65.0 0.0 0.0 0.6779661016949151
36 36 40 0.0 0.0 0.0 0.0 55.0 1.0 0.0 0.6819288845591815
36 36 41 0.0 0.0 5.0 0.0 67.0 3.0 0.0 0.6766553890768486
36 36 42 0.0 0.0 0.0 0.0 3.0 0.0 0.0 0.6989515726410384
36 36 43 0.0 0.0 0.0 0.0 1.0 0.0 0.0 0.6996501749125437
36 37 37 0.0 0.0 0.0 0.0 8.0 0.0 0.0 0.697211155378486
36 37 38 0.0 0.0 14.0 0.0 233.0 3.0 1.0 0.623885918003565
36 37 39 0.0 0.0 8.0 0.0 151.0 1.0 0.0 0.6487488415199257
36 37 40 0.0 0.0 41.0 0.0 740.0 10.0 2.0 0.5052327679538072
36 37 41 0.0 0.0 2.0 0.0 134.0 1.0 0.0 0.6557377049180326
36 37 42 0.0 0.0 13.0 0.0 323.0 2.0 0.0 0.5998286203941731
36 37 43 0.0 0.0 0.0 0.0 1.0 0.0 0.0 0.6996501749125437
36 37 44 0.0 0.0 0.0 0.0 2.0 0.0 0.0 0.6993006993006992
36 38 36 0.0 0.0 0.0 0.0 6.0 0.0 0.0 0.6979062811565303
36 38 37 0.0 0.0 0.0 0.0 24.0 0.0 0.0 0.6916996047430829
36 38 38 0.0 0.0 3.0 0.0 115.0 2.0 0.0 0.661625708884688
36 38 39 0.0 0.0 27.0 0.0 447.0 7.0 1.0 0.5674908796108633
36 38 40 0.0 0.0 322.0 0.0 7098.0 16.0 845.0 0.14877789585547288
36 38 41 0.0 0.0 48.0 0.0 1235.0 11.0 8.0 0.42787286063569674
36 38 42 0.0 0.0 0.0 0.0 22.0 0.0 0.0 0.6923837784371908
36 38 43 0.0 0.0 0.0 0.0 1.0 0.0 0.0 0.6996501749125437
36 38 44 0.0 0.0 0.0 0.0 3.0 0.0 0.0 0.6989515726410384
36 39 36 0.0 0.0 0.0 0.0 1.0 0.0 0.0 0.6996501749125437
36 39 37 0.0 0.0 21.0 0.0 488.0 7.0 0.0 0.5597760895641744
36 39 38 0.0 0.0 28.0 0.0 773.0 6.0 2.0 0.5010737294201861
36 39 39 0.0 0.0 395.0 0.0 7915.0 32.0 1232.0 0.13612056392805055
36 39 40 0.0 0.0 204.0 0.0 5274.0 24.0 377.0 0.18774306021188142
36 39 41 0.0 0.0 1.0 0.0 149.0 0.0 0.0 0.6514657980456026
36 39 42 0.0 0.0 0.0 0.0 72.0 0.0 0.0 0.6756756756756755
36 39 43 0.0 0.0 0.0 0.0 8.0 0.0 0.0 0.697211155378486
36 39 45 0.0 0.0 0.0 0.0 1.0 0.0 0.0 0.6996501749125437
36 40 36 0.0 0.0 0.0 0.0 6.0 0.0 0.0 0.6979062811565303
36 40 37 0.0 0.0 24.0 0.0 517.0 3.0 1.0 0.5516154452324664
36 40 38 0.0 0.0 581.0 0.0 10064.0 18.0 2675.0 0.11075949367088607
36 40 39 0.0 0.0 368.0 0.0 7848.0 23.0 1275.0 0.13728181996469893
36 40 40 0.0 0.0 40.0 0.0 1572.0 9.0 23.0 0.3887808941960566
36 40 41 0.0 0.0 87.0 0.0 1795.0 11.0 18.0 0.36157024793388426
36 40 42 0.0 0.0 7.0 0.0 248.0 5.0 0.0 0.6222222222222221
36 40 43 0.0 0.0 15.0 0.0 300.0 2.0 0.0 0.6052745352356247
36 40 44 0.0 0.0 0.0 0.0 1.0 0.0 0.0 0.0
36 41 35 0.0 0.0 0.0 0.0 1.0 0.0 0.0 0.6996501749125437
36 41 36 0.0 0.0 0.0 0.0 4.0 0.0 0.0 0.6986027944111775
36 41 37 0.0 0.0 58.0 0.0 1369.0 11.0 9.0 0.40995607613469975
36 41 38 0.0 0.0 459.0 0.0 8667.0 29.0 1446.0 0.12606933813597476
36 41 39 0.0 0.0 11.0 0.0 535.0 5.0 4.0 0.5509641873278236
36 41 40 0.0 0.0 308.0 0.0 6335.0 25.0 502.0 0.1623376623376623
36 41 41 0.0 0.0 107.0 0.0 2537.0 17.0 42.0 0.30270270270270266
36 41 42 0.0 0.0 97.0 0.0 2467.0 11.0 46.0 0.30748956731825167
36 41 43 0.0 0.0 2.0 0.0 24.0 1.0 0.0 0.6913580246913579
36 41 44 0.0 0.0 0.0 0.0 2.0 0.0 0.0 0.6993006993006992
36 42 35 0.0 0.0 0.0 0.0 1.0 0.0 0.0 0.6996501749125437
36 42 36 0.0 0.0 0.0 0.0 2.0 0.0 0.0 0.6993006993006992
36 42 37 0.0 0.0 0.0 0.0 22.0 0.0 0.0 0.6923837784371908
36 42 38 0.0 0.0 116.0 0.0 2876.0 20.0 68.0 0.28152020912929815
36 42 39 0.0 0.0 10.0 0.0 430.0 3.0 0.0 0.5747126436781609
36 42 40 0.0 0.0 103.0 0.0 2782.0 14.0 85.0 0.28741531513036334
36 42 41 0.0 0.0 64.0 0.0 1369.0 13.0 7.0 0.40935672514619875
36 42 42 0.0 0.0 49.0 0.0 1092.0 12.0 1.0 0.44728434504792325
36 42 43 0.0 0.0 103.0 0.0 2813.0 10.0 74.0 0.2852485737571312
36 43 37 0.0 0.0 0.0 0.0 10.0 0.0 0.0 0.6965174129353233
36 43 38 0.0 0.0 15.0 0.0 272.0 3.0 1.0 0.6129597197898423
36 43 39 0.0 0.0 15.0 0.0 557.0 6.0 2.0 0.5455962587685113
36 43 40 0.0 0.0 49.0 0.0 936.0 16.0 4.0 0.4716981132075471
36 43 41 0.0 0.0 14.0 0.0 247.0 4.0 1.0 0.620292423571112
36 43 42 0.0 0.0 12.0 0.0 241.0 4.0 0.0 0.622498888394842
36 43 43 0.0 0.0 1.0 0.0 24.0 0.0 0.0 0.6913580246913579
36 43 44 0.0 0.0 0.0 0.0 1.0 0.0 0.0 0.6996501749125437
36 44 37 0.0 0.0 0.0 0.0 6.0 0.0 0.0 0.6979062811565303
36 44 38 0.0 0.0 1.0 0.0 8.0 0.0 0.0 0.6968641114982577
36 44 39 0.0 0.0 48.0 0.0 1196.0 8.0 7.0 0.43263288009888745
36 44 40 0.0 0.0 0.0 0.0 29.0 0.0 0.0 0.6899950714637751
36 44 41 0.0 0.0 49.0 0.0 1273.0 8.0 7.0 0.4224502112251055
36 44 42 0.0 0.0 31.0 0.0 581.0 9.0 0.0 0.5378409527468304
36 44 43 0.0 0.0 0.0 0.0 2.0 0.0 0.0 0.6993006993006992
36 45 38 0.0 0.0 0.0 0.0 1.0 0.0 0.0 0.0
36 45 39 0.0 0.0 0.0 0.0 2.0 0.0 0.0 0.6993006993006992
36 45 40 0.0 0.0 0.0 0.0 1.0 0.0 0.0 0.6996501749125437
36 45 41 0.0 0.0 0.0 0.0 1.0 0.0 0.0 0.6996501749125437
37 35 38 0.0 0.0 0.0 0.0 1.0 0.0 0.0 0.6996501749125437
37 35 39 0.0 0.0 0.0 0.0 1.0 0.0 0.0 0.6996501749125437
37 35 40 0.0 0.0 0.0 0.0 1.0 0.0 0.0 0.6996501749125437
37 35 41 0.0 0.0 0.0 0.0 2.0 0.0 0.0 0.6993006993006992
37 35 42 0.0 0.0 0.0 0.0 3.0 0.0 0.0 0.6993006993006992
37 35 43 0.0 0.0 0.0 0.0 1.0 0.0 0.0 0.6996501749125437
37 36 36 0.0 0.0 0.0 0.0 7.0 0.0 0.0 0.6979062811565303
37 36 37 0.0 0.0 0.0 0.0 11.0 0.0 0.0 0.6961710591745399
37 36 38 0.0 0.0 1.0 0.0 31.0 1.0 0.0 0.6893156080748399
37 36 39 0.0 0.0 1.0 0.0 77.0 0.0 0.0 0.6740491092922483
37 36 40 0.0 0.0 13.0 0.0 476.0 2.0 1.0 0.5631536604987931
37 36 41 0.0 0.0 11.0 0.0 405.0 3.0 2.0 0.5801906340654785
37 36 42 0.0 0.0 4.0 0.0 140.0 1.0 0.0 0.6532897806812878
37 36 43 0.0 0.0 106.0 0.0 2303.0 16.0 41.0 0.31868882312770314
37 36 44 0.0 0.0 0.0 0.0 9.0 0.0 0.0 0.6968641114982577
37 37 35 0.0 0.0 0.0 0.0 1.0 0.0 0.0 0.6996501749125437
37 37 36 0.0 0.0 0.0 0.0 3.0 0.0 0.0 0.6989515726410384
37 37 37 0.0 0.0 1.0 0.0 81.0 0.0 0.0 0.6724303554274734
37 37 38 0.0 0.0 12.0 0.0 478.0 2.0 0.0 0.5629272215520706
37 37 39 0.0 0.0 365.0 0.0 7455.0 20.0 939.0 0.14268242967794534
37 37 40 0.0 0.0 677.0 0.0 11186.0 32.0 4269.0 0.10108303249097472
37 37 41 0.0 0.0 314.0 0.0 6501.0 20.0 578.0 0.15909090909090906
37 37 42 0.0 0.0 76.0 0.0 1609.0 11.0 11.0 0.38105606967882405
37 37 43 0.0 0.0 56.0 0.0 1476.0 8.0 14.0 0.3971631205673758
37 37 44 0.0 0.0 0.0 0.0 4.0 0.0 0.0 0.6986027944111775
37 38 36 0.0 0.0 0.0 0.0 15.0 0.0 0.0 0.694789081885856
37 38 37 0.0 0.0 2.0 0.0 308.0 1.0 2.0 0.6063230835859679
37 38 38 0.0 0.0 290.0 0.0 6899.0 19.0 876.0 0.1526051885764116
37 38 39 0.0 0.0 273.0 0.0 5948.0 18.0 488.0 0.1705860850493481
37 38 40 0.0 0.0 185.0 0.0 4349.0 21.0 217.0 0.21492170709241631
37 38 41 0.0 0.0 437.0 0.0 8776.0 17.0 1862.0 0.12499999999999997
37 38 42 0.0 0.0 73.0 0.0 1947.0 15.0 29.0 0.34956304619225964
37 38 43 0.0 0.0 177.0 0.0 3385.0 25.0 85.0 0.25289017341040454
37 38 44 0.0 0.0 93.0 0.0 2053.0 21.0 22.0 0.33939393939393936
37 39 36 0.0 0.0 1.0 0.0 40.0 1.0 0.0 0.6862745098039215
37 39 37 0.0 0.0 269.0 0.0 5656.0 14.0 364.0 0.1769240490332364
37 39 38 0.0 0.0 447.0 0.0 8767.0 21.0 1647.0 0.12507817385866166
37 39 39 0.0 0.0 635.0 0.0 11055.0 18.0 4049.0 0.10230179028132991
37 39 40 0.0 0.0 532.0 0.0 9893.0 22.0 2412.0 0.11277589817947477
37 39 41 0.0 0.0 443.0 0.0 8806.0 29.0 1803.0 0.1246771751714311
37 39 42 0.0 0.0 109.0 0.0 2937.0 9.0 79.0 0.2780536246276067
37 39 43 0.0 0.0 33.0 0.0 903.0 8.0 2.0 0.47814207650273216
37 39 44 0.0 0.0 2.0 0.0 78.0 0.0 0.0 0.6734006734006733
37 39 45 0.0 0.0 0.0 0.0 1.0 0.0 0.0 0.6996501749125437
37 40 36 0.0 0.0 22.0 0.0 466.0 6.0 1.0 0.56406124093473
37 40 37 0.0 0.0 119.0 0.0 2280.0 14.0 25.0 0.3191246865739685
37 40 38 0.0 0.0 282.0 0.0 6799.0 22.0 800.0 0.15438906043228934
37 40 39 0.0 0.0 1157.0 0.0 12891.0 30.0 12593.0 0.0872437215678943
37 40 40 0.0 0.0 705.0 0.0 11446.0 27.0 5378.0 0.09902390720045268
37 40 41 0.0 0.0 603.0 0.0 10673.0 21.0 3890.0 0.10546933855657677
37 40 42 0.0 0.0 300.0 0.0 6133.0 26.0 490.0 0.16642891107941035
37 40 43 0.0 0.0 159.0 0.0 3327.0 12.0 99.0 0.2556610664718772
37 40 44 0.0 0.0 0.0 0.0 23.0 0.0 0.0 0.6920415224913494
37 40 45 0.0 0.0 0.0 0.0 1.0 0.0 0.0 0.6996501749125437
37 41 35 0.0 0.0 0.0 0.0 1.0 0.0 0.0 0.6996501749125437
37 41 36 0.0 0.0 118.0 0.0 2588.0 14.0 42.0 0.2983802216538789
37 41 37 0.0 0.0 164.0 0.0 3621.0 19.0 110.0 0.24280263614290667
37 41 38 0.0 0.0 202.0 0.0 5231.0 21.0 380.0 0.18875556154779558
37 41 39 0.0 0.0 618.0 0.0 10727.0 24.0 3814.0 0.10498687664041995
37 41 40 0.0 0.0 623.0 0.0 10362.0 25.0 2739.0 0.10789980732177262
37 41 41 0.0 0.0 437.0 0.0 9139.0 26.0 2019.0 0.1210967909350402
37 41 42 0.0 0.0 141.0 0.0 3894.0 17.0 177.0 0.23255813953488366
37 41 43 0.0 0.0 56.0 0.0 1516.0 11.0 14.0 0.3931479921370401
37 41 44 0.0 0.0 0.0 0.0 8.0 0.0 0.0 0.697211155378486
37 42 35 0.0 0.0 2.0 0.0 40.0 1.0 0.0 0.6859382655560998
37 42 36 0.0 0.0 0.0 0.0 12.0 0.0 0.0 0.6958250497017892
37 42 37 0.0 0.0 59.0 0.0 1239.0 8.0 10.0 0.42540261318748096
37 42 38 0.0 0.0 97.0 0.0 3063.0 11.0 114.0 0.2719502719502719
37 42 39 0.0 0.0 570.0 0.0 10278.0 21.0 3239.0 0.10905974916257691
37 42 40 0.0 0.0 870.0 0.0 12286.0 28.0 7730.0 0.09234828496042215
37 42 41 0.0 0.0 429.0 0.0 9207.0 29.0 2175.0 0.12050266827336888
37 42 42 0.0 0.0 555.0 0.0 10036.0 26.0 2651.0 0.11132315521628497
37 42 43 0.0 0.0 31.0 0.0 827.0 7.0 5.0 0.4912280701754385
37 42 44 0.0 0.0 0.0 0.0 7.0 0.0 0.0 0.6975585450921773
37 43 35 0.0 0.0 0.0 0.0 4.0 0.0 0.0 0.6986027944111775
37 43 36 0.0 0.0 0.0 0.0 5.0 0.0 0.0 0.6982543640897755
37 43 37 0.0 0.0 48.0 0.0 784.0 11.0 1.0 0.4961020552799432
37 43 38 0.0 0.0 335.0 0.0 7516.0 27.0 1072.0 0.1424646382415793
37 43 39 0.0 0.0 449.0 0.0 9205.0 16.0 2284.0 0.12022327179046799
37 43 40 0.0 0.0 418.0 0.0 8641.0 22.0 1632.0 0.12676566461427016
37 43 41 0.0 0.0 260.0 0.0 6243.0 14.0 627.0 0.1647446457990115
37 43 42 0.0 0.0 75.0 0.0 1874.0 15.0 20.0 0.3557814485387547
37 43 43 0.0 0.0 71.0 0.0 1503.0 8.0 11.0 0.3927068723702664
37 43 44 0.0 0.0 0.0 0.0 1.0 0.0 0.0 0.6996501749125437
37 44 37 0.0 0.0 0.0 0.0 20.0 0.0 0.0 0.6930693069306929
37 44 38 0.0 0.0 4.0 0.0 112.0 0.0 0.0 0.661625708884688
37 44 39 0.0 0.0 45.0 0.0 1082.0 8.0 12.0 0.4487179487179487
37 44 40 0.0 0.0 34.0 0.0 1040.0 4.0 12.0 0.4560260586319217
37 44 41 0.0 0.0 158.0 0.0 3469.0 11.0 102.0 0.24933214603739975
37 44 42 0.0 0.0 51.0 0.0 1088.0 8.0 6.0 0.44714148834238254
37 44 43 0.0 0.0 0.0 0.0 4.0 0.0 0.0 0.6986027944111775
37 44 44 0.0 0.0 0.0 0.0 1.0 0.0 0.0 0.6996501749125437
37 45 39 0.0 0.0 0.0 0.0 5.0 0.0 0.0 0.6982543640897755
37 45 40 0.0 0.0 0.0 0.0 9.0 0.0 0.0 0.6968641114982577
37 45 41 0.0 0.0 1.0 0.0 14.0 1.0 0.0 0.6951340615690167
37 45 42 0.0 0.0 0.0 0.0 4.0 0.0 0.0 0.6986027944111775
37 46 40 0.0 0.0 0.0 0.0 1.0 0.0 0.0 0.6996501749125437
37 46 42 0.0 0.0 1.0 0.0 4.0 0.0 0.0 0.6982543640897755
38 34 40 0.0 0.0 0.0 0.0 1.0 0.0 0.0 0.6996501749125437
38 35 37 0.0 0.0 0.0 0.0 1.0 0.0 0.0 0.6996501749125437
38 35 38 0.0 0.0 0.0 0.0 1.0 0.0 0.0 0.6996501749125437
38 35 39 0.0 0.0 0.0 0.0 10.0 0.0 0.0 0.6965174129353233
38 35 40 0.0 0.0 2.0 0.0 21.0 1.0 0.0 0.6923837784371908
38 35 41 0.0 0.0 0.0 0.0 26.0 0.0 0.0 0.6910167818361302
38 35 42 0.0 0.0 0.0 0.0 12.0 0.0 0.0 0.6958250497017892
38 35 44 0.0 0.0 0.0 0.0 1.0 0.0 0.0 0.6996501749125437
38 36 36 0.0 0.0 0.0 0.0 20.0 0.0 0.0 0.6930693069306929
38 36 37 0.0 0.0 85.0 0.0 1662.0 10.0 8.0 0.3745318352059924
38 36 38 0.0 0.0 26.0 0.0 778.0 6.0 5.0 0.5003573981415296
38 36 39 0.0 0.0 26.0 0.0 722.0 11.0 3.0 0.5115089514066495
38 36 40 0.0 0.0 159.0 0.0 3673.0 17.0 121.0 0.2406738868832731
38 36 41 0.0 0.0 111.0 0.0 2824.0 16.0 80.0 0.2844372206420154
38 36 42 0.0 0.0 12.0 0.0 471.0 6.0 4.0 0.5651998385143318
38 36 43 0.0 0.0 22.0 0.0 513.0 4.0 3.0 0.5531410509679968
38 36 44 0.0 0.0 0.0 0.0 18.0 0.0 0.0 0.6937561942517343
38 37 35 0.0 0.0 0.0 0.0 6.0 0.0 0.0 0.6979062811565303
38 37 36 0.0 0.0 106.0 0.0 2445.0 11.0 44.0 0.3082342580361074
38 37 37 0.0 0.0 14.0 0.0 660.0 3.0 2.0 0.5241482590789965
38 37 38 0.0 0.0 392.0 0.0 7841.0 28.0 1070.0 0.1370936153544849
38 37 39 0.0 0.0 251.0 0.0 5641.0 26.0 387.0 0.1779359430604982
38 37 40 0.0 0.0 627.0 0.0 10883.0 31.0 3961.0 0.10373443983402489
38 37 41 0.0 0.0 378.0 0.0 7826.0 20.0 1217.0 0.13738959764474973
38 37 42 0.0 0.0 576.0 0.0 10383.0 21.0 3431.0 0.10814986481266897
38 37 43 0.0 0.0 393.0 0.0 8092.0 24.0 1336.0 0.13370260720084037
38 37 44 0.0 0.0 41.0 0.0 865.0 7.0 5.0 0.48292514660227653
38 37 45 0.0 0.0 0.0 0.0 30.0 0.0 0.0 0.689655172413793
38 38 35 0.0 0.0 1.0 0.0 22.0 0.0 0.0 0.6920415224913494
38 38 36 0.0 0.0 65.0 0.0 1531.0 15.0 12.0 0.39095224797542577
38 38 37 0.0 0.0 128.0 0.0 3525.0 13.0 136.0 0.24818294628611945
38 38 38 0.0 0.0 748.0 0.0 11638.0 18.0 6801.0 0.09727626459143968
38 38 39 0.0 0.0 921.0 0.0 12419.0 27.0 8659.0 0.09131228802504564
38 38 40 0.0 0.0 1315.0 0.0 12896.0 40.0 16560.0 0.0864410965670536
38 38 41 0.0 0.0 1180.0 0.0 12905.0 34.0 13138.0 0.08698353525939732
38 38 42 0.0 0.0 788.0 0.0 11888.0 30.0 4940.0 0.09543936191969458
38 38 43 0.0 0.0 169.0 0.0 3323.0 16.0 73.0 0.2555210804891403
38 38 44 0.0 0.0 7.0 0.0 252.0 1.0 0.0 0.6200177147918511
38 38 45 0.0 0.0 63.0 0.0 1056.0 11.0 4.0 0.4504504504504504
38 39 35 0.0 0.0 3.0 0.0 57.0 1.0 0.0 0.6799417192812044
38 39 36 0.0 0.0 25.0 0.0 656.0 8.0 0.0 0.5237560793116348
38 39 37 0.0 0.0 351.0 0.0 7542.0 25.0 946.0 0.14177215189873416
38 39 38 0.0 0.0 1163.0 0.0 12942.0 35.0 13640.0 0.08697272783748523
38 39 39 0.0 0.0 1590.0 0.0 12299.0 40.0 24101.0 0.08820564516129031
38 39 40 0.0 0.0 1706.0 0.0 12908.0 48.0 22672.0 0.08422065812428561
38 39 41 0.0 0.0 1474.0 0.0 12998.0 39.0 19590.0 0.0849772382397572
38 39 42 0.0 0.0 746.0 0.0 11542.0 37.0 5630.0 0.09811479430934192
38 39 43 0.0 0.0 619.0 0.0 10537.0 22.0 3310.0 0.10648817220658705
38 39 44 0.0 0.0 57.0 0.0 1215.0 12.0 4.0 0.42944785276073616
38 39 45 0.0 0.0 4.0 0.0 54.0 1.0 0.0 0.6806028196402526
38 40 35 0.0 0.0 0.0 0.0 6.0 0.0 0.0 0.6979062811565303
38 40 36 0.0 0.0 10.0 0.0 357.0 5.0 0.0 0.592718035563082
38 40 37 0.0 0.0 419.0 0.0 8402.0 21.0 1232.0 0.12959363139868554
38 40 38 0.0 0.0 1151.0 0.0 12957.0 44.0 13425.0 0.0869943453675511
38 40 39 0.0 0.0 2103.0 0.0 11936.0 58.0 34112.0 0.08729267988527246
38 40 40 0.0 1.0 1908.0 0.0 12524.0 48.0 27949.0 0.0851996105160662
38 40 41 0.0 0.0 1148.0 0.0 12771.0 32.0 12866.0 0.08795627316705408
38 40 42 0.0 0.0 1056.0 0.0 12755.0 24.0 11169.0 0.08850676444556832
38 40 43 0.0 0.0 371.0 0.0 7861.0 27.0 1084.0 0.1370533529123837
38 40 44 0.0 0.0 0.0 0.0 95.0 0.0 1.0 0.6682577565632457
38 40 45 0.0 0.0 6.0 0.0 104.0 2.0 0.0 0.6641366223908918
38 41 35 0.0 0.0 0.0 0.0 3.0 0.0 0.0 0.6989515726410384
38 41 36 0.0 0.0 3.0 0.0 136.0 0.0 0.0 0.6545114539504441
38 41 37 0.0 0.0 314.0 0.0 6698.0 24.0 670.0 0.1557112668223779
38 41 38 0.0 0.0 906.0 0.0 12334.0 33.0 7592.0 0.09194194522886977
38 41 39 0.0 0.0 1723.0 0.0 12381.0 38.0 25466.0 0.08691333498882542
38 41 40 0.0 0.0 1899.0 0.0 12416.0 45.0 28011.0 0.08574753475837568
38 41 41 0.0 0.0 1240.0 0.0 13021.0 36.0 14734.0 0.08607439286812173
38 41 42 0.0 0.0 742.0 0.0 11504.0 32.0 4394.0 0.09831460674157302
38 41 43 0.0 0.0 131.0 0.0 2869.0 15.0 79.0 0.28078620136381865
38 41 44 0.0 0.0 103.0 0.0 2389.0 22.0 36.0 0.31319910514541377
38 41 45 0.0 0.0 0.0 0.0 3.0 0.0 0.0 0.6989515726410384
38 42 35 0.0 0.0 0.0 0.0 7.0 1.0 0.0 0.6979062811565303
38 42 36 0.0 0.0 114.0 0.0 2728.0 20.0 56.0 0.29039618336444717
38 42 37 0.0 0.0 271.0 0.0 5913.0 17.0 494.0 0.17131669114047965
38 42 38 0.0 0.0 767.0 0.0 11733.0 26.0 6292.0 0.09658502932045532
38 42 39 0.0 0.0 1288.0 0.0 12610.0 39.0 17876.0 0.08805585256934396
38 42 40 0.0 0.0 1223.0 0.0 12798.0 46.0 14891.0 0.08743442418186359
38 42 41 0.0 0.0 1419.0 0.0 12598.0 40.0 19878.0 0.0873962169923216
38 42 42 0.0 0.0 609.0 0.0 10413.0 34.0 3190.0 0.10770887828896751
38 42 43 0.0 0.0 27.0 0.0 700.0 8.0 4.0 0.514895182052225
38 42 44 0.0 0.0 6.0 0.0 59.0 0.0 0.0 0.6779661016949151
38 43 34 0.0 0.0 0.0 0.0 1.0 0.0 0.0 0.6996501749125437
38 43 35 0.0 0.0 0.0 0.0 3.0 0.0 0.0 0.6989515726410384
38 43 36 0.0 0.0 7.0 0.0 200.0 2.0 1.0 0.6349206349206349
38 43 37 0.0 0.0 140.0 0.0 3653.0 8.0 126.0 0.24192154829790907
38 43 38 0.0 0.0 407.0 0.0 8616.0 22.0 1412.0 0.12719178704460796
38 43 39 0.0 0.0 443.0 0.0 8684.0 33.0 1438.0 0.1261147644356364
38 43 40 0.0 0.0 648.0 0.0 11096.0 28.0 4615.0 0.10190711894016596
38 43 41 0.0 0.0 539.0 0.0 10231.0 22.0 2954.0 0.1097092704333516
38 43 42 0.0 0.0 368.0 0.0 7397.0 21.0 841.0 0.14360447225356443
38 43 43 0.0 0.0 24.0 0.0 672.0 5.0 7.0 0.5202526941657376
38 43 44 0.0 0.0 0.0 0.0 2.0 0.0 0.0 0.6993006993006992
38 44 34 0.0 0.0 0.0 0.0 1.0 0.0 0.0 0.6996501749125437
38 44 36 0.0 0.0 0.0 0.0 1.0 0.0 0.0 0.6996501749125437
38 44 37 0.0 0.0 0.0 0.0 34.0 0.0 0.0 0.6882989183874139
38 44 38 0.0 0.0 45.0 0.0 951.0 13.0 1.0 0.4693261816962789
38 44 39 0.0 0.0 136.0 0.0 2887.0 13.0 57.0 0.279441117764471
38 44 40 0.0 0.0 207.0 0.0 4801.0 18.0 267.0 0.20014295925661185
38 44 41 0.0 0.0 318.0 0.0 6522.0 21.0 584.0 0.15865820489573887
38 44 42 0.0 0.0 8.0 0.0 269.0 2.0 1.0 0.6153846153846153
38 44 43 0.0 0.0 3.0 0.0 96.0 0.0 0.0 0.6669842782277274
38 45 38 0.0 0.0 0.0 0.0 4.0 0.0 0.0 0.6986027944111775
38 45 39 0.0 0.0 13.0 0.0 233.0 4.0 0.0 0.6244424620874218
38 45 40 0.0 0.0 86.0 0.0 1889.0 20.0 21.0 0.3539823008849557
38 45 41 0.0 0.0 168.0 0.0 3460.0 15.0 88.0 0.24933214603739975
38 45 42 0.0 0.0 3.0 0.0 36.0 2.0 0.0 0.6872852233676975
38 45 43 0.0 0.0 0.0 0.0 10.0 0.0 0.0 0.6965174129353233
38 46 40 0.0 0.0 0.0 0.0 1.0 0.0 0.0 0.6996501749125437
38 46 41 0.0 0.0 0.0 0.0 2.0 0.0 0.0 0.6993006993006992
38 46 42 0.0 0.0 0.0 0.0 4.0 0.0 0.0 0.6986027944111775
39 35 37 0.0 0.0 0.0 0.0 8.0 0.0 0.0 0.697211155378486
39 35 38 0.0 0.0 0.0 0.0 11.0 0.0 0.0 0.6961710591745399
39 35 39 0.0 0.0 23.0 0.0 446.0 5.0 0.0 0.5684125050751115
39 35 40 0.0 0.0 1.0 0.0 34.0 0.0 0.0 0.6879606879606879
39 35 41 0.0 0.0 44.0 0.0 787.0 14.0 2.0 0.49698260560880364
39 35 42 0.0 0.0 22.0 0.0 420.0 3.0 0.0 0.5740057400574005
39 35 43 0.0 0.0 2.0 0.0 53.0 3.0 0.0 0.6822612085769979
39 36 35 0.0 0.0 0.0 0.0 3.0 0.0 0.0 0.6989515726410384
39 36 36 0.0 0.0 28.0 0.0 869.0 8.0 6.0 0.48459674627898913
39 36 37 0.0 0.0 63.0 0.0 1206.0 9.0 6.0 0.42944785276073616
39 36 38 0.0 0.0 254.0 0.0 4950.0 24.0 284.0 0.19490463594598356
39 36 39 0.0 0.0 19.0 0.0 567.0 7.0 0.0 0.543056633048875
39 36 40 0.0 0.0 167.0 0.0 3807.0 16.0 129.0 0.23493874811209928
39 36 41 0.0 0.0 336.0 0.0 7103.0 16.0 884.0 0.14847809948032661
39 36 42 0.0 0.0 132.0 0.0 3430.0 20.0 82.0 0.2525708100306693
39 36 43 0.0 0.0 23.0 0.0 766.0 5.0 4.0 0.5030542579949694
39 36 44 0.0 0.0 0.0 0.0 20.0 0.0 0.0 0.6930693069306929
39 36 45 0.0 0.0 0.0 0.0 4.0 0.0 0.0 0.6986027944111775
39 37 35 0.0 0.0 0.0 0.0 5.0 0.0 0.0 0.6982543640897755
39 37 36 0.0 0.0 21.0 0.0 712.0 7.0 3.0 0.5135730007336756
39 37 37 0.0 0.0 643.0 0.0 10633.0 33.0 3120.0 0.10558069381598792
39 37 38 0.0 0.0 471.0 0.0 9358.0 24.0 2159.0 0.11850347045877771
39 37 39 0.0 0.0 513.0 0.0 8957.0 30.0 1469.0 0.12227074235807858
39 37 40 0.0 0.0 832.0 0.0 12027.0 33.0 6709.0 0.09433326595242908
39 37 41 0.0 0.0 1174.0 0.0 13083.0 45.0 13684.0 0.08611145282322548
39 37 42 0.0 0.0 907.0 0.0 12496.0 28.0 7712.0 0.0909445238404573
39 37 43 0.0 0.0 269.0 0.0 5734.0 14.0 463.0 0.17517517517517514
39 37 44 0.0 0.0 6.0 0.0 194.0 1.0 0.0 0.6366530241018644
39 37 45 0.0 0.0 0.0 0.0 12.0 0.0 0.0 0.6958250497017892
39 38 35 0.0 0.0 5.0 0.0 105.0 2.0 0.0 0.6641366223908918
39 38 36 0.0 0.0 153.0 0.0 3637.0 21.0 125.0 0.24263431542461006
39 38 37 0.0 0.0 778.0 0.0 11812.0 28.0 7955.0 0.09594955794667945
39 38 38 0.0 0.0 950.0 0.0 12464.0 27.0 8126.0 0.09083241419580872
39 38 39 0.0 0.0 1268.0 0.0 12981.0 40.0 15031.0 0.08614854470494122
39 38 40 0.0 0.0 2070.0 0.0 12148.0 53.0 32945.0 0.08632383771118508
39 38 41 0.0 0.0 1825.0 0.0 12696.0 45.0 26589.0 0.08465864425228276
39 38 42 0.0 0.0 865.0 0.0 12183.0 28.0 7865.0 0.09306035628822121
39 38 43 0.0 0.0 298.0 0.0 6488.0 22.0 529.0 0.159689745637048
39 38 44 0.0 0.0 487.0 0.0 9299.0 22.0 1941.0 0.11890606420927466
39 38 45 0.0 0.0 0.0 0.0 22.0 0.0 0.0 0.6923837784371908
39 39 35 0.0 0.0 0.0 0.0 40.0 1.0 0.0 0.6866110838646394
39 39 36 0.0 0.0 380.0 0.0 7445.0 18.0 940.0 0.14266788953429121
39 39 37 0.0 0.0 889.0 0.0 12329.0 36.0 6867.0 0.09203865623561894
39 39 38 0.0 0.0 1386.0 0.0 13032.0 35.0 16702.0 0.08527226215129735
39 39 39 0.0 0.0 2387.0 2.0 11897.0 55.0 39561.0 0.08595812611285072
39 39 40 0.0 0.0 3104.0 0.0 9764.0 59.0 64245.0 0.0940291490362012
39 39 41 0.0 0.0 2656.0 0.0 10805.0 62.0 50019.0 0.09056799068443523
39 39 42 0.0 0.0 1103.0 0.0 13260.0 37.0 10457.0 0.08555888284544398
39 39 43 0.0 0.0 502.0 0.0 9606.0 27.0 1963.0 0.115807759119861
39 39 44 0.0 0.0 45.0 0.0 987.0 8.0 5.0 0.4629629629629629
39 39 45 0.0 0.0 0.0 0.0 22.0 0.0 0.0 0.6923837784371908
39 40 35 0.0 0.0 0.0 0.0 35.0 0.0 0.0 0.6879606879606879
39 40 36 0.0 0.0 106.0 0.0 2587.0 17.0 53.0 0.29933718195424414
39 40 37 0.0 0.0 490.0 0.0 9858.0 24.0 2634.0 0.1135626216742375
39 40 38 0.0 0.0 1647.0 0.0 12525.0 44.0 24037.0 0.08660686668728734
39 40 39 2.0 0.0 3166.0 0.0 9074.0 70.0 69814.0 0.0983767830791933
39 40 40 1.0 0.0 2932.0 1.0 10915.0 84.0 52529.0 0.08843408502305602
39 40 41 1.0 0.0 2098.0 1.0 12293.0 52.0 32700.0 0.08548052265233849
39 40 42 0.0 0.0 1296.0 0.0 12966.0 41.0 15348.0 0.08613794376422813
39 40 43 0.0 0.0 260.0 0.0 5803.0 20.0 468.0 0.17397787995526282
39 40 44 0.0 0.0 167.0 0.0 3921.0 16.0 151.0 0.23041474654377878
39 40 45 0.0 0.0 0.0 0.0 1.0 0.0 0.0 0.6996501749125437
39 41 35 0.0 0.0 6.0 0.0 82.0 3.0 0.0 0.6714628297362109
39 41 36 0.0 0.0 123.0 0.0 2705.0 22.0 47.0 0.2912419388391928
39 41 37 0.0 0.0 551.0 0.0 10020.0 14.0 2817.0 0.11142061281337047
39 41 38 0.0 0.0 1368.0 0.0 13062.0 44.0 15884.0 0.08525668351501126
39 41 39 0.0 1.0 2587.0 0.0 11509.0 58.0 43037.0 0.08697813121272366
39 41 40 0.0 0.0 2829.0 0.0 10550.0 55.0 52633.0 0.09102730819245773
39 41 41 0.0 0.0 2394.0 0.0 11231.0 56.0 43486.0 0.08964015879113842
39 41 42 0.0 0.0 976.0 0.0 12688.0 26.0 9184.0 0.08936550491510276
39 41 43 0.0 0.0 742.0 0.0 11742.0 25.0 5453.0 0.09667840618741799
39 41 44 0.0 0.0 48.0 0.0 1043.0 10.0 8.0 0.454397922752353
39 41 45 0.0 0.0 0.0 0.0 9.0 0.0 0.0 0.6968641114982577
39 42 35 0.0 0.0 3.0 0.0 93.0 0.0 0.0 0.6679389312977099
39 42 36 0.0 0.0 103.0 0.0 2873.0 13.0 86.0 0.2820874471086036
39 42 37 0.0 0.0 507.0 0.0 9338.0 29.0 1955.0 0.11836320595197834
39 42 38 0.0 0.0 1023.0 0.0 12696.0 29.0 10000.0 0.08909819894354992
39 42 39 0.0 0.0 1087.0 0.0 12821.0 34.0 11652.0 0.08806139136998363
39 42 40 0.0 0.0 1599.0 0.0 12740.0 37.0 21721.0 0.08561120283739986
39 42 41 0.0 0.0 1175.0 0.0 12933.0 31.0 12619.0 0.08686480114165165
39 42 42 0.0 0.0 539.0 0.0 10262.0 24.0 3353.0 0.10946051602814699
39 42 43 0.0 0.0 146.0 0.0 3094.0 16.0 73.0 0.2680451847597166
39 42 44 0.0 0.0 25.0 0.0 656.0 3.0 2.0 0.5227781926811051
39 42 45 0.0 0.0 0.0 0.0 4.0 0.0 0.0 0.6986027944111775
39 43 35 0.0 0.0 123.0 0.0 2717.0 15.0 47.0 0.2900953170327393
39 43 36 0.0 0.0 3.0 0.0 122.0 2.0 0.0 0.6594441827602449
39 43 37 0.0 0.0 160.0 0.0 3890.0 16.0 142.0 0.23201856148491876
39 43 38 0.0 0.0 385.0 0.0 7521.0 31.0 907.0 0.14172909495849362
39 43 39 0.0 0.0 664.0 0.0 11174.0 23.0 4579.0 0.10120725800621701
39 43 40 0.0 0.0 1054.0 0.0 12684.0 33.0 12259.0 0.0889679715302491
39 43 41 0.0 0.0 432.0 0.0 8695.0 15.0 1727.0 0.12593325537465141
39 43 42 0.0 0.0 629.0 0.0 10981.0 33.0 4269.0 0.10296388909318231
39 43 43 0.0 0.0 22.0 0.0 581.0 7.0 1.0 0.5392912172573189
39 43 44 0.0 0.0 0.0 0.0 12.0 0.0 0.0 0.6958250497017892
39 43 45 0.0 0.0 0.0 0.0 5.0 0.0 0.0 0.6982543640897755
39 44 34 0.0 0.0 0.0 0.0 1.0 0.0 0.0 0.6996501749125437
39 44 36 0.0 0.0 0.0 0.0 8.0 0.0 0.0 0.697211155378486
39 44 37 0.0 0.0 2.0 0.0 40.0 1.0 0.0 0.6859382655560998
39 44 38 0.0 0.0 21.0 0.0 392.0 8.0 1.0 0.582120582120582
39 44 39 0.0 0.0 427.0 0.0 8005.0 25.0 1244.0 0.1344473254585614
39 44 40 0.0 0.0 424.0 0.0 8230.0 24.0 1150.0 0.13155421913174214
39 44 41 0.0 0.0 577.0 0.0 10320.0 24.0 3298.0 0.10860290124893336
39 44 42 0.0 0.0 309.0 0.0 6763.0 22.0 800.0 0.15459363957597172
39 44 43 0.0 0.0 22.0 0.0 379.0 5.0 0.0 0.5843071786310516
39 44 44 0.0 0.0 0.0 0.0 1.0 0.0 0.0 0.6996501749125437
39 45 38 0.0 0.0 0.0 0.0 8.0 0.0 0.0 0.697211155378486
39 45 39 0.0 0.0 4.0 0.0 132.0 1.0 0.0 0.6557377049180326
39 45 40 0.0 0.0 4.0 0.0 108.0 1.0 0.0 0.6635071090047392
39 45 41 0.0 0.0 19.0 0.0 454.0 5.0 1.0 0.5672609400324148
39 45 42 0.0 0.0 41.0 0.0 960.0 10.0 2.0 0.4680708793045803
39 45 43 0.0 0.0 0.0 0.0 10.0 0.0 0.0 0.6965174129353233
39 46 40 0.0 0.0 0.0 0.0 1.0 0.0 0.0 0.6996501749125437
39 46 41 0.0 0.0 0.0 0.0 2.0 0.0 0.0 0.6993006993006992
39 46 42 0.0 0.0 0.0 0.0 1.0 0.0 0.0 0.6996501749125437
40 34 37 0.0 0.0 0.0 0.0 2.0 0.0 0.0 0.6993006993006992
40 34 38 0.0 0.0 0.0 0.0 1.0 0.0 0.0 0.6996501749125437
40 34 39 0.0 0.0 0.0 0.0 4.0 0.0 0.0 0.6986027944111775
40 35 37 0.0 0.0 0.0 0.0 2.0 0.0 0.0 0.6993006993006992
40 35 38 0.0 0.0 2.0 0.0 73.0 0.0 0.0 0.6746987951807227
40 35 39 0.0 0.0 19.0 0.0 365.0 5.0 0.0 0.5887300252312867
40 35 40 0.0 0.0 38.0 0.0 1110.0 9.0 10.0 0.4458598726114649
40 35 41 0.0 0.0 2.0 0.0 88.0 1.0 0.0 0.6704980842911876
40 35 42 0.0 0.0 0.0 0.0 33.0 0.0 0.0 0.6886374815543531
40 35 43 0.0 0.0 0.0 0.0 3.0 0.0 0.0 0.6989515726410384
40 36 35 0.0 0.0 0.0 0.0 2.0 0.0 0.0 0.6993006993006992
40 36 36 0.0 0.0 0.0 0.0 27.0 0.0 0.0 0.6906758756783422
40 36 37 0.0 0.0 40.0 0.0 858.0 13.0 2.0 0.48526863084922
40 36 38 0.0 0.0 220.0 0.0 4977.0 17.0 248.0 0.19490463594598356
40 36 39 0.0 0.0 345.0 0.0 7005.0 24.0 668.0 0.1500375093773443
40 36 40 0.0 0.0 176.0 0.0 4681.0 18.0 280.0 0.20458863071752154
40 36 41 0.0 0.0 351.0 0.0 7620.0 26.0 1120.0 0.14061872237846523
40 36 42 0.0 0.0 214.0 0.0 4746.0 25.0 236.0 0.20178725857595847
40 36 43 0.0 0.0 136.0 0.0 2792.0 14.0 54.0 0.28490028490028485
40 36 44 0.0 0.0 6.0 0.0 57.0 1.0 0.0 0.6789524733268669
40 37 35 0.0 0.0 0.0 0.0 1.0 0.0 0.0 0.6996501749125437
40 37 36 0.0 0.0 149.0 0.0 3327.0 15.0 81.0 0.2562694490206846
40 37 37 0.0 0.0 324.0 0.0 6538.0 23.0 554.0 0.1583889580269261
40 37 38 0.0 0.0 878.0 0.0 12311.0 38.0 7500.0 0.09229349330872173
40 37 39 0.0 0.0 632.0 0.0 10949.0 26.0 3582.0 0.10321439103509288
40 37 40 0.0 0.0 650.0 0.0 11122.0 36.0 4134.0 0.10181818181818181
40 37 41 0.0 0.0 1022.0 0.0 12411.0 33.0 11886.0 0.0907088246728003
40 37 42 0.0 0.0 702.0 0.0 11406.0 26.0 4213.0 0.09927669834066088
40 37 43 0.0 0.0 451.0 0.0 8516.0 26.0 1370.0 0.12788891933863158
40 37 44 0.0 0.0 211.0 0.0 4713.0 24.0 208.0 0.2027809965237543
40 37 45 0.0 0.0 0.0 0.0 17.0 0.0 0.0 0.694100148735746
40 38 35 0.0 0.0 0.0 0.0 14.0 0.0 0.0 0.6951340615690167
40 38 36 0.0 0.0 31.0 0.0 1013.0 9.0 6.0 0.46128500823723223
40 38 37 0.0 0.0 343.0 0.0 7330.0 20.0 944.0 0.14503263234227698
40 38 38 0.0 0.0 1672.0 0.0 11964.0 32.0 27341.0 0.08941687424155328
40 38 39 0.0 0.0 1206.0 0.0 13251.0 32.0 11477.0 0.08507535245503159
40 38 40 0.0 0.0 1726.0 0.0 12782.0 53.0 24108.0 0.08482278097546196
40 38 41 0.0 0.0 1783.0 0.0 12594.0 56.0 26375.0 0.08554319931565439
40 38 42 0.0 0.0 1827.0 0.0 12502.0 58.0 27435.0 0.08581060373889059
40 38 43 0.0 0.0 696.0 0.0 11390.0 24.0 5453.0 0.09941063693815236
40 38 44 0.0 0.0 35.0 0.0 1022.0 11.0 8.0 0.45961917268548913
40 38 45 0.0 0.0 4.0 0.0 60.0 1.0 0.0 0.6786233640329616
40 39 35 0.0 0.0 3.0 0.0 137.0 0.0 0.0 0.6545114539504441
40 39 36 0.0 0.0 331.0 0.0 7159.0 17.0 784.0 0.14769490452579384
40 39 37 0.0 0.0 693.0 0.0 11153.0 29.0 4305.0 0.10119994217146161
40 39 38 0.0 0.0 1402.0 0.0 13046.0 36.0 16648.0 0.08510120965290863
40 39 39 0.0 0.0 2652.0 0.0 10722.0 59.0 50681.0 0.09101547263034715
40 39 40 0.0 0.0 3211.0 1.0 10607.0 62.0 57726.0 0.0884452587023817
40 39 41 0.0 0.0 3200.0 0.0 9989.0 77.0 61703.0 0.09232392508572936
40 39 42 0.0 0.0 1772.0 0.0 12975.0 55.0 24633.0 0.08363701535336639
40 39 43 0.0 0.0 814.0 0.0 12031.0 23.0 6669.0 0.09428879310344826
40 39 44 0.0 0.0 32.0 0.0 1313.0 9.0 15.0 0.41966426858513184
40 39 45 0.0 0.0 1.0 0.0 87.0 0.0 0.0 0.6704980842911876
40 40 35 0.0 0.0 55.0 0.0 937.0 7.0 0.0 0.4690117252931323
40 40 36 0.0 0.0 505.0 0.0 9305.0 19.0 2027.0 0.1186340140666045
40 40 37 0.0 0.0 1027.0 0.0 12370.0 33.0 12553.0 0.09090318810466852
40 40 38 0.0 0.0 1518.0 0.0 12919.0 48.0 19598.0 0.08519442585042292
40 40 39 1.0 0.0 2554.0 0.0 11512.0 60.0 41946.0 0.08712969878018421
40 40 40 8.0 12.0 3504.0 19.0 5861.0 59.0 109712.0 0.12267788293024885
40 40 41 0.0 0.0 2490.0 1.0 12022.0 66.0 38800.0 0.08484334282770739
40 40 42 0.0 0.0 1463.0 0.0 13275.0 30.0 16566.0 0.08362702347530016
40 40 43 0.0 0.0 533.0 0.0 9773.0 27.0 2564.0 0.11390448295500771
40 40 44 0.0 0.0 64.0 0.0 1533.0 10.0 16.0 0.3901895206243032
40 40 45 0.0 0.0 1.0 0.0 29.0 0.0 0.0 0.6899950714637751
40 41 35 0.0 0.0 7.0 0.0 165.0 4.0 0.0 0.6457564575645756
40 41 36 0.0 0.0 256.0 0.0 5750.0 18.0 463.0 0.1751970967338255
40 41 37 0.0 0.0 970.0 0.0 12643.0 30.0 9476.0 0.08968035359682275
40 41 38 0.0 0.0 1827.0 0.0 12554.0 47.0 26437.0 0.08545965083628371
40 41 39 0.0 0.0 2443.0 0.0 12019.0 61.0 37925.0 0.08510638297872339
40 41 40 0.0 5.0 2715.0 16.0 11250.0 79.0 46743.0 0.08768633345859951
40 41 41 0.0 0.0 2555.0 1.0 10773.0 56.0 48054.0 0.09128847157016169
40 41 42 0.0 0.0 1156.0 0.0 12993.0 33.0 11198.0 0.08670341239858796
40 41 43 0.0 0.0 707.0 0.0 11342.0 29.0 5446.0 0.09972930616896994
40 41 44 0.0 0.0 6.0 0.0 460.0 2.0 2.0 0.5686433793663687
40 41 45 0.0 0.0 0.0 0.0 13.0 0.0 0.0 0.695479384003974
40 42 35 0.0 0.0 1.0 0.0 45.0 0.0 0.0 0.6842619745845552
40 42 36 0.0 0.0 638.0 0.0 10392.0 21.0 2882.0 0.10746085354620816
40 42 37 0.0 0.0 512.0 0.0 9940.0 31.0 2843.0 0.11258544431041413
40 42 38 0.0 0.0 914.0 0.0 12440.0 30.0 8125.0 0.0911933298593017
40 42 39 0.0 0.0 1887.0 0.0 11829.0 44.0 31266.0 0.0890302066772655
40 42 40 0.0 0.0 1268.0 2.0 13249.0 49.0 13329.0 0.08480736612551489
40 42 41 0.0 0.0 1725.0 0.0 12511.0 40.0 24952.0 0.08619628124615193
40 42 42 0.0 0.0 701.0 0.0 11289.0 34.0 4260.0 0.1001932298003292
40 42 43 0.0 0.0 277.0 0.0 6164.0 20.0 566.0 0.16615238547353428
40 42 44 0.0 0.0 228.0 0.0 5631.0 17.0 459.0 0.1784348712719857
40 42 45 0.0 0.0 1.0 0.0 9.0 0.0 0.0 0.6965174129353233
40 43 35 0.0 0.0 1.0 0.0 46.0 0.0 0.0 0.6839276990718123
40 43 36 0.0 0.0 49.0 0.0 1289.0 10.0 5.0 0.42067307692307687
40 43 37 0.0 0.0 252.0 0.0 5618.0 20.0 409.0 0.17825311942959
40 43 38 0.0 0.0 190.0 0.0 4677.0 17.0 274.0 0.2043199065966141
40 43 39 0.0 0.0 748.0 0.0 11761.0 35.0 5109.0 0.09661835748792269
40 43 40 0.0 0.0 960.0 0.0 12462.0 35.0 9677.0 0.09077940604331473
40 43 41 0.0 0.0 676.0 0.0 10862.0 22.0 3644.0 0.10346611484738748
40 43 42 0.0 0.0 356.0 0.0 7499.0 26.0 985.0 0.1423777077189057
40 43 43 0.0 0.0 157.0 0.0 3297.0 15.0 83.0 0.2573056423451571
40 43 44 0.0 0.0 0.0 0.0 17.0 0.0 0.0 0.694100148735746
40 43 45 0.0 0.0 9.0 0.0 177.0 4.0 0.0 0.6416131989000916
40 44 34 0.0 0.0 0.0 0.0 5.0 0.0 0.0 0.6982543640897755
40 44 35 0.0 0.0 0.0 0.0 2.0 0.0 0.0 0.6993006993006992
40 44 36 0.0 0.0 0.0 0.0 17.0 0.0 0.0 0.694100148735746
40 44 37 0.0 0.0 0.0 0.0 31.0 0.0 0.0 0.6893156080748399
40 44 38 0.0 0.0 24.0 0.0 670.0 4.0 0.0 0.520446096654275
40 44 39 0.0 0.0 328.0 0.0 7174.0 24.0 889.0 0.1475703594392326
40 44 40 0.0 0.0 292.0 0.0 6487.0 26.0 657.0 0.15979910969067454
40 44 41 0.0 0.0 66.0 0.0 1701.0 14.0 18.0 0.3729355354288758
40 44 42 0.0 0.0 149.0 0.0 3790.0 18.0 143.0 0.23636670606111762
40 44 43 0.0 0.0 17.0 0.0 424.0 3.0 5.0 0.5742411812961443
40 45 37 0.0 0.0 0.0 0.0 2.0 0.0 0.0 0.6993006993006992
40 45 38 0.0 0.0 0.0 0.0 31.0 1.0 0.0 0.689655172413793
40 45 39 0.0 0.0 0.0 0.0 42.0 0.0 0.0 0.6856023506366307
40 45 40 0.0 0.0 5.0 0.0 114.0 1.0 0.0 0.6610009442870631
40 45 41 0.0 0.0 0.0 0.0 42.0 0.0 0.0 0.6856023506366307
40 45 42 0.0 0.0 0.0 0.0 28.0 0.0 0.0 0.690335305719921
40 45 43 0.0 0.0 0.0 0.0 7.0 0.0 0.0 0.6975585450921773
41 35 37 0.0 0.0 0.0 0.0 2.0 0.0 0.0 0.6993006993006992
41 35 38 0.0 0.0 130.0 0.0 2902.0 17.0 43.0 0.2791625124626121
41 35 39 0.0 0.0 22.0 0.0 602.0 6.0 2.0 0.5349636988918608
41 35 40 0.0 0.0 21.0 0.0 761.0 4.0 4.0 0.5039596832253418
41 35 41 0.0 0.0 2.0 0.0 36.0 1.0 0.0 0.6872852233676975
41 35 42 0.0 0.0 0.0 0.0 22.0 0.0 0.0 0.6923837784371908
41 35 43 0.0 0.0 0.0 0.0 4.0 0.0 0.0 0.6986027944111775
41 35 44 0.0 0.0 0.0 0.0 2.0 0.0 0.0 0.6993006993006992
41 36 36 0.0 0.0 0.0 0.0 11.0 0.0 0.0 0.6961710591745399
41 36 37 0.0 0.0 3.0 0.0 116.0 4.0 0.0 0.6619385342789597
41 36 38 0.0 0.0 96.0 0.0 1933.0 14.0 28.0 0.3485187951207368
41 36 39 0.0 0.0 677.0 0.0 11065.0 25.0 4552.0 0.1019367991845056
41 36 40 0.0 0.0 289.0 0.0 6526.0 22.0 638.0 0.1591270743350761
41 36 41 0.0 0.0 158.0 0.0 3212.0 14.0 78.0 0.2614867388868135
41 36 42 0.0 0.0 66.0 0.0 1626.0 17.0 13.0 0.3808487486398258
41 36 43 0.0 0.0 143.0 0.0 3881.0 14.0 166.0 0.2328675981370592
41 36 44 0.0 0.0 3.0 0.0 126.0 2.0 0.0 0.6582040432534085
41 36 45 0.0 0.0 0.0 0.0 3.0 0.0 0.0 0.6989515726410384
41 37 35 0.0 0.0 0.0 0.0 3.0 0.0 0.0 0.6989515726410384
41 37 36 0.0 0.0 7.0 0.0 149.0 1.0 0.0 0.6496519721577725
41 37 37 0.0 0.0 280.0 0.0 6088.0 19.0 455.0 0.16762452107279693
41 37 38 0.0 0.0 257.0 0.0 6518.0 10.0 696.0 0.15965332421028622
41 37 39 1.0 0.0 909.0 0.0 12263.0 21.0 8662.0 0.0921901751613328
41 37 40 0.0 0.0 739.0 0.0 11661.0 34.0 5310.0 0.09734390209984703
41 37 41 0.0 0.0 780.0 0.0 11903.0 26.0 6295.0 0.09532239395383671
41 37 42 0.0 0.0 908.0 0.0 12520.0 27.0 7871.0 0.09071470226138792
41 37 43 0.0 0.0 706.0 0.0 10969.0 25.0 4064.0 0.10246651540657248
41 37 44 0.0 0.0 22.0 0.0 681.0 4.0 3.0 0.5187106335679881
41 37 45 0.0 0.0 3.0 0.0 36.0 0.0 0.0 0.6866110838646394
41 38 35 0.0 0.0 6.0 0.0 128.0 5.0 0.0 0.6575857209957726
41 38 36 0.0 0.0 29.0 0.0 846.0 7.0 2.0 0.4881450488145048
41 38 37 0.0 0.0 618.0 0.0 10542.0 24.0 3176.0 0.10639106315069533
41 38 38 0.0 0.0 873.0 0.0 12397.0 40.0 7637.0 0.09179725919611827
41 38 39 0.0 0.0 1448.0 0.0 12930.0 45.0 19412.0 0.08551184949914488
41 38 40 0.0 0.0 1996.0 0.0 12419.0 54.0 29791.0 0.08528265107212475
41 38 41 0.0 0.0 1847.0 0.0 12532.0 46.0 27966.0 0.08543878921030147
41 38 42 0.0 0.0 1841.0 0.0 11853.0 47.0 30691.0 0.08919469928644239
41 38 43 0.0 0.0 802.0 0.0 12064.0 20.0 6299.0 0.09419997308572196
41 38 44 0.0 0.0 277.0 0.0 6517.0 18.0 749.0 0.15936254980079678
41 38 45 0.0 0.0 6.0 0.0 105.0 4.0 0.0 0.6644518272425248
41 39 35 0.0 0.0 0.0 0.0 66.0 0.0 1.0 0.6776379477250725
41 39 36 0.0 0.0 417.0 0.0 7890.0 20.0 1112.0 0.13601476731759446
41 39 37 0.0 0.0 426.0 0.0 8422.0 24.0 1339.0 0.1293183077775725
41 39 38 0.0 0.0 1315.0 0.0 13100.0 35.0 16078.0 0.0852255433128386
41 39 39 0.0 0.0 2282.0 1.0 12126.0 62.0 36001.0 0.08530863445250136
41 39 40 1.0 0.0 3356.0 0.0 9415.0 75.0 68136.0 0.09469056476158268
41 39 41 0.0 0.0 3387.0 0.0 7834.0 86.0 82713.0 0.10588413250642867
41 39 42 0.0 0.0 2012.0 0.0 12374.0 55.0 30341.0 0.08539188777066178
41 39 43 0.0 0.0 776.0 0.0 11783.0 36.0 6202.0 0.09623977452395681
41 39 44 0.0 0.0 274.0 0.0 6451.0 18.0 640.0 0.16069788797061524
41 39 45 0.0 0.0 0.0 0.0 45.0 0.0 0.0 0.6845965770171147
41 40 35 0.0 0.0 19.0 0.0 408.0 8.0 0.0 0.5787515502273666
41 40 36 0.0 0.0 561.0 0.0 10349.0 23.0 3450.0 0.10849349039057656
41 40 37 0.0 0.0 609.0 0.0 10878.0 18.0 3970.0 0.10378057820607857
41 40 38 0.0 0.0 1623.0 0.0 12718.0 37.0 22834.0 0.08567931456548346
41 40 39 0.0 0.0 2897.0 1.0 10161.0 65.0 56292.0 0.092899800928998
41 40 40 0.0 0.0 2290.0 2.0 13080.0 54.0 30738.0 0.08060801473975125
41 40 41 0.0 0.0 2731.0 0.0 10803.0 70.0 50078.0 0.09010168618869865
41 40 42 0.0 0.0 2219.0 0.0 11690.0 62.0 37619.0 0.08800603469952224
41 40 43 0.0 0.0 1081.0 0.0 12617.0 25.0 12727.0 0.08918333545674607
41 40 44 0.0 0.0 497.0 0.0 9253.0 23.0 1941.0 0.11931140276120673
41 40 45 0.0 0.0 1.0 0.0 83.0 0.0 0.0 0.6717850287907868
41 41 34 0.0 0.0 0.0 0.0 1.0 0.0 0.0 0.6996501749125437
41 41 35 0.0 0.0 11.0 0.0 266.0 1.0 0.0 0.6151142355008786
41 41 36 0.0 0.0 158.0 0.0 3740.0 17.0 151.0 0.23801428085685136
41 41 37 0.0 0.0 915.0 0.0 12434.0 37.0 8995.0 0.09131824408062095
41 41 38 0.0 0.0 1260.0 0.0 12789.0 44.0 15803.0 0.0873035669743078
41 41 39 0.0 0.0 2456.0 0.0 11407.0 65.0 42428.0 0.08830579033682351
41 41 40 0.0 0.0 2976.0 1.0 9784.0 61.0 61310.0 0.09481882831019302
41 41 41 0.0 5.0 1947.0 24.0 13149.0 37.0 26424.0 0.0816755148474418
41 41 42 0.0 0.0 1016.0 0.0 12686.0 39.0 9563.0 0.08921743563599285
41 41 43 0.0 0.0 679.0 0.0 11124.0 19.0 4168.0 0.10140518615094885
41 41 44 0.0 0.0 210.0 0.0 5036.0 14.0 305.0 0.19355730678833122
41 41 45 0.0 0.0 0.0 0.0 34.0 0.0 0.0 0.6882989183874139
41 42 35 0.0 0.0 1.0 0.0 32.0 0.0 0.0 0.6886374815543531
41 42 36 0.0 0.0 376.0 0.0 8115.0 33.0 1356.0 0.13371537726838584
41 42 37 0.0 0.0 588.0 0.0 10185.0 21.0 2682.0 0.10971786833855798
41 42 38 0.0 0.0 635.0 0.0 11073.0 27.0 4058.0 0.10223455527968453
41 42 39 0.0 0.0 973.0 0.0 12567.0 34.0 8352.0 0.09011328527291451
41 42 40 0.0 0.0 1187.0 0.0 12901.0 44.0 13655.0 0.08708092305778439
41 42 41 0.0 0.0 1203.0 1.0 12937.0 38.0 13507.0 0.08677327383165984
41 42 42 0.0 0.0 556.0 0.0 10023.0 34.0 2854.0 0.11151824119802452
41 42 43 0.0 0.0 273.0 0.0 6146.0 20.0 543.0 0.16660716410805662
41 42 44 0.0 0.0 49.0 0.0 1256.0 8.0 5.0 0.4246284501061571
41 42 45 0.0 0.0 5.0 0.0 197.0 0.0 0.0 0.6357856494096276
41 43 35 0.0 0.0 9.0 0.0 215.0 2.0 0.0 0.63006300630063
41 43 36 0.0 0.0 0.0 0.0 91.0 1.0 0.0 0.6698564593301434
41 43 37 0.0 0.0 177.0 0.0 3550.0 22.0 98.0 0.24539877300613494
41 43 38 0.0 0.0 238.0 0.0 5772.0 32.0 458.0 0.1754605840330868
41 43 39 0.0 0.0 682.0 0.0 11228.0 28.0 4602.0 0.10073391854943156
41 43 40 0.0 0.0 411.0 0.0 8308.0 27.0 1314.0 0.1308411214953271
41 43 41 0.0 0.0 539.0 0.0 9954.0 30.0 2409.0 0.11220645988619057
41 43 42 0.0 0.0 662.0 0.0 10941.0 37.0 3866.0 0.10310796877301515
41 43 43 0.0 0.0 63.0 0.0 1291.0 15.0 7.0 0.41928721174004185
41 43 44 0.0 0.0 0.0 0.0 9.0 0.0 0.0 0.6968641114982577
41 43 45 0.0 0.0 0.0 0.0 4.0 0.0 0.0 0.6986027944111775
41 44 35 0.0 0.0 1.0 0.0 26.0 0.0 0.0 0.6906758756783422
41 44 36 0.0 0.0 4.0 0.0 169.0 1.0 0.0 0.6445672191528544
41 44 37 0.0 0.0 0.0 0.0 33.0 2.0 0.0 0.6893156080748399
41 44 38 0.0 0.0 301.0 0.0 6469.0 18.0 570.0 0.15987210231814544
41 44 39 0.0 0.0 101.0 0.0 2743.0 19.0 66.0 0.29021558872305137
41 44 40 0.0 0.0 26.0 0.0 766.0 6.0 2.0 0.5025125628140703
41 44 41 0.0 0.0 257.0 0.0 5509.0 17.0 374.0 0.18062185524448454
41 44 42 0.0 0.0 4.0 0.0 166.0 2.0 0.0 0.6457564575645756
41 44 43 0.0 0.0 2.0 0.0 128.0 1.0 0.0 0.6575857209957726
41 44 44 0.0 0.0 0.0 0.0 2.0 0.0 0.0 0.6993006993006992
41 45 37 0.0 0.0 4.0 0.0 70.0 1.0 0.0 0.6753497346840327
41 45 38 0.0 0.0 0.0 0.0 21.0 0.0 0.0 0.6930693069306929
41 45 39 0.0 0.0 1.0 0.0 57.0 1.0 0.0 0.6806028196402526
41 45 40 0.0 0.0 6.0 0.0 168.0 1.0 0.0 0.6445672191528544
41 45 41 0.0 0.0 0.0 0.0 5.0 0.0 0.0 0.6982543640897755
41 45 42 0.0 0.0 0.0 0.0 6.0 0.0 0.0 0.6979062811565303
41 45 43 0.0 0.0 0.0 0.0 2.0 0.0 0.0 0.6993006993006992
42 34 39 0.0 0.0 0.0 0.0 2.0 0.0 0.0 0.6993006993006992
42 35 38 0.0 0.0 2.0 0.0 98.0 3.0 0.0 0.6676204101096804
42 35 39 0.0 0.0 21.0 0.0 482.0 6.0 0.0 0.5606728073688425
42 35 40 0.0 0.0 0.0 0.0 62.0 0.0 0.0 0.6789524733268669
42 35 41 0.0 0.0 7.0 0.0 193.0 2.0 0.0 0.6372325898953117
42 35 42 0.0 0.0 0.0 0.0 12.0 0.0 0.0 0.6958250497017892
42 35 43 0.0 0.0 0.0 0.0 10.0 0.0 0.0 0.6965174129353233
42 35 44 0.0 0.0 0.0 0.0 7.0 0.0 0.0 0.6975585450921773
42 36 36 0.0 0.0 4.0 0.0 53.0 2.0 0.0 0.6812652068126519
42 36 37 0.0 0.0 0.0 0.0 11.0 0.0 0.0 0.6961710591745399
42 36 38 0.0 0.0 59.0 0.0 1538.0 11.0 17.0 0.39040713887339645
42 36 39 0.0 0.0 488.0 0.0 9207.0 25.0 2043.0 0.11984249272384863
42 36 40 0.0 0.0 152.0 0.0 3701.0 15.0 134.0 0.23976708340469252
42 36 41 0.0 0.0 380.0 0.0 7808.0 22.0 980.0 0.13763271726307508
42 36 42 0.0 0.0 147.0 0.0 3677.0 13.0 118.0 0.24088093599449412
42 36 43 0.0 0.0 161.0 0.0 3687.0 18.0 121.0 0.24013722126929674
42 36 44 0.0 0.0 0.0 0.0 122.0 0.0 0.0 0.6597549481621111
42 36 45 0.0 0.0 0.0 0.0 1.0 0.0 0.0 0.6996501749125437
42 37 35 0.0 0.0 1.0 0.0 18.0 1.0 0.0 0.6937561942517343
42 37 36 0.0 0.0 0.0 0.0 29.0 0.0 0.0 0.6899950714637751
42 37 37 0.0 0.0 16.0 0.0 489.0 3.0 0.0 0.559552358113509
42 37 38 0.0 0.0 264.0 0.0 5880.0 18.0 476.0 0.1721382023853436
42 37 39 0.0 0.0 802.0 0.0 11877.0 31.0 5663.0 0.09543936191969458
42 37 40 0.0 0.0 1237.0 0.0 12735.0 37.0 14893.0 0.08760951188986231
42 37 41 0.0 0.0 1101.0 0.0 12874.0 44.0 10739.0 0.08769182586908862
42 37 42 0.0 0.0 499.0 0.0 9482.0 25.0 2142.0 0.11702750146284374
42 37 43 0.0 0.0 655.0 0.0 11143.0 29.0 5337.0 0.10157440325038089
42 37 44 0.0 0.0 183.0 0.0 3819.0 12.0 123.0 0.23372287145242068
42 37 45 0.0 0.0 37.0 0.0 662.0 13.0 1.0 0.5212211466865226
42 38 35 0.0 0.0 0.0 0.0 12.0 0.0 0.0 0.6958250497017892
42 38 36 0.0 0.0 144.0 0.0 3060.0 20.0 90.0 0.26990553306342774
42 38 37 0.0 0.0 55.0 0.0 1520.0 16.0 17.0 0.39336892385501543
42 38 38 0.0 0.0 676.0 0.0 11558.0 31.0 5076.0 0.09843903810997047
42 38 39 0.0 0.0 1015.0 0.0 12494.0 34.0 11173.0 0.09029345372460496
42 38 40 0.0 0.0 1891.0 0.0 11790.0 55.0 31989.0 0.08925156190233328
42 38 41 0.0 0.0 2149.0 0.0 11838.0 61.0 35322.0 0.08766986035443672
42 38 42 0.0 0.0 966.0 0.0 12442.0 26.0 9537.0 0.09088548428979484
42 38 43 0.0 0.0 368.0 0.0 8218.0 18.0 1355.0 0.13237518910741297
42 38 44 0.0 0.0 160.0 0.0 3419.0 17.0 80.0 0.25175328178385176
42 38 45 0.0 0.0 1.0 0.0 15.0 0.0 0.0 0.6944444444444444
42 39 35 0.0 0.0 18.0 0.0 427.0 2.0 1.0 0.5730659025787964
42 39 36 0.0 0.0 123.0 0.0 2676.0 18.0 30.0 0.2928257686676427
42 39 37 0.0 0.0 572.0 0.0 10312.0 23.0 2969.0 0.10877165721389169
42 39 38 0.0 0.0 757.0 0.0 11850.0 26.0 5594.0 0.09581166164796057
42 39 39 0.0 0.0 1496.0 0.0 13267.0 42.0 18349.0 0.08354717431521155
42 39 40 0.0 0.0 2091.0 0.0 12164.0 46.0 32921.0 0.08609027179928666
42 39 41 0.0 0.0 1868.0 0.0 12713.0 44.0 26735.0 0.08442380751371885
42 39 42 0.0 0.0 2011.0 0.0 11762.0 67.0 34455.0 0.0888437618987181
42 39 43 0.0 0.0 536.0 0.0 9963.0 19.0 2494.0 0.11207172590457891
42 39 44 0.0 0.0 243.0 0.0 5419.0 27.0 348.0 0.1833420639078051
42 39 45 0.0 0.0 0.0 0.0 42.0 0.0 0.0 0.6856023506366307
42 40 35 0.0 0.0 15.0 0.0 499.0 6.0 0.0 0.5582137161084528
42 40 36 0.0 0.0 48.0 0.0 1588.0 9.0 22.0 0.3859939343810311
42 40 37 0.0 0.0 492.0 0.0 8919.0 27.0 1590.0 0.12281779103430122
42 40 38 0.0 0.0 1359.0 0.0 12359.0 36.0 19879.0 0.08905852417302798
42 40 39 0.0 0.0 1477.0 0.0 13170.0 37.0 18884.0 0.08412450426631413
42 40 40 0.0 0.0 1840.0 0.0 12360.0 42.0 28545.0 0.08639842014317452
42 40 41 0.0 0.0 1916.0 0.0 12571.0 59.0 28318.0 0.08496176720475786
42 40 42 0.0 0.0 1766.0 0.0 12551.0 49.0 25475.0 0.08584217303329449
42 40 43 0.0 0.0 776.0 0.0 11793.0 24.0 6386.0 0.09612743751716561
42 40 44 0.0 0.0 433.0 0.0 8598.0 31.0 1506.0 0.12716868017076935
42 40 45 0.0 0.0 11.0 0.0 330.0 2.0 0.0 0.5988023952095808
42 41 35 0.0 0.0 2.0 0.0 58.0 0.0 0.0 0.6796116504854368
42 41 36 0.0 0.0 36.0 0.0 925.0 6.0 2.0 0.47377326565143824
42 41 37 0.0 0.0 312.0 0.0 6656.0 25.0 676.0 0.15647703140717556
42 41 38 0.0 0.0 978.0 0.0 12563.0 38.0 9892.0 0.09017713365539452
42 41 39 0.0 0.0 1317.0 0.0 13212.0 32.0 14443.0 0.08467912659529425
42 41 40 0.0 0.0 1263.0 0.0 12911.0 27.0 15236.0 0.08649450142098108
42 41 41 0.0 0.0 761.0 1.0 11637.0 34.0 4438.0 0.09731683581259556
42 41 42 0.0 0.0 1054.0 0.0 12514.0 36.0 12485.0 0.0899569491743237
42 41 43 0.0 0.0 613.0 0.0 10675.0 25.0 3265.0 0.10542962572482865
42 41 44 0.0 0.0 206.0 0.0 4767.0 21.0 231.0 0.20140986908358505
42 41 45 0.0 0.0 1.0 0.0 62.0 1.0 0.0 0.6789524733268669
42 42 35 0.0 0.0 0.0 0.0 12.0 0.0 0.0 0.6958250497017892
42 42 36 0.0 0.0 136.0 0.0 3072.0 10.0 59.0 0.26933435936898803
42 42 37 0.0 0.0 82.0 0.0 2105.0 8.0 38.0 0.3350885591191957
42 42 38 0.0 0.0 944.0 0.0 12390.0 31.0 9541.0 0.0913420760749005
42 42 39 0.0 0.0 1026.0 0.0 12441.0 35.0 11167.0 0.09053870529651425
42 42 40 0.0 0.0 579.0 0.0 10683.0 29.0 4022.0 0.10563645966950878
42 42 41 0.0 0.0 1185.0 0.0 12805.0 32.0 13326.0 0.08748906386701662
42 42 42 0.0 0.0 449.0 0.0 8202.0 23.0 1244.0 0.1315665820881496
42 42 43 0.0 0.0 32.0 0.0 947.0 8.0 4.0 0.4713804713804713
42 42 44 0.0 0.0 12.0 0.0 183.0 2.0 0.0 0.6383948928408572
42 42 45 0.0 0.0 0.0 0.0 6.0 0.0 0.0 0.6979062811565303
42 43 35 0.0 0.0 0.0 0.0 13.0 0.0 0.0 0.695479384003974
42 43 36 0.0 0.0 0.0 0.0 20.0 0.0 0.0 0.6930693069306929
42 43 37 0.0 0.0 62.0 0.0 1527.0 13.0 15.0 0.3913894324853228
42 43 38 0.0 0.0 185.0 0.0 4558.0 24.0 223.0 0.20827134781315082
42 43 39 0.0 0.0 295.0 0.0 6054.0 15.0 520.0 0.1678858376304113
42 43 40 0.0 0.0 88.0 0.0 2124.0 10.0 36.0 0.3332539871459176
42 43 41 0.0 0.0 450.0 0.0 8651.0 17.0 1484.0 0.1261829652996845
42 43 42 0.0 0.0 248.0 0.0 6123.0 15.0 547.0 0.16746411483253584
42 43 43 0.0 0.0 1.0 0.0 71.0 1.0 0.0 0.6760019314340897
42 43 44 0.0 0.0 0.0 0.0 10.0 0.0 0.0 0.6965174129353233
42 43 45 0.0 0.0 2.0 0.0 17.0 0.0 0.0 0.6934125804853887
42 44 36 0.0 0.0 0.0 0.0 4.0 0.0 0.0 0.6986027944111775
42 44 37 0.0 0.0 0.0 0.0 16.0 0.0 0.0 0.6944444444444444
42 44 38 0.0 0.0 3.0 0.0 127.0 1.0 0.0 0.6575857209957726
42 44 39 0.0 0.0 0.0 0.0 62.0 0.0 0.0 0.6789524733268669
42 44 40 0.0 0.0 249.0 0.0 5210.0 19.0 296.0 0.18814675446848542
42 44 41 0.0 0.0 12.0 0.0 399.0 2.0 1.0 0.58115400581154
42 44 42 0.0 0.0 0.0 0.0 76.0 0.0 0.0 0.6746987951807227
42 44 43 0.0 0.0 0.0 0.0 36.0 0.0 0.0 0.6876227897838899
42 45 37 0.0 0.0 1.0 0.0 20.0 1.0 0.0 0.6930693069306929
42 45 38 0.0 0.0 0.0 0.0 6.0 0.0 0.0 0.6979062811565303
42 45 39 0.0 0.0 4.0 0.0 41.0 1.0 0.0 0.684931506849315
42 45 40 0.0 0.0 13.0 0.0 267.0 5.0 0.0 0.6153846153846153
42 45 41 0.0 0.0 0.0 0.0 6.0 0.0 0.0 0.6979062811565303
42 45 42 0.0 0.0 0.0 0.0 1.0 0.0 0.0 0.6996501749125437
43 35 37 0.0 0.0 0.0 0.0 1.0 0.0 0.0 0.6996501749125437
43 35 38 0.0 0.0 4.0 0.0 92.0 1.0 0.0 0.6682577565632457
43 35 39 0.0 0.0 1.0 0.0 57.0 0.0 0.0 0.6802721088435373
43 35 40 0.0 0.0 18.0 0.0 484.0 9.0 0.0 0.5615724027276373
43 35 41 0.0 0.0 0.0 0.0 16.0 0.0 0.0 0.6944444444444444
43 35 42 0.0 0.0 0.0 0.0 26.0 0.0 0.0 0.6910167818361302
43 35 43 0.0 0.0 0.0 0.0 4.0 0.0 0.0 0.6986027944111775
43 36 37 0.0 0.0 0.0 0.0 11.0 0.0 0.0 0.6961710591745399
43 36 38 0.0 0.0 3.0 0.0 105.0 1.0 0.0 0.6644518272425248
43 36 39 0.0 0.0 296.0 0.0 6711.0 20.0 705.0 0.1556939501779359
43 36 40 0.0 0.0 107.0 0.0 2175.0 25.0 28.0 0.3287928604978863
43 36 41 0.0 0.0 189.0 0.0 4473.0 15.0 258.0 0.21055797864340497
43 36 42 0.0 0.0 278.0 0.0 5792.0 23.0 371.0 0.1739346502671139
43 36 43 0.0 0.0 22.0 0.0 625.0 9.0 3.0 0.5307050796057619
43 36 44 0.0 0.0 109.0 0.0 2237.0 12.0 26.0 0.323027226580526
43 37 35 0.0 0.0 0.0 0.0 3.0 0.0 0.0 0.6989515726410384
43 37 36 0.0 0.0 0.0 0.0 2.0 0.0 0.0 0.6993006993006992
43 37 37 0.0 0.0 0.0 0.0 46.0 0.0 0.0 0.6842619745845552
43 37 38 0.0 0.0 241.0 0.0 5177.0 19.0 336.0 0.18918918918918917
43 37 39 0.0 0.0 343.0 0.0 6753.0 18.0 630.0 0.15408320493066252
43 37 40 0.0 0.0 504.0 0.0 9454.0 22.0 2221.0 0.11714500878587564
43 37 41 0.0 0.0 561.0 0.0 10045.0 24.0 2803.0 0.11121703209405782
43 37 42 0.0 0.0 258.0 0.0 5610.0 15.0 430.0 0.1781850579101438
43 37 43 0.0 0.0 430.0 0.0 8928.0 13.0 1910.0 0.12327199084265208
43 37 44 0.0 0.0 22.0 0.0 603.0 3.0 0.0 0.5339435545385202
43 37 45 0.0 0.0 0.0 0.0 9.0 0.0 0.0 0.6968641114982577
43 38 35 0.0 0.0 0.0 0.0 2.0 0.0 0.0 0.6993006993006992
43 38 36 0.0 0.0 25.0 0.0 551.0 4.0 0.0 0.5443234836702955
43 38 37 0.0 0.0 2.0 0.0 170.0 0.0 0.0 0.6445672191528544
43 38 38 0.0 0.0 402.0 0.0 8192.0 25.0 1225.0 0.13241274945616188
43 38 39 0.0 0.0 480.0 0.0 9059.0 16.0 1650.0 0.12141184632729163
43 38 40 0.0 0.0 733.0 0.0 11420.0 26.0 5103.0 0.0989679061218719
43 38 41 0.0 0.0 785.0 0.0 11824.0 36.0 6542.0 0.0958904109589041
43 38 42 0.0 0.0 641.0 0.0 11040.0 29.0 4578.0 0.10242903131401813
43 38 43 0.0 0.0 656.0 0.0 10926.0 35.0 3626.0 0.10324483775811208
43 38 44 0.0 0.0 40.0 0.0 1181.0 9.0 9.0 0.43559427504667075
43 38 45 0.0 0.0 0.0 0.0 5.0 0.0 0.0 0.6982543640897755
43 39 35 0.0 0.0 0.0 0.0 4.0 0.0 0.0 0.6986027944111775
43 39 36 0.0 0.0 16.0 0.0 277.0 3.0 1.0 0.6116207951070335
43 39 37 0.0 0.0 147.0 0.0 3581.0 19.0 111.0 0.24518388791593695
43 39 38 0.0 0.0 407.0 0.0 8431.0 27.0 1416.0 0.12936610608020696
43 39 39 0.0 0.0 663.0 0.0 11181.0 26.0 4781.0 0.10122189284939627
43 39 40 0.0 0.0 966.0 0.0 12603.0 40.0 10251.0 0.08989918448596929
43 39 41 0.0 0.0 781.0 0.0 11475.0 25.0 4745.0 0.09827319949459495
43 39 42 0.0 0.0 888.0 0.0 12427.0 29.0 8395.0 0.09146739840585391
43 39 43 0.0 0.0 649.0 0.0 11320.0 25.0 5484.0 0.10020757282943238
43 39 44 0.0 0.0 136.0 0.0 2707.0 21.0 36.0 0.29039618336444717
43 39 45 0.0 0.0 0.0 0.0 24.0 0.0 0.0 0.6916996047430829
43 40 35 0.0 0.0 0.0 0.0 6.0 0.0 0.0 0.6979062811565303
43 40 36 0.0 0.0 1.0 0.0 145.0 0.0 0.0 0.6526806526806526
43 40 37 0.0 0.0 368.0 0.0 7462.0 22.0 852.0 0.1426533523537803
43 40 38 0.0 0.0 693.0 0.0 11254.0 36.0 4916.0 0.10045924225028702
43 40 39 0.0 0.0 720.0 0.0 11455.0 35.0 4809.0 0.09884911388830048
43 40 40 0.0 0.0 854.0 0.0 11986.0 29.0 6210.0 0.09442233762730154
43 40 41 0.0 0.0 1117.0 0.0 12846.0 49.0 11387.0 0.08779631255487269
43 40 42 0.0 0.0 654.0 0.0 10907.0 15.0 4075.0 0.10316115245744602
43 40 43 0.0 0.0 588.0 0.0 10306.0 22.0 3004.0 0.1086787765874864
43 40 44 0.0 0.0 101.0 0.0 2730.0 20.0 63.0 0.2909997921430056
43 40 45 0.0 0.0 14.0 0.0 294.0 1.0 0.0 0.6068487212830515
43 41 35 0.0 0.0 7.0 0.0 189.0 3.0 0.0 0.6383948928408572
43 41 36 0.0 0.0 23.0 0.0 566.0 6.0 0.0 0.5420054200542004
43 41 37 0.0 0.0 833.0 0.0 12082.0 28.0 7433.0 0.0938841201716738
43 41 38 0.0 0.0 274.0 0.0 6335.0 22.0 541.0 0.16294227188081936
43 41 39 0.0 0.0 746.0 0.0 11623.0 24.0 4761.0 0.0974319716055397
43 41 40 0.0 0.0 1091.0 0.0 12851.0 27.0 10612.0 0.08779631255487269
43 41 41 0.0 0.0 271.0 0.0 6844.0 6.0 832.0 0.15366041049281087
43 41 42 0.0 0.0 505.0 0.0 9568.0 25.0 2336.0 0.11610549013103333
43 41 43 0.0 0.0 338.0 0.0 7366.0 24.0 1064.0 0.14456836018174304
43 41 44 0.0 0.0 59.0 0.0 1398.0 9.0 10.0 0.40603248259860786
43 41 45 0.0 0.0 5.0 0.0 113.0 1.0 0.0 0.6613131790269249
43 42 35 0.0 0.0 0.0 0.0 9.0 0.0 0.0 0.6968641114982577
43 42 36 0.0 0.0 0.0 0.0 71.0 0.0 0.0 0.6760019314340897
43 42 37 0.0 0.0 157.0 0.0 3596.0 17.0 117.0 0.24411508282476022
43 42 38 0.0 0.0 396.0 0.0 7787.0 21.0 1002.0 0.1376191880467905
43 42 39 0.0 0.0 551.0 0.0 9876.0 20.0 2535.0 0.11272141706924314
43 42 40 0.0 0.0 292.0 0.0 6963.0 29.0 904.0 0.15166287509478926
43 42 41 0.0 0.0 280.0 0.0 5624.0 32.0 356.0 0.17773263932969402
43 42 42 0.0 0.0 33.0 0.0 1106.0 8.0 3.0 0.44728434504792325
43 42 43 0.0 0.0 122.0 0.0 2574.0 19.0 46.0 0.29933718195424414
43 42 44 0.0 0.0 4.0 0.0 108.0 1.0 0.0 0.6635071090047392
43 42 45 0.0 0.0 0.0 0.0 3.0 0.0 0.0 0.6989515726410384
43 43 35 0.0 0.0 0.0 0.0 5.0 0.0 0.0 0.6982543640897755
43 43 36 0.0 0.0 0.0 0.0 27.0 0.0 0.0 0.6906758756783422
43 43 37 0.0 0.0 17.0 0.0 343.0 5.0 0.0 0.5944798301486198
43 43 38 0.0 0.0 38.0 0.0 1362.0 9.0 11.0 0.4128575641403715
43 43 39 0.0 0.0 122.0 0.0 2592.0 17.0 49.0 0.29812606473594544
43 43 40 0.0 0.0 104.0 0.0 2442.0 17.0 40.0 0.30891438658428944
43 43 41 0.0 0.0 201.0 0.0 4561.0 17.0 238.0 0.20728457210541898
43 43 42 0.0 0.0 20.0 0.0 562.0 4.0 2.0 0.543056633048875
43 43 43 0.0 0.0 0.0 0.0 16.0 0.0 0.0 0.6944444444444444
43 43 44 0.0 0.0 0.0 0.0 1.0 0.0 0.0 0.6996501749125437
43 44 37 0.0 0.0 3.0 0.0 22.0 0.0 0.0 0.6913580246913579
43 44 38 0.0 0.0 0.0 0.0 4.0 0.0 0.0 0.6986027944111775
43 44 39 0.0 0.0 0.0 0.0 11.0 0.0 0.0 0.6961710591745399
43 44 40 0.0 0.0 0.0 0.0 27.0 0.0 0.0 0.6906758756783422
43 44 41 0.0 0.0 12.0 0.0 365.0 3.0 0.0 0.5897219882055602
43 44 42 0.0 0.0 0.0 0.0 17.0 0.0 0.0 0.694100148735746
43 44 43 0.0 0.0 0.0 0.0 1.0 0.0 0.0 0.6996501749125437
43 45 40 0.0 0.0 0.0 0.0 2.0 0.0 0.0 0.6993006993006992
43 45 41 0.0 0.0 0.0 0.0 5.0 0.0 0.0 0.6982543640897755
44 35 38 0.0 0.0 0.0 0.0 4.0 0.0 0.0 0.6986027944111775
44 35 39 0.0 0.0 5.0 0.0 48.0 0.0 0.0 0.6819288845591815
44 35 40 0.0 0.0 0.0 0.0 7.0 0.0 0.0 0.6975585450921773
44 35 41 0.0 0.0 0.0 0.0 13.0 0.0 0.0 0.695479384003974
44 35 42 0.0 0.0 0.0 0.0 7.0 0.0 0.0 0.6975585450921773
44 35 43 0.0 0.0 0.0 0.0 3.0 0.0 0.0 0.6989515726410384
44 35 44 0.0 0.0 0.0 0.0 1.0 0.0 0.0 0.6996501749125437
44 35 45 0.0 0.0 0.0 0.0 2.0 0.0 0.0 0.6993006993006992
44 36 37 0.0 0.0 0.0 0.0 4.0 0.0 0.0 0.6986027944111775
44 36 38 0.0 0.0 0.0 0.0 15.0 0.0 0.0 0.694789081885856
44 36 39 0.0 0.0 0.0 0.0 34.0 1.0 0.0 0.6886374815543531
44 36 40 0.0 0.0 1.0 0.0 56.0 0.0 0.0 0.6806028196402526
44 36 41 0.0 0.0 57.0 0.0 1933.0 6.0 29.0 0.3513174404015056
44 36 42 0.0 0.0 1.0 0.0 39.0 1.0 0.0 0.6866110838646394
44 36 43 0.0 0.0 1.0 0.0 35.0 0.0 0.0 0.6876227897838899
44 36 44 0.0 0.0 1.0 0.0 14.0 0.0 0.0 0.694789081885856
44 37 37 0.0 0.0 0.0 0.0 19.0 0.0 0.0 0.6937561942517343
44 37 38 0.0 0.0 3.0 0.0 119.0 2.0 0.0 0.6603773584905659
44 37 39 0.0 0.0 12.0 0.0 250.0 5.0 0.0 0.620292423571112
44 37 40 0.0 0.0 156.0 0.0 2885.0 27.0 37.0 0.27921818907060225
44 37 41 0.0 0.0 70.0 0.0 1515.0 9.0 14.0 0.39149888143176725
44 37 42 0.0 0.0 22.0 0.0 490.0 1.0 0.0 0.5575467941059339
44 37 43 0.0 0.0 159.0 0.0 3067.0 16.0 65.0 0.2687655980034555
44 37 44 0.0 0.0 58.0 0.0 1438.0 11.0 12.0 0.4017216642754662
44 37 45 0.0 0.0 0.0 0.0 2.0 0.0 0.0 0.6993006993006992
44 38 37 0.0 0.0 10.0 0.0 180.0 1.0 0.0 0.639561443581544
44 38 38 0.0 0.0 88.0 0.0 2639.0 13.0 67.0 0.29686174724342657
44 38 39 0.0 0.0 67.0 0.0 1334.0 21.0 7.0 0.41432376442734536
44 38 40 0.0 0.0 194.0 0.0 4068.0 20.0 139.0 0.22414345180915782
44 38 41 0.0 0.0 532.0 0.0 9714.0 29.0 2224.0 0.11445389143230868
44 38 42 0.0 0.0 136.0 0.0 3089.0 13.0 83.0 0.26855937080375974
44 38 43 0.0 0.0 161.0 0.0 3603.0 18.0 102.0 0.24364775495997212
44 38 44 0.0 0.0 0.0 0.0 103.0 0.0 0.0 0.6657156443176413
44 38 45 0.0 0.0 0.0 0.0 1.0 0.0 0.0 0.6996501749125437
44 39 35 0.0 0.0 6.0 0.0 201.0 2.0 1.0 0.6349206349206349
44 39 36 0.0 0.0 4.0 0.0 107.0 1.0 0.0 0.6635071090047392
44 39 37 0.0 0.0 34.0 0.0 930.0 3.0 6.0 0.4728132387706855
44 39 38 0.0 0.0 15.0 0.0 390.0 3.0 0.0 0.5828476269775186
44 39 39 0.0 0.0 91.0 0.0 1884.0 22.0 20.0 0.35434067324727914
44 39 40 0.0 0.0 156.0 0.0 3556.0 19.0 103.0 0.24595924104005618
44 39 41 0.0 0.0 532.0 0.0 9202.0 25.0 1693.0 0.11947431302270012
44 39 42 0.0 0.0 151.0 0.0 3353.0 10.0 112.0 0.2547770700636942
44 39 43 0.0 0.0 16.0 0.0 503.0 2.0 1.0 0.5564387917329093
44 39 44 0.0 0.0 3.0 0.0 229.0 2.0 0.0 0.6278026905829596
44 39 45 0.0 0.0 0.0 0.0 6.0 0.0 0.0 0.6979062811565303
44 40 35 0.0 0.0 0.0 0.0 11.0 0.0 0.0 0.6961710591745399
44 40 36 0.0 0.0 339.0 0.0 7440.0 17.0 1014.0 0.14335449518738477
44 40 37 0.0 0.0 13.0 0.0 347.0 2.0 1.0 0.5937234944868531
44 40 38 0.0 0.0 120.0 0.0 2471.0 16.0 41.0 0.30607783121993876
44 40 39 0.0 0.0 165.0 0.0 3452.0 17.0 92.0 0.25008931761343334
44 40 40 0.0 0.0 392.0 0.0 8014.0 27.0 1097.0 0.13484877672895396
44 40 41 0.0 0.0 77.0 0.0 1806.0 9.0 21.0 0.36157024793388426
44 40 42 0.0 0.0 311.0 0.0 6836.0 14.0 690.0 0.1531896268738374
44 40 43 0.0 0.0 212.0 0.0 4444.0 11.0 173.0 0.21068472535741153
44 40 44 0.0 0.0 451.0 0.0 8331.0 29.0 1186.0 0.13014781072789808
44 40 45 0.0 0.0 0.0 0.0 10.0 0.0 0.0 0.6965174129353233
44 41 35 0.0 0.0 0.0 0.0 35.0 0.0 0.0 0.6879606879606879
44 41 36 0.0 0.0 3.0 0.0 137.0 0.0 0.0 0.6545114539504441
44 41 37 0.0 0.0 135.0 0.0 3031.0 18.0 63.0 0.2719502719502719
44 41 38 0.0 0.0 23.0 0.0 858.0 7.0 4.0 0.48695652173913034
44 41 39 0.0 0.0 90.0 0.0 2054.0 13.0 33.0 0.33890099249576366
44 41 40 0.0 0.0 204.0 0.0 4960.0 15.0 303.0 0.1957220746539913
44 41 41 0.0 0.0 475.0 0.0 9854.0 17.0 2845.0 0.11359026369168357
44 41 42 0.0 0.0 183.0 0.0 3824.0 23.0 120.0 0.23391812865497072
44 41 43 0.0 0.0 4.0 0.0 173.0 1.0 0.0 0.6433823529411764
44 41 44 0.0 0.0 45.0 0.0 1148.0 13.0 4.0 0.440251572327044
44 41 45 0.0 0.0 0.0 0.0 9.0 0.0 0.0 0.6968641114982577
44 42 35 0.0 0.0 0.0 0.0 16.0 0.0 0.0 0.6944444444444444
44 42 36 0.0 0.0 384.0 0.0 8466.0 17.0 1600.0 0.12911555842479017
44 42 37 0.0 0.0 5.0 0.0 189.0 1.0 0.0 0.6389776357827475
44 42 38 0.0 0.0 9.0 0.0 243.0 1.0 0.0 0.6219458018658373
44 42 39 0.0 0.0 63.0 0.0 1639.0 13.0 19.0 0.37960954446854656
44 42 40 0.0 0.0 107.0 0.0 2080.0 16.0 23.0 0.3356509230400383
44 42 41 0.0 0.0 25.0 0.0 686.0 11.0 2.0 0.5185185185185184
44 42 42 0.0 0.0 5.0 0.0 141.0 1.0 0.0 0.6526806526806526
44 42 43 0.0 0.0 0.0 0.0 26.0 0.0 0.0 0.6910167818361302
44 42 44 0.0 0.0 0.0 0.0 11.0 0.0 0.0 0.6961710591745399
44 43 35 0.0 0.0 0.0 0.0 9.0 0.0 0.0 0.6968641114982577
44 43 36 0.0 0.0 0.0 0.0 19.0 0.0 0.0 0.6934125804853887
44 43 37 0.0 0.0 1.0 0.0 50.0 1.0 0.0 0.6829268292682925
44 43 38 0.0 0.0 0.0 0.0 18.0 0.0 0.0 0.6937561942517343
44 43 39 0.0 0.0 0.0 0.0 24.0 0.0 0.0 0.6916996047430829
44 43 40 0.0 0.0 0.0 0.0 35.0 0.0 0.0 0.6882989183874139
44 43 41 0.0 0.0 0.0 0.0 19.0 0.0 0.0 0.6934125804853887
44 43 42 0.0 0.0 32.0 0.0 715.0 5.0 2.0 0.5105762217359591
44 43 44 0.0 0.0 0.0 0.0 1.0 0.0 0.0 0.6996501749125437
44 44 37 0.0 0.0 0.0 0.0 1.0 0.0 0.0 0.6996501749125437
44 44 39 0.0 0.0 0.0 0.0 4.0 0.0 0.0 0.6986027944111775
44 44 40 0.0 0.0 0.0 0.0 2.0 0.0 0.0 0.6993006993006992
44 44 41 0.0 0.0 0.0 0.0 2.0 0.0 0.0 0.6993006993006992
44 44 42 0.0 0.0 0.0 0.0 2.0 0.0 0.0 0.6993006993006992
45 35 42 0.0 0.0 0.0 0.0 1.0 0.0 0.0 0.6996501749125437
45 36 41 0.0 0.0 0.0 0.0 2.0 0.0 0.0 0.6993006993006992
45 36 42 0.0 0.0 0.0 0.0 3.0 0.0 0.0 0.6989515726410384
45 37 39 0.0 0.0 1.0 0.0 2.0 1.0 0.0 0.6993006993006992
45 37 40 0.0 0.0 63.0 0.0 1130.0 13.0 4.0 0.440251572327044
45 37 41 0.0 0.0 0.0 0.0 28.0 0.0 0.0 0.690335305719921
45 37 42 0.0 0.0 76.0 0.0 1675.0 11.0 11.0 0.37423148890670943
45 37 43 0.0 0.0 0.0 0.0 9.0 0.0 0.0 0.6968641114982577
45 37 44 0.0 0.0 9.0 0.0 165.0 4.0 0.0 0.6451612903225805
45 38 37 0.0 0.0 0.0 0.0 1.0 0.0 0.0 0.6996501749125437
45 38 39 0.0 0.0 0.0 0.0 5.0 0.0 0.0 0.6982543640897755
45 38 40 0.0 0.0 0.0 0.0 40.0 0.0 0.0 0.6862745098039215
45 38 41 0.0 0.0 5.0 0.0 134.0 2.0 0.0 0.6551240056153486
45 38 42 0.0 0.0 4.0 0.0 115.0 0.0 0.0 0.6606890042472864
45 38 43 0.0 0.0 31.0 0.0 539.0 7.0 1.0 0.5462348809988293
45 38 44 0.0 0.0 0.0 0.0 1.0 0.0 0.0 0.6996501749125437
45 39 35 0.0 0.0 12.0 0.0 130.0 1.0 0.0 0.6539000467071461
45 39 36 0.0 0.0 0.0 0.0 9.0 0.0 0.0 0.6968641114982577
45 39 37 0.0 0.0 4.0 0.0 73.0 0.0 0.0 0.6740491092922483
45 39 38 0.0 0.0 1.0 0.0 14.0 0.0 0.0 0.694789081885856
45 39 39 0.0 0.0 0.0 0.0 20.0 0.0 0.0 0.6930693069306929
45 39 40 0.0 0.0 1.0 0.0 23.0 1.0 0.0 0.6923837784371908
45 39 41 0.0 0.0 11.0 0.0 220.0 4.0 0.0 0.6286484059272563
45 39 42 0.0 0.0 3.0 0.0 96.0 2.0 0.0 0.6679389312977099
45 39 43 0.0 0.0 2.0 0.0 41.0 2.0 0.0 0.6859382655560998
45 39 44 0.0 0.0 0.0 0.0 16.0 0.0 0.0 0.6944444444444444
45 39 45 0.0 0.0 0.0 0.0 11.0 0.0 0.0 0.6961710591745399
45 40 35 0.0 0.0 0.0 0.0 15.0 0.0 0.0 0.694789081885856
45 40 36 0.0 0.0 0.0 0.0 19.0 0.0 0.0 0.6934125804853887
45 40 37 0.0 0.0 14.0 0.0 334.0 0.0 1.0 0.5962521294718909
45 40 38 0.0 0.0 0.0 0.0 4.0 0.0 0.0 0.6986027944111775
45 40 39 0.0 0.0 0.0 0.0 12.0 0.0 0.0 0.6958250497017892
45 40 40 0.0 0.0 1.0 0.0 57.0 1.0 0.0 0.6806028196402526
45 40 41 0.0 0.0 0.0 0.0 92.0 0.0 0.0 0.6692160611854684
45 40 42 0.0 0.0 63.0 0.0 1255.0 9.0 9.0 0.4228329809725158
45 40 43 0.0 0.0 0.0 0.0 24.0 0.0 0.0 0.6916996047430829
45 40 44 0.0 0.0 0.0 0.0 15.0 0.0 0.0 0.694789081885856
45 40 45 0.0 0.0 69.0 0.0 1370.0 18.0 12.0 0.4092370651856182
45 41 35 0.0 0.0 0.0 0.0 26.0 0.0 0.0 0.6910167818361302
45 41 36 0.0 0.0 0.0 0.0 14.0 0.0 0.0 0.6951340615690167
45 41 37 0.0 0.0 0.0 0.0 25.0 0.0 0.0 0.6913580246913579
45 41 38 0.0 0.0 0.0 0.0 3.0 0.0 0.0 0.6989515726410384
45 41 39 0.0 0.0 6.0 0.0 205.0 2.0 0.0 0.6337709370755997
45 41 40 0.0 0.0 4.0 0.0 56.0 1.0 0.0 0.6799417192812044
45 41 41 0.0 0.0 2.0 0.0 110.0 0.0 0.0 0.6628787878787878
45 41 42 0.0 0.0 1.0 0.0 17.0 1.0 0.0 0.694789081885856
45 41 43 0.0 0.0 12.0 0.0 259.0 2.0 0.0 0.6170118995152049
45 41 44 0.0 0.0 0.0 0.0 7.0 0.0 0.0 0.6975585450921773
45 41 45 0.0 0.0 0.0 0.0 7.0 0.0 0.0 0.6975585450921773
45 42 35 0.0 0.0 0.0 0.0 7.0 0.0 0.0 0.6975585450921773
45 42 36 0.0 0.0 23.0 0.0 825.0 3.0 4.0 0.4920913884007029
45 42 37 0.0 0.0 0.0 0.0 11.0 0.0 0.0 0.6961710591745399
45 42 38 0.0 0.0 0.0 0.0 3.0 0.0 0.0 0.6989515726410384
45 42 39 0.0 0.0 0.0 0.0 2.0 0.0 0.0 0.6993006993006992
45 42 40 0.0 0.0 0.0 0.0 19.0 0.0 0.0 0.6934125804853887
45 42 41 0.0 0.0 0.0 0.0 41.0 0.0 0.0 0.6859382655560998
45 42 42 0.0 0.0 15.0 0.0 298.0 6.0 0.0 0.6068487212830515
45 43 35 0.0 0.0 1.0 0.0 30.0 1.0 0.0 0.689655172413793
45 43 36 0.0 0.0 0.0 0.0 12.0 0.0 0.0 0.6958250497017892
45 43 37 0.0 0.0 40.0 0.0 786.0 13.0 2.0 0.4976892996800568
45 43 40 0.0 0.0 0.0 0.0 2.0 0.0 0.0 0.6993006993006992
45 43 41 0.0 0.0 0.0 0.0 1.0 0.0 0.0 0.6996501749125437
46 36 41 0.0 0.0 0.0 0.0 1.0 0.0 0.0 0.6996501749125437
46 37 42 0.0 0.0 0.0 0.0 1.0 0.0 0.0 0.6996501749125437
46 39 45 0.0 0.0 0.0 0.0 1.0 0.0 0.0 0.6996501749125437
46 41 36 0.0 0.0 0.0 0.0 1.0 0.0 0.0 0.6996501749125437
46 41 42 0.0 0.0 0.0 0.0 1.0 0.0 0.0 0.6996501749125437
46 43 35 0.0 0.0 0.0 0.0 1.0 0.0 0.0 0.6996501749125437
