39 39 40 0.0 0.0 0.0 0.0 11.0 0.0 0.0 0.6961710591745399
39 40 39 1.0 0.0 1.0 0.0 8.0 0.0 0.0 0.6965174129353233
39 40 41 0.0 0.0 0.0 0.0 1.0 0.0 0.0 0.6996501749125437
39 41 39 0.0 0.0 0.0 0.0 4.0 0.0 0.0 0.6986027944111775
39 41 40 0.0 0.0 0.0 0.0 2.0 0.0 0.0 0.6993006993006992
40 39 39 0.0 0.0 0.0 0.0 2.0 0.0 0.0 0.6993006993006992
40 39 40 0.0 0.0 0.0 0.0 4.0 0.0 0.0 0.6986027944111775
40 39 41 0.0 0.0 0.0 0.0 1.0 0.0 0.0 0.6996501749125437
40 40 39 0.0 0.0 0.0 0.0 3.0 0.0 0.0 0.6989515726410384
40 40 40 12.0 2.0 237.0 69.0 4607.0 23.0 254.0 0.20266357845975677
40 40 41 0.0 0.0 0.0 0.0 1.0 0.0 0.0 0.6996501749125437
40 41 39 0.0 0.0 0.0 0.0 1.0 0.0 0.0 0.6996501749125437
40 41 40 0.0 0.0 0.0 0.0 1.0 0.0 0.0 0.6996501749125437
40 41 41 0.0 0.0 0.0 0.0 4.0 0.0 0.0 0.6986027944111775
41 39 40 0.0 0.0 1.0 0.0 6.0 0.0 0.0 0.6975585450921773
41 39 41 0.0 0.0 18.0 0.0 405.0 4.0 2.0 0.5787515502273666
41 40 39 0.0 0.0 0.0 0.0 2.0 0.0 0.0 0.6993006993006992
41 40 40 0.0 0.0 0.0 0.0 2.0 0.0 0.0 0.6993006993006992
41 40 41 0.0 0.0 0.0 0.0 1.0 0.0 0.0 0.6996501749125437
41 41 39 0.0 0.0 0.0 0.0 3.0 0.0 0.0 0.6989515726410384
41 41 40 0.0 0.0 0.0 0.0 3.0 0.0 0.0 0.6989515726410384
41 41 41 0.0 0.0 0.0 0.0 2.0 0.0 0.0 0.6993006993006992
