37 39 40 0.0 0.0 0.0 0.0 1.0 0.0 0.0 0.6996501749125437
37 40 38 0.0 0.0 0.0 0.0 1.0 0.0 0.0 0.6996501749125437
37 40 40 0.0 0.0 0.0 0.0 1.0 0.0 0.0 0.6996501749125437
37 41 38 0.0 0.0 0.0 0.0 1.0 0.0 0.0 0.6996501749125437
37 41 39 0.0 0.0 0.0 0.0 1.0 0.0 0.0 0.6996501749125437
37 41 41 0.0 0.0 0.0 0.0 2.0 0.0 0.0 0.6993006993006992
38 37 39 0.0 0.0 0.0 0.0 4.0 0.0 0.0 0.6986027944111775
38 37 40 0.0 0.0 0.0 0.0 2.0 0.0 0.0 0.6993006993006992
38 38 38 0.0 0.0 0.0 0.0 4.0 0.0 0.0 0.6986027944111775
38 38 39 0.0 0.0 0.0 0.0 30.0 0.0 0.0 0.689655172413793
38 38 40 0.0 0.0 1.0 0.0 36.0 0.0 0.0 0.6872852233676975
38 38 41 0.0 0.0 0.0 0.0 20.0 2.0 0.0 0.6937561942517343
38 38 42 0.0 0.0 0.0 0.0 7.0 0.0 0.0 0.6975585450921773
38 39 38 0.0 0.0 1.0 0.0 48.0 0.0 0.0 0.6832601268911663
38 39 39 0.0 0.0 33.0 0.0 910.0 4.0 7.0 0.47619047619047605
38 39 40 0.0 0.0 6.0 0.0 112.0 2.0 0.0 0.661625708884688
38 39 41 0.0 0.0 14.0 0.0 321.0 2.0 0.0 0.6000857265323617
38 39 42 0.0 0.0 0.0 0.0 6.0 0.0 0.0 0.6979062811565303
38 40 38 0.0 0.0 0.0 0.0 32.0 0.0 0.0 0.6889763779527558
38 40 39 0.0 0.0 94.0 0.0 2224.0 16.0 25.0 0.3253544039042528
38 40 40 0.0 0.0 36.0 0.0 1142.0 11.0 5.0 0.44205873065993045
38 40 41 0.0 0.0 0.0 0.0 64.0 0.0 0.0 0.6782945736434108
38 40 42 0.0 0.0 0.0 0.0 4.0 0.0 0.0 0.6986027944111775
38 41 38 0.0 0.0 0.0 0.0 13.0 0.0 0.0 0.695479384003974
38 41 39 0.0 0.0 41.0 0.0 1132.0 7.0 7.0 0.44219835754895764
38 41 40 0.0 0.0 24.0 0.0 518.0 6.0 0.0 0.5520504731861199
38 41 41 0.0 0.0 0.0 0.0 14.0 0.0 0.0 0.6951340615690167
38 41 42 0.0 0.0 0.0 0.0 4.0 0.0 0.0 0.6986027944111775
38 42 38 0.0 0.0 0.0 0.0 2.0 0.0 0.0 0.6993006993006992
38 42 39 0.0 0.0 5.0 0.0 335.0 4.0 0.0 0.5993150684931505
38 42 40 0.0 0.0 0.0 0.0 15.0 1.0 0.0 0.6951340615690167
38 42 41 0.0 0.0 1.0 0.0 28.0 1.0 0.0 0.690335305719921
38 43 40 0.0 0.0 0.0 0.0 1.0 0.0 0.0 0.6996501749125437
39 37 39 0.0 0.0 0.0 0.0 1.0 0.0 0.0 0.6996501749125437
39 37 41 0.0 0.0 0.0 0.0 1.0 0.0 0.0 0.6996501749125437
39 38 38 0.0 0.0 0.0 0.0 7.0 0.0 0.0 0.6975585450921773
39 38 39 0.0 0.0 1.0 0.0 31.0 0.0 0.0 0.6889763779527558
39 38 40 0.0 0.0 92.0 0.0 2184.0 13.0 22.0 0.32840722495894903
39 38 41 0.0 0.0 25.0 0.0 478.0 6.0 1.0 0.5606728073688425
39 38 42 0.0 0.0 0.0 0.0 40.0 0.0 0.0 0.6862745098039215
39 39 38 0.0 0.0 2.0 0.0 61.0 0.0 0.0 0.6786233640329616
39 39 39 0.0 0.0 171.0 1.0 3911.0 18.0 145.0 0.23079459281239692
39 39 40 0.0 0.0 522.0 2.0 9426.0 21.0 2185.0 0.11726275232431527
39 39 41 0.0 0.0 324.0 0.0 6512.0 20.0 595.0 0.1587301587301587
39 39 42 0.0 0.0 0.0 0.0 25.0 0.0 0.0 0.6913580246913579
39 40 38 0.0 0.0 22.0 0.0 364.0 5.0 0.0 0.5879882402351952
39 40 39 2.0 0.0 614.0 0.0 10665.0 29.0 3872.0 0.10544550726820816
39 40 40 0.0 0.0 307.0 8.0 7217.0 24.0 1008.0 0.14715156611309646
39 40 41 0.0 0.0 82.0 1.0 2204.0 10.0 31.0 0.32725572697522204
39 40 42 0.0 0.0 0.0 0.0 24.0 0.0 0.0 0.6916996047430829
39 41 38 0.0 0.0 0.0 0.0 32.0 0.0 0.0 0.6889763779527558
39 41 39 0.0 0.0 191.0 0.0 4145.0 20.0 157.0 0.22165927802406582
39 41 40 0.0 0.0 315.0 0.0 7425.0 20.0 1066.0 0.1439144736842105
39 41 41 0.0 0.0 210.0 0.0 4327.0 17.0 188.0 0.21455938697318003
39 41 42 0.0 0.0 0.0 0.0 8.0 0.0 0.0 0.697211155378486
39 42 38 0.0 0.0 0.0 0.0 7.0 0.0 0.0 0.6975585450921773
39 42 39 0.0 0.0 0.0 0.0 23.0 0.0 0.0 0.6920415224913494
39 42 40 0.0 0.0 18.0 0.0 581.0 5.0 3.0 0.5397070161912104
39 42 41 0.0 0.0 1.0 0.0 41.0 0.0 0.0 0.6856023506366307
39 42 42 0.0 0.0 0.0 0.0 5.0 0.0 0.0 0.6982543640897755
39 43 38 0.0 0.0 0.0 0.0 1.0 0.0 0.0 0.6996501749125437
39 43 40 0.0 0.0 0.0 0.0 1.0 0.0 0.0 0.6996501749125437
40 37 39 0.0 0.0 0.0 0.0 1.0 0.0 0.0 0.0
40 37 40 0.0 0.0 0.0 0.0 2.0 0.0 0.0 0.6993006993006992
40 37 41 0.0 0.0 0.0 0.0 3.0 0.0 0.0 0.6989515726410384
40 37 42 0.0 0.0 0.0 0.0 1.0 0.0 0.0 0.6996501749125437
40 37 43 0.0 0.0 0.0 0.0 1.0 0.0 0.0 0.6996501749125437
40 38 37 0.0 0.0 0.0 0.0 1.0 0.0 0.0 0.6996501749125437
40 38 38 0.0 0.0 52.0 0.0 1137.0 15.0 6.0 0.44108380592312535
40 38 39 0.0 0.0 1.0 0.0 83.0 0.0 0.0 0.6721075372059528
40 38 40 0.0 0.0 14.0 0.0 545.0 6.0 2.0 0.5485893416927898
40 38 41 0.0 0.0 24.0 0.0 654.0 3.0 2.0 0.5233644859813084
40 38 42 0.0 0.0 20.0 0.0 300.0 5.0 0.0 0.6047516198704103
40 38 43 0.0 0.0 0.0 0.0 1.0 0.0 0.0 0.6996501749125437
40 39 37 0.0 0.0 0.0 0.0 1.0 0.0 0.0 0.6996501749125437
40 39 38 0.0 0.0 2.0 0.0 60.0 2.0 0.0 0.6799417192812044
40 39 39 0.0 0.0 309.0 0.0 7298.0 15.0 1056.0 0.14583333333333331
40 39 40 0.0 0.0 356.0 1.0 7744.0 21.0 1070.0 0.13884756520876723
40 39 41 0.0 0.0 444.0 0.0 8916.0 19.0 1878.0 0.12340237990304097
40 39 42 0.0 0.0 11.0 0.0 263.0 2.0 2.0 0.6161971830985915
40 39 43 0.0 0.0 0.0 0.0 3.0 0.0 0.0 0.6989515726410384
40 40 37 0.0 0.0 1.0 0.0 0.0 0.0 0.0 0.0
40 40 38 0.0 0.0 3.0 0.0 110.0 2.0 0.0 0.6631927996210326
40 40 39 0.0 0.0 172.0 0.0 4003.0 22.0 194.0 0.2274943126421839
40 40 40 13.0 5.0 1469.0 53.0 12606.0 50.0 19738.0 0.08673026886383346
40 40 41 0.0 0.0 149.0 0.0 3731.0 14.0 130.0 0.23854148918043958
40 40 42 0.0 0.0 3.0 0.0 114.0 0.0 0.0 0.6613131790269249
40 41 38 0.0 0.0 28.0 0.0 563.0 4.0 0.0 0.5411673753382295
40 41 39 0.0 0.0 113.0 2.0 2519.0 8.0 44.0 0.30263726761781234
40 41 40 0.0 0.0 239.0 4.0 5558.0 19.0 445.0 0.1798330122029544
40 41 41 0.0 0.0 285.0 0.0 6023.0 12.0 478.0 0.16871535309713181
40 41 42 0.0 0.0 0.0 0.0 20.0 0.0 0.0 0.6930693069306929
40 42 38 0.0 0.0 0.0 0.0 8.0 0.0 0.0 0.697211155378486
40 42 39 0.0 0.0 95.0 0.0 2461.0 13.0 61.0 0.30809859154929575
40 42 40 0.0 0.0 1.0 2.0 65.0 1.0 0.0 0.6773101112723753
40 42 41 0.0 0.0 12.0 0.0 159.0 3.0 0.0 0.6457564575645756
40 42 42 0.0 0.0 0.0 0.0 6.0 0.0 0.0 0.6979062811565303
41 37 40 0.0 0.0 0.0 0.0 2.0 0.0 0.0 0.6993006993006992
41 37 41 0.0 0.0 0.0 0.0 1.0 0.0 0.0 0.6996501749125437
41 37 42 0.0 0.0 0.0 0.0 2.0 0.0 0.0 0.6993006993006992
41 38 38 0.0 0.0 0.0 0.0 11.0 0.0 0.0 0.6961710591745399
41 38 39 0.0 0.0 8.0 0.0 303.0 2.0 1.0 0.606060606060606
41 38 40 0.0 0.0 57.0 0.0 1660.0 10.0 21.0 0.3776638791475586
41 38 41 0.0 0.0 45.0 0.0 970.0 8.0 6.0 0.4655803126039241
41 38 42 0.0 0.0 92.0 0.0 2105.0 10.0 31.0 0.3343682827800334
41 38 43 0.0 0.0 0.0 0.0 3.0 0.0 0.0 0.6989515726410384
41 39 38 0.0 0.0 0.0 0.0 19.0 0.0 0.0 0.6934125804853887
41 39 39 0.0 0.0 129.0 3.0 2942.0 17.0 58.0 0.27667984189723316
41 39 40 0.0 0.0 559.0 0.0 10322.0 19.0 3263.0 0.10872097538246485
41 39 41 0.0 0.0 880.0 0.0 12038.0 28.0 7000.0 0.0938841201716738
41 39 42 0.0 0.0 48.0 0.0 1394.0 10.0 7.0 0.4079254079254079
41 39 43 0.0 0.0 0.0 0.0 4.0 0.0 0.0 0.6986027944111775
41 40 38 0.0 0.0 8.0 0.0 378.0 3.0 2.0 0.587248322147651
41 40 39 0.0 0.0 404.0 0.0 8133.0 29.0 1202.0 0.13315579227696403
41 40 40 0.0 0.0 29.0 18.0 940.0 8.0 3.0 0.4701141705842847
41 40 41 0.0 0.0 290.0 1.0 6243.0 22.0 561.0 0.16445436391401386
41 40 42 0.0 0.0 139.0 0.0 3518.0 22.0 108.0 0.24844720496894407
41 40 43 0.0 0.0 1.0 0.0 18.0 0.0 0.0 0.6934125804853887
41 41 38 0.0 0.0 3.0 0.0 100.0 1.0 0.0 0.6660323501427211
41 41 39 0.0 0.0 191.0 0.0 4553.0 16.0 214.0 0.20799286881592627
41 41 40 0.0 0.0 525.0 0.0 9330.0 23.0 2016.0 0.11821329055138054
41 41 41 0.0 0.0 12.0 2.0 538.0 3.0 2.0 0.5492349941153393
41 41 42 0.0 0.0 0.0 0.0 15.0 0.0 0.0 0.694789081885856
41 41 43 0.0 0.0 0.0 0.0 1.0 0.0 0.0 0.6996501749125437
41 42 38 0.0 0.0 0.0 0.0 5.0 0.0 0.0 0.6982543640897755
41 42 39 0.0 0.0 0.0 0.0 23.0 0.0 0.0 0.6920415224913494
41 42 40 0.0 0.0 4.0 0.0 49.0 0.0 0.0 0.6819288845591815
41 42 41 0.0 0.0 0.0 0.0 30.0 0.0 0.0 0.689655172413793
41 42 42 0.0 0.0 0.0 0.0 9.0 0.0 0.0 0.6968641114982577
42 37 40 0.0 0.0 1.0 0.0 3.0 0.0 0.0 0.6986027944111775
42 37 41 0.0 0.0 0.0 0.0 2.0 0.0 0.0 0.6993006993006992
42 37 42 0.0 0.0 0.0 0.0 1.0 0.0 0.0 0.6996501749125437
42 38 39 0.0 0.0 1.0 0.0 34.0 0.0 0.0 0.6879606879606879
42 38 40 0.0 0.0 90.0 0.0 2224.0 13.0 38.0 0.32550569634968607
42 38 41 0.0 0.0 114.0 0.0 2342.0 11.0 26.0 0.3149606299212598
42 38 42 0.0 0.0 0.0 0.0 40.0 1.0 0.0 0.6866110838646394
42 39 38 0.0 0.0 0.0 0.0 4.0 0.0 0.0 0.6986027944111775
42 39 39 0.0 0.0 2.0 0.0 54.0 0.0 0.0 0.6809338521400777
42 39 40 0.0 0.0 77.0 0.0 1639.0 15.0 15.0 0.3782761415833558
42 39 41 0.0 0.0 21.0 0.0 674.0 3.0 1.0 0.5200594353640415
42 39 42 0.0 0.0 103.0 0.0 2123.0 15.0 47.0 0.3324625979577297
42 40 38 0.0 0.0 13.0 0.0 243.0 1.0 0.0 0.6208425720620842
42 40 39 0.0 0.0 0.0 0.0 41.0 0.0 0.0 0.6859382655560998
42 40 40 0.0 0.0 47.0 0.0 1052.0 10.0 4.0 0.4532211071544188
42 40 41 0.0 0.0 38.0 0.0 854.0 11.0 2.0 0.4859423811176674
42 40 42 0.0 0.0 23.0 0.0 475.0 4.0 0.0 0.5613472333600641
42 40 43 0.0 0.0 0.0 0.0 1.0 0.0 0.0 0.6996501749125437
42 41 38 0.0 0.0 0.0 0.0 19.0 0.0 0.0 0.6934125804853887
42 41 39 0.0 0.0 0.0 0.0 27.0 0.0 0.0 0.6906758756783422
42 41 40 0.0 0.0 2.0 0.0 81.0 0.0 0.0 0.6721075372059528
42 41 41 0.0 0.0 0.0 0.0 19.0 0.0 0.0 0.6934125804853887
42 41 42 0.0 0.0 2.0 0.0 17.0 1.0 0.0 0.6937561942517343
42 42 38 0.0 0.0 1.0 0.0 72.0 0.0 0.0 0.6753497346840327
42 42 39 0.0 0.0 0.0 0.0 16.0 0.0 0.0 0.6944444444444444
42 42 40 0.0 0.0 0.0 0.0 17.0 0.0 0.0 0.694100148735746
42 42 41 0.0 0.0 1.0 0.0 36.0 0.0 0.0 0.6872852233676975
43 38 41 0.0 0.0 0.0 0.0 3.0 0.0 0.0 0.6989515726410384
43 38 43 0.0 0.0 0.0 0.0 1.0 0.0 0.0 0.6996501749125437
43 39 43 0.0 0.0 0.0 0.0 2.0 0.0 0.0 0.6993006993006992
43 40 40 0.0 0.0 0.0 0.0 1.0 0.0 0.0 0.6996501749125437
43 40 41 0.0 0.0 1.0 0.0 1.0 0.0 0.0 0.6993006993006992
43 40 42 0.0 0.0 0.0 0.0 1.0 0.0 0.0 0.6996501749125437
43 41 40 0.0 0.0 0.0 0.0 1.0 0.0 0.0 0.6996501749125437
