39 39 40 0.0 0.0 0.0 0.0 10.0 0.0 0.0 0.6965174129353233
39 40 39 1.0 0.0 0.0 0.0 2.0 0.0 0.0 0.6989515726410384
39 40 41 0.0 0.0 0.0 0.0 1.0 0.0 0.0 0.6996501749125437
39 41 39 0.0 0.0 0.0 0.0 3.0 0.0 0.0 0.6989515726410384
39 41 40 0.0 0.0 0.0 0.0 2.0 0.0 0.0 0.6993006993006992
40 39 39 0.0 0.0 0.0 0.0 1.0 0.0 0.0 0.6996501749125437
40 39 40 0.0 0.0 0.0 0.0 4.0 0.0 0.0 0.6986027944111775
40 39 41 0.0 0.0 0.0 0.0 1.0 0.0 0.0 0.6996501749125437
40 40 39 0.0 0.0 0.0 0.0 2.0 0.0 0.0 0.6993006993006992
40 40 40 12.0 2.0 224.0 66.0 4246.0 27.0 216.0 0.21452650934722645
40 40 41 0.0 0.0 0.0 0.0 1.0 0.0 0.0 0.6996501749125437
40 41 39 0.0 0.0 0.0 0.0 1.0 0.0 0.0 0.6996501749125437
40 41 40 0.0 0.0 0.0 0.0 1.0 0.0 0.0 0.6996501749125437
40 41 41 0.0 0.0 0.0 0.0 3.0 0.0 0.0 0.6989515726410384
41 39 40 0.0 0.0 0.0 0.0 2.0 0.0 0.0 0.6993006993006992
41 39 41 0.0 0.0 16.0 0.0 320.0 0.0 2.0 0.5993150684931505
41 40 39 0.0 0.0 0.0 0.0 2.0 0.0 0.0 0.6993006993006992
41 40 40 0.0 0.0 0.0 0.0 2.0 0.0 0.0 0.6993006993006992
41 40 41 0.0 0.0 0.0 0.0 1.0 0.0 0.0 0.6996501749125437
41 41 39 0.0 0.0 0.0 0.0 1.0 0.0 0.0 0.6996501749125437
41 41 40 0.0 0.0 0.0 0.0 3.0 0.0 0.0 0.6989515726410384
41 41 41 0.0 0.0 0.0 0.0 2.0 0.0 0.0 0.6993006993006992
