37 39 40 0.0 0.0 0.0 0.0 3.0 0.0 0.0 0.6989515726410384
37 39 42 0.0 0.0 0.0 0.0 1.0 0.0 0.0 0.6996501749125437
37 40 38 0.0 0.0 0.0 0.0 3.0 0.0 0.0 0.6989515726410384
37 40 39 0.0 0.0 0.0 0.0 1.0 0.0 0.0 0.6996501749125437
37 40 40 0.0 0.0 0.0 0.0 2.0 0.0 0.0 0.6993006993006992
37 41 38 0.0 0.0 0.0 0.0 1.0 0.0 0.0 0.6996501749125437
37 41 39 0.0 0.0 0.0 0.0 1.0 0.0 0.0 0.6996501749125437
37 41 41 0.0 0.0 0.0 0.0 2.0 0.0 0.0 0.6993006993006992
38 37 39 0.0 0.0 0.0 0.0 5.0 0.0 0.0 0.6982543640897755
38 37 40 0.0 0.0 0.0 0.0 3.0 0.0 0.0 0.6989515726410384
38 38 38 0.0 0.0 0.0 0.0 6.0 0.0 0.0 0.6979062811565303
38 38 39 0.0 0.0 0.0 0.0 44.0 0.0 0.0 0.684931506849315
38 38 40 0.0 0.0 4.0 0.0 100.0 0.0 0.0 0.6653992395437262
38 38 41 0.0 0.0 0.0 0.0 27.0 0.0 0.0 0.6906758756783422
38 38 42 0.0 0.0 0.0 0.0 16.0 1.0 0.0 0.694789081885856
38 39 38 0.0 0.0 2.0 0.0 97.0 1.0 0.0 0.6673021925643469
38 39 39 0.0 0.0 53.0 0.0 1618.0 8.0 20.0 0.38220038220038216
38 39 40 0.0 0.0 16.0 0.0 341.0 4.0 1.0 0.5949851253718657
38 39 41 0.0 0.0 25.0 0.0 674.0 8.0 3.0 0.5202526941657376
38 39 42 0.0 0.0 0.0 0.0 12.0 0.0 0.0 0.6958250497017892
38 40 38 0.0 0.0 1.0 0.0 52.0 0.0 0.0 0.6819288845591815
38 40 39 0.0 0.0 140.0 0.0 3368.0 13.0 90.0 0.2547770700636942
38 40 40 0.0 0.0 77.0 0.0 1970.0 11.0 21.0 0.34679217240525134
38 40 41 0.0 0.0 0.0 0.0 93.0 1.0 0.0 0.6692160611854684
38 40 42 0.0 0.0 2.0 0.0 21.0 1.0 0.0 0.6923837784371908
38 41 38 0.0 0.0 0.0 0.0 22.0 0.0 0.0 0.6923837784371908
38 41 39 0.0 0.0 59.0 0.0 1828.0 11.0 29.0 0.36119711042311653
38 41 40 0.0 0.0 54.0 0.0 1161.0 12.0 5.0 0.4372267332916926
38 41 41 0.0 0.0 0.0 0.0 28.0 0.0 0.0 0.690335305719921
38 41 42 0.0 0.0 0.0 0.0 8.0 0.0 0.0 0.697211155378486
38 42 38 0.0 0.0 0.0 0.0 2.0 0.0 0.0 0.6993006993006992
38 42 39 0.0 0.0 12.0 0.0 549.0 7.0 1.0 0.5481597494126859
38 42 40 0.0 0.0 5.0 0.0 57.0 0.0 0.0 0.6789524733268669
38 42 41 0.0 0.0 7.0 0.0 104.0 4.0 1.0 0.6644518272425248
38 42 42 0.0 0.0 0.0 0.0 4.0 0.0 0.0 0.6986027944111775
38 43 40 0.0 0.0 0.0 0.0 1.0 0.0 0.0 0.6996501749125437
39 37 39 0.0 0.0 0.0 0.0 1.0 0.0 0.0 0.6996501749125437
39 37 40 0.0 0.0 0.0 0.0 1.0 0.0 0.0 0.6996501749125437
39 37 41 0.0 0.0 0.0 0.0 1.0 0.0 0.0 0.6996501749125437
39 38 37 0.0 0.0 1.0 0.0 7.0 0.0 0.0 0.697211155378486
39 38 38 0.0 0.0 0.0 0.0 11.0 0.0 0.0 0.6961710591745399
39 38 39 0.0 0.0 2.0 0.0 81.0 2.0 0.0 0.6727534839019701
39 38 40 0.0 0.0 132.0 0.0 3263.0 12.0 78.0 0.25998142989786444
39 38 41 0.0 0.0 60.0 0.0 1140.0 12.0 2.0 0.439146800501882
39 38 42 0.0 0.0 0.0 0.0 47.0 0.0 0.0 0.6839276990718123
39 39 37 0.0 0.0 0.0 0.0 1.0 0.0 0.0 0.6996501749125437
39 39 38 0.0 0.0 3.0 0.0 116.0 2.0 0.0 0.661625708884688
39 39 39 0.0 0.0 231.0 1.0 5155.0 12.0 306.0 0.18983050847457625
39 39 40 0.0 0.0 603.0 1.0 10396.0 21.0 3202.0 0.10771716549973069
39 39 41 0.0 0.0 385.0 0.0 7748.0 21.0 1036.0 0.13838094296728276
39 39 42 0.0 0.0 0.0 0.0 48.0 0.0 0.0 0.6835937499999999
39 40 38 0.0 0.0 43.0 0.0 906.0 10.0 7.0 0.47635250085062936
39 40 39 2.0 0.0 687.0 0.0 11246.0 19.0 5202.0 0.10054582016661877
39 40 40 0.0 0.0 386.0 8.0 8233.0 21.0 1589.0 0.1318639917114062
39 40 41 0.0 0.0 134.0 1.0 3246.0 10.0 74.0 0.2606105733432613
39 40 42 0.0 0.0 0.0 0.0 38.0 0.0 0.0 0.6872852233676975
39 41 38 0.0 0.0 0.0 0.0 44.0 0.0 0.0 0.684931506849315
39 41 39 0.0 0.0 251.0 0.0 5416.0 21.0 360.0 0.18298261665141807
39 41 40 0.0 0.0 385.0 0.0 8408.0 24.0 1643.0 0.1299183370452858
39 41 41 0.0 0.0 285.0 0.0 5633.0 20.0 400.0 0.17717033662363957
39 41 42 0.0 0.0 0.0 0.0 13.0 0.0 0.0 0.695479384003974
39 42 38 0.0 0.0 0.0 0.0 12.0 0.0 0.0 0.6958250497017892
39 42 39 0.0 0.0 1.0 0.0 40.0 0.0 0.0 0.6859382655560998
39 42 40 0.0 0.0 34.0 0.0 1044.0 5.0 3.0 0.4555808656036446
39 42 41 0.0 0.0 2.0 0.0 109.0 0.0 0.0 0.6631927996210326
39 42 42 0.0 0.0 0.0 0.0 13.0 0.0 0.0 0.695479384003974
39 43 38 0.0 0.0 0.0 0.0 2.0 0.0 0.0 0.6993006993006992
39 43 40 0.0 0.0 0.0 0.0 1.0 0.0 0.0 0.6996501749125437
40 37 39 0.0 0.0 0.0 0.0 5.0 0.0 0.0 0.6982543640897755
40 37 40 0.0 0.0 0.0 0.0 4.0 0.0 0.0 0.6986027944111775
40 37 41 0.0 0.0 1.0 0.0 6.0 0.0 0.0 0.6975585450921773
40 37 42 0.0 0.0 0.0 0.0 2.0 0.0 0.0 0.6993006993006992
40 37 43 0.0 0.0 0.0 0.0 1.0 0.0 0.0 0.6996501749125437
40 38 37 0.0 0.0 0.0 0.0 1.0 0.0 0.0 0.6996501749125437
40 38 38 0.0 0.0 90.0 0.0 2045.0 15.0 28.0 0.33964095099466274
40 38 39 0.0 0.0 1.0 0.0 139.0 0.0 0.0 0.6542056074766354
40 38 40 0.0 0.0 25.0 0.0 964.0 5.0 8.0 0.4691689008042895
40 38 41 0.0 0.0 52.0 0.0 1282.0 10.0 5.0 0.42117930204572795
40 38 42 0.0 0.0 56.0 0.0 968.0 13.0 0.0 0.46496180670873455
40 38 43 0.0 0.0 0.0 0.0 1.0 0.0 0.0 0.6996501749125437
40 39 37 0.0 0.0 0.0 0.0 2.0 0.0 0.0 0.6993006993006992
40 39 38 0.0 0.0 4.0 0.0 134.0 1.0 0.0 0.6551240056153486
40 39 39 0.0 0.0 371.0 0.0 8229.0 18.0 1617.0 0.13222516055912353
40 39 40 0.0 0.0 423.0 1.0 8801.0 19.0 1690.0 0.12485507892624631
40 39 41 0.0 0.0 536.0 1.0 9910.0 33.0 2694.0 0.1126669885723483
40 39 42 0.0 0.0 19.0 0.0 574.0 10.0 3.0 0.5420054200542004
40 39 43 0.0 0.0 0.0 0.0 5.0 0.0 0.0 0.6982543640897755
40 40 37 0.0 0.0 2.0 0.0 43.0 0.0 0.0 0.6845965770171147
40 40 38 0.0 0.0 14.0 0.0 273.0 1.0 0.0 0.6124234470691162
40 40 39 0.0 0.0 228.0 0.0 5200.0 22.0 369.0 0.18898488120950319
40 40 40 12.0 5.0 1582.0 52.0 12455.0 40.0 22987.0 0.08690254500310365
40 40 41 1.0 0.0 190.0 0.0 4922.0 14.0 263.0 0.19709981697874138
40 40 42 0.0 0.0 8.0 0.0 261.0 3.0 0.0 0.6178287731685789
40 40 43 0.0 0.0 0.0 0.0 1.0 0.0 0.0 0.6996501749125437
40 41 38 0.0 0.0 61.0 0.0 1195.0 8.0 6.0 0.4310344827586206
40 41 39 0.0 0.0 186.0 2.0 3771.0 20.0 110.0 0.23565056387813493
40 41 40 0.0 0.0 305.0 4.0 6785.0 20.0 802.0 0.1542529748788012
40 41 41 0.0 0.0 343.0 0.0 7229.0 26.0 856.0 0.14664292447889385
40 41 42 0.0 0.0 1.0 0.0 54.0 0.0 0.0 0.6812652068126519
40 41 43 0.0 0.0 0.0 0.0 1.0 0.0 0.0 0.6996501749125437
40 42 38 0.0 0.0 0.0 0.0 12.0 0.0 0.0 0.6958250497017892
40 42 39 0.0 0.0 143.0 0.0 3496.0 15.0 126.0 0.24897741419171257
40 42 40 0.0 0.0 4.0 2.0 157.0 2.0 0.0 0.6478482184173993
40 42 41 0.0 0.0 35.0 0.0 562.0 8.0 0.0 0.5407493240633449
40 42 42 0.0 0.0 0.0 0.0 9.0 0.0 0.0 0.6968641114982577
40 43 39 0.0 0.0 0.0 0.0 1.0 0.0 0.0 0.6996501749125437
41 37 39 0.0 0.0 0.0 0.0 2.0 0.0 0.0 0.6993006993006992
41 37 40 0.0 0.0 0.0 0.0 2.0 0.0 0.0 0.6993006993006992
41 37 41 0.0 0.0 0.0 0.0 4.0 0.0 0.0 0.6986027944111775
41 37 42 0.0 0.0 0.0 0.0 6.0 0.0 0.0 0.6979062811565303
41 37 43 0.0 0.0 0.0 0.0 1.0 0.0 0.0 0.6996501749125437
41 38 38 0.0 0.0 0.0 0.0 16.0 0.0 0.0 0.6944444444444444
41 38 39 0.0 0.0 20.0 0.0 587.0 6.0 2.0 0.5384615384615384
41 38 40 0.0 0.0 104.0 0.0 2563.0 18.0 54.0 0.30107526881720426
41 38 41 0.0 0.0 84.0 0.0 1826.0 9.0 17.0 0.3590664272890484
41 38 42 0.0 0.0 132.0 0.0 3187.0 15.0 76.0 0.264001508580049
41 38 43 0.0 0.0 0.0 0.0 6.0 0.0 0.0 0.6979062811565303
41 39 38 0.0 0.0 2.0 0.0 63.0 0.0 0.0 0.6779661016949151
41 39 39 0.0 0.0 168.0 3.0 4114.0 18.0 162.0 0.22328548644338117
41 39 40 0.0 0.0 646.0 0.0 11029.0 22.0 4470.0 0.10243652593839174
41 39 41 0.0 0.0 980.0 0.0 12523.0 26.0 8875.0 0.09030510223827645
41 39 42 0.0 0.0 84.0 0.0 2218.0 10.0 33.0 0.32626427406199016
41 39 43 0.0 0.0 0.0 0.0 6.0 0.0 0.0 0.6979062811565303
41 40 38 0.0 0.0 29.0 0.0 684.0 6.0 2.0 0.5173688100517368
41 40 39 0.0 0.0 472.0 0.0 9185.0 20.0 1860.0 0.12018198987037512
41 40 40 0.0 0.0 59.0 18.0 1621.0 5.0 11.0 0.3791982665222101
41 40 41 0.0 0.0 359.0 0.0 7474.0 18.0 971.0 0.14250814332247558
41 40 42 0.0 0.0 205.0 0.0 4726.0 18.0 236.0 0.20248770610355799
41 40 43 0.0 0.0 1.0 0.0 40.0 0.0 0.0 0.6859382655560998
41 41 38 0.0 0.0 7.0 0.0 228.0 1.0 0.0 0.6269592476489028
41 41 39 0.0 0.0 256.0 0.0 5741.0 15.0 452.0 0.17517517517517514
41 41 40 0.0 0.0 592.0 0.0 10281.0 27.0 2962.0 0.10889856876166769
41 41 41 0.0 0.0 38.0 2.0 954.0 12.0 7.0 0.46948356807511726
41 41 42 0.0 0.0 0.0 0.0 27.0 0.0 0.0 0.6906758756783422
41 41 43 0.0 0.0 0.0 0.0 1.0 0.0 0.0 0.6996501749125437
41 42 38 0.0 0.0 0.0 0.0 6.0 0.0 0.0 0.6979062811565303
41 42 39 0.0 0.0 0.0 0.0 38.0 0.0 0.0 0.6869479882237487
41 42 40 0.0 0.0 7.0 0.0 153.0 1.0 0.0 0.6484483557202407
41 42 41 0.0 0.0 1.0 0.0 57.0 0.0 0.0 0.6802721088435373
41 42 42 0.0 0.0 0.0 0.0 10.0 0.0 0.0 0.6965174129353233
41 43 38 0.0 0.0 0.0 0.0 3.0 0.0 0.0 0.6989515726410384
41 43 39 0.0 0.0 0.0 0.0 1.0 0.0 0.0 0.6996501749125437
41 43 40 0.0 0.0 0.0 0.0 1.0 0.0 0.0 0.6996501749125437
42 37 39 0.0 0.0 0.0 0.0 3.0 0.0 0.0 0.6989515726410384
42 37 40 0.0 0.0 8.0 0.0 109.0 2.0 0.0 0.6619385342789597
42 37 41 0.0 0.0 1.0 0.0 7.0 0.0 0.0 0.697211155378486
42 37 42 0.0 0.0 0.0 0.0 3.0 0.0 0.0 0.6989515726410384
42 37 43 0.0 0.0 0.0 0.0 1.0 0.0 0.0 0.6996501749125437
42 38 38 0.0 0.0 0.0 0.0 1.0 0.0 0.0 0.6996501749125437
42 38 39 0.0 0.0 2.0 0.0 78.0 1.0 1.0 0.6734006734006733
42 38 40 0.0 0.0 139.0 0.0 3328.0 20.0 91.0 0.25697503671071953
42 38 41 0.0 0.0 165.0 0.0 3582.0 20.0 99.0 0.24441340782122903
42 38 42 0.0 0.0 0.0 0.0 60.0 0.0 0.0 0.6796116504854368
42 38 43 0.0 0.0 0.0 0.0 2.0 0.0 0.0 0.6993006993006992
42 39 38 0.0 0.0 0.0 0.0 6.0 0.0 0.0 0.6979062811565303
42 39 39 0.0 0.0 4.0 0.0 144.0 1.0 0.0 0.6520726595249184
42 39 40 0.0 0.0 128.0 0.0 2728.0 23.0 54.0 0.2896751500103455
42 39 41 0.0 0.0 51.0 0.0 1303.0 10.0 10.0 0.4185351270553064
42 39 42 0.0 0.0 163.0 0.0 3292.0 23.0 112.0 0.25773195876288657
42 39 43 0.0 0.0 0.0 0.0 3.0 0.0 0.0 0.6989515726410384
42 40 38 0.0 0.0 30.0 0.0 675.0 11.0 2.0 0.5198663200891199
42 40 39 0.0 0.0 1.0 0.0 77.0 1.0 0.0 0.6740491092922483
42 40 40 0.0 0.0 85.0 0.0 1885.0 11.0 21.0 0.3537139969681657
42 40 41 0.0 0.0 63.0 0.0 1602.0 14.0 14.0 0.3835616438356164
42 40 42 0.0 0.0 52.0 0.0 1113.0 12.0 3.0 0.4440215667618141
42 40 43 0.0 0.0 0.0 0.0 5.0 0.0 0.0 0.6982543640897755
42 41 37 0.0 0.0 0.0 0.0 1.0 0.0 0.0 0.6996501749125437
42 41 38 0.0 0.0 0.0 0.0 30.0 0.0 0.0 0.689655172413793
42 41 39 0.0 0.0 0.0 0.0 40.0 0.0 0.0 0.6862745098039215
42 41 40 0.0 0.0 6.0 0.0 160.0 0.0 0.0 0.6466512702078521
42 41 41 0.0 0.0 0.0 0.0 37.0 1.0 0.0 0.6876227897838899
42 41 42 0.0 0.0 3.0 0.0 72.0 1.0 0.0 0.6750241080038573
42 41 43 0.0 0.0 0.0 0.0 1.0 0.0 0.0 0.6996501749125437
42 42 38 0.0 0.0 1.0 0.0 113.0 0.0 0.0 0.662251655629139
42 42 39 0.0 0.0 0.0 0.0 19.0 0.0 0.0 0.6934125804853887
42 42 40 0.0 0.0 0.0 0.0 27.0 0.0 0.0 0.6906758756783422
42 42 41 0.0 0.0 1.0 0.0 74.0 1.0 0.0 0.6750241080038573
43 37 39 0.0 0.0 0.0 0.0 1.0 0.0 0.0 0.6996501749125437
43 38 40 0.0 0.0 0.0 0.0 3.0 0.0 0.0 0.6989515726410384
43 38 41 0.0 0.0 0.0 0.0 11.0 0.0 0.0 0.6961710591745399
43 38 42 0.0 0.0 0.0 0.0 2.0 0.0 0.0 0.6993006993006992
43 38 43 0.0 0.0 0.0 0.0 1.0 0.0 0.0 0.6996501749125437
43 39 39 0.0 0.0 0.0 0.0 1.0 0.0 0.0 0.6996501749125437
43 39 40 0.0 0.0 0.0 0.0 6.0 0.0 0.0 0.6979062811565303
43 39 43 0.0 0.0 0.0 0.0 8.0 0.0 0.0 0.697211155378486
43 40 39 0.0 0.0 0.0 0.0 2.0 0.0 0.0 0.6993006993006992
43 40 40 0.0 0.0 0.0 0.0 3.0 0.0 0.0 0.6989515726410384
43 40 41 0.0 0.0 2.0 0.0 18.0 0.0 0.0 0.6930693069306929
43 40 42 0.0 0.0 0.0 0.0 2.0 0.0 0.0 0.6993006993006992
43 41 40 0.0 0.0 0.0 0.0 1.0 0.0 0.0 0.6996501749125437
