34 37 39 0.0 0.0 0.0 0.0 2.0 0.0 0.0 0.6993006993006992
34 37 40 0.0 0.0 0.0 0.0 3.0 0.0 0.0 0.6989515726410384
34 38 39 0.0 0.0 1.0 0.0 6.0 0.0 0.0 0.6975585450921773
34 38 40 0.0 0.0 4.0 0.0 86.0 1.0 0.0 0.6701771182383915
34 38 42 0.0 0.0 0.0 0.0 1.0 0.0 0.0 0.6996501749125437
34 39 37 0.0 0.0 0.0 0.0 8.0 0.0 0.0 0.697211155378486
34 39 38 0.0 0.0 0.0 0.0 5.0 0.0 0.0 0.6982543640897755
34 39 39 0.0 0.0 0.0 0.0 7.0 0.0 0.0 0.6975585450921773
34 39 40 0.0 0.0 0.0 0.0 3.0 0.0 0.0 0.6989515726410384
34 39 41 0.0 0.0 0.0 0.0 5.0 0.0 0.0 0.6982543640897755
34 39 42 0.0 0.0 0.0 0.0 2.0 0.0 0.0 0.6993006993006992
34 40 36 0.0 0.0 0.0 0.0 3.0 0.0 0.0 0.6989515726410384
34 40 37 0.0 0.0 0.0 0.0 6.0 0.0 0.0 0.6982543640897755
34 40 39 0.0 0.0 0.0 0.0 7.0 0.0 0.0 0.6975585450921773
34 41 37 0.0 0.0 0.0 0.0 3.0 0.0 0.0 0.6989515726410384
34 41 38 0.0 0.0 0.0 0.0 3.0 0.0 0.0 0.6989515726410384
34 41 39 0.0 0.0 0.0 0.0 5.0 0.0 0.0 0.6982543640897755
34 41 40 0.0 0.0 0.0 0.0 1.0 0.0 0.0 0.6996501749125437
34 42 38 0.0 0.0 0.0 0.0 2.0 0.0 0.0 0.6993006993006992
34 44 40 0.0 0.0 0.0 0.0 2.0 0.0 0.0 0.6993006993006992
34 44 41 0.0 0.0 0.0 0.0 1.0 0.0 0.0 0.6996501749125437
34 45 43 0.0 0.0 0.0 0.0 1.0 0.0 0.0 0.6996501749125437
35 36 37 0.0 0.0 0.0 0.0 1.0 0.0 0.0 0.6996501749125437
35 36 38 0.0 0.0 0.0 0.0 2.0 0.0 0.0 0.6993006993006992
35 36 39 0.0 0.0 0.0 0.0 4.0 0.0 0.0 0.6986027944111775
35 36 40 0.0 0.0 0.0 0.0 1.0 0.0 0.0 0.6996501749125437
35 36 41 0.0 0.0 0.0 0.0 2.0 0.0 0.0 0.6993006993006992
35 36 42 0.0 0.0 0.0 0.0 4.0 0.0 0.0 0.6986027944111775
35 37 37 0.0 0.0 0.0 0.0 2.0 0.0 0.0 0.6993006993006992
35 37 38 0.0 0.0 0.0 0.0 1.0 0.0 0.0 0.6996501749125437
35 37 39 0.0 0.0 0.0 0.0 27.0 1.0 0.0 0.6910167818361302
35 37 40 0.0 0.0 0.0 0.0 33.0 0.0 0.0 0.6886374815543531
35 37 41 0.0 0.0 0.0 0.0 32.0 0.0 0.0 0.6889763779527558
35 37 42 0.0 0.0 0.0 0.0 6.0 0.0 0.0 0.6979062811565303
35 37 43 0.0 0.0 0.0 0.0 1.0 0.0 0.0 0.6996501749125437
35 38 36 0.0 0.0 0.0 0.0 2.0 0.0 0.0 0.6993006993006992
35 38 37 0.0 0.0 0.0 0.0 6.0 0.0 0.0 0.6979062811565303
35 38 38 0.0 0.0 0.0 0.0 35.0 0.0 0.0 0.6879606879606879
35 38 39 0.0 0.0 3.0 0.0 203.0 1.0 0.0 0.6349206349206349
35 38 40 0.0 0.0 158.0 0.0 3995.0 15.0 153.0 0.2280501710376282
35 38 41 0.0 0.0 140.0 0.0 3365.0 11.0 94.0 0.25482344375682553
35 38 42 0.0 0.0 0.0 0.0 4.0 0.0 0.0 0.6986027944111775
35 38 43 0.0 0.0 0.0 0.0 1.0 0.0 0.0 0.6996501749125437
35 39 36 0.0 0.0 0.0 0.0 2.0 0.0 0.0 0.6993006993006992
35 39 37 0.0 0.0 3.0 0.0 152.0 1.0 0.0 0.649953574744661
35 39 38 0.0 0.0 177.0 0.0 3906.0 16.0 129.0 0.230566534914361
35 39 39 0.0 0.0 30.0 0.0 965.0 8.0 2.0 0.4686976899899564
35 39 40 0.0 0.0 7.0 0.0 289.0 2.0 0.0 0.6102877070619005
35 39 41 0.0 0.0 28.0 0.0 785.0 3.0 7.0 0.49804340092493765
35 39 42 0.0 0.0 0.0 0.0 3.0 0.0 0.0 0.6989515726410384
35 39 43 0.0 0.0 0.0 0.0 3.0 0.0 0.0 0.6989515726410384
35 40 36 0.0 0.0 0.0 0.0 4.0 0.0 0.0 0.6986027944111775
35 40 37 0.0 0.0 64.0 0.0 1558.0 14.0 14.0 0.38802660753880264
35 40 38 0.0 0.0 237.0 0.0 5281.0 13.0 328.0 0.18651745270450307
35 40 39 0.0 0.0 14.0 0.0 528.0 2.0 0.0 0.5511811023622046
35 40 40 0.0 0.0 46.0 0.0 1299.0 9.0 10.0 0.41966426858513184
35 40 41 0.0 0.0 15.0 0.0 312.0 2.0 1.0 0.6021505376344085
35 40 42 0.0 0.0 0.0 0.0 20.0 0.0 0.0 0.6930693069306929
35 40 43 0.0 0.0 0.0 0.0 8.0 0.0 0.0 0.697211155378486
35 40 44 0.0 0.0 0.0 0.0 1.0 0.0 0.0 0.6996501749125437
35 41 36 0.0 0.0 0.0 0.0 8.0 0.0 0.0 0.697211155378486
35 41 37 0.0 0.0 74.0 0.0 2176.0 7.0 37.0 0.32987747408105556
35 41 38 0.0 0.0 109.0 0.0 2554.0 14.0 56.0 0.30120481927710835
35 41 39 0.0 0.0 33.0 0.0 951.0 8.0 2.0 0.47043010752688164
35 41 40 0.0 0.0 45.0 0.0 1087.0 5.0 2.0 0.4477134633834345
35 41 41 0.0 0.0 0.0 0.0 54.0 0.0 0.0 0.6815968841285296
35 41 42 0.0 0.0 4.0 0.0 168.0 1.0 0.0 0.64486411791801
35 41 43 0.0 0.0 10.0 0.0 159.0 4.0 0.0 0.6466512702078521
35 41 44 0.0 0.0 0.0 0.0 7.0 0.0 0.0 0.6975585450921773
35 42 36 0.0 0.0 0.0 0.0 5.0 0.0 0.0 0.6982543640897755
35 42 37 0.0 0.0 3.0 0.0 82.0 0.0 0.0 0.6714628297362109
35 42 38 0.0 0.0 6.0 0.0 167.0 2.0 0.0 0.64486411791801
35 42 39 0.0 0.0 4.0 0.0 141.0 1.0 0.0 0.6529850746268656
35 42 40 0.0 0.0 22.0 0.0 438.0 6.0 2.0 0.5704971475142624
35 42 41 0.0 0.0 0.0 0.0 45.0 0.0 0.0 0.6845965770171147
35 42 42 0.0 0.0 2.0 0.0 114.0 0.0 0.0 0.661625708884688
35 42 43 0.0 0.0 8.0 0.0 135.0 3.0 0.0 0.6542056074766354
35 42 44 0.0 0.0 1.0 0.0 28.0 0.0 0.0 0.6899950714637751
35 43 37 0.0 0.0 0.0 0.0 8.0 0.0 0.0 0.697211155378486
35 43 38 0.0 0.0 0.0 0.0 16.0 0.0 0.0 0.6944444444444444
35 43 39 0.0 0.0 19.0 0.0 270.0 4.0 0.0 0.612691466083151
35 43 40 0.0 0.0 8.0 0.0 121.0 2.0 0.0 0.6582040432534085
35 43 41 0.0 0.0 3.0 0.0 47.0 0.0 0.0 0.6829268292682925
35 43 42 0.0 0.0 0.0 0.0 23.0 0.0 0.0 0.6920415224913494
35 43 43 0.0 0.0 17.0 0.0 276.0 4.0 2.0 0.6116207951070335
35 43 44 0.0 0.0 0.0 0.0 1.0 0.0 0.0 0.6996501749125437
35 44 37 0.0 0.0 0.0 0.0 1.0 0.0 0.0 0.6996501749125437
35 44 38 0.0 0.0 0.0 0.0 6.0 0.0 0.0 0.6982543640897755
35 44 39 0.0 0.0 7.0 0.0 81.0 4.0 0.0 0.6717850287907868
35 44 40 0.0 0.0 40.0 0.0 1037.0 9.0 4.0 0.4563233376792698
35 44 41 0.0 0.0 5.0 0.0 82.0 3.0 0.0 0.6721075372059528
35 44 42 0.0 0.0 32.0 0.0 637.0 14.0 1.0 0.527306967984934
35 44 43 0.0 0.0 3.0 0.0 31.0 2.0 0.0 0.6889763779527558
35 44 44 0.0 0.0 0.0 0.0 2.0 0.0 0.0 0.6993006993006992
35 45 38 0.0 0.0 0.0 0.0 1.0 0.0 0.0 0.6996501749125437
35 45 39 0.0 0.0 0.0 0.0 8.0 0.0 0.0 0.697211155378486
35 45 40 0.0 0.0 0.0 0.0 5.0 0.0 0.0 0.6982543640897755
35 45 41 0.0 0.0 0.0 0.0 4.0 0.0 0.0 0.6986027944111775
35 45 42 0.0 0.0 0.0 0.0 1.0 0.0 0.0 0.6996501749125437
35 45 43 0.0 0.0 0.0 0.0 1.0 0.0 0.0 0.6996501749125437
36 35 40 0.0 0.0 0.0 0.0 2.0 0.0 0.0 0.6993006993006992
36 35 42 0.0 0.0 0.0 0.0 6.0 0.0 0.0 0.6979062811565303
36 35 43 0.0 0.0 0.0 0.0 9.0 0.0 0.0 0.6968641114982577
36 35 44 0.0 0.0 0.0 0.0 5.0 0.0 0.0 0.6982543640897755
36 36 37 0.0 0.0 0.0 0.0 2.0 0.0 0.0 0.6993006993006992
36 36 38 0.0 0.0 1.0 0.0 47.0 1.0 0.0 0.6839276990718123
36 36 39 0.0 0.0 6.0 0.0 272.0 5.0 0.0 0.6159260888693356
36 36 40 0.0 0.0 11.0 0.0 299.0 4.0 1.0 0.6071118820468342
36 36 41 0.0 0.0 147.0 0.0 2474.0 14.0 28.0 0.3038853917950944
36 36 42 0.0 0.0 46.0 0.0 927.0 8.0 2.0 0.47217537942664417
36 36 43 0.0 0.0 0.0 0.0 25.0 0.0 0.0 0.6913580246913579
36 36 44 0.0 0.0 0.0 0.0 7.0 0.0 0.0 0.6975585450921773
36 37 36 0.0 0.0 0.0 0.0 2.0 0.0 0.0 0.6993006993006992
36 37 37 0.0 0.0 1.0 0.0 66.0 0.0 0.0 0.6776379477250725
36 37 38 0.0 0.0 132.0 0.0 2989.0 14.0 77.0 0.273972602739726
36 37 39 0.0 0.0 163.0 0.0 3224.0 14.0 77.0 0.26051358392259016
36 37 40 0.0 0.0 194.0 0.0 4354.0 25.0 176.0 0.21459227467811154
36 37 41 0.0 0.0 35.0 0.0 1095.0 7.0 10.0 0.44828690361831564
36 37 42 0.0 0.0 164.0 0.0 3368.0 20.0 96.0 0.25394522038817335
36 37 43 0.0 0.0 8.0 0.0 129.0 3.0 0.0 0.6560449859418931
36 37 44 0.0 0.0 2.0 0.0 55.0 1.0 0.0 0.6809338521400777
36 38 36 0.0 0.0 0.0 0.0 22.0 0.0 0.0 0.6923837784371908
36 38 37 0.0 0.0 35.0 0.0 931.0 10.0 6.0 0.4736129905277401
36 38 38 0.0 0.0 73.0 0.0 1576.0 9.0 19.0 0.38450975006866245
36 38 39 0.0 0.0 226.0 0.0 4617.0 20.0 186.0 0.20512820512820507
36 38 40 0.0 0.0 589.0 0.0 10487.0 28.0 3462.0 0.10721396844846069
36 38 41 0.0 0.0 200.0 0.0 4764.0 20.0 297.0 0.20158387329013674
36 38 42 0.0 0.0 5.0 0.0 180.0 4.0 1.0 0.6419073819348922
36 38 43 0.0 0.0 5.0 0.0 98.0 1.0 0.0 0.6660323501427211
36 38 44 0.0 0.0 0.0 0.0 26.0 0.0 0.0 0.6913580246913579
36 38 45 0.0 0.0 0.0 0.0 4.0 0.0 0.0 0.6986027944111775
36 39 35 0.0 0.0 0.0 0.0 3.0 0.0 0.0 0.6989515726410384
36 39 36 0.0 0.0 3.0 0.0 76.0 1.0 0.0 0.6737247353224253
36 39 37 0.0 0.0 110.0 0.0 3020.0 8.0 85.0 0.27322404371584696
36 39 38 0.0 0.0 176.0 0.0 4226.0 14.0 171.0 0.21916092673763302
36 39 39 0.0 0.0 704.0 0.0 11294.0 33.0 4461.0 0.10012873694750392
36 39 40 0.0 0.0 436.0 0.0 9049.0 28.0 1953.0 0.12206818379980816
36 39 41 0.0 0.0 80.0 0.0 1886.0 21.0 25.0 0.3548795944233206
36 39 42 0.0 0.0 37.0 0.0 817.0 7.0 2.0 0.4917456972251492
36 39 43 0.0 0.0 6.0 0.0 204.0 5.0 0.0 0.6349206349206349
36 39 44 0.0 0.0 0.0 0.0 18.0 0.0 0.0 0.6937561942517343
36 39 45 0.0 0.0 0.0 0.0 5.0 0.0 0.0 0.6982543640897755
36 40 35 0.0 0.0 0.0 0.0 5.0 0.0 0.0 0.6982543640897755
36 40 36 0.0 0.0 7.0 0.0 261.0 2.0 0.0 0.6178287731685789
36 40 37 0.0 0.0 225.0 0.0 4276.0 25.0 159.0 0.2160827288161753
36 40 38 0.0 0.0 922.0 0.0 12185.0 20.0 7761.0 0.09259259259259259
36 40 39 0.0 0.0 626.0 0.0 10857.0 28.0 4568.0 0.10391923990498812
36 40 40 0.0 0.0 193.0 0.0 4894.0 17.0 376.0 0.19785189372526849
36 40 41 0.0 0.0 266.0 0.0 6001.0 22.0 516.0 0.16979987871437233
36 40 42 0.0 0.0 89.0 0.0 2335.0 14.0 36.0 0.31731640979147774
36 40 43 0.0 0.0 117.0 0.0 3047.0 13.0 92.0 0.27173913043478254
36 40 44 0.0 0.0 0.0 0.0 17.0 0.0 0.0 0.694100148735746
36 41 35 0.0 0.0 0.0 0.0 12.0 0.0 0.0 0.6958250497017892
36 41 36 0.0 0.0 0.0 0.0 43.0 0.0 0.0 0.6852667645619186
36 41 37 0.0 0.0 240.0 0.0 5303.0 23.0 335.0 0.18612071257644242
36 41 38 0.0 0.0 773.0 0.0 11823.0 28.0 5297.0 0.09599561162918266
36 41 39 0.0 0.0 117.0 0.0 3093.0 14.0 79.0 0.2694380292532717
36 41 40 0.0 0.0 588.0 0.0 10325.0 18.0 2799.0 0.10843466811246223
36 41 41 0.0 0.0 352.0 0.0 6907.0 26.0 756.0 0.15154795410261962
36 41 42 0.0 0.0 294.0 0.0 6452.0 22.0 619.0 0.16042167984416178
36 41 43 0.0 0.0 42.0 0.0 988.0 13.0 6.0 0.4640371229698375
36 41 44 0.0 0.0 0.0 0.0 17.0 0.0 0.0 0.694100148735746
36 42 35 0.0 0.0 0.0 0.0 4.0 0.0 0.0 0.6986027944111775
36 42 36 0.0 0.0 0.0 0.0 22.0 0.0 0.0 0.6923837784371908
36 42 37 0.0 0.0 10.0 0.0 331.0 5.0 0.0 0.5993150684931505
36 42 38 0.0 0.0 347.0 0.0 7093.0 23.0 891.0 0.14849384811200675
36 42 39 0.0 0.0 134.0 0.0 3193.0 15.0 86.0 0.2634054562558795
36 42 40 0.0 0.0 304.0 0.0 6804.0 18.0 794.0 0.15394765779634922
36 42 41 0.0 0.0 232.0 0.0 5239.0 17.0 325.0 0.18774306021188142
36 42 42 0.0 0.0 225.0 0.0 5051.0 15.0 296.0 0.19267822736030824
36 42 43 0.0 0.0 296.0 0.0 6720.0 17.0 765.0 0.15548645046645931
36 42 44 0.0 0.0 0.0 0.0 13.0 0.0 0.0 0.695479384003974
36 43 36 0.0 0.0 13.0 0.0 355.0 5.0 0.0 0.5924672027084215
36 43 37 0.0 0.0 8.0 0.0 213.0 5.0 0.0 0.6317689530685919
36 43 38 0.0 0.0 180.0 0.0 3700.0 25.0 104.0 0.2390302202492743
36 43 39 0.0 0.0 141.0 0.0 3526.0 24.0 108.0 0.24809498493709017
36 43 40 0.0 0.0 223.0 0.0 4911.0 20.0 242.0 0.1967120977940143
36 43 41 0.0 0.0 137.0 0.0 3154.0 12.0 84.0 0.26515151515151514
36 43 42 0.0 0.0 152.0 0.0 3045.0 12.0 55.0 0.2700096432015429
36 43 43 0.0 0.0 45.0 0.0 1096.0 9.0 6.0 0.44699872286079173
36 43 44 0.0 0.0 0.0 0.0 12.0 0.0 0.0 0.6958250497017892
36 44 36 0.0 0.0 0.0 0.0 4.0 0.0 0.0 0.6986027944111775
36 44 37 0.0 0.0 0.0 0.0 21.0 0.0 0.0 0.6927263730826323
36 44 38 0.0 0.0 38.0 0.0 925.0 13.0 5.0 0.4745762711864406
36 44 39 0.0 0.0 195.0 0.0 4674.0 30.0 254.0 0.20449897750511242
36 44 40 0.0 0.0 14.0 0.0 460.0 4.0 0.0 0.5668016194331983
36 44 41 0.0 0.0 271.0 0.0 5315.0 25.0 286.0 0.18511172815020493
36 44 42 0.0 0.0 166.0 0.0 3739.0 21.0 127.0 0.23773136355917812
36 44 43 0.0 0.0 1.0 0.0 22.0 0.0 0.0 0.6920415224913494
36 44 44 0.0 0.0 0.0 0.0 4.0 0.0 0.0 0.6986027944111775
36 45 38 0.0 0.0 0.0 0.0 5.0 0.0 0.0 0.6982543640897755
36 45 39 0.0 0.0 0.0 0.0 12.0 0.0 0.0 0.6958250497017892
36 45 40 0.0 0.0 1.0 0.0 109.0 0.0 0.0 0.6635071090047392
36 45 41 0.0 0.0 5.0 0.0 149.0 1.0 0.0 0.6502554575011611
36 45 42 0.0 0.0 1.0 0.0 37.0 0.0 0.0 0.6872852233676975
36 45 43 0.0 0.0 0.0 0.0 4.0 0.0 0.0 0.6986027944111775
37 35 37 0.0 0.0 4.0 0.0 82.0 1.0 0.0 0.6714628297362109
37 35 38 0.0 0.0 2.0 0.0 22.0 0.0 0.0 0.6916996047430829
37 35 39 0.0 0.0 11.0 0.0 177.0 2.0 0.0 0.6404391582799633
37 35 40 0.0 0.0 0.0 0.0 14.0 0.0 0.0 0.6951340615690167
37 35 41 0.0 0.0 0.0 0.0 23.0 0.0 0.0 0.6920415224913494
37 35 42 0.0 0.0 0.0 0.0 28.0 0.0 0.0 0.690335305719921
37 35 43 0.0 0.0 0.0 0.0 5.0 0.0 0.0 0.6982543640897755
37 35 44 0.0 0.0 0.0 0.0 14.0 0.0 0.0 0.6951340615690167
37 36 35 0.0 0.0 0.0 0.0 3.0 0.0 0.0 0.6989515726410384
37 36 36 0.0 0.0 0.0 0.0 15.0 0.0 0.0 0.694789081885856
37 36 37 0.0 0.0 0.0 0.0 56.0 0.0 0.0 0.6812652068126519
37 36 38 0.0 0.0 5.0 0.0 256.0 4.0 0.0 0.620292423571112
37 36 39 0.0 0.0 57.0 0.0 1328.0 11.0 14.0 0.4149377593360995
37 36 40 0.0 0.0 117.0 0.0 3019.0 13.0 68.0 0.2732773765371852
37 36 41 0.0 0.0 82.0 0.0 2445.0 10.0 51.0 0.30994022581359304
37 36 42 0.0 0.0 36.0 0.0 1167.0 10.0 13.0 0.43845912934544307
37 36 43 0.0 0.0 280.0 0.0 6404.0 27.0 629.0 0.16170016170016166
37 36 44 0.0 0.0 4.0 0.0 201.0 0.0 0.0 0.6349206349206349
37 37 35 0.0 0.0 0.0 0.0 16.0 0.0 0.0 0.6944444444444444
37 37 36 0.0 0.0 14.0 0.0 185.0 3.0 0.0 0.6375227686703095
37 37 37 0.0 0.0 86.0 0.0 1725.0 9.0 13.0 0.3682272488164124
37 37 38 0.0 0.0 138.0 0.0 2979.0 16.0 90.0 0.27445598902176044
37 37 39 0.0 0.0 646.0 0.0 10923.0 24.0 3910.0 0.10323722439348129
37 37 40 0.0 0.0 1009.0 0.0 12602.0 34.0 10720.0 0.08972633467922835
37 37 41 0.0 0.0 561.0 0.0 10262.0 24.0 2934.0 0.10928108656623214
37 37 42 0.0 0.0 265.0 0.0 5803.0 21.0 450.0 0.17389144205688728
37 37 43 0.0 0.0 210.0 0.0 5164.0 13.0 364.0 0.19008825526137135
37 37 44 0.0 0.0 0.0 0.0 78.0 0.0 0.0 0.6740491092922483
37 37 45 0.0 0.0 1.0 0.0 15.0 0.0 0.0 0.6944444444444444
37 37 46 0.0 0.0 0.0 0.0 2.0 0.0 0.0 0.6993006993006992
37 38 35 0.0 0.0 0.0 0.0 9.0 0.0 0.0 0.6968641114982577
37 38 36 0.0 0.0 1.0 0.0 83.0 0.0 0.0 0.6717850287907868
37 38 37 0.0 0.0 64.0 0.0 1887.0 9.0 26.0 0.35532994923857864
37 38 38 0.0 0.0 508.0 0.0 10071.0 19.0 3390.0 0.11136743298066977
37 38 39 0.0 0.0 536.0 0.0 9903.0 29.0 2543.0 0.1126669885723483
37 38 40 0.0 0.0 494.0 0.0 9060.0 26.0 1678.0 0.121317157712305
37 38 41 0.0 0.0 746.0 0.0 11573.0 36.0 5772.0 0.09790894468144624
37 38 42 0.0 0.0 240.0 0.0 5726.0 14.0 473.0 0.1759457081814754
37 38 43 0.0 0.0 436.0 0.0 8397.0 27.0 1126.0 0.12944983818770223
37 38 44 0.0 0.0 310.0 0.0 6324.0 17.0 561.0 0.16241299303944312
37 38 45 0.0 0.0 23.0 0.0 428.0 6.0 0.0 0.5725971370143148
37 38 46 0.0 0.0 0.0 0.0 4.0 0.0 0.0 0.6986027944111775
37 39 34 0.0 0.0 0.0 0.0 1.0 0.0 0.0 0.6996501749125437
37 39 35 0.0 0.0 3.0 0.0 44.0 1.0 0.0 0.6842619745845552
37 39 36 0.0 0.0 9.0 0.0 401.0 3.0 3.0 0.5818786367414795
37 39 37 0.0 0.0 575.0 0.0 9824.0 26.0 2472.0 0.11301259283177269
37 39 38 0.0 0.0 771.0 0.0 11700.0 34.0 5642.0 0.09686570262229294
37 39 39 0.0 0.0 1000.0 0.0 12586.0 41.0 10347.0 0.0899396119748169
37 39 40 0.0 0.0 833.0 0.0 12283.0 40.0 7218.0 0.09274594236502151
37 39 41 0.0 0.0 789.0 0.0 11868.0 42.0 5819.0 0.09567416114262282
37 39 42 0.0 0.0 338.0 0.0 7323.0 19.0 854.0 0.14503263234227698
37 39 43 0.0 0.0 174.0 0.0 4204.0 13.0 193.0 0.21988377571854872
37 39 44 0.0 0.0 43.0 0.0 1026.0 8.0 7.0 0.4575163398692809
37 39 45 0.0 0.0 0.0 0.0 12.0 0.0 0.0 0.6958250497017892
37 39 46 0.0 0.0 0.0 0.0 5.0 0.0 0.0 0.6982543640897755
37 40 35 0.0 0.0 0.0 0.0 17.0 0.0 0.0 0.694100148735746
37 40 36 0.0 0.0 159.0 0.0 3595.0 22.0 121.0 0.24420024420024417
37 40 37 0.0 0.0 360.0 0.0 7074.0 30.0 696.0 0.14882534282980756
37 40 38 0.0 0.0 598.0 0.0 10340.0 30.0 3355.0 0.10837590958352684
37 40 39 0.0 0.0 1633.0 0.0 12683.0 46.0 23204.0 0.08585796639273886
37 40 40 0.0 0.0 1119.0 0.0 12765.0 46.0 12362.0 0.08826125330979699
37 40 41 0.0 0.0 951.0 0.0 12366.0 30.0 9781.0 0.09140171051772539
37 40 42 0.0 0.0 572.0 0.0 10220.0 27.0 2722.0 0.10948619691874559
37 40 43 0.0 0.0 393.0 0.0 7766.0 17.0 1097.0 0.13791744655698943
37 40 44 0.0 0.0 18.0 0.0 308.0 4.0 1.0 0.6029285099052539
37 40 45 0.0 0.0 0.0 0.0 5.0 0.0 0.0 0.6982543640897755
37 40 46 0.0 0.0 0.0 0.0 2.0 0.0 0.0 0.6993006993006992
37 41 35 0.0 0.0 0.0 0.0 12.0 0.0 0.0 0.6958250497017892
37 41 36 0.0 0.0 321.0 0.0 6812.0 30.0 692.0 0.15372790161414293
37 41 37 0.0 0.0 395.0 0.0 8101.0 21.0 1221.0 0.13365155131264914
37 41 38 0.0 0.0 466.0 0.0 9056.0 27.0 2075.0 0.12173913043478259
37 41 39 0.0 0.0 1047.0 0.0 12631.0 35.0 9836.0 0.08942829766847651
37 41 40 0.0 0.0 1013.0 0.0 12841.0 41.0 8249.0 0.0883894185238967
37 41 41 0.0 0.0 737.0 0.0 11613.0 20.0 6258.0 0.09758137589740014
37 41 42 0.0 0.0 372.0 0.0 8004.0 32.0 1227.0 0.1352787708957387
37 41 43 0.0 0.0 233.0 0.0 5358.0 17.0 337.0 0.18474531538664551
37 41 44 0.0 0.0 30.0 0.0 502.0 6.0 2.0 0.5542359461599367
37 41 45 0.0 0.0 0.0 0.0 7.0 0.0 0.0 0.6975585450921773
37 42 35 0.0 0.0 66.0 0.0 1742.0 7.0 25.0 0.3683241252302025
37 42 36 0.0 0.0 1.0 0.0 100.0 0.0 0.0 0.6663493574488338
37 42 37 0.0 0.0 244.0 0.0 5289.0 21.0 333.0 0.1862692921766897
37 42 38 0.0 0.0 266.0 0.0 6771.0 13.0 813.0 0.15512465373961215
37 42 39 0.0 0.0 890.0 0.0 12376.0 23.0 8637.0 0.09168303863785199
37 42 40 0.0 0.0 1323.0 0.0 12833.0 46.0 16202.0 0.08673026886383346
37 42 41 0.0 0.0 769.0 0.0 11690.0 25.0 6380.0 0.09682550660488276
37 42 42 0.0 0.0 877.0 0.0 12319.0 42.0 7553.0 0.0922387666359204
37 42 43 0.0 0.0 150.0 0.0 3878.0 15.0 182.0 0.2329063383796373
37 42 44 0.0 0.0 24.0 0.0 592.0 4.0 3.0 0.5359877488514548
37 42 45 0.0 0.0 0.0 0.0 4.0 0.0 0.0 0.6986027944111775
37 43 35 0.0 0.0 0.0 0.0 16.0 0.0 0.0 0.6944444444444444
37 43 36 0.0 0.0 3.0 0.0 194.0 2.0 0.0 0.6378132118451024
37 43 37 0.0 0.0 230.0 0.0 4843.0 20.0 245.0 0.19838458268385997
37 43 38 0.0 0.0 569.0 0.0 10650.0 14.0 3935.0 0.10586011342155008
37 43 39 0.0 0.0 735.0 0.0 11476.0 26.0 6506.0 0.09857072449482501
37 43 40 0.0 0.0 709.0 0.0 11419.0 25.0 5456.0 0.09919229134192999
37 43 41 0.0 0.0 509.0 0.0 9707.0 27.0 2749.0 0.11476350520534469
37 43 42 0.0 0.0 273.0 0.0 6080.0 11.0 470.0 0.1677249311129747
37 43 43 0.0 0.0 321.0 0.0 6016.0 24.0 456.0 0.16832992665624621
37 43 44 0.0 0.0 0.0 0.0 16.0 0.0 0.0 0.6944444444444444
37 44 36 0.0 0.0 0.0 0.0 7.0 0.0 0.0 0.6975585450921773
37 44 37 0.0 0.0 0.0 0.0 84.0 0.0 1.0 0.6717850287907868
37 44 38 0.0 0.0 32.0 0.0 1106.0 2.0 6.0 0.4464285714285714
37 44 39 0.0 0.0 236.0 0.0 4760.0 17.0 282.0 0.20051561157261527
37 44 40 0.0 0.0 212.0 0.0 4610.0 14.0 206.0 0.20561022176531057
37 44 41 0.0 0.0 389.0 0.0 7883.0 19.0 1131.0 0.1364389435727512
37 44 42 0.0 0.0 279.0 0.0 5404.0 29.0 309.0 0.18283923207522526
37 44 43 0.0 0.0 4.0 0.0 147.0 1.0 0.0 0.6511627906976742
37 44 44 0.0 0.0 0.0 0.0 7.0 0.0 0.0 0.6975585450921773
37 45 37 0.0 0.0 0.0 0.0 5.0 0.0 0.0 0.6982543640897755
37 45 38 0.0 0.0 0.0 0.0 20.0 0.0 0.0 0.6930693069306929
37 45 39 0.0 0.0 0.0 0.0 35.0 0.0 0.0 0.6879606879606879
37 45 40 0.0 0.0 3.0 0.0 135.0 2.0 0.0 0.6554307116104868
37 45 41 0.0 0.0 26.0 0.0 532.0 7.0 2.0 0.5488043904351234
37 45 42 0.0 0.0 0.0 0.0 49.0 0.0 0.0 0.6832601268911663
37 46 39 0.0 0.0 0.0 0.0 6.0 0.0 0.0 0.6979062811565303
37 46 40 0.0 0.0 0.0 0.0 9.0 0.0 0.0 0.6968641114982577
37 46 41 0.0 0.0 0.0 0.0 4.0 0.0 0.0 0.6986027944111775
37 46 42 0.0 0.0 9.0 0.0 303.0 4.0 0.0 0.606585788561525
37 46 43 0.0 0.0 0.0 0.0 2.0 0.0 0.0 0.6993006993006992
38 34 40 0.0 0.0 0.0 0.0 3.0 0.0 0.0 0.6989515726410384
38 34 41 0.0 0.0 0.0 0.0 4.0 0.0 0.0 0.6986027944111775
38 34 42 0.0 0.0 0.0 0.0 3.0 0.0 0.0 0.6989515726410384
38 34 43 0.0 0.0 0.0 0.0 4.0 0.0 0.0 0.6986027944111775
38 35 36 0.0 0.0 0.0 0.0 8.0 0.0 0.0 0.697211155378486
38 35 37 0.0 0.0 0.0 0.0 31.0 0.0 0.0 0.6893156080748399
38 35 38 0.0 0.0 3.0 0.0 60.0 1.0 0.0 0.6789524733268669
38 35 39 0.0 0.0 9.0 0.0 272.0 3.0 0.0 0.6145741878841088
38 35 40 0.0 0.0 26.0 0.0 729.0 5.0 2.0 0.509090909090909
38 35 41 0.0 0.0 19.0 0.0 608.0 4.0 1.0 0.5337399923751428
38 35 42 0.0 0.0 1.0 0.0 80.0 2.0 0.0 0.6737247353224253
38 35 43 0.0 0.0 0.0 0.0 18.0 1.0 0.0 0.694100148735746
38 35 44 0.0 0.0 0.0 0.0 8.0 0.0 0.0 0.697211155378486
38 36 35 0.0 0.0 0.0 0.0 9.0 0.0 0.0 0.6968641114982577
38 36 36 0.0 0.0 1.0 0.0 86.0 0.0 0.0 0.670819357930043
38 36 37 0.0 0.0 307.0 0.0 6258.0 28.0 485.0 0.16389604308124558
38 36 38 0.0 0.0 139.0 0.0 3788.0 11.0 163.0 0.23656640757012498
38 36 39 0.0 0.0 216.0 0.0 4352.0 13.0 182.0 0.21341463414634143
38 36 40 0.0 0.0 395.0 0.0 8016.0 26.0 1109.0 0.13469309216855876
38 36 41 0.0 0.0 290.0 0.0 6837.0 19.0 804.0 0.15371102327624064
38 36 42 0.0 0.0 108.0 0.0 2956.0 16.0 87.0 0.27728263022380667
38 36 43 0.0 0.0 214.0 0.0 4092.0 21.0 137.0 0.22271714922048994
38 36 44 0.0 0.0 6.0 0.0 232.0 1.0 0.0 0.6263982102908277
38 36 45 0.0 0.0 0.0 0.0 1.0 0.0 0.0 0.6996501749125437
38 37 35 0.0 0.0 0.0 0.0 25.0 0.0 0.0 0.6913580246913579
38 37 36 0.0 0.0 289.0 0.0 6697.0 23.0 686.0 0.15612802498048398
38 37 37 0.0 0.0 107.0 0.0 2997.0 15.0 96.0 0.27521132298014545
38 37 38 0.0 0.0 669.0 0.0 11162.0 32.0 4399.0 0.101309790867646
38 37 39 0.0 0.0 494.0 0.0 9526.0 19.0 2347.0 0.1166375072898442
38 37 40 0.0 0.0 994.0 0.0 12550.0 24.0 9966.0 0.09006690684508491
38 37 41 0.0 0.0 672.0 0.0 11270.0 23.0 4422.0 0.1004664513814137
38 37 42 0.0 0.0 938.0 0.0 12374.0 38.0 8892.0 0.09146142287842163
38 37 43 0.0 0.0 639.0 0.0 11048.0 33.0 4595.0 0.10245151847786314
38 37 44 0.0 0.0 210.0 0.0 4725.0 20.0 253.0 0.20239988434292322
38 37 45 0.0 0.0 0.0 0.0 84.0 0.0 0.0 0.6717850287907868
38 37 46 0.0 0.0 0.0 0.0 2.0 0.0 0.0 0.6993006993006992
38 38 35 0.0 0.0 26.0 0.0 496.0 5.0 2.0 0.5562177195073499
38 38 36 0.0 0.0 272.0 0.0 5836.0 20.0 425.0 0.17301038062283733
38 38 37 0.0 0.0 352.0 0.0 7588.0 24.0 1059.0 0.14108636501058147
38 38 38 0.0 0.0 1143.0 0.0 12548.0 28.0 14252.0 0.08923449550640576
38 38 39 0.0 0.0 1413.0 0.0 13005.0 40.0 17549.0 0.08526187576126673
38 38 40 0.0 0.0 1894.0 0.0 12344.0 43.0 28642.0 0.08609556607834695
38 38 41 0.0 0.0 1721.0 0.0 12797.0 51.0 24040.0 0.0848279205041202
38 38 42 0.0 0.0 1243.0 0.0 13325.0 38.0 12313.0 0.08452575016603271
38 38 43 0.0 0.0 445.0 0.0 8260.0 22.0 1148.0 0.13092677452539042
38 38 44 0.0 0.0 122.0 0.0 2690.0 9.0 39.0 0.29148448886112843
38 38 45 0.0 0.0 319.0 0.0 5778.0 14.0 309.0 0.17309594460929772
38 38 46 0.0 0.0 13.0 0.0 188.0 3.0 0.0 0.6369426751592355
38 39 35 0.0 0.0 69.0 0.0 1685.0 5.0 17.0 0.3734329154441184
38 39 36 0.0 0.0 131.0 0.0 3392.0 10.0 111.0 0.25394522038817335
38 39 37 0.0 0.0 649.0 0.0 10997.0 27.0 3786.0 0.1026694045174538
38 39 38 0.0 0.0 1706.0 0.0 12557.0 45.0 24703.0 0.08605323006945724
38 39 39 0.0 0.0 2239.0 0.0 11499.0 53.0 38322.0 0.08892276422764227
38 39 40 0.0 0.0 2445.0 0.0 12294.0 59.0 37230.0 0.08371203061468546
38 39 41 0.0 0.0 2074.0 0.0 12214.0 45.0 32882.0 0.08596868283696653
38 39 42 0.0 0.0 1196.0 0.0 12946.0 36.0 12774.0 0.08676251859196826
38 39 43 0.0 0.0 920.0 0.0 12479.0 39.0 8825.0 0.09095634095634093
38 39 44 0.0 0.0 264.0 0.0 5597.0 21.0 358.0 0.1785486545083535
38 39 45 0.0 0.0 88.0 0.0 2128.0 16.0 14.0 0.33333333333333326
38 39 46 0.0 0.0 0.0 0.0 5.0 0.0 0.0 0.6982543640897755
38 40 34 0.0 0.0 0.0 0.0 3.0 0.0 0.0 0.6989515726410384
38 40 35 0.0 0.0 4.0 0.0 180.0 1.0 0.0 0.6413192853870818
38 40 36 0.0 0.0 141.0 0.0 3200.0 20.0 91.0 0.2630095810633101
38 40 37 0.0 0.0 765.0 0.0 11652.0 38.0 5025.0 0.0972830241122924
38 40 38 0.0 0.0 1708.0 0.0 12809.0 47.0 24275.0 0.08473037583973853
38 40 39 0.0 0.0 2853.0 0.0 10703.0 66.0 50786.0 0.0899396119748169
38 40 40 0.0 0.0 2710.0 1.0 11669.0 60.0 43667.0 0.08554319931565439
38 40 41 0.0 2.0 1752.0 4.0 12857.0 42.0 23840.0 0.0842713537591043
38 40 42 0.0 0.0 1563.0 0.0 12738.0 41.0 21289.0 0.08585796639273886
38 40 43 0.0 0.0 618.0 0.0 10898.0 19.0 4222.0 0.10358860525342212
38 40 44 0.0 0.0 23.0 0.0 645.0 9.0 2.0 0.5263157894736842
38 40 45 0.0 0.0 58.0 0.0 1394.0 10.0 12.0 0.4067402672864613
38 40 46 0.0 0.0 0.0 0.0 1.0 0.0 0.0 0.6996501749125437
38 41 35 0.0 0.0 0.0 0.0 29.0 0.0 0.0 0.6899950714637751
38 41 36 0.0 0.0 71.0 0.0 1788.0 12.0 20.0 0.36382536382536373
38 41 37 0.0 0.0 602.0 0.0 10566.0 20.0 3189.0 0.10634257500949486
38 41 38 0.0 0.0 1310.0 0.0 12793.0 35.0 16166.0 0.0869943453675511
38 41 39 0.0 0.0 2385.0 0.0 11661.0 55.0 39945.0 0.08718938780594132
38 41 40 0.0 0.0 2630.0 0.0 11594.0 52.0 43574.0 0.08623344625808438
38 41 41 0.0 0.0 1845.0 0.0 12559.0 55.0 26479.0 0.08536585365853656
38 41 42 0.0 0.0 1193.0 0.0 13150.0 40.0 11312.0 0.08577380223011885
38 41 43 0.0 0.0 360.0 0.0 7342.0 21.0 867.0 0.14458329030259218
38 41 44 0.0 0.0 299.0 0.0 6611.0 16.0 603.0 0.15733872780400085
38 41 45 0.0 0.0 3.0 0.0 100.0 1.0 0.0 0.6660323501427211
38 42 34 0.0 0.0 0.0 0.0 5.0 0.0 0.0 0.6982543640897755
38 42 35 0.0 0.0 1.0 0.0 46.0 0.0 0.0 0.6839276990718123
38 42 36 0.0 0.0 263.0 0.0 6590.0 24.0 753.0 0.15847860538827258
38 42 37 0.0 0.0 489.0 0.0 9683.0 24.0 2556.0 0.11514104778353482
38 42 38 0.0 0.0 1144.0 0.0 12731.0 28.0 13752.0 0.08820564516129031
38 42 39 0.0 0.0 1788.0 0.0 11958.0 40.0 29912.0 0.08888888888888888
38 42 40 0.0 0.0 1753.0 0.0 12471.0 47.0 26287.0 0.08622813500862281
38 42 41 0.0 0.0 1929.0 0.0 11879.0 40.0 32499.0 0.08846761453396523
38 42 42 0.0 0.0 962.0 0.0 12641.0 34.0 8648.0 0.08978963571062083
38 42 43 0.0 0.0 148.0 0.0 3899.0 12.0 157.0 0.23194168323392972
38 42 44 0.0 0.0 89.0 0.0 1979.0 10.0 23.0 0.3449975357318876
38 42 45 0.0 0.0 0.0 0.0 9.0 0.0 0.0 0.6968641114982577
38 42 46 0.0 0.0 0.0 0.0 1.0 0.0 0.0 0.6996501749125437
38 43 34 0.0 0.0 0.0 0.0 4.0 0.0 0.0 0.6986027944111775
38 43 35 0.0 0.0 0.0 0.0 18.0 0.0 0.0 0.6937561942517343
38 43 36 0.0 0.0 75.0 0.0 1944.0 13.0 26.0 0.34938857000249557
38 43 37 0.0 0.0 367.0 0.0 7831.0 21.0 1122.0 0.13751104999508887
38 43 38 0.0 0.0 694.0 0.0 11263.0 30.0 5095.0 0.10043762106320396
38 43 39 0.0 0.0 731.0 0.0 11678.0 31.0 5250.0 0.09720197181142817
38 43 40 0.0 0.0 976.0 0.0 12349.0 28.0 10952.0 0.09134803601722562
38 43 41 0.0 0.0 827.0 0.0 12031.0 25.0 8145.0 0.09428244326217251
38 43 42 0.0 0.0 645.0 0.0 10951.0 30.0 3806.0 0.10308519254841321
38 43 43 0.0 0.0 164.0 0.0 3787.0 13.0 155.0 0.23569023569023564
38 43 44 0.0 0.0 0.0 0.0 29.0 0.0 0.0 0.6899950714637751
38 43 45 0.0 0.0 0.0 0.0 4.0 0.0 0.0 0.6986027944111775
38 44 34 0.0 0.0 0.0 0.0 5.0 0.0 0.0 0.6982543640897755
38 44 35 0.0 0.0 0.0 0.0 4.0 0.0 0.0 0.6986027944111775
38 44 36 0.0 0.0 12.0 0.0 183.0 2.0 0.0 0.6383948928408572
38 44 37 0.0 0.0 11.0 0.0 300.0 1.0 0.0 0.606060606060606
38 44 38 0.0 0.0 186.0 0.0 4444.0 16.0 228.0 0.21164021164021163
38 44 39 0.0 0.0 358.0 0.0 7380.0 18.0 871.0 0.1439588688946015
38 44 40 0.0 0.0 458.0 0.0 9073.0 23.0 1773.0 0.12155943388035077
38 44 41 0.0 0.0 574.0 0.0 10311.0 29.0 3103.0 0.10883084577114427
38 44 42 0.0 0.0 93.0 0.0 2430.0 15.0 52.0 0.31055900621118004
38 44 43 0.0 0.0 65.0 0.0 1560.0 18.0 11.0 0.388134183532021
38 44 44 0.0 0.0 0.0 0.0 16.0 0.0 0.0 0.6944444444444444
38 45 37 0.0 0.0 0.0 0.0 1.0 0.0 0.0 0.6996501749125437
38 45 38 0.0 0.0 12.0 0.0 224.0 6.0 1.0 0.6278026905829596
38 45 39 0.0 0.0 136.0 0.0 3108.0 18.0 71.0 0.26773761713520744
38 45 40 0.0 0.0 327.0 0.0 6529.0 18.0 543.0 0.15831731312902858
38 45 41 0.0 0.0 406.0 0.0 7948.0 30.0 1123.0 0.1355407106205828
38 45 42 0.0 0.0 85.0 0.0 1831.0 7.0 24.0 0.3582395087001023
38 45 43 0.0 0.0 4.0 0.0 135.0 0.0 0.0 0.6548175865294666
38 45 44 0.0 0.0 0.0 0.0 1.0 0.0 0.0 0.6996501749125437
38 46 38 0.0 0.0 0.0 0.0 1.0 0.0 0.0 0.6996501749125437
38 46 39 0.0 0.0 0.0 0.0 11.0 0.0 0.0 0.6961710591745399
38 46 40 0.0 0.0 2.0 0.0 130.0 0.0 0.0 0.6566604127579737
38 46 41 0.0 0.0 18.0 0.0 287.0 4.0 1.0 0.6084311169056931
38 46 42 0.0 0.0 0.0 0.0 17.0 0.0 0.0 0.6944444444444444
39 34 39 0.0 0.0 0.0 0.0 4.0 0.0 0.0 0.6986027944111775
39 34 40 0.0 0.0 0.0 0.0 3.0 0.0 0.0 0.6989515726410384
39 34 41 0.0 0.0 1.0 0.0 14.0 0.0 0.0 0.694789081885856
39 34 42 0.0 0.0 0.0 0.0 5.0 0.0 0.0 0.6982543640897755
39 34 43 0.0 0.0 3.0 0.0 29.0 1.0 0.0 0.6893156080748399
39 35 35 0.0 0.0 0.0 0.0 2.0 0.0 0.0 0.6993006993006992
39 35 36 0.0 0.0 0.0 0.0 10.0 0.0 0.0 0.6965174129353233
39 35 37 0.0 0.0 0.0 0.0 52.0 0.0 0.0 0.6822612085769979
39 35 38 0.0 0.0 3.0 0.0 84.0 1.0 0.0 0.6711409395973154
39 35 39 0.0 0.0 153.0 0.0 3537.0 17.0 122.0 0.24660912453760783
39 35 40 0.0 0.0 23.0 0.0 613.0 5.0 2.0 0.5321170657544659
39 35 41 0.0 0.0 249.0 0.0 5053.0 18.0 248.0 0.19204389574759942
39 35 42 0.0 0.0 174.0 0.0 3725.0 7.0 125.0 0.2375699983030714
39 35 43 0.0 0.0 49.0 0.0 1194.0 10.0 10.0 0.43303433343643666
39 35 44 0.0 0.0 3.0 0.0 29.0 1.0 0.0 0.6893156080748399
39 36 35 0.0 0.0 1.0 0.0 25.0 1.0 0.0 0.6913580246913579
39 36 36 0.0 0.0 140.0 0.0 3533.0 17.0 107.0 0.24748099699487355
39 36 37 0.0 0.0 267.0 0.0 5630.0 17.0 366.0 0.17759736141063046
39 36 38 0.0 0.0 501.0 0.0 9342.0 24.0 2027.0 0.1182632201385369
39 36 39 0.0 0.0 170.0 0.0 3750.0 13.0 145.0 0.23692672194956843
39 36 40 0.0 0.0 398.0 0.0 8137.0 15.0 1272.0 0.13296609364612022
39 36 41 0.0 0.0 663.0 0.0 10754.0 30.0 3726.0 0.10447761194029849
39 36 42 0.0 0.0 340.0 0.0 7580.0 19.0 917.0 0.1412714429868819
39 36 43 0.0 0.0 173.0 0.0 3934.0 19.0 162.0 0.22996057818659657
39 36 44 0.0 0.0 1.0 0.0 114.0 1.0 0.0 0.662251655629139
39 36 45 0.0 0.0 0.0 0.0 19.0 0.0 0.0 0.6934125804853887
39 37 35 0.0 0.0 21.0 0.0 267.0 4.0 0.0 0.6129597197898423
39 37 36 0.0 0.0 117.0 0.0 3416.0 12.0 111.0 0.25357725049809815
39 37 37 0.0 0.0 958.0 0.0 12587.0 30.0 8806.0 0.09007849697593616
39 37 38 0.0 0.0 775.0 0.0 11740.0 28.0 6473.0 0.09651844191658047
39 37 39 0.0 0.0 876.0 0.0 12248.0 31.0 5707.0 0.09270295325122499
39 37 40 0.0 0.0 1176.0 0.0 12839.0 40.0 14477.0 0.08748906386701662
39 37 41 0.0 0.0 1673.0 0.0 12522.0 39.0 24795.0 0.08639308855291576
39 37 42 0.0 0.0 1300.0 0.0 12868.0 40.0 16471.0 0.08661758336942398
39 37 43 0.0 0.0 557.0 0.0 9907.0 23.0 2501.0 0.11238660993818735
39 37 44 0.0 0.0 68.0 0.0 1862.0 12.0 29.0 0.3573251659009698
39 37 45 0.0 0.0 1.0 0.0 68.0 0.0 0.0 0.6766553890768486
39 37 46 0.0 0.0 0.0 0.0 7.0 0.0 0.0 0.6975585450921773
39 38 35 0.0 0.0 71.0 0.0 1684.0 16.0 12.0 0.3744316662209146
39 38 36 0.0 0.0 362.0 0.0 7885.0 25.0 1131.0 0.136852394916911
39 38 37 0.0 0.0 1155.0 0.0 12397.0 40.0 15883.0 0.08995116936520174
39 38 38 0.0 0.0 1405.0 0.0 13265.0 39.0 16997.0 0.08398320335932813
39 38 39 0.0 0.0 1880.0 0.0 12704.0 49.0 26883.0 0.08444417636769407
39 38 40 0.0 0.0 2793.0 0.0 11025.0 65.0 49671.0 0.08854034910194788
39 38 41 0.0 0.0 2534.0 0.0 11663.0 66.0 41946.0 0.08643042350907518
39 38 42 0.0 0.0 1361.0 0.0 12968.0 41.0 16338.0 0.08578957043936514
39 38 43 0.0 0.0 552.0 0.0 10265.0 26.0 2910.0 0.10940064077518166
39 38 44 0.0 0.0 792.0 0.0 11854.0 28.0 6251.0 0.09563494774233212
39 38 45 0.0 0.0 21.0 0.0 630.0 4.0 1.0 0.528900642236494
39 38 46 0.0 0.0 0.0 0.0 1.0 0.0 0.0 0.6996501749125437
39 39 34 0.0 0.0 0.0 0.0 8.0 0.0 0.0 0.697211155378486
39 39 35 0.0 0.0 27.0 0.0 637.0 9.0 1.0 0.527306967984934
39 39 36 0.0 0.0 681.0 0.0 11043.0 30.0 3946.0 0.10213014298220016
39 39 37 0.0 0.0 1257.0 0.0 12990.0 29.0 15240.0 0.0861273454321747
39 39 38 0.0 0.0 2058.0 0.0 12701.0 57.0 29218.0 0.08366700531883105
39 39 39 1.0 0.0 3229.0 0.0 10488.0 84.0 57695.0 0.0891662951404369
39 39 40 0.0 1.0 3719.0 1.0 8161.0 65.0 84164.0 0.10072667098352399
39 39 41 0.0 0.0 3390.0 0.0 9354.0 78.0 68865.0 0.09506994431617546
39 39 42 0.0 0.0 1623.0 0.0 13348.0 49.0 21063.0 0.08247908566042181
39 39 43 0.0 0.0 818.0 0.0 12129.0 33.0 6546.0 0.09371443871745096
39 39 44 0.0 0.0 240.0 0.0 5028.0 24.0 233.0 0.19329007317409913
39 39 45 0.0 0.0 1.0 0.0 95.0 0.0 0.0 0.6679389312977099
39 39 46 0.0 0.0 0.0 0.0 11.0 0.0 0.0 0.6961710591745399
39 40 34 0.0 0.0 0.0 0.0 7.0 0.0 0.0 0.6975585450921773
39 40 35 0.0 0.0 30.0 0.0 695.0 6.0 4.0 0.514895182052225
39 40 36 0.0 0.0 324.0 0.0 6968.0 18.0 713.0 0.15084581402866065
39 40 37 0.0 0.0 849.0 0.0 12095.0 29.0 7480.0 0.09371443871745096
39 40 38 0.0 0.0 2357.0 0.0 11779.0 50.0 38498.0 0.08677327383165984
39 40 39 1.0 1.0 3672.0 1.0 7458.0 74.0 89627.0 0.10644768856447688
39 40 40 1.0 0.0 3818.0 1.0 9469.0 72.0 72507.0 0.09157509157509157
39 40 41 1.0 3.0 2933.0 3.0 11319.0 58.0 49359.0 0.08615914825527723
39 40 42 0.0 0.0 1862.0 0.0 12575.0 40.0 27345.0 0.08510120965290863
39 40 43 0.0 0.0 549.0 0.0 9777.0 23.0 2560.0 0.11368250101502232
39 40 44 0.0 0.0 423.0 0.0 8369.0 24.0 1296.0 0.1299062818966317
39 40 45 0.0 0.0 0.0 0.0 32.0 0.0 0.0 0.6889763779527558
39 41 34 0.0 0.0 0.0 0.0 12.0 0.0 0.0 0.6958250497017892
39 41 35 0.0 0.0 164.0 0.0 3130.0 20.0 58.0 0.26540284360189564
39 41 36 0.0 0.0 373.0 0.0 7325.0 22.0 790.0 0.14459822350753976
39 41 37 0.0 0.0 901.0 0.0 12227.0 28.0 7869.0 0.09259259259259259
39 41 38 0.0 1.0 2005.0 1.0 12729.0 58.0 28346.0 0.08371703641691082
39 41 39 0.0 3.0 3365.0 8.0 10242.0 72.0 61712.0 0.08964015879113842
39 41 40 0.0 0.0 3571.0 1.0 9094.0 65.0 71975.0 0.09545237608236175
39 41 41 0.0 0.0 3148.0 0.0 9832.0 70.0 61742.0 0.09343923112861242
39 41 42 0.0 0.0 1542.0 0.0 13222.0 32.0 18670.0 0.08351727017836902
39 41 43 0.0 0.0 1093.0 0.0 12718.0 31.0 12672.0 0.08849557522123892
39 41 44 0.0 0.0 247.0 0.0 5131.0 17.0 281.0 0.19008825526137135
39 41 45 0.0 0.0 1.0 0.0 58.0 0.0 0.0 0.6799417192812044
39 42 34 0.0 0.0 0.0 0.0 6.0 0.0 0.0 0.6979062811565303
39 42 35 0.0 0.0 118.0 0.0 2352.0 11.0 42.0 0.31397174254317106
39 42 36 0.0 0.0 313.0 0.0 6999.0 22.0 766.0 0.15061861215707367
39 42 37 0.0 0.0 855.0 0.0 12208.0 31.0 6402.0 0.09298618490967055
39 42 38 0.0 0.0 1524.0 0.0 12858.0 55.0 19625.0 0.08548574219942602
39 42 39 0.0 0.0 1649.0 0.0 12906.0 42.0 22086.0 0.08457170472393379
39 42 40 0.0 0.0 2314.0 0.0 12210.0 57.0 35489.0 0.08472524812394092
39 42 41 0.0 0.0 1707.0 0.0 12943.0 40.0 23592.0 0.08405884118883218
39 42 42 0.0 0.0 868.0 0.0 12258.0 31.0 8682.0 0.09253751074096106
39 42 43 0.0 0.0 410.0 0.0 7770.0 22.0 971.0 0.13763271726307508
39 42 44 0.0 0.0 185.0 0.0 4040.0 13.0 159.0 0.22529771483746378
39 42 45 0.0 0.0 73.0 0.0 1574.0 13.0 8.0 0.3852504127682993
39 43 34 0.0 0.0 0.0 0.0 6.0 0.0 0.0 0.6979062811565303
39 43 35 0.0 0.0 334.0 0.0 6936.0 22.0 761.0 0.15136771542869498
39 43 36 0.0 0.0 32.0 0.0 912.0 8.0 6.0 0.4768392370572206
39 43 37 0.0 0.0 382.0 0.0 8122.0 23.0 1260.0 0.13352408202193608
39 43 38 0.0 0.0 627.0 0.0 10939.0 33.0 3963.0 0.10332103321033209
39 43 39 0.0 0.0 1034.0 0.0 12623.0 42.0 11073.0 0.0894683026584867
39 43 40 0.0 0.0 1478.0 0.0 12247.0 42.0 22604.0 0.08902454533892916
39 43 41 0.0 0.0 747.0 0.0 11598.0 28.0 5654.0 0.09766306243460061
39 43 42 0.0 0.0 1000.0 0.0 12499.0 37.0 10381.0 0.09039256198347106
39 43 43 0.0 0.0 168.0 0.0 3934.0 19.0 163.0 0.23007395234182412
39 43 44 0.0 0.0 24.0 0.0 448.0 6.0 0.0 0.56772100567721
39 43 45 0.0 0.0 0.0 0.0 14.0 0.0 0.0 0.6951340615690167
39 44 34 0.0 0.0 0.0 0.0 8.0 0.0 0.0 0.697211155378486
39 44 35 0.0 0.0 0.0 0.0 7.0 0.0 0.0 0.6975585450921773
39 44 36 0.0 0.0 12.0 0.0 233.0 5.0 0.0 0.6249999999999999
39 44 37 0.0 0.0 64.0 0.0 1467.0 14.0 13.0 0.39806653397782193
39 44 38 0.0 0.0 165.0 0.0 3529.0 17.0 116.0 0.24660912453760783
39 44 39 0.0 0.0 749.0 0.0 11438.0 28.0 4772.0 0.09880725527560165
39 44 40 0.0 0.0 720.0 0.0 11492.0 21.0 4631.0 0.0984736582964057
39 44 41 0.0 0.0 903.0 0.0 12242.0 40.0 8569.0 0.09251916468411313
39 44 42 0.0 0.0 541.0 0.0 10154.0 26.0 3188.0 0.11041009463722397
39 44 43 0.0 0.0 148.0 0.0 3309.0 18.0 92.0 0.25735294117647056
39 44 44 0.0 0.0 2.0 0.0 34.0 1.0 0.0 0.6879606879606879
39 44 45 0.0 0.0 0.0 0.0 2.0 0.0 0.0 0.6993006993006992
39 45 37 0.0 0.0 0.0 0.0 7.0 0.0 0.0 0.6975585450921773
39 45 38 0.0 0.0 20.0 0.0 412.0 5.0 0.0 0.5768438401318499
39 45 39 0.0 0.0 84.0 0.0 2045.0 18.0 22.0 0.3405497445876915
39 45 40 0.0 0.0 75.0 0.0 2003.0 16.0 30.0 0.34465780403741997
39 45 41 0.0 0.0 166.0 0.0 3673.0 12.0 124.0 0.24017841825355976
39 45 42 0.0 0.0 197.0 0.0 4504.0 22.0 230.0 0.20951810835079315
39 45 43 0.0 0.0 1.0 0.0 46.0 1.0 0.0 0.6842619745845552
39 45 44 0.0 0.0 2.0 0.0 25.0 0.0 0.0 0.6906758756783422
39 46 39 0.0 0.0 0.0 0.0 5.0 0.0 0.0 0.6982543640897755
39 46 40 0.0 0.0 1.0 0.0 19.0 1.0 0.0 0.6934125804853887
39 46 41 0.0 0.0 0.0 0.0 9.0 0.0 0.0 0.6968641114982577
39 46 42 0.0 0.0 0.0 0.0 8.0 0.0 0.0 0.697211155378486
39 46 43 0.0 0.0 0.0 0.0 2.0 0.0 0.0 0.6993006993006992
40 34 37 0.0 0.0 0.0 0.0 7.0 0.0 0.0 0.6975585450921773
40 34 38 0.0 0.0 0.0 0.0 4.0 0.0 0.0 0.6986027944111775
40 34 39 0.0 0.0 0.0 0.0 18.0 0.0 0.0 0.6937561942517343
40 34 40 0.0 0.0 1.0 0.0 17.0 0.0 0.0 0.6937561942517343
40 34 41 0.0 0.0 0.0 0.0 5.0 0.0 0.0 0.6982543640897755
40 34 42 0.0 0.0 0.0 0.0 4.0 0.0 0.0 0.6986027944111775
40 35 35 0.0 0.0 0.0 0.0 2.0 0.0 0.0 0.6993006993006992
40 35 36 0.0 0.0 0.0 0.0 12.0 0.0 0.0 0.6958250497017892
40 35 37 0.0 0.0 4.0 0.0 165.0 1.0 0.0 0.6457564575645756
40 35 38 0.0 0.0 49.0 0.0 1056.0 8.0 4.0 0.45205037132709064
40 35 39 0.0 0.0 172.0 0.0 3616.0 20.0 101.0 0.24276053407317494
40 35 40 0.0 0.0 159.0 0.0 4228.0 20.0 205.0 0.21981472758674828
40 35 41 0.0 0.0 31.0 0.0 1022.0 2.0 9.0 0.45901639344262285
40 35 42 0.0 0.0 2.0 0.0 209.0 0.0 0.0 0.6331976481230212
40 35 43 0.0 0.0 0.0 0.0 43.0 0.0 0.0 0.6856023506366307
40 35 44 0.0 0.0 6.0 0.0 200.0 3.0 0.0 0.6354970494779845
40 36 35 0.0 0.0 0.0 0.0 13.0 0.0 0.0 0.695479384003974
40 36 36 0.0 0.0 25.0 0.0 667.0 6.0 0.0 0.5212211466865226
40 36 37 0.0 0.0 197.0 0.0 4555.0 16.0 212.0 0.20780762950868337
40 36 38 0.0 0.0 423.0 0.0 8880.0 26.0 1833.0 0.12398157987956074
40 36 39 0.0 0.0 575.0 0.0 10583.0 30.0 3277.0 0.10653679324252338
40 36 40 0.0 0.0 390.0 0.0 8456.0 21.0 1624.0 0.1292586095466716
40 36 41 0.0 0.0 606.0 0.0 10865.0 34.0 4111.0 0.10413567390657541
40 36 42 0.0 0.0 455.0 0.0 9003.0 29.0 1772.0 0.12240972282941327
40 36 43 0.0 0.0 375.0 0.0 7418.0 23.0 875.0 0.14314928425357873
40 36 44 0.0 0.0 135.0 0.0 2674.0 14.0 37.0 0.29197080291970795
40 36 45 0.0 0.0 2.0 0.0 38.0 0.0 0.0 0.6862745098039215
40 37 35 0.0 0.0 1.0 0.0 58.0 0.0 0.0 0.6802721088435373
40 37 36 0.0 0.0 384.0 0.0 7750.0 23.0 1022.0 0.1383946223803875
40 37 37 0.0 0.0 667.0 0.0 10793.0 29.0 2932.0 0.10410469958358119
40 37 38 0.0 0.0 1269.0 0.0 12806.0 37.0 15851.0 0.08708092305778439
40 37 39 0.0 0.0 1021.0 0.0 12963.0 30.0 9538.0 0.08757115156064302
40 37 40 0.0 0.0 1048.0 0.0 12719.0 37.0 10473.0 0.08886631966484702
40 37 41 0.0 0.0 1528.0 0.0 12544.0 51.0 21778.0 0.08715682002116665
40 37 42 0.0 0.0 1081.0 0.0 12926.0 27.0 10868.0 0.0874508089199825
40 37 43 0.0 0.0 766.0 0.0 11714.0 20.0 5124.0 0.09671848013816925
40 37 44 0.0 0.0 422.0 0.0 8634.0 21.0 1622.0 0.12674271229404308
40 37 45 0.0 0.0 30.0 0.0 512.0 9.0 2.0 0.5527043031977891
40 37 46 0.0 0.0 0.0 0.0 1.0 0.0 0.0 0.6996501749125437
40 38 35 0.0 0.0 39.0 0.0 894.0 10.0 9.0 0.47895997263085865
40 38 36 0.0 0.0 158.0 0.0 4097.0 21.0 203.0 0.2245028864656831
40 38 37 0.0 0.0 649.0 0.0 10896.0 24.0 3844.0 0.10342789598108747
40 38 38 0.0 0.0 2244.0 0.0 11140.0 65.0 41668.0 0.0910924588457284
40 38 39 0.0 0.0 1857.0 0.0 13407.0 43.0 22625.0 0.08112179858616293
40 38 40 0.0 0.0 2529.0 0.0 12073.0 67.0 38943.0 0.08438309927068892
40 38 41 0.0 0.0 2579.0 0.0 11851.0 57.0 41501.0 0.0851996105160662
40 38 42 0.0 0.0 2530.0 0.0 11497.0 57.0 42669.0 0.08734714250062389
40 38 43 0.0 0.0 1087.0 0.0 12850.0 37.0 12238.0 0.08789552988448016
40 38 44 0.0 0.0 208.0 0.0 4593.0 15.0 217.0 0.20627670546633264
40 38 45 0.0 0.0 89.0 0.0 1842.0 15.0 14.0 0.3575076608784473
40 38 46 0.0 0.0 0.0 0.0 1.0 0.0 0.0 0.6996501749125437
40 39 34 0.0 0.0 0.0 0.0 7.0 0.0 0.0 0.6975585450921773
40 39 35 0.0 0.0 58.0 0.0 1482.0 9.0 14.0 0.3964882469555366
40 39 36 0.0 0.0 602.0 0.0 10666.0 25.0 3493.0 0.10555681218427203
40 39 37 0.0 0.0 1100.0 0.0 12852.0 46.0 10752.0 0.0878679470281805
40 39 38 0.0 0.0 2070.0 0.0 12737.0 65.0 29142.0 0.0832887143792016
40 39 39 0.0 0.0 3401.0 0.0 9316.0 94.0 69900.0 0.09519923840609275
40 39 40 0.0 0.0 4066.0 0.0 9007.0 60.0 78589.0 0.09272137227630968
40 39 41 1.0 0.0 3896.0 0.0 8562.0 78.0 82110.0 0.09682550660488276
40 39 42 0.0 0.0 2511.0 0.0 12008.0 60.0 39695.0 0.08474576271186439
40 39 43 0.0 0.0 1247.0 0.0 12938.0 41.0 14479.0 0.0864998455359901
40 39 44 0.0 0.0 158.0 0.0 4289.0 17.0 208.0 0.21762785636561477
40 39 45 0.0 0.0 27.0 0.0 887.0 8.0 5.0 0.48176187198898823
40 39 46 0.0 0.0 0.0 0.0 5.0 0.0 0.0 0.6982543640897755
40 40 34 0.0 0.0 0.0 0.0 13.0 0.0 0.0 0.695479384003974
40 40 35 0.0 0.0 267.0 0.0 5332.0 11.0 288.0 0.18438035032266556
40 40 36 0.0 0.0 791.0 0.0 11935.0 35.0 6394.0 0.09517335146159074
40 40 37 0.0 0.0 1451.0 0.0 12221.0 21.0 22637.0 0.08920038228735265
40 40 38 0.0 0.0 2190.0 0.0 12338.0 59.0 33117.0 0.08472012102874431
40 40 39 1.0 0.0 3506.0 0.0 10566.0 80.0 60589.0 0.08718395815170008
40 40 40 5.0 11.0 3433.0 19.0 4623.0 54.0 126899.0 0.1385041551246537
40 40 41 0.0 1.0 3482.0 2.0 10853.0 73.0 57520.0 0.08574228319451248
40 40 42 0.0 0.0 2116.0 0.0 12970.0 54.0 29401.0 0.08196721311475409
40 40 43 0.0 0.0 946.0 0.0 12456.0 30.0 7469.0 0.0909208988180283
40 40 44 0.0 0.0 288.0 0.0 5757.0 19.0 409.0 0.17436791630340018
40 40 45 0.0 0.0 27.0 0.0 854.0 6.0 2.0 0.48695652173913034
40 40 46 0.0 0.0 5.0 0.0 100.0 4.0 0.0 0.6663493574488338
40 41 34 0.0 0.0 0.0 0.0 6.0 0.0 0.0 0.6982543640897755
40 41 35 0.0 0.0 92.0 0.0 2173.0 13.0 36.0 0.3293342742884027
40 41 36 0.0 0.0 526.0 0.0 9673.0 27.0 2433.0 0.11491422473939095
40 41 37 0.0 0.0 1413.0 0.0 12813.0 42.0 18736.0 0.08641975308641973
40 41 38 0.0 0.0 2548.0 1.0 11686.0 67.0 41912.0 0.08627595982005298
40 41 39 0.0 0.0 3239.0 0.0 10733.0 76.0 55943.0 0.08768633345859951
40 41 40 1.0 7.0 3528.0 17.0 9850.0 62.0 66062.0 0.09085009733939
40 41 41 0.0 0.0 3195.0 0.0 9441.0 71.0 66527.0 0.09560229445506692
40 41 42 0.0 0.0 1745.0 3.0 13159.0 36.0 21717.0 0.08281083638944751
40 41 43 0.0 0.0 1092.0 0.0 12508.0 36.0 12320.0 0.0897666068222621
40 41 44 0.0 0.0 107.0 0.0 2454.0 7.0 31.0 0.3074220465524813
40 41 45 0.0 0.0 3.0 0.0 112.0 0.0 0.0 0.6619385342789597
40 42 34 0.0 0.0 0.0 0.0 11.0 0.0 0.0 0.6961710591745399
40 42 35 0.0 0.0 49.0 0.0 1208.0 7.0 5.0 0.4306367271608735
40 42 36 0.0 0.0 967.0 0.0 12864.0 34.0 8114.0 0.08852355358836546
40 42 37 0.0 0.0 814.0 0.0 12216.0 25.0 7807.0 0.09317183548515905
40 42 38 0.0 0.0 1442.0 0.0 12974.0 30.0 16985.0 0.08523592085235919
40 42 39 0.0 0.0 2499.0 1.0 10794.0 58.0 46697.0 0.09152719665271965
40 42 40 0.0 0.0 1927.0 1.0 13240.0 48.0 24902.0 0.08154706430568498
40 42 41 0.0 0.0 2394.0 0.0 11749.0 63.0 39493.0 0.08677865245149692
40 42 42 0.0 0.0 1132.0 0.0 13080.0 38.0 10994.0 0.086446434084594
40 42 43 0.0 0.0 534.0 0.0 10060.0 21.0 2697.0 0.11120819763285407
40 42 44 0.0 0.0 439.0 0.0 9150.0 24.0 2239.0 0.12087722327749954
40 42 45 0.0 0.0 25.0 0.0 598.0 9.0 5.0 0.5355776587605202
40 43 34 0.0 0.0 0.0 0.0 12.0 0.0 0.0 0.6958250497017892
40 43 35 0.0 0.0 37.0 0.0 876.0 9.0 6.0 0.4819277108433734
40 43 36 0.0 0.0 220.0 0.0 4994.0 9.0 301.0 0.19420169232903312
40 43 37 0.0 0.0 486.0 0.0 9459.0 24.0 2376.0 0.11737089201877932
40 43 38 0.0 0.0 433.0 0.0 8687.0 17.0 1696.0 0.12600126001260012
40 43 39 0.0 0.0 1102.0 0.0 12962.0 45.0 12139.0 0.08727091385114075
40 43 40 0.0 0.0 1393.0 0.0 12747.0 35.0 18893.0 0.08665511265164644
40 43 41 0.0 0.0 1046.0 0.0 12898.0 37.0 9697.0 0.08780181875195985
40 43 42 0.0 0.0 643.0 0.0 10829.0 24.0 4021.0 0.10395782282616765
40 43 43 0.0 0.0 435.0 0.0 8033.0 17.0 1142.0 0.1339072214251554
40 43 44 0.0 0.0 21.0 0.0 374.0 2.0 0.0 0.5852842809364547
40 43 45 0.0 0.0 57.0 0.0 1768.0 9.0 19.0 0.3668763102725366
40 44 34 0.0 0.0 0.0 0.0 8.0 0.0 0.0 0.697211155378486
40 44 35 0.0 0.0 0.0 0.0 16.0 0.0 0.0 0.6944444444444444
40 44 36 0.0 0.0 3.0 0.0 123.0 1.0 0.0 0.6588235294117646
40 44 37 0.0 0.0 5.0 0.0 185.0 4.0 0.0 0.6404391582799633
40 44 38 0.0 0.0 188.0 0.0 4137.0 17.0 155.0 0.2217997465145754
40 44 39 0.0 0.0 547.0 0.0 10481.0 25.0 3516.0 0.10750211164862165
40 44 40 0.0 0.0 590.0 0.0 10344.0 26.0 2984.0 0.10836752070593697
40 44 41 0.0 0.0 264.0 0.0 5971.0 22.0 465.0 0.17048222113979541
40 44 42 0.0 0.0 360.0 0.0 7805.0 25.0 1195.0 0.1379718143293584
40 44 43 0.0 0.0 124.0 0.0 3145.0 14.0 92.0 0.26641294005708843
40 44 44 0.0 0.0 0.0 0.0 9.0 0.0 0.0 0.6968641114982577
40 44 46 0.0 0.0 0.0 0.0 2.0 0.0 0.0 0.6993006993006992
40 45 37 0.0 0.0 2.0 0.0 32.0 0.0 0.0 0.6882989183874139
40 45 38 0.0 0.0 43.0 0.0 1031.0 8.0 2.0 0.45662100456621
40 45 39 0.0 0.0 48.0 0.0 1188.0 17.0 12.0 0.4349176762969866
40 45 40 0.0 0.0 84.0 0.0 1934.0 13.0 26.0 0.3496503496503496
40 45 41 0.0 0.0 25.0 0.0 709.0 8.0 1.0 0.5133846718005133
40 45 42 0.0 0.0 5.0 0.0 207.0 2.0 0.0 0.6334841628959276
40 45 43 0.0 0.0 6.0 0.0 105.0 1.0 1.0 0.6635071090047392
40 45 44 0.0 0.0 0.0 0.0 10.0 0.0 0.0 0.6965174129353233
40 46 36 0.0 0.0 0.0 0.0 2.0 0.0 0.0 0.6993006993006992
40 46 38 0.0 0.0 0.0 0.0 1.0 0.0 0.0 0.6996501749125437
40 46 39 0.0 0.0 0.0 0.0 1.0 0.0 0.0 0.6996501749125437
40 46 40 0.0 0.0 0.0 0.0 4.0 0.0 0.0 0.6986027944111775
40 46 41 0.0 0.0 2.0 0.0 17.0 0.0 0.0 0.6934125804853887
40 46 42 0.0 0.0 0.0 0.0 8.0 0.0 0.0 0.697211155378486
40 46 43 0.0 0.0 0.0 0.0 4.0 0.0 0.0 0.6986027944111775
41 34 37 0.0 0.0 12.0 0.0 204.0 4.0 0.0 0.6329113924050632
41 34 38 0.0 0.0 0.0 0.0 11.0 0.0 0.0 0.6961710591745399
41 34 39 0.0 0.0 0.0 0.0 9.0 0.0 0.0 0.6968641114982577
41 34 40 0.0 0.0 1.0 0.0 27.0 1.0 0.0 0.6906758756783422
41 34 41 0.0 0.0 0.0 0.0 2.0 0.0 0.0 0.6993006993006992
41 34 42 0.0 0.0 0.0 0.0 1.0 0.0 0.0 0.6996501749125437
41 35 36 0.0 0.0 0.0 0.0 2.0 0.0 0.0 0.6993006993006992
41 35 37 0.0 0.0 12.0 0.0 334.0 3.0 0.0 0.5975245411865129
41 35 38 0.0 0.0 333.0 0.0 7063.0 23.0 878.0 0.14925373134328357
41 35 39 0.0 0.0 164.0 0.0 3787.0 22.0 141.0 0.23608768971332209
41 35 40 0.0 0.0 142.0 0.0 3501.0 12.0 132.0 0.24835905623558624
41 35 41 0.0 0.0 90.0 0.0 1693.0 14.0 12.0 0.3716485266790549
41 35 42 0.0 0.0 31.0 0.0 693.0 8.0 2.0 0.5156537753222835
41 35 43 0.0 0.0 1.0 0.0 139.0 0.0 0.0 0.6545114539504441
41 35 44 0.0 0.0 0.0 0.0 27.0 0.0 0.0 0.6906758756783422
41 35 45 0.0 0.0 0.0 0.0 1.0 0.0 0.0 0.6996501749125437
41 36 35 0.0 0.0 1.0 0.0 13.0 1.0 0.0 0.695479384003974
41 36 36 0.0 0.0 54.0 0.0 949.0 11.0 2.0 0.4679144385026737
41 36 37 0.0 0.0 63.0 0.0 1513.0 15.0 19.0 0.3931479921370401
41 36 38 0.0 0.0 312.0 0.0 6450.0 20.0 573.0 0.16010978956999083
41 36 39 0.0 0.0 1017.0 0.0 12512.0 38.0 11037.0 0.09021781157365638
41 36 40 0.0 0.0 556.0 0.0 10192.0 25.0 2983.0 0.10993325480957988
41 36 41 0.0 0.0 420.0 0.0 8038.0 24.0 1092.0 0.13409961685823754
41 36 42 0.0 0.0 252.0 0.0 5671.0 23.0 378.0 0.1772151898734177
41 36 43 0.0 0.0 324.0 0.0 7546.0 17.0 1187.0 0.14203104392817287
41 36 44 0.0 0.0 46.0 0.0 1416.0 10.0 14.0 0.40544454097885885
41 36 45 0.0 0.0 0.0 0.0 25.0 0.0 0.0 0.6913580246913579
41 37 35 0.0 0.0 0.0 0.0 40.0 1.0 0.0 0.6866110838646394
41 37 36 0.0 0.0 100.0 0.0 2322.0 12.0 42.0 0.31731640979147774
41 37 37 0.0 0.0 544.0 0.0 10084.0 20.0 2656.0 0.11100539169045352
41 37 38 0.0 0.0 528.0 0.0 10044.0 22.0 2966.0 0.11148272017837234
41 37 39 1.0 0.0 1311.0 0.0 12905.0 40.0 17348.0 0.08627064333251169
41 37 40 0.0 0.0 1165.0 0.0 13112.0 44.0 12522.0 0.08603207767467584
41 37 41 0.0 0.0 1182.0 0.0 12839.0 33.0 14033.0 0.08740712992445525
41 37 42 0.0 0.0 1311.0 0.0 12870.0 33.0 16545.0 0.08648381517173213
41 37 43 0.0 0.0 1082.0 0.0 12838.0 31.0 10308.0 0.08787897809302617
41 37 44 0.0 0.0 163.0 0.0 3682.0 16.0 126.0 0.24021962937542896
41 37 45 0.0 0.0 79.0 0.0 1521.0 12.0 6.0 0.39029829941455246
41 37 46 0.0 0.0 0.0 0.0 3.0 0.0 0.0 0.6989515726410384
41 38 34 0.0 0.0 0.0 0.0 1.0 0.0 0.0 0.6996501749125437
41 38 35 0.0 0.0 121.0 0.0 2473.0 17.0 46.0 0.305877212147695
41 38 36 0.0 0.0 157.0 0.0 3858.0 23.0 151.0 0.23356690023356685
41 38 37 0.0 0.0 966.0 0.0 12590.0 39.0 8722.0 0.09004373552868536
41 38 38 0.0 0.0 1342.0 0.0 12886.0 41.0 16246.0 0.08631319358816275
41 38 39 0.0 0.0 2048.0 0.0 12228.0 60.0 32467.0 0.08607968519429414
41 38 40 0.0 0.0 2757.0 0.0 11434.0 62.0 45959.0 0.08647847303724751
41 38 41 0.0 0.0 2649.0 0.0 11566.0 64.0 43748.0 0.08636111282462525
41 38 42 0.0 0.0 2480.0 0.0 10864.0 71.0 45907.0 0.09128251939753536
41 38 43 0.0 0.0 1224.0 0.0 12869.0 32.0 14263.0 0.08696732513355694
41 38 44 0.0 0.0 489.0 0.0 9785.0 26.0 3018.0 0.11423908608731129
41 38 45 0.0 0.0 74.0 0.0 1764.0 13.0 28.0 0.3660130718954248
41 38 46 0.0 0.0 1.0 0.0 5.0 0.0 0.0 0.6979062811565303
41 39 34 0.0 0.0 0.0 0.0 8.0 0.0 0.0 0.697211155378486
41 39 35 0.0 0.0 8.0 0.0 386.0 5.0 2.0 0.5862646566164154
41 39 36 0.0 0.0 739.0 0.0 11454.0 25.0 4418.0 0.09871668311944719
41 39 37 0.0 0.0 733.0 0.0 11560.0 36.0 5019.0 0.09807355516637477
41 39 38 0.0 0.0 1919.0 0.0 12403.0 40.0 28309.0 0.0856898029134533
41 39 39 0.0 0.0 3052.0 0.0 10867.0 63.0 53479.0 0.0879120879120879
41 39 40 1.0 0.0 3996.0 0.0 8062.0 64.0 88512.0 0.0994671403197158
41 39 41 0.0 0.0 3662.0 0.0 6467.0 66.0 101947.0 0.11539729640619846
41 39 42 0.0 0.0 2799.0 0.0 11406.0 74.0 46644.0 0.08643575970858801
41 39 43 0.0 0.0 1198.0 0.0 12929.0 34.0 13695.0 0.08682709005209624
41 39 44 0.0 0.0 548.0 0.0 10163.0 28.0 2904.0 0.11031439602868172
41 39 45 0.0 0.0 4.0 0.0 207.0 2.0 0.0 0.6337709370755997
41 39 46 0.0 0.0 0.0 0.0 1.0 0.0 0.0 0.6996501749125437
41 40 34 0.0 0.0 0.0 0.0 11.0 0.0 0.0 0.6961710591745399
41 40 35 0.0 0.0 147.0 0.0 3489.0 20.0 92.0 0.24924336834609215
41 40 36 0.0 0.0 823.0 0.0 12103.0 30.0 8652.0 0.0938337801608579
41 40 37 0.0 0.0 1015.0 0.0 12652.0 38.0 10004.0 0.0893712097031599
41 40 38 0.0 0.0 2254.0 0.0 11842.0 64.0 36961.0 0.08701597364659083
41 40 39 0.0 0.0 3559.0 0.0 8829.0 67.0 75826.0 0.0974251913709116
41 40 40 0.0 0.0 3256.0 3.0 11787.0 69.0 48500.0 0.08204406938584154
41 40 41 0.0 0.0 3613.0 0.0 9468.0 54.0 69501.0 0.09271523178807946
41 40 42 0.0 0.0 2890.0 0.0 10407.0 69.0 54750.0 0.09161704076958313
41 40 43 0.0 0.0 1563.0 0.0 12566.0 44.0 23041.0 0.086848635235732
41 40 44 0.0 0.0 795.0 0.0 11910.0 22.0 6246.0 0.09521866285792015
41 40 45 0.0 0.0 55.0 0.0 1304.0 12.0 11.0 0.4184100418410041
41 41 34 0.0 0.0 0.0 0.0 8.0 0.0 0.0 0.697211155378486
41 41 35 0.0 0.0 97.0 0.0 2538.0 9.0 49.0 0.30263726761781234
41 41 36 0.0 0.0 375.0 0.0 8054.0 24.0 1187.0 0.1344602381867076
41 41 37 0.0 0.0 1365.0 0.0 12862.0 42.0 17869.0 0.08630255208975464
41 41 38 0.0 0.0 1851.0 0.0 12590.0 41.0 27477.0 0.08504434455108734
41 41 39 0.0 0.0 3181.0 0.0 10053.0 82.0 60563.0 0.09186954524575103
41 41 40 1.0 0.0 3575.0 0.0 8227.0 68.0 80902.0 0.1013684744044602
41 41 41 0.0 4.0 2718.0 20.0 11747.0 46.0 42654.0 0.08479195687723336
41 41 42 0.0 0.0 1560.0 1.0 13052.0 38.0 19296.0 0.08424092905710331
41 41 43 0.0 0.0 1039.0 0.0 12734.0 32.0 10473.0 0.08874801901743264
41 41 44 0.0 0.0 431.0 0.0 8953.0 24.0 1920.0 0.12305528698250855
41 41 45 0.0 0.0 70.0 0.0 1515.0 17.0 15.0 0.39237668161434974
41 41 46 0.0 0.0 1.0 0.0 4.0 0.0 0.0 0.6982543640897755
41 42 34 0.0 0.0 0.0 0.0 3.0 0.0 0.0 0.6989515726410384
41 42 35 0.0 0.0 39.0 0.0 897.0 9.0 4.0 0.4783054321831226
41 42 36 0.0 0.0 641.0 0.0 11002.0 29.0 4681.0 0.10270706477881299
41 42 37 0.0 0.0 970.0 0.0 12640.0 31.0 7883.0 0.08972058446552166
41 42 38 0.0 0.0 1056.0 0.0 12873.0 31.0 10223.0 0.08788449466415567
41 42 39 0.0 0.0 1488.0 0.0 13251.0 41.0 17566.0 0.08363701535336639
41 42 40 0.0 0.0 1765.0 1.0 12837.0 61.0 24931.0 0.08443908323281062
41 42 41 0.0 0.0 1752.0 0.0 12872.0 54.0 24614.0 0.0842713537591043
41 42 42 0.0 0.0 918.0 0.0 12474.0 36.0 8041.0 0.09111024339450735
41 42 43 0.0 0.0 519.0 0.0 9887.0 30.0 2748.0 0.11296699749858789
41 42 44 0.0 0.0 222.0 0.0 5199.0 19.0 283.0 0.18908698001080496
41 42 45 0.0 0.0 42.0 0.0 1421.0 10.0 13.0 0.4055619930475086
41 43 35 0.0 0.0 102.0 0.0 2375.0 15.0 30.0 0.3136200716845878
41 43 36 0.0 0.0 32.0 0.0 903.0 7.0 12.0 0.4779788323659951
41 43 37 0.0 0.0 426.0 0.0 8126.0 24.0 1239.0 0.13287775246772968
41 43 38 0.0 0.0 482.0 0.0 9536.0 23.0 2406.0 0.11657923224248479
41 43 39 0.0 0.0 979.0 0.0 12645.0 25.0 10892.0 0.08957133717210491
41 43 40 0.0 0.0 752.0 0.0 11702.0 35.0 4933.0 0.09704699847497572
41 43 41 0.0 0.0 897.0 0.0 12352.0 36.0 7323.0 0.09186954524575103
41 43 42 0.0 0.0 1006.0 0.0 12633.0 32.0 9858.0 0.08954269267668691
41 43 43 0.0 0.0 248.0 0.0 5519.0 19.0 299.0 0.18064516129032254
41 43 44 0.0 0.0 3.0 0.0 90.0 0.0 0.0 0.668896321070234
41 43 45 0.0 0.0 0.0 0.0 20.0 0.0 0.0 0.6930693069306929
41 43 46 0.0 0.0 0.0 0.0 1.0 0.0 0.0 0.6996501749125437
41 44 34 0.0 0.0 0.0 0.0 1.0 0.0 0.0 0.0
41 44 35 0.0 0.0 40.0 0.0 752.0 11.0 4.0 0.5034160373966199
41 44 36 0.0 0.0 67.0 0.0 1655.0 10.0 20.0 0.37715517241379304
41 44 37 0.0 0.0 36.0 0.0 627.0 10.0 1.0 0.5279034690799397
41 44 38 0.0 0.0 547.0 0.0 10099.0 19.0 2831.0 0.11078578776608371
41 44 39 0.0 0.0 281.0 0.0 6596.0 15.0 735.0 0.15794223826714798
41 44 40 0.0 0.0 193.0 0.0 4230.0 22.0 163.0 0.218681661980631
41 44 41 0.0 0.0 493.0 0.0 9557.0 18.0 2214.0 0.11625010379473552
41 44 42 0.0 0.0 33.0 0.0 1149.0 5.0 10.0 0.4409448818897637
41 44 43 0.0 0.0 32.0 0.0 985.0 3.0 6.0 0.46449900464499
41 44 44 0.0 0.0 0.0 0.0 14.0 0.0 0.0 0.695479384003974
41 45 35 0.0 0.0 9.0 0.0 342.0 6.0 1.0 0.5970149253731343
41 45 37 0.0 0.0 68.0 0.0 1480.0 15.0 7.0 0.3962637984715538
41 45 38 0.0 0.0 12.0 0.0 258.0 6.0 1.0 0.6183745583038868
41 45 39 0.0 0.0 27.0 0.0 664.0 9.0 0.0 0.5219985085756897
41 45 40 0.0 0.0 76.0 0.0 1953.0 12.0 30.0 0.3483453595421746
41 45 41 0.0 0.0 25.0 0.0 405.0 6.0 0.0 0.5780346820809247
41 45 42 0.0 0.0 0.0 0.0 38.0 0.0 0.0 0.6872852233676975
41 45 43 0.0 0.0 3.0 0.0 52.0 1.0 0.0 0.6815968841285296
41 45 44 0.0 0.0 0.0 0.0 1.0 0.0 0.0 0.6996501749125437
41 46 37 0.0 0.0 0.0 0.0 2.0 0.0 0.0 0.6993006993006992
41 46 38 0.0 0.0 0.0 0.0 1.0 0.0 0.0 0.6996501749125437
41 46 39 0.0 0.0 1.0 0.0 21.0 1.0 0.0 0.6930693069306929
41 46 41 0.0 0.0 1.0 0.0 3.0 1.0 0.0 0.6989515726410384
42 34 37 0.0 0.0 0.0 0.0 8.0 0.0 0.0 0.697211155378486
42 34 38 0.0 0.0 0.0 0.0 12.0 0.0 0.0 0.6958250497017892
42 34 39 0.0 0.0 0.0 0.0 13.0 0.0 0.0 0.695479384003974
42 34 40 0.0 0.0 0.0 0.0 8.0 0.0 0.0 0.697211155378486
42 34 41 0.0 0.0 0.0 0.0 2.0 0.0 0.0 0.6996501749125437
42 34 42 0.0 0.0 0.0 0.0 1.0 0.0 0.0 0.6996501749125437
42 35 37 0.0 0.0 1.0 0.0 9.0 0.0 0.0 0.6965174129353233
42 35 38 0.0 0.0 78.0 0.0 1480.0 11.0 8.0 0.3944773175542406
42 35 39 0.0 0.0 175.0 0.0 3411.0 21.0 92.0 0.25157232704402516
42 35 40 0.0 0.0 20.0 0.0 512.0 8.0 1.0 0.5546751188589539
42 35 41 0.0 0.0 67.0 0.0 1948.0 8.0 25.0 0.34938857000249557
42 35 42 0.0 0.0 3.0 0.0 90.0 1.0 0.0 0.6692160611854684
42 35 43 0.0 0.0 19.0 0.0 403.0 2.0 0.0 0.5785123966942147
42 35 44 0.0 0.0 0.0 0.0 42.0 0.0 0.0 0.6856023506366307
42 35 45 0.0 0.0 0.0 0.0 3.0 0.0 0.0 0.6989515726410384
42 36 36 0.0 0.0 65.0 0.0 1625.0 13.0 12.0 0.38064165307232184
42 36 37 0.0 0.0 5.0 0.0 136.0 0.0 0.0 0.6539000467071461
42 36 38 0.0 0.0 214.0 0.0 5278.0 18.0 356.0 0.1872158331104573
42 36 39 0.0 0.0 759.0 0.0 11696.0 24.0 6288.0 0.09691264017721167
42 36 40 0.0 0.0 404.0 0.0 8240.0 19.0 1227.0 0.13161605715897337
42 36 41 0.0 0.0 653.0 0.0 11167.0 30.0 4079.0 0.10135379714761455
42 36 42 0.0 0.0 380.0 0.0 7853.0 22.0 1137.0 0.1370533529123837
42 36 43 0.0 0.0 413.0 0.0 8044.0 25.0 1157.0 0.1341638715860086
42 36 44 0.0 0.0 9.0 0.0 466.0 3.0 2.0 0.5663430420711973
42 36 45 0.0 0.0 0.0 0.0 17.0 0.0 0.0 0.6944444444444444
42 36 46 0.0 0.0 0.0 0.0 2.0 0.0 0.0 0.6993006993006992
42 37 34 0.0 0.0 9.0 0.0 125.0 4.0 0.0 0.6572769953051641
42 37 35 0.0 0.0 28.0 0.0 661.0 4.0 5.0 0.5216095380029805
42 37 36 0.0 0.0 5.0 0.0 204.0 0.0 0.0 0.6340579710144926
42 37 37 0.0 0.0 163.0 0.0 3536.0 19.0 124.0 0.24647887323943657
42 37 38 0.0 0.0 517.0 0.0 9739.0 17.0 2545.0 0.11428571428571427
42 37 39 0.0 0.0 1214.0 0.0 13061.0 34.0 13146.0 0.08596868283696653
42 37 40 0.0 0.0 1735.0 0.0 12335.0 47.0 26332.0 0.08704843623702044
42 37 41 0.0 0.0 1570.0 0.0 12897.0 39.0 20840.0 0.08496176720475786
42 37 42 0.0 0.0 851.0 0.0 12245.0 31.0 6733.0 0.09283204031562893
42 37 43 0.0 0.0 978.0 0.0 12152.0 36.0 11877.0 0.09256198347107437
42 37 44 0.0 0.0 422.0 0.0 8340.0 19.0 1241.0 0.13017201301720127
42 37 45 0.0 0.0 197.0 0.0 4429.0 19.0 181.0 0.21183234982599483
42 37 46 0.0 0.0 0.0 0.0 2.0 0.0 0.0 0.6993006993006992
42 38 34 0.0 0.0 2.0 0.0 13.0 1.0 0.0 0.6951340615690167
42 38 35 0.0 0.0 28.0 0.0 515.0 5.0 0.0 0.5516154452324664
42 38 36 0.0 0.0 357.0 0.0 7459.0 32.0 925.0 0.14303228442991414
42 38 37 0.0 0.0 236.0 0.0 5175.0 21.0 337.0 0.18941956433500198
42 38 38 0.0 0.0 1043.0 0.0 12632.0 36.0 11759.0 0.08931989281612861
42 38 39 0.0 0.0 1522.0 0.0 12794.0 33.0 21007.0 0.0858000858000858
42 38 40 0.0 0.0 2532.0 0.0 10939.0 62.0 47497.0 0.09046265184802273
42 38 41 0.0 0.0 2808.0 0.0 10516.0 69.0 52079.0 0.09134803601722562
42 38 42 0.0 0.0 1449.0 0.0 13052.0 43.0 18777.0 0.08481764206955045
42 38 43 0.0 0.0 660.0 0.0 11126.0 33.0 4792.0 0.10169245296724048
42 38 44 0.0 0.0 375.0 0.0 7743.0 24.0 1048.0 0.1386001386001386
42 38 45 0.0 0.0 48.0 0.0 738.0 10.0 1.0 0.5043227665706052
42 38 46 0.0 0.0 0.0 0.0 1.0 0.0 0.0 0.6996501749125437
42 39 34 0.0 0.0 0.0 0.0 1.0 0.0 0.0 0.6996501749125437
42 39 35 0.0 0.0 121.0 0.0 3135.0 17.0 76.0 0.2671755725190839
42 39 36 0.0 0.0 310.0 0.0 6928.0 18.0 746.0 0.15179442697603812
42 39 37 0.0 0.0 935.0 0.0 12361.0 19.0 8356.0 0.0915032679738562
42 39 38 0.0 0.0 1183.0 0.0 13115.0 34.0 13107.0 0.08592647149082427
42 39 39 0.0 0.0 2179.0 0.0 12522.0 49.0 31697.0 0.08389764487325461
42 39 40 0.0 0.0 2885.0 0.0 11178.0 76.0 49493.0 0.08722741433021806
42 39 41 0.0 0.0 2677.0 0.0 11632.0 70.0 42335.0 0.08593702044073413
42 39 42 0.0 0.0 2714.0 0.0 10729.0 53.0 50685.0 0.09054456085887982
42 39 43 0.0 0.0 866.0 0.0 12467.0 37.0 7447.0 0.09135995823544765
42 39 44 0.0 0.0 479.0 0.0 9416.0 26.0 2129.0 0.11786496043104899
42 39 45 0.0 0.0 13.0 0.0 437.0 6.0 0.0 0.5728314238952537
42 39 46 0.0 0.0 0.0 0.0 1.0 0.0 0.0 0.6996501749125437
42 40 34 0.0 0.0 0.0 0.0 4.0 0.0 0.0 0.6986027944111775
42 40 35 0.0 0.0 159.0 0.0 3304.0 19.0 82.0 0.25716385011021303
42 40 36 0.0 0.0 188.0 0.0 4972.0 21.0 340.0 0.1960509732530458
42 40 37 0.0 0.0 820.0 0.0 12147.0 24.0 5718.0 0.09355787222667736
42 40 38 0.0 0.0 1853.0 0.0 11686.0 54.0 32402.0 0.09013649240278135
42 40 39 0.0 0.0 2102.0 0.0 12461.0 65.0 32167.0 0.08455127430849135
42 40 40 0.0 0.0 2529.0 0.0 11532.0 60.0 43867.0 0.08709175738724727
42 40 41 0.0 0.0 2649.0 0.0 11493.0 58.0 44360.0 0.08666047663262147
42 40 42 0.0 0.0 2368.0 0.0 11441.0 56.0 40162.0 0.08859077390368916
42 40 43 0.0 0.0 1164.0 0.0 12834.0 33.0 13930.0 0.087527352297593
42 40 44 0.0 0.0 753.0 0.0 11594.0 31.0 5322.0 0.097676690155585
42 40 45 0.0 0.0 97.0 0.0 2545.0 17.0 60.0 0.30263726761781234
42 40 46 0.0 0.0 0.0 0.0 3.0 0.0 0.0 0.6989515726410384
42 41 34 0.0 0.0 1.0 0.0 9.0 1.0 0.0 0.6968641114982577
42 41 35 0.0 0.0 38.0 0.0 891.0 6.0 6.0 0.47895997263085865
42 41 36 0.0 0.0 209.0 0.0 4619.0 22.0 232.0 0.20558002936857558
42 41 37 0.0 0.0 576.0 0.0 10395.0 29.0 3220.0 0.10808306955917546
42 41 38 0.0 0.0 1444.0 0.0 12800.0 47.0 19373.0 0.08616445100935499
42 41 39 0.0 0.0 1901.0 0.0 12767.0 52.0 26587.0 0.08404874827399891
42 41 40 0.0 0.0 1893.0 0.0 12676.0 39.0 26980.0 0.08440344848375232
42 41 41 0.0 0.0 1259.0 0.0 13504.0 26.0 11549.0 0.08351727017836902
42 41 42 0.0 0.0 1574.0 0.0 12504.0 51.0 22849.0 0.08715682002116665
42 41 43 0.0 0.0 987.0 0.0 12738.0 31.0 8891.0 0.0890302066772655
42 41 44 0.0 0.0 437.0 0.0 8846.0 24.0 1694.0 0.12427873945849977
42 41 45 0.0 0.0 51.0 0.0 983.0 8.0 4.0 0.4626569729015201
42 41 46 0.0 0.0 0.0 0.0 6.0 0.0 0.0 0.6979062811565303
42 42 35 0.0 0.0 0.0 0.0 70.0 0.0 0.0 0.6763285024154588
42 42 36 0.0 0.0 371.0 0.0 7429.0 16.0 906.0 0.1429154757043691
42 42 37 0.0 0.0 295.0 0.0 6380.0 22.0 618.0 0.1616441519455028
42 42 38 0.0 0.0 1356.0 0.0 12564.0 48.0 18650.0 0.08798944126704794
42 42 39 0.0 0.0 1538.0 0.0 12755.0 45.0 20945.0 0.08594757198109153
42 42 40 0.0 0.0 948.0 0.0 12366.0 32.0 9943.0 0.09141364675155075
42 42 41 0.0 0.0 1683.0 0.0 12642.0 49.0 24221.0 0.08575803981623276
42 42 42 0.0 1.0 770.0 2.0 11655.0 32.0 4945.0 0.09714127116291978
42 42 43 0.0 0.0 181.0 0.0 4400.0 24.0 211.0 0.21341463414634143
42 42 44 0.0 0.0 160.0 0.0 3150.0 28.0 74.0 0.26495079485238454
42 42 45 0.0 0.0 2.0 0.0 80.0 0.0 0.0 0.6724303554274734
42 42 46 0.0 0.0 0.0 0.0 2.0 0.0 0.0 0.6993006993006992
42 43 34 0.0 0.0 0.0 0.0 2.0 0.0 0.0 0.6993006993006992
42 43 35 0.0 0.0 2.0 0.0 90.0 1.0 0.0 0.669536107125777
42 43 36 0.0 0.0 4.0 0.0 149.0 2.0 0.0 0.6511627906976742
42 43 37 0.0 0.0 213.0 0.0 5320.0 15.0 356.0 0.18621973929236496
42 43 38 0.0 0.0 384.0 0.0 8513.0 18.0 1579.0 0.12865282117257856
42 43 39 0.0 0.0 579.0 0.0 10224.0 31.0 2725.0 0.10941774130519732
42 43 40 0.0 0.0 279.0 0.0 6363.0 19.0 605.0 0.16226240148354193
42 43 41 0.0 0.0 738.0 0.0 11582.0 34.0 5411.0 0.0978336827393431
42 43 42 0.0 0.0 474.0 0.0 9613.0 15.0 2665.0 0.11589403973509933
42 43 43 0.0 0.0 61.0 0.0 1373.0 12.0 11.0 0.4092370651856182
42 43 44 0.0 0.0 2.0 0.0 77.0 1.0 0.0 0.6737247353224253
42 43 45 0.0 0.0 38.0 0.0 871.0 11.0 1.0 0.48309178743961345
42 44 36 0.0 0.0 2.0 0.0 127.0 1.0 1.0 0.6578947368421051
42 44 37 0.0 0.0 1.0 0.0 100.0 0.0 0.0 0.6666666666666665
42 44 38 0.0 0.0 57.0 0.0 1587.0 13.0 17.0 0.38556871385293306
42 44 39 0.0 0.0 30.0 0.0 783.0 7.0 4.0 0.49893086243763357
42 44 40 0.0 0.0 531.0 0.0 9489.0 23.0 2036.0 0.11656952539550373
42 44 41 0.0 0.0 111.0 0.0 2953.0 17.0 77.0 0.27728263022380667
42 44 42 0.0 0.0 30.0 0.0 782.0 12.0 4.0 0.4999999999999999
42 44 43 0.0 0.0 3.0 0.0 150.0 1.0 0.0 0.6505576208178437
42 44 44 0.0 0.0 0.0 0.0 7.0 0.0 0.0 0.6975585450921773
42 45 37 0.0 0.0 22.0 0.0 427.0 8.0 2.0 0.5735354362965996
42 45 38 0.0 0.0 0.0 0.0 28.0 0.0 0.0 0.690335305719921
42 45 39 0.0 0.0 87.0 0.0 1766.0 17.0 8.0 0.3649635036496349
42 45 40 0.0 0.0 120.0 0.0 2639.0 18.0 45.0 0.2952963509808057
42 45 41 0.0 0.0 1.0 0.0 69.0 0.0 0.0 0.6763285024154588
42 45 42 0.0 0.0 3.0 0.0 36.0 0.0 0.0 0.6866110838646394
42 46 39 0.0 0.0 0.0 0.0 2.0 0.0 0.0 0.6993006993006992
42 46 40 0.0 0.0 2.0 0.0 33.0 0.0 0.0 0.6879606879606879
43 34 37 0.0 0.0 0.0 0.0 1.0 0.0 0.0 0.0
43 34 38 0.0 0.0 0.0 0.0 1.0 0.0 0.0 0.6996501749125437
43 34 39 0.0 0.0 0.0 0.0 1.0 0.0 0.0 0.0
43 34 40 0.0 0.0 0.0 0.0 2.0 0.0 0.0 0.6993006993006992
43 34 41 0.0 0.0 0.0 0.0 1.0 0.0 0.0 0.6996501749125437
43 35 37 0.0 0.0 0.0 0.0 6.0 0.0 0.0 0.6979062811565303
43 35 38 0.0 0.0 80.0 0.0 1560.0 10.0 18.0 0.38556871385293306
43 35 39 0.0 0.0 15.0 0.0 551.0 9.0 3.0 0.5475166210402814
43 35 40 0.0 0.0 134.0 0.0 3359.0 12.0 111.0 0.2553346708006565
43 35 41 0.0 0.0 4.0 0.0 128.0 3.0 0.0 0.6575857209957726
43 35 42 0.0 0.0 4.0 0.0 185.0 2.0 0.0 0.6401463191586647
43 35 43 0.0 0.0 2.0 0.0 56.0 1.0 0.0 0.6806028196402526
43 35 44 0.0 0.0 0.0 0.0 10.0 0.0 0.0 0.6965174129353233
43 35 45 0.0 0.0 0.0 0.0 2.0 0.0 0.0 0.6993006993006992
43 36 36 0.0 0.0 0.0 0.0 1.0 0.0 0.0 0.6996501749125437
43 36 37 0.0 0.0 1.0 0.0 67.0 0.0 0.0 0.6769825918762088
43 36 38 0.0 0.0 49.0 0.0 1404.0 10.0 12.0 0.40650406504065034
43 36 39 0.0 0.0 547.0 0.0 10329.0 29.0 3039.0 0.10881392818280738
43 36 40 0.0 0.0 317.0 0.0 6494.0 20.0 589.0 0.1591270743350761
43 36 41 0.0 0.0 414.0 0.0 8507.0 23.0 1671.0 0.12835793527092693
43 36 42 0.0 0.0 525.0 0.0 9734.0 31.0 2405.0 0.11436974103422923
43 36 43 0.0 0.0 196.0 0.0 4145.0 22.0 158.0 0.22151898734177214
43 36 44 0.0 0.0 353.0 0.0 6759.0 21.0 691.0 0.1538968890843135
43 36 45 0.0 0.0 2.0 0.0 44.0 0.0 0.0 0.6842619745845552
43 37 35 0.0 0.0 2.0 0.0 21.0 1.0 0.0 0.6923837784371908
43 37 36 0.0 0.0 0.0 0.0 28.0 0.0 0.0 0.690335305719921
43 37 37 0.0 0.0 1.0 0.0 196.0 0.0 0.0 0.6375227686703095
43 37 38 0.0 0.0 473.0 0.0 9206.0 20.0 2059.0 0.11999657152652779
43 37 39 0.0 0.0 678.0 0.0 10785.0 28.0 3289.0 0.10404280618311533
43 37 40 0.0 0.0 874.0 0.0 12242.0 24.0 6736.0 0.09261096778461334
43 37 41 0.0 0.0 871.0 0.0 12345.0 44.0 7838.0 0.09217803529101921
43 37 42 0.0 0.0 509.0 0.0 9593.0 20.0 2440.0 0.11579818031430933
43 37 43 0.0 0.0 706.0 0.0 11464.0 22.0 5723.0 0.09884911388830048
43 37 44 0.0 0.0 130.0 0.0 3425.0 14.0 121.0 0.25266197437285687
43 37 45 0.0 0.0 0.0 0.0 59.0 1.0 0.0 0.6802721088435373
43 37 46 0.0 0.0 0.0 0.0 1.0 0.0 0.0 0.6996501749125437
43 38 35 0.0 0.0 0.0 0.0 26.0 0.0 0.0 0.6910167818361302
43 38 36 0.0 0.0 148.0 0.0 3584.0 16.0 126.0 0.244798041615667
43 38 37 0.0 0.0 23.0 0.0 903.0 2.0 4.0 0.4787961696306429
43 38 38 0.0 0.0 662.0 0.0 11166.0 27.0 4685.0 0.1013317892298784
43 38 39 0.0 0.0 801.0 0.0 12016.0 32.0 5898.0 0.09453072248480755
43 38 40 0.0 0.0 1143.0 0.0 12988.0 42.0 12011.0 0.08682170542635657
43 38 41 0.0 0.0 1223.0 0.0 12858.0 36.0 14159.0 0.08704843623702044
43 38 42 0.0 0.0 1019.0 0.0 12531.0 37.0 10875.0 0.09003794456235127
43 38 43 0.0 0.0 1017.0 0.0 12648.0 37.0 9805.0 0.08943972401456589
43 38 44 0.0 0.0 188.0 0.0 4699.0 12.0 225.0 0.20360674810936588
43 38 45 0.0 0.0 4.0 0.0 70.0 0.0 0.0 0.6750241080038573
43 38 46 0.0 0.0 1.0 0.0 4.0 0.0 0.0 0.6982543640897755
43 39 34 0.0 0.0 0.0 0.0 1.0 0.0 0.0 0.6996501749125437
43 39 35 0.0 0.0 5.0 0.0 181.0 2.0 1.0 0.641025641025641
43 39 36 0.0 0.0 165.0 0.0 3290.0 18.0 80.0 0.257494942063638
43 39 37 0.0 0.0 359.0 0.0 7858.0 16.0 1085.0 0.13720109760878085
43 39 38 0.0 0.0 741.0 0.0 11605.0 29.0 5091.0 0.09764943851572852
43 39 39 0.0 0.0 1021.0 0.0 12583.0 40.0 11318.0 0.08976085144579084
43 39 40 0.0 0.0 1474.0 0.0 12701.0 55.0 19774.0 0.08660150934059135
43 39 41 0.0 0.0 1251.0 0.0 13389.0 49.0 11768.0 0.08425106818318588
43 39 42 0.0 0.0 1391.0 0.0 12986.0 26.0 17156.0 0.08545443447476041
43 39 43 0.0 0.0 1004.0 0.0 12377.0 38.0 12135.0 0.09106283335501494
43 39 44 0.0 0.0 383.0 0.0 7463.0 20.0 882.0 0.14236322961155173
43 39 45 0.0 0.0 0.0 0.0 111.0 1.0 0.0 0.6635071090047392
43 40 34 0.0 0.0 0.0 0.0 3.0 0.0 0.0 0.6989515726410384
43 40 35 0.0 0.0 1.0 0.0 28.0 0.0 0.0 0.6899950714637751
43 40 36 0.0 0.0 36.0 0.0 1040.0 8.0 10.0 0.4563233376792698
43 40 37 0.0 0.0 637.0 0.0 10983.0 18.0 3766.0 0.10282776349614395
43 40 38 0.0 0.0 1028.0 0.0 12708.0 30.0 11523.0 0.08891146957957576
43 40 39 0.0 0.0 1098.0 0.0 12987.0 39.0 11502.0 0.08710801393728222
43 40 40 0.0 0.0 1232.0 0.0 13217.0 37.0 13986.0 0.08516333110286513
43 40 41 0.0 0.0 1641.0 0.0 12865.0 36.0 21807.0 0.08472524812394092
43 40 42 0.0 0.0 1047.0 0.0 12849.0 38.0 10223.0 0.08816676113105358
43 40 43 0.0 0.0 966.0 0.0 12527.0 39.0 8346.0 0.09045680687471731
43 40 44 0.0 0.0 304.0 0.0 6817.0 26.0 723.0 0.1537954520487751
43 40 45 0.0 0.0 110.0 0.0 2758.0 15.0 69.0 0.288421920065925
43 40 46 0.0 0.0 0.0 0.0 1.0 0.0 0.0 0.6996501749125437
43 41 34 0.0 0.0 0.0 0.0 1.0 0.0 0.0 0.6996501749125437
43 41 35 0.0 0.0 87.0 0.0 2038.0 12.0 34.0 0.34038414782397275
43 41 36 0.0 0.0 166.0 0.0 3807.0 18.0 130.0 0.23505708529214234
43 41 37 0.0 0.0 1179.0 0.0 12570.0 31.0 15254.0 0.08885503935008884
43 41 38 0.0 0.0 587.0 0.0 10166.0 34.0 2862.0 0.10995915802701851
43 41 39 0.0 0.0 1134.0 0.0 13099.0 33.0 11675.0 0.08624407072013798
43 41 40 0.0 0.0 1545.0 0.0 12856.0 32.0 20821.0 0.08527745629530364
43 41 41 0.0 0.0 592.0 0.0 10335.0 35.0 3324.0 0.10851871947911014
43 41 42 0.0 0.0 845.0 0.0 12066.0 31.0 7003.0 0.09392191064001072
43 41 43 0.0 0.0 615.0 0.0 10717.0 19.0 3941.0 0.10505778177997897
43 41 44 0.0 0.0 292.0 0.0 5821.0 21.0 415.0 0.17288219313410716
43 41 45 0.0 0.0 37.0 0.0 1280.0 7.0 8.0 0.4229607250755286
43 42 34 0.0 0.0 0.0 0.0 1.0 0.0 0.0 0.6996501749125437
43 42 35 0.0 0.0 0.0 0.0 43.0 0.0 0.0 0.6852667645619186
43 42 36 0.0 0.0 16.0 0.0 431.0 1.0 4.0 0.5725971370143148
43 42 37 0.0 0.0 399.0 0.0 7827.0 33.0 1158.0 0.13726835964310224
43 42 38 0.0 0.0 691.0 0.0 11223.0 37.0 4239.0 0.10076291924571756
43 42 39 0.0 0.0 928.0 0.0 12398.0 43.0 7571.0 0.09147935180345007
43 42 40 0.0 0.0 569.0 0.0 10346.0 32.0 3537.0 0.10858605444815014
43 42 41 0.0 0.0 576.0 0.0 10000.0 25.0 2372.0 0.11148272017837234
43 42 42 0.0 0.0 171.0 0.0 4396.0 22.0 239.0 0.21377309512902729
43 42 43 0.0 0.0 346.0 0.0 7153.0 21.0 730.0 0.14764817549040282
43 42 44 0.0 0.0 81.0 0.0 1859.0 14.0 21.0 0.35650623885918
43 42 45 0.0 0.0 15.0 0.0 253.0 3.0 1.0 0.6181015452538631
43 43 35 0.0 0.0 0.0 0.0 28.0 0.0 0.0 0.690335305719921
43 43 36 0.0 0.0 1.0 0.0 86.0 0.0 1.0 0.670819357930043
43 43 37 0.0 0.0 155.0 0.0 3498.0 15.0 100.0 0.24827097003014714
43 43 38 0.0 0.0 214.0 0.0 4941.0 19.0 306.0 0.19621583742116325
43 43 39 0.0 0.0 374.0 0.0 7317.0 23.0 808.0 0.14467293582721916
43 43 40 0.0 0.0 316.0 0.0 6635.0 19.0 714.0 0.1566696508504924
43 43 41 0.0 0.0 473.0 0.0 8780.0 30.0 1633.0 0.1246216841730461
43 43 42 0.0 0.0 186.0 0.0 3641.0 21.0 129.0 0.2409223885733953
43 43 43 0.0 0.0 1.0 0.0 72.0 2.0 0.0 0.6760019314340897
43 43 44 0.0 0.0 0.0 0.0 8.0 0.0 0.0 0.697211155378486
43 43 45 0.0 0.0 0.0 0.0 1.0 0.0 0.0 0.6996501749125437
43 44 36 0.0 0.0 0.0 0.0 4.0 0.0 0.0 0.6986027944111775
43 44 37 0.0 0.0 72.0 0.0 1531.0 12.0 7.0 0.3898635477582845
43 44 38 0.0 0.0 2.0 0.0 56.0 2.0 0.0 0.6809338521400777
43 44 39 0.0 0.0 4.0 0.0 99.0 1.0 0.0 0.6660323501427211
43 44 40 0.0 0.0 22.0 0.0 523.0 5.0 3.0 0.5511811023622046
43 44 41 0.0 0.0 156.0 0.0 3241.0 13.0 80.0 0.2600780234070221
43 44 42 0.0 0.0 11.0 0.0 191.0 4.0 0.0 0.6369426751592355
43 44 43 0.0 0.0 0.0 0.0 15.0 0.0 0.0 0.694789081885856
43 45 36 0.0 0.0 0.0 0.0 3.0 0.0 0.0 0.6989515726410384
43 45 38 0.0 0.0 0.0 0.0 1.0 0.0 0.0 0.6996501749125437
43 45 39 0.0 0.0 0.0 0.0 13.0 0.0 0.0 0.695479384003974
43 45 40 0.0 0.0 3.0 0.0 103.0 0.0 0.0 0.664767331433998
43 45 41 0.0 0.0 0.0 0.0 17.0 0.0 0.0 0.694100148735746
43 45 42 0.0 0.0 0.0 0.0 4.0 0.0 0.0 0.6986027944111775
43 46 39 0.0 0.0 0.0 0.0 3.0 0.0 0.0 0.6989515726410384
43 46 40 0.0 0.0 0.0 0.0 1.0 0.0 0.0 0.6996501749125437
43 46 41 0.0 0.0 0.0 0.0 3.0 0.0 0.0 0.6989515726410384
44 34 37 0.0 0.0 0.0 0.0 4.0 0.0 0.0 0.6986027944111775
44 34 38 0.0 0.0 0.0 0.0 1.0 0.0 0.0 0.6996501749125437
44 34 39 0.0 0.0 0.0 0.0 1.0 0.0 0.0 0.6996501749125437
44 34 40 0.0 0.0 0.0 0.0 1.0 0.0 0.0 0.6996501749125437
44 34 41 0.0 0.0 0.0 0.0 2.0 0.0 0.0 0.6993006993006992
44 35 38 0.0 0.0 0.0 0.0 14.0 0.0 0.0 0.6951340615690167
44 35 39 0.0 0.0 113.0 0.0 1994.0 11.0 14.0 0.34179687499999994
44 35 40 0.0 0.0 32.0 0.0 588.0 5.0 2.0 0.5353728489483747
44 35 41 0.0 0.0 5.0 0.0 175.0 5.0 0.0 0.6436781609195401
44 35 42 0.0 0.0 0.0 0.0 28.0 0.0 0.0 0.690335305719921
44 35 43 0.0 0.0 0.0 0.0 33.0 0.0 0.0 0.6886374815543531
44 35 44 0.0 0.0 1.0 0.0 37.0 0.0 0.0 0.6869479882237487
44 35 45 0.0 0.0 2.0 0.0 76.0 0.0 0.0 0.6737247353224253
44 36 37 0.0 0.0 0.0 0.0 21.0 0.0 0.0 0.6927263730826323
44 36 38 0.0 0.0 6.0 0.0 150.0 2.0 0.0 0.649953574744661
44 36 39 0.0 0.0 2.0 0.0 167.0 2.0 1.0 0.6463527239150507
44 36 40 0.0 0.0 60.0 0.0 1153.0 11.0 6.0 0.437363323961262
44 36 41 0.0 0.0 231.0 0.0 5485.0 17.0 455.0 0.1817709685795897
44 36 42 0.0 0.0 20.0 0.0 753.0 4.0 2.0 0.5055976886962801
44 36 43 0.0 0.0 59.0 0.0 1105.0 12.0 4.0 0.44416243654822324
44 36 44 0.0 0.0 11.0 0.0 414.0 3.0 2.0 0.5780346820809247
44 36 45 0.0 0.0 0.0 0.0 7.0 0.0 0.0 0.6979062811565303
44 37 35 0.0 0.0 0.0 0.0 3.0 0.0 0.0 0.6989515726410384
44 37 36 0.0 0.0 0.0 0.0 1.0 0.0 0.0 0.6996501749125437
44 37 37 0.0 0.0 18.0 0.0 325.0 3.0 0.0 0.5982905982905982
44 37 38 0.0 0.0 80.0 0.0 1648.0 14.0 14.0 0.376850605652759
44 37 39 0.0 0.0 155.0 0.0 3440.0 22.0 86.0 0.25121119684191634
44 37 40 0.0 0.0 398.0 0.0 7831.0 22.0 891.0 0.1371070414259132
44 37 41 0.0 0.0 264.0 0.0 5763.0 23.0 415.0 0.17480334623548507
44 37 42 0.0 0.0 168.0 0.0 3770.0 23.0 144.0 0.23668639053254434
44 37 43 0.0 0.0 364.0 0.0 7578.0 17.0 976.0 0.1410011078658475
44 37 44 0.0 0.0 242.0 0.0 5230.0 22.0 324.0 0.18791946308724827
44 37 45 0.0 0.0 2.0 0.0 68.0 1.0 0.0 0.6766553890768486
44 38 34 0.0 0.0 0.0 0.0 4.0 0.0 0.0 0.6986027944111775
44 38 35 0.0 0.0 0.0 0.0 2.0 0.0 0.0 0.6993006993006992
44 38 36 0.0 0.0 0.0 0.0 12.0 0.0 0.0 0.6958250497017892
44 38 37 0.0 0.0 80.0 0.0 2062.0 15.0 35.0 0.33922946450205954
44 38 38 0.0 0.0 278.0 0.0 6381.0 23.0 688.0 0.1620933194396202
44 38 39 0.0 0.0 277.0 0.0 5708.0 16.0 388.0 0.17559262510974535
44 38 40 0.0 0.0 464.0 0.0 8713.0 25.0 1484.0 0.1254255509765275
44 38 41 0.0 0.0 842.0 0.0 12221.0 37.0 6756.0 0.09297383450657457
44 38 42 0.0 0.0 370.0 0.0 7634.0 23.0 962.0 0.1402103154732098
44 38 43 0.0 0.0 387.0 0.0 7933.0 21.0 1110.0 0.13580366669900085
44 38 44 0.0 0.0 6.0 0.0 332.0 4.0 0.0 0.5998286203941731
44 38 45 0.0 0.0 0.0 0.0 4.0 0.0 0.0 0.6986027944111775
44 39 34 0.0 0.0 0.0 0.0 2.0 0.0 0.0 0.6993006993006992
44 39 35 0.0 0.0 39.0 0.0 1356.0 8.0 14.0 0.4132231404958677
44 39 36 0.0 0.0 83.0 0.0 1815.0 16.0 24.0 0.3606388459556929
44 39 37 0.0 0.0 190.0 0.0 4420.0 21.0 199.0 0.21237864077669902
44 39 38 0.0 0.0 150.0 0.0 3329.0 13.0 96.0 0.2560819462227913
44 39 39 0.0 0.0 307.0 0.0 6482.0 30.0 557.0 0.15983559767096697
44 39 40 0.0 0.0 372.0 0.0 7987.0 12.0 1151.0 0.13525263259588444
44 39 41 0.0 0.0 852.0 0.0 12319.0 20.0 5943.0 0.09226308158692499
44 39 42 0.0 0.0 445.0 0.0 8111.0 15.0 1202.0 0.13267626990144046
44 39 43 0.0 0.0 97.0 0.0 2787.0 12.0 84.0 0.28729735276010665
44 39 44 0.0 0.0 53.0 0.0 1553.0 12.0 17.0 0.38953811908736774
44 39 45 0.0 0.0 2.0 0.0 79.0 2.0 0.0 0.6737247353224253
44 39 46 0.0 0.0 0.0 0.0 6.0 0.0 0.0 0.6979062811565303
44 40 35 0.0 0.0 1.0 0.0 71.0 0.0 0.0 0.6760019314340897
44 40 36 0.0 0.0 598.0 0.0 10569.0 24.0 3869.0 0.10639106315069533
44 40 37 0.0 0.0 158.0 0.0 3347.0 24.0 99.0 0.2554744525547445
44 40 38 0.0 0.0 324.0 0.0 6962.0 31.0 746.0 0.15117157974300827
44 40 39 0.0 0.0 402.0 0.0 7912.0 27.0 1159.0 0.13598834385624087
44 40 40 0.0 0.0 659.0 0.0 11112.0 36.0 4446.0 0.10179597178797352
44 40 41 0.0 0.0 278.0 0.0 6055.0 19.0 502.0 0.1683906663459225
44 40 42 0.0 0.0 556.0 0.0 10429.0 28.0 3210.0 0.10799969142945305
44 40 43 0.0 0.0 437.0 0.0 8748.0 31.0 1602.0 0.12547051442910914
44 40 44 0.0 0.0 753.0 0.0 11553.0 30.0 4821.0 0.0978952520802741
44 40 45 0.0 0.0 5.0 0.0 96.0 0.0 0.0 0.6663493574488338
44 40 46 0.0 0.0 0.0 0.0 6.0 1.0 0.0 0.6982543640897755
44 41 35 0.0 0.0 16.0 0.0 298.0 4.0 0.0 0.606060606060606
44 41 36 0.0 0.0 93.0 0.0 1893.0 21.0 20.0 0.35308953341740223
44 41 37 0.0 0.0 322.0 0.0 7228.0 19.0 861.0 0.14681208053691275
44 41 38 0.0 0.0 170.0 0.0 4079.0 21.0 155.0 0.22479126525369297
44 41 39 0.0 0.0 340.0 0.0 6550.0 19.0 609.0 0.15774647887323942
44 41 40 0.0 0.0 455.0 0.0 8993.0 19.0 1882.0 0.12235623142807199
44 41 41 0.0 0.0 768.0 0.0 11739.0 28.0 7496.0 0.09656504345426954
44 41 42 0.0 0.0 427.0 0.0 8380.0 17.0 1278.0 0.12968967114404814
44 41 43 0.0 0.0 58.0 0.0 1707.0 9.0 18.0 0.3727369542066027
44 41 44 0.0 0.0 224.0 0.0 4804.0 17.0 254.0 0.19962925994581487
44 41 45 0.0 0.0 2.0 0.0 167.0 1.0 0.0 0.6457564575645756
44 41 46 0.0 0.0 0.0 0.0 2.0 0.0 0.0 0.6993006993006992
44 42 35 0.0 0.0 0.0 0.0 63.0 0.0 0.0 0.6786233640329616
44 42 36 0.0 0.0 619.0 0.0 10948.0 29.0 5023.0 0.10327530244910002
44 42 37 0.0 0.0 44.0 0.0 1549.0 8.0 15.0 0.3906249999999999
44 42 38 0.0 0.0 98.0 0.0 2370.0 22.0 43.0 0.31474820143884885
44 42 39 0.0 0.0 291.0 0.0 5569.0 25.0 387.0 0.17863978563225721
44 42 40 0.0 0.0 288.0 0.0 6450.0 16.0 596.0 0.1604032997250229
44 42 41 0.0 0.0 158.0 0.0 3913.0 19.0 142.0 0.2313667162452487
44 42 42 0.0 0.0 54.0 0.0 1474.0 7.0 19.0 0.39761431411530807
44 42 43 0.0 0.0 9.0 0.0 392.0 4.0 0.0 0.5840634125990821
44 42 44 0.0 0.0 0.0 0.0 58.0 0.0 0.0 0.6802721088435373
44 42 45 0.0 0.0 18.0 0.0 457.0 6.0 0.0 0.5670311867152693
44 43 35 0.0 0.0 1.0 0.0 51.0 0.0 0.0 0.6822612085769979
44 43 36 0.0 0.0 19.0 0.0 317.0 6.0 0.0 0.6008583690987124
44 43 37 0.0 0.0 44.0 0.0 1189.0 11.0 6.0 0.4345127250155182
44 43 38 0.0 0.0 9.0 0.0 261.0 4.0 0.0 0.6178287731685789
44 43 39 0.0 0.0 25.0 0.0 561.0 5.0 1.0 0.5424254165052305
44 43 40 0.0 0.0 29.0 0.0 613.0 9.0 2.0 0.5321170657544659
44 43 41 0.0 0.0 2.0 0.0 108.0 0.0 0.0 0.6635071090047392
44 43 42 0.0 0.0 174.0 0.0 4047.0 16.0 159.0 0.22562449637389198
44 43 43 0.0 0.0 18.0 0.0 275.0 4.0 0.0 0.6116207951070335
44 43 44 0.0 0.0 0.0 0.0 6.0 0.0 0.0 0.6979062811565303
44 44 36 0.0 0.0 0.0 0.0 4.0 0.0 0.0 0.6986027944111775
44 44 37 0.0 0.0 0.0 0.0 8.0 0.0 0.0 0.697211155378486
44 44 38 0.0 0.0 0.0 0.0 15.0 0.0 0.0 0.694789081885856
44 44 39 0.0 0.0 0.0 0.0 29.0 0.0 0.0 0.6899950714637751
44 44 40 0.0 0.0 1.0 0.0 13.0 0.0 0.0 0.6951340615690167
44 44 41 0.0 0.0 42.0 0.0 960.0 9.0 6.0 0.4677581022385566
44 44 42 0.0 0.0 0.0 0.0 9.0 0.0 0.0 0.6968641114982577
44 44 43 0.0 0.0 0.0 0.0 2.0 0.0 0.0 0.6993006993006992
44 45 37 0.0 0.0 0.0 0.0 1.0 0.0 0.0 0.6996501749125437
44 45 40 0.0 0.0 0.0 0.0 2.0 0.0 0.0 0.6993006993006992
44 45 41 0.0 0.0 0.0 0.0 3.0 0.0 0.0 0.6989515726410384
45 35 40 0.0 0.0 0.0 0.0 2.0 0.0 0.0 0.6993006993006992
45 35 41 0.0 0.0 0.0 0.0 3.0 0.0 0.0 0.6989515726410384
45 35 42 0.0 0.0 0.0 0.0 9.0 0.0 0.0 0.6968641114982577
45 36 38 0.0 0.0 0.0 0.0 1.0 0.0 0.0 0.6996501749125437
45 36 39 0.0 0.0 14.0 0.0 154.0 2.0 0.0 0.6466512702078521
45 36 40 0.0 0.0 1.0 0.0 25.0 0.0 0.0 0.6910167818361302
45 36 41 0.0 0.0 26.0 0.0 505.0 9.0 1.0 0.5551149881046787
45 36 42 0.0 0.0 0.0 0.0 19.0 0.0 0.0 0.6934125804853887
45 36 43 0.0 0.0 5.0 0.0 71.0 0.0 0.0 0.6743737957610789
45 36 44 0.0 0.0 0.0 0.0 7.0 0.0 0.0 0.6975585450921773
45 36 45 0.0 0.0 0.0 0.0 1.0 0.0 0.0 0.6996501749125437
45 37 36 0.0 0.0 1.0 0.0 23.0 0.0 0.0 0.6916996047430829
45 37 37 0.0 0.0 0.0 0.0 5.0 0.0 1.0 0.6982543640897755
45 37 38 0.0 0.0 0.0 0.0 7.0 0.0 0.0 0.6975585450921773
45 37 39 0.0 0.0 54.0 0.0 968.0 16.0 3.0 0.46573519627411836
45 37 40 0.0 0.0 266.0 0.0 5593.0 26.0 348.0 0.17870819504722998
45 37 41 0.0 0.0 52.0 0.0 1012.0 10.0 8.0 0.45841519318925994
45 37 42 0.0 0.0 234.0 0.0 5617.0 22.0 379.0 0.17875383043922366
45 37 43 0.0 0.0 2.0 0.0 64.0 0.0 0.0 0.6779661016949151
45 37 44 0.0 0.0 70.0 0.0 1875.0 13.0 25.0 0.3560528992878942
45 37 45 0.0 0.0 0.0 0.0 3.0 0.0 0.0 0.6989515726410384
45 38 34 0.0 0.0 0.0 0.0 1.0 0.0 0.0 0.6996501749125437
45 38 35 0.0 0.0 0.0 0.0 1.0 0.0 0.0 0.6996501749125437
45 38 36 0.0 0.0 0.0 0.0 2.0 0.0 0.0 0.6993006993006992
45 38 37 0.0 0.0 1.0 0.0 17.0 1.0 0.0 0.694100148735746
45 38 38 0.0 0.0 0.0 0.0 26.0 0.0 0.0 0.6910167818361302
45 38 39 0.0 0.0 1.0 0.0 57.0 0.0 0.0 0.6802721088435373
45 38 40 0.0 0.0 3.0 0.0 151.0 2.0 0.0 0.6505576208178437
45 38 41 0.0 0.0 135.0 0.0 2543.0 24.0 41.0 0.3006872852233677
45 38 42 0.0 0.0 43.0 0.0 1431.0 9.0 11.0 0.40415704387990753
45 38 43 0.0 0.0 164.0 0.0 3775.0 12.0 132.0 0.2361673414304993
45 38 44 0.0 0.0 0.0 0.0 21.0 0.0 0.0 0.6927263730826323
45 38 45 0.0 0.0 12.0 0.0 242.0 10.0 1.0 0.623885918003565
45 39 34 0.0 0.0 17.0 0.0 250.0 5.0 0.0 0.6189213085764809
45 39 35 0.0 0.0 122.0 0.0 2831.0 12.0 69.0 0.2833434527423598
45 39 36 0.0 0.0 4.0 0.0 76.0 1.0 0.0 0.6734006734006733
45 39 37 0.0 0.0 46.0 0.0 1302.0 6.0 10.0 0.4190362167015863
45 39 38 0.0 0.0 26.0 0.0 587.0 2.0 1.0 0.5363984674329502
45 39 39 0.0 0.0 0.0 0.0 112.0 0.0 0.0 0.6628787878787878
45 39 40 0.0 0.0 31.0 0.0 752.0 8.0 3.0 0.5045045045045045
45 39 41 0.0 0.0 108.0 0.0 2637.0 13.0 63.0 0.2957954785548278
45 39 42 0.0 0.0 90.0 0.0 1793.0 20.0 23.0 0.3624126326689101
45 39 43 0.0 0.0 41.0 0.0 1133.0 7.0 7.0 0.44205873065993045
45 39 44 0.0 0.0 1.0 0.0 100.0 1.0 0.0 0.6666666666666665
45 39 45 0.0 0.0 0.0 0.0 51.0 0.0 0.0 0.68259385665529
45 39 46 0.0 0.0 0.0 0.0 7.0 0.0 0.0 0.6975585450921773
45 40 34 0.0 0.0 0.0 0.0 1.0 0.0 0.0 0.6996501749125437
45 40 35 0.0 0.0 2.0 0.0 87.0 0.0 0.0 0.6701771182383915
45 40 36 0.0 0.0 1.0 0.0 84.0 1.0 1.0 0.6717850287907868
45 40 37 0.0 0.0 94.0 0.0 2546.0 9.0 55.0 0.30231051608723813
45 40 38 0.0 0.0 8.0 0.0 168.0 2.0 0.0 0.6439742410303587
45 40 39 0.0 0.0 6.0 0.0 222.0 0.0 0.0 0.6286484059272563
45 40 40 0.0 0.0 29.0 0.0 825.0 11.0 4.0 0.4922644163150492
45 40 41 0.0 0.0 9.0 0.0 376.0 4.0 2.0 0.5879882402351952
45 40 42 0.0 0.0 244.0 0.0 5340.0 18.0 329.0 0.18491612732796192
45 40 43 0.0 0.0 4.0 0.0 148.0 1.0 0.0 0.6508600650860064
45 40 44 0.0 0.0 17.0 0.0 472.0 5.0 0.0 0.5636070853462157
45 40 45 0.0 0.0 249.0 0.0 5456.0 19.0 363.0 0.18205461638491544
45 40 46 0.0 0.0 0.0 0.0 8.0 0.0 0.0 0.697211155378486
45 41 35 0.0 0.0 4.0 0.0 145.0 1.0 1.0 0.6517690875232773
45 41 36 0.0 0.0 49.0 0.0 1020.0 11.0 8.0 0.4578155657292347
45 41 37 0.0 0.0 0.0 0.0 101.0 0.0 0.0 0.6663493574488338
45 41 38 0.0 0.0 0.0 0.0 39.0 0.0 0.0 0.6866110838646394
45 41 39 0.0 0.0 59.0 0.0 1555.0 12.0 22.0 0.3885650846516791
45 41 40 0.0 0.0 81.0 0.0 1764.0 19.0 21.0 0.36572622779519326
45 41 41 0.0 0.0 72.0 0.0 1785.0 9.0 18.0 0.36382536382536373
45 41 42 0.0 0.0 31.0 0.0 704.0 9.0 1.0 0.5135730007336756
45 41 43 0.0 0.0 129.0 0.0 2818.0 15.0 52.0 0.28374543980543165
45 41 44 0.0 0.0 1.0 0.0 84.0 1.0 0.0 0.6717850287907868
45 41 45 0.0 0.0 0.0 0.0 39.0 0.0 0.0 0.6866110838646394
45 41 46 0.0 0.0 0.0 0.0 3.0 0.0 0.0 0.6989515726410384
45 42 35 0.0 0.0 0.0 0.0 33.0 0.0 0.0 0.6886374815543531
45 42 36 0.0 0.0 154.0 0.0 3833.0 15.0 173.0 0.2343488449949782
45 42 37 0.0 0.0 0.0 0.0 49.0 0.0 0.0 0.6832601268911663
45 42 38 0.0 0.0 0.0 0.0 23.0 0.0 0.0 0.6920415224913494
45 42 39 0.0 0.0 0.0 0.0 30.0 0.0 0.0 0.6899950714637751
45 42 40 0.0 0.0 2.0 0.0 118.0 0.0 1.0 0.6603773584905659
45 42 41 0.0 0.0 4.0 0.0 203.0 2.0 0.0 0.6349206349206349
45 42 42 0.0 0.0 114.0 0.0 2857.0 14.0 63.0 0.282428888440589
45 42 43 0.0 0.0 0.0 0.0 14.0 0.0 0.0 0.6951340615690167
45 42 44 0.0 0.0 0.0 0.0 2.0 0.0 0.0 0.6993006993006992
45 42 45 0.0 0.0 0.0 0.0 2.0 0.0 0.0 0.6993006993006992
45 43 35 0.0 0.0 10.0 0.0 425.0 5.0 2.0 0.5761316872427983
45 43 36 0.0 0.0 0.0 0.0 48.0 0.0 0.0 0.6835937499999999
45 43 37 0.0 0.0 220.0 0.0 4782.0 18.0 232.0 0.20034344590726955
45 43 38 0.0 0.0 2.0 0.0 16.0 0.0 0.0 0.6937561942517343
45 43 39 0.0 0.0 2.0 0.0 61.0 0.0 0.0 0.6786233640329616
45 43 40 0.0 0.0 0.0 0.0 16.0 0.0 0.0 0.694789081885856
45 43 41 0.0 0.0 0.0 0.0 7.0 0.0 0.0 0.6975585450921773
45 43 42 0.0 0.0 0.0 0.0 2.0 0.0 0.0 0.6993006993006992
45 43 43 0.0 0.0 0.0 0.0 2.0 0.0 0.0 0.6993006993006992
45 44 36 0.0 0.0 0.0 0.0 1.0 0.0 0.0 0.6996501749125437
45 44 37 0.0 0.0 0.0 0.0 1.0 0.0 0.0 0.6996501749125437
45 44 38 0.0 0.0 0.0 0.0 1.0 0.0 0.0 0.6996501749125437
45 44 42 0.0 0.0 0.0 0.0 2.0 0.0 0.0 0.6993006993006992
45 44 43 0.0 0.0 0.0 0.0 1.0 0.0 0.0 0.6996501749125437
46 36 39 0.0 0.0 0.0 0.0 4.0 0.0 0.0 0.6986027944111775
46 36 40 0.0 0.0 3.0 0.0 89.0 1.0 0.0 0.669536107125777
46 36 41 0.0 0.0 0.0 0.0 6.0 0.0 0.0 0.6979062811565303
46 36 42 0.0 0.0 0.0 0.0 7.0 0.0 0.0 0.6975585450921773
46 36 43 0.0 0.0 0.0 0.0 4.0 0.0 0.0 0.6986027944111775
46 37 39 0.0 0.0 2.0 0.0 24.0 0.0 0.0 0.6910167818361302
46 37 40 0.0 0.0 0.0 0.0 2.0 0.0 0.0 0.6993006993006992
46 37 41 0.0 0.0 0.0 0.0 11.0 0.0 0.0 0.6961710591745399
46 37 42 0.0 0.0 0.0 0.0 5.0 0.0 0.0 0.6982543640897755
46 37 43 0.0 0.0 0.0 0.0 6.0 0.0 0.0 0.6979062811565303
46 37 44 0.0 0.0 0.0 0.0 1.0 0.0 0.0 0.6996501749125437
46 38 36 0.0 0.0 0.0 0.0 1.0 0.0 0.0 0.6996501749125437
46 38 39 0.0 0.0 0.0 0.0 3.0 0.0 0.0 0.6989515726410384
46 38 40 0.0 0.0 0.0 0.0 7.0 0.0 0.0 0.6975585450921773
46 38 41 0.0 0.0 0.0 0.0 6.0 0.0 0.0 0.6979062811565303
46 38 42 0.0 0.0 0.0 0.0 10.0 0.0 0.0 0.6965174129353233
46 38 43 0.0 0.0 0.0 0.0 9.0 0.0 0.0 0.6968641114982577
46 38 44 0.0 0.0 0.0 0.0 3.0 0.0 0.0 0.6989515726410384
46 39 35 0.0 0.0 0.0 0.0 1.0 0.0 0.0 0.6996501749125437
46 39 36 0.0 0.0 0.0 0.0 2.0 0.0 0.0 0.6993006993006992
46 39 37 0.0 0.0 0.0 0.0 4.0 0.0 0.0 0.6986027944111775
46 39 40 0.0 0.0 0.0 0.0 1.0 0.0 0.0 0.6996501749125437
46 39 41 0.0 0.0 0.0 0.0 8.0 0.0 0.0 0.697211155378486
46 39 42 0.0 0.0 0.0 0.0 1.0 0.0 0.0 0.6996501749125437
46 39 43 0.0 0.0 2.0 0.0 20.0 1.0 0.0 0.6927263730826323
46 39 44 0.0 0.0 4.0 0.0 45.0 0.0 0.0 0.6832601268911663
46 39 45 0.0 0.0 0.0 0.0 4.0 0.0 0.0 0.6986027944111775
46 39 46 0.0 0.0 0.0 0.0 3.0 0.0 0.0 0.6989515726410384
46 40 34 0.0 0.0 0.0 0.0 1.0 0.0 0.0 0.6996501749125437
46 40 35 0.0 0.0 0.0 0.0 5.0 0.0 0.0 0.6982543640897755
46 40 36 0.0 0.0 0.0 0.0 1.0 0.0 0.0 0.6996501749125437
46 40 41 0.0 0.0 1.0 0.0 15.0 0.0 0.0 0.6944444444444444
46 40 42 0.0 0.0 0.0 0.0 3.0 0.0 0.0 0.6989515726410384
46 40 43 0.0 0.0 0.0 0.0 6.0 0.0 0.0 0.6979062811565303
46 40 44 0.0 0.0 0.0 0.0 6.0 0.0 0.0 0.6979062811565303
46 40 45 0.0 0.0 1.0 0.0 33.0 0.0 0.0 0.6882989183874139
46 40 46 0.0 0.0 0.0 0.0 5.0 0.0 0.0 0.6982543640897755
46 41 36 0.0 0.0 1.0 0.0 8.0 1.0 0.0 0.697211155378486
46 41 37 0.0 0.0 0.0 0.0 2.0 0.0 0.0 0.6993006993006992
46 41 38 0.0 0.0 0.0 0.0 1.0 0.0 0.0 0.6996501749125437
46 41 40 0.0 0.0 0.0 0.0 1.0 0.0 0.0 0.6996501749125437
46 41 41 0.0 0.0 4.0 0.0 128.0 0.0 0.0 0.6566604127579737
46 41 42 0.0 0.0 0.0 0.0 4.0 0.0 0.0 0.6986027944111775
46 41 43 0.0 0.0 0.0 0.0 5.0 0.0 0.0 0.6982543640897755
46 41 44 0.0 0.0 0.0 0.0 3.0 1.0 0.0 0.6993006993006992
46 41 45 0.0 0.0 0.0 0.0 1.0 0.0 0.0 0.6996501749125437
46 41 46 0.0 0.0 0.0 0.0 1.0 0.0 0.0 0.6996501749125437
46 42 35 0.0 0.0 0.0 0.0 2.0 0.0 0.0 0.6993006993006992
46 42 36 0.0 0.0 0.0 0.0 4.0 0.0 0.0 0.6986027944111775
46 42 37 0.0 0.0 0.0 0.0 12.0 0.0 0.0 0.6958250497017892
46 42 38 0.0 0.0 0.0 0.0 3.0 0.0 0.0 0.6989515726410384
46 42 40 0.0 0.0 0.0 0.0 6.0 0.0 0.0 0.6979062811565303
46 42 41 0.0 0.0 0.0 0.0 1.0 0.0 0.0 0.6996501749125437
46 42 42 0.0 0.0 0.0 0.0 2.0 0.0 0.0 0.6993006993006992
46 42 43 0.0 0.0 0.0 0.0 1.0 0.0 0.0 0.6996501749125437
46 43 35 0.0 0.0 0.0 0.0 3.0 0.0 0.0 0.6989515726410384
46 43 36 0.0 0.0 0.0 0.0 2.0 0.0 0.0 0.6993006993006992
46 43 37 0.0 0.0 2.0 0.0 7.0 0.0 0.0 0.697211155378486
46 43 38 0.0 0.0 0.0 0.0 4.0 0.0 0.0 0.6986027944111775
46 43 41 0.0 0.0 0.0 0.0 1.0 0.0 0.0 0.6996501749125437
46 44 36 0.0 0.0 0.0 0.0 3.0 0.0 0.0 0.6989515726410384
46 44 37 0.0 0.0 0.0 0.0 2.0 0.0 0.0 0.6993006993006992
46 44 38 0.0 0.0 0.0 0.0 2.0 0.0 0.0 0.6993006993006992
