35 39 38 0.0 0.0 0.0 0.0 1.0 0.0 0.0 0.6996501749125437
35 40 38 0.0 0.0 0.0 0.0 2.0 0.0 0.0 0.6993006993006992
36 36 39 0.0 0.0 0.0 0.0 4.0 0.0 0.0 0.6986027944111775
36 38 38 0.0 0.0 0.0 0.0 2.0 0.0 0.0 0.6993006993006992
36 38 39 0.0 0.0 0.0 0.0 1.0 0.0 0.0 0.6996501749125437
36 38 40 0.0 0.0 6.0 0.0 153.0 1.0 0.0 0.6487488415199257
36 39 38 0.0 0.0 0.0 0.0 11.0 0.0 0.0 0.6961710591745399
36 39 39 0.0 0.0 11.0 0.0 495.0 6.0 2.0 0.5599999999999999
36 39 40 0.0 0.0 0.0 0.0 6.0 0.0 0.0 0.6979062811565303
36 39 41 0.0 0.0 0.0 0.0 1.0 0.0 0.0 0.6996501749125437
36 40 37 0.0 0.0 0.0 0.0 1.0 0.0 0.0 0.6996501749125437
36 40 38 0.0 0.0 31.0 0.0 957.0 7.0 7.0 0.46948356807511726
36 40 39 0.0 0.0 12.0 0.0 336.0 4.0 2.0 0.5972696245733787
36 40 40 0.0 0.0 0.0 0.0 6.0 0.0 0.0 0.6979062811565303
36 40 41 0.0 0.0 0.0 0.0 1.0 0.0 0.0 0.6996501749125437
36 41 38 0.0 0.0 11.0 0.0 172.0 2.0 1.0 0.6422018348623851
36 41 39 0.0 0.0 0.0 0.0 14.0 0.0 0.0 0.6951340615690167
36 41 40 0.0 0.0 2.0 0.0 120.0 1.0 0.0 0.66006600660066
36 41 41 0.0 0.0 0.0 0.0 9.0 0.0 0.0 0.6968641114982577
36 42 39 0.0 0.0 0.0 0.0 1.0 0.0 0.0 0.6996501749125437
36 42 40 0.0 0.0 0.0 0.0 2.0 0.0 0.0 0.6993006993006992
36 42 41 0.0 0.0 0.0 0.0 6.0 0.0 0.0 0.6979062811565303
36 43 39 0.0 0.0 0.0 0.0 7.0 0.0 0.0 0.6975585450921773
36 43 40 0.0 0.0 0.0 0.0 1.0 0.0 0.0 0.6996501749125437
36 43 41 0.0 0.0 0.0 0.0 1.0 0.0 0.0 0.6996501749125437
37 36 39 0.0 0.0 0.0 0.0 1.0 0.0 0.0 0.6996501749125437
37 36 41 0.0 0.0 0.0 0.0 5.0 0.0 0.0 0.6982543640897755
37 37 37 0.0 0.0 0.0 0.0 2.0 0.0 0.0 0.6993006993006992
37 37 38 0.0 0.0 0.0 0.0 10.0 0.0 0.0 0.6965174129353233
37 37 39 0.0 0.0 7.0 0.0 73.0 3.0 0.0 0.6740491092922483
37 37 40 0.0 0.0 106.0 0.0 2486.0 11.0 44.0 0.30561012879283994
37 37 41 0.0 0.0 3.0 0.0 42.0 0.0 0.0 0.6845965770171147
37 37 42 0.0 0.0 0.0 0.0 3.0 0.0 0.0 0.6989515726410384
37 38 37 0.0 0.0 0.0 0.0 18.0 0.0 0.0 0.694100148735746
37 38 38 0.0 0.0 7.0 0.0 205.0 0.0 0.0 0.6331976481230212
37 38 39 0.0 0.0 1.0 0.0 118.0 2.0 0.0 0.6613131790269249
37 38 40 0.0 0.0 0.0 0.0 117.0 0.0 0.0 0.6613131790269249
37 38 41 0.0 0.0 28.0 0.0 753.0 8.0 8.0 0.5048683736025964
37 38 42 0.0 0.0 0.0 0.0 65.0 1.0 0.0 0.6782945736434108
37 38 43 0.0 0.0 0.0 0.0 2.0 0.0 0.0 0.6993006993006992
37 39 37 0.0 0.0 1.0 0.0 19.0 0.0 0.0 0.6930693069306929
37 39 38 0.0 0.0 17.0 0.0 629.0 4.0 1.0 0.529701097237987
37 39 39 0.0 0.0 92.0 0.0 2072.0 11.0 31.0 0.3370245546461242
37 39 40 0.0 0.0 33.0 0.0 859.0 6.0 7.0 0.48510048510048503
37 39 41 0.0 0.0 26.0 0.0 836.0 4.0 2.0 0.48968170689052104
37 39 42 0.0 0.0 0.0 0.0 49.0 0.0 0.0 0.6832601268911663
37 39 43 0.0 0.0 0.0 0.0 9.0 0.0 0.0 0.6968641114982577
37 40 37 0.0 0.0 0.0 0.0 15.0 0.0 0.0 0.694789081885856
37 40 38 0.0 0.0 5.0 0.0 259.0 2.0 0.0 0.6194690265486725
37 40 39 0.0 0.0 364.0 0.0 7687.0 23.0 1118.0 0.13958125623130604
37 40 40 0.0 0.0 135.0 0.0 3543.0 15.0 113.0 0.24717514124293782
37 40 41 0.0 0.0 96.0 0.0 2125.0 15.0 28.0 0.332699619771863
37 40 42 0.0 0.0 0.0 0.0 34.0 0.0 0.0 0.6882989183874139
37 40 43 0.0 0.0 0.0 0.0 4.0 0.0 0.0 0.6986027944111775
37 41 37 0.0 0.0 0.0 0.0 11.0 0.0 0.0 0.6965174129353233
37 41 38 0.0 0.0 3.0 0.0 203.0 2.0 0.0 0.6352087114337567
37 41 39 0.0 0.0 79.0 0.0 2498.0 6.0 43.0 0.30614476273780883
37 41 40 0.0 0.0 29.0 0.0 875.0 5.0 4.0 0.48292514660227653
37 41 41 0.0 0.0 34.0 0.0 1140.0 4.0 4.0 0.4416403785488959
37 41 42 0.0 0.0 0.0 0.0 55.0 0.0 0.0 0.6812652068126519
37 41 43 0.0 0.0 0.0 0.0 8.0 0.0 0.0 0.697211155378486
37 42 38 0.0 0.0 0.0 0.0 64.0 0.0 0.0 0.6782945736434108
37 42 39 0.0 0.0 66.0 0.0 1994.0 7.0 34.0 0.3455083909180651
37 42 40 0.0 0.0 238.0 0.0 4749.0 18.0 197.0 0.2008032128514056
37 42 41 0.0 0.0 31.0 0.0 1001.0 10.0 4.0 0.46326935804103236
37 42 42 0.0 0.0 53.0 0.0 895.0 9.0 2.0 0.47635250085062936
37 42 43 0.0 0.0 0.0 0.0 1.0 0.0 0.0 0.6996501749125437
37 43 38 0.0 0.0 13.0 0.0 189.0 2.0 1.0 0.6363636363636362
37 43 39 0.0 0.0 52.0 0.0 915.0 7.0 2.0 0.47313281514025
37 43 40 0.0 0.0 19.0 0.0 493.0 3.0 3.0 0.5584363781412045
37 43 41 0.0 0.0 2.0 0.0 57.0 1.0 0.0 0.6802721088435373
37 43 42 0.0 0.0 0.0 0.0 17.0 0.0 0.0 0.694100148735746
37 44 39 0.0 0.0 0.0 0.0 1.0 0.0 0.0 0.6996501749125437
37 44 41 0.0 0.0 0.0 0.0 3.0 0.0 0.0 0.6989515726410384
38 36 39 0.0 0.0 0.0 0.0 1.0 0.0 0.0 0.6996501749125437
38 36 40 0.0 0.0 0.0 0.0 8.0 0.0 0.0 0.697211155378486
38 36 41 0.0 0.0 0.0 0.0 27.0 0.0 0.0 0.6906758756783422
38 36 42 0.0 0.0 0.0 0.0 2.0 0.0 0.0 0.6993006993006992
38 36 43 0.0 0.0 0.0 0.0 1.0 0.0 0.0 0.6996501749125437
38 37 36 0.0 0.0 0.0 0.0 5.0 0.0 0.0 0.6982543640897755
38 37 37 0.0 0.0 0.0 0.0 10.0 0.0 0.0 0.6965174129353233
38 37 38 0.0 0.0 1.0 0.0 54.0 0.0 0.0 0.6812652068126519
38 37 39 0.0 0.0 0.0 0.0 201.0 1.0 1.0 0.6363636363636362
38 37 40 0.0 0.0 102.0 0.0 2038.0 13.0 24.0 0.33922946450205954
38 37 41 0.0 0.0 12.0 0.0 209.0 0.0 0.0 0.6306306306306305
38 37 42 0.0 0.0 74.0 0.0 1785.0 13.0 14.0 0.3640145605824232
38 37 43 0.0 0.0 9.0 0.0 193.0 3.0 0.0 0.6366530241018644
38 38 36 0.0 0.0 0.0 0.0 2.0 0.0 0.0 0.6993006993006992
38 38 37 0.0 0.0 0.0 0.0 44.0 0.0 0.0 0.684931506849315
38 38 38 0.0 0.0 191.0 0.0 4544.0 20.0 218.0 0.20839535576064305
38 38 39 0.0 0.0 236.0 0.0 5541.0 14.0 372.0 0.180296200901481
38 38 40 0.0 0.0 480.0 0.0 9157.0 20.0 1854.0 0.12035763411279228
38 38 41 0.0 0.0 385.0 0.0 7837.0 20.0 1040.0 0.13718765311121997
38 38 42 0.0 0.0 98.0 0.0 2374.0 10.0 49.0 0.31369034281873176
38 38 43 0.0 0.0 0.0 0.0 23.0 1.0 0.0 0.6923837784371908
38 39 36 0.0 0.0 0.0 0.0 9.0 0.0 0.0 0.6968641114982577
38 39 37 0.0 0.0 5.0 0.0 129.0 0.0 0.0 0.6560449859418931
38 39 38 0.0 0.0 398.0 0.0 7870.0 21.0 1245.0 0.1365054602184087
38 39 39 0.0 0.0 657.0 0.0 10976.0 23.0 4662.0 0.10272967420017609
38 39 40 0.0 0.0 655.0 0.0 10837.0 32.0 3556.0 0.10391152675721814
38 39 41 0.0 0.0 519.0 0.0 9928.0 29.0 3086.0 0.11259449895447964
38 39 42 0.0 0.0 142.0 0.0 3843.0 12.0 136.0 0.2343488449949782
38 39 43 0.0 0.0 70.0 0.0 1261.0 9.0 3.0 0.42143287176399746
38 39 44 0.0 0.0 0.0 0.0 2.0 0.0 0.0 0.6993006993006992
38 40 37 0.0 0.0 4.0 0.0 129.0 1.0 0.0 0.6569685593618019
38 40 38 0.0 0.0 401.0 0.0 8046.0 22.0 1099.0 0.13420245398773004
38 40 39 0.0 0.0 949.0 0.0 12437.0 27.0 8461.0 0.09105691056910567
38 40 40 0.0 0.0 737.0 0.0 11637.0 34.0 5938.0 0.0974794596852806
38 40 41 0.0 0.0 336.0 0.0 7807.0 22.0 1129.0 0.13825794983211534
38 40 42 0.0 0.0 330.0 0.0 6935.0 23.0 772.0 0.15140045420136258
38 40 43 0.0 0.0 5.0 0.0 102.0 2.0 0.0 0.6657156443176413
38 40 44 0.0 0.0 0.0 0.0 1.0 0.0 0.0 0.6996501749125437
38 41 37 0.0 0.0 4.0 0.0 113.0 2.0 0.0 0.6619385342789597
38 41 38 0.0 0.0 204.0 0.0 4824.0 23.0 253.0 0.1997146932952924
38 41 39 0.0 0.0 666.0 0.0 11143.0 24.0 5278.0 0.1013684744044602
38 41 40 0.0 0.0 824.0 0.0 12110.0 28.0 5628.0 0.09377721213745058
38 41 41 0.0 0.0 430.0 0.0 8326.0 22.0 1422.0 0.13037809647979137
38 41 42 0.0 0.0 81.0 0.0 1609.0 15.0 13.0 0.3809523809523809
38 41 43 0.0 0.0 0.0 0.0 17.0 0.0 0.0 0.694100148735746
38 42 37 0.0 0.0 0.0 0.0 16.0 0.0 0.0 0.6944444444444444
38 42 38 0.0 0.0 178.0 0.0 4029.0 20.0 168.0 0.2262077880109872
38 42 39 0.0 0.0 471.0 0.0 9649.0 22.0 2610.0 0.11561648360723427
38 42 40 0.0 0.0 421.0 0.0 8694.0 14.0 1629.0 0.12598992080633548
38 42 41 0.0 0.0 621.0 0.0 10341.0 26.0 2862.0 0.10806638363566189
38 42 42 0.0 0.0 52.0 0.0 981.0 15.0 5.0 0.46388336646785944
38 42 43 0.0 0.0 0.0 0.0 3.0 0.0 0.0 0.6989515726410384
38 43 37 0.0 0.0 0.0 0.0 6.0 0.0 0.0 0.6979062811565303
38 43 38 0.0 0.0 17.0 0.0 417.0 9.0 2.0 0.5770816158285242
38 43 39 0.0 0.0 19.0 0.0 286.0 2.0 0.0 0.6084311169056931
38 43 40 0.0 0.0 117.0 0.0 2921.0 18.0 52.0 0.2788844621513944
38 43 41 0.0 0.0 52.0 0.0 1201.0 10.0 8.0 0.4316990440949737
38 43 42 0.0 0.0 3.0 0.0 94.0 1.0 0.0 0.6679389312977099
38 43 43 0.0 0.0 0.0 0.0 2.0 0.0 0.0 0.6993006993006992
38 44 38 0.0 0.0 0.0 0.0 1.0 0.0 0.0 0.6996501749125437
38 44 39 0.0 0.0 0.0 0.0 8.0 0.0 0.0 0.697211155378486
38 44 40 0.0 0.0 2.0 0.0 8.0 0.0 0.0 0.6965174129353233
38 44 41 0.0 0.0 0.0 0.0 9.0 0.0 0.0 0.6968641114982577
39 36 37 0.0 0.0 0.0 0.0 3.0 0.0 0.0 0.6989515726410384
39 36 39 0.0 0.0 0.0 0.0 7.0 0.0 0.0 0.6975585450921773
39 36 40 0.0 0.0 0.0 0.0 23.0 0.0 0.0 0.6920415224913494
39 36 41 0.0 0.0 4.0 0.0 127.0 1.0 0.0 0.6575857209957726
39 36 42 0.0 0.0 0.0 0.0 17.0 0.0 0.0 0.694100148735746
39 36 43 0.0 0.0 0.0 0.0 3.0 0.0 0.0 0.6989515726410384
39 37 36 0.0 0.0 0.0 0.0 3.0 0.0 0.0 0.6989515726410384
39 37 37 0.0 0.0 45.0 0.0 987.0 8.0 3.0 0.46280991735537186
39 37 38 0.0 0.0 36.0 0.0 761.0 8.0 2.0 0.5019720329867334
39 37 39 0.0 0.0 7.0 0.0 355.0 4.0 1.0 0.5937234944868531
39 37 40 0.0 0.0 184.0 0.0 4080.0 19.0 170.0 0.22410757163438447
39 37 41 0.0 0.0 415.0 0.0 8018.0 26.0 1076.0 0.13439569933762116
39 37 42 0.0 0.0 216.0 0.0 4506.0 16.0 212.0 0.20873714030117782
39 37 43 0.0 0.0 2.0 0.0 155.0 1.0 0.0 0.6493506493506492
39 38 36 0.0 0.0 1.0 0.0 14.0 1.0 0.0 0.6951340615690167
39 38 37 0.0 0.0 238.0 0.0 5643.0 18.0 461.0 0.17800381436745072
39 38 38 0.0 0.0 233.0 0.0 4862.0 15.0 246.0 0.1976563602993082
39 38 39 0.0 0.0 417.0 0.0 8688.0 32.0 1524.0 0.12634238787113075
39 38 40 0.0 0.0 914.0 0.0 12482.0 40.0 8057.0 0.09099772505687358
39 38 41 0.0 0.0 730.0 0.0 11536.0 20.0 5379.0 0.09812167087188112
39 38 42 0.0 0.0 201.0 0.0 5358.0 19.0 379.0 0.1856271546009016
39 38 43 0.0 0.0 1.0 0.0 94.0 0.0 0.0 0.6682577565632457
39 38 44 0.0 0.0 31.0 0.0 408.0 9.0 1.0 0.5761316872427983
39 39 36 0.0 0.0 7.0 0.0 121.0 1.0 0.0 0.6582040432534085
39 39 37 0.0 0.0 185.0 0.0 3598.0 10.0 105.0 0.2424242424242424
39 39 38 0.0 0.0 490.0 0.0 9152.0 29.0 1807.0 0.12045083025036563
39 39 39 0.0 0.0 1040.0 3.0 12606.0 24.0 11773.0 0.08939403614073174
39 39 40 0.0 0.0 1727.0 1.0 12260.0 47.0 26755.0 0.08758758758758757
39 39 41 0.0 0.0 1330.0 0.0 12700.0 47.0 17498.0 0.087379852702534
39 39 42 0.0 0.0 285.0 0.0 6418.0 22.0 558.0 0.16119746689694875
39 39 43 0.0 0.0 24.0 0.0 479.0 3.0 0.0 0.5599999999999999
39 40 36 0.0 0.0 0.0 0.0 18.0 0.0 0.0 0.6937561942517343
39 40 37 0.0 0.0 51.0 0.0 1402.0 11.0 17.0 0.4066221318617484
39 40 38 0.0 0.0 658.0 0.0 11146.0 26.0 4417.0 0.10146398028699811
39 40 39 2.0 0.0 1862.0 1.0 11930.0 49.0 31062.0 0.08855715098994243
39 40 40 1.0 0.0 1367.0 2.0 12605.0 37.0 18689.0 0.08760402978537012
39 40 41 1.0 0.0 836.0 0.0 12160.0 30.0 8040.0 0.09337690922430467
39 40 42 0.0 0.0 429.0 0.0 8622.0 29.0 1541.0 0.12691505756504395
39 40 43 0.0 0.0 0.0 0.0 89.0 0.0 0.0 0.6701771182383915
39 40 44 0.0 0.0 0.0 0.0 9.0 0.0 0.0 0.6968641114982577
39 41 36 0.0 0.0 0.0 0.0 5.0 0.0 0.0 0.6982543640897755
39 41 37 0.0 0.0 53.0 0.0 1406.0 8.0 13.0 0.4056795131845841
39 41 38 0.0 0.0 462.0 0.0 8816.0 26.0 1567.0 0.12430080795525168
39 41 39 0.0 0.0 1200.0 1.0 12984.0 46.0 12716.0 0.08659079663532904
39 41 40 0.0 0.0 1403.0 0.0 12641.0 45.0 18999.0 0.08728723735893758
39 41 41 0.0 0.0 1173.0 0.0 12828.0 39.0 13586.0 0.08753829800537735
39 41 42 0.0 0.0 257.0 0.0 5970.0 13.0 448.0 0.1703577512776831
39 41 43 0.0 0.0 152.0 0.0 3263.0 20.0 80.0 0.2595476455320726
39 41 44 0.0 0.0 0.0 0.0 4.0 0.0 0.0 0.6986027944111775
39 42 36 0.0 0.0 0.0 0.0 7.0 0.0 0.0 0.6975585450921773
39 42 37 0.0 0.0 25.0 0.0 500.0 5.0 0.0 0.5557761016276299
39 42 38 0.0 0.0 316.0 0.0 6127.0 17.0 509.0 0.1660538488909975
39 42 39 0.0 0.0 332.0 0.0 7163.0 26.0 856.0 0.14781966001478195
39 42 40 0.0 0.0 606.0 0.0 10476.0 29.0 3700.0 0.10715652506697282
39 42 41 0.0 0.0 329.0 0.0 7556.0 21.0 1164.0 0.1418152350081037
39 42 42 0.0 0.0 65.0 0.0 2330.0 10.0 77.0 0.3191246865739685
39 42 43 0.0 0.0 0.0 0.0 13.0 0.0 0.0 0.695479384003974
39 42 44 0.0 0.0 0.0 0.0 4.0 0.0 0.0 0.6986027944111775
39 43 37 0.0 0.0 0.0 0.0 5.0 0.0 0.0 0.6982543640897755
39 43 38 0.0 0.0 4.0 0.0 175.0 2.0 1.0 0.6430868167202571
39 43 39 0.0 0.0 104.0 0.0 2588.0 28.0 46.0 0.3001715265866209
39 43 40 0.0 0.0 371.0 0.0 7451.0 21.0 863.0 0.1427406199021207
39 43 41 0.0 0.0 24.0 0.0 651.0 9.0 2.0 0.5251312828207051
39 43 42 0.0 0.0 104.0 0.0 2496.0 14.0 34.0 0.3052103771528232
39 43 43 0.0 0.0 0.0 0.0 2.0 0.0 0.0 0.6993006993006992
39 44 38 0.0 0.0 0.0 0.0 1.0 0.0 0.0 0.6996501749125437
39 44 39 0.0 0.0 3.0 0.0 120.0 0.0 0.0 0.6594441827602449
39 44 40 0.0 0.0 2.0 0.0 43.0 1.0 0.0 0.684931506849315
39 44 41 0.0 0.0 75.0 0.0 1734.0 13.0 15.0 0.3688092729188619
39 44 42 0.0 0.0 8.0 0.0 102.0 1.0 0.0 0.6638217164532954
39 44 43 0.0 0.0 0.0 0.0 1.0 0.0 0.0 0.6996501749125437
40 35 40 0.0 0.0 0.0 0.0 1.0 0.0 0.0 0.6996501749125437
40 36 37 0.0 0.0 0.0 0.0 1.0 0.0 0.0 0.6996501749125437
40 36 38 0.0 0.0 1.0 0.0 27.0 0.0 0.0 0.690335305719921
40 36 39 0.0 0.0 2.0 0.0 32.0 0.0 0.0 0.6882989183874139
40 36 40 0.0 0.0 0.0 0.0 25.0 0.0 0.0 0.6913580246913579
40 36 41 0.0 0.0 11.0 0.0 402.0 2.0 0.0 0.5809128630705394
40 36 42 0.0 0.0 0.0 0.0 15.0 0.0 0.0 0.694789081885856
40 37 36 0.0 0.0 0.0 0.0 3.0 0.0 0.0 0.6989515726410384
40 37 37 0.0 0.0 0.0 0.0 49.0 0.0 0.0 0.6832601268911663
40 37 38 0.0 0.0 216.0 0.0 4636.0 19.0 217.0 0.2047681731753693
40 37 39 0.0 0.0 64.0 0.0 1322.0 12.0 9.0 0.4149377593360995
40 37 40 0.0 0.0 90.0 0.0 2382.0 14.0 42.0 0.31397174254317106
40 37 41 0.0 0.0 345.0 0.0 7210.0 19.0 891.0 0.1467197652483756
40 37 42 0.0 0.0 93.0 0.0 1715.0 11.0 18.0 0.3688092729188619
40 37 43 0.0 0.0 8.0 0.0 257.0 1.0 0.0 0.618647812638091
40 37 44 0.0 0.0 1.0 0.0 10.0 0.0 0.0 0.6961710591745399
40 38 36 0.0 0.0 0.0 0.0 12.0 0.0 0.0 0.6961710591745399
40 38 37 0.0 0.0 6.0 0.0 215.0 2.0 1.0 0.6309148264984226
40 38 38 0.0 0.0 736.0 0.0 11567.0 26.0 6191.0 0.09788156330839684
40 38 39 0.0 0.0 321.0 0.0 6768.0 16.0 693.0 0.15421899096717337
40 38 40 1.0 0.0 671.0 0.0 11156.0 20.0 4319.0 0.1012878020546954
40 38 41 0.0 0.0 708.0 0.0 11587.0 32.0 5186.0 0.09800490024501224
40 38 42 0.0 0.0 806.0 0.0 11810.0 42.0 5300.0 0.09591011851750358
40 38 43 0.0 0.0 138.0 0.0 3653.0 16.0 134.0 0.242382271468144
40 38 44 0.0 0.0 0.0 0.0 11.0 0.0 0.0 0.6961710591745399
40 39 36 0.0 0.0 2.0 0.0 36.0 0.0 0.0 0.6869479882237487
40 39 37 0.0 0.0 88.0 0.0 2277.0 19.0 36.0 0.32206119162640895
40 39 38 0.0 0.0 445.0 0.0 9128.0 27.0 1980.0 0.12118064571972646
40 39 39 0.0 0.0 1317.0 1.0 12408.0 34.0 18425.0 0.08902454533892916
40 39 40 0.0 0.0 1583.0 1.0 12925.0 48.0 21107.0 0.08484848484848484
40 39 41 0.0 0.0 1680.0 1.0 12472.0 50.0 24681.0 0.08669267446900736
40 39 42 0.0 0.0 727.0 0.0 11402.0 31.0 4117.0 0.0991852639036486
40 39 43 0.0 0.0 188.0 0.0 4532.0 19.0 217.0 0.20892404118788238
40 39 44 0.0 0.0 0.0 0.0 17.0 0.0 0.0 0.694100148735746
40 40 36 0.0 0.0 22.0 0.0 515.0 6.0 1.0 0.5531410509679968
40 40 37 0.0 0.0 355.0 0.0 7901.0 15.0 1304.0 0.13659869255537122
40 40 38 0.0 0.0 530.0 0.0 9973.0 21.0 2968.0 0.11208069810263388
40 40 39 1.0 0.0 1090.0 0.0 12858.0 44.0 12400.0 0.08780732563973907
40 40 40 8.0 8.0 2944.0 16.0 9126.0 91.0 66331.0 0.09939652112176073
40 40 41 0.0 0.0 998.0 1.0 12530.0 29.0 11039.0 0.09015971148892322
40 40 42 0.0 0.0 436.0 0.0 9005.0 23.0 1936.0 0.12252756870295815
40 40 43 0.0 0.0 43.0 0.0 1392.0 6.0 11.0 0.4084014002333722
40 40 44 0.0 0.0 0.0 0.0 11.0 0.0 0.0 0.6965174129353233
40 41 36 0.0 0.0 1.0 0.0 17.0 1.0 0.0 0.694100148735746
40 41 37 0.0 0.0 272.0 0.0 6030.0 21.0 542.0 0.16904129437333976
40 41 38 0.0 0.0 755.0 0.0 11467.0 41.0 5094.0 0.09860543738554725
40 41 39 0.0 0.0 1050.0 5.0 12916.0 30.0 9906.0 0.08768633345859951
40 41 40 0.0 3.0 1221.0 18.0 12755.0 45.0 15206.0 0.0875109388673584
40 41 41 0.0 0.0 1277.0 0.0 12653.0 36.0 16219.0 0.08786243253420359
40 41 42 0.0 0.0 307.0 0.0 6465.0 18.0 698.0 0.1598538479104818
40 41 43 0.0 0.0 159.0 0.0 3781.0 22.0 136.0 0.23644654619152164
40 41 44 0.0 0.0 0.0 0.0 10.0 0.0 0.0 0.6965174129353233
40 42 36 0.0 0.0 38.0 0.0 703.0 13.0 0.0 0.5131964809384163
40 42 37 0.0 0.0 54.0 0.0 1607.0 7.0 16.0 0.3831417624521072
40 42 38 0.0 0.0 214.0 0.0 4947.0 21.0 263.0 0.19599608007839842
40 42 39 0.0 0.0 820.0 0.0 11944.0 28.0 8198.0 0.09485094850948508
40 42 40 0.0 0.0 347.0 3.0 7518.0 23.0 1054.0 0.14218972171440175
40 42 41 0.0 0.0 720.0 0.0 11415.0 30.0 4475.0 0.09915014164305949
40 42 42 0.0 0.0 90.0 0.0 2100.0 17.0 32.0 0.3354900551162233
40 42 43 0.0 0.0 2.0 0.0 48.0 1.0 0.0 0.6832601268911663
40 42 44 0.0 0.0 5.0 0.0 76.0 1.0 0.0 0.6730769230769229
40 43 37 0.0 0.0 2.0 0.0 55.0 1.0 0.0 0.6809338521400777
40 43 38 0.0 0.0 0.0 0.0 88.0 0.0 0.0 0.6704980842911876
40 43 39 0.0 0.0 133.0 0.0 2749.0 18.0 48.0 0.287828947368421
40 43 40 0.0 0.0 305.0 0.0 6111.0 16.0 483.0 0.1665675193337299
40 43 41 0.0 0.0 66.0 0.0 1483.0 13.0 13.0 0.39603960396039595
40 43 42 0.0 0.0 7.0 0.0 183.0 2.0 0.0 0.639853747714808
40 43 43 0.0 0.0 0.0 0.0 6.0 1.0 0.0 0.6982543640897755
40 44 38 0.0 0.0 0.0 0.0 1.0 0.0 0.0 0.6996501749125437
40 44 39 0.0 0.0 4.0 0.0 96.0 1.0 0.0 0.6673021925643469
40 44 40 0.0 0.0 3.0 0.0 32.0 0.0 0.0 0.6879606879606879
40 44 41 0.0 0.0 0.0 0.0 9.0 0.0 0.0 0.6968641114982577
40 44 42 0.0 0.0 0.0 0.0 1.0 0.0 0.0 0.6996501749125437
40 45 41 0.0 0.0 0.0 0.0 1.0 0.0 0.0 0.6996501749125437
41 35 39 0.0 0.0 0.0 0.0 1.0 0.0 0.0 0.6996501749125437
41 35 40 0.0 0.0 0.0 0.0 2.0 0.0 0.0 0.6993006993006992
41 36 37 0.0 0.0 0.0 0.0 3.0 0.0 0.0 0.6989515726410384
41 36 38 0.0 0.0 0.0 0.0 15.0 0.0 0.0 0.6951340615690167
41 36 39 0.0 0.0 118.0 0.0 2984.0 19.0 71.0 0.2754820936639118
41 36 40 0.0 0.0 2.0 0.0 55.0 1.0 0.0 0.6809338521400777
41 36 41 0.0 0.0 0.0 0.0 29.0 0.0 0.0 0.690335305719921
41 36 42 0.0 0.0 0.0 0.0 23.0 0.0 0.0 0.6920415224913494
41 36 43 0.0 0.0 2.0 0.0 39.0 2.0 0.0 0.6866110838646394
41 37 37 0.0 0.0 0.0 0.0 44.0 0.0 0.0 0.684931506849315
41 37 38 0.0 0.0 9.0 0.0 279.0 4.0 0.0 0.6129597197898423
41 37 39 0.0 0.0 236.0 0.0 5636.0 12.0 464.0 0.17811704834605596
41 37 40 0.0 0.0 139.0 0.0 3391.0 17.0 98.0 0.2538991657598839
41 37 41 0.0 0.0 178.0 0.0 3801.0 12.0 132.0 0.23466309084813944
41 37 42 0.0 0.0 247.0 0.0 4528.0 22.0 186.0 0.20728457210541898
41 37 43 0.0 0.0 89.0 0.0 1884.0 17.0 27.0 0.35389282103134473
41 37 44 0.0 0.0 0.0 0.0 6.0 0.0 0.0 0.6979062811565303
41 38 37 0.0 0.0 62.0 0.0 1106.0 16.0 7.0 0.44416243654822324
41 38 38 0.0 0.0 209.0 0.0 4792.0 18.0 271.0 0.2002861230329041
41 38 39 0.0 0.0 545.0 0.0 10057.0 27.0 2851.0 0.1112523839796567
41 38 40 0.0 0.0 812.0 0.0 11899.0 26.0 6737.0 0.09519923840609275
41 38 41 0.0 0.0 742.0 0.0 11682.0 27.0 6152.0 0.09706718435831657
41 38 42 0.0 0.0 786.0 0.0 11994.0 25.0 7776.0 0.09478672985781988
41 38 43 0.0 0.0 160.0 0.0 4138.0 14.0 177.0 0.2226817241927787
41 38 44 0.0 0.0 9.0 0.0 132.0 2.0 0.0 0.6545114539504441
41 39 36 0.0 0.0 6.0 0.0 90.0 1.0 0.0 0.6682577565632457
41 39 37 0.0 0.0 5.0 0.0 357.0 1.0 1.0 0.5932203389830507
41 39 38 0.0 0.0 447.0 0.0 8919.0 28.0 1647.0 0.12333715091181392
41 39 39 0.0 0.0 948.0 2.0 12493.0 27.0 9402.0 0.09069707178025394
41 39 40 0.0 0.0 1799.0 0.0 11864.0 26.0 29638.0 0.08926294312675337
41 39 41 1.0 0.0 2233.0 0.0 11055.0 59.0 41166.0 0.09152719665271965
41 39 42 0.0 0.0 855.0 0.0 12275.0 33.0 6694.0 0.09262322196493548
41 39 43 0.0 0.0 160.0 0.0 3977.0 16.0 161.0 0.22860875244937945
41 39 44 0.0 0.0 4.0 0.0 104.0 1.0 0.0 0.6644518272425248
41 40 35 0.0 0.0 0.0 0.0 1.0 0.0 0.0 0.6996501749125437
41 40 36 0.0 0.0 74.0 0.0 1878.0 12.0 29.0 0.35523978685612784
41 40 37 0.0 0.0 89.0 0.0 2016.0 8.0 22.0 0.3416300634455831
41 40 38 0.0 0.0 631.0 0.0 10859.0 39.0 3873.0 0.1040118870728083
41 40 39 0.0 0.0 1490.0 0.0 12353.0 44.0 21678.0 0.08841174613198609
41 40 40 0.0 0.0 841.0 11.0 12316.0 34.0 6053.0 0.09239094568732263
41 40 41 0.0 0.0 1365.0 1.0 12871.0 41.0 17116.0 0.0862546978005052
41 40 42 0.0 0.0 1009.0 0.0 12505.0 40.0 10644.0 0.09030510223827645
41 40 43 0.0 0.0 355.0 0.0 7659.0 27.0 1213.0 0.13999999999999999
41 40 44 0.0 0.0 28.0 0.0 508.0 7.0 0.0 0.55357848952155
41 41 36 0.0 0.0 1.0 0.0 22.0 0.0 0.0 0.6920415224913494
41 41 37 0.0 0.0 283.0 0.0 5735.0 21.0 368.0 0.1750218777347168
41 41 38 0.0 0.0 444.0 0.0 8893.0 22.0 1874.0 0.1236203090507726
41 41 39 0.0 0.0 1153.0 1.0 12664.0 37.0 12843.0 0.08854034910194788
41 41 40 0.0 0.0 1583.0 0.0 11991.0 51.0 25633.0 0.0899396119748169
41 41 41 0.0 1.0 773.0 7.0 11385.0 20.0 4529.0 0.09886307464162135
41 41 42 0.0 0.0 279.0 0.0 5906.0 27.0 410.0 0.17146356399265153
41 41 43 0.0 0.0 95.0 0.0 2041.0 13.0 26.0 0.33964095099466274
41 41 44 0.0 0.0 0.0 0.0 11.0 0.0 0.0 0.6961710591745399
41 42 36 0.0 0.0 6.0 0.0 127.0 2.0 0.0 0.6569685593618019
41 42 37 0.0 0.0 44.0 0.0 1072.0 10.0 5.0 0.4507405022537025
41 42 38 0.0 0.0 103.0 0.0 2271.0 24.0 39.0 0.32183908045977005
41 42 39 0.0 0.0 228.0 0.0 5133.0 19.0 316.0 0.19068373740125305
41 42 40 0.0 0.0 385.0 0.0 8214.0 16.0 1378.0 0.1321752265861027
41 42 41 0.0 0.0 394.0 0.0 7920.0 22.0 1109.0 0.13592233009708737
41 42 42 0.0 0.0 45.0 0.0 1414.0 8.0 11.0 0.4056795131845841
41 42 43 0.0 0.0 0.0 0.0 14.0 0.0 0.0 0.6951340615690167
41 42 44 0.0 0.0 0.0 0.0 1.0 0.0 0.0 0.6996501749125437
41 43 37 0.0 0.0 0.0 0.0 3.0 0.0 0.0 0.6989515726410384
41 43 38 0.0 0.0 1.0 0.0 98.0 1.0 0.0 0.6673021925643469
41 43 39 0.0 0.0 113.0 0.0 2348.0 19.0 31.0 0.3151024082826918
41 43 40 0.0 0.0 11.0 0.0 351.0 3.0 1.0 0.5934718100890207
41 43 41 0.0 0.0 33.0 0.0 891.0 12.0 6.0 0.48076923076923067
41 43 42 0.0 0.0 77.0 0.0 1569.0 7.0 11.0 0.38472107721901616
41 43 43 0.0 0.0 0.0 0.0 1.0 0.0 0.0 0.6996501749125437
41 44 38 0.0 0.0 2.0 0.0 19.0 0.0 0.0 0.6927263730826323
41 44 39 0.0 0.0 0.0 0.0 1.0 0.0 0.0 0.6996501749125437
41 44 40 0.0 0.0 0.0 0.0 5.0 0.0 0.0 0.6982543640897755
41 44 41 0.0 0.0 1.0 0.0 5.0 0.0 0.0 0.6979062811565303
41 44 43 0.0 0.0 0.0 0.0 1.0 0.0 0.0 0.6996501749125437
42 35 38 0.0 0.0 0.0 0.0 2.0 0.0 0.0 0.6993006993006992
42 36 38 0.0 0.0 0.0 0.0 6.0 0.0 0.0 0.6979062811565303
42 36 39 0.0 0.0 30.0 0.0 456.0 5.0 0.0 0.5642885933091495
42 36 40 0.0 0.0 1.0 0.0 39.0 0.0 0.0 0.6866110838646394
42 36 41 0.0 0.0 5.0 0.0 152.0 3.0 0.0 0.649953574744661
42 36 42 0.0 0.0 0.0 0.0 12.0 0.0 0.0 0.6958250497017892
42 36 43 0.0 0.0 0.0 0.0 9.0 0.0 0.0 0.6968641114982577
42 36 44 0.0 0.0 0.0 0.0 4.0 0.0 0.0 0.6986027944111775
42 37 37 0.0 0.0 0.0 0.0 5.0 0.0 0.0 0.6982543640897755
42 37 38 0.0 0.0 1.0 0.0 70.0 0.0 0.0 0.6760019314340897
42 37 39 0.0 0.0 153.0 0.0 3119.0 13.0 62.0 0.26615969581749044
42 37 40 0.0 0.0 425.0 0.0 8490.0 24.0 1623.0 0.128428584533529
42 37 41 0.0 0.0 314.0 0.0 6532.0 22.0 650.0 0.15860428231562249
42 37 42 0.0 0.0 32.0 0.0 869.0 4.0 7.0 0.48325854332067647
42 37 43 0.0 0.0 140.0 0.0 3945.0 12.0 181.0 0.23049061573921628
42 37 44 0.0 0.0 0.0 0.0 4.0 0.0 0.0 0.6986027944111775
42 38 37 0.0 0.0 0.0 0.0 21.0 0.0 0.0 0.6927263730826323
42 38 38 0.0 0.0 134.0 0.0 3367.0 15.0 106.0 0.2551950419248997
42 38 39 0.0 0.0 303.0 0.0 7075.0 16.0 959.0 0.14950875694147797
42 38 40 0.0 0.0 848.0 0.0 12060.0 32.0 8207.0 0.09392821200939282
42 38 41 0.0 0.0 979.0 0.0 12480.0 34.0 9180.0 0.09053870529651425
42 38 42 0.0 0.0 267.0 0.0 6022.0 16.0 530.0 0.1691229765643875
42 38 43 0.0 0.0 15.0 0.0 582.0 5.0 4.0 0.5403319181783095
42 38 44 0.0 0.0 0.0 0.0 6.0 0.0 0.0 0.6979062811565303
42 39 37 0.0 0.0 48.0 0.0 1518.0 16.0 13.0 0.3944773175542406
42 39 38 0.0 0.0 144.0 0.0 3108.0 25.0 73.0 0.2677888293802601
42 39 39 0.0 0.0 523.0 0.0 9423.0 20.0 2143.0 0.11731188201776435
42 39 40 0.0 0.0 876.0 0.0 12271.0 31.0 8192.0 0.0924824943849914
42 39 41 0.0 0.0 740.0 0.0 11641.0 30.0 5253.0 0.09741841207988308
42 39 42 0.0 0.0 954.0 0.0 12606.0 32.0 9021.0 0.08992805755395683
42 39 43 0.0 0.0 41.0 0.0 1009.0 10.0 3.0 0.46052631578947356
42 39 44 0.0 0.0 1.0 0.0 34.0 1.0 0.0 0.6882989183874139
42 40 36 0.0 0.0 0.0 0.0 9.0 0.0 0.0 0.6968641114982577
42 40 37 0.0 0.0 16.0 0.0 276.0 8.0 0.0 0.6129597197898423
42 40 38 0.0 0.0 538.0 0.0 10281.0 17.0 3320.0 0.10922140739584957
42 40 39 0.0 0.0 565.0 0.0 9944.0 23.0 2433.0 0.11205378581719223
42 40 40 0.0 0.0 760.0 0.0 11891.0 27.0 6339.0 0.09556966345825652
42 40 41 0.0 0.0 798.0 0.0 11966.0 21.0 5784.0 0.09485094850948508
42 40 42 0.0 0.0 716.0 0.0 11532.0 22.0 4963.0 0.09828699803426003
42 40 43 0.0 0.0 186.0 0.0 4031.0 20.0 129.0 0.22584287788352958
42 40 44 0.0 0.0 10.0 0.0 189.0 2.0 0.0 0.6372325898953117
42 41 36 0.0 0.0 0.0 0.0 2.0 0.0 0.0 0.6993006993006992
42 41 37 0.0 0.0 3.0 0.0 144.0 0.0 0.0 0.6520726595249184
42 41 38 0.0 0.0 283.0 0.0 6302.0 24.0 567.0 0.16341776584568693
42 41 39 0.0 0.0 439.0 0.0 8205.0 18.0 1160.0 0.1316779533483822
42 41 40 0.0 0.0 405.0 0.0 8577.0 18.0 1789.0 0.12759752096244986
42 41 41 0.0 0.0 73.0 0.0 2374.0 11.0 56.0 0.31567080045095824
42 41 42 0.0 0.0 341.0 0.0 7737.0 21.0 1221.0 0.139137348439674
42 41 43 0.0 0.0 67.0 0.0 1326.0 9.0 3.0 0.41358936484490394
42 41 44 0.0 0.0 0.0 0.0 7.0 0.0 0.0 0.6975585450921773
42 42 36 0.0 0.0 0.0 0.0 5.0 0.0 0.0 0.6982543640897755
42 42 37 0.0 0.0 0.0 0.0 38.0 0.0 0.0 0.6869479882237487
42 42 38 0.0 0.0 275.0 0.0 6173.0 14.0 536.0 0.1659357591560981
42 42 39 0.0 0.0 317.0 0.0 7085.0 18.0 852.0 0.1491265445249254
42 42 40 0.0 0.0 81.0 0.0 2512.0 11.0 69.0 0.30567685589519644
42 42 41 0.0 0.0 388.0 0.0 7986.0 25.0 1185.0 0.13517427826590708
42 42 42 0.0 0.0 10.0 0.0 180.0 3.0 0.0 0.6401463191586647
42 42 43 0.0 0.0 0.0 0.0 22.0 0.0 0.0 0.6923837784371908
42 43 37 0.0 0.0 0.0 0.0 6.0 0.0 0.0 0.6979062811565303
42 43 38 0.0 0.0 2.0 0.0 32.0 0.0 0.0 0.6882989183874139
42 43 39 0.0 0.0 0.0 0.0 35.0 0.0 0.0 0.6879606879606879
42 43 40 0.0 0.0 0.0 0.0 56.0 0.0 0.0 0.6809338521400777
42 43 41 0.0 0.0 13.0 0.0 211.0 3.0 0.0 0.6303466906798738
42 43 42 0.0 0.0 6.0 0.0 145.0 2.0 0.0 0.6514657980456026
42 44 40 0.0 0.0 0.0 0.0 1.0 0.0 0.0 0.6996501749125437
42 44 41 0.0 0.0 0.0 0.0 1.0 0.0 0.0 0.6996501749125437
43 36 39 0.0 0.0 3.0 0.0 51.0 1.0 0.0 0.6819288845591815
43 36 40 0.0 0.0 0.0 0.0 12.0 0.0 0.0 0.6958250497017892
43 36 41 0.0 0.0 2.0 0.0 31.0 0.0 0.0 0.6886374815543531
43 36 42 0.0 0.0 0.0 0.0 4.0 0.0 0.0 0.6986027944111775
43 37 38 0.0 0.0 0.0 0.0 5.0 0.0 0.0 0.6982543640897755
43 37 39 0.0 0.0 1.0 0.0 84.0 0.0 1.0 0.6714628297362109
43 37 40 0.0 0.0 30.0 0.0 680.0 9.0 4.0 0.5183265457238059
43 37 41 0.0 0.0 47.0 0.0 1141.0 11.0 10.0 0.4406672961913755
43 37 42 0.0 0.0 3.0 0.0 110.0 2.0 0.0 0.6631927996210326
43 37 43 0.0 0.0 30.0 0.0 547.0 5.0 2.0 0.5443234836702955
43 37 44 0.0 0.0 0.0 0.0 1.0 0.0 0.0 0.6996501749125437
43 38 38 0.0 0.0 4.0 0.0 42.0 1.0 0.0 0.6845965770171147
43 38 39 0.0 0.0 11.0 0.0 529.0 0.0 2.0 0.5511811023622046
43 38 40 0.0 0.0 136.0 0.0 2904.0 23.0 70.0 0.2791068580542264
43 38 41 0.0 0.0 173.0 0.0 4401.0 20.0 210.0 0.21351227695592492
43 38 42 0.0 0.0 117.0 0.0 2990.0 16.0 74.0 0.27494108405341705
43 38 43 0.0 0.0 81.0 0.0 1584.0 16.0 16.0 0.3837719298245614
43 38 44 0.0 0.0 0.0 0.0 3.0 0.0 0.0 0.6989515726410384
43 39 37 0.0 0.0 0.0 0.0 23.0 0.0 0.0 0.6920415224913494
43 39 38 0.0 0.0 14.0 0.0 343.0 5.0 0.0 0.5952380952380951
43 39 39 0.0 0.0 115.0 0.0 2757.0 18.0 55.0 0.2883625128733264
43 39 40 0.0 0.0 285.0 0.0 6463.0 20.0 635.0 0.16036655211912942
43 39 41 0.0 0.0 111.0 0.0 2507.0 13.0 50.0 0.3040173724212812
43 39 42 0.0 0.0 247.0 0.0 5331.0 19.0 349.0 0.18511172815020493
43 39 43 0.0 0.0 166.0 0.0 3538.0 22.0 98.0 0.2463487594580327
43 39 44 0.0 0.0 0.0 0.0 7.0 0.0 0.0 0.6975585450921773
43 40 36 0.0 0.0 0.0 0.0 3.0 0.0 0.0 0.6989515726410384
43 40 37 0.0 0.0 5.0 0.0 77.0 1.0 0.0 0.6727534839019701
43 40 38 0.0 0.0 113.0 0.0 2712.0 18.0 49.0 0.2913025384935497
43 40 39 0.0 0.0 110.0 0.0 2280.0 14.0 38.0 0.31999999999999995
43 40 40 0.0 0.0 150.0 0.0 3768.0 13.0 137.0 0.23708721422523282
43 40 41 0.0 0.0 322.0 0.0 6947.0 18.0 823.0 0.15126958400864396
43 40 42 0.0 0.0 95.0 0.0 2079.0 15.0 24.0 0.3367003367003366
43 40 43 0.0 0.0 61.0 0.0 1234.0 15.0 6.0 0.42669917708015836
43 40 44 0.0 0.0 1.0 0.0 14.0 0.0 0.0 0.694789081885856
43 41 36 0.0 0.0 0.0 0.0 4.0 0.0 0.0 0.6986027944111775
43 41 37 0.0 0.0 220.0 0.0 4654.0 17.0 247.0 0.20408163265306117
43 41 38 0.0 0.0 1.0 0.0 104.0 1.0 0.0 0.6653992395437262
43 41 39 0.0 0.0 104.0 0.0 2116.0 15.0 30.0 0.3330954080418748
43 41 40 0.0 0.0 363.0 0.0 6345.0 29.0 473.0 0.1612160294795025
43 41 41 0.0 0.0 7.0 0.0 365.0 2.0 0.0 0.590717299578059
43 41 42 0.0 0.0 44.0 0.0 1130.0 11.0 5.0 0.4426177679418273
43 41 43 0.0 0.0 8.0 0.0 273.0 4.0 0.0 0.6148440931049626
43 41 44 0.0 0.0 0.0 0.0 2.0 0.0 0.0 0.6993006993006992
43 42 37 0.0 0.0 1.0 0.0 39.0 0.0 0.0 0.6866110838646394
43 42 38 0.0 0.0 2.0 0.0 84.0 0.0 0.0 0.6711409395973154
43 42 39 0.0 0.0 38.0 0.0 1044.0 9.0 6.0 0.4555808656036446
43 42 40 0.0 0.0 13.0 0.0 509.0 3.0 1.0 0.5559968228752977
43 42 41 0.0 0.0 1.0 0.0 32.0 0.0 0.0 0.6886374815543531
43 42 42 0.0 0.0 0.0 0.0 24.0 0.0 0.0 0.6916996047430829
43 42 43 0.0 0.0 0.0 0.0 10.0 0.0 0.0 0.6965174129353233
43 43 35 0.0 0.0 0.0 0.0 1.0 0.0 0.0 0.6996501749125437
43 43 37 0.0 0.0 0.0 0.0 5.0 0.0 0.0 0.6982543640897755
43 43 38 0.0 0.0 0.0 0.0 10.0 0.0 0.0 0.6965174129353233
43 43 39 0.0 0.0 0.0 0.0 24.0 1.0 0.0 0.6920415224913494
43 43 40 0.0 0.0 0.0 0.0 15.0 0.0 0.0 0.694789081885856
43 43 41 0.0 0.0 0.0 0.0 19.0 0.0 0.0 0.6934125804853887
43 43 42 0.0 0.0 0.0 0.0 10.0 0.0 0.0 0.6965174129353233
44 37 40 0.0 0.0 0.0 0.0 4.0 0.0 0.0 0.6986027944111775
44 37 41 0.0 0.0 0.0 0.0 4.0 0.0 0.0 0.6986027944111775
44 37 42 0.0 0.0 0.0 0.0 3.0 0.0 0.0 0.6989515726410384
44 37 43 0.0 0.0 0.0 0.0 1.0 0.0 0.0 0.6996501749125437
44 38 38 0.0 0.0 1.0 0.0 12.0 0.0 0.0 0.695479384003974
44 38 39 0.0 0.0 0.0 0.0 14.0 0.0 0.0 0.6951340615690167
44 38 40 0.0 0.0 0.0 0.0 12.0 0.0 0.0 0.6958250497017892
44 38 41 0.0 0.0 29.0 0.0 549.0 10.0 1.0 0.5451713395638628
44 38 42 0.0 0.0 0.0 0.0 7.0 0.0 0.0 0.6975585450921773
44 38 43 0.0 0.0 0.0 0.0 4.0 0.0 0.0 0.6986027944111775
44 38 44 0.0 0.0 0.0 0.0 1.0 0.0 0.0 0.6996501749125437
44 39 38 0.0 0.0 0.0 0.0 6.0 0.0 0.0 0.6979062811565303
44 39 39 0.0 0.0 0.0 0.0 5.0 1.0 0.0 0.6986027944111775
44 39 40 0.0 0.0 0.0 0.0 37.0 0.0 0.0 0.6872852233676975
44 39 41 0.0 0.0 12.0 0.0 137.0 2.0 0.0 0.6520726595249184
44 39 42 0.0 0.0 0.0 0.0 24.0 0.0 0.0 0.6916996047430829
44 39 43 0.0 0.0 0.0 0.0 3.0 0.0 0.0 0.6989515726410384
44 39 44 0.0 0.0 0.0 0.0 1.0 0.0 0.0 0.6996501749125437
44 40 36 0.0 0.0 8.0 0.0 50.0 2.0 0.0 0.6809338521400777
44 40 37 0.0 0.0 0.0 0.0 2.0 0.0 0.0 0.6993006993006992
44 40 38 0.0 0.0 0.0 0.0 3.0 0.0 0.0 0.6989515726410384
44 40 39 0.0 0.0 1.0 0.0 27.0 0.0 0.0 0.690335305719921
44 40 40 0.0 0.0 9.0 0.0 128.0 1.0 0.0 0.6554307116104868
44 40 41 0.0 0.0 0.0 0.0 18.0 0.0 0.0 0.6937561942517343
44 40 42 0.0 0.0 1.0 0.0 35.0 0.0 0.0 0.6876227897838899
44 40 43 0.0 0.0 1.0 0.0 13.0 0.0 0.0 0.6951340615690167
44 40 44 0.0 0.0 3.0 0.0 95.0 0.0 0.0 0.6673021925643469
44 41 36 0.0 0.0 0.0 0.0 3.0 0.0 0.0 0.6989515726410384
44 41 37 0.0 0.0 0.0 0.0 6.0 0.0 0.0 0.6979062811565303
44 41 38 0.0 0.0 0.0 0.0 6.0 0.0 0.0 0.6979062811565303
44 41 39 0.0 0.0 0.0 0.0 6.0 0.0 0.0 0.6979062811565303
44 41 40 0.0 0.0 0.0 0.0 15.0 0.0 0.0 0.694789081885856
44 41 41 0.0 0.0 64.0 0.0 1335.0 9.0 8.0 0.4129793510324483
44 41 42 0.0 0.0 0.0 0.0 11.0 0.0 0.0 0.6961710591745399
44 41 43 0.0 0.0 0.0 0.0 1.0 0.0 0.0 0.6996501749125437
44 41 44 0.0 0.0 0.0 0.0 1.0 0.0 0.0 0.6996501749125437
44 42 36 0.0 0.0 37.0 0.0 763.0 10.0 0.0 0.5017921146953404
44 42 37 0.0 0.0 0.0 0.0 5.0 0.0 0.0 0.6982543640897755
44 42 38 0.0 0.0 0.0 0.0 3.0 0.0 0.0 0.6989515726410384
44 42 39 0.0 0.0 0.0 0.0 1.0 0.0 0.0 0.6996501749125437
44 42 40 0.0 0.0 0.0 0.0 5.0 0.0 0.0 0.6986027944111775
44 42 41 0.0 0.0 0.0 0.0 2.0 0.0 0.0 0.6993006993006992
44 42 44 0.0 0.0 0.0 0.0 1.0 0.0 0.0 0.6996501749125437
45 40 40 0.0 0.0 0.0 0.0 1.0 0.0 0.0 0.6996501749125437
45 42 41 0.0 0.0 0.0 0.0 1.0 0.0 0.0 0.6996501749125437
