39 39 39 0.0 0.0 0.0 0.0 2.0 0.0 0.0 0.6993006993006992
39 39 40 0.0 0.0 1.0 0.0 16.0 0.0 0.0 0.694100148735746
39 39 41 0.0 0.0 1.0 0.0 9.0 0.0 0.0 0.6965174129353233
39 40 39 1.0 0.0 12.0 0.0 174.0 1.0 1.0 0.6404391582799633
39 40 40 0.0 0.0 2.0 1.0 28.0 0.0 0.0 0.6893156080748399
39 40 41 0.0 0.0 0.0 0.0 7.0 0.0 0.0 0.6975585450921773
39 41 39 0.0 0.0 0.0 0.0 6.0 0.0 0.0 0.6979062811565303
39 41 40 0.0 0.0 2.0 0.0 52.0 0.0 0.0 0.6815968841285296
39 41 41 0.0 0.0 0.0 0.0 2.0 0.0 0.0 0.6993006993006992
40 39 39 0.0 0.0 2.0 0.0 60.0 1.0 0.0 0.6792819019893255
40 39 40 0.0 0.0 1.0 0.0 16.0 0.0 0.0 0.694100148735746
40 39 41 0.0 0.0 1.0 0.0 8.0 0.0 0.0 0.6968641114982577
40 40 39 0.0 0.0 0.0 0.0 13.0 0.0 0.0 0.695479384003974
40 40 40 13.0 2.0 364.0 88.0 7231.0 24.0 857.0 0.1446280991735537
40 40 41 0.0 0.0 0.0 0.0 10.0 0.0 0.0 0.6965174129353233
40 41 39 0.0 0.0 0.0 0.0 2.0 0.0 0.0 0.6993006993006992
40 41 40 0.0 0.0 0.0 0.0 8.0 0.0 0.0 0.697211155378486
40 41 41 0.0 0.0 0.0 0.0 12.0 0.0 0.0 0.6958250497017892
41 39 39 0.0 0.0 0.0 0.0 1.0 0.0 0.0 0.6996501749125437
41 39 40 0.0 0.0 8.0 0.0 202.0 2.0 0.0 0.6340579710144926
41 39 41 0.0 0.0 65.0 0.0 1653.0 15.0 27.0 0.37807183364839314
41 39 42 0.0 0.0 0.0 0.0 1.0 0.0 0.0 0.6996501749125437
41 40 39 0.0 0.0 0.0 0.0 5.0 0.0 0.0 0.6982543640897755
41 40 40 0.0 0.0 0.0 1.0 6.0 0.0 0.0 0.6975585450921773
41 40 41 0.0 0.0 0.0 0.0 12.0 0.0 0.0 0.6958250497017892
41 41 39 0.0 0.0 0.0 0.0 8.0 0.0 0.0 0.697211155378486
41 41 40 0.0 0.0 0.0 0.0 7.0 0.0 0.0 0.6975585450921773
41 41 41 0.0 0.0 0.0 0.0 5.0 0.0 0.0 0.6982543640897755
