39 39 40 0.0 0.0 0.0 0.0 8.0 0.0 0.0 0.697211155378486
39 40 41 0.0 0.0 0.0 0.0 1.0 0.0 0.0 0.6996501749125437
39 41 39 0.0 0.0 0.0 0.0 3.0 0.0 0.0 0.6989515726410384
39 41 40 0.0 0.0 0.0 0.0 1.0 0.0 0.0 0.6996501749125437
40 39 39 0.0 0.0 0.0 0.0 1.0 0.0 0.0 0.6996501749125437
40 39 40 0.0 0.0 0.0 0.0 4.0 0.0 0.0 0.6986027944111775
40 39 41 0.0 0.0 0.0 0.0 1.0 0.0 0.0 0.6996501749125437
40 40 39 0.0 0.0 0.0 0.0 2.0 0.0 0.0 0.6993006993006992
40 40 40 13.0 2.0 175.0 59.0 3631.0 15.0 122.0 0.23866348448687347
40 41 39 0.0 0.0 0.0 0.0 1.0 0.0 0.0 0.6996501749125437
40 41 40 0.0 0.0 0.0 0.0 1.0 0.0 0.0 0.6996501749125437
40 41 41 0.0 0.0 0.0 0.0 1.0 0.0 0.0 0.6996501749125437
41 39 40 0.0 0.0 0.0 0.0 2.0 0.0 0.0 0.6993006993006992
41 39 41 0.0 0.0 10.0 0.0 185.0 2.0 0.0 0.6383948928408572
41 40 39 0.0 0.0 0.0 0.0 1.0 0.0 0.0 0.6996501749125437
41 41 39 0.0 0.0 0.0 0.0 1.0 0.0 0.0 0.6996501749125437
41 41 40 0.0 0.0 0.0 0.0 3.0 0.0 0.0 0.6989515726410384
41 41 41 0.0 0.0 0.0 0.0 2.0 0.0 0.0 0.6993006993006992
