35 37 41 0.0 0.0 0.0 0.0 3.0 0.0 0.0 0.6989515726410384
35 38 39 0.0 0.0 0.0 0.0 3.0 0.0 0.0 0.6989515726410384
35 38 40 0.0 0.0 5.0 0.0 94.0 2.0 0.0 0.6676204101096804
35 38 41 0.0 0.0 0.0 0.0 3.0 0.0 0.0 0.6989515726410384
35 39 37 0.0 0.0 0.0 0.0 9.0 0.0 0.0 0.6968641114982577
35 39 38 0.0 0.0 2.0 0.0 43.0 0.0 0.0 0.6845965770171147
35 39 39 0.0 0.0 0.0 0.0 16.0 0.0 0.0 0.6944444444444444
35 39 40 0.0 0.0 0.0 0.0 5.0 0.0 0.0 0.6982543640897755
35 39 41 0.0 0.0 0.0 0.0 1.0 0.0 0.0 0.6996501749125437
35 40 37 0.0 0.0 0.0 0.0 13.0 0.0 0.0 0.695479384003974
35 40 38 0.0 0.0 10.0 0.0 158.0 3.0 0.0 0.6466512702078521
35 40 39 0.0 0.0 0.0 0.0 28.0 0.0 0.0 0.690335305719921
35 40 40 0.0 0.0 1.0 0.0 21.0 1.0 0.0 0.6927263730826323
35 40 41 0.0 0.0 0.0 0.0 1.0 0.0 0.0 0.6996501749125437
35 41 37 0.0 0.0 0.0 0.0 5.0 0.0 0.0 0.6982543640897755
35 41 38 0.0 0.0 0.0 0.0 16.0 0.0 0.0 0.6944444444444444
35 41 39 0.0 0.0 0.0 0.0 13.0 0.0 0.0 0.695479384003974
35 41 40 0.0 0.0 0.0 0.0 8.0 0.0 0.0 0.697211155378486
35 42 37 0.0 0.0 0.0 0.0 7.0 0.0 0.0 0.6975585450921773
35 42 38 0.0 0.0 0.0 0.0 2.0 0.0 0.0 0.6993006993006992
35 42 39 0.0 0.0 0.0 0.0 5.0 0.0 0.0 0.6982543640897755
36 36 38 0.0 0.0 0.0 0.0 5.0 0.0 0.0 0.6982543640897755
36 36 39 0.0 0.0 0.0 0.0 22.0 0.0 0.0 0.6923837784371908
36 36 40 0.0 0.0 0.0 0.0 24.0 0.0 0.0 0.6916996047430829
36 36 41 0.0 0.0 0.0 0.0 15.0 0.0 0.0 0.694789081885856
36 37 37 0.0 0.0 0.0 0.0 1.0 0.0 0.0 0.6996501749125437
36 37 38 0.0 0.0 1.0 0.0 14.0 1.0 0.0 0.6951340615690167
36 37 39 0.0 0.0 0.0 0.0 23.0 0.0 0.0 0.6920415224913494
36 37 40 0.0 0.0 1.0 0.0 46.0 0.0 0.0 0.6839276990718123
36 37 41 0.0 0.0 0.0 0.0 39.0 0.0 0.0 0.6866110838646394
36 37 42 0.0 0.0 1.0 0.0 3.0 0.0 0.0 0.6986027944111775
36 38 37 0.0 0.0 0.0 0.0 7.0 0.0 0.0 0.6975585450921773
36 38 38 0.0 0.0 0.0 0.0 29.0 1.0 0.0 0.690335305719921
36 38 39 0.0 0.0 0.0 0.0 40.0 0.0 0.0 0.6862745098039215
36 38 40 0.0 0.0 158.0 0.0 4109.0 9.0 182.0 0.22371364653243844
36 38 41 0.0 0.0 8.0 0.0 136.0 1.0 0.0 0.6532897806812878
36 38 42 0.0 0.0 0.0 0.0 8.0 0.0 0.0 0.697211155378486
36 39 37 0.0 0.0 2.0 0.0 46.0 2.0 0.0 0.6842619745845552
36 39 38 0.0 0.0 3.0 0.0 148.0 2.0 0.0 0.6514657980456026
36 39 39 0.0 0.0 211.0 0.0 4930.0 14.0 307.0 0.19629837352776217
36 39 40 0.0 0.0 96.0 0.0 2530.0 16.0 35.0 0.30362177401865104
36 39 41 0.0 0.0 0.0 0.0 53.0 0.0 0.0 0.6819288845591815
36 39 42 0.0 0.0 0.0 0.0 27.0 0.0 0.0 0.6906758756783422
36 40 36 0.0 0.0 0.0 0.0 1.0 0.0 0.0 0.6996501749125437
36 40 37 0.0 0.0 2.0 0.0 37.0 1.0 0.0 0.6869479882237487
36 40 38 0.0 0.0 378.0 0.0 7224.0 20.0 874.0 0.1460310837592573
36 40 39 0.0 0.0 206.0 0.0 5029.0 16.0 328.0 0.19398642095053345
36 40 40 0.0 0.0 8.0 0.0 423.0 5.0 0.0 0.5773195876288658
36 40 41 0.0 0.0 11.0 0.0 218.0 3.0 0.0 0.6289308176100628
36 40 42 0.0 0.0 0.0 0.0 25.0 0.0 0.0 0.6913580246913579
36 40 43 0.0 0.0 0.0 0.0 3.0 0.0 0.0 0.6989515726410384
36 41 37 0.0 0.0 8.0 0.0 166.0 1.0 0.0 0.6442705936493326
36 41 38 0.0 0.0 280.0 0.0 5424.0 20.0 311.0 0.18210197710718
36 41 39 0.0 0.0 2.0 0.0 131.0 1.0 0.0 0.6569685593618019
36 41 40 0.0 0.0 144.0 0.0 2937.0 10.0 53.0 0.2760796687043975
36 41 41 0.0 0.0 26.0 0.0 540.0 6.0 2.0 0.5468749999999999
36 41 42 0.0 0.0 26.0 0.0 451.0 7.0 1.0 0.5670311867152693
36 41 43 0.0 0.0 0.0 0.0 2.0 0.0 0.0 0.6993006993006992
36 42 37 0.0 0.0 0.0 0.0 5.0 0.0 0.0 0.6982543640897755
36 42 38 0.0 0.0 28.0 0.0 748.0 7.0 4.0 0.5055976886962801
36 42 39 0.0 0.0 0.0 0.0 87.0 1.0 0.0 0.6711409395973154
36 42 40 0.0 0.0 30.0 0.0 800.0 6.0 4.0 0.49575070821529743
36 42 41 0.0 0.0 5.0 0.0 129.0 1.0 0.0 0.6563525550867322
36 42 42 0.0 0.0 4.0 0.0 71.0 1.0 0.0 0.6750241080038573
36 42 43 0.0 0.0 31.0 0.0 754.0 9.0 3.0 0.5043227665706052
36 43 38 0.0 0.0 1.0 0.0 18.0 0.0 0.0 0.6934125804853887
36 43 39 0.0 0.0 1.0 0.0 137.0 1.0 0.0 0.6551240056153486
36 43 40 0.0 0.0 1.0 0.0 66.0 0.0 0.0 0.6773101112723753
36 43 41 0.0 0.0 0.0 0.0 34.0 0.0 0.0 0.6882989183874139
36 43 42 0.0 0.0 1.0 0.0 13.0 0.0 0.0 0.6951340615690167
36 43 43 0.0 0.0 0.0 0.0 6.0 0.0 0.0 0.6979062811565303
36 44 37 0.0 0.0 0.0 0.0 3.0 0.0 0.0 0.6989515726410384
36 44 38 0.0 0.0 0.0 0.0 2.0 0.0 0.0 0.6993006993006992
36 44 39 0.0 0.0 8.0 0.0 161.0 4.0 0.0 0.6466512702078521
36 44 40 0.0 0.0 0.0 0.0 8.0 0.0 0.0 0.697211155378486
36 44 41 0.0 0.0 7.0 0.0 189.0 1.0 0.0 0.6378132118451024
36 44 42 0.0 0.0 3.0 0.0 72.0 0.0 0.0 0.6746987951807227
37 36 37 0.0 0.0 0.0 0.0 4.0 0.0 0.0 0.6986027944111775
37 36 38 0.0 0.0 0.0 0.0 10.0 0.0 0.0 0.6965174129353233
37 36 39 0.0 0.0 0.0 0.0 36.0 0.0 0.0 0.6879606879606879
37 36 40 0.0 0.0 2.0 0.0 87.0 0.0 0.0 0.6701771182383915
37 36 41 0.0 0.0 1.0 0.0 88.0 0.0 0.0 0.6701771182383915
37 36 42 0.0 0.0 1.0 0.0 25.0 0.0 0.0 0.6910167818361302
37 36 43 0.0 0.0 19.0 0.0 386.0 7.0 1.0 0.5838198498748957
37 36 44 0.0 0.0 0.0 0.0 4.0 0.0 0.0 0.6986027944111775
37 37 37 0.0 0.0 0.0 0.0 33.0 0.0 0.0 0.6886374815543531
37 37 38 0.0 0.0 1.0 0.0 102.0 1.0 0.0 0.6660323501427211
37 37 39 0.0 0.0 176.0 0.0 4299.0 14.0 182.0 0.21665119158155363
37 37 40 0.0 0.0 467.0 0.0 8886.0 24.0 1791.0 0.123543946346629
37 37 41 0.0 0.0 149.0 0.0 3255.0 14.0 114.0 0.2597402597402597
37 37 42 0.0 0.0 9.0 0.0 222.0 4.0 0.0 0.6286484059272563
37 37 43 0.0 0.0 10.0 0.0 267.0 2.0 0.0 0.6153846153846153
37 37 44 0.0 0.0 0.0 0.0 1.0 0.0 0.0 0.6996501749125437
37 38 36 0.0 0.0 0.0 0.0 3.0 0.0 0.0 0.6989515726410384
37 38 37 0.0 0.0 1.0 0.0 119.0 0.0 0.0 0.6606890042472864
37 38 38 0.0 0.0 164.0 0.0 4195.0 20.0 172.0 0.22082018927444794
37 38 39 0.0 0.0 114.0 0.0 2850.0 17.0 77.0 0.2830570157703194
37 38 40 0.0 0.0 58.0 0.0 1649.0 11.0 16.0 0.3786854206113064
37 38 41 0.0 0.0 246.0 0.0 6098.0 20.0 586.0 0.1680672268907563
37 38 42 0.0 0.0 11.0 0.0 577.0 10.0 2.0 0.543056633048875
37 38 43 0.0 0.0 40.0 0.0 627.0 5.0 1.0 0.5259203606311044
37 38 44 0.0 0.0 14.0 0.0 248.0 5.0 0.0 0.620292423571112
37 39 37 0.0 0.0 113.0 0.0 2378.0 20.0 41.0 0.31312905390292994
37 39 38 0.0 0.0 250.0 0.0 5884.0 16.0 461.0 0.17237133710908642
37 39 39 0.0 0.0 427.0 0.0 8805.0 17.0 1525.0 0.12475494564248794
37 39 40 0.0 0.0 333.0 0.0 7089.0 20.0 757.0 0.1487462813429664
37 39 41 0.0 0.0 254.0 0.0 6113.0 17.0 508.0 0.1675843907110366
37 39 42 0.0 0.0 30.0 0.0 782.0 6.0 2.0 0.49893086243763357
37 39 43 0.0 0.0 2.0 0.0 137.0 1.0 0.0 0.6548175865294666
37 39 44 0.0 0.0 0.0 0.0 3.0 0.0 0.0 0.6989515726410384
37 40 36 0.0 0.0 2.0 0.0 47.0 0.0 0.0 0.6832601268911663
37 40 37 0.0 0.0 12.0 0.0 344.0 3.0 0.0 0.5949851253718657
37 40 38 0.0 0.0 143.0 0.0 3991.0 14.0 180.0 0.22875816993464046
37 40 39 0.0 0.0 843.0 0.0 12101.0 30.0 7238.0 0.0937269866773783
37 40 40 0.0 0.0 466.0 0.0 9559.0 21.0 2438.0 0.11649192877350639
37 40 41 0.0 0.0 399.0 0.0 8410.0 22.0 1459.0 0.1297257227575982
37 40 42 0.0 0.0 129.0 0.0 2834.0 15.0 73.0 0.2828854314002828
37 40 43 0.0 0.0 40.0 0.0 793.0 8.0 1.0 0.49557522123893794
37 40 44 0.0 0.0 0.0 0.0 8.0 0.0 0.0 0.697211155378486
37 40 45 0.0 0.0 0.0 0.0 1.0 0.0 0.0 0.6996501749125437
37 41 36 0.0 0.0 21.0 0.0 432.0 2.0 0.0 0.5711954304365564
37 41 37 0.0 0.0 48.0 0.0 1074.0 8.0 1.0 0.44958253050738595
37 41 38 0.0 0.0 98.0 0.0 2600.0 9.0 52.0 0.29857112390701634
37 41 39 0.0 0.0 396.0 0.0 8353.0 21.0 1535.0 0.13034168140769015
37 41 40 0.0 0.0 379.0 0.0 7382.0 23.0 873.0 0.14370765756518167
37 41 41 0.0 0.0 266.0 0.0 6451.0 16.0 665.0 0.16079016882967725
37 41 42 0.0 0.0 46.0 0.0 1453.0 10.0 13.0 0.40126110633419315
37 41 43 0.0 0.0 10.0 0.0 288.0 1.0 0.0 0.6094906399651718
37 41 44 0.0 0.0 0.0 0.0 3.0 0.0 0.0 0.6989515726410384
37 42 37 0.0 0.0 7.0 0.0 122.0 2.0 0.0 0.6582040432534085
37 42 38 0.0 0.0 28.0 0.0 1204.0 8.0 9.0 0.43424317617866
37 42 39 0.0 0.0 380.0 0.0 7805.0 22.0 1241.0 0.1376462491397109
37 42 40 0.0 0.0 636.0 0.0 10942.0 33.0 3781.0 0.10324483775811208
37 42 41 0.0 0.0 276.0 0.0 6651.0 11.0 701.0 0.1570034765055512
37 42 42 0.0 0.0 368.0 0.0 7271.0 23.0 877.0 0.14542432741248568
37 42 43 0.0 0.0 2.0 0.0 57.0 1.0 0.0 0.6802721088435373
37 43 35 0.0 0.0 0.0 0.0 1.0 0.0 0.0 0.6996501749125437
37 43 37 0.0 0.0 2.0 0.0 38.0 0.0 0.0 0.6862745098039215
37 43 38 0.0 0.0 192.0 0.0 4709.0 19.0 244.0 0.20339968037193082
37 43 39 0.0 0.0 283.0 0.0 6719.0 30.0 797.0 0.15600624024960996
37 43 40 0.0 0.0 257.0 0.0 5756.0 19.0 453.0 0.17510944340212628
37 43 41 0.0 0.0 129.0 0.0 3495.0 17.0 92.0 0.2496878901373283
37 43 42 0.0 0.0 10.0 0.0 472.0 3.0 2.0 0.5647438483259378
37 43 43 0.0 0.0 11.0 0.0 209.0 1.0 1.0 0.6309148264984226
37 44 37 0.0 0.0 0.0 0.0 5.0 0.0 0.0 0.6982543640897755
37 44 38 0.0 0.0 0.0 0.0 11.0 0.0 0.0 0.6961710591745399
37 44 39 0.0 0.0 8.0 0.0 215.0 2.0 1.0 0.6303466906798738
37 44 40 0.0 0.0 6.0 0.0 214.0 5.0 1.0 0.6320541760722347
37 44 41 0.0 0.0 41.0 0.0 879.0 7.0 3.0 0.48060418812221073
37 44 42 0.0 0.0 4.0 0.0 74.0 3.0 0.0 0.6746987951807227
37 44 43 0.0 0.0 0.0 0.0 1.0 0.0 0.0 0.6996501749125437
37 45 39 0.0 0.0 0.0 0.0 1.0 0.0 0.0 0.6996501749125437
38 35 41 0.0 0.0 0.0 0.0 3.0 0.0 0.0 0.6989515726410384
38 35 42 0.0 0.0 0.0 0.0 1.0 0.0 0.0 0.6996501749125437
38 36 36 0.0 0.0 0.0 0.0 4.0 0.0 0.0 0.6986027944111775
38 36 37 0.0 0.0 8.0 0.0 126.0 0.0 0.0 0.6560449859418931
38 36 38 0.0 0.0 4.0 0.0 114.0 1.0 0.0 0.6613131790269249
38 36 39 0.0 0.0 2.0 0.0 132.0 1.0 0.0 0.6563525550867322
38 36 40 0.0 0.0 50.0 0.0 1100.0 11.0 7.0 0.4461440407903122
38 36 41 0.0 0.0 28.0 0.0 755.0 5.0 2.0 0.5039596832253418
38 36 42 0.0 0.0 1.0 0.0 121.0 0.0 0.0 0.66006600660066
38 36 43 0.0 0.0 1.0 0.0 53.0 1.0 0.0 0.6819288845591815
38 36 44 0.0 0.0 0.0 0.0 5.0 0.0 0.0 0.6982543640897755
38 37 36 0.0 0.0 24.0 0.0 531.0 5.0 0.0 0.5490196078431372
38 37 37 0.0 0.0 1.0 0.0 144.0 0.0 0.0 0.6526806526806526
38 37 38 0.0 0.0 212.0 0.0 4542.0 19.0 198.0 0.20783847980997625
38 37 39 0.0 0.0 105.0 0.0 2582.0 9.0 54.0 0.2994011976047904
38 37 40 0.0 0.0 441.0 0.0 8816.0 28.0 1569.0 0.12457732692649935
38 37 41 0.0 0.0 209.0 0.0 4974.0 17.0 283.0 0.19533975163945858
38 37 42 0.0 0.0 395.0 0.0 8078.0 18.0 1318.0 0.1337920489296636
38 37 43 0.0 0.0 239.0 0.0 5150.0 23.0 332.0 0.1900366499253427
38 37 44 0.0 0.0 3.0 0.0 46.0 0.0 0.0 0.6832601268911663
38 37 45 0.0 0.0 0.0 0.0 8.0 0.0 0.0 0.697211155378486
38 38 35 0.0 0.0 0.0 0.0 2.0 0.0 0.0 0.6993006993006992
38 38 36 0.0 0.0 9.0 0.0 286.0 3.0 0.0 0.6108202443280977
38 38 37 0.0 0.0 43.0 0.0 1279.0 12.0 9.0 0.4229607250755286
38 38 38 0.0 0.0 537.0 0.0 10297.0 33.0 3300.0 0.10919585055767879
38 38 39 0.0 0.0 645.0 0.0 11212.0 23.0 4466.0 0.10105384726432798
38 38 40 0.0 0.0 1012.0 0.0 12664.0 31.0 9969.0 0.08931419457735246
38 38 41 0.0 0.0 900.0 0.0 12340.0 22.0 7416.0 0.0918936659008861
38 38 42 0.0 0.0 549.0 0.0 9530.0 35.0 1947.0 0.11616329239960171
38 38 43 0.0 0.0 31.0 0.0 792.0 4.0 0.0 0.4968062455642299
38 38 44 0.0 0.0 1.0 0.0 44.0 0.0 0.0 0.6845965770171147
38 38 45 0.0 0.0 4.0 0.0 57.0 0.0 0.0 0.6792819019893255
38 39 35 0.0 0.0 0.0 0.0 3.0 0.0 0.0 0.6989515726410384
38 39 36 0.0 0.0 1.0 0.0 87.0 1.0 0.0 0.670819357930043
38 39 37 0.0 0.0 185.0 0.0 4466.0 17.0 216.0 0.2110022607385079
38 39 38 0.0 0.0 881.0 0.0 12212.0 33.0 7926.0 0.09278897136797455
38 39 39 0.0 0.0 1216.0 0.0 12500.0 35.0 16216.0 0.08906985621580352
38 39 40 0.0 0.0 1302.0 0.0 13285.0 42.0 14575.0 0.08445945945945946
38 39 41 0.0 0.0 1143.0 0.0 12889.0 30.0 12354.0 0.0873307965816231
38 39 42 0.0 0.0 492.0 0.0 9764.0 16.0 2563.0 0.11423908608731129
38 39 43 0.0 0.0 417.0 0.0 7986.0 26.0 1181.0 0.1348357892709236
38 39 44 0.0 0.0 3.0 0.0 105.0 2.0 0.0 0.664767331433998
38 39 45 0.0 0.0 0.0 0.0 2.0 0.0 0.0 0.6993006993006992
38 40 35 0.0 0.0 0.0 0.0 2.0 0.0 0.0 0.6993006993006992
38 40 36 0.0 0.0 1.0 0.0 73.0 1.0 0.0 0.6753497346840327
38 40 37 0.0 0.0 248.0 0.0 5155.0 15.0 285.0 0.18941956433500198
38 40 38 0.0 0.0 890.0 0.0 12514.0 35.0 7704.0 0.09096225066597362
38 40 39 0.0 0.0 1708.0 0.0 12561.0 43.0 24320.0 0.08604265257206072
38 40 40 0.0 0.0 1489.0 0.0 12933.0 41.0 18901.0 0.08523592085235919
38 40 41 0.0 0.0 838.0 0.0 12099.0 26.0 7282.0 0.09374581491897682
38 40 42 0.0 0.0 775.0 0.0 11905.0 29.0 6294.0 0.09542635130529614
38 40 43 0.0 0.0 218.0 0.0 4825.0 14.0 240.0 0.19908987485779292
38 40 44 0.0 0.0 0.0 0.0 36.0 0.0 0.0 0.6876227897838899
38 41 36 0.0 0.0 1.0 0.0 24.0 1.0 0.0 0.6916996047430829
38 41 37 0.0 0.0 146.0 0.0 3539.0 10.0 124.0 0.24669603524229072
38 41 38 0.0 0.0 604.0 0.0 10788.0 26.0 3764.0 0.1046337817638266
38 41 39 0.0 0.0 1300.0 0.0 12569.0 32.0 17233.0 0.08823344047393962
38 41 40 0.0 0.0 1491.0 0.0 12998.0 43.0 18989.0 0.0849256900212314
38 41 41 0.0 0.0 937.0 0.0 12633.0 35.0 8642.0 0.08998585936495693
38 41 42 0.0 0.0 515.0 0.0 9200.0 24.0 1581.0 0.11964789334244934
38 41 43 0.0 0.0 24.0 0.0 609.0 6.0 1.0 0.5329272934906736
38 41 44 0.0 0.0 20.0 0.0 505.0 6.0 1.0 0.5557761016276299
38 42 36 0.0 0.0 31.0 0.0 681.0 7.0 0.0 0.5175600739371533
38 42 37 0.0 0.0 125.0 0.0 2845.0 15.0 68.0 0.28248587570621464
38 42 38 0.0 0.0 542.0 0.0 10193.0 19.0 2941.0 0.10995052226498074
38 42 39 0.0 0.0 996.0 0.0 12502.0 34.0 11256.0 0.09039839865693806
38 42 40 0.0 0.0 910.0 0.0 12385.0 32.0 8939.0 0.09158707313881982
38 42 41 0.0 0.0 1122.0 0.0 12767.0 37.0 12719.0 0.08804477705804666
38 42 42 0.0 0.0 404.0 0.0 7944.0 27.0 1071.0 0.1356326293354001
38 42 43 0.0 0.0 1.0 0.0 118.0 0.0 0.0 0.6606890042472864
38 42 44 0.0 0.0 0.0 0.0 10.0 0.0 0.0 0.6965174129353233
38 43 36 0.0 0.0 0.0 0.0 5.0 0.0 0.0 0.6982543640897755
38 43 37 0.0 0.0 49.0 0.0 1257.0 4.0 9.0 0.423985463355542
38 43 38 0.0 0.0 253.0 0.0 5755.0 17.0 370.0 0.1751970967338255
38 43 39 0.0 0.0 265.0 0.0 5515.0 23.0 327.0 0.18048214515921102
38 43 40 0.0 0.0 454.0 0.0 9079.0 17.0 1982.0 0.12146451500954362
38 43 41 0.0 0.0 367.0 0.0 7733.0 23.0 1064.0 0.13877874702616969
38 43 42 0.0 0.0 200.0 0.0 4041.0 18.0 147.0 0.2248273647021037
38 43 43 0.0 0.0 3.0 0.0 62.0 0.0 0.0 0.6779661016949151
38 44 37 0.0 0.0 0.0 0.0 3.0 0.0 0.0 0.6989515726410384
38 44 38 0.0 0.0 3.0 0.0 54.0 1.0 0.0 0.6809338521400777
38 44 39 0.0 0.0 27.0 0.0 581.0 10.0 2.0 0.5388760585065434
38 44 40 0.0 0.0 84.0 0.0 1905.0 14.0 27.0 0.35220125786163514
38 44 41 0.0 0.0 157.0 0.0 3220.0 26.0 76.0 0.2616333395626985
38 44 42 0.0 0.0 1.0 0.0 49.0 1.0 0.0 0.6832601268911663
38 44 43 0.0 0.0 0.0 0.0 11.0 0.0 0.0 0.6961710591745399
38 45 38 0.0 0.0 0.0 0.0 1.0 0.0 0.0 0.6996501749125437
38 45 39 0.0 0.0 0.0 0.0 2.0 0.0 0.0 0.6993006993006992
38 45 40 0.0 0.0 13.0 0.0 226.0 1.0 1.0 0.6255585344057193
38 45 41 0.0 0.0 35.0 0.0 903.0 4.0 1.0 0.4771642808452624
38 45 42 0.0 0.0 0.0 0.0 8.0 0.0 0.0 0.697211155378486
38 45 43 0.0 0.0 0.0 0.0 3.0 0.0 0.0 0.6989515726410384
39 35 38 0.0 0.0 0.0 0.0 1.0 0.0 0.0 0.6996501749125437
39 35 39 0.0 0.0 0.0 0.0 4.0 0.0 0.0 0.6986027944111775
39 35 41 0.0 0.0 4.0 0.0 56.0 0.0 0.0 0.6796116504854368
39 35 42 0.0 0.0 1.0 0.0 69.0 0.0 0.0 0.6763285024154588
39 36 36 0.0 0.0 6.0 0.0 121.0 1.0 0.0 0.6585136406396989
39 36 37 0.0 0.0 3.0 0.0 94.0 2.0 0.0 0.6685768863419292
39 36 38 0.0 0.0 93.0 0.0 1879.0 17.0 23.0 0.35389282103134473
39 36 39 0.0 0.0 0.0 0.0 94.0 0.0 0.0 0.6685768863419292
39 36 40 0.0 0.0 47.0 0.0 1271.0 10.0 4.0 0.42334442092530994
39 36 41 0.0 0.0 172.0 0.0 4053.0 17.0 172.0 0.2254428341384863
39 36 42 0.0 0.0 42.0 0.0 950.0 7.0 4.0 0.4690117252931323
39 36 43 0.0 0.0 3.0 0.0 116.0 2.0 0.0 0.6613131790269249
39 36 44 0.0 0.0 0.0 0.0 4.0 0.0 0.0 0.6986027944111775
39 36 45 0.0 0.0 0.0 0.0 2.0 0.0 0.0 0.6993006993006992
39 37 36 0.0 0.0 3.0 0.0 121.0 0.0 0.0 0.6591337099811675
39 37 37 0.0 0.0 424.0 0.0 7940.0 24.0 1019.0 0.13530491930028027
39 37 38 0.0 0.0 308.0 0.0 6704.0 31.0 685.0 0.1557979078566659
39 37 39 0.0 0.0 277.0 0.0 5465.0 17.0 311.0 0.18115942028985507
39 37 40 0.0 0.0 585.0 0.0 10367.0 21.0 3044.0 0.10815822002472186
39 37 41 0.0 0.0 914.0 0.0 12589.0 23.0 7793.0 0.09025852620720778
39 37 42 0.0 0.0 680.0 0.0 11055.0 23.0 3704.0 0.10199621156928455
39 37 43 0.0 0.0 104.0 0.0 2707.0 12.0 56.0 0.2917274432173369
39 37 44 0.0 0.0 0.0 0.0 30.0 1.0 0.0 0.6899950714637751
39 37 45 0.0 0.0 0.0 0.0 3.0 0.0 0.0 0.6989515726410384
39 38 35 0.0 0.0 0.0 0.0 1.0 0.0 0.0 0.6996501749125437
39 38 36 0.0 0.0 44.0 0.0 1160.0 10.0 10.0 0.43832185347526603
39 38 37 0.0 0.0 578.0 0.0 10607.0 29.0 4246.0 0.10633449794926324
39 38 38 0.0 0.0 682.0 0.0 11145.0 30.0 3931.0 0.1013317892298784
39 38 39 0.0 0.0 939.0 0.0 12599.0 35.0 8883.0 0.09010168618869865
39 38 40 0.0 0.0 1611.0 0.0 12814.0 43.0 23198.0 0.0851996105160662
39 38 41 0.0 0.0 1386.0 0.0 12816.0 44.0 17962.0 0.08648381517173213
39 38 42 0.0 0.0 580.0 0.0 10753.0 25.0 3986.0 0.10507355148604021
39 38 43 0.0 0.0 131.0 0.0 3180.0 14.0 81.0 0.26430054747970544
39 38 44 0.0 0.0 297.0 0.0 6467.0 18.0 560.0 0.15999999999999998
39 38 45 0.0 0.0 0.0 0.0 6.0 0.0 0.0 0.6979062811565303
39 39 35 0.0 0.0 0.0 0.0 10.0 0.0 0.0 0.6965174129353233
39 39 36 0.0 0.0 202.0 0.0 4275.0 22.0 190.0 0.2168525402726146
39 39 37 0.0 0.0 645.0 0.0 10673.0 30.0 3086.0 0.10529482551143199
39 39 38 0.0 0.0 1040.0 0.0 12746.0 24.0 10105.0 0.08871427666180849
39 39 39 0.0 0.0 1873.0 1.0 12375.0 50.0 28807.0 0.08612204724409449
39 39 40 0.0 0.0 2665.0 0.0 10608.0 69.0 51103.0 0.09165302782324057
39 39 41 0.0 0.0 2175.0 0.0 11547.0 57.0 38040.0 0.08909819894354992
39 39 42 0.0 0.0 825.0 0.0 12008.0 31.0 5451.0 0.0944478175807866
39 39 43 0.0 0.0 320.0 0.0 6412.0 25.0 532.0 0.16079016882967725
39 39 44 0.0 0.0 3.0 0.0 117.0 2.0 1.0 0.6610009442870631
39 39 45 0.0 0.0 0.0 0.0 7.0 0.0 0.0 0.6975585450921773
39 40 35 0.0 0.0 0.0 0.0 12.0 0.0 0.0 0.6958250497017892
39 40 36 0.0 0.0 18.0 0.0 676.0 5.0 0.0 0.520639642989959
39 40 37 0.0 0.0 311.0 0.0 7292.0 18.0 960.0 0.1460767946577629
39 40 38 0.0 0.0 1268.0 0.0 12943.0 38.0 15857.0 0.08634513383495744
39 40 39 2.0 0.0 2760.0 0.0 10034.0 68.0 56531.0 0.09466495368179051
39 40 40 1.0 0.0 2360.0 0.0 11764.0 47.0 39753.0 0.08669267446900736
39 40 41 1.0 1.0 1600.0 0.0 12641.0 45.0 23035.0 0.08620689655172413
39 40 42 0.0 0.0 982.0 0.0 12649.0 40.0 9040.0 0.08963441961713296
39 40 43 0.0 0.0 114.0 0.0 2693.0 13.0 57.0 0.29203170629954106
39 40 44 0.0 0.0 50.0 0.0 1460.0 12.0 21.0 0.39999999999999997
39 41 35 0.0 0.0 0.0 0.0 8.0 0.0 0.0 0.697211155378486
39 41 36 0.0 0.0 25.0 0.0 325.0 4.0 0.0 0.5967604433077578
39 41 37 0.0 0.0 338.0 0.0 7361.0 27.0 1046.0 0.14465798718743542
39 41 38 0.0 0.0 1000.0 0.0 12729.0 40.0 9314.0 0.0890925289550719
39 41 39 0.0 0.0 2105.0 0.0 12349.0 45.0 31540.0 0.08507018290089323
39 41 40 0.0 0.0 2312.0 0.0 11546.0 59.0 40315.0 0.08833922261484098
39 41 41 0.0 0.0 1968.0 0.0 12057.0 69.0 32212.0 0.08745627186406796
39 41 42 0.0 0.0 696.0 0.0 11388.0 32.0 4749.0 0.09949541610404376
39 41 43 0.0 0.0 540.0 0.0 9830.0 25.0 2452.0 0.11327777328262803
39 41 44 0.0 0.0 3.0 0.0 78.0 0.0 0.0 0.6727534839019701
39 42 35 0.0 0.0 0.0 0.0 14.0 0.0 0.0 0.6951340615690167
39 42 36 0.0 0.0 34.0 0.0 796.0 8.0 1.0 0.49627791563275425
39 42 37 0.0 0.0 318.0 0.0 6296.0 26.0 551.0 0.16296123850541264
39 42 38 0.0 0.0 755.0 0.0 11863.0 22.0 5273.0 0.09581166164796057
39 42 39 0.0 0.0 801.0 1.0 11971.0 30.0 6524.0 0.09477389656106146
39 42 40 0.0 0.0 1204.0 0.0 12863.0 24.0 14103.0 0.08710259441299073
39 42 41 0.0 0.0 847.0 0.0 12061.0 29.0 7190.0 0.09398496240601503
39 42 42 0.0 0.0 320.0 0.0 7824.0 19.0 1422.0 0.13820335636722603
39 42 43 0.0 0.0 28.0 0.0 738.0 8.0 3.0 0.5077983315197678
39 42 44 0.0 0.0 2.0 0.0 52.0 1.0 0.0 0.6819288845591815
39 42 45 0.0 0.0 0.0 0.0 3.0 0.0 0.0 0.6989515726410384
39 43 35 0.0 0.0 24.0 0.0 495.0 4.0 2.0 0.5566600397614313
39 43 36 0.0 0.0 0.0 0.0 13.0 0.0 0.0 0.695479384003974
39 43 37 0.0 0.0 61.0 0.0 1340.0 7.0 9.0 0.412492634060106
39 43 38 0.0 0.0 183.0 0.0 4120.0 25.0 180.0 0.22292993630573243
39 43 39 0.0 0.0 461.0 0.0 9137.0 20.0 1873.0 0.12087722327749954
39 43 40 0.0 0.0 822.0 0.0 12168.0 35.0 6945.0 0.09353911939600454
39 43 41 0.0 0.0 242.0 0.0 5952.0 14.0 506.0 0.17112822393350444
39 43 42 0.0 0.0 436.0 0.0 8942.0 29.0 1774.0 0.12329370321444297
39 43 43 0.0 0.0 2.0 0.0 64.0 0.0 0.0 0.6776379477250725
39 43 44 0.0 0.0 0.0 0.0 2.0 0.0 0.0 0.6993006993006992
39 43 45 0.0 0.0 0.0 0.0 3.0 0.0 0.0 0.6989515726410384
39 44 37 0.0 0.0 0.0 0.0 5.0 0.0 0.0 0.6982543640897755
39 44 38 0.0 0.0 0.0 0.0 43.0 0.0 0.0 0.6852667645619186
39 44 39 0.0 0.0 232.0 0.0 4873.0 15.0 256.0 0.19737769632031577
39 44 40 0.0 0.0 240.0 0.0 4696.0 22.0 227.0 0.20242914979757085
39 44 41 0.0 0.0 384.0 0.0 7875.0 17.0 1223.0 0.1366253537620767
39 44 42 0.0 0.0 158.0 0.0 3832.0 11.0 147.0 0.2339963229149256
39 44 43 0.0 0.0 1.0 0.0 29.0 1.0 0.0 0.6899950714637751
39 45 38 0.0 0.0 0.0 0.0 1.0 0.0 0.0 0.6996501749125437
39 45 39 0.0 0.0 0.0 0.0 9.0 0.0 0.0 0.6968641114982577
39 45 40 0.0 0.0 0.0 0.0 29.0 0.0 0.0 0.6899950714637751
39 45 41 0.0 0.0 2.0 0.0 49.0 0.0 0.0 0.68259385665529
39 45 42 0.0 0.0 6.0 0.0 116.0 0.0 0.0 0.6597549481621111
39 45 43 0.0 0.0 0.0 0.0 2.0 0.0 0.0 0.6993006993006992
40 34 39 0.0 0.0 0.0 0.0 1.0 0.0 0.0 0.6996501749125437
40 35 38 0.0 0.0 0.0 0.0 8.0 0.0 0.0 0.697211155378486
40 35 39 0.0 0.0 0.0 0.0 11.0 0.0 0.0 0.6961710591745399
40 35 40 0.0 0.0 7.0 0.0 136.0 3.0 1.0 0.6542056074766354
40 35 41 0.0 0.0 0.0 0.0 11.0 0.0 0.0 0.6961710591745399
40 35 42 0.0 0.0 0.0 0.0 9.0 0.0 0.0 0.6968641114982577
40 36 36 0.0 0.0 0.0 0.0 8.0 0.0 0.0 0.697211155378486
40 36 37 0.0 0.0 2.0 0.0 56.0 0.0 0.0 0.6802721088435373
40 36 38 0.0 0.0 85.0 0.0 1947.0 16.0 20.0 0.348605577689243
40 36 39 0.0 0.0 168.0 0.0 3615.0 18.0 87.0 0.24276053407317494
40 36 40 0.0 0.0 72.0 0.0 2024.0 10.0 36.0 0.34271725826193383
40 36 41 0.0 0.0 208.0 0.0 4702.0 23.0 253.0 0.20325203252032517
40 36 42 0.0 0.0 73.0 0.0 1821.0 7.0 12.0 0.3601749421147414
40 36 43 0.0 0.0 24.0 0.0 560.0 8.0 2.0 0.5434782608695652
40 36 44 0.0 0.0 0.0 0.0 10.0 0.0 0.0 0.6965174129353233
40 37 36 0.0 0.0 48.0 0.0 804.0 12.0 0.0 0.49295774647887314
40 37 37 0.0 0.0 144.0 0.0 3269.0 21.0 75.0 0.25964391691394656
40 37 38 0.0 0.0 658.0 0.0 10735.0 41.0 3658.0 0.10468855155911164
40 37 39 0.0 0.0 430.0 0.0 8447.0 23.0 1302.0 0.12892531540657517
40 37 40 0.0 0.0 429.0 0.0 8818.0 20.0 1668.0 0.12454407970821099
40 37 41 0.0 0.0 736.0 0.0 11760.0 24.0 6770.0 0.09661835748792269
40 37 42 0.0 0.0 481.0 0.0 9175.0 28.0 1586.0 0.12032660077352814
40 37 43 0.0 0.0 261.0 0.0 5316.0 22.0 334.0 0.1852341889388727
40 37 44 0.0 0.0 81.0 0.0 1787.0 14.0 18.0 0.3632589517384535
40 37 45 0.0 0.0 0.0 0.0 7.0 0.0 0.0 0.6975585450921773
40 38 35 0.0 0.0 0.0 0.0 2.0 0.0 0.0 0.6993006993006992
40 38 36 0.0 0.0 2.0 0.0 178.0 0.0 0.0 0.6422018348623851
40 38 37 0.0 0.0 177.0 0.0 4273.0 20.0 189.0 0.21779713752333538
40 38 38 0.0 0.0 1331.0 0.0 12551.0 37.0 18807.0 0.08811681772406847
40 38 39 0.0 0.0 863.0 0.0 12231.0 31.0 6089.0 0.09282588516111921
40 38 40 0.0 0.0 1325.0 0.0 13032.0 29.0 15893.0 0.08557457212713934
40 38 41 0.0 0.0 1368.0 0.0 13007.0 41.0 17728.0 0.0855170728727628
40 38 42 0.0 0.0 1434.0 0.0 12942.0 34.0 18508.0 0.08539188777066178
40 38 43 0.0 0.0 478.0 0.0 9630.0 15.0 2428.0 0.11568335812262436
40 38 44 0.0 0.0 3.0 0.0 272.0 4.0 0.0 0.6164685160722148
40 38 45 0.0 0.0 0.0 0.0 11.0 0.0 0.0 0.6961710591745399
40 39 35 0.0 0.0 0.0 0.0 23.0 0.0 0.0 0.6920415224913494
40 39 36 0.0 0.0 178.0 0.0 3947.0 20.0 144.0 0.22924512854101847
40 39 37 0.0 0.0 451.0 0.0 8836.0 20.0 1675.0 0.12421258095998579
40 39 38 0.0 0.0 1011.0 0.0 12685.0 42.0 10117.0 0.08928571428571427
40 39 39 0.0 0.0 2194.0 0.0 11501.0 63.0 38752.0 0.08934839491990554
40 39 40 0.0 0.0 2672.0 1.0 11564.0 62.0 44360.0 0.08621220518504832
40 39 41 0.0 0.0 2682.0 0.0 10826.0 76.0 48525.0 0.09031675375782207
40 39 42 0.0 0.0 1399.0 0.0 13269.0 29.0 16134.0 0.0840134421507441
40 39 43 0.0 0.0 580.0 0.0 10358.0 21.0 3246.0 0.10825858335910918
40 39 44 0.0 0.0 4.0 0.0 378.0 1.0 2.0 0.5879882402351952
40 39 45 0.0 0.0 0.0 0.0 15.0 0.0 0.0 0.694789081885856
40 40 35 0.0 0.0 1.0 0.0 16.0 1.0 0.0 0.6944444444444444
40 40 36 0.0 0.0 316.0 0.0 6276.0 20.0 593.0 0.1632272356301737
40 40 37 0.0 0.0 771.0 0.0 11840.0 20.0 7402.0 0.09583789704271631
40 40 38 0.0 0.0 1111.0 1.0 12638.0 28.0 12516.0 0.08888888888888888
40 40 39 1.0 0.0 1982.0 0.0 12011.0 58.0 30699.0 0.0876204781574665
40 40 40 8.0 12.0 3447.0 17.0 6800.0 78.0 96378.0 0.11399723149580653
40 40 41 0.0 0.0 1888.0 2.0 12377.0 46.0 27943.0 0.08610086100861007
40 40 42 0.0 0.0 1059.0 0.0 12809.0 33.0 9901.0 0.08826681798121176
40 40 43 0.0 0.0 333.0 0.0 7185.0 28.0 879.0 0.14750816563059738
40 40 44 0.0 0.0 6.0 0.0 230.0 4.0 0.0 0.6272401433691756
40 40 45 0.0 0.0 0.0 0.0 9.0 0.0 0.0 0.6968641114982577
40 41 35 0.0 0.0 0.0 0.0 22.0 0.0 0.0 0.6927263730826323
40 41 36 0.0 0.0 120.0 0.0 2781.0 18.0 66.0 0.28665028665028663
40 41 37 0.0 0.0 716.0 0.0 11370.0 28.0 5057.0 0.09946007388462631
40 41 38 0.0 0.0 1411.0 0.0 12892.0 31.0 17752.0 0.08571078731480347
40 41 39 0.0 0.0 1910.0 1.0 12846.0 60.0 27076.0 0.08369201339072213
40 41 40 0.0 4.0 2140.0 14.0 12111.0 53.0 34781.0 0.08602679120068821
40 41 41 0.0 0.0 2101.0 1.0 11802.0 59.0 36225.0 0.08801710046523324
40 41 42 0.0 0.0 820.0 0.0 12053.0 28.0 5926.0 0.09411764705882351
40 41 43 0.0 0.0 463.0 0.0 9500.0 19.0 2569.0 0.11710581346716853
40 41 44 0.0 0.0 1.0 0.0 142.0 0.0 0.0 0.6539000467071461
40 41 45 0.0 0.0 0.0 0.0 3.0 0.0 0.0 0.6989515726410384
40 42 35 0.0 0.0 0.0 0.0 10.0 0.0 0.0 0.6965174129353233
40 42 36 0.0 0.0 418.0 0.0 7702.0 22.0 880.0 0.13851785890966653
40 42 37 0.0 0.0 332.0 0.0 7444.0 19.0 1087.0 0.14341323499282932
40 42 38 0.0 0.0 657.0 0.0 11074.0 29.0 3970.0 0.10204825424593628
40 42 39 0.0 0.0 1468.0 0.0 12290.0 42.0 22192.0 0.0889171165449349
40 42 40 0.0 0.0 910.0 2.0 12466.0 39.0 7458.0 0.09114583333333333
40 42 41 0.0 0.0 1357.0 0.0 12949.0 47.0 16553.0 0.08592119798698906
40 42 42 0.0 0.0 467.0 0.0 9018.0 28.0 1592.0 0.12207882804325076
40 42 43 0.0 0.0 122.0 0.0 3218.0 14.0 117.0 0.2628120893561104
40 42 44 0.0 0.0 106.0 0.0 2902.0 10.0 76.0 0.28005601120224044
40 42 45 0.0 0.0 0.0 0.0 2.0 0.0 0.0 0.6993006993006992
40 43 35 0.0 0.0 0.0 0.0 15.0 0.0 0.0 0.694789081885856
40 43 36 0.0 0.0 8.0 0.0 185.0 0.0 0.0 0.6386861313868613
40 43 37 0.0 0.0 104.0 0.0 2559.0 19.0 56.0 0.30146425495262696
40 43 38 0.0 0.0 70.0 0.0 2046.0 12.0 41.0 0.341130604288499
40 43 39 0.0 0.0 517.0 0.0 9708.0 20.0 2097.0 0.11462256427050924
40 43 40 0.0 0.0 705.0 0.0 11398.0 31.0 5187.0 0.09940357852882702
40 43 41 0.0 0.0 440.0 0.0 8372.0 22.0 1326.0 0.1296656478651477
40 43 42 0.0 0.0 187.0 0.0 4392.0 16.0 202.0 0.2132196162046908
40 43 43 0.0 0.0 36.0 0.0 550.0 6.0 0.0 0.5426356589147286
40 43 44 0.0 0.0 0.0 0.0 2.0 0.0 0.0 0.6993006993006992
40 43 45 0.0 0.0 1.0 0.0 6.0 1.0 0.0 0.6979062811565303
40 44 36 0.0 0.0 0.0 0.0 3.0 0.0 0.0 0.6989515726410384
40 44 37 0.0 0.0 0.0 0.0 3.0 0.0 0.0 0.6989515726410384
40 44 38 0.0 0.0 4.0 0.0 84.0 1.0 0.0 0.670819357930043
40 44 39 0.0 0.0 179.0 0.0 4151.0 22.0 186.0 0.22187004754358158
40 44 40 0.0 0.0 150.0 0.0 3497.0 14.0 117.0 0.24853541629682227
40 44 41 0.0 0.0 9.0 0.0 301.0 2.0 0.0 0.606585788561525
40 44 42 0.0 0.0 51.0 0.0 1300.0 8.0 13.0 0.4189108318372231
40 44 43 0.0 0.0 1.0 0.0 61.0 0.0 2.0 0.6789524733268669
40 45 38 0.0 0.0 0.0 0.0 11.0 0.0 0.0 0.6961710591745399
40 45 39 0.0 0.0 0.0 0.0 8.0 0.0 0.0 0.697211155378486
40 45 40 0.0 0.0 0.0 0.0 7.0 0.0 0.0 0.6975585450921773
40 45 41 0.0 0.0 0.0 0.0 18.0 0.0 0.0 0.6937561942517343
40 45 42 0.0 0.0 0.0 0.0 8.0 0.0 0.0 0.697211155378486
40 45 43 0.0 0.0 0.0 0.0 1.0 0.0 0.0 0.6996501749125437
41 35 38 0.0 0.0 33.0 0.0 530.0 6.0 0.0 0.5475166210402814
41 35 39 0.0 0.0 4.0 0.0 67.0 0.0 0.0 0.6760019314340897
41 35 40 0.0 0.0 4.0 0.0 120.0 1.0 0.0 0.6594441827602449
41 35 41 0.0 0.0 0.0 0.0 5.0 0.0 0.0 0.6982543640897755
41 35 42 0.0 0.0 0.0 0.0 2.0 0.0 0.0 0.6993006993006992
41 36 37 0.0 0.0 0.0 0.0 38.0 0.0 0.0 0.6869479882237487
41 36 38 0.0 0.0 10.0 0.0 263.0 3.0 0.0 0.6167400881057268
41 36 39 0.0 0.0 465.0 0.0 8920.0 31.0 1957.0 0.12317437972901635
41 36 40 0.0 0.0 140.0 0.0 3531.0 19.0 115.0 0.24774376216598828
41 36 41 0.0 0.0 26.0 0.0 856.0 4.0 2.0 0.4864489228630993
41 36 42 0.0 0.0 6.0 0.0 294.0 3.0 0.0 0.6094906399651718
41 36 43 0.0 0.0 51.0 0.0 1582.0 4.0 19.0 0.3857812069440617
41 36 44 0.0 0.0 0.0 0.0 22.0 0.0 0.0 0.6923837784371908
41 36 45 0.0 0.0 0.0 0.0 1.0 0.0 0.0 0.6996501749125437
41 37 36 0.0 0.0 0.0 0.0 14.0 0.0 0.0 0.6951340615690167
41 37 37 0.0 0.0 123.0 0.0 2861.0 13.0 52.0 0.28174683034815856
41 37 38 0.0 0.0 131.0 0.0 3781.0 15.0 154.0 0.23736859952526274
41 37 39 1.0 0.0 660.0 0.0 10996.0 24.0 4499.0 0.10257161696827605
41 37 40 0.0 0.0 501.0 0.0 9605.0 22.0 2324.0 0.11577902745616934
41 37 41 0.0 0.0 559.0 0.0 10162.0 27.0 2943.0 0.11020151133501259
41 37 42 0.0 0.0 667.0 0.0 11138.0 35.0 3770.0 0.10155966630395356
41 37 43 0.0 0.0 464.0 0.0 8635.0 21.0 1543.0 0.1263081919884518
41 37 44 0.0 0.0 1.0 0.0 112.0 0.0 0.0 0.6625650733554187
41 37 45 0.0 0.0 0.0 0.0 2.0 0.0 0.0 0.6993006993006992
41 38 35 0.0 0.0 0.0 0.0 4.0 0.0 0.0 0.6986027944111775
41 38 36 0.0 0.0 2.0 0.0 64.0 1.0 0.0 0.6779661016949151
41 38 37 0.0 0.0 413.0 0.0 8020.0 20.0 1056.0 0.13442150744119055
41 38 38 0.0 0.0 633.0 0.0 10865.0 29.0 3756.0 0.10384215991692626
41 38 39 0.0 0.0 1138.0 0.0 12928.0 39.0 12260.0 0.08718938780594132
41 38 40 0.0 0.0 1536.0 0.0 12915.0 43.0 20491.0 0.08501852189226937
41 38 41 0.0 0.0 1418.0 0.0 12631.0 34.0 19292.0 0.08724915866882711
41 38 42 0.0 0.0 1420.0 0.0 12179.0 29.0 21734.0 0.08972633467922835
41 38 43 0.0 0.0 565.0 0.0 10208.0 30.0 2987.0 0.10974367014188287
41 38 44 0.0 0.0 141.0 0.0 3842.0 16.0 161.0 0.2345451499413637
41 38 45 0.0 0.0 0.0 0.0 1.0 0.0 0.0 0.6996501749125437
41 39 35 0.0 0.0 0.0 0.0 24.0 0.0 0.0 0.6920415224913494
41 39 36 0.0 0.0 220.0 0.0 4682.0 22.0 211.0 0.20339968037193082
41 39 37 0.0 0.0 220.0 0.0 5253.0 17.0 352.0 0.1877682403433476
41 39 38 0.0 0.0 1012.0 0.0 12777.0 37.0 9583.0 0.0887255212624374
41 39 39 0.0 0.0 1782.0 1.0 12526.0 55.0 25700.0 0.08595812611285072
41 39 40 1.0 0.0 2832.0 0.0 10187.0 62.0 54470.0 0.09322146757224663
41 39 41 0.0 0.0 3112.0 0.0 9229.0 78.0 68734.0 0.09758817788930711
41 39 42 0.0 0.0 1560.0 0.0 12842.0 46.0 20948.0 0.08539709649871903
41 39 43 0.0 0.0 541.0 0.0 10118.0 26.0 2886.0 0.11071569790430999
41 39 44 0.0 0.0 148.0 0.0 3531.0 18.0 113.0 0.24726245143058986
41 39 45 0.0 0.0 0.0 0.0 14.0 0.0 0.0 0.6951340615690167
41 40 35 0.0 0.0 2.0 0.0 34.0 1.0 0.0 0.6882989183874139
41 40 36 0.0 0.0 386.0 0.0 8069.0 23.0 1392.0 0.13409961685823754
41 40 37 0.0 0.0 415.0 0.0 8647.0 18.0 1571.0 0.1266166229537849
41 40 38 0.0 0.0 1246.0 1.0 12883.0 36.0 14836.0 0.08682709005209624
41 40 39 0.0 0.0 2428.0 1.0 11143.0 76.0 43535.0 0.09004952723998198
41 40 40 0.0 0.0 1733.0 3.0 13537.0 37.0 20594.0 0.08103258667592753
41 40 41 0.0 0.0 2260.0 2.0 11719.0 57.0 37979.0 0.08758758758758757
41 40 42 0.0 0.0 1792.0 0.0 12296.0 51.0 27182.0 0.08707550690384375
41 40 43 0.0 0.0 808.0 0.0 11956.0 34.0 7362.0 0.09490238611713664
41 40 44 0.0 0.0 315.0 0.0 6407.0 20.0 572.0 0.16082711085582996
41 40 45 0.0 0.0 0.0 0.0 10.0 0.0 0.0 0.6965174129353233
41 41 35 0.0 0.0 0.0 0.0 37.0 0.0 0.0 0.6872852233676975
41 41 36 0.0 0.0 39.0 0.0 1313.0 9.0 13.0 0.4187855219862398
41 41 37 0.0 0.0 681.0 0.0 11384.0 24.0 4661.0 0.09952370796900546
41 41 38 0.0 0.0 962.0 0.0 12328.0 26.0 9636.0 0.09152719665271965
41 41 39 0.0 0.0 1976.0 1.0 12143.0 37.0 31250.0 0.08677327383165984
41 41 40 0.0 0.0 2492.0 0.0 10405.0 64.0 48721.0 0.09406073636119322
41 41 41 0.0 3.0 1544.0 17.0 13458.0 42.0 17349.0 0.08221752407798918
41 41 42 0.0 0.0 719.0 0.0 11495.0 36.0 4884.0 0.09866102889358702
41 41 43 0.0 0.0 423.0 0.0 8762.0 34.0 1682.0 0.12538061973849182
41 41 44 0.0 0.0 94.0 0.0 2086.0 20.0 22.0 0.33645758231194417
41 41 45 0.0 0.0 0.0 0.0 7.0 0.0 0.0 0.6975585450921773
41 42 35 0.0 0.0 0.0 0.0 14.0 0.0 0.0 0.6951340615690167
41 42 36 0.0 0.0 232.0 0.0 5261.0 22.0 311.0 0.1872909698996655
41 42 37 0.0 0.0 385.0 0.0 7359.0 17.0 877.0 0.14384054248433165
41 42 38 0.0 0.0 442.0 0.0 8611.0 40.0 1638.0 0.12704174228675133
41 42 39 0.0 0.0 678.0 0.0 11206.0 23.0 4098.0 0.1008500216107189
41 42 40 0.0 0.0 858.0 0.0 12236.0 33.0 8049.0 0.0928135773004508
41 42 41 0.0 0.0 923.0 0.0 12429.0 39.0 7688.0 0.09125277017338025
41 42 42 0.0 0.0 349.0 0.0 7449.0 27.0 1016.0 0.1432518162283843
41 42 43 0.0 0.0 130.0 0.0 3209.0 13.0 83.0 0.2628614344723995
41 42 44 0.0 0.0 5.0 0.0 180.0 1.0 0.0 0.641025641025641
41 42 45 0.0 0.0 1.0 0.0 22.0 0.0 0.0 0.6920415224913494
41 43 35 0.0 0.0 0.0 0.0 9.0 0.0 0.0 0.6968641114982577
41 43 36 0.0 0.0 0.0 0.0 23.0 0.0 0.0 0.6920415224913494
41 43 37 0.0 0.0 37.0 0.0 919.0 7.0 6.0 0.4747371990505256
41 43 38 0.0 0.0 106.0 0.0 2781.0 16.0 67.0 0.28741531513036334
41 43 39 0.0 0.0 478.0 0.0 9290.0 16.0 1876.0 0.11906786868515053
41 43 40 0.0 0.0 237.0 0.0 5186.0 22.0 319.0 0.18908698001080496
41 43 41 0.0 0.0 340.0 0.0 7046.0 18.0 797.0 0.14931740614334468
41 43 42 0.0 0.0 453.0 0.0 8586.0 15.0 1508.0 0.12693807235470123
41 43 43 0.0 0.0 2.0 0.0 129.0 2.0 0.0 0.6578947368421051
41 43 44 0.0 0.0 0.0 0.0 4.0 0.0 0.0 0.6986027944111775
41 43 45 0.0 0.0 0.0 0.0 1.0 0.0 0.0 0.6996501749125437
41 44 36 0.0 0.0 1.0 0.0 18.0 0.0 0.0 0.6934125804853887
41 44 37 0.0 0.0 0.0 0.0 6.0 0.0 0.0 0.6979062811565303
41 44 38 0.0 0.0 143.0 0.0 3375.0 12.0 89.0 0.25412960609911056
41 44 39 0.0 0.0 29.0 0.0 716.0 9.0 5.0 0.5116959064327484
41 44 40 0.0 0.0 3.0 0.0 186.0 0.0 0.0 0.639853747714808
41 44 41 0.0 0.0 118.0 0.0 2349.0 21.0 31.0 0.3149606299212598
41 44 42 0.0 0.0 0.0 0.0 29.0 0.0 0.0 0.6899950714637751
41 44 43 0.0 0.0 0.0 0.0 13.0 0.0 0.0 0.695479384003974
41 44 44 0.0 0.0 0.0 0.0 1.0 0.0 0.0 0.6996501749125437
41 45 37 0.0 0.0 0.0 0.0 1.0 0.0 0.0 0.6996501749125437
41 45 38 0.0 0.0 0.0 0.0 5.0 0.0 0.0 0.6982543640897755
41 45 39 0.0 0.0 0.0 0.0 1.0 0.0 0.0 0.6996501749125437
41 45 40 0.0 0.0 0.0 0.0 8.0 0.0 0.0 0.6975585450921773
42 35 38 0.0 0.0 0.0 0.0 29.0 0.0 0.0 0.6899950714637751
42 35 39 0.0 0.0 1.0 0.0 30.0 1.0 0.0 0.689655172413793
42 35 40 0.0 0.0 0.0 0.0 20.0 0.0 0.0 0.6934125804853887
42 35 41 0.0 0.0 0.0 0.0 8.0 0.0 0.0 0.697211155378486
42 35 43 0.0 0.0 0.0 0.0 1.0 0.0 0.0 0.6996501749125437
42 36 37 0.0 0.0 0.0 0.0 1.0 0.0 0.0 0.6996501749125437
42 36 38 0.0 0.0 9.0 0.0 246.0 1.0 1.0 0.6211180124223601
42 36 39 0.0 0.0 289.0 0.0 6475.0 19.0 620.0 0.15999999999999998
42 36 40 0.0 0.0 40.0 0.0 1225.0 8.0 12.0 0.42984341418483263
42 36 41 0.0 0.0 221.0 0.0 4618.0 18.0 218.0 0.20512820512820507
42 36 42 0.0 0.0 43.0 0.0 996.0 9.0 5.0 0.4620462046204619
42 36 43 0.0 0.0 51.0 0.0 1039.0 7.0 4.0 0.45425048669694995
42 36 44 0.0 0.0 0.0 0.0 42.0 0.0 0.0 0.6859382655560998
42 37 36 0.0 0.0 0.0 0.0 4.0 0.0 0.0 0.6986027944111775
42 37 37 0.0 0.0 0.0 0.0 66.0 0.0 0.0 0.6776379477250725
42 37 38 0.0 0.0 120.0 0.0 3003.0 22.0 72.0 0.2745098039215686
42 37 39 0.0 0.0 574.0 0.0 10102.0 35.0 2402.0 0.11067193675889328
42 37 40 0.0 0.0 928.0 0.0 12318.0 24.0 8935.0 0.09179725919611827
42 37 41 0.0 0.0 814.0 0.0 11975.0 26.0 5731.0 0.09472259810554803
42 37 42 0.0 0.0 286.0 0.0 6615.0 27.0 698.0 0.15774647887323942
42 37 43 0.0 0.0 442.0 0.0 9455.0 22.0 2530.0 0.11772620248906826
42 37 44 0.0 0.0 55.0 0.0 1040.0 12.0 1.0 0.4541031462860849
42 37 45 0.0 0.0 3.0 0.0 17.0 0.0 0.0 0.6930693069306929
42 38 35 0.0 0.0 0.0 0.0 1.0 0.0 0.0 0.6996501749125437
42 38 36 0.0 0.0 28.0 0.0 754.0 6.0 4.0 0.5043227665706052
42 38 37 0.0 0.0 9.0 0.0 286.0 6.0 0.0 0.6118881118881118
42 38 38 0.0 0.0 471.0 0.0 9571.0 23.0 2255.0 0.11630805017861592
42 38 39 0.0 0.0 724.0 0.0 11628.0 28.0 6324.0 0.0975269940787182
42 38 40 0.0 0.0 1496.0 0.0 12312.0 48.0 22764.0 0.08859077390368916
42 38 41 0.0 0.0 1705.0 0.0 12429.0 54.0 25224.0 0.08678403173816017
42 38 42 0.0 0.0 683.0 0.0 11286.0 35.0 5020.0 0.10035842293906809
42 38 43 0.0 0.0 204.0 0.0 5331.0 15.0 358.0 0.18614545938040153
42 38 44 0.0 0.0 38.0 0.0 827.0 4.0 3.0 0.4895104895104894
42 39 35 0.0 0.0 2.0 0.0 42.0 1.0 0.0 0.6856023506366307
42 39 36 0.0 0.0 23.0 0.0 401.0 4.0 0.0 0.5785123966942147
42 39 37 0.0 0.0 381.0 0.0 7659.0 27.0 1118.0 0.1397624039133473
42 39 38 0.0 0.0 524.0 0.0 9789.0 27.0 2461.0 0.11381188521258434
42 39 39 0.0 0.0 1167.0 0.0 13092.0 38.0 11156.0 0.08610615659019619
42 39 40 0.0 0.0 1612.0 0.0 12581.0 54.0 23360.0 0.08656402646385951
42 39 41 0.0 0.0 1393.0 0.0 12954.0 39.0 18051.0 0.08565310492505353
42 39 42 0.0 0.0 1691.0 0.0 12640.0 41.0 24670.0 0.08566358685675823
42 39 43 0.0 0.0 329.0 0.0 7145.0 16.0 778.0 0.1479446264398182
42 39 44 0.0 0.0 97.0 0.0 2278.0 11.0 34.0 0.3208065994500458
42 39 45 0.0 0.0 0.0 0.0 12.0 0.0 0.0 0.6958250497017892
42 40 35 0.0 0.0 1.0 0.0 30.0 0.0 0.0 0.6893156080748399
42 40 36 0.0 0.0 9.0 0.0 375.0 3.0 1.0 0.5879882402351952
42 40 37 0.0 0.0 265.0 0.0 5622.0 14.0 406.0 0.1777100787001777
42 40 38 0.0 0.0 1048.0 0.0 12551.0 36.0 12725.0 0.08978387738087602
42 40 39 0.0 0.0 1147.0 0.0 13042.0 39.0 11760.0 0.08653727283965879
42 40 40 0.0 0.0 1440.0 0.0 12733.0 42.0 19635.0 0.08659615265664625
42 40 41 0.0 0.0 1480.0 0.0 13037.0 44.0 19334.0 0.08477655322756449
42 40 42 0.0 0.0 1338.0 0.0 12807.0 38.0 17086.0 0.08672489623985627
42 40 43 0.0 0.0 545.0 0.0 10112.0 20.0 2973.0 0.11074197120708748
42 40 44 0.0 0.0 259.0 0.0 5633.0 31.0 359.0 0.17809439002671412
42 40 45 0.0 0.0 0.0 0.0 11.0 0.0 0.0 0.6961710591745399
42 41 35 0.0 0.0 0.0 0.0 9.0 0.0 0.0 0.6968641114982577
42 41 36 0.0 0.0 1.0 0.0 81.0 0.0 0.0 0.6727534839019701
42 41 37 0.0 0.0 148.0 0.0 3500.0 18.0 120.0 0.24866785079928946
42 41 38 0.0 0.0 698.0 0.0 11615.0 27.0 5203.0 0.0978473581213307
42 41 39 0.0 0.0 980.0 0.0 12623.0 26.0 8276.0 0.08977811978966267
42 41 40 0.0 0.0 933.0 0.0 12371.0 36.0 9088.0 0.09160505136426093
42 41 41 0.0 0.0 479.0 1.0 9092.0 33.0 1771.0 0.121317157712305
42 41 42 0.0 0.0 795.0 0.0 11861.0 31.0 7287.0 0.0955044682447643
42 41 43 0.0 0.0 404.0 0.0 8156.0 25.0 1122.0 0.13278952859717347
42 41 44 0.0 0.0 85.0 0.0 2004.0 14.0 29.0 0.3435582822085889
42 41 45 0.0 0.0 0.0 0.0 7.0 0.0 0.0 0.6975585450921773
42 42 35 0.0 0.0 0.0 0.0 3.0 0.0 0.0 0.6989515726410384
42 42 36 0.0 0.0 36.0 0.0 663.0 11.0 2.0 0.5210271678451804
42 42 37 0.0 0.0 10.0 0.0 569.0 3.0 2.0 0.5434782608695652
42 42 38 0.0 0.0 723.0 0.0 11379.0 25.0 5122.0 0.09938240931355148
42 42 39 0.0 0.0 764.0 0.0 11669.0 44.0 6295.0 0.09719522354901415
42 42 40 0.0 0.0 374.0 0.0 8679.0 16.0 1630.0 0.12678862524904908
42 42 41 0.0 0.0 889.0 0.0 12084.0 26.0 7669.0 0.09356412484127513
42 42 42 0.0 0.0 229.0 0.0 4954.0 11.0 277.0 0.19520356943669823
42 42 43 0.0 0.0 1.0 0.0 240.0 0.0 0.0 0.6247211066488174
42 42 44 0.0 0.0 0.0 0.0 14.0 0.0 0.0 0.695479384003974
42 42 45 0.0 0.0 0.0 0.0 1.0 0.0 0.0 0.6996501749125437
42 43 35 0.0 0.0 0.0 0.0 2.0 0.0 0.0 0.6993006993006992
42 43 36 0.0 0.0 0.0 0.0 4.0 0.0 0.0 0.6986027944111775
42 43 37 0.0 0.0 10.0 0.0 150.0 1.0 0.0 0.6487488415199257
42 43 38 0.0 0.0 72.0 0.0 1737.0 11.0 24.0 0.3687121411640768
42 43 39 0.0 0.0 131.0 0.0 2912.0 15.0 61.0 0.2784407319013524
42 43 40 0.0 0.0 17.0 0.0 458.0 2.0 1.0 0.5665722379603398
42 43 41 0.0 0.0 276.0 0.0 5490.0 19.0 339.0 0.18066847335140013
42 43 42 0.0 0.0 116.0 0.0 3337.0 19.0 115.0 0.2574475910261125
42 43 43 0.0 0.0 0.0 0.0 16.0 0.0 0.0 0.6944444444444444
42 43 44 0.0 0.0 0.0 0.0 1.0 0.0 0.0 0.6996501749125437
42 44 37 0.0 0.0 0.0 0.0 2.0 0.0 0.0 0.6993006993006992
42 44 38 0.0 0.0 0.0 0.0 35.0 0.0 0.0 0.6879606879606879
42 44 39 0.0 0.0 0.0 0.0 17.0 0.0 0.0 0.6944444444444444
42 44 40 0.0 0.0 113.0 0.0 2104.0 14.0 19.0 0.33301617507136055
42 44 41 0.0 0.0 2.0 0.0 74.0 0.0 0.0 0.6746987951807227
42 44 42 0.0 0.0 0.0 0.0 24.0 0.0 0.0 0.6916996047430829
42 44 43 0.0 0.0 0.0 0.0 15.0 0.0 0.0 0.694789081885856
42 45 39 0.0 0.0 0.0 0.0 2.0 0.0 0.0 0.6993006993006992
43 35 39 0.0 0.0 0.0 0.0 11.0 0.0 0.0 0.6965174129353233
43 35 40 0.0 0.0 2.0 0.0 9.0 0.0 0.0 0.6961710591745399
43 35 42 0.0 0.0 0.0 0.0 3.0 0.0 0.0 0.6989515726410384
43 36 37 0.0 0.0 0.0 0.0 3.0 0.0 0.0 0.6989515726410384
43 36 38 0.0 0.0 0.0 0.0 24.0 0.0 0.0 0.6916996047430829
43 36 39 0.0 0.0 150.0 0.0 3741.0 17.0 134.0 0.23825731790333557
43 36 40 0.0 0.0 13.0 0.0 321.0 5.0 0.0 0.6011163589523401
43 36 41 0.0 0.0 73.0 0.0 1801.0 11.0 21.0 0.3624126326689101
43 36 42 0.0 0.0 126.0 0.0 2462.0 22.0 27.0 0.3065469673746441
43 36 43 0.0 0.0 2.0 0.0 64.0 0.0 0.0 0.6776379477250725
43 36 44 0.0 0.0 21.0 0.0 325.0 3.0 0.0 0.5975245411865129
43 37 37 0.0 0.0 0.0 0.0 15.0 0.0 0.0 0.6951340615690167
43 37 38 0.0 0.0 93.0 0.0 2127.0 17.0 36.0 0.3331746787244169
43 37 39 0.0 0.0 156.0 0.0 3467.0 14.0 104.0 0.249554367201426
43 37 40 0.0 0.0 302.0 0.0 6548.0 16.0 694.0 0.15842480479800833
43 37 41 0.0 0.0 373.0 0.0 7422.0 18.0 931.0 0.1431053868956353
43 37 42 0.0 0.0 95.0 0.0 2588.0 10.0 59.0 0.29972168700492396
43 37 43 0.0 0.0 278.0 0.0 6294.0 20.0 580.0 0.1636087413813252
43 37 44 0.0 0.0 3.0 0.0 63.0 1.0 0.0 0.6779661016949151
43 37 45 0.0 0.0 0.0 0.0 1.0 0.0 0.0 0.6996501749125437
43 38 36 0.0 0.0 3.0 0.0 26.0 0.0 0.0 0.6899950714637751
43 38 37 0.0 0.0 0.0 0.0 37.0 0.0 0.0 0.6872852233676975
43 38 38 0.0 0.0 240.0 0.0 5015.0 32.0 274.0 0.19374481040686406
43 38 39 0.0 0.0 292.0 0.0 5778.0 17.0 413.0 0.17378351539225417
43 38 40 0.0 0.0 499.0 0.0 9415.0 15.0 2130.0 0.11757789535567312
43 38 41 0.0 0.0 527.0 0.0 10147.0 30.0 3144.0 0.11061072924073634
43 38 42 0.0 0.0 450.0 0.0 9048.0 25.0 1948.0 0.12195121951219509
43 38 43 0.0 0.0 442.0 0.0 8322.0 25.0 1385.0 0.13022044460980373
43 38 44 0.0 0.0 4.0 0.0 204.0 1.0 0.0 0.6343452650657
43 38 45 0.0 0.0 0.0 0.0 1.0 0.0 0.0 0.6996501749125437
43 39 36 0.0 0.0 0.0 0.0 20.0 0.0 0.0 0.6930693069306929
43 39 37 0.0 0.0 49.0 0.0 1024.0 13.0 2.0 0.4575163398692809
43 39 38 0.0 0.0 253.0 0.0 5482.0 27.0 300.0 0.18158236057068736
43 39 39 0.0 0.0 454.0 0.0 9264.0 18.0 2074.0 0.11955593509820664
43 39 40 0.0 0.0 740.0 0.0 11680.0 30.0 5503.0 0.09718172983479104
43 39 41 0.0 0.0 490.0 0.0 9181.0 31.0 1863.0 0.12016135953995363
43 39 42 0.0 0.0 681.0 0.0 11126.0 20.0 4291.0 0.10136113524471473
43 39 43 0.0 0.0 474.0 0.0 9732.0 27.0 2558.0 0.11484823625922885
43 39 44 0.0 0.0 20.0 0.0 403.0 6.0 0.0 0.5794701986754967
43 39 45 0.0 0.0 0.0 0.0 4.0 0.0 0.0 0.6986027944111775
43 40 36 0.0 0.0 0.0 0.0 46.0 0.0 0.0 0.6842619745845552
43 40 37 0.0 0.0 194.0 0.0 4207.0 24.0 168.0 0.2195389681668496
43 40 38 0.0 0.0 488.0 0.0 9325.0 23.0 2038.0 0.11865412323078227
43 40 39 0.0 0.0 491.0 0.0 9244.0 20.0 1970.0 0.1194335437638628
43 40 40 0.0 0.0 571.0 0.0 10131.0 33.0 2779.0 0.11042751222590312
43 40 41 0.0 0.0 808.0 0.0 11993.0 41.0 6251.0 0.09472259810554803
43 40 42 0.0 0.0 425.0 0.0 8576.0 16.0 1589.0 0.12736535662299853
43 40 43 0.0 0.0 386.0 0.0 7855.0 26.0 1050.0 0.13699970642920048
43 40 44 0.0 0.0 28.0 0.0 775.0 6.0 2.0 0.5005362888809438
43 40 45 0.0 0.0 1.0 0.0 9.0 0.0 0.0 0.6965174129353233
43 41 35 0.0 0.0 1.0 0.0 29.0 0.0 0.0 0.689655172413793
43 41 36 0.0 0.0 0.0 0.0 48.0 0.0 0.0 0.6839276990718123
43 41 37 0.0 0.0 625.0 0.0 10655.0 24.0 3707.0 0.10545344983428742
43 41 38 0.0 0.0 122.0 0.0 3277.0 12.0 93.0 0.2598849081121218
43 41 39 0.0 0.0 524.0 0.0 9471.0 20.0 1897.0 0.11683217892013684
43 41 40 0.0 0.0 806.0 0.0 11968.0 28.0 5654.0 0.09481882831019302
43 41 41 0.0 0.0 144.0 0.0 4028.0 11.0 195.0 0.22708840227088398
43 41 42 0.0 0.0 293.0 0.0 6885.0 28.0 797.0 0.15298874439951915
43 41 43 0.0 0.0 178.0 0.0 4383.0 16.0 286.0 0.21383839926683973
43 41 44 0.0 0.0 6.0 0.0 110.0 1.0 0.0 0.6619385342789597
43 41 45 0.0 0.0 0.0 0.0 1.0 0.0 0.0 0.6996501749125437
43 42 35 0.0 0.0 0.0 0.0 2.0 0.0 0.0 0.6993006993006992
43 42 36 0.0 0.0 0.0 0.0 21.0 0.0 0.0 0.6927263730826323
43 42 37 0.0 0.0 38.0 0.0 1071.0 10.0 2.0 0.451758631816715
43 42 38 0.0 0.0 228.0 0.0 4418.0 22.0 194.0 0.21132075471698109
43 42 39 0.0 0.0 352.0 0.0 7140.0 26.0 847.0 0.14769490452579384
43 42 40 0.0 0.0 147.0 0.0 4069.0 13.0 238.0 0.22566086395873625
43 42 41 0.0 0.0 114.0 0.0 2287.0 16.0 31.0 0.31919744642042863
43 42 42 0.0 0.0 4.0 0.0 357.0 0.0 1.0 0.5929690808979245
43 42 43 0.0 0.0 22.0 0.0 494.0 7.0 0.0 0.557991231566361
43 42 44 0.0 0.0 0.0 0.0 8.0 0.0 0.0 0.6975585450921773
43 43 35 0.0 0.0 0.0 0.0 2.0 0.0 0.0 0.6993006993006992
43 43 36 0.0 0.0 0.0 0.0 10.0 1.0 0.0 0.6968641114982577
43 43 37 0.0 0.0 1.0 0.0 57.0 0.0 0.0 0.6802721088435373
43 43 38 0.0 0.0 8.0 0.0 437.0 2.0 1.0 0.5730659025787964
43 43 39 0.0 0.0 20.0 0.0 542.0 4.0 1.0 0.5473025801407349
43 43 40 0.0 0.0 21.0 0.0 547.0 8.0 0.0 0.5468749999999999
43 43 41 0.0 0.0 68.0 0.0 1858.0 10.0 22.0 0.3575076608784473
43 43 42 0.0 0.0 2.0 0.0 97.0 1.0 0.0 0.6673021925643469
43 43 43 0.0 0.0 0.0 0.0 5.0 0.0 0.0 0.6982543640897755
43 43 44 0.0 0.0 0.0 0.0 1.0 0.0 0.0 0.6996501749125437
43 44 37 0.0 0.0 0.0 0.0 2.0 0.0 0.0 0.6993006993006992
43 44 40 0.0 0.0 0.0 0.0 1.0 0.0 0.0 0.6996501749125437
43 44 41 0.0 0.0 1.0 0.0 43.0 1.0 0.0 0.6852667645619186
43 44 42 0.0 0.0 0.0 0.0 6.0 0.0 0.0 0.6979062811565303
43 44 43 0.0 0.0 0.0 0.0 1.0 0.0 0.0 0.6996501749125437
43 45 41 0.0 0.0 0.0 0.0 1.0 0.0 0.0 0.6996501749125437
44 35 38 0.0 0.0 0.0 0.0 1.0 0.0 0.0 0.6996501749125437
44 35 39 0.0 0.0 0.0 0.0 1.0 0.0 0.0 0.6996501749125437
44 35 40 0.0 0.0 0.0 0.0 1.0 0.0 0.0 0.6996501749125437
44 35 41 0.0 0.0 0.0 0.0 2.0 0.0 0.0 0.6993006993006992
44 35 42 0.0 0.0 0.0 0.0 2.0 0.0 0.0 0.6993006993006992
44 36 38 0.0 0.0 0.0 0.0 1.0 0.0 0.0 0.6996501749125437
44 36 39 0.0 0.0 0.0 0.0 7.0 0.0 0.0 0.6975585450921773
44 36 40 0.0 0.0 0.0 0.0 12.0 0.0 0.0 0.6958250497017892
44 36 41 0.0 0.0 16.0 0.0 622.0 6.0 3.0 0.5319148936170213
44 36 42 0.0 0.0 0.0 0.0 5.0 0.0 0.0 0.6982543640897755
44 36 43 0.0 0.0 0.0 0.0 8.0 0.0 0.0 0.697211155378486
44 36 44 0.0 0.0 0.0 0.0 2.0 0.0 0.0 0.6993006993006992
44 37 37 0.0 0.0 0.0 0.0 6.0 0.0 0.0 0.6979062811565303
44 37 38 0.0 0.0 0.0 0.0 4.0 0.0 0.0 0.6986027944111775
44 37 39 0.0 0.0 0.0 0.0 33.0 0.0 0.0 0.6886374815543531
44 37 40 0.0 0.0 26.0 0.0 400.0 9.0 1.0 0.5792304509722795
44 37 41 0.0 0.0 10.0 0.0 224.0 4.0 1.0 0.6280843427545983
44 37 42 0.0 0.0 1.0 0.0 89.0 0.0 0.0 0.6698564593301434
44 37 43 0.0 0.0 31.0 0.0 647.0 3.0 1.0 0.5233644859813084
44 37 44 0.0 0.0 9.0 0.0 288.0 2.0 1.0 0.6100217864923746
44 37 45 0.0 0.0 0.0 0.0 1.0 0.0 0.0 0.6996501749125437
44 38 37 0.0 0.0 0.0 0.0 4.0 0.0 0.0 0.6986027944111775
44 38 38 0.0 0.0 25.0 0.0 864.0 3.0 1.0 0.4849324558365084
44 38 39 0.0 0.0 6.0 0.0 190.0 4.0 0.0 0.6386861313868613
44 38 40 0.0 0.0 58.0 0.0 1208.0 9.0 8.0 0.42984341418483263
44 38 41 0.0 0.0 337.0 0.0 6763.0 21.0 663.0 0.15418502202643167
44 38 42 0.0 0.0 38.0 0.0 712.0 3.0 1.0 0.5096468875136512
44 38 43 0.0 0.0 50.0 0.0 904.0 3.0 4.0 0.47441545238902055
44 38 44 0.0 0.0 0.0 0.0 36.0 0.0 0.0 0.6876227897838899
44 39 35 0.0 0.0 1.0 0.0 28.0 1.0 0.0 0.690335305719921
44 39 36 0.0 0.0 1.0 0.0 3.0 0.0 0.0 0.6986027944111775
44 39 37 0.0 0.0 7.0 0.0 141.0 0.0 0.0 0.6517690875232773
44 39 38 0.0 0.0 2.0 0.0 80.0 2.0 0.0 0.6730769230769229
44 39 39 0.0 0.0 12.0 0.0 304.0 2.0 0.0 0.6050129645635263
44 39 40 0.0 0.0 40.0 0.0 1035.0 10.0 4.0 0.4567699836867863
44 39 41 0.0 0.0 305.0 0.0 5851.0 25.0 383.0 0.17207472959685347
44 39 42 0.0 0.0 37.0 0.0 875.0 11.0 5.0 0.4827586206896551
44 39 43 0.0 0.0 0.0 0.0 104.0 0.0 0.0 0.6653992395437262
44 39 44 0.0 0.0 1.0 0.0 57.0 0.0 0.0 0.6802721088435373
44 39 45 0.0 0.0 0.0 0.0 1.0 0.0 0.0 0.6996501749125437
44 40 35 0.0 0.0 0.0 0.0 2.0 0.0 0.0 0.6993006993006992
44 40 36 0.0 0.0 194.0 0.0 4481.0 22.0 199.0 0.21036814425244177
44 40 37 0.0 0.0 0.0 0.0 29.0 0.0 0.0 0.6899950714637751
44 40 38 0.0 0.0 16.0 0.0 330.0 4.0 0.0 0.5977796754910332
44 40 39 0.0 0.0 29.0 0.0 1007.0 5.0 7.0 0.4620462046204619
44 40 40 0.0 0.0 216.0 0.0 4955.0 14.0 250.0 0.19550342130987292
44 40 41 0.0 0.0 7.0 0.0 320.0 6.0 1.0 0.6031882809133993
44 40 42 0.0 0.0 178.0 0.0 3638.0 18.0 108.0 0.24142093464390407
44 40 43 0.0 0.0 68.0 0.0 1638.0 11.0 9.0 0.3788903924221921
44 40 44 0.0 0.0 257.0 0.0 4842.0 16.0 224.0 0.1976005645730416
44 40 45 0.0 0.0 0.0 0.0 1.0 0.0 0.0 0.6996501749125437
44 41 35 0.0 0.0 0.0 0.0 6.0 0.0 0.0 0.6979062811565303
44 41 36 0.0 0.0 0.0 0.0 49.0 0.0 0.0 0.6832601268911663
44 41 37 0.0 0.0 26.0 0.0 697.0 1.0 6.0 0.5145167217934582
44 41 38 0.0 0.0 3.0 0.0 219.0 1.0 0.0 0.6303466906798738
44 41 39 0.0 0.0 13.0 0.0 418.0 1.0 1.0 0.5763688760806915
44 41 40 0.0 0.0 90.0 0.0 2116.0 9.0 30.0 0.33365109628217343
44 41 41 0.0 0.0 333.0 0.0 7664.0 21.0 1011.0 0.14026650636208796
44 41 42 0.0 0.0 49.0 0.0 989.0 8.0 5.0 0.4620462046204619
44 41 43 0.0 0.0 0.0 0.0 35.0 0.0 0.0 0.6879606879606879
44 41 44 0.0 0.0 6.0 0.0 90.0 2.0 0.0 0.6685768863419292
44 41 45 0.0 0.0 0.0 0.0 4.0 0.0 0.0 0.6986027944111775
44 42 35 0.0 0.0 0.0 0.0 2.0 0.0 0.0 0.6993006993006992
44 42 36 0.0 0.0 238.0 0.0 5895.0 18.0 508.0 0.17237133710908642
44 42 37 0.0 0.0 0.0 0.0 52.0 0.0 0.0 0.6822612085769979
44 42 38 0.0 0.0 0.0 0.0 63.0 1.0 0.0 0.6789524733268669
44 42 39 0.0 0.0 9.0 0.0 255.0 1.0 1.0 0.618647812638091
44 42 40 0.0 0.0 15.0 0.0 244.0 3.0 0.0 0.6205673758865247
44 42 41 0.0 0.0 1.0 0.0 49.0 0.0 0.0 0.6829268292682925
44 42 42 0.0 0.0 0.0 0.0 14.0 0.0 0.0 0.6951340615690167
44 42 43 0.0 0.0 0.0 0.0 9.0 0.0 0.0 0.6968641114982577
44 42 44 0.0 0.0 0.0 0.0 5.0 0.0 0.0 0.6982543640897755
44 43 35 0.0 0.0 0.0 0.0 3.0 0.0 0.0 0.6989515726410384
44 43 36 0.0 0.0 0.0 0.0 7.0 0.0 0.0 0.6975585450921773
44 43 37 0.0 0.0 0.0 0.0 4.0 0.0 0.0 0.6986027944111775
44 43 38 0.0 0.0 0.0 0.0 3.0 0.0 0.0 0.6989515726410384
44 43 39 0.0 0.0 0.0 0.0 4.0 0.0 0.0 0.6986027944111775
44 43 40 0.0 0.0 0.0 0.0 16.0 0.0 0.0 0.6944444444444444
44 43 41 0.0 0.0 0.0 0.0 3.0 0.0 0.0 0.6993006993006992
44 43 42 0.0 0.0 2.0 0.0 7.0 1.0 0.0 0.697211155378486
44 44 40 0.0 0.0 0.0 0.0 2.0 0.0 0.0 0.6993006993006992
45 37 40 0.0 0.0 4.0 0.0 50.0 2.0 0.0 0.6822612085769979
45 37 41 0.0 0.0 0.0 0.0 11.0 0.0 0.0 0.6961710591745399
45 37 42 0.0 0.0 7.0 0.0 130.0 1.0 0.0 0.6554307116104868
45 38 37 0.0 0.0 0.0 0.0 1.0 0.0 0.0 0.6996501749125437
45 38 40 0.0 0.0 0.0 0.0 13.0 0.0 0.0 0.695479384003974
45 38 41 0.0 0.0 0.0 0.0 5.0 0.0 0.0 0.6982543640897755
45 38 42 0.0 0.0 0.0 0.0 2.0 0.0 0.0 0.6993006993006992
45 38 43 0.0 0.0 2.0 0.0 14.0 0.0 0.0 0.6944444444444444
45 39 35 0.0 0.0 0.0 0.0 1.0 0.0 0.0 0.6996501749125437
45 39 36 0.0 0.0 0.0 0.0 1.0 0.0 0.0 0.6996501749125437
45 39 37 0.0 0.0 0.0 0.0 4.0 0.0 0.0 0.6986027944111775
45 39 39 0.0 0.0 0.0 0.0 3.0 0.0 0.0 0.6989515726410384
45 39 40 0.0 0.0 0.0 0.0 5.0 0.0 0.0 0.6982543640897755
45 39 41 0.0 0.0 0.0 0.0 15.0 0.0 0.0 0.694789081885856
45 39 42 0.0 0.0 0.0 0.0 7.0 0.0 0.0 0.6975585450921773
45 39 43 0.0 0.0 0.0 0.0 1.0 0.0 0.0 0.6996501749125437
45 39 44 0.0 0.0 0.0 0.0 5.0 0.0 0.0 0.6982543640897755
45 39 45 0.0 0.0 0.0 0.0 4.0 0.0 0.0 0.6986027944111775
45 40 36 0.0 0.0 0.0 0.0 3.0 0.0 0.0 0.6989515726410384
45 40 37 0.0 0.0 2.0 0.0 24.0 1.0 0.0 0.6913580246913579
45 40 39 0.0 0.0 0.0 0.0 3.0 0.0 0.0 0.6989515726410384
45 40 40 0.0 0.0 0.0 0.0 14.0 0.0 0.0 0.6951340615690167
45 40 41 0.0 0.0 0.0 0.0 35.0 0.0 0.0 0.6882989183874139
45 40 42 0.0 0.0 6.0 0.0 71.0 3.0 0.0 0.6750241080038573
45 40 43 0.0 0.0 0.0 0.0 5.0 0.0 0.0 0.6982543640897755
45 40 44 0.0 0.0 0.0 0.0 3.0 0.0 0.0 0.6989515726410384
45 40 45 0.0 0.0 6.0 0.0 96.0 2.0 0.0 0.6666666666666665
45 41 35 0.0 0.0 0.0 0.0 3.0 0.0 0.0 0.6989515726410384
45 41 36 0.0 0.0 0.0 0.0 3.0 0.0 0.0 0.6989515726410384
45 41 37 0.0 0.0 0.0 0.0 6.0 0.0 0.0 0.6979062811565303
45 41 39 0.0 0.0 1.0 0.0 22.0 1.0 0.0 0.6923837784371908
45 41 40 0.0 0.0 0.0 0.0 7.0 0.0 0.0 0.6975585450921773
45 41 41 0.0 0.0 0.0 0.0 26.0 0.0 0.0 0.6910167818361302
45 41 42 0.0 0.0 0.0 0.0 5.0 0.0 0.0 0.6982543640897755
45 41 43 0.0 0.0 1.0 0.0 3.0 1.0 0.0 0.6989515726410384
45 41 44 0.0 0.0 0.0 0.0 5.0 0.0 0.0 0.6982543640897755
45 41 45 0.0 0.0 0.0 0.0 2.0 0.0 0.0 0.6993006993006992
45 42 35 0.0 0.0 0.0 0.0 2.0 0.0 0.0 0.6993006993006992
45 42 36 0.0 0.0 6.0 0.0 234.0 3.0 0.0 0.6258381761287437
45 42 37 0.0 0.0 0.0 0.0 3.0 0.0 0.0 0.6989515726410384
45 42 40 0.0 0.0 0.0 0.0 6.0 0.0 0.0 0.6979062811565303
45 42 41 0.0 0.0 0.0 0.0 21.0 0.0 0.0 0.6927263730826323
45 42 42 0.0 0.0 2.0 0.0 19.0 0.0 0.0 0.6927263730826323
45 43 35 0.0 0.0 0.0 0.0 5.0 0.0 0.0 0.6982543640897755
45 43 36 0.0 0.0 0.0 0.0 2.0 0.0 0.0 0.6993006993006992
45 43 37 0.0 0.0 3.0 0.0 30.0 3.0 0.0 0.689655172413793
