37 39 40 0.0 0.0 0.0 0.0 1.0 0.0 0.0 0.6996501749125437
37 40 40 0.0 0.0 0.0 0.0 1.0 0.0 0.0 0.6996501749125437
38 37 39 0.0 0.0 0.0 0.0 1.0 0.0 0.0 0.6996501749125437
38 38 38 0.0 0.0 0.0 0.0 3.0 0.0 0.0 0.6989515726410384
38 38 39 0.0 0.0 0.0 0.0 15.0 0.0 0.0 0.694789081885856
38 38 40 0.0 0.0 0.0 0.0 13.0 0.0 0.0 0.695479384003974
38 38 41 0.0 0.0 0.0 0.0 12.0 0.0 0.0 0.6958250497017892
38 38 42 0.0 0.0 0.0 0.0 4.0 0.0 0.0 0.6986027944111775
38 39 38 0.0 0.0 0.0 0.0 23.0 0.0 0.0 0.6920415224913494
38 39 39 0.0 0.0 16.0 0.0 444.0 6.0 0.0 0.5704971475142624
38 39 40 0.0 0.0 1.0 0.0 40.0 0.0 0.0 0.6859382655560998
38 39 41 0.0 0.0 7.0 0.0 129.0 1.0 0.0 0.6557377049180326
38 39 42 0.0 0.0 0.0 0.0 4.0 0.0 0.0 0.6986027944111775
38 40 38 0.0 0.0 0.0 0.0 22.0 0.0 0.0 0.6923837784371908
38 40 39 0.0 0.0 57.0 0.0 1263.0 10.0 7.0 0.4229607250755286
38 40 40 0.0 0.0 21.0 0.0 672.0 2.0 2.0 0.5202526941657376
38 40 41 0.0 0.0 0.0 0.0 32.0 0.0 0.0 0.6893156080748399
38 40 42 0.0 0.0 0.0 0.0 3.0 0.0 0.0 0.6989515726410384
38 41 38 0.0 0.0 0.0 0.0 9.0 0.0 0.0 0.6968641114982577
38 41 39 0.0 0.0 21.0 0.0 620.0 3.0 4.0 0.5309063329541144
38 41 40 0.0 0.0 8.0 0.0 192.0 0.0 0.0 0.6366530241018644
38 41 41 0.0 0.0 0.0 0.0 6.0 0.0 0.0 0.6979062811565303
38 41 42 0.0 0.0 0.0 0.0 2.0 0.0 0.0 0.6993006993006992
38 42 38 0.0 0.0 0.0 0.0 2.0 0.0 0.0 0.6993006993006992
38 42 39 0.0 0.0 3.0 0.0 193.0 3.0 0.0 0.6383948928408572
38 42 40 0.0 0.0 0.0 0.0 10.0 0.0 0.0 0.6965174129353233
38 42 41 0.0 0.0 0.0 0.0 8.0 0.0 0.0 0.697211155378486
39 38 38 0.0 0.0 0.0 0.0 3.0 0.0 0.0 0.6989515726410384
39 38 39 0.0 0.0 0.0 0.0 21.0 0.0 0.0 0.6927263730826323
39 38 40 0.0 0.0 63.0 0.0 1201.0 15.0 6.0 0.43090181594336713
39 38 41 0.0 0.0 9.0 0.0 140.0 4.0 0.0 0.6526806526806526
39 38 42 0.0 0.0 0.0 0.0 25.0 0.0 0.0 0.6913580246913579
39 39 38 0.0 0.0 0.0 0.0 39.0 0.0 0.0 0.6866110838646394
39 39 39 0.0 0.0 112.0 0.0 2762.0 8.0 58.0 0.2877106452938758
39 39 40 0.0 0.0 437.0 2.0 8341.0 25.0 1456.0 0.1300631735414344
39 39 41 0.0 0.0 257.0 0.0 5229.0 23.0 307.0 0.18754186202277293
39 39 42 0.0 0.0 0.0 0.0 21.0 0.0 0.0 0.6927263730826323
39 40 38 0.0 0.0 8.0 0.0 124.0 2.0 0.0 0.6569685593618019
39 40 39 2.0 0.0 541.0 0.0 9825.0 24.0 2771.0 0.1132961074694505
39 40 40 0.0 0.0 241.0 7.0 6137.0 21.0 627.0 0.1673040152963671
39 40 41 0.0 0.0 45.0 1.0 1347.0 9.0 8.0 0.41383387525864607
39 40 42 0.0 0.0 0.0 0.0 13.0 0.0 0.0 0.695479384003974
39 41 38 0.0 0.0 0.0 0.0 19.0 0.0 0.0 0.6934125804853887
39 41 39 0.0 0.0 131.0 0.0 2864.0 14.0 68.0 0.280955247842665
39 41 40 0.0 0.0 256.0 0.0 6326.0 19.0 647.0 0.16343684333411157
39 41 41 0.0 0.0 152.0 0.0 3053.0 16.0 63.0 0.26974951830443156
39 41 42 0.0 0.0 0.0 0.0 4.0 0.0 0.0 0.6986027944111775
39 42 38 0.0 0.0 0.0 0.0 4.0 0.0 0.0 0.6986027944111775
39 42 39 0.0 0.0 0.0 0.0 15.0 0.0 0.0 0.694789081885856
39 42 40 0.0 0.0 11.0 0.0 274.0 4.0 1.0 0.6137658921525645
39 42 41 0.0 0.0 0.0 0.0 20.0 0.0 0.0 0.6930693069306929
39 42 42 0.0 0.0 0.0 0.0 4.0 0.0 0.0 0.6986027944111775
39 43 38 0.0 0.0 0.0 0.0 1.0 0.0 0.0 0.6996501749125437
40 37 40 0.0 0.0 0.0 0.0 1.0 0.0 0.0 0.6996501749125437
40 37 42 0.0 0.0 0.0 0.0 1.0 0.0 0.0 0.6996501749125437
40 37 43 0.0 0.0 0.0 0.0 1.0 0.0 0.0 0.6996501749125437
40 38 38 0.0 0.0 26.0 0.0 497.0 3.0 1.0 0.5555555555555555
40 38 39 0.0 0.0 0.0 0.0 54.0 0.0 0.0 0.6815968841285296
40 38 40 0.0 0.0 9.0 0.0 268.0 2.0 2.0 0.6153846153846153
40 38 41 0.0 0.0 12.0 0.0 284.0 2.0 1.0 0.6105538595726122
40 38 42 0.0 0.0 3.0 0.0 65.0 2.0 0.0 0.6776379477250725
40 38 43 0.0 0.0 0.0 0.0 1.0 0.0 0.0 0.6996501749125437
40 39 38 0.0 0.0 0.0 0.0 27.0 0.0 0.0 0.6906758756783422
40 39 39 0.0 0.0 251.0 0.0 6312.0 23.0 651.0 0.16391523240838307
40 39 40 0.0 0.0 281.0 0.0 6544.0 19.0 640.0 0.1589283687138154
40 39 41 0.0 0.0 380.0 0.0 7938.0 26.0 1235.0 0.13592233009708737
40 39 42 0.0 0.0 4.0 0.0 115.0 1.0 0.0 0.6610009442870631
40 39 43 0.0 0.0 0.0 0.0 1.0 0.0 0.0 0.6996501749125437
40 40 38 0.0 0.0 0.0 0.0 51.0 1.0 0.0 0.6829268292682925
40 40 39 0.0 0.0 123.0 0.0 2825.0 17.0 90.0 0.2839180693571283
40 40 40 13.0 5.0 1342.0 64.0 12816.0 39.0 16572.0 0.08624407072013798
40 40 41 0.0 0.0 110.0 0.0 2577.0 18.0 48.0 0.2998500749625187
40 40 42 0.0 0.0 0.0 0.0 76.0 0.0 0.0 0.6743737957610789
40 41 38 0.0 0.0 12.0 0.0 186.0 3.0 0.0 0.6378132118451024
40 41 39 0.0 0.0 63.0 2.0 1500.0 13.0 13.0 0.3940332113706726
40 41 40 0.0 0.0 180.0 5.0 4378.0 13.0 215.0 0.21374045801526714
40 41 41 0.0 0.0 222.0 0.0 4744.0 18.0 236.0 0.2013808975834292
40 41 42 0.0 0.0 0.0 0.0 11.0 0.0 0.0 0.6961710591745399
40 42 38 0.0 0.0 0.0 0.0 2.0 0.0 0.0 0.6993006993006992
40 42 39 0.0 0.0 64.0 0.0 1629.0 14.0 18.0 0.3805381897254688
40 42 40 0.0 0.0 0.0 0.0 29.0 0.0 0.0 0.690335305719921
40 42 41 0.0 0.0 1.0 0.0 23.0 0.0 0.0 0.6916996047430829
40 42 42 0.0 0.0 0.0 0.0 4.0 0.0 0.0 0.6986027944111775
41 37 40 0.0 0.0 0.0 0.0 1.0 0.0 0.0 0.6996501749125437
41 38 38 0.0 0.0 0.0 0.0 6.0 0.0 0.0 0.6979062811565303
41 38 39 0.0 0.0 3.0 0.0 123.0 2.0 0.0 0.6591337099811675
41 38 40 0.0 0.0 35.0 0.0 1039.0 4.0 7.0 0.4560260586319217
41 38 41 0.0 0.0 15.0 0.0 404.0 2.0 1.0 0.5794701986754967
41 38 42 0.0 0.0 49.0 0.0 1283.0 12.0 10.0 0.4216867469879517
41 39 38 0.0 0.0 0.0 0.0 11.0 0.0 0.0 0.6961710591745399
41 39 39 0.0 0.0 87.0 2.0 1823.0 18.0 20.0 0.3595274781715459
41 39 40 0.0 0.0 488.0 0.0 9538.0 21.0 2260.0 0.11650162270117333
41 39 41 0.0 0.0 767.0 0.0 11479.0 17.0 5398.0 0.09821804405780832
41 39 42 0.0 0.0 29.0 0.0 757.0 10.0 3.0 0.5045045045045045
41 40 38 0.0 0.0 6.0 0.0 205.0 0.0 0.0 0.6331976481230212
41 40 39 0.0 0.0 330.0 0.0 6956.0 17.0 736.0 0.15097595168769545
41 40 40 0.0 0.0 15.0 15.0 494.0 4.0 0.0 0.5555555555555555
41 40 41 0.0 0.0 230.0 1.0 4979.0 17.0 279.0 0.19463367162519113
41 40 42 0.0 0.0 98.0 0.0 2392.0 14.0 41.0 0.31277926720285965
41 40 43 0.0 0.0 1.0 0.0 1.0 0.0 0.0 0.6993006993006992
41 41 38 0.0 0.0 2.0 0.0 41.0 1.0 0.0 0.6856023506366307
41 41 39 0.0 0.0 140.0 0.0 3399.0 24.0 103.0 0.2537151141718013
41 41 40 0.0 0.0 448.0 0.0 8323.0 25.0 1239.0 0.13019622430949498
41 41 41 0.0 0.0 7.0 1.0 277.0 1.0 2.0 0.6129597197898423
41 41 42 0.0 0.0 0.0 0.0 8.0 0.0 0.0 0.697211155378486
41 42 38 0.0 0.0 0.0 0.0 2.0 0.0 0.0 0.6993006993006992
41 42 39 0.0 0.0 0.0 0.0 11.0 0.0 0.0 0.6961710591745399
41 42 40 0.0 0.0 0.0 0.0 18.0 0.0 0.0 0.6937561942517343
41 42 41 0.0 0.0 0.0 0.0 24.0 0.0 0.0 0.6916996047430829
41 42 42 0.0 0.0 0.0 0.0 6.0 0.0 0.0 0.6979062811565303
42 37 40 0.0 0.0 0.0 0.0 2.0 0.0 0.0 0.6993006993006992
42 37 41 0.0 0.0 0.0 0.0 1.0 0.0 0.0 0.6996501749125437
42 38 39 0.0 0.0 0.0 0.0 18.0 0.0 0.0 0.6937561942517343
42 38 40 0.0 0.0 57.0 0.0 1353.0 16.0 9.0 0.412492634060106
42 38 41 0.0 0.0 63.0 0.0 1312.0 13.0 5.0 0.4164187983343247
42 38 42 0.0 0.0 0.0 0.0 28.0 0.0 0.0 0.690335305719921
42 39 38 0.0 0.0 0.0 0.0 3.0 0.0 0.0 0.6989515726410384
42 39 39 0.0 0.0 0.0 0.0 22.0 0.0 0.0 0.6923837784371908
42 39 40 0.0 0.0 36.0 0.0 888.0 10.0 8.0 0.4804392587508579
42 39 41 0.0 0.0 9.0 0.0 343.0 2.0 1.0 0.5959982971477223
42 39 42 0.0 0.0 58.0 0.0 1181.0 11.0 13.0 0.43357076494270663
42 40 38 0.0 0.0 5.0 0.0 52.0 2.0 0.0 0.6812652068126519
42 40 39 0.0 0.0 0.0 0.0 27.0 0.0 0.0 0.6906758756783422
42 40 40 0.0 0.0 22.0 0.0 454.0 5.0 0.0 0.5668016194331983
42 40 41 0.0 0.0 15.0 0.0 348.0 4.0 0.0 0.5937234944868531
42 40 42 0.0 0.0 7.0 0.0 175.0 2.0 0.0 0.6422018348623851
42 41 38 0.0 0.0 0.0 0.0 15.0 0.0 0.0 0.694789081885856
42 41 39 0.0 0.0 0.0 0.0 17.0 0.0 0.0 0.694100148735746
42 41 40 0.0 0.0 1.0 0.0 25.0 0.0 0.0 0.6910167818361302
42 41 41 0.0 0.0 0.0 0.0 13.0 0.0 0.0 0.695479384003974
42 41 42 0.0 0.0 0.0 0.0 3.0 0.0 0.0 0.6989515726410384
42 42 38 0.0 0.0 1.0 0.0 43.0 1.0 0.0 0.6852667645619186
42 42 39 0.0 0.0 0.0 0.0 10.0 0.0 0.0 0.6965174129353233
42 42 40 0.0 0.0 0.0 0.0 13.0 0.0 0.0 0.695479384003974
42 42 41 0.0 0.0 0.0 0.0 18.0 0.0 0.0 0.6937561942517343
43 39 43 0.0 0.0 0.0 0.0 1.0 0.0 0.0 0.6996501749125437
