36 36 39 0.0 0.0 0.0 0.0 1.0 0.0 0.0 0.6996501749125437
36 38 38 0.0 0.0 0.0 0.0 2.0 0.0 0.0 0.6993006993006992
36 38 39 0.0 0.0 0.0 0.0 1.0 0.0 0.0 0.6996501749125437
36 38 40 0.0 0.0 3.0 0.0 56.0 1.0 0.0 0.6802721088435373
36 39 38 0.0 0.0 0.0 0.0 8.0 0.0 0.0 0.697211155378486
36 39 39 0.0 0.0 6.0 0.0 341.0 4.0 1.0 0.5975245411865129
36 39 40 0.0 0.0 0.0 0.0 4.0 0.0 0.0 0.6986027944111775
36 39 41 0.0 0.0 0.0 0.0 1.0 0.0 0.0 0.6996501749125437
36 40 38 0.0 0.0 21.0 0.0 609.0 3.0 2.0 0.5329272934906736
36 40 39 0.0 0.0 8.0 0.0 175.0 3.0 0.0 0.6422018348623851
36 40 40 0.0 0.0 0.0 0.0 2.0 0.0 0.0 0.6993006993006992
36 40 41 0.0 0.0 0.0 0.0 1.0 0.0 0.0 0.6996501749125437
36 41 38 0.0 0.0 4.0 0.0 61.0 1.0 0.0 0.6782945736434108
36 41 39 0.0 0.0 0.0 0.0 6.0 0.0 0.0 0.6979062811565303
36 41 40 0.0 0.0 1.0 0.0 83.0 1.0 0.0 0.6721075372059528
36 41 41 0.0 0.0 0.0 0.0 4.0 0.0 0.0 0.6986027944111775
36 42 40 0.0 0.0 0.0 0.0 1.0 0.0 0.0 0.6996501749125437
36 42 41 0.0 0.0 0.0 0.0 1.0 0.0 0.0 0.6996501749125437
36 43 39 0.0 0.0 0.0 0.0 4.0 0.0 0.0 0.6986027944111775
37 36 41 0.0 0.0 0.0 0.0 3.0 0.0 0.0 0.6989515726410384
37 37 37 0.0 0.0 0.0 0.0 2.0 0.0 0.0 0.6993006993006992
37 37 38 0.0 0.0 0.0 0.0 7.0 0.0 0.0 0.6975585450921773
37 37 39 0.0 0.0 0.0 0.0 21.0 0.0 0.0 0.6927263730826323
37 37 40 0.0 0.0 76.0 0.0 1730.0 16.0 20.0 0.36949063077329103
37 37 41 0.0 0.0 0.0 0.0 15.0 0.0 0.0 0.694789081885856
37 37 42 0.0 0.0 0.0 0.0 1.0 0.0 0.0 0.6996501749125437
37 38 37 0.0 0.0 0.0 0.0 11.0 0.0 0.0 0.6961710591745399
37 38 38 0.0 0.0 2.0 0.0 127.0 1.0 0.0 0.6578947368421051
37 38 39 0.0 0.0 0.0 0.0 84.0 1.0 0.0 0.6721075372059528
37 38 40 0.0 0.0 0.0 0.0 86.0 0.0 0.0 0.6711409395973154
37 38 41 0.0 0.0 16.0 0.0 442.0 3.0 5.0 0.570264765784114
37 38 42 0.0 0.0 0.0 0.0 47.0 0.0 0.0 0.6839276990718123
37 38 43 0.0 0.0 0.0 0.0 1.0 0.0 0.0 0.6996501749125437
37 39 37 0.0 0.0 0.0 0.0 10.0 0.0 0.0 0.6965174129353233
37 39 38 0.0 0.0 12.0 0.0 370.0 8.0 0.0 0.5899705014749261
37 39 39 0.0 0.0 62.0 0.0 1346.0 13.0 8.0 0.41224970553592455
37 39 40 0.0 0.0 16.0 0.0 482.0 2.0 3.0 0.5613472333600641
37 39 41 0.0 0.0 18.0 0.0 495.0 4.0 0.0 0.557991231566361
37 39 42 0.0 0.0 0.0 0.0 41.0 0.0 0.0 0.6862745098039215
37 39 43 0.0 0.0 0.0 0.0 8.0 0.0 0.0 0.697211155378486
37 40 37 0.0 0.0 0.0 0.0 13.0 0.0 0.0 0.695479384003974
37 40 38 0.0 0.0 1.0 0.0 170.0 1.0 0.0 0.6451612903225805
37 40 39 0.0 0.0 305.0 0.0 6913.0 23.0 741.0 0.15210777922642327
37 40 40 0.0 0.0 102.0 0.0 2757.0 17.0 61.0 0.289077018377039
37 40 41 0.0 0.0 58.0 0.0 1356.0 12.0 12.0 0.41152263374485587
37 40 42 0.0 0.0 0.0 0.0 25.0 0.0 0.0 0.6913580246913579
37 40 43 0.0 0.0 0.0 0.0 3.0 0.0 0.0 0.6993006993006992
37 41 37 0.0 0.0 0.0 0.0 8.0 0.0 0.0 0.697211155378486
37 41 38 0.0 0.0 0.0 0.0 131.0 1.0 0.0 0.6572769953051641
37 41 39 0.0 0.0 63.0 0.0 1892.0 12.0 15.0 0.3549695740365111
37 41 40 0.0 0.0 17.0 0.0 481.0 8.0 2.0 0.5622489959839357
37 41 41 0.0 0.0 25.0 0.0 766.0 6.0 2.0 0.5028735632183908
37 41 42 0.0 0.0 0.0 0.0 43.0 1.0 0.0 0.6856023506366307
37 41 43 0.0 0.0 0.0 0.0 5.0 0.0 0.0 0.6982543640897755
37 42 38 0.0 0.0 0.0 0.0 53.0 0.0 0.0 0.6819288845591815
37 42 39 0.0 0.0 49.0 0.0 1419.0 13.0 16.0 0.40532715691951354
37 42 40 0.0 0.0 184.0 0.0 3785.0 22.0 92.0 0.23533366952428977
37 42 41 0.0 0.0 22.0 0.0 628.0 9.0 1.0 0.5301022340022719
37 42 42 0.0 0.0 26.0 0.0 385.0 7.0 1.0 0.5823627287853577
37 42 43 0.0 0.0 0.0 0.0 1.0 0.0 0.0 0.6996501749125437
37 43 38 0.0 0.0 5.0 0.0 85.0 1.0 0.0 0.6701771182383915
37 43 39 0.0 0.0 26.0 0.0 479.0 5.0 0.0 0.5599999999999999
37 43 40 0.0 0.0 12.0 0.0 255.0 3.0 1.0 0.6183745583038868
37 43 41 0.0 0.0 0.0 0.0 32.0 0.0 0.0 0.6889763779527558
37 43 42 0.0 0.0 0.0 0.0 13.0 0.0 0.0 0.695479384003974
37 44 39 0.0 0.0 0.0 0.0 1.0 0.0 0.0 0.6996501749125437
37 44 41 0.0 0.0 0.0 0.0 1.0 0.0 0.0 0.6996501749125437
38 36 40 0.0 0.0 0.0 0.0 6.0 0.0 0.0 0.6982543640897755
38 36 41 0.0 0.0 0.0 0.0 17.0 0.0 0.0 0.694100148735746
38 36 42 0.0 0.0 0.0 0.0 1.0 0.0 0.0 0.6996501749125437
38 36 43 0.0 0.0 0.0 0.0 1.0 0.0 0.0 0.6996501749125437
38 37 36 0.0 0.0 0.0 0.0 2.0 0.0 0.0 0.6993006993006992
38 37 37 0.0 0.0 0.0 0.0 7.0 0.0 0.0 0.6975585450921773
38 37 38 0.0 0.0 1.0 0.0 28.0 1.0 0.0 0.690335305719921
38 37 39 0.0 0.0 0.0 0.0 164.0 1.0 0.0 0.6478482184173993
38 37 40 0.0 0.0 63.0 0.0 1268.0 14.0 7.0 0.42206813385589387
38 37 41 0.0 0.0 3.0 0.0 102.0 0.0 0.0 0.6650831353919239
38 37 42 0.0 0.0 48.0 0.0 1170.0 9.0 7.0 0.4362729822374571
38 37 43 0.0 0.0 5.0 0.0 79.0 1.0 0.0 0.6721075372059528
38 38 37 0.0 0.0 0.0 0.0 30.0 0.0 0.0 0.689655172413793
38 38 38 0.0 0.0 158.0 0.0 3673.0 8.0 114.0 0.24042589730379527
38 38 39 0.0 0.0 198.0 0.0 4636.0 21.0 223.0 0.20539906103286384
38 38 40 0.0 0.0 418.0 0.0 8475.0 23.0 1295.0 0.12866464479367704
38 38 41 0.0 0.0 322.0 0.0 6934.0 20.0 698.0 0.15143320713899402
38 38 42 0.0 0.0 58.0 0.0 1671.0 7.0 26.0 0.3761418592154755
38 38 43 0.0 0.0 0.0 0.0 11.0 0.0 0.0 0.6961710591745399
38 39 36 0.0 0.0 0.0 0.0 5.0 0.0 0.0 0.6982543640897755
38 39 37 0.0 0.0 2.0 0.0 60.0 1.0 0.0 0.6792819019893255
38 39 38 0.0 0.0 330.0 0.0 7108.0 28.0 832.0 0.14861995753715498
38 39 39 0.0 0.0 581.0 0.0 10436.0 24.0 3707.0 0.1075681905493661
38 39 40 0.0 0.0 591.0 0.0 10081.0 29.0 2721.0 0.11067193675889328
38 39 41 0.0 0.0 464.0 0.0 9327.0 24.0 2381.0 0.11887577481531798
38 39 42 0.0 0.0 111.0 0.0 3028.0 6.0 80.0 0.27269185820023367
38 39 43 0.0 0.0 40.0 0.0 617.0 9.0 1.0 0.5287009063444108
38 39 44 0.0 0.0 0.0 0.0 1.0 0.0 0.0 0.6996501749125437
38 40 37 0.0 0.0 1.0 0.0 74.0 2.0 0.0 0.6753497346840327
38 40 38 0.0 0.0 351.0 0.0 7047.0 24.0 745.0 0.14925373134328357
38 40 39 0.0 0.0 862.0 0.0 12140.0 34.0 7042.0 0.09336445481827274
38 40 40 0.0 0.0 678.0 0.0 11202.0 27.0 4814.0 0.1009154472716788
38 40 41 0.0 0.0 294.0 0.0 6955.0 22.0 774.0 0.1516300227445034
38 40 42 0.0 0.0 278.0 0.0 6084.0 21.0 480.0 0.16776512881965247
38 40 43 0.0 0.0 2.0 0.0 47.0 1.0 0.0 0.6835937499999999
38 41 37 0.0 0.0 2.0 0.0 61.0 0.0 0.0 0.6786233640329616
38 41 38 0.0 0.0 159.0 0.0 3891.0 17.0 126.0 0.23194168323392972
38 41 39 0.0 0.0 596.0 0.0 10726.0 25.0 4270.0 0.10521569216894633
38 41 40 0.0 0.0 753.0 0.0 11544.0 29.0 4522.0 0.09797060881735478
38 41 41 0.0 0.0 374.0 0.0 7438.0 22.0 990.0 0.14285714285714285
38 41 42 0.0 0.0 42.0 0.0 962.0 8.0 3.0 0.4672897196261681
38 41 43 0.0 0.0 0.0 0.0 14.0 0.0 0.0 0.6951340615690167
38 42 37 0.0 0.0 0.0 0.0 8.0 0.0 0.0 0.6975585450921773
38 42 38 0.0 0.0 141.0 0.0 3157.0 13.0 86.0 0.2649006622516556
38 42 39 0.0 0.0 426.0 0.0 9041.0 35.0 1997.0 0.12231347195526819
38 42 40 0.0 0.0 374.0 0.0 7893.0 29.0 1187.0 0.1366386882685926
38 42 41 0.0 0.0 551.0 0.0 9617.0 24.0 2117.0 0.11513157894736842
38 42 42 0.0 0.0 24.0 0.0 512.0 5.0 0.0 0.5533596837944663
38 42 43 0.0 0.0 0.0 0.0 2.0 0.0 0.0 0.6993006993006992
38 43 37 0.0 0.0 0.0 0.0 5.0 0.0 0.0 0.6982543640897755
38 43 38 0.0 0.0 11.0 0.0 192.0 3.0 0.0 0.6363636363636362
38 43 39 0.0 0.0 4.0 0.0 120.0 1.0 0.0 0.6594441827602449
38 43 40 0.0 0.0 85.0 0.0 2102.0 11.0 29.0 0.33516878142207324
38 43 41 0.0 0.0 28.0 0.0 683.0 8.0 1.0 0.5179430262671106
38 43 42 0.0 0.0 1.0 0.0 45.0 0.0 0.0 0.6842619745845552
38 43 43 0.0 0.0 0.0 0.0 1.0 0.0 0.0 0.0
38 44 39 0.0 0.0 0.0 0.0 5.0 0.0 0.0 0.6982543640897755
38 44 40 0.0 0.0 0.0 0.0 4.0 0.0 0.0 0.6986027944111775
38 44 41 0.0 0.0 0.0 0.0 7.0 0.0 0.0 0.6975585450921773
39 36 37 0.0 0.0 0.0 0.0 1.0 0.0 0.0 0.6996501749125437
39 36 39 0.0 0.0 0.0 0.0 5.0 0.0 0.0 0.6982543640897755
39 36 40 0.0 0.0 0.0 0.0 16.0 1.0 0.0 0.694789081885856
39 36 41 0.0 0.0 2.0 0.0 62.0 0.0 0.0 0.6782945736434108
39 36 42 0.0 0.0 0.0 0.0 12.0 0.0 0.0 0.6958250497017892
39 36 43 0.0 0.0 0.0 0.0 1.0 0.0 0.0 0.6996501749125437
39 37 36 0.0 0.0 0.0 0.0 3.0 0.0 0.0 0.6989515726410384
39 37 37 0.0 0.0 27.0 0.0 551.0 7.0 0.0 0.5445352003111629
39 37 38 0.0 0.0 21.0 0.0 403.0 7.0 1.0 0.5792304509722795
39 37 39 0.0 0.0 3.0 0.0 218.0 1.0 0.0 0.6306306306306305
39 37 40 0.0 0.0 137.0 0.0 3240.0 16.0 88.0 0.26114530871106134
39 37 41 0.0 0.0 363.0 0.0 7017.0 25.0 702.0 0.14957264957264957
39 37 42 0.0 0.0 166.0 0.0 3539.0 22.0 117.0 0.2463054187192118
39 37 43 0.0 0.0 1.0 0.0 106.0 1.0 0.0 0.664767331433998
39 38 36 0.0 0.0 0.0 0.0 9.0 0.0 0.0 0.6968641114982577
39 38 37 0.0 0.0 195.0 0.0 4794.0 11.0 284.0 0.20054433462254687
39 38 38 0.0 0.0 188.0 0.0 3843.0 15.0 133.0 0.232674090078112
39 38 39 0.0 0.0 363.0 0.0 7882.0 25.0 1054.0 0.13693270735524254
39 38 40 0.0 0.0 840.0 0.0 11998.0 33.0 6704.0 0.09437141894169193
39 38 41 0.0 0.0 654.0 0.0 11072.0 25.0 4324.0 0.10210035005834305
39 38 42 0.0 0.0 174.0 0.0 4567.0 21.0 227.0 0.2083333333333333
39 38 43 0.0 0.0 1.0 0.0 54.0 1.0 0.0 0.6815968841285296
39 38 44 0.0 0.0 13.0 0.0 120.0 1.0 0.0 0.6566604127579737
39 39 36 0.0 0.0 4.0 0.0 27.0 0.0 0.0 0.6893156080748399
39 39 37 0.0 0.0 139.0 0.0 2653.0 15.0 44.0 0.2930096274591879
39 39 38 0.0 0.0 427.0 0.0 8309.0 13.0 1307.0 0.13041453190498367
39 39 39 0.0 0.0 957.0 3.0 12479.0 32.0 10024.0 0.09069119647599921
39 39 40 1.0 0.0 1609.0 1.0 12471.0 53.0 24039.0 0.08712427655734643
39 39 41 0.0 0.0 1223.0 0.0 12673.0 40.0 15392.0 0.0880890958283521
39 39 42 0.0 0.0 237.0 0.0 5443.0 21.0 341.0 0.18281535648994512
39 39 43 0.0 0.0 11.0 0.0 180.0 2.0 0.0 0.639853747714808
39 40 36 0.0 0.0 0.0 0.0 14.0 0.0 0.0 0.6951340615690167
39 40 37 0.0 0.0 32.0 0.0 911.0 7.0 6.0 0.47700170357751276
39 40 38 0.0 0.0 593.0 0.0 10561.0 25.0 3498.0 0.10656923194032121
39 40 39 2.0 0.0 1748.0 1.0 12080.0 53.0 28085.0 0.08839499936860713
39 40 40 1.0 0.0 1262.0 3.0 12658.0 33.0 16427.0 0.0878679470281805
39 40 41 1.0 0.0 762.0 0.0 11873.0 32.0 6666.0 0.0957657842533689
39 40 42 0.0 0.0 377.0 0.0 7783.0 24.0 1077.0 0.13809429867824027
39 40 43 0.0 0.0 0.0 0.0 64.0 0.0 0.0 0.6782945736434108
39 40 44 0.0 0.0 0.0 0.0 5.0 0.0 0.0 0.6982543640897755
39 41 36 0.0 0.0 0.0 0.0 4.0 0.0 0.0 0.6986027944111775
39 41 37 0.0 0.0 35.0 0.0 904.0 11.0 4.0 0.4783054321831226
39 41 38 0.0 0.0 391.0 0.0 7999.0 25.0 1081.0 0.13497878904743538
39 41 39 0.0 0.0 1099.0 1.0 12762.0 34.0 10882.0 0.08826125330979699
39 41 40 0.0 0.0 1300.0 0.0 12618.0 35.0 16787.0 0.08793417498900821
39 41 41 0.0 0.0 1091.0 0.0 12779.0 18.0 11659.0 0.08815565770417479
39 41 42 0.0 0.0 210.0 0.0 5061.0 17.0 286.0 0.19299696719051554
39 41 43 0.0 0.0 107.0 0.0 2354.0 9.0 31.0 0.3144654088050314
39 41 44 0.0 0.0 0.0 0.0 2.0 0.0 0.0 0.6993006993006992
39 42 36 0.0 0.0 0.0 0.0 5.0 0.0 0.0 0.6982543640897755
39 42 37 0.0 0.0 14.0 0.0 246.0 6.0 0.0 0.6213936972924988
39 42 38 0.0 0.0 262.0 0.0 5157.0 17.0 317.0 0.18916362653695445
39 42 39 0.0 0.0 283.0 0.0 6260.0 20.0 566.0 0.16418435557640434
39 42 40 0.0 0.0 539.0 0.0 9913.0 25.0 2889.0 0.112540192926045
39 42 41 0.0 0.0 283.0 0.0 6826.0 17.0 811.0 0.15391380826737025
39 42 42 0.0 0.0 44.0 0.0 1840.0 7.0 46.0 0.36110394635027077
39 42 43 0.0 0.0 0.0 0.0 10.0 0.0 0.0 0.6965174129353233
39 42 44 0.0 0.0 0.0 0.0 2.0 0.0 0.0 0.6993006993006992
39 43 37 0.0 0.0 0.0 0.0 2.0 0.0 0.0 0.6993006993006992
39 43 38 0.0 0.0 2.0 0.0 102.0 0.0 0.0 0.6657156443176413
39 43 39 0.0 0.0 71.0 0.0 1821.0 13.0 22.0 0.3608247422680412
39 43 40 0.0 0.0 314.0 0.0 6536.0 27.0 547.0 0.15865820489573887
39 43 41 0.0 0.0 13.0 0.0 356.0 1.0 0.0 0.5914659907055343
39 43 42 0.0 0.0 82.0 0.0 1715.0 15.0 12.0 0.3700766587364525
39 44 39 0.0 0.0 2.0 0.0 62.0 0.0 0.0 0.6782945736434108
39 44 40 0.0 0.0 1.0 0.0 18.0 1.0 0.0 0.6937561942517343
39 44 41 0.0 0.0 53.0 0.0 1112.0 9.0 3.0 0.4435994930291508
39 44 42 0.0 0.0 1.0 0.0 36.0 2.0 0.0 0.6879606879606879
40 35 40 0.0 0.0 0.0 0.0 1.0 0.0 0.0 0.6996501749125437
40 36 38 0.0 0.0 0.0 0.0 13.0 0.0 0.0 0.695479384003974
40 36 39 0.0 0.0 1.0 0.0 16.0 0.0 0.0 0.694100148735746
40 36 40 0.0 0.0 0.0 0.0 18.0 1.0 0.0 0.694100148735746
40 36 41 0.0 0.0 5.0 0.0 252.0 1.0 0.0 0.6208425720620842
40 36 42 0.0 0.0 0.0 0.0 9.0 0.0 0.0 0.6968641114982577
40 37 36 0.0 0.0 0.0 0.0 3.0 0.0 0.0 0.6989515726410384
40 37 37 0.0 0.0 0.0 0.0 34.0 0.0 0.0 0.6882989183874139
40 37 38 0.0 0.0 174.0 0.0 3721.0 15.0 115.0 0.23809523809523803
40 37 39 0.0 0.0 29.0 0.0 788.0 8.0 3.0 0.49893086243763357
40 37 40 0.0 0.0 57.0 0.0 1669.0 8.0 18.0 0.37654653039268415
40 37 41 0.0 0.0 285.0 0.0 6242.0 14.0 622.0 0.16435783047663766
40 37 42 0.0 0.0 60.0 0.0 970.0 8.0 6.0 0.46326935804103236
40 37 43 0.0 0.0 3.0 0.0 136.0 3.0 0.0 0.6554307116104868
40 37 44 0.0 0.0 0.0 0.0 1.0 0.0 0.0 0.6996501749125437
40 38 36 0.0 0.0 0.0 0.0 9.0 0.0 0.0 0.697211155378486
40 38 37 0.0 0.0 1.0 0.0 122.0 0.0 0.0 0.6594441827602449
40 38 38 0.0 0.0 679.0 0.0 11175.0 21.0 5026.0 0.10110493247634865
40 38 39 0.0 0.0 281.0 0.0 5813.0 25.0 433.0 0.1734605377276669
40 38 40 0.0 0.0 585.0 0.0 10607.0 31.0 3412.0 0.10622960770923437
40 38 41 0.0 0.0 648.0 0.0 11113.0 27.0 4132.0 0.10182558731544111
40 38 42 0.0 0.0 726.0 0.0 11282.0 35.0 4205.0 0.10006432706740045
40 38 43 0.0 0.0 113.0 0.0 2802.0 14.0 70.0 0.2856559885737604
40 38 44 0.0 0.0 0.0 0.0 8.0 0.0 0.0 0.6975585450921773
40 39 36 0.0 0.0 1.0 0.0 15.0 0.0 0.0 0.6944444444444444
40 39 37 0.0 0.0 64.0 0.0 1538.0 10.0 11.0 0.3897550111358574
40 39 38 0.0 0.0 393.0 0.0 8427.0 25.0 1457.0 0.12961762799740761
40 39 39 0.0 0.0 1204.0 0.0 12428.0 32.0 16236.0 0.08949689957169339
40 39 40 0.0 0.0 1469.0 0.0 12993.0 37.0 18677.0 0.0850391787645022
40 39 41 0.0 0.0 1547.0 1.0 12680.0 42.0 21994.0 0.08629723232447759
40 39 42 0.0 0.0 657.0 0.0 10782.0 23.0 3136.0 0.10426752066731212
40 39 43 0.0 0.0 144.0 0.0 3625.0 12.0 126.0 0.2431399791594303
40 39 44 0.0 0.0 0.0 0.0 12.0 0.0 0.0 0.6958250497017892
40 40 36 0.0 0.0 10.0 0.0 251.0 6.0 0.0 0.6208425720620842
40 40 37 0.0 0.0 310.0 0.0 7153.0 19.0 918.0 0.14806980433632996
40 40 38 0.0 0.0 473.0 0.0 9438.0 29.0 2205.0 0.1176767252248466
40 40 39 1.0 0.0 1009.0 0.0 12666.0 29.0 10556.0 0.08935980085530094
40 40 40 8.0 8.0 2839.0 22.0 9361.0 71.0 62449.0 0.09839061072457655
40 40 41 0.0 0.0 907.0 1.0 12364.0 32.0 9381.0 0.0917130691123485
40 40 42 0.0 0.0 381.0 0.0 8236.0 16.0 1432.0 0.132013201320132
40 40 43 0.0 0.0 28.0 0.0 914.0 8.0 3.0 0.4771642808452624
40 40 44 0.0 0.0 0.0 0.0 7.0 0.0 0.0 0.6975585450921773
40 41 36 0.0 0.0 0.0 0.0 10.0 0.0 0.0 0.6965174129353233
40 41 37 0.0 0.0 219.0 0.0 5160.0 15.0 339.0 0.1899850726014384
40 41 38 0.0 0.0 680.0 0.0 10919.0 30.0 4056.0 0.10313075506445672
40 41 39 0.0 0.0 956.0 6.0 12585.0 25.0 8359.0 0.09004373552868536
40 41 40 0.0 3.0 1129.0 15.0 12785.0 24.0 13131.0 0.0878293601003764
40 41 41 0.0 0.0 1189.0 0.0 12783.0 46.0 14097.0 0.08768084173608065
40 41 42 0.0 0.0 253.0 0.0 5580.0 27.0 432.0 0.1792803175822768
40 41 43 0.0 0.0 127.0 0.0 2942.0 14.0 62.0 0.2769535113748763
40 41 44 0.0 0.0 0.0 0.0 7.0 0.0 0.0 0.6975585450921773
40 42 36 0.0 0.0 19.0 0.0 315.0 4.0 0.0 0.6008583690987124
40 42 37 0.0 0.0 38.0 0.0 1158.0 9.0 8.0 0.4395604395604395
40 42 38 0.0 0.0 173.0 0.0 4004.0 21.0 148.0 0.22730962818639383
40 42 39 0.0 0.0 738.0 0.0 11729.0 30.0 6817.0 0.09687240520343204
40 42 40 0.0 0.0 294.0 3.0 6631.0 20.0 724.0 0.15710919088766692
40 42 41 0.0 0.0 635.0 0.0 10840.0 20.0 3494.0 0.10389610389610389
40 42 42 0.0 0.0 59.0 0.0 1407.0 8.0 12.0 0.4048582995951417
40 42 43 0.0 0.0 1.0 0.0 16.0 1.0 0.0 0.6944444444444444
40 42 44 0.0 0.0 2.0 0.0 17.0 0.0 0.0 0.6934125804853887
40 43 37 0.0 0.0 1.0 0.0 25.0 0.0 0.0 0.6910167818361302
40 43 38 0.0 0.0 0.0 0.0 62.0 0.0 0.0 0.6789524733268669
40 43 39 0.0 0.0 84.0 0.0 1901.0 7.0 17.0 0.3520241387980889
40 43 40 0.0 0.0 259.0 0.0 5147.0 19.0 289.0 0.18939393939393936
40 43 41 0.0 0.0 38.0 0.0 902.0 6.0 3.0 0.4771642808452624
40 43 42 0.0 0.0 3.0 0.0 77.0 0.0 0.0 0.6730769230769229
40 43 43 0.0 0.0 0.0 0.0 2.0 0.0 0.0 0.6993006993006992
40 44 39 0.0 0.0 3.0 0.0 40.0 1.0 0.0 0.6856023506366307
40 44 40 0.0 0.0 0.0 0.0 10.0 0.0 0.0 0.6965174129353233
40 44 41 0.0 0.0 0.0 0.0 6.0 0.0 0.0 0.6979062811565303
40 45 41 0.0 0.0 0.0 0.0 1.0 0.0 0.0 0.6996501749125437
41 35 39 0.0 0.0 0.0 0.0 1.0 0.0 0.0 0.6996501749125437
41 35 40 0.0 0.0 0.0 0.0 1.0 0.0 0.0 0.6996501749125437
41 36 37 0.0 0.0 0.0 0.0 2.0 0.0 0.0 0.6993006993006992
41 36 38 0.0 0.0 0.0 0.0 12.0 0.0 0.0 0.6958250497017892
41 36 39 0.0 0.0 83.0 0.0 2250.0 12.0 36.0 0.3239990742883591
41 36 40 0.0 0.0 0.0 0.0 28.0 0.0 0.0 0.690335305719921
41 36 41 0.0 0.0 0.0 0.0 21.0 0.0 0.0 0.6927263730826323
41 36 42 0.0 0.0 0.0 0.0 10.0 0.0 0.0 0.6965174129353233
41 36 43 0.0 0.0 1.0 0.0 15.0 1.0 0.0 0.694789081885856
41 37 37 0.0 0.0 0.0 0.0 37.0 0.0 0.0 0.6872852233676975
41 37 38 0.0 0.0 5.0 0.0 160.0 2.0 0.0 0.6472491909385112
41 37 39 0.0 0.0 201.0 0.0 4713.0 18.0 303.0 0.20289855072463764
41 37 40 0.0 0.0 102.0 0.0 2534.0 26.0 38.0 0.30362177401865104
41 37 41 0.0 0.0 127.0 0.0 2906.0 18.0 51.0 0.2793296089385474
41 37 42 0.0 0.0 186.0 0.0 3480.0 20.0 85.0 0.2479192491588454
41 37 43 0.0 0.0 56.0 0.0 1231.0 13.0 14.0 0.4274809160305343
41 37 44 0.0 0.0 0.0 0.0 1.0 0.0 0.0 0.6996501749125437
41 38 37 0.0 0.0 31.0 0.0 542.0 4.0 1.0 0.544959128065395
41 38 38 0.0 0.0 176.0 0.0 3878.0 15.0 151.0 0.2317880794701986
41 38 39 0.0 0.0 479.0 0.0 9296.0 19.0 2194.0 0.11895658084799046
41 38 40 0.0 0.0 737.0 0.0 11347.0 32.0 5576.0 0.09950248756218905
41 38 41 0.0 0.0 667.0 0.0 11249.0 26.0 4995.0 0.10067596720839923
41 38 42 0.0 0.0 721.0 0.0 11655.0 25.0 6516.0 0.09736421169761457
41 38 43 0.0 0.0 118.0 0.0 3309.0 21.0 93.0 0.2588757396449704
41 38 44 0.0 0.0 4.0 0.0 39.0 0.0 0.0 0.6852667645619186
41 39 36 0.0 0.0 2.0 0.0 30.0 1.0 0.0 0.6893156080748399
41 39 37 0.0 0.0 4.0 0.0 242.0 2.0 0.0 0.623885918003565
41 39 38 0.0 0.0 411.0 0.0 8042.0 22.0 1167.0 0.13417672992141075
41 39 39 0.0 0.0 859.0 2.0 12256.0 35.0 7878.0 0.09266000397114302
41 39 40 0.0 0.0 1672.0 0.0 12007.0 40.0 26851.0 0.08921175046198941
41 39 41 1.0 0.0 2104.0 0.0 11378.0 43.0 37777.0 0.09038672606365808
41 39 42 0.0 0.0 789.0 0.0 11735.0 32.0 5484.0 0.09647188533627342
41 39 43 0.0 0.0 121.0 0.0 3144.0 13.0 90.0 0.2664636467453368
41 39 44 0.0 0.0 3.0 0.0 55.0 1.0 0.0 0.6806028196402526
41 40 35 0.0 0.0 0.0 0.0 1.0 0.0 0.0 0.6996501749125437
41 40 36 0.0 0.0 42.0 0.0 1309.0 11.0 13.0 0.4190362167015863
41 40 37 0.0 0.0 54.0 0.0 1366.0 11.0 12.0 0.4106776180698152
41 40 38 0.0 0.0 562.0 0.0 10296.0 23.0 2980.0 0.10901728702694283
41 40 39 0.0 0.0 1387.0 0.0 12376.0 47.0 19339.0 0.08883812424646233
41 40 40 0.0 0.0 744.0 11.0 11790.0 13.0 4883.0 0.09621331867225619
41 40 41 0.0 0.0 1250.0 1.0 12807.0 31.0 14962.0 0.08715682002116665
41 40 42 0.0 0.0 921.0 0.0 12315.0 28.0 9045.0 0.09193590753874441
41 40 43 0.0 0.0 294.0 0.0 6855.0 15.0 837.0 0.15315610983481015
41 40 44 0.0 0.0 11.0 0.0 227.0 1.0 0.0 0.6258381761287437
41 41 36 0.0 0.0 0.0 0.0 8.0 0.0 0.0 0.697211155378486
41 41 37 0.0 0.0 225.0 0.0 4604.0 20.0 211.0 0.2055196711685261
41 41 38 0.0 0.0 393.0 0.0 8198.0 21.0 1335.0 0.13236267372600924
41 41 39 0.0 0.0 1060.0 1.0 12554.0 31.0 11025.0 0.08966312283847827
41 41 40 0.0 0.0 1493.0 0.0 12229.0 34.0 23046.0 0.08900190718372536
41 41 41 0.0 0.0 685.0 6.0 10756.0 31.0 3485.0 0.10424422933730454
41 41 42 0.0 0.0 227.0 0.0 4849.0 14.0 244.0 0.1981879954699886
41 41 43 0.0 0.0 62.0 0.0 1279.0 11.0 6.0 0.4204204204204203
41 41 44 0.0 0.0 0.0 0.0 7.0 0.0 0.0 0.6975585450921773
41 42 36 0.0 0.0 4.0 0.0 41.0 0.0 0.0 0.6845965770171147
41 42 37 0.0 0.0 30.0 0.0 603.0 9.0 2.0 0.5337399923751428
41 42 38 0.0 0.0 70.0 0.0 1478.0 12.0 12.0 0.39615166949632136
41 42 39 0.0 0.0 183.0 0.0 4221.0 21.0 177.0 0.21929824561403505
41 42 40 0.0 0.0 337.0 0.0 7362.0 29.0 986.0 0.14467293582721916
41 42 41 0.0 0.0 350.0 0.0 7081.0 17.0 704.0 0.14866730381225443
41 42 42 0.0 0.0 26.0 0.0 957.0 5.0 5.0 0.47027208599260995
41 42 43 0.0 0.0 0.0 0.0 13.0 0.0 0.0 0.695479384003974
41 42 44 0.0 0.0 0.0 0.0 1.0 0.0 0.0 0.6996501749125437
41 43 37 0.0 0.0 0.0 0.0 1.0 0.0 0.0 0.6996501749125437
41 43 38 0.0 0.0 1.0 0.0 59.0 1.0 0.0 0.6799417192812044
41 43 39 0.0 0.0 76.0 0.0 1514.0 15.0 13.0 0.39171796306659196
41 43 40 0.0 0.0 4.0 0.0 184.0 0.0 0.0 0.639853747714808
41 43 41 0.0 0.0 21.0 0.0 511.0 1.0 2.0 0.5531410509679968
41 43 42 0.0 0.0 40.0 0.0 898.0 7.0 3.0 0.4774897680763983
41 44 38 0.0 0.0 0.0 0.0 1.0 0.0 0.0 0.6996501749125437
41 44 40 0.0 0.0 0.0 0.0 2.0 0.0 0.0 0.6993006993006992
42 35 38 0.0 0.0 0.0 0.0 1.0 0.0 0.0 0.6996501749125437
42 36 38 0.0 0.0 0.0 0.0 2.0 0.0 0.0 0.6993006993006992
42 36 39 0.0 0.0 11.0 0.0 150.0 5.0 0.0 0.6493506493506492
42 36 40 0.0 0.0 0.0 0.0 26.0 0.0 0.0 0.6910167818361302
42 36 41 0.0 0.0 3.0 0.0 86.0 1.0 0.0 0.6704980842911876
42 36 42 0.0 0.0 0.0 0.0 6.0 0.0 0.0 0.6979062811565303
42 36 43 0.0 0.0 0.0 0.0 6.0 0.0 0.0 0.6979062811565303
42 36 44 0.0 0.0 0.0 0.0 3.0 0.0 0.0 0.6989515726410384
42 37 37 0.0 0.0 0.0 0.0 3.0 0.0 0.0 0.6989515726410384
42 37 38 0.0 0.0 1.0 0.0 38.0 0.0 0.0 0.6869479882237487
42 37 39 0.0 0.0 117.0 0.0 2154.0 11.0 27.0 0.3287928604978863
42 37 40 0.0 0.0 370.0 0.0 7722.0 20.0 1154.0 0.13894402540690748
42 37 41 0.0 0.0 249.0 0.0 5636.0 14.0 397.0 0.17777777777777773
42 37 42 0.0 0.0 18.0 0.0 577.0 2.0 1.0 0.5399151561897415
42 37 43 0.0 0.0 109.0 0.0 3174.0 11.0 122.0 0.2653525398028809
42 37 44 0.0 0.0 0.0 0.0 2.0 0.0 0.0 0.6993006993006992
42 38 37 0.0 0.0 0.0 0.0 12.0 0.0 0.0 0.6958250497017892
42 38 38 0.0 0.0 102.0 0.0 2591.0 19.0 57.0 0.29959340894500314
42 38 39 0.0 0.0 261.0 0.0 6293.0 23.0 637.0 0.16399203467260157
42 38 40 0.0 0.0 768.0 0.0 11795.0 26.0 6845.0 0.09618026930475404
42 38 41 0.0 0.0 905.0 0.0 12189.0 28.0 7709.0 0.09282588516111921
42 38 42 0.0 0.0 221.0 0.0 5144.0 23.0 336.0 0.19073569482288827
42 38 43 0.0 0.0 9.0 0.0 368.0 2.0 3.0 0.5897219882055602
42 38 44 0.0 0.0 0.0 0.0 3.0 0.0 0.0 0.6989515726410384
42 39 37 0.0 0.0 28.0 0.0 1069.0 9.0 3.0 0.45336787564766834
42 39 38 0.0 0.0 97.0 0.0 2179.0 15.0 27.0 0.3285613705702886
42 39 39 0.0 0.0 455.0 0.0 8633.0 19.0 1546.0 0.12638801119436668
42 39 40 0.0 0.0 815.0 0.0 11994.0 28.0 6810.0 0.09453072248480755
42 39 41 0.0 0.0 666.0 0.0 11119.0 31.0 4158.0 0.10169984018596541
42 39 42 0.0 0.0 884.0 0.0 12331.0 22.0 7528.0 0.09196610392169742
42 39 43 0.0 0.0 22.0 0.0 623.0 6.0 2.0 0.5305039787798408
42 39 44 0.0 0.0 0.0 0.0 15.0 0.0 0.0 0.694789081885856
42 40 36 0.0 0.0 0.0 0.0 6.0 0.0 0.0 0.6979062811565303
42 40 37 0.0 0.0 7.0 0.0 102.0 2.0 0.0 0.6644518272425248
42 40 38 0.0 0.0 485.0 0.0 9695.0 20.0 2602.0 0.11499917857729586
42 40 39 0.0 0.0 489.0 0.0 9171.0 17.0 1771.0 0.12008920912677988
42 40 40 0.0 0.0 702.0 0.0 11596.0 20.0 5092.0 0.09790209790209789
42 40 41 0.0 0.0 736.0 0.0 11511.0 32.0 4640.0 0.0984321169936019
42 40 42 0.0 0.0 650.0 0.0 11064.0 22.0 3926.0 0.10218232245821471
42 40 43 0.0 0.0 144.0 0.0 3071.0 19.0 62.0 0.2694380292532717
42 40 44 0.0 0.0 6.0 0.0 69.0 1.0 0.0 0.6750241080038573
42 41 36 0.0 0.0 0.0 0.0 1.0 0.0 0.0 0.6996501749125437
42 41 37 0.0 0.0 1.0 0.0 88.0 1.0 0.0 0.6704980842911876
42 41 38 0.0 0.0 228.0 0.0 5433.0 21.0 355.0 0.18319811567652444
42 41 39 0.0 0.0 372.0 0.0 7289.0 14.0 792.0 0.14503263234227698
42 41 40 0.0 0.0 346.0 0.0 7789.0 28.0 1322.0 0.13844936708860756
42 41 41 0.0 0.0 50.0 0.0 1799.0 9.0 33.0 0.3645833333333333
42 41 42 0.0 0.0 292.0 0.0 6976.0 18.0 856.0 0.15125324114088157
42 41 43 0.0 0.0 39.0 0.0 714.0 9.0 1.0 0.510204081632653
42 41 44 0.0 0.0 0.0 0.0 6.0 0.0 0.0 0.6979062811565303
42 42 36 0.0 0.0 0.0 0.0 2.0 0.0 0.0 0.6993006993006992
42 42 37 0.0 0.0 0.0 0.0 25.0 0.0 0.0 0.6913580246913579
42 42 38 0.0 0.0 235.0 0.0 5280.0 14.0 332.0 0.18664178109585386
42 42 39 0.0 0.0 267.0 0.0 6233.0 15.0 555.0 0.16491930733890917
42 42 40 0.0 0.0 53.0 0.0 1884.0 10.0 39.0 0.3565970453387671
42 42 41 0.0 0.0 340.0 0.0 7107.0 29.0 819.0 0.1485568760611205
42 42 42 0.0 0.0 2.0 0.0 88.0 0.0 0.0 0.6698564593301434
42 42 43 0.0 0.0 0.0 0.0 17.0 0.0 0.0 0.694100148735746
42 43 37 0.0 0.0 0.0 0.0 5.0 0.0 0.0 0.6982543640897755
42 43 38 0.0 0.0 0.0 0.0 17.0 0.0 0.0 0.694100148735746
42 43 39 0.0 0.0 0.0 0.0 29.0 0.0 0.0 0.6899950714637751
42 43 40 0.0 0.0 0.0 0.0 39.0 1.0 0.0 0.6869479882237487
42 43 41 0.0 0.0 5.0 0.0 57.0 2.0 0.0 0.6796116504854368
42 43 42 0.0 0.0 3.0 0.0 49.0 1.0 0.0 0.68259385665529
42 44 41 0.0 0.0 0.0 0.0 1.0 0.0 0.0 0.6996501749125437
43 36 39 0.0 0.0 1.0 0.0 25.0 0.0 0.0 0.6910167818361302
43 36 40 0.0 0.0 0.0 0.0 10.0 0.0 0.0 0.6965174129353233
43 36 41 0.0 0.0 0.0 0.0 20.0 0.0 0.0 0.6930693069306929
43 36 42 0.0 0.0 0.0 0.0 3.0 0.0 0.0 0.6993006993006992
43 37 38 0.0 0.0 0.0 0.0 5.0 0.0 0.0 0.6982543640897755
43 37 39 0.0 0.0 0.0 0.0 46.0 0.0 1.0 0.6842619745845552
43 37 40 0.0 0.0 16.0 0.0 379.0 4.0 2.0 0.5857740585774057
43 37 41 0.0 0.0 27.0 0.0 707.0 6.0 2.0 0.5131964809384163
43 37 42 0.0 0.0 1.0 0.0 58.0 0.0 0.0 0.6799417192812044
43 37 43 0.0 0.0 14.0 0.0 208.0 4.0 1.0 0.6311992786293958
43 37 44 0.0 0.0 0.0 0.0 1.0 0.0 0.0 0.6996501749125437
43 38 38 0.0 0.0 0.0 0.0 8.0 0.0 0.0 0.697211155378486
43 38 39 0.0 0.0 6.0 0.0 375.0 2.0 2.0 0.5884825556956704
43 38 40 0.0 0.0 97.0 0.0 1998.0 18.0 30.0 0.3433055419323197
43 38 41 0.0 0.0 139.0 0.0 3597.0 14.0 109.0 0.24462694391053638
43 38 42 0.0 0.0 87.0 0.0 2222.0 12.0 37.0 0.3257328990228013
43 38 43 0.0 0.0 47.0 0.0 936.0 8.0 1.0 0.47058823529411764
43 38 44 0.0 0.0 0.0 0.0 3.0 0.0 0.0 0.6989515726410384
43 39 37 0.0 0.0 0.0 0.0 17.0 0.0 0.0 0.694100148735746
43 39 38 0.0 0.0 6.0 0.0 162.0 1.0 0.0 0.646054453161052
43 39 39 0.0 0.0 72.0 0.0 2000.0 13.0 22.0 0.3449125400344912
43 39 40 0.0 0.0 248.0 0.0 5584.0 26.0 400.0 0.17921146953405012
43 39 41 0.0 0.0 80.0 0.0 1706.0 11.0 21.0 0.3709591944886062
43 39 42 0.0 0.0 204.0 0.0 4330.0 18.0 182.0 0.21485573971761815
43 39 43 0.0 0.0 120.0 0.0 2628.0 19.0 47.0 0.2959205242020714
43 39 44 0.0 0.0 0.0 0.0 4.0 0.0 0.0 0.6986027944111775
43 40 36 0.0 0.0 0.0 0.0 3.0 0.0 0.0 0.6989515726410384
43 40 37 0.0 0.0 0.0 0.0 22.0 0.0 0.0 0.6923837784371908
43 40 38 0.0 0.0 85.0 0.0 1949.0 12.0 18.0 0.34808552958726996
43 40 39 0.0 0.0 66.0 0.0 1495.0 12.0 14.0 0.3944773175542406
43 40 40 0.0 0.0 120.0 0.0 2929.0 19.0 68.0 0.27838536488367466
43 40 41 0.0 0.0 274.0 0.0 6105.0 18.0 529.0 0.16738402678144426
43 40 42 0.0 0.0 61.0 0.0 1292.0 15.0 7.0 0.4195385076415942
43 40 43 0.0 0.0 38.0 0.0 681.0 12.0 1.0 0.5173688100517368
43 40 44 0.0 0.0 0.0 0.0 2.0 0.0 0.0 0.6993006993006992
43 41 36 0.0 0.0 0.0 0.0 1.0 0.0 0.0 0.6996501749125437
43 41 37 0.0 0.0 176.0 0.0 3730.0 25.0 127.0 0.2379738228794832
43 41 38 0.0 0.0 1.0 0.0 69.0 1.0 0.0 0.6766553890768486
43 41 39 0.0 0.0 69.0 0.0 1347.0 10.0 13.0 0.4110393423370522
43 41 40 0.0 0.0 296.0 0.0 5251.0 26.0 246.0 0.18609597235145553
43 41 41 0.0 0.0 5.0 0.0 230.0 1.0 0.0 0.6266786034019695
43 41 42 0.0 0.0 30.0 0.0 661.0 10.0 1.0 0.5221932114882506
43 41 43 0.0 0.0 6.0 0.0 146.0 0.0 0.0 0.6505576208178437
43 41 44 0.0 0.0 0.0 0.0 1.0 0.0 0.0 0.6996501749125437
43 42 37 0.0 0.0 1.0 0.0 19.0 0.0 0.0 0.6930693069306929
43 42 38 0.0 0.0 1.0 0.0 44.0 1.0 0.0 0.684931506849315
43 42 39 0.0 0.0 24.0 0.0 643.0 6.0 2.0 0.5261180007515971
43 42 40 0.0 0.0 12.0 0.0 288.0 0.0 1.0 0.608695652173913
43 42 41 0.0 0.0 0.0 0.0 18.0 0.0 0.0 0.6937561942517343
43 42 42 0.0 0.0 0.0 0.0 17.0 0.0 0.0 0.694100148735746
43 42 43 0.0 0.0 0.0 0.0 2.0 0.0 0.0 0.6993006993006992
43 43 37 0.0 0.0 0.0 0.0 3.0 0.0 0.0 0.6989515726410384
43 43 38 0.0 0.0 0.0 0.0 5.0 0.0 0.0 0.6982543640897755
43 43 39 0.0 0.0 0.0 0.0 18.0 0.0 0.0 0.6937561942517343
43 43 40 0.0 0.0 0.0 0.0 11.0 1.0 0.0 0.6965174129353233
43 43 41 0.0 0.0 0.0 0.0 12.0 0.0 0.0 0.6958250497017892
43 43 42 0.0 0.0 0.0 0.0 7.0 0.0 0.0 0.6975585450921773
44 37 41 0.0 0.0 0.0 0.0 3.0 0.0 0.0 0.6989515726410384
44 37 42 0.0 0.0 0.0 0.0 2.0 0.0 0.0 0.6993006993006992
44 38 38 0.0 0.0 0.0 0.0 1.0 0.0 0.0 0.6996501749125437
44 38 39 0.0 0.0 0.0 0.0 8.0 0.0 0.0 0.697211155378486
44 38 40 0.0 0.0 0.0 0.0 7.0 0.0 0.0 0.6979062811565303
44 38 41 0.0 0.0 11.0 0.0 235.0 1.0 0.0 0.6236080178173719
44 38 42 0.0 0.0 0.0 0.0 5.0 0.0 0.0 0.6982543640897755
44 38 43 0.0 0.0 0.0 0.0 2.0 0.0 0.0 0.6993006993006992
44 38 44 0.0 0.0 0.0 0.0 1.0 0.0 0.0 0.6996501749125437
44 39 38 0.0 0.0 0.0 0.0 3.0 0.0 0.0 0.6989515726410384
44 39 39 0.0 0.0 0.0 0.0 2.0 0.0 0.0 0.6993006993006992
44 39 40 0.0 0.0 0.0 0.0 27.0 0.0 0.0 0.6906758756783422
44 39 41 0.0 0.0 2.0 0.0 42.0 2.0 0.0 0.6856023506366307
44 39 42 0.0 0.0 0.0 0.0 13.0 0.0 0.0 0.695479384003974
44 39 43 0.0 0.0 0.0 0.0 1.0 0.0 0.0 0.6996501749125437
44 39 44 0.0 0.0 0.0 0.0 1.0 0.0 0.0 0.6996501749125437
44 40 37 0.0 0.0 0.0 0.0 1.0 0.0 0.0 0.6996501749125437
44 40 39 0.0 0.0 0.0 0.0 16.0 0.0 0.0 0.6944444444444444
44 40 40 0.0 0.0 4.0 0.0 39.0 1.0 0.0 0.6856023506366307
44 40 41 0.0 0.0 0.0 0.0 12.0 0.0 0.0 0.6958250497017892
44 40 42 0.0 0.0 1.0 0.0 17.0 0.0 0.0 0.6937561942517343
44 40 43 0.0 0.0 0.0 0.0 3.0 0.0 0.0 0.6989515726410384
44 40 44 0.0 0.0 2.0 0.0 61.0 0.0 0.0 0.6786233640329616
44 41 36 0.0 0.0 0.0 0.0 2.0 0.0 0.0 0.6993006993006992
44 41 37 0.0 0.0 0.0 0.0 2.0 0.0 0.0 0.6993006993006992
44 41 38 0.0 0.0 0.0 0.0 5.0 0.0 0.0 0.6982543640897755
44 41 39 0.0 0.0 0.0 0.0 2.0 0.0 0.0 0.6993006993006992
44 41 40 0.0 0.0 0.0 0.0 9.0 0.0 0.0 0.6968641114982577
44 41 41 0.0 0.0 42.0 0.0 729.0 8.0 2.0 0.5066956207021354
44 41 42 0.0 0.0 0.0 0.0 6.0 0.0 0.0 0.6979062811565303
44 42 36 0.0 0.0 19.0 0.0 385.0 6.0 0.0 0.5838198498748957
44 42 37 0.0 0.0 0.0 0.0 2.0 0.0 0.0 0.6993006993006992
44 42 38 0.0 0.0 0.0 0.0 2.0 0.0 0.0 0.6993006993006992
44 42 39 0.0 0.0 0.0 0.0 1.0 0.0 0.0 0.6996501749125437
44 42 40 0.0 0.0 0.0 0.0 1.0 0.0 0.0 0.6996501749125437
44 42 41 0.0 0.0 0.0 0.0 2.0 0.0 0.0 0.6993006993006992
45 40 40 0.0 0.0 0.0 0.0 1.0 0.0 0.0 0.6996501749125437
