35 38 39 0.0 0.0 0.0 0.0 1.0 0.0 0.0 0.6996501749125437
35 38 40 0.0 0.0 0.0 0.0 1.0 0.0 0.0 0.6996501749125437
35 39 37 0.0 0.0 0.0 0.0 3.0 0.0 0.0 0.6989515726410384
35 39 38 0.0 0.0 0.0 0.0 3.0 0.0 0.0 0.6989515726410384
35 39 39 0.0 0.0 0.0 0.0 2.0 0.0 0.0 0.6993006993006992
35 39 40 0.0 0.0 0.0 0.0 2.0 0.0 0.0 0.6993006993006992
35 40 37 0.0 0.0 0.0 0.0 1.0 0.0 0.0 0.6996501749125437
35 40 38 0.0 0.0 0.0 0.0 8.0 0.0 0.0 0.697211155378486
35 40 39 0.0 0.0 0.0 0.0 11.0 0.0 0.0 0.6961710591745399
35 40 40 0.0 0.0 0.0 0.0 6.0 0.0 0.0 0.6979062811565303
35 41 37 0.0 0.0 0.0 0.0 1.0 0.0 0.0 0.6996501749125437
35 41 38 0.0 0.0 0.0 0.0 1.0 0.0 0.0 0.6996501749125437
35 41 39 0.0 0.0 0.0 0.0 3.0 0.0 0.0 0.6989515726410384
35 41 40 0.0 0.0 0.0 0.0 2.0 0.0 0.0 0.6993006993006992
35 42 37 0.0 0.0 0.0 0.0 1.0 0.0 0.0 0.6996501749125437
36 36 39 0.0 0.0 0.0 0.0 11.0 0.0 0.0 0.6961710591745399
36 36 40 0.0 0.0 0.0 0.0 8.0 0.0 0.0 0.697211155378486
36 36 41 0.0 0.0 0.0 0.0 3.0 0.0 0.0 0.6989515726410384
36 37 39 0.0 0.0 0.0 0.0 9.0 0.0 0.0 0.6968641114982577
36 37 40 0.0 0.0 0.0 0.0 11.0 0.0 0.0 0.6961710591745399
36 37 41 0.0 0.0 0.0 0.0 10.0 0.0 0.0 0.6965174129353233
36 38 38 0.0 0.0 0.0 0.0 4.0 0.0 0.0 0.6986027944111775
36 38 39 0.0 0.0 0.0 0.0 11.0 0.0 0.0 0.6961710591745399
36 38 40 0.0 0.0 72.0 0.0 1767.0 12.0 18.0 0.3658217925267833
36 38 41 0.0 0.0 0.0 0.0 10.0 0.0 0.0 0.6965174129353233
36 38 42 0.0 0.0 0.0 0.0 2.0 0.0 0.0 0.6993006993006992
36 39 37 0.0 0.0 0.0 0.0 2.0 0.0 0.0 0.6993006993006992
36 39 38 0.0 0.0 0.0 0.0 44.0 0.0 0.0 0.684931506849315
36 39 39 0.0 0.0 91.0 0.0 2450.0 10.0 50.0 0.3089825645552858
36 39 40 0.0 0.0 33.0 0.0 714.0 10.0 1.0 0.5115089514066495
36 39 41 0.0 0.0 0.0 0.0 13.0 0.0 0.0 0.695479384003974
36 39 42 0.0 0.0 0.0 0.0 7.0 0.0 0.0 0.6975585450921773
36 40 37 0.0 0.0 0.0 0.0 11.0 0.0 0.0 0.6961710591745399
36 40 38 0.0 0.0 213.0 0.0 4317.0 21.0 168.0 0.21508680288830848
36 40 39 0.0 0.0 99.0 0.0 2554.0 8.0 53.0 0.30133448127421436
36 40 40 0.0 0.0 1.0 0.0 97.0 0.0 0.0 0.6676204101096804
36 40 41 0.0 0.0 0.0 0.0 14.0 1.0 0.0 0.695479384003974
36 40 42 0.0 0.0 0.0 0.0 3.0 0.0 0.0 0.6989515726410384
36 41 37 0.0 0.0 0.0 0.0 2.0 0.0 0.0 0.6993006993006992
36 41 38 0.0 0.0 120.0 0.0 2358.0 14.0 37.0 0.31354983202687564
36 41 39 0.0 0.0 0.0 0.0 51.0 0.0 0.0 0.6829268292682925
36 41 40 0.0 0.0 30.0 0.0 797.0 5.0 4.0 0.4961020552799432
36 41 41 0.0 0.0 2.0 0.0 85.0 0.0 0.0 0.670819357930043
36 41 42 0.0 0.0 0.0 0.0 10.0 0.0 0.0 0.6965174129353233
36 41 43 0.0 0.0 0.0 0.0 1.0 0.0 0.0 0.6996501749125437
36 42 38 0.0 0.0 3.0 0.0 116.0 1.0 0.0 0.6610009442870631
36 42 39 0.0 0.0 0.0 0.0 19.0 0.0 0.0 0.6934125804853887
36 42 40 0.0 0.0 5.0 0.0 144.0 1.0 0.0 0.6520726595249184
36 42 41 0.0 0.0 0.0 0.0 34.0 0.0 0.0 0.6882989183874139
36 42 42 0.0 0.0 0.0 0.0 14.0 0.0 0.0 0.695479384003974
36 42 43 0.0 0.0 5.0 0.0 39.0 0.0 0.0 0.684931506849315
36 43 38 0.0 0.0 0.0 0.0 6.0 0.0 0.0 0.6979062811565303
36 43 39 0.0 0.0 1.0 0.0 42.0 1.0 0.0 0.6856023506366307
36 43 40 0.0 0.0 0.0 0.0 18.0 0.0 0.0 0.6937561942517343
36 43 41 0.0 0.0 0.0 0.0 9.0 0.0 0.0 0.6968641114982577
36 43 43 0.0 0.0 0.0 0.0 3.0 0.0 0.0 0.6989515726410384
36 44 39 0.0 0.0 0.0 0.0 9.0 0.0 0.0 0.6968641114982577
36 44 40 0.0 0.0 0.0 0.0 2.0 0.0 0.0 0.6993006993006992
36 44 41 0.0 0.0 1.0 0.0 16.0 0.0 0.0 0.694100148735746
36 44 42 0.0 0.0 0.0 0.0 1.0 0.0 0.0 0.6996501749125437
37 36 38 0.0 0.0 0.0 0.0 3.0 0.0 0.0 0.6989515726410384
37 36 39 0.0 0.0 0.0 0.0 6.0 0.0 0.0 0.6979062811565303
37 36 40 0.0 0.0 0.0 0.0 17.0 0.0 0.0 0.694100148735746
37 36 41 0.0 0.0 0.0 0.0 22.0 0.0 0.0 0.6923837784371908
37 36 42 0.0 0.0 0.0 0.0 8.0 0.0 0.0 0.697211155378486
37 36 43 0.0 0.0 0.0 0.0 2.0 0.0 0.0 0.6993006993006992
37 37 37 0.0 0.0 0.0 0.0 10.0 0.0 0.0 0.6965174129353233
37 37 38 0.0 0.0 0.0 0.0 36.0 0.0 0.0 0.6876227897838899
37 37 39 0.0 0.0 73.0 0.0 1817.0 11.0 27.0 0.36073177016232927
37 37 40 0.0 0.0 294.0 0.0 6312.0 23.0 592.0 0.16303714917899148
37 37 41 0.0 0.0 46.0 0.0 1178.0 7.0 11.0 0.4350528278433809
37 37 42 0.0 0.0 0.0 0.0 23.0 0.0 0.0 0.6920415224913494
37 37 43 0.0 0.0 2.0 0.0 14.0 1.0 0.0 0.694789081885856
37 38 37 0.0 0.0 0.0 0.0 49.0 0.0 0.0 0.6832601268911663
37 38 38 0.0 0.0 70.0 0.0 1765.0 17.0 20.0 0.3666841278156102
37 38 39 0.0 0.0 29.0 0.0 962.0 10.0 3.0 0.469641060046964
37 38 40 0.0 0.0 9.0 0.0 522.0 3.0 1.0 0.5544554455445544
37 38 41 0.0 0.0 135.0 0.0 3606.0 13.0 146.0 0.2443280977312391
37 38 42 0.0 0.0 0.0 0.0 189.0 0.0 0.0 0.639853747714808
37 38 43 0.0 0.0 1.0 0.0 28.0 0.0 0.0 0.6899950714637751
37 38 44 0.0 0.0 0.0 0.0 3.0 0.0 0.0 0.6989515726410384
37 39 37 0.0 0.0 23.0 0.0 580.0 5.0 1.0 0.5388760585065434
37 39 38 0.0 0.0 125.0 0.0 3207.0 15.0 94.0 0.2633559066967644
37 39 39 0.0 0.0 279.0 0.0 6078.0 23.0 480.0 0.16796640671865623
37 39 40 0.0 0.0 189.0 0.0 4174.0 19.0 164.0 0.22064617809298656
37 39 41 0.0 0.0 134.0 0.0 3489.0 18.0 110.0 0.24973242953977878
37 39 42 0.0 0.0 0.0 0.0 173.0 0.0 0.0 0.6445672191528544
37 39 43 0.0 0.0 0.0 0.0 43.0 0.0 0.0 0.6852667645619186
37 39 44 0.0 0.0 0.0 0.0 1.0 0.0 0.0 0.6996501749125437
37 40 36 0.0 0.0 0.0 0.0 1.0 0.0 0.0 0.6996501749125437
37 40 37 0.0 0.0 2.0 0.0 67.0 0.0 0.0 0.6769825918762088
37 40 38 0.0 0.0 61.0 0.0 1826.0 10.0 21.0 0.36110394635027077
37 40 39 0.0 0.0 621.0 0.0 10796.0 21.0 3855.0 0.10437635130097665
37 40 40 0.0 0.0 320.0 0.0 7387.0 13.0 938.0 0.14432989690721648
37 40 41 0.0 0.0 253.0 0.0 5855.0 20.0 450.0 0.17301038062283733
37 40 42 0.0 0.0 36.0 0.0 796.0 5.0 4.0 0.49557522123893794
37 40 43 0.0 0.0 3.0 0.0 43.0 0.0 0.0 0.6842619745845552
37 40 44 0.0 0.0 0.0 0.0 1.0 0.0 0.0 0.6996501749125437
37 41 36 0.0 0.0 2.0 0.0 21.0 1.0 0.0 0.6923837784371908
37 41 37 0.0 0.0 7.0 0.0 179.0 0.0 0.0 0.6404391582799633
37 41 38 0.0 0.0 18.0 0.0 897.0 4.0 5.0 0.48093438680865674
37 41 39 0.0 0.0 233.0 0.0 5868.0 17.0 522.0 0.17309594460929772
37 41 40 0.0 0.0 212.0 0.0 4306.0 24.0 190.0 0.21545090797168356
37 41 41 0.0 0.0 140.0 0.0 3843.0 17.0 168.0 0.23450586264656614
37 41 42 0.0 0.0 10.0 0.0 390.0 3.0 0.0 0.5840634125990821
37 41 43 0.0 0.0 1.0 0.0 63.0 0.0 0.0 0.6782945736434108
37 41 44 0.0 0.0 0.0 0.0 2.0 0.0 0.0 0.6993006993006992
37 42 37 0.0 0.0 0.0 0.0 9.0 0.0 0.0 0.6968641114982577
37 42 38 0.0 0.0 8.0 0.0 366.0 1.0 0.0 0.5899705014749261
37 42 39 0.0 0.0 207.0 0.0 5309.0 15.0 400.0 0.18654230512991338
37 42 40 0.0 0.0 470.0 0.0 8866.0 22.0 1611.0 0.12364214430804554
37 42 41 0.0 0.0 155.0 0.0 3998.0 16.0 163.0 0.2280501710376282
37 42 42 0.0 0.0 207.0 0.0 4500.0 16.0 182.0 0.2092675635276532
37 42 43 0.0 0.0 0.0 0.0 16.0 0.0 0.0 0.6944444444444444
37 43 37 0.0 0.0 0.0 0.0 6.0 0.0 0.0 0.6979062811565303
37 43 38 0.0 0.0 91.0 0.0 2206.0 9.0 37.0 0.3263403263403263
37 43 39 0.0 0.0 170.0 0.0 4247.0 15.0 187.0 0.2186475089801655
37 43 40 0.0 0.0 123.0 0.0 3054.0 18.0 73.0 0.2713178294573643
37 43 41 0.0 0.0 53.0 0.0 1264.0 15.0 6.0 0.423985463355542
37 43 42 0.0 0.0 3.0 0.0 87.0 0.0 0.0 0.6698564593301434
37 43 43 0.0 0.0 0.0 0.0 9.0 0.0 0.0 0.6968641114982577
37 44 38 0.0 0.0 0.0 0.0 4.0 0.0 0.0 0.6986027944111775
37 44 39 0.0 0.0 0.0 0.0 12.0 0.0 0.0 0.6958250497017892
37 44 40 0.0 0.0 1.0 0.0 26.0 1.0 0.0 0.6910167818361302
37 44 41 0.0 0.0 4.0 0.0 93.0 2.0 0.0 0.6682577565632457
37 44 42 0.0 0.0 0.0 0.0 5.0 0.0 0.0 0.6982543640897755
37 44 43 0.0 0.0 0.0 0.0 1.0 0.0 0.0 0.6996501749125437
38 36 36 0.0 0.0 0.0 0.0 1.0 0.0 0.0 0.6996501749125437
38 36 37 0.0 0.0 0.0 0.0 2.0 0.0 0.0 0.6993006993006992
38 36 38 0.0 0.0 0.0 0.0 11.0 0.0 0.0 0.6961710591745399
38 36 39 0.0 0.0 0.0 0.0 17.0 0.0 0.0 0.694100148735746
38 36 40 0.0 0.0 7.0 0.0 140.0 0.0 1.0 0.6520726595249184
38 36 41 0.0 0.0 4.0 0.0 116.0 3.0 1.0 0.6613131790269249
38 36 42 0.0 0.0 0.0 0.0 48.0 0.0 0.0 0.6839276990718123
38 36 43 0.0 0.0 0.0 0.0 19.0 0.0 0.0 0.6937561942517343
38 36 44 0.0 0.0 0.0 0.0 2.0 0.0 0.0 0.6993006993006992
38 37 36 0.0 0.0 2.0 0.0 38.0 0.0 0.0 0.6862745098039215
38 37 37 0.0 0.0 0.0 0.0 56.0 0.0 0.0 0.6809338521400777
38 37 38 0.0 0.0 87.0 0.0 1837.0 11.0 15.0 0.3577817531305903
38 37 39 0.0 0.0 22.0 0.0 813.0 6.0 3.0 0.4948745139625308
38 37 40 0.0 0.0 281.0 0.0 6082.0 22.0 443.0 0.16774502755811166
38 37 41 0.0 0.0 85.0 0.0 2354.0 7.0 45.0 0.31588447653429597
38 37 42 0.0 0.0 238.0 0.0 5539.0 13.0 394.0 0.18024977468778164
38 37 43 0.0 0.0 106.0 0.0 2443.0 10.0 45.0 0.30843798193434674
38 37 44 0.0 0.0 0.0 0.0 2.0 0.0 0.0 0.6993006993006992
38 37 45 0.0 0.0 0.0 0.0 1.0 0.0 0.0 0.6996501749125437
38 38 36 0.0 0.0 0.0 0.0 34.0 0.0 0.0 0.6882989183874139
38 38 37 0.0 0.0 5.0 0.0 302.0 3.0 0.0 0.6076388888888887
38 38 38 0.0 0.0 382.0 0.0 8263.0 15.0 1386.0 0.13157894736842105
38 38 39 0.0 0.0 497.0 0.0 9305.0 19.0 2029.0 0.11866418036955416
38 38 40 0.0 0.0 762.0 0.0 11740.0 30.0 5701.0 0.09659835782791691
38 38 41 0.0 0.0 642.0 0.0 10996.0 26.0 3859.0 0.10276737869779048
38 38 42 0.0 0.0 353.0 0.0 6597.0 20.0 604.0 0.1567398119122257
38 38 43 0.0 0.0 3.0 0.0 119.0 0.0 0.0 0.6597549481621111
38 38 44 0.0 0.0 0.0 0.0 15.0 0.0 0.0 0.694789081885856
38 38 45 0.0 0.0 0.0 0.0 2.0 0.0 0.0 0.6993006993006992
38 39 36 0.0 0.0 0.0 0.0 29.0 0.0 0.0 0.6899950714637751
38 39 37 0.0 0.0 89.0 0.0 1856.0 10.0 34.0 0.35560071120142234
38 39 38 0.0 0.0 651.0 0.0 11052.0 29.0 4221.0 0.1022644265887509
38 39 39 0.0 0.0 952.0 0.0 12451.0 37.0 10503.0 0.09087958455047061
38 39 40 0.0 0.0 992.0 0.0 12625.0 33.0 9130.0 0.08966886568884903
38 39 41 0.0 0.0 837.0 0.0 12050.0 35.0 7569.0 0.09414296281352967
38 39 42 0.0 0.0 334.0 0.0 7381.0 18.0 1001.0 0.14431501907019895
38 39 43 0.0 0.0 248.0 0.0 5171.0 19.0 280.0 0.18906144496961513
38 39 44 0.0 0.0 0.0 0.0 12.0 0.0 0.0 0.6958250497017892
38 40 35 0.0 0.0 0.0 0.0 1.0 0.0 0.0 0.6996501749125437
38 40 36 0.0 0.0 0.0 0.0 15.0 0.0 0.0 0.694789081885856
38 40 37 0.0 0.0 112.0 0.0 2151.0 19.0 26.0 0.3299552203629507
38 40 38 0.0 0.0 667.0 0.0 11318.0 29.0 4062.0 0.1002004008016032
38 40 39 0.0 0.0 1344.0 0.0 12916.0 32.0 16702.0 0.08611145282322548
38 40 40 0.0 0.0 1140.0 0.0 12715.0 43.0 12590.0 0.08833922261484098
38 40 41 0.0 0.0 605.0 0.0 10802.0 27.0 3904.0 0.1045010076882884
38 40 42 0.0 0.0 582.0 0.0 10360.0 28.0 3151.0 0.10825021263434623
38 40 43 0.0 0.0 105.0 0.0 1900.0 21.0 15.0 0.35140562248995977
38 40 44 0.0 0.0 0.0 0.0 12.0 0.0 0.0 0.6958250497017892
38 41 36 0.0 0.0 0.0 0.0 6.0 0.0 0.0 0.6979062811565303
38 41 37 0.0 0.0 53.0 0.0 1303.0 4.0 10.0 0.41766109785202854
38 41 38 0.0 0.0 423.0 0.0 8756.0 24.0 1612.0 0.12539184952978055
38 41 39 0.0 0.0 1016.0 0.0 12371.0 39.0 11373.0 0.09103322712790167
38 41 40 0.0 0.0 1172.0 0.0 13018.0 38.0 12535.0 0.08653727283965879
38 41 41 0.0 0.0 735.0 0.0 11521.0 37.0 4733.0 0.09836295931989038
38 41 42 0.0 0.0 332.0 0.0 6084.0 25.0 432.0 0.16674606955693183
38 41 43 0.0 0.0 0.0 0.0 69.0 0.0 0.0 0.6766553890768486
38 41 44 0.0 0.0 3.0 0.0 68.0 0.0 0.0 0.6760019314340897
38 42 36 0.0 0.0 2.0 0.0 24.0 0.0 0.0 0.6910167818361302
38 42 37 0.0 0.0 41.0 0.0 756.0 9.0 1.0 0.5021520803443327
38 42 38 0.0 0.0 388.0 0.0 7923.0 21.0 1200.0 0.13589594253543
38 42 39 0.0 0.0 760.0 0.0 11666.0 26.0 6788.0 0.09710758132759935
38 42 40 0.0 0.0 678.0 0.0 11286.0 29.0 5048.0 0.1003656176069969
38 42 41 0.0 0.0 891.0 0.0 12291.0 25.0 7651.0 0.09228132621448815
38 42 42 0.0 0.0 241.0 0.0 4958.0 17.0 258.0 0.19485038274182317
38 42 43 0.0 0.0 0.0 0.0 39.0 0.0 0.0 0.6866110838646394
38 42 44 0.0 0.0 0.0 0.0 6.0 0.0 0.0 0.6979062811565303
38 43 36 0.0 0.0 0.0 0.0 3.0 0.0 0.0 0.6989515726410384
38 43 37 0.0 0.0 9.0 0.0 275.0 4.0 0.0 0.6140350877192982
38 43 38 0.0 0.0 131.0 0.0 3072.0 16.0 70.0 0.26990553306342774
38 43 39 0.0 0.0 111.0 0.0 2660.0 17.0 41.0 0.2945508100147275
38 43 40 0.0 0.0 302.0 0.0 6729.0 26.0 678.0 0.15540015540015537
38 43 41 0.0 0.0 225.0 0.0 5033.0 19.0 252.0 0.1933968780218262
38 43 42 0.0 0.0 63.0 0.0 1366.0 13.0 8.0 0.40971612525607254
38 43 43 0.0 0.0 0.0 0.0 10.0 0.0 0.0 0.6968641114982577
38 44 38 0.0 0.0 0.0 0.0 10.0 0.0 0.0 0.6965174129353233
38 44 39 0.0 0.0 2.0 0.0 66.0 0.0 1.0 0.6773101112723753
38 44 40 0.0 0.0 11.0 0.0 447.0 5.0 1.0 0.5707297187117814
38 44 41 0.0 0.0 48.0 0.0 907.0 15.0 4.0 0.47635250085062936
38 44 42 0.0 0.0 0.0 0.0 12.0 0.0 0.0 0.6958250497017892
38 44 43 0.0 0.0 0.0 0.0 1.0 0.0 0.0 0.6996501749125437
38 45 40 0.0 0.0 1.0 0.0 15.0 0.0 0.0 0.6944444444444444
38 45 41 0.0 0.0 6.0 0.0 78.0 2.0 0.0 0.6724303554274734
39 35 41 0.0 0.0 0.0 0.0 1.0 0.0 0.0 0.6996501749125437
39 35 42 0.0 0.0 1.0 0.0 3.0 0.0 0.0 0.6986027944111775
39 36 36 0.0 0.0 1.0 0.0 14.0 1.0 0.0 0.6951340615690167
39 36 37 0.0 0.0 0.0 0.0 29.0 0.0 0.0 0.690335305719921
39 36 38 0.0 0.0 15.0 0.0 239.0 6.0 0.0 0.6227758007117437
39 36 39 0.0 0.0 0.0 0.0 32.0 0.0 0.0 0.6889763779527558
39 36 40 0.0 0.0 6.0 0.0 220.0 3.0 0.0 0.6297795771479981
39 36 41 0.0 0.0 72.0 0.0 1556.0 6.0 10.0 0.38652678078409713
39 36 42 0.0 0.0 3.0 0.0 194.0 2.0 1.0 0.6381039197812214
39 36 43 0.0 0.0 0.0 0.0 15.0 0.0 0.0 0.694789081885856
39 36 45 0.0 0.0 0.0 0.0 1.0 0.0 0.0 0.0
39 37 36 0.0 0.0 1.0 0.0 24.0 1.0 0.0 0.6916996047430829
39 37 37 0.0 0.0 253.0 0.0 4904.0 25.0 237.0 0.19624334174376223
39 37 38 0.0 0.0 172.0 0.0 3921.0 19.0 141.0 0.23049061573921628
39 37 39 0.0 0.0 107.0 0.0 2397.0 13.0 40.0 0.31173458027165435
39 37 40 0.0 0.0 401.0 0.0 8084.0 20.0 1257.0 0.13371537726838584
39 37 41 0.0 0.0 712.0 0.0 11176.0 27.0 4117.0 0.1008500216107189
39 37 42 0.0 0.0 471.0 0.0 8734.0 24.0 1512.0 0.12511170688114387
39 37 43 0.0 0.0 25.0 0.0 843.0 11.0 5.0 0.4900245012250612
39 37 44 0.0 0.0 0.0 0.0 9.0 0.0 0.0 0.6968641114982577
39 38 36 0.0 0.0 7.0 0.0 280.0 1.0 0.0 0.6124234470691162
39 38 37 0.0 0.0 412.0 0.0 8974.0 27.0 2044.0 0.1231310466138962
39 38 38 0.0 0.0 480.0 0.0 8966.0 30.0 1633.0 0.1225168460663341
39 38 39 0.0 0.0 706.0 0.0 11555.0 32.0 4871.0 0.09828699803426003
39 38 40 0.0 0.0 1305.0 0.0 12875.0 34.0 16009.0 0.0864998455359901
39 38 41 0.0 0.0 1086.0 0.0 12676.0 39.0 11737.0 0.08887760284408329
39 38 42 0.0 0.0 411.0 0.0 8785.0 17.0 1810.0 0.12516763522574875
39 38 43 0.0 0.0 41.0 0.0 1035.0 10.0 3.0 0.4569190600522193
39 38 44 0.0 0.0 166.0 0.0 3597.0 13.0 103.0 0.2434782608695652
39 38 45 0.0 0.0 0.0 0.0 1.0 0.0 0.0 0.6996501749125437
39 39 35 0.0 0.0 0.0 0.0 1.0 0.0 0.0 0.6996501749125437
39 39 36 0.0 0.0 79.0 0.0 1707.0 14.0 18.0 0.3710575139146567
39 39 37 0.0 0.0 438.0 0.0 8224.0 27.0 1118.0 0.13164080865068167
39 39 38 0.0 0.0 803.0 0.0 11786.0 18.0 5756.0 0.09589697924515377
39 39 39 0.0 0.0 1469.0 2.0 12553.0 41.0 20857.0 0.08742350443362058
39 39 40 0.0 0.0 2261.0 0.0 11444.0 62.0 40251.0 0.0891208861162391
39 39 41 0.0 0.0 1791.0 0.0 12175.0 47.0 28734.0 0.08771929824561402
39 39 42 0.0 0.0 580.0 0.0 10112.0 35.0 2543.0 0.11049723756906077
39 39 43 0.0 0.0 156.0 0.0 3246.0 19.0 101.0 0.25998142989786444
39 39 44 0.0 0.0 0.0 0.0 12.0 0.0 0.0 0.6958250497017892
39 39 45 0.0 0.0 0.0 0.0 2.0 0.0 0.0 0.6993006993006992
39 40 36 0.0 0.0 4.0 0.0 161.0 0.0 0.0 0.6469500924214416
39 40 37 0.0 0.0 184.0 0.0 4839.0 24.0 269.0 0.19999999999999998
39 40 38 0.0 0.0 1002.0 0.0 12606.0 33.0 10167.0 0.08974358974358973
39 40 39 2.0 0.0 2414.0 0.0 10837.0 46.0 45299.0 0.0917130691123485
39 40 40 1.0 0.0 1871.0 2.0 12150.0 50.0 30132.0 0.08743442418186359
39 40 41 1.0 0.0 1251.0 0.0 12762.0 32.0 15767.0 0.0873962169923216
39 40 42 0.0 0.0 725.0 0.0 11490.0 35.0 4943.0 0.09863322530646751
39 40 43 0.0 0.0 27.0 0.0 777.0 11.0 2.0 0.5012531328320802
39 40 44 0.0 0.0 15.0 0.0 317.0 3.0 0.0 0.6011163589523401
39 41 35 0.0 0.0 0.0 0.0 1.0 0.0 0.0 0.6996501749125437
39 41 36 0.0 0.0 0.0 0.0 30.0 0.0 0.0 0.689655172413793
39 41 37 0.0 0.0 187.0 0.0 4737.0 14.0 272.0 0.20254629629629625
39 41 38 0.0 0.0 741.0 0.0 11706.0 25.0 5156.0 0.0969394820661958
39 41 39 0.0 0.0 1667.0 0.0 12880.0 37.0 22797.0 0.08456148828219376
39 41 40 0.0 0.0 1926.0 1.0 12081.0 63.0 30589.0 0.08753282480930348
39 41 41 0.0 0.0 1616.0 0.0 12547.0 48.0 23576.0 0.08659079663532904
39 41 42 0.0 0.0 479.0 0.0 9516.0 26.0 2174.0 0.1169004676018704
39 41 43 0.0 0.0 380.0 0.0 7402.0 30.0 917.0 0.1434867274777083
39 41 44 0.0 0.0 0.0 0.0 20.0 0.0 0.0 0.6930693069306929
39 42 35 0.0 0.0 0.0 0.0 3.0 0.0 0.0 0.6989515726410384
39 42 36 0.0 0.0 5.0 0.0 71.0 2.0 0.0 0.6750241080038573
39 42 37 0.0 0.0 153.0 0.0 3292.0 16.0 101.0 0.25782688766114176
39 42 38 0.0 0.0 564.0 0.0 10069.0 27.0 2489.0 0.11095260738627356
39 42 39 0.0 0.0 587.0 1.0 10311.0 24.0 3384.0 0.1086787765874864
39 42 40 0.0 0.0 943.0 0.0 12372.0 32.0 8787.0 0.0915032679738562
39 42 41 0.0 0.0 612.0 0.0 10617.0 26.0 3802.0 0.10594823671863175
39 42 42 0.0 0.0 211.0 0.0 5573.0 15.0 468.0 0.1801106393927698
39 42 43 0.0 0.0 1.0 0.0 109.0 0.0 0.0 0.6635071090047392
39 42 44 0.0 0.0 0.0 0.0 21.0 0.0 0.0 0.6927263730826323
39 43 35 0.0 0.0 4.0 0.0 61.0 1.0 0.0 0.6782945736434108
39 43 36 0.0 0.0 0.0 0.0 4.0 0.0 0.0 0.6989515726410384
39 43 37 0.0 0.0 7.0 0.0 133.0 0.0 0.0 0.6545114539504441
39 43 38 0.0 0.0 70.0 0.0 1633.0 17.0 18.0 0.3798155181768854
39 43 39 0.0 0.0 299.0 0.0 6545.0 16.0 620.0 0.15853244253198956
39 43 40 0.0 0.0 623.0 0.0 10759.0 18.0 3538.0 0.10461814377522043
39 43 41 0.0 0.0 139.0 0.0 3376.0 14.0 117.0 0.25445292620865134
39 43 42 0.0 0.0 293.0 0.0 6481.0 14.0 540.0 0.15967153284671531
39 43 43 0.0 0.0 0.0 0.0 12.0 0.0 0.0 0.6958250497017892
39 44 38 0.0 0.0 0.0 0.0 17.0 0.0 0.0 0.694100148735746
39 44 39 0.0 0.0 98.0 0.0 1986.0 15.0 25.0 0.34414945919370693
39 44 40 0.0 0.0 107.0 0.0 1831.0 12.0 15.0 0.3565970453387671
39 44 41 0.0 0.0 228.0 0.0 5266.0 15.0 365.0 0.18711574445335472
39 44 42 0.0 0.0 61.0 0.0 1587.0 10.0 18.0 0.3848268279274326
39 44 43 0.0 0.0 0.0 0.0 9.0 0.0 0.0 0.6968641114982577
39 45 39 0.0 0.0 0.0 0.0 2.0 0.0 0.0 0.6993006993006992
39 45 40 0.0 0.0 0.0 0.0 5.0 0.0 0.0 0.6982543640897755
39 45 41 0.0 0.0 0.0 0.0 7.0 0.0 0.0 0.6975585450921773
39 45 42 0.0 0.0 1.0 0.0 12.0 0.0 0.0 0.695479384003974
40 35 38 0.0 0.0 0.0 0.0 4.0 0.0 0.0 0.6986027944111775
40 35 39 0.0 0.0 0.0 0.0 3.0 0.0 0.0 0.6989515726410384
40 35 40 0.0 0.0 0.0 0.0 5.0 0.0 0.0 0.6982543640897755
40 35 42 0.0 0.0 0.0 0.0 1.0 0.0 0.0 0.6996501749125437
40 36 36 0.0 0.0 0.0 0.0 2.0 0.0 0.0 0.6993006993006992
40 36 37 0.0 0.0 0.0 0.0 15.0 0.0 0.0 0.6951340615690167
40 36 38 0.0 0.0 20.0 0.0 399.0 6.0 0.0 0.5801906340654785
40 36 39 0.0 0.0 59.0 0.0 1105.0 11.0 3.0 0.44416243654822324
40 36 40 0.0 0.0 20.0 0.0 552.0 3.0 1.0 0.544959128065395
40 36 41 0.0 0.0 80.0 0.0 2159.0 14.0 43.0 0.3313609467455621
40 36 42 0.0 0.0 17.0 0.0 375.0 7.0 0.0 0.5870020964360586
40 36 43 0.0 0.0 1.0 0.0 32.0 0.0 0.0 0.6886374815543531
40 36 44 0.0 0.0 0.0 0.0 1.0 0.0 0.0 0.6996501749125437
40 37 36 0.0 0.0 2.0 0.0 28.0 0.0 0.0 0.689655172413793
40 37 37 0.0 0.0 44.0 0.0 1055.0 9.0 8.0 0.4530744336569579
40 37 38 0.0 0.0 441.0 0.0 8501.0 16.0 1551.0 0.128052684533065
40 37 39 0.0 0.0 269.0 0.0 5517.0 23.0 363.0 0.1802729848055627
40 37 40 0.0 0.0 273.0 0.0 6184.0 9.0 526.0 0.1656412683388547
40 37 41 0.0 0.0 581.0 0.0 10575.0 25.0 3499.0 0.10652058129802935
40 37 42 0.0 0.0 331.0 0.0 6264.0 21.0 446.0 0.16324626865671638
40 37 43 0.0 0.0 109.0 0.0 2410.0 13.0 35.0 0.31076581576026635
40 37 44 0.0 0.0 19.0 0.0 350.0 3.0 0.0 0.5914659907055343
40 38 36 0.0 0.0 0.0 0.0 53.0 0.0 0.0 0.6819288845591815
40 38 37 0.0 0.0 83.0 0.0 1819.0 10.0 20.0 0.35980467746080697
40 38 38 0.0 0.0 1050.0 0.0 12506.0 40.0 12701.0 0.09013068949977465
40 38 39 0.0 0.0 614.0 0.0 10446.0 20.0 2999.0 0.10724682089780908
40 38 40 1.0 0.0 1019.0 0.0 12672.0 30.0 10033.0 0.08926294312675337
40 38 41 0.0 0.0 1048.0 0.0 12794.0 30.0 11626.0 0.08836710219024174
40 38 42 0.0 0.0 1164.0 0.0 12985.0 28.0 12034.0 0.08668730650154798
40 38 43 0.0 0.0 314.0 0.0 7330.0 25.0 969.0 0.14548477605736254
40 38 44 0.0 0.0 0.0 0.0 71.0 1.0 0.0 0.6763285024154588
40 38 45 0.0 0.0 0.0 0.0 2.0 0.0 0.0 0.6993006993006992
40 39 35 0.0 0.0 0.0 0.0 4.0 0.0 0.0 0.6986027944111775
40 39 36 0.0 0.0 71.0 0.0 1311.0 8.0 9.0 0.4150607767565964
40 39 37 0.0 0.0 288.0 0.0 6199.0 16.0 526.0 0.16523073291632243
40 39 38 0.0 0.0 761.0 0.0 11654.0 26.0 5798.0 0.09711431742508324
40 39 39 0.0 0.0 1782.0 0.0 11962.0 39.0 29517.0 0.08882121558177895
40 39 40 0.0 0.0 2202.0 1.0 12233.0 52.0 33803.0 0.0852255433128386
40 39 41 0.0 0.0 2220.0 1.0 11522.0 58.0 37873.0 0.08899624944377343
40 39 42 0.0 0.0 1095.0 0.0 13005.0 22.0 10099.0 0.0869403216791902
40 39 43 0.0 0.0 398.0 0.0 8231.0 17.0 1386.0 0.13175230566534912
40 39 44 0.0 0.0 1.0 0.0 120.0 1.0 0.0 0.6603773584905659
40 39 45 0.0 0.0 0.0 0.0 2.0 0.0 0.0 0.6993006993006992
40 40 36 0.0 0.0 164.0 0.0 3497.0 16.0 108.0 0.24796315975912148
40 40 37 0.0 0.0 582.0 0.0 10597.0 25.0 4049.0 0.1062941310454787
40 40 38 0.0 0.0 835.0 0.0 12103.0 21.0 7565.0 0.09365174928088833
40 40 39 1.0 0.0 1555.0 0.0 12591.0 46.0 22222.0 0.08670341239858796
40 40 40 8.0 11.0 3293.0 21.0 7804.0 74.0 84031.0 0.10660980810234541
40 40 41 0.0 0.0 1457.0 2.0 12658.0 39.0 19981.0 0.08682709005209624
40 40 42 0.0 0.0 771.0 0.0 11792.0 32.0 5613.0 0.09623315919714048
40 40 43 0.0 0.0 180.0 0.0 4422.0 22.0 214.0 0.21276595744680848
40 40 44 0.0 0.0 0.0 0.0 71.0 0.0 0.0 0.6760019314340897
40 40 45 0.0 0.0 0.0 0.0 1.0 0.0 0.0 0.6996501749125437
40 41 35 0.0 0.0 0.0 0.0 4.0 0.0 0.0 0.6986027944111775
40 41 36 0.0 0.0 31.0 0.0 774.0 8.0 1.0 0.5005362888809438
40 41 37 0.0 0.0 514.0 0.0 9580.0 25.0 2443.0 0.11585567692816948
40 41 38 0.0 0.0 1117.0 0.0 12995.0 43.0 11458.0 0.0869403216791902
40 41 39 0.0 0.0 1507.0 0.0 13130.0 37.0 18922.0 0.0840891344825515
40 41 40 0.0 4.0 1733.0 21.0 12604.0 50.0 25705.0 0.08559550012227927
40 41 41 0.0 0.0 1746.0 1.0 12354.0 69.0 27027.0 0.08707009142359598
40 41 42 0.0 0.0 601.0 0.0 10382.0 30.0 2825.0 0.10804136440808765
40 41 43 0.0 0.0 316.0 0.0 7499.0 16.0 1030.0 0.14275517487508918
40 41 44 0.0 0.0 0.0 0.0 53.0 0.0 0.0 0.6819288845591815
40 42 35 0.0 0.0 0.0 0.0 1.0 0.0 0.0 0.6996501749125437
40 42 36 0.0 0.0 251.0 0.0 4514.0 20.0 174.0 0.2075611564121571
40 42 37 0.0 0.0 192.0 0.0 4957.0 14.0 296.0 0.19618834080717487
40 42 38 0.0 0.0 451.0 0.0 8989.0 30.0 1703.0 0.12255974787709006
40 42 39 0.0 0.0 1142.0 0.0 12448.0 42.0 15544.0 0.08985879332477534
40 42 40 0.0 0.0 666.0 2.0 11023.0 33.0 3902.0 0.10233918128654969
40 42 41 0.0 0.0 1053.0 0.0 12876.0 30.0 10575.0 0.08788449466415567
40 42 42 0.0 0.0 297.0 0.0 6111.0 23.0 492.0 0.1669250029808036
40 42 43 0.0 0.0 49.0 0.0 1212.0 14.0 9.0 0.4311672312904219
40 42 44 0.0 0.0 32.0 0.0 1015.0 9.0 5.0 0.46082949308755755
40 43 35 0.0 0.0 0.0 0.0 1.0 0.0 0.0 0.6996501749125437
40 43 36 0.0 0.0 1.0 0.0 18.0 0.0 0.0 0.6934125804853887
40 43 37 0.0 0.0 30.0 0.0 716.0 10.0 1.0 0.5115089514066495
40 43 38 0.0 0.0 20.0 0.0 711.0 7.0 3.0 0.5141388174807198
40 43 39 0.0 0.0 357.0 0.0 7024.0 21.0 716.0 0.14950875694147797
40 43 40 0.0 0.0 528.0 0.0 9781.0 28.0 2517.0 0.11386742578283854
40 43 41 0.0 0.0 257.0 0.0 5489.0 19.0 332.0 0.18113598136887044
40 43 42 0.0 0.0 73.0 0.0 1868.0 15.0 21.0 0.35668789808917195
40 43 43 0.0 0.0 1.0 0.0 28.0 0.0 0.0 0.690335305719921
40 44 37 0.0 0.0 0.0 0.0 1.0 0.0 0.0 0.6996501749125437
40 44 38 0.0 0.0 0.0 0.0 18.0 0.0 0.0 0.6937561942517343
40 44 39 0.0 0.0 81.0 0.0 1670.0 12.0 14.0 0.3744316662209146
40 44 40 0.0 0.0 53.0 0.0 1188.0 5.0 5.0 0.43263288009888745
40 44 41 0.0 0.0 1.0 0.0 78.0 0.0 0.0 0.6734006734006733
40 44 42 0.0 0.0 11.0 0.0 255.0 5.0 0.0 0.6191950464396283
40 44 43 0.0 0.0 0.0 0.0 13.0 1.0 0.0 0.6958250497017892
40 45 38 0.0 0.0 0.0 0.0 3.0 0.0 0.0 0.6989515726410384
40 45 40 0.0 0.0 0.0 0.0 1.0 0.0 0.0 0.6996501749125437
40 45 41 0.0 0.0 0.0 0.0 5.0 0.0 0.0 0.6982543640897755
40 45 42 0.0 0.0 0.0 0.0 2.0 0.0 0.0 0.6993006993006992
41 35 38 0.0 0.0 1.0 0.0 36.0 1.0 0.0 0.6876227897838899
41 35 39 0.0 0.0 0.0 0.0 6.0 0.0 0.0 0.6979062811565303
41 35 40 0.0 0.0 0.0 0.0 25.0 0.0 0.0 0.6913580246913579
41 36 37 0.0 0.0 0.0 0.0 11.0 0.0 0.0 0.6961710591745399
41 36 38 0.0 0.0 0.0 0.0 58.0 0.0 0.0 0.6802721088435373
41 36 39 0.0 0.0 294.0 0.0 6496.0 22.0 703.0 0.15954415954415954
41 36 40 0.0 0.0 53.0 0.0 1195.0 9.0 7.0 0.43236565781346503
41 36 41 0.0 0.0 4.0 0.0 222.0 4.0 0.0 0.63006300630063
41 36 42 0.0 0.0 0.0 0.0 108.0 0.0 0.0 0.6641366223908918
41 36 43 0.0 0.0 12.0 0.0 472.0 4.0 5.0 0.564516129032258
41 36 44 0.0 0.0 0.0 0.0 5.0 0.0 0.0 0.6982543640897755
41 37 36 0.0 0.0 0.0 0.0 4.0 0.0 0.0 0.6986027944111775
41 37 37 0.0 0.0 32.0 0.0 688.0 10.0 1.0 0.5166051660516604
41 37 38 0.0 0.0 52.0 0.0 1648.0 12.0 24.0 0.37960954446854656
41 37 39 0.0 0.0 444.0 0.0 9089.0 15.0 2132.0 0.12144344205412906
41 37 40 0.0 0.0 331.0 0.0 7247.0 23.0 885.0 0.1464894841477451
41 37 41 0.0 0.0 389.0 0.0 7870.0 28.0 1177.0 0.13677217663149666
41 37 42 0.0 0.0 485.0 0.0 8978.0 23.0 1534.0 0.12229210342417889
41 37 43 0.0 0.0 275.0 0.0 6054.0 14.0 475.0 0.16826923076923073
41 37 44 0.0 0.0 0.0 0.0 35.0 1.0 0.0 0.6882989183874139
41 38 36 0.0 0.0 0.0 0.0 10.0 0.0 0.0 0.6965174129353233
41 38 37 0.0 0.0 244.0 0.0 5052.0 23.0 257.0 0.192386972653566
41 38 38 0.0 0.0 450.0 0.0 8776.0 27.0 1582.0 0.12495537308104246
41 38 39 0.0 0.0 847.0 0.0 12063.0 29.0 7422.0 0.09395342594456747
41 38 40 0.0 0.0 1227.0 0.0 12864.0 38.0 13760.0 0.08702138239681749
41 38 41 0.0 0.0 1111.0 0.0 12683.0 33.0 12870.0 0.08864125617323033
41 38 42 0.0 0.0 1147.0 0.0 12401.0 39.0 15128.0 0.09010748535753361
41 38 43 0.0 0.0 382.0 0.0 8040.0 26.0 1205.0 0.13462832964708144
41 38 44 0.0 0.0 60.0 0.0 1723.0 7.0 27.0 0.3706645485835318
41 39 35 0.0 0.0 0.0 0.0 4.0 0.0 0.0 0.6986027944111775
41 39 36 0.0 0.0 89.0 0.0 1973.0 15.0 18.0 0.34584980237154145
41 39 37 0.0 0.0 105.0 0.0 2716.0 14.0 43.0 0.2913025384935497
41 39 38 0.0 0.0 756.0 0.0 11840.0 22.0 5300.0 0.09594955794667945
41 39 39 0.0 0.0 1380.0 2.0 12725.0 34.0 18033.0 0.0868917576961271
41 39 40 0.0 0.0 2394.0 0.0 11030.0 55.0 43305.0 0.09069119647599921
41 39 41 1.0 0.0 2763.0 0.0 9950.0 56.0 56846.0 0.09508285791904374
41 39 42 0.0 0.0 1220.0 0.0 13044.0 35.0 13987.0 0.08602150537634408
41 39 43 0.0 0.0 380.0 0.0 7893.0 20.0 1167.0 0.1364522417153996
41 39 44 0.0 0.0 49.0 0.0 1274.0 14.0 6.0 0.42308854638863697
41 39 45 0.0 0.0 0.0 0.0 2.0 0.0 0.0 0.6993006993006992
41 40 35 0.0 0.0 0.0 0.0 8.0 0.0 0.0 0.697211155378486
41 40 36 0.0 0.0 233.0 0.0 5507.0 25.0 434.0 0.1814176493456006
41 40 37 0.0 0.0 271.0 0.0 6024.0 20.0 498.0 0.16904129437333976
41 40 38 0.0 0.0 960.0 1.0 12389.0 24.0 9317.0 0.09120521172638436
41 40 39 0.0 0.0 1985.0 1.0 11797.0 62.0 33582.0 0.08880994671403196
41 40 40 0.0 0.0 1295.0 6.0 13590.0 44.0 13350.0 0.08294330232833698
41 40 41 0.0 0.0 1866.0 1.0 12394.0 49.0 28362.0 0.08606910119267182
41 40 42 0.0 0.0 1433.0 0.0 12679.0 42.0 19346.0 0.08683247534577931
41 40 43 0.0 0.0 621.0 0.0 10732.0 15.0 3945.0 0.10490034467256105
41 40 44 0.0 0.0 154.0 0.0 3550.0 14.0 121.0 0.2460456942003515
41 40 45 0.0 0.0 0.0 0.0 1.0 0.0 0.0 0.6996501749125437
41 41 35 0.0 0.0 0.0 0.0 6.0 0.0 0.0 0.6979062811565303
41 41 36 0.0 0.0 7.0 0.0 372.0 3.0 0.0 0.5892255892255891
41 41 37 0.0 0.0 496.0 0.0 9578.0 25.0 2129.0 0.1160669872326314
41 41 38 0.0 0.0 722.0 0.0 11507.0 29.0 5479.0 0.09848058525604951
41 41 39 0.0 0.0 1622.0 1.0 12613.0 38.0 22631.0 0.08618036318867342
41 41 40 0.0 0.0 2104.0 0.0 11190.0 61.0 38298.0 0.09159306509649982
41 41 41 0.0 2.0 1197.0 15.0 13175.0 32.0 10863.0 0.08537626539821928
41 41 42 0.0 0.0 512.0 0.0 9721.0 21.0 2239.0 0.11457566085604386
41 41 43 0.0 0.0 288.0 0.0 6151.0 16.0 506.0 0.16609324949578833
41 41 44 0.0 0.0 20.0 0.0 368.0 7.0 0.0 0.5879882402351952
41 41 45 0.0 0.0 0.0 0.0 1.0 0.0 0.0 0.6996501749125437
41 42 35 0.0 0.0 0.0 0.0 3.0 0.0 0.0 0.6989515726410384
41 42 36 0.0 0.0 120.0 0.0 2420.0 16.0 32.0 0.30946065428824043
41 42 37 0.0 0.0 216.0 0.0 4513.0 19.0 205.0 0.20861272537624792
41 42 38 0.0 0.0 269.0 0.0 5980.0 22.0 535.0 0.17006802721088435
41 42 39 0.0 0.0 453.0 0.0 9157.0 23.0 1809.0 0.12067925178863888
41 42 40 0.0 0.0 643.0 0.0 11040.0 31.0 4376.0 0.10245901639344261
41 42 41 0.0 0.0 677.0 0.0 11085.0 25.0 4020.0 0.10180337405468294
41 42 42 0.0 0.0 192.0 0.0 4731.0 22.0 261.0 0.2027809965237543
41 42 43 0.0 0.0 45.0 0.0 1121.0 11.0 6.0 0.44374009508716317
41 42 44 0.0 0.0 0.0 0.0 20.0 0.0 0.0 0.6930693069306929
41 43 35 0.0 0.0 0.0 0.0 1.0 0.0 0.0 0.6996501749125437
41 43 36 0.0 0.0 0.0 0.0 5.0 0.0 0.0 0.6982543640897755
41 43 37 0.0 0.0 6.0 0.0 74.0 1.0 0.0 0.6734006734006733
41 43 38 0.0 0.0 37.0 0.0 958.0 8.0 5.0 0.46885465505693225
41 43 39 0.0 0.0 336.0 0.0 6718.0 24.0 607.0 0.15498726890291153
41 43 40 0.0 0.0 103.0 0.0 2375.0 5.0 44.0 0.31291908806437185
41 43 41 0.0 0.0 186.0 0.0 4213.0 19.0 182.0 0.2193326022246592
41 43 42 0.0 0.0 285.0 0.0 5705.0 31.0 423.0 0.17585730435874888
41 43 43 0.0 0.0 1.0 0.0 22.0 0.0 0.0 0.6920415224913494
41 44 38 0.0 0.0 51.0 0.0 1130.0 8.0 6.0 0.441222817522849
41 44 39 0.0 0.0 5.0 0.0 73.0 0.0 0.0 0.6737247353224253
41 44 40 0.0 0.0 0.0 0.0 36.0 0.0 0.0 0.6876227897838899
41 44 41 0.0 0.0 22.0 0.0 526.0 7.0 2.0 0.5509641873278236
41 44 42 0.0 0.0 0.0 0.0 10.0 0.0 0.0 0.6965174129353233
41 44 43 0.0 0.0 0.0 0.0 7.0 0.0 0.0 0.6975585450921773
41 45 38 0.0 0.0 0.0 0.0 1.0 0.0 0.0 0.6996501749125437
42 35 38 0.0 0.0 0.0 0.0 10.0 0.0 0.0 0.6965174129353233
42 35 39 0.0 0.0 0.0 0.0 10.0 0.0 0.0 0.6965174129353233
42 35 40 0.0 0.0 0.0 0.0 6.0 0.0 0.0 0.6979062811565303
42 35 41 0.0 0.0 0.0 0.0 2.0 0.0 0.0 0.6993006993006992
42 36 38 0.0 0.0 0.0 0.0 28.0 0.0 1.0 0.690335305719921
42 36 39 0.0 0.0 165.0 0.0 3630.0 20.0 145.0 0.2423403150424095
42 36 40 0.0 0.0 5.0 0.0 307.0 2.0 0.0 0.6063230835859679
42 36 41 0.0 0.0 87.0 0.0 1783.0 9.0 17.0 0.36260036260036255
42 36 42 0.0 0.0 8.0 0.0 193.0 2.0 0.0 0.6366530241018644
42 36 43 0.0 0.0 5.0 0.0 147.0 2.0 1.0 0.6511627906976742
42 36 44 0.0 0.0 0.0 0.0 19.0 0.0 0.0 0.6934125804853887
42 37 36 0.0 0.0 0.0 0.0 1.0 0.0 0.0 0.6996501749125437
42 37 37 0.0 0.0 0.0 0.0 29.0 0.0 0.0 0.6899950714637751
42 37 38 0.0 0.0 44.0 0.0 958.0 15.0 3.0 0.4686976899899564
42 37 39 0.0 0.0 383.0 0.0 7588.0 22.0 829.0 0.1406611072038581
42 37 40 0.0 0.0 722.0 0.0 11319.0 27.0 5010.0 0.09972930616896994
42 37 41 0.0 0.0 588.0 0.0 10101.0 21.0 2866.0 0.11037527593818984
42 37 42 0.0 0.0 161.0 0.0 4014.0 12.0 148.0 0.2271989613761765
42 37 43 0.0 0.0 314.0 0.0 7341.0 22.0 1041.0 0.14524328249818444
42 37 44 0.0 0.0 5.0 0.0 117.0 2.0 0.0 0.6603773584905659
42 38 36 0.0 0.0 6.0 0.0 77.0 1.0 0.0 0.6724303554274734
42 38 37 0.0 0.0 0.0 0.0 95.0 0.0 0.0 0.6682577565632457
42 38 38 0.0 0.0 332.0 0.0 7154.0 22.0 870.0 0.1478352692713833
42 38 39 0.0 0.0 535.0 0.0 10293.0 22.0 3285.0 0.10917881930905403
42 38 40 0.0 0.0 1208.0 0.0 12490.0 33.0 15836.0 0.08914926133469178
42 38 41 0.0 0.0 1375.0 0.0 12712.0 33.0 17656.0 0.08698893997763141
42 38 42 0.0 0.0 483.0 0.0 9469.0 19.0 2445.0 0.11725293132328307
42 38 43 0.0 0.0 108.0 0.0 2752.0 12.0 57.0 0.288838456777388
42 38 44 0.0 0.0 3.0 0.0 100.0 1.0 0.0 0.6660323501427211
42 39 35 0.0 0.0 0.0 0.0 2.0 0.0 0.0 0.6993006993006992
42 39 36 0.0 0.0 2.0 0.0 16.0 1.0 0.0 0.694100148735746
42 39 37 0.0 0.0 213.0 0.0 4904.0 20.0 273.0 0.19726645061293502
42 39 38 0.0 0.0 359.0 0.0 7284.0 22.0 858.0 0.1453941219233565
42 39 39 0.0 0.0 852.0 0.0 12187.0 38.0 6318.0 0.09319044132330426
42 39 40 0.0 0.0 1268.0 0.0 12857.0 36.0 16125.0 0.0867894116917736
42 39 41 0.0 0.0 1100.0 0.0 12888.0 32.0 11728.0 0.08751640932674876
42 39 42 0.0 0.0 1359.0 0.0 12860.0 34.0 17308.0 0.08628127696289904
42 39 43 0.0 0.0 171.0 0.0 4386.0 9.0 190.0 0.2137078308655167
42 39 44 0.0 0.0 22.0 0.0 593.0 5.0 0.0 0.5366040628593329
42 39 45 0.0 0.0 0.0 0.0 3.0 0.0 0.0 0.6989515726410384
42 40 35 0.0 0.0 0.0 0.0 4.0 0.0 0.0 0.6986027944111775
42 40 36 0.0 0.0 2.0 0.0 88.0 0.0 0.0 0.6698564593301434
42 40 37 0.0 0.0 134.0 0.0 2834.0 19.0 62.0 0.2828854314002828
42 40 38 0.0 0.0 818.0 0.0 12061.0 30.0 7953.0 0.09411764705882351
42 40 39 0.0 0.0 857.0 0.0 12280.0 31.0 6923.0 0.0925497454881999
42 40 40 0.0 0.0 1105.0 0.0 12664.0 26.0 13160.0 0.08879868070531523
42 40 41 0.0 0.0 1198.0 0.0 13086.0 35.0 12676.0 0.08598452278589852
42 40 42 0.0 0.0 1046.0 0.0 12605.0 44.0 11103.0 0.08954842011001661
42 40 43 0.0 0.0 363.0 0.0 7915.0 31.0 1216.0 0.13647884577890426
42 40 44 0.0 0.0 131.0 0.0 2687.0 15.0 49.0 0.29148448886112843
42 40 45 0.0 0.0 0.0 0.0 2.0 0.0 0.0 0.6993006993006992
42 41 35 0.0 0.0 0.0 0.0 2.0 0.0 0.0 0.6993006993006992
42 41 36 0.0 0.0 0.0 0.0 23.0 1.0 0.0 0.6923837784371908
42 41 37 0.0 0.0 47.0 0.0 1247.0 10.0 14.0 0.4264392324093816
42 41 38 0.0 0.0 519.0 0.0 9729.0 22.0 2574.0 0.1143603986276752
42 41 39 0.0 0.0 748.0 0.0 11498.0 32.0 4287.0 0.09838369641602247
42 41 40 0.0 0.0 681.0 0.0 11104.0 36.0 5280.0 0.10167029774872911
42 41 41 0.0 0.0 287.0 1.0 6285.0 22.0 552.0 0.1636661211129296
42 41 42 0.0 0.0 567.0 0.0 10642.0 21.0 3991.0 0.10599636583888551
42 41 43 0.0 0.0 252.0 0.0 5248.0 23.0 296.0 0.1871657754010695
42 41 44 0.0 0.0 19.0 0.0 405.0 2.0 1.0 0.5780346820809247
42 41 45 0.0 0.0 0.0 0.0 1.0 0.0 0.0 0.6996501749125437
42 42 36 0.0 0.0 2.0 0.0 42.0 1.0 0.0 0.6852667645619186
42 42 37 0.0 0.0 2.0 0.0 212.0 2.0 0.0 0.6331976481230212
42 42 38 0.0 0.0 524.0 0.0 9677.0 29.0 2469.0 0.11483881551964562
42 42 39 0.0 0.0 561.0 0.0 10165.0 17.0 3257.0 0.11003694097304094
42 42 40 0.0 0.0 255.0 0.0 6205.0 21.0 555.0 0.16583747927031506
42 42 41 0.0 0.0 660.0 0.0 10939.0 27.0 4115.0 0.10302450511443077
42 42 42 0.0 0.0 93.0 0.0 2212.0 16.0 34.0 0.32641641408253663
42 42 43 0.0 0.0 0.0 0.0 90.0 0.0 0.0 0.6701771182383915
42 42 44 0.0 0.0 0.0 0.0 2.0 0.0 0.0 0.6996501749125437
42 43 35 0.0 0.0 0.0 0.0 1.0 0.0 0.0 0.6996501749125437
42 43 36 0.0 0.0 0.0 0.0 1.0 0.0 0.0 0.6996501749125437
42 43 37 0.0 0.0 0.0 0.0 19.0 0.0 0.0 0.6934125804853887
42 43 38 0.0 0.0 13.0 0.0 495.0 4.0 3.0 0.5591054313099041
42 43 39 0.0 0.0 32.0 0.0 772.0 11.0 3.0 0.5012531328320802
42 43 40 0.0 0.0 0.0 0.0 150.0 0.0 1.0 0.6514657980456026
42 43 41 0.0 0.0 121.0 0.0 2580.0 12.0 46.0 0.29850746268656714
42 43 42 0.0 0.0 50.0 0.0 1493.0 13.0 15.0 0.39660056657223797
42 43 43 0.0 0.0 0.0 0.0 4.0 0.0 0.0 0.6986027944111775
42 43 44 0.0 0.0 0.0 0.0 1.0 0.0 0.0 0.6996501749125437
42 44 38 0.0 0.0 0.0 0.0 8.0 0.0 0.0 0.697211155378486
42 44 39 0.0 0.0 0.0 0.0 6.0 0.0 0.0 0.6979062811565303
42 44 40 0.0 0.0 20.0 0.0 404.0 3.0 1.0 0.5782734407269723
42 44 41 0.0 0.0 1.0 0.0 8.0 1.0 0.0 0.697211155378486
42 44 42 0.0 0.0 0.0 0.0 6.0 0.0 0.0 0.6979062811565303
42 44 43 0.0 0.0 0.0 0.0 6.0 0.0 0.0 0.6979062811565303
43 35 39 0.0 0.0 0.0 0.0 2.0 0.0 0.0 0.6993006993006992
43 36 38 0.0 0.0 0.0 0.0 6.0 0.0 0.0 0.6979062811565303
43 36 39 0.0 0.0 61.0 0.0 1431.0 9.0 11.0 0.40195233993683593
43 36 40 0.0 0.0 0.0 0.0 55.0 0.0 0.0 0.6812652068126519
43 36 41 0.0 0.0 16.0 0.0 531.0 9.0 3.0 0.5516154452324664
43 36 42 0.0 0.0 18.0 0.0 396.0 6.0 0.0 0.5813953488372092
43 36 43 0.0 0.0 0.0 0.0 7.0 0.0 0.0 0.6975585450921773
43 36 44 0.0 0.0 0.0 0.0 9.0 0.0 0.0 0.6968641114982577
43 37 37 0.0 0.0 0.0 0.0 1.0 0.0 0.0 0.6996501749125437
43 37 38 0.0 0.0 20.0 0.0 409.0 10.0 0.0 0.5787515502273666
43 37 39 0.0 0.0 52.0 0.0 1112.0 12.0 6.0 0.44416243654822324
43 37 40 0.0 0.0 159.0 0.0 3892.0 19.0 136.0 0.23209549071618035
43 37 41 0.0 0.0 212.0 0.0 4546.0 21.0 229.0 0.2078693392724573
43 37 42 0.0 0.0 22.0 0.0 882.0 4.0 3.0 0.4827586206896551
43 37 43 0.0 0.0 160.0 0.0 3574.0 15.0 117.0 0.24471246285614398
43 37 44 0.0 0.0 0.0 0.0 8.0 0.0 0.0 0.697211155378486
43 38 36 0.0 0.0 0.0 0.0 3.0 0.0 0.0 0.6989515726410384
43 38 37 0.0 0.0 0.0 0.0 7.0 0.0 0.0 0.6975585450921773
43 38 38 0.0 0.0 107.0 0.0 2146.0 20.0 17.0 0.33073470351996215
43 38 39 0.0 0.0 133.0 0.0 2646.0 17.0 55.0 0.2939941201175976
43 38 40 0.0 0.0 336.0 0.0 6966.0 16.0 742.0 0.15055382299171954
43 38 41 0.0 0.0 362.0 0.0 7987.0 19.0 1318.0 0.13534416086620263
43 38 42 0.0 0.0 284.0 0.0 6593.0 14.0 706.0 0.15785319652722965
43 38 43 0.0 0.0 274.0 0.0 5614.0 21.0 429.0 0.17789072426937733
43 38 44 0.0 0.0 1.0 0.0 49.0 0.0 0.0 0.6829268292682925
43 39 36 0.0 0.0 0.0 0.0 7.0 0.0 0.0 0.6975585450921773
43 39 37 0.0 0.0 4.0 0.0 187.0 0.0 0.0 0.6389776357827475
43 39 38 0.0 0.0 112.0 0.0 2614.0 19.0 41.0 0.2973030367381609
43 39 39 0.0 0.0 301.0 0.0 6773.0 26.0 711.0 0.15469613259668505
43 39 40 0.0 0.0 531.0 0.0 9945.0 28.0 2758.0 0.1123325042124689
43 39 41 0.0 0.0 299.0 0.0 6553.0 24.0 640.0 0.15844273426889996
43 39 42 0.0 0.0 470.0 0.0 9287.0 27.0 1914.0 0.11931140276120673
43 39 43 0.0 0.0 338.0 0.0 7517.0 15.0 976.0 0.1421464108031272
43 39 44 0.0 0.0 1.0 0.0 51.0 1.0 0.0 0.68259385665529
43 40 36 0.0 0.0 0.0 0.0 19.0 0.0 0.0 0.6934125804853887
43 40 37 0.0 0.0 75.0 0.0 1696.0 8.0 14.0 0.37204358224820616
43 40 38 0.0 0.0 330.0 0.0 6747.0 18.0 689.0 0.15445719329214472
43 40 39 0.0 0.0 344.0 0.0 6605.0 24.0 609.0 0.15686274509803919
43 40 40 0.0 0.0 374.0 0.0 7613.0 22.0 1094.0 0.1404212637913741
43 40 41 0.0 0.0 582.0 0.0 10318.0 32.0 3165.0 0.1086534730306558
43 40 42 0.0 0.0 267.0 0.0 6006.0 26.0 505.0 0.16969696969696968
43 40 43 0.0 0.0 237.0 0.0 5017.0 14.0 275.0 0.1932100469224399
43 40 44 0.0 0.0 5.0 0.0 181.0 3.0 0.0 0.6413192853870818
43 41 35 0.0 0.0 0.0 0.0 2.0 0.0 0.0 0.6993006993006992
43 41 36 0.0 0.0 0.0 0.0 12.0 0.0 0.0 0.6958250497017892
43 41 37 0.0 0.0 450.0 0.0 8635.0 16.0 1573.0 0.1263651954147486
43 41 38 0.0 0.0 46.0 0.0 1217.0 8.0 9.0 0.4301075268817204
43 41 39 0.0 0.0 365.0 0.0 6640.0 24.0 577.0 0.1558499387732383
43 41 40 0.0 0.0 605.0 0.0 10448.0 22.0 2632.0 0.10723039215686272
43 41 41 0.0 0.0 58.0 0.0 1911.0 6.0 44.0 0.3535353535353535
43 41 42 0.0 0.0 166.0 0.0 4205.0 15.0 213.0 0.2202643171806167
43 41 43 0.0 0.0 81.0 0.0 2157.0 14.0 37.0 0.3313609467455621
43 41 44 0.0 0.0 0.0 0.0 14.0 0.0 0.0 0.6951340615690167
43 42 36 0.0 0.0 0.0 0.0 10.0 0.0 0.0 0.6965174129353233
43 42 37 0.0 0.0 6.0 0.0 230.0 1.0 1.0 0.6263982102908277
43 42 38 0.0 0.0 88.0 0.0 1672.0 15.0 15.0 0.3738317757009345
43 42 39 0.0 0.0 196.0 0.0 4345.0 24.0 193.0 0.21469099831314212
43 42 40 0.0 0.0 63.0 0.0 2110.0 7.0 43.0 0.33597312215022795
43 42 41 0.0 0.0 19.0 0.0 438.0 6.0 0.0 0.5711954304365564
43 42 42 0.0 0.0 1.0 0.0 125.0 1.0 0.0 0.6588235294117646
43 42 43 0.0 0.0 3.0 0.0 58.0 1.0 0.0 0.6796116504854368
43 42 44 0.0 0.0 0.0 0.0 2.0 0.0 0.0 0.6993006993006992
43 43 35 0.0 0.0 0.0 0.0 1.0 0.0 0.0 0.6996501749125437
43 43 36 0.0 0.0 0.0 0.0 2.0 0.0 0.0 0.6993006993006992
43 43 37 0.0 0.0 0.0 0.0 30.0 0.0 0.0 0.689655172413793
43 43 38 0.0 0.0 2.0 0.0 106.0 0.0 0.0 0.6641366223908918
43 43 39 0.0 0.0 2.0 0.0 122.0 0.0 0.0 0.6594441827602449
43 43 40 0.0 0.0 2.0 0.0 67.0 1.0 0.0 0.6769825918762088
43 43 41 0.0 0.0 23.0 0.0 396.0 5.0 0.0 0.579950289975145
43 43 42 0.0 0.0 0.0 0.0 29.0 0.0 0.0 0.6899950714637751
43 43 43 0.0 0.0 0.0 0.0 2.0 0.0 0.0 0.6993006993006992
43 44 37 0.0 0.0 0.0 0.0 1.0 0.0 0.0 0.6996501749125437
43 44 40 0.0 0.0 0.0 0.0 1.0 0.0 0.0 0.6996501749125437
43 44 41 0.0 0.0 0.0 0.0 5.0 1.0 0.0 0.6986027944111775
44 36 39 0.0 0.0 0.0 0.0 1.0 0.0 0.0 0.6996501749125437
44 36 40 0.0 0.0 0.0 0.0 3.0 0.0 0.0 0.6989515726410384
44 36 41 0.0 0.0 6.0 0.0 130.0 4.0 0.0 0.6566604127579737
44 36 43 0.0 0.0 0.0 0.0 2.0 0.0 0.0 0.6993006993006992
44 37 37 0.0 0.0 0.0 0.0 1.0 0.0 0.0 0.6996501749125437
44 37 39 0.0 0.0 0.0 0.0 9.0 0.0 0.0 0.6968641114982577
44 37 40 0.0 0.0 0.0 0.0 27.0 0.0 0.0 0.6910167818361302
44 37 41 0.0 0.0 0.0 0.0 28.0 0.0 0.0 0.690335305719921
44 37 42 0.0 0.0 0.0 0.0 26.0 0.0 0.0 0.6910167818361302
44 37 43 0.0 0.0 3.0 0.0 119.0 1.0 0.0 0.66006600660066
44 37 44 0.0 0.0 1.0 0.0 23.0 0.0 0.0 0.6916996047430829
44 38 38 0.0 0.0 5.0 0.0 205.0 3.0 0.0 0.6343452650657
44 38 39 0.0 0.0 0.0 0.0 52.0 0.0 0.0 0.6822612085769979
44 38 40 0.0 0.0 6.0 0.0 105.0 3.0 0.0 0.6641366223908918
44 38 41 0.0 0.0 188.0 0.0 3934.0 19.0 121.0 0.22935779816513757
44 38 42 0.0 0.0 1.0 0.0 56.0 1.0 0.0 0.6809338521400777
44 38 43 0.0 0.0 3.0 0.0 74.0 1.0 0.0 0.6743737957610789
44 38 44 0.0 0.0 0.0 0.0 11.0 0.0 0.0 0.6961710591745399
44 39 37 0.0 0.0 0.0 0.0 6.0 0.0 0.0 0.6979062811565303
44 39 38 0.0 0.0 0.0 0.0 23.0 0.0 0.0 0.6920415224913494
44 39 39 0.0 0.0 0.0 0.0 38.0 0.0 0.0 0.6869479882237487
44 39 40 0.0 0.0 3.0 0.0 175.0 1.0 0.0 0.6430868167202571
44 39 41 0.0 0.0 137.0 0.0 2686.0 12.0 53.0 0.2909997921430056
44 39 42 0.0 0.0 4.0 0.0 123.0 1.0 0.0 0.6585136406396989
44 39 43 0.0 0.0 0.0 0.0 39.0 0.0 0.0 0.6869479882237487
44 39 44 0.0 0.0 0.0 0.0 14.0 0.0 0.0 0.6951340615690167
44 40 35 0.0 0.0 0.0 0.0 1.0 0.0 0.0 0.6996501749125437
44 40 36 0.0 0.0 87.0 0.0 1986.0 10.0 23.0 0.3445729756337681
44 40 37 0.0 0.0 0.0 0.0 9.0 0.0 0.0 0.6968641114982577
44 40 38 0.0 0.0 1.0 0.0 38.0 0.0 0.0 0.6869479882237487
44 40 39 0.0 0.0 8.0 0.0 283.0 1.0 2.0 0.6113537117903929
44 40 40 0.0 0.0 103.0 0.0 2352.0 16.0 34.0 0.3155996393146979
44 40 41 0.0 0.0 0.0 0.0 93.0 0.0 0.0 0.6692160611854684
44 40 42 0.0 0.0 55.0 0.0 1046.0 10.0 3.0 0.45292785506308625
44 40 43 0.0 0.0 9.0 0.0 330.0 0.0 1.0 0.5985463873450192
44 40 44 0.0 0.0 100.0 0.0 1904.0 10.0 17.0 0.3505257886830245
44 41 36 0.0 0.0 0.0 0.0 14.0 0.0 0.0 0.6951340615690167
44 41 37 0.0 0.0 5.0 0.0 96.0 0.0 0.0 0.6663493574488338
44 41 38 0.0 0.0 0.0 0.0 48.0 0.0 0.0 0.6839276990718123
44 41 39 0.0 0.0 1.0 0.0 84.0 0.0 0.0 0.6714628297362109
44 41 40 0.0 0.0 21.0 0.0 387.0 5.0 1.0 0.5826050769870994
44 41 41 0.0 0.0 217.0 0.0 5016.0 18.0 296.0 0.19393267765618505
44 41 42 0.0 0.0 4.0 0.0 107.0 1.0 0.0 0.6635071090047392
44 41 43 0.0 0.0 0.0 0.0 10.0 0.0 0.0 0.6965174129353233
44 41 44 0.0 0.0 0.0 0.0 6.0 0.0 0.0 0.6979062811565303
44 42 36 0.0 0.0 118.0 0.0 3481.0 5.0 119.0 0.2501786990707648
44 42 37 0.0 0.0 0.0 0.0 19.0 0.0 0.0 0.6934125804853887
44 42 38 0.0 0.0 0.0 0.0 21.0 0.0 0.0 0.6927263730826323
44 42 39 0.0 0.0 1.0 0.0 31.0 1.0 0.0 0.6893156080748399
44 42 40 0.0 0.0 0.0 0.0 36.0 0.0 0.0 0.6879606879606879
44 42 41 0.0 0.0 0.0 0.0 17.0 0.0 0.0 0.6944444444444444
44 42 42 0.0 0.0 0.0 0.0 5.0 0.0 0.0 0.6982543640897755
44 42 43 0.0 0.0 0.0 0.0 2.0 0.0 0.0 0.6993006993006992
44 42 44 0.0 0.0 0.0 0.0 2.0 0.0 0.0 0.6993006993006992
44 43 35 0.0 0.0 0.0 0.0 2.0 0.0 0.0 0.6993006993006992
44 43 36 0.0 0.0 0.0 0.0 2.0 0.0 0.0 0.6993006993006992
45 37 40 0.0 0.0 0.0 0.0 2.0 0.0 0.0 0.6993006993006992
45 37 41 0.0 0.0 0.0 0.0 1.0 0.0 0.0 0.6996501749125437
45 38 40 0.0 0.0 0.0 0.0 2.0 0.0 0.0 0.6993006993006992
45 38 42 0.0 0.0 0.0 0.0 1.0 0.0 0.0 0.6996501749125437
45 39 35 0.0 0.0 0.0 0.0 1.0 0.0 0.0 0.6996501749125437
45 39 37 0.0 0.0 0.0 0.0 1.0 0.0 0.0 0.6996501749125437
45 39 41 0.0 0.0 0.0 0.0 2.0 0.0 0.0 0.6993006993006992
45 39 42 0.0 0.0 0.0 0.0 2.0 0.0 0.0 0.6993006993006992
45 39 45 0.0 0.0 0.0 0.0 1.0 0.0 0.0 0.6996501749125437
45 40 36 0.0 0.0 0.0 0.0 2.0 0.0 0.0 0.6993006993006992
45 40 39 0.0 0.0 0.0 0.0 1.0 0.0 0.0 0.6996501749125437
45 40 40 0.0 0.0 0.0 0.0 4.0 0.0 0.0 0.6986027944111775
45 40 41 0.0 0.0 0.0 0.0 10.0 0.0 0.0 0.6965174129353233
45 40 42 0.0 0.0 0.0 0.0 4.0 0.0 0.0 0.6986027944111775
45 40 43 0.0 0.0 0.0 0.0 1.0 0.0 0.0 0.6996501749125437
45 40 44 0.0 0.0 0.0 0.0 1.0 0.0 0.0 0.6996501749125437
45 41 35 0.0 0.0 0.0 0.0 1.0 0.0 0.0 0.6996501749125437
45 41 36 0.0 0.0 0.0 0.0 2.0 0.0 0.0 0.6993006993006992
45 41 37 0.0 0.0 0.0 0.0 1.0 0.0 0.0 0.6996501749125437
45 41 39 0.0 0.0 0.0 0.0 1.0 0.0 0.0 0.6996501749125437
45 41 40 0.0 0.0 0.0 0.0 1.0 0.0 0.0 0.6996501749125437
45 41 41 0.0 0.0 0.0 0.0 5.0 0.0 0.0 0.6982543640897755
45 41 42 0.0 0.0 0.0 0.0 2.0 0.0 0.0 0.6993006993006992
45 41 44 0.0 0.0 0.0 0.0 2.0 0.0 0.0 0.6993006993006992
45 42 36 0.0 0.0 3.0 0.0 18.0 1.0 0.0 0.6930693069306929
45 42 40 0.0 0.0 0.0 0.0 2.0 0.0 0.0 0.6993006993006992
45 42 41 0.0 0.0 0.0 0.0 8.0 0.0 0.0 0.697211155378486
45 42 42 0.0 0.0 0.0 0.0 4.0 0.0 0.0 0.6986027944111775
45 43 35 0.0 0.0 0.0 0.0 1.0 0.0 0.0 0.6996501749125437
45 43 37 0.0 0.0 0.0 0.0 2.0 0.0 0.0 0.6993006993006992
