38 39 38 0.0 0.0 0.0 0.0 2.0 0.0 0.0 0.6993006993006992
38 39 39 0.0 0.0 0.0 0.0 5.0 0.0 0.0 0.6982543640897755
38 40 38 0.0 0.0 0.0 0.0 1.0 0.0 0.0 0.6996501749125437
38 40 39 0.0 0.0 0.0 0.0 4.0 0.0 0.0 0.6986027944111775
38 40 40 0.0 0.0 0.0 0.0 1.0 0.0 0.0 0.6996501749125437
38 41 38 0.0 0.0 0.0 0.0 1.0 0.0 0.0 0.6996501749125437
38 41 39 0.0 0.0 0.0 0.0 3.0 0.0 0.0 0.6989515726410384
38 41 40 0.0 0.0 0.0 0.0 10.0 0.0 0.0 0.6965174129353233
39 38 39 0.0 0.0 0.0 0.0 1.0 0.0 0.0 0.6996501749125437
39 38 40 0.0 0.0 0.0 0.0 1.0 0.0 0.0 0.6996501749125437
39 38 41 0.0 0.0 0.0 0.0 1.0 0.0 0.0 0.6996501749125437
39 39 38 0.0 0.0 0.0 0.0 1.0 0.0 0.0 0.6996501749125437
39 39 39 0.0 0.0 1.0 0.0 74.0 0.0 0.0 0.6746987951807227
39 39 40 0.0 0.0 92.0 0.0 2062.0 10.0 23.0 0.3377563329312424
39 39 41 0.0 0.0 18.0 0.0 476.0 7.0 2.0 0.5629272215520706
39 39 42 0.0 0.0 0.0 0.0 1.0 0.0 0.0 0.6996501749125437
39 40 38 0.0 0.0 0.0 0.0 3.0 1.0 0.0 0.6993006993006992
39 40 39 2.0 0.0 188.0 0.0 4201.0 16.0 192.0 0.21940134775113612
39 40 40 0.0 0.0 41.0 5.0 1216.0 6.0 6.0 0.4301075268817204
39 40 41 0.0 0.0 0.0 0.0 62.0 2.0 0.0 0.6796116504854368
39 40 42 0.0 0.0 0.0 0.0 1.0 0.0 0.0 0.6996501749125437
39 41 38 0.0 0.0 0.0 0.0 3.0 0.0 0.0 0.6989515726410384
39 41 39 0.0 0.0 2.0 0.0 54.0 0.0 0.0 0.6809338521400777
39 41 40 0.0 0.0 43.0 0.0 1214.0 6.0 10.0 0.4306367271608735
39 41 41 0.0 0.0 1.0 0.0 30.0 0.0 0.0 0.6893156080748399
40 38 39 0.0 0.0 0.0 0.0 4.0 0.0 0.0 0.6986027944111775
40 38 40 0.0 0.0 0.0 0.0 8.0 0.0 0.0 0.697211155378486
40 38 41 0.0 0.0 0.0 0.0 14.0 0.0 0.0 0.6951340615690167
40 38 42 0.0 0.0 0.0 0.0 1.0 0.0 0.0 0.6996501749125437
40 39 38 0.0 0.0 0.0 0.0 1.0 0.0 0.0 0.6996501749125437
40 39 39 0.0 0.0 44.0 0.0 1189.0 12.0 10.0 0.43464762496119214
40 39 40 0.0 0.0 38.0 0.0 1106.0 11.0 3.0 0.44685604851579946
40 39 41 0.0 0.0 86.0 0.0 2027.0 11.0 19.0 0.341296928327645
40 39 42 0.0 0.0 0.0 0.0 6.0 0.0 0.0 0.6979062811565303
40 40 38 0.0 0.0 0.0 0.0 1.0 0.0 0.0 0.6996501749125437
40 40 39 0.0 0.0 3.0 0.0 92.0 0.0 0.0 0.6682577565632457
40 40 40 13.0 3.0 750.0 84.0 11453.0 15.0 5046.0 0.09786787836420831
40 40 41 0.0 0.0 1.0 0.0 88.0 0.0 0.0 0.6701771182383915
40 40 42 0.0 0.0 0.0 0.0 9.0 0.0 0.0 0.6968641114982577
40 41 38 0.0 0.0 0.0 0.0 2.0 0.0 0.0 0.6993006993006992
40 41 39 0.0 0.0 1.0 0.0 43.0 1.0 0.0 0.6852667645619186
40 41 40 0.0 0.0 12.0 4.0 201.0 2.0 0.0 0.6320541760722347
40 41 41 0.0 0.0 14.0 0.0 248.0 2.0 1.0 0.6194690265486725
40 42 41 0.0 0.0 0.0 0.0 1.0 0.0 0.0 0.6996501749125437
41 38 39 0.0 0.0 0.0 0.0 1.0 0.0 0.0 0.6996501749125437
41 38 40 0.0 0.0 0.0 0.0 2.0 0.0 0.0 0.6993006993006992
41 38 41 0.0 0.0 0.0 0.0 5.0 0.0 0.0 0.6982543640897755
41 38 42 0.0 0.0 0.0 0.0 10.0 0.0 0.0 0.6965174129353233
41 39 39 0.0 0.0 0.0 0.0 23.0 0.0 0.0 0.6920415224913494
41 39 40 0.0 0.0 148.0 0.0 3341.0 11.0 92.0 0.2555677254472435
41 39 41 0.0 0.0 310.0 0.0 6548.0 28.0 712.0 0.15846066779852858
41 39 42 0.0 0.0 0.0 0.0 6.0 0.0 0.0 0.6979062811565303
41 40 38 0.0 0.0 0.0 0.0 2.0 1.0 0.0 0.6996501749125437
41 40 39 0.0 0.0 44.0 0.0 802.0 6.0 4.0 0.49295774647887314
41 40 40 0.0 0.0 0.0 4.0 61.0 0.0 0.0 0.6779661016949151
41 40 41 0.0 0.0 14.0 0.0 368.0 1.0 0.0 0.5879882402351952
41 40 42 0.0 0.0 0.0 0.0 2.0 0.0 0.0 0.6993006993006992
41 41 39 0.0 0.0 3.0 0.0 215.0 1.0 0.0 0.6314839873703202
41 41 40 0.0 0.0 81.0 0.0 1574.0 8.0 12.0 0.38387715930902105
41 41 41 0.0 0.0 0.0 0.0 47.0 0.0 0.0 0.6839276990718123
41 42 40 0.0 0.0 0.0 0.0 1.0 0.0 0.0 0.6996501749125437
42 38 39 0.0 0.0 0.0 0.0 2.0 0.0 0.0 0.6993006993006992
42 38 40 0.0 0.0 0.0 0.0 12.0 0.0 0.0 0.6958250497017892
42 38 41 0.0 0.0 0.0 0.0 14.0 0.0 0.0 0.6951340615690167
42 38 42 0.0 0.0 0.0 0.0 2.0 0.0 0.0 0.6993006993006992
42 39 39 0.0 0.0 0.0 0.0 1.0 0.0 0.0 0.6996501749125437
42 39 40 0.0 0.0 0.0 0.0 2.0 0.0 0.0 0.6993006993006992
42 39 41 0.0 0.0 0.0 0.0 11.0 0.0 0.0 0.6961710591745399
42 39 42 0.0 0.0 0.0 0.0 1.0 0.0 0.0 0.6996501749125437
42 40 40 0.0 0.0 0.0 0.0 7.0 0.0 0.0 0.6975585450921773
42 40 41 0.0 0.0 0.0 0.0 6.0 0.0 0.0 0.6979062811565303
42 40 42 0.0 0.0 0.0 0.0 5.0 0.0 0.0 0.6982543640897755
