38 38 42 0.0 0.0 0.0 0.0 1.0 0.0 0.0 0.6996501749125437
38 39 38 0.0 0.0 0.0 0.0 4.0 0.0 0.0 0.6986027944111775
38 39 39 0.0 0.0 1.0 0.0 25.0 1.0 0.0 0.6916996047430829
38 39 40 0.0 0.0 0.0 0.0 1.0 0.0 0.0 0.6996501749125437
38 39 41 0.0 0.0 0.0 0.0 1.0 0.0 0.0 0.6996501749125437
38 40 38 0.0 0.0 0.0 0.0 3.0 0.0 0.0 0.6989515726410384
38 40 39 0.0 0.0 2.0 0.0 61.0 1.0 0.0 0.6789524733268669
38 40 40 0.0 0.0 1.0 0.0 24.0 0.0 0.0 0.6913580246913579
38 40 41 0.0 0.0 0.0 0.0 3.0 0.0 0.0 0.6989515726410384
38 41 38 0.0 0.0 0.0 0.0 3.0 0.0 0.0 0.6989515726410384
38 41 39 0.0 0.0 2.0 0.0 38.0 2.0 0.0 0.6869479882237487
38 41 40 0.0 0.0 0.0 0.0 15.0 0.0 0.0 0.694789081885856
38 41 41 0.0 0.0 0.0 0.0 1.0 0.0 0.0 0.6996501749125437
38 42 39 0.0 0.0 1.0 0.0 1.0 0.0 0.0 0.6993006993006992
39 38 39 0.0 0.0 0.0 0.0 1.0 0.0 0.0 0.6996501749125437
39 38 40 0.0 0.0 0.0 0.0 5.0 0.0 0.0 0.6982543640897755
39 38 41 0.0 0.0 0.0 0.0 5.0 0.0 0.0 0.6982543640897755
39 38 42 0.0 0.0 0.0 0.0 1.0 0.0 0.0 0.6996501749125437
39 39 38 0.0 0.0 0.0 0.0 7.0 0.0 0.0 0.6975585450921773
39 39 39 0.0 0.0 9.0 0.0 198.0 3.0 0.0 0.6352087114337567
39 39 40 0.0 0.0 185.0 0.0 3807.0 21.0 132.0 0.23438807969194705
39 39 41 0.0 0.0 47.0 0.0 1158.0 8.0 6.0 0.43791054113231154
39 39 42 0.0 0.0 0.0 0.0 4.0 0.0 0.0 0.6986027944111775
39 40 38 0.0 0.0 0.0 0.0 6.0 0.0 0.0 0.6979062811565303
39 40 39 2.0 0.0 276.0 0.0 6084.0 22.0 549.0 0.16780534579887327
39 40 40 0.0 0.0 86.0 5.0 2419.0 14.0 42.0 0.311249444197421
39 40 41 0.0 0.0 1.0 0.0 99.0 1.0 0.0 0.6669842782277274
39 40 42 0.0 0.0 0.0 0.0 1.0 0.0 0.0 0.6996501749125437
39 41 38 0.0 0.0 0.0 0.0 7.0 0.0 0.0 0.6975585450921773
39 41 39 0.0 0.0 10.0 0.0 244.0 1.0 1.0 0.6213936972924988
39 41 40 0.0 0.0 90.0 0.0 2424.0 17.0 55.0 0.311249444197421
39 41 41 0.0 0.0 6.0 0.0 130.0 2.0 0.0 0.6560449859418931
39 42 40 0.0 0.0 0.0 0.0 2.0 0.0 0.0 0.6993006993006992
39 42 41 0.0 0.0 0.0 0.0 3.0 0.0 0.0 0.6989515726410384
40 38 39 0.0 0.0 0.0 0.0 13.0 0.0 0.0 0.695479384003974
40 38 40 0.0 0.0 0.0 0.0 24.0 0.0 0.0 0.6916996047430829
40 38 41 0.0 0.0 0.0 0.0 27.0 0.0 0.0 0.6906758756783422
40 38 42 0.0 0.0 0.0 0.0 8.0 0.0 0.0 0.697211155378486
40 39 38 0.0 0.0 0.0 0.0 3.0 0.0 0.0 0.6989515726410384
40 39 39 0.0 0.0 85.0 0.0 2470.0 17.0 44.0 0.3085059497576024
40 39 40 0.0 0.0 91.0 0.0 2328.0 19.0 42.0 0.3181818181818181
40 39 41 0.0 0.0 149.0 0.0 3661.0 18.0 113.0 0.2417127071823204
40 39 42 0.0 0.0 0.0 0.0 14.0 0.0 0.0 0.6951340615690167
40 40 38 0.0 0.0 0.0 0.0 5.0 0.0 0.0 0.6982543640897755
40 40 39 0.0 0.0 9.0 0.0 329.0 4.0 1.0 0.5998286203941731
40 40 40 13.0 4.0 902.0 82.0 12122.0 28.0 7620.0 0.09259871684635226
40 40 41 0.0 0.0 7.0 0.0 251.0 4.0 2.0 0.6213936972924988
40 40 42 0.0 0.0 0.0 0.0 14.0 0.0 0.0 0.6951340615690167
40 41 38 0.0 0.0 0.0 0.0 3.0 0.0 0.0 0.6989515726410384
40 41 39 0.0 0.0 4.0 0.0 106.0 0.0 0.0 0.6635071090047392
40 41 40 0.0 0.0 34.0 4.0 761.0 5.0 4.0 0.5010737294201861
40 41 41 0.0 0.0 42.0 0.0 985.0 9.0 5.0 0.46388336646785944
40 42 39 0.0 0.0 2.0 0.0 9.0 1.0 0.0 0.6965174129353233
40 42 40 0.0 0.0 0.0 0.0 1.0 0.0 0.0 0.6996501749125437
40 42 41 0.0 0.0 0.0 0.0 1.0 0.0 0.0 0.6996501749125437
41 38 38 0.0 0.0 0.0 0.0 1.0 0.0 0.0 0.6996501749125437
41 38 39 0.0 0.0 0.0 0.0 5.0 0.0 0.0 0.6982543640897755
41 38 40 0.0 0.0 2.0 0.0 46.0 1.0 1.0 0.6839276990718123
41 38 41 0.0 0.0 0.0 0.0 12.0 0.0 0.0 0.6958250497017892
41 38 42 0.0 0.0 0.0 0.0 13.0 0.0 0.0 0.695479384003974
41 39 39 0.0 0.0 3.0 0.0 55.0 0.0 0.0 0.6802721088435373
41 39 40 0.0 0.0 244.0 0.0 5281.0 21.0 325.0 0.1864926069002264
41 39 41 0.0 0.0 420.0 0.0 8296.0 27.0 1450.0 0.13087781621015235
41 39 42 0.0 0.0 3.0 0.0 46.0 0.0 0.0 0.6832601268911663
41 40 38 0.0 0.0 0.0 0.0 3.0 0.0 0.0 0.6989515726410384
41 40 39 0.0 0.0 109.0 0.0 2185.0 16.0 36.0 0.32725572697522204
41 40 40 0.0 0.0 0.0 4.0 117.0 0.0 0.0 0.66006600660066
41 40 41 0.0 0.0 40.0 0.0 1084.0 13.0 7.0 0.45001607200257143
41 40 42 0.0 0.0 5.0 0.0 58.0 3.0 0.0 0.6796116504854368
41 41 39 0.0 0.0 14.0 0.0 486.0 3.0 3.0 0.5606728073688425
41 41 40 0.0 0.0 180.0 0.0 3473.0 19.0 86.0 0.2484031227821149
41 41 41 0.0 0.0 0.0 0.0 68.0 0.0 0.0 0.6769825918762088
41 42 40 0.0 0.0 0.0 0.0 2.0 0.0 0.0 0.6993006993006992
41 42 41 0.0 0.0 0.0 0.0 2.0 0.0 0.0 0.6993006993006992
42 38 39 0.0 0.0 0.0 0.0 3.0 0.0 0.0 0.6989515726410384
42 38 40 0.0 0.0 1.0 0.0 26.0 0.0 0.0 0.6906758756783422
42 38 41 0.0 0.0 0.0 0.0 27.0 0.0 0.0 0.6906758756783422
42 38 42 0.0 0.0 0.0 0.0 2.0 0.0 0.0 0.6993006993006992
42 39 39 0.0 0.0 0.0 0.0 4.0 0.0 0.0 0.6986027944111775
42 39 40 0.0 0.0 1.0 0.0 10.0 0.0 0.0 0.6965174129353233
42 39 41 0.0 0.0 0.0 0.0 21.0 0.0 0.0 0.6927263730826323
42 39 42 0.0 0.0 2.0 0.0 29.0 1.0 0.0 0.689655172413793
42 40 39 0.0 0.0 0.0 0.0 1.0 0.0 0.0 0.6996501749125437
42 40 40 0.0 0.0 0.0 0.0 15.0 0.0 0.0 0.694789081885856
42 40 41 0.0 0.0 0.0 0.0 11.0 0.0 0.0 0.6961710591745399
42 40 42 0.0 0.0 0.0 0.0 11.0 0.0 0.0 0.6961710591745399
42 41 40 0.0 0.0 0.0 0.0 2.0 0.0 0.0 0.6993006993006992
42 41 41 0.0 0.0 0.0 0.0 1.0 0.0 0.0 0.6996501749125437
42 42 38 0.0 0.0 0.0 0.0 1.0 0.0 0.0 0.6996501749125437
42 42 39 0.0 0.0 0.0 0.0 2.0 0.0 0.0 0.6993006993006992
42 42 40 0.0 0.0 0.0 0.0 1.0 0.0 0.0 0.6996501749125437
42 42 41 0.0 0.0 0.0 0.0 1.0 0.0 0.0 0.6996501749125437
