36 39 39 0.0 0.0 1.0 0.0 28.0 0.0 0.0 0.6899950714637751
36 40 38 0.0 0.0 2.0 0.0 41.0 1.0 0.0 0.6856023506366307
36 40 39 0.0 0.0 0.0 0.0 1.0 0.0 0.0 0.6996501749125437
36 41 38 0.0 0.0 0.0 0.0 1.0 0.0 0.0 0.6996501749125437
37 37 39 0.0 0.0 0.0 0.0 4.0 0.0 0.0 0.6986027944111775
37 37 40 0.0 0.0 3.0 0.0 22.0 0.0 0.0 0.6913580246913579
37 37 41 0.0 0.0 0.0 0.0 3.0 0.0 0.0 0.6989515726410384
37 38 37 0.0 0.0 0.0 0.0 3.0 0.0 0.0 0.6989515726410384
37 38 38 0.0 0.0 1.0 0.0 15.0 0.0 0.0 0.6944444444444444
37 38 39 0.0 0.0 0.0 0.0 26.0 0.0 0.0 0.6910167818361302
37 38 40 0.0 0.0 0.0 0.0 19.0 0.0 0.0 0.6934125804853887
37 38 41 0.0 0.0 0.0 0.0 11.0 0.0 0.0 0.6961710591745399
37 38 42 0.0 0.0 0.0 0.0 11.0 0.0 0.0 0.6961710591745399
37 39 37 0.0 0.0 0.0 0.0 3.0 0.0 0.0 0.6989515726410384
37 39 38 0.0 0.0 0.0 0.0 21.0 0.0 0.0 0.6927263730826323
37 39 39 0.0 0.0 3.0 0.0 88.0 1.0 0.0 0.6698564593301434
37 39 40 0.0 0.0 0.0 0.0 56.0 0.0 0.0 0.6815968841285296
37 39 41 0.0 0.0 0.0 0.0 38.0 0.0 0.0 0.6869479882237487
37 39 42 0.0 0.0 0.0 0.0 8.0 0.0 0.0 0.697211155378486
37 40 37 0.0 0.0 0.0 0.0 4.0 0.0 0.0 0.6986027944111775
37 40 38 0.0 0.0 0.0 0.0 44.0 0.0 0.0 0.684931506849315
37 40 39 0.0 0.0 128.0 0.0 3042.0 16.0 62.0 0.27158098933074676
37 40 40 0.0 0.0 18.0 0.0 473.0 5.0 1.0 0.5631536604987931
37 40 41 0.0 0.0 2.0 0.0 87.0 0.0 0.0 0.6701771182383915
37 40 42 0.0 0.0 0.0 0.0 4.0 0.0 0.0 0.6986027944111775
37 41 37 0.0 0.0 0.0 0.0 1.0 0.0 0.0 0.6996501749125437
37 41 38 0.0 0.0 0.0 0.0 33.0 0.0 0.0 0.6886374815543531
37 41 39 0.0 0.0 6.0 0.0 291.0 1.0 0.0 0.6097560975609755
37 41 40 0.0 0.0 0.0 0.0 45.0 0.0 0.0 0.684931506849315
37 41 41 0.0 0.0 0.0 0.0 27.0 0.0 0.0 0.6906758756783422
37 41 42 0.0 0.0 0.0 0.0 6.0 0.0 0.0 0.6979062811565303
37 42 38 0.0 0.0 0.0 0.0 11.0 0.0 0.0 0.6961710591745399
37 42 39 0.0 0.0 8.0 0.0 133.0 0.0 0.0 0.6539000467071461
37 42 40 0.0 0.0 24.0 0.0 354.0 9.0 0.0 0.590966652596032
37 42 41 0.0 0.0 1.0 0.0 53.0 0.0 0.0 0.6815968841285296
37 42 42 0.0 0.0 0.0 0.0 1.0 0.0 0.0 0.6996501749125437
37 43 38 0.0 0.0 0.0 0.0 3.0 0.0 0.0 0.6989515726410384
37 43 39 0.0 0.0 0.0 0.0 2.0 0.0 0.0 0.6993006993006992
37 43 40 0.0 0.0 0.0 0.0 8.0 0.0 0.0 0.697211155378486
37 43 41 0.0 0.0 0.0 0.0 7.0 0.0 0.0 0.6975585450921773
37 43 42 0.0 0.0 0.0 0.0 4.0 0.0 0.0 0.6986027944111775
38 36 41 0.0 0.0 0.0 0.0 2.0 0.0 0.0 0.6993006993006992
38 37 37 0.0 0.0 0.0 0.0 1.0 0.0 0.0 0.6996501749125437
38 37 39 0.0 0.0 0.0 0.0 54.0 0.0 0.0 0.6815968841285296
38 37 40 0.0 0.0 3.0 0.0 90.0 2.0 0.0 0.669536107125777
38 37 41 0.0 0.0 0.0 0.0 19.0 0.0 0.0 0.6934125804853887
38 37 42 0.0 0.0 2.0 0.0 51.0 0.0 0.0 0.6819288845591815
38 37 43 0.0 0.0 0.0 0.0 1.0 0.0 0.0 0.6996501749125437
38 38 37 0.0 0.0 0.0 0.0 7.0 0.0 0.0 0.6979062811565303
38 38 38 0.0 0.0 30.0 0.0 564.0 9.0 0.0 0.541586073500967
38 38 39 0.0 0.0 43.0 0.0 1213.0 9.0 6.0 0.4311672312904219
38 38 40 0.0 0.0 198.0 0.0 4291.0 13.0 154.0 0.21618282890673254
38 38 41 0.0 0.0 119.0 0.0 2700.0 11.0 34.0 0.2911208151382823
38 38 42 0.0 0.0 5.0 0.0 292.0 1.0 0.0 0.6100217864923746
38 38 43 0.0 0.0 0.0 0.0 1.0 0.0 0.0 0.6996501749125437
38 39 37 0.0 0.0 0.0 0.0 10.0 0.0 0.0 0.6965174129353233
38 39 38 0.0 0.0 131.0 0.0 3340.0 19.0 93.0 0.2566452795600366
38 39 39 0.0 0.0 319.0 0.0 7451.0 18.0 1136.0 0.14341323499282932
38 39 40 0.0 0.0 294.0 1.0 6356.0 21.0 558.0 0.1621684234912545
38 39 41 0.0 0.0 245.0 0.0 5941.0 19.0 523.0 0.1713796058269066
38 39 42 0.0 0.0 22.0 0.0 469.0 2.0 0.0 0.562700964630225
38 39 43 0.0 0.0 0.0 0.0 1.0 0.0 0.0 0.6996501749125437
38 40 37 0.0 0.0 0.0 0.0 12.0 0.0 0.0 0.6958250497017892
38 40 38 0.0 0.0 119.0 0.0 2822.0 14.0 57.0 0.2841485691089912
38 40 39 0.0 0.0 544.0 0.0 9967.0 30.0 2635.0 0.11209864680919208
38 40 40 0.0 0.0 396.0 0.0 8460.0 11.0 1494.0 0.12903225806451613
38 40 41 0.0 0.0 119.0 0.0 3015.0 9.0 91.0 0.2731174404994148
38 40 42 0.0 0.0 99.0 0.0 2220.0 14.0 34.0 0.3249767873723305
38 40 43 0.0 0.0 0.0 0.0 3.0 0.0 0.0 0.6989515726410384
38 41 37 0.0 0.0 0.0 0.0 8.0 0.0 0.0 0.697211155378486
38 41 38 0.0 0.0 32.0 0.0 899.0 3.0 2.0 0.4783054321831226
38 41 39 0.0 0.0 362.0 0.0 7945.0 11.0 1301.0 0.13588275259633115
38 41 40 0.0 0.0 470.0 0.0 8406.0 22.0 1242.0 0.12893718916927607
38 41 41 0.0 0.0 159.0 0.0 3391.0 21.0 93.0 0.2532561505065123
38 41 42 0.0 0.0 2.0 0.0 121.0 0.0 0.0 0.6594441827602449
38 41 43 0.0 0.0 0.0 0.0 2.0 0.0 0.0 0.6993006993006992
38 42 37 0.0 0.0 0.0 0.0 3.0 0.0 0.0 0.6989515726410384
38 42 38 0.0 0.0 23.0 0.0 553.0 7.0 6.0 0.544959128065395
38 42 39 0.0 0.0 236.0 0.0 5556.0 14.0 418.0 0.1799254594525125
38 42 40 0.0 0.0 171.0 0.0 4043.0 17.0 160.0 0.2258793159083575
38 42 41 0.0 0.0 269.0 0.0 5563.0 18.0 353.0 0.17914267434420983
38 42 42 0.0 0.0 0.0 0.0 53.0 0.0 0.0 0.6819288845591815
38 43 38 0.0 0.0 0.0 0.0 2.0 0.0 0.0 0.6993006993006992
38 43 39 0.0 0.0 0.0 0.0 10.0 0.0 0.0 0.6965174129353233
38 43 40 0.0 0.0 10.0 0.0 216.0 2.0 0.0 0.6294964028776977
38 43 41 0.0 0.0 1.0 0.0 46.0 0.0 0.0 0.6839276990718123
38 43 42 0.0 0.0 0.0 0.0 8.0 0.0 0.0 0.697211155378486
39 36 40 0.0 0.0 0.0 0.0 2.0 0.0 0.0 0.6993006993006992
39 36 41 0.0 0.0 0.0 0.0 1.0 0.0 0.0 0.6996501749125437
39 36 42 0.0 0.0 0.0 0.0 1.0 0.0 0.0 0.6996501749125437
39 37 37 0.0 0.0 0.0 0.0 4.0 0.0 0.0 0.6986027944111775
39 37 38 0.0 0.0 0.0 0.0 15.0 0.0 0.0 0.694789081885856
39 37 39 0.0 0.0 0.0 0.0 37.0 0.0 0.0 0.6872852233676975
39 37 40 0.0 0.0 16.0 0.0 389.0 6.0 1.0 0.5835764902042517
39 37 41 0.0 0.0 133.0 0.0 2677.0 14.0 48.0 0.2918490723368772
39 37 42 0.0 0.0 30.0 0.0 589.0 5.0 1.0 0.5355776587605202
39 37 43 0.0 0.0 1.0 0.0 7.0 0.0 0.0 0.697211155378486
39 38 37 0.0 0.0 57.0 0.0 1423.0 11.0 15.0 0.40345821325648407
39 38 38 0.0 0.0 25.0 0.0 598.0 8.0 2.0 0.5351681957186544
39 38 39 0.0 0.0 161.0 0.0 3753.0 15.0 112.0 0.23732836073910826
39 38 40 0.0 0.0 508.0 0.0 9720.0 16.0 2472.0 0.11455691023647818
39 38 41 0.0 0.0 405.0 0.0 8137.0 21.0 1218.0 0.13294084132561007
39 38 42 0.0 0.0 48.0 0.0 1197.0 10.0 7.0 0.43276661514683146
39 38 43 0.0 0.0 0.0 0.0 11.0 0.0 0.0 0.6961710591745399
39 39 37 0.0 0.0 7.0 0.0 198.0 1.0 0.0 0.6354970494779845
39 39 38 0.0 0.0 187.0 0.0 4357.0 15.0 178.0 0.21429664778815244
39 39 39 0.0 0.0 658.0 1.0 11073.0 24.0 4268.0 0.10202594373997957
39 39 40 0.0 0.0 1182.0 1.0 12861.0 28.0 13894.0 0.08723284939871642
39 39 41 0.0 0.0 866.0 0.0 12347.0 26.0 7682.0 0.0919781880296958
39 39 42 0.0 0.0 67.0 0.0 1742.0 10.0 18.0 0.36861506055818843
39 39 43 0.0 0.0 0.0 0.0 29.0 0.0 0.0 0.690335305719921
39 40 37 0.0 0.0 2.0 0.0 77.0 0.0 0.0 0.6734006734006733
39 40 38 0.0 0.0 359.0 0.0 7241.0 23.0 952.0 0.1460310837592573
39 40 39 2.0 0.0 1296.0 0.0 12431.0 27.0 17399.0 0.0889792805389602
39 40 40 0.0 0.0 860.0 3.0 12175.0 33.0 8649.0 0.09317183548515905
39 40 41 0.0 0.0 490.0 0.0 9773.0 27.0 2457.0 0.1142763856011754
39 40 42 0.0 0.0 179.0 0.0 3680.0 20.0 119.0 0.23956194387405882
39 40 43 0.0 0.0 0.0 0.0 12.0 1.0 0.0 0.6961710591745399
39 41 37 0.0 0.0 0.0 0.0 33.0 0.0 0.0 0.6886374815543531
39 41 38 0.0 0.0 169.0 0.0 3727.0 24.0 111.0 0.2383790226460071
39 41 39 0.0 0.0 732.0 1.0 11401.0 30.0 4673.0 0.09915014164305949
39 41 40 0.0 0.0 889.0 0.0 12156.0 41.0 8950.0 0.09317183548515905
39 41 41 0.0 0.0 755.0 0.0 11612.0 34.0 5244.0 0.09754058385006617
39 41 42 0.0 0.0 63.0 0.0 1379.0 11.0 10.0 0.4080443019527834
39 41 43 0.0 0.0 10.0 0.0 148.0 4.0 0.0 0.649953574744661
39 42 37 0.0 0.0 0.0 0.0 10.0 0.0 0.0 0.6965174129353233
39 42 38 0.0 0.0 64.0 0.0 1266.0 10.0 9.0 0.4216867469879517
39 42 39 0.0 0.0 95.0 0.0 2336.0 18.0 46.0 0.31724450487196915
39 42 40 0.0 0.0 290.0 0.0 6647.0 18.0 719.0 0.15686274509803919
39 42 41 0.0 0.0 117.0 0.0 3215.0 13.0 105.0 0.26325686348251215
39 42 42 0.0 0.0 8.0 0.0 526.0 4.0 3.0 0.5533596837944663
39 42 43 0.0 0.0 0.0 0.0 1.0 0.0 0.0 0.6996501749125437
39 43 38 0.0 0.0 0.0 0.0 24.0 0.0 0.0 0.6916996047430829
39 43 39 0.0 0.0 5.0 0.0 91.0 1.0 0.0 0.6682577565632457
39 43 40 0.0 0.0 115.0 0.0 2267.0 15.0 31.0 0.32058621479276384
39 43 41 0.0 0.0 0.0 0.0 27.0 0.0 0.0 0.6906758756783422
39 43 42 0.0 0.0 4.0 0.0 81.0 0.0 0.0 0.6714628297362109
39 44 41 0.0 0.0 2.0 0.0 47.0 0.0 0.0 0.6832601268911663
40 36 38 0.0 0.0 0.0 0.0 1.0 0.0 0.0 0.6996501749125437
40 36 39 0.0 0.0 0.0 0.0 3.0 0.0 0.0 0.6989515726410384
40 37 37 0.0 0.0 0.0 0.0 6.0 0.0 0.0 0.6979062811565303
40 37 38 0.0 0.0 25.0 0.0 658.0 7.0 0.0 0.5231689088191329
40 37 39 0.0 0.0 0.0 0.0 69.0 0.0 0.0 0.6766553890768486
40 37 40 0.0 0.0 6.0 0.0 291.0 2.0 0.0 0.6100217864923746
40 37 41 0.0 0.0 100.0 0.0 2450.0 13.0 57.0 0.30843798193434674
40 37 42 0.0 0.0 0.0 0.0 65.0 1.0 0.0 0.6782945736434108
40 37 43 0.0 0.0 0.0 0.0 34.0 0.0 0.0 0.6886374815543531
40 38 37 0.0 0.0 0.0 0.0 35.0 0.0 0.0 0.6879606879606879
40 38 38 0.0 0.0 430.0 0.0 8665.0 20.0 1595.0 0.12629679747406403
40 38 39 0.0 0.0 66.0 0.0 1926.0 7.0 36.0 0.35149384885764495
40 38 40 0.0 0.0 325.0 0.0 7093.0 22.0 932.0 0.14887282007656313
40 38 41 0.0 0.0 388.0 0.0 8002.0 29.0 1208.0 0.13504388926401079
40 38 42 0.0 0.0 437.0 0.0 7995.0 26.0 1150.0 0.1344086021505376
40 38 43 0.0 0.0 20.0 0.0 446.0 10.0 0.0 0.570264765784114
40 39 36 0.0 0.0 0.0 0.0 1.0 0.0 0.0 0.6996501749125437
40 39 37 0.0 0.0 3.0 0.0 61.0 0.0 0.0 0.6789524733268669
40 39 38 0.0 0.0 198.0 0.0 4533.0 26.0 221.0 0.20873714030117782
40 39 39 0.0 0.0 828.0 0.0 11938.0 30.0 8742.0 0.09490238611713664
40 39 40 0.0 0.0 1023.0 1.0 12575.0 39.0 9939.0 0.08976085144579084
40 39 41 0.0 0.0 1124.0 1.0 12704.0 31.0 12395.0 0.08842291416661403
40 39 42 0.0 0.0 368.0 0.0 6906.0 29.0 691.0 0.1513349908118041
40 39 43 0.0 0.0 24.0 0.0 698.0 8.0 1.0 0.5158437730287397
40 39 44 0.0 0.0 0.0 0.0 2.0 0.0 0.0 0.6993006993006992
40 40 36 0.0 0.0 0.0 0.0 2.0 0.0 0.0 0.6993006993006992
40 40 37 0.0 0.0 145.0 0.0 3364.0 16.0 98.0 0.2549162418062636
40 40 38 0.0 0.0 258.0 0.0 5704.0 18.0 425.0 0.1761227827399673
40 40 39 0.0 0.0 655.0 0.0 11250.0 32.0 4654.0 0.10081371066465038
40 40 40 11.0 7.0 2389.0 23.0 10624.0 73.0 46447.0 0.09298618490967055
40 40 41 1.0 0.0 580.0 0.0 10721.0 16.0 4013.0 0.1052473312283867
40 40 42 0.0 0.0 169.0 0.0 4648.0 15.0 242.0 0.2057310800881704
40 40 43 0.0 0.0 1.0 0.0 92.0 0.0 0.0 0.668896321070234
40 40 44 0.0 0.0 0.0 0.0 1.0 0.0 0.0 0.6996501749125437
40 41 37 0.0 0.0 64.0 0.0 1491.0 18.0 14.0 0.39581566299123544
40 41 38 0.0 0.0 392.0 0.0 7830.0 23.0 1094.0 0.13716077201920251
40 41 39 0.0 0.0 628.0 5.0 10515.0 27.0 3250.0 0.10656112041406605
40 41 40 0.0 3.0 785.0 12.0 11758.0 32.0 6428.0 0.09625300790649706
40 41 41 0.0 0.0 834.0 0.0 11933.0 27.0 6898.0 0.09483809781872374
40 41 42 0.0 0.0 71.0 0.0 1988.0 18.0 42.0 0.34636318654131615
40 41 43 0.0 0.0 13.0 0.0 332.0 4.0 0.0 0.5980350277659119
40 42 37 0.0 0.0 4.0 0.0 176.0 3.0 0.0 0.6430868167202571
40 42 38 0.0 0.0 35.0 0.0 690.0 10.0 1.0 0.5156537753222835
40 42 39 0.0 0.0 500.0 0.0 9779.0 22.0 2709.0 0.1141366378607533
40 42 40 0.0 0.0 107.0 2.0 2989.0 17.0 86.0 0.2754820936639118
40 42 41 0.0 0.0 375.0 0.0 7511.0 20.0 861.0 0.14180087106249364
40 42 42 0.0 0.0 4.0 0.0 171.0 0.0 0.0 0.6436781609195401
40 43 38 0.0 0.0 0.0 0.0 22.0 0.0 0.0 0.6923837784371908
40 43 39 0.0 0.0 4.0 0.0 114.0 2.0 0.0 0.661625708884688
40 43 40 0.0 0.0 57.0 0.0 1228.0 13.0 7.0 0.42787286063569674
40 43 41 0.0 0.0 2.0 0.0 96.0 1.0 0.0 0.6676204101096804
40 43 42 0.0 0.0 0.0 0.0 13.0 0.0 0.0 0.6958250497017892
41 36 38 0.0 0.0 0.0 0.0 2.0 0.0 0.0 0.6993006993006992
41 36 39 0.0 0.0 11.0 0.0 243.0 3.0 0.0 0.6219458018658373
41 36 40 0.0 0.0 0.0 0.0 1.0 0.0 0.0 0.6996501749125437
41 36 41 0.0 0.0 0.0 0.0 4.0 0.0 0.0 0.6986027944111775
41 36 42 0.0 0.0 0.0 0.0 2.0 0.0 0.0 0.6993006993006992
41 37 37 0.0 0.0 0.0 0.0 8.0 0.0 0.0 0.697211155378486
41 37 38 0.0 0.0 0.0 0.0 20.0 0.0 0.0 0.6930693069306929
41 37 39 0.0 0.0 54.0 0.0 1463.0 7.0 7.0 0.39897406668566543
41 37 40 0.0 0.0 10.0 0.0 259.0 3.0 0.0 0.6178287731685789
41 37 41 0.0 0.0 11.0 0.0 257.0 2.0 0.0 0.6178287731685789
41 37 42 0.0 0.0 20.0 0.0 415.0 9.0 0.0 0.5770816158285242
41 37 43 0.0 0.0 2.0 0.0 47.0 0.0 0.0 0.6832601268911663
41 38 37 0.0 0.0 0.0 0.0 6.0 0.0 0.0 0.6979062811565303
41 38 38 0.0 0.0 30.0 0.0 736.0 9.0 4.0 0.5077983315197678
41 38 39 0.0 0.0 244.0 0.0 5742.0 18.0 505.0 0.17568076295645627
41 38 40 0.0 0.0 419.0 0.0 8844.0 26.0 1933.0 0.12446657183499288
41 38 41 0.0 0.0 415.0 0.0 8761.0 27.0 1584.0 0.12547051442910914
41 38 42 0.0 0.0 488.0 0.0 9550.0 20.0 2502.0 0.116337045039056
41 38 43 0.0 0.0 23.0 0.0 755.0 5.0 2.0 0.5048683736025964
41 39 36 0.0 0.0 0.0 0.0 1.0 0.0 0.0 0.6996501749125437
41 39 37 0.0 0.0 0.0 0.0 28.0 0.0 0.0 0.690335305719921
41 39 38 0.0 0.0 175.0 0.0 3866.0 18.0 134.0 0.23236514522821572
41 39 39 0.0 0.0 548.0 3.0 10281.0 15.0 3218.0 0.10902577680865976
41 39 40 0.0 0.0 1197.0 0.0 12441.0 28.0 16408.0 0.08950262114819076
41 39 41 1.0 0.0 1593.0 0.0 12194.0 42.0 25028.0 0.08871989860583016
41 39 42 0.0 0.0 479.0 0.0 8930.0 30.0 1754.0 0.12295801861935708
41 39 43 0.0 0.0 24.0 0.0 679.0 4.0 3.0 0.5187106335679881
41 39 44 0.0 0.0 0.0 0.0 1.0 0.0 0.0 0.6996501749125437
41 40 36 0.0 0.0 4.0 0.0 86.0 3.0 0.0 0.670819357930043
41 40 37 0.0 0.0 1.0 0.0 146.0 2.0 0.0 0.6526806526806526
41 40 38 0.0 0.0 310.0 0.0 6731.0 29.0 692.0 0.15515903801396427
41 40 39 0.0 0.0 1020.0 0.0 12750.0 33.0 10452.0 0.08875927217396817
41 40 40 0.0 0.0 452.0 16.0 8588.0 26.0 1454.0 0.12678862524904908
41 40 41 0.0 0.0 848.0 1.0 12027.0 28.0 7452.0 0.09412397472098963
41 40 42 0.0 0.0 603.0 0.0 10418.0 29.0 3894.0 0.10765918179021838
41 40 43 0.0 0.0 124.0 0.0 3397.0 10.0 109.0 0.25403737978588276
41 40 44 0.0 0.0 0.0 0.0 1.0 0.0 0.0 0.6996501749125437
41 41 36 0.0 0.0 0.0 0.0 1.0 0.0 0.0 0.6996501749125437
41 41 37 0.0 0.0 51.0 0.0 899.0 12.0 1.0 0.47651463580667114
41 41 38 0.0 0.0 178.0 0.0 4404.0 20.0 200.0 0.21318714786051465
41 41 39 0.0 0.0 699.0 0.0 11166.0 20.0 4960.0 0.10099552734093202
41 41 40 0.0 0.0 1128.0 0.0 12588.0 38.0 13424.0 0.0890925289550719
41 41 41 0.0 0.0 368.0 4.0 7371.0 14.0 880.0 0.14381099126861838
41 41 42 0.0 0.0 58.0 0.0 1063.0 12.0 4.0 0.45016077170418
41 41 43 0.0 0.0 1.0 0.0 31.0 2.0 0.0 0.689655172413793
41 42 37 0.0 0.0 1.0 0.0 23.0 0.0 0.0 0.6916996047430829
41 42 38 0.0 0.0 3.0 0.0 145.0 2.0 0.0 0.6523765144454798
41 42 39 0.0 0.0 36.0 0.0 858.0 6.0 5.0 0.484764542936288
41 42 40 0.0 0.0 135.0 0.0 3620.0 15.0 131.0 0.2438174851967955
41 42 41 0.0 0.0 124.0 0.0 2690.0 19.0 43.0 0.29197080291970795
41 42 42 0.0 0.0 3.0 0.0 185.0 0.0 0.0 0.639853747714808
41 42 43 0.0 0.0 0.0 0.0 1.0 0.0 0.0 0.6996501749125437
41 43 38 0.0 0.0 0.0 0.0 10.0 0.0 0.0 0.6965174129353233
41 43 39 0.0 0.0 2.0 0.0 80.0 1.0 0.0 0.6727534839019701
41 43 40 0.0 0.0 0.0 0.0 26.0 0.0 0.0 0.6910167818361302
41 43 41 0.0 0.0 1.0 0.0 48.0 1.0 0.0 0.6835937499999999
41 43 42 0.0 0.0 2.0 0.0 23.0 0.0 0.0 0.6913580246913579
42 36 39 0.0 0.0 0.0 0.0 1.0 0.0 0.0 0.6996501749125437
42 36 40 0.0 0.0 0.0 0.0 7.0 0.0 0.0 0.6975585450921773
42 36 41 0.0 0.0 0.0 0.0 2.0 0.0 0.0 0.6993006993006992
42 36 42 0.0 0.0 0.0 0.0 1.0 0.0 0.0 0.6996501749125437
42 37 38 0.0 0.0 0.0 0.0 3.0 0.0 0.0 0.6989515726410384
42 37 39 0.0 0.0 4.0 0.0 89.0 1.0 0.0 0.6692160611854684
42 37 40 0.0 0.0 166.0 0.0 3953.0 14.0 183.0 0.22924512854101847
42 37 41 0.0 0.0 83.0 0.0 1833.0 13.0 23.0 0.3586984370996669
42 37 42 0.0 0.0 1.0 0.0 78.0 0.0 0.0 0.6734006734006733
42 37 43 0.0 0.0 22.0 0.0 821.0 4.0 8.0 0.49313138429024295
42 38 38 0.0 0.0 14.0 0.0 295.0 5.0 1.0 0.6076388888888887
42 38 39 0.0 0.0 100.0 0.0 2572.0 18.0 71.0 0.3008165019338203
42 38 40 0.0 0.0 501.0 0.0 9736.0 17.0 2571.0 0.11442582754393132
42 38 41 0.0 0.0 577.0 0.0 10249.0 20.0 2971.0 0.10921288712068022
42 38 42 0.0 0.0 61.0 0.0 1598.0 8.0 12.0 0.3835616438356164
42 38 43 0.0 0.0 0.0 0.0 70.0 0.0 0.0 0.6763285024154588
42 39 37 0.0 0.0 4.0 0.0 48.0 2.0 0.0 0.6829268292682925
42 39 38 0.0 0.0 5.0 0.0 188.0 0.0 0.0 0.6383948928408572
42 39 39 0.0 0.0 203.0 0.0 4599.0 15.0 200.0 0.2062159375460303
42 39 40 0.0 0.0 529.0 0.0 9874.0 26.0 2353.0 0.1129852312162053
42 39 41 0.0 0.0 385.0 0.0 8045.0 23.0 1157.0 0.13435700575815737
42 39 42 0.0 0.0 591.0 0.0 10165.0 24.0 2773.0 0.10981253431641697
42 39 43 0.0 0.0 0.0 0.0 88.0 1.0 0.0 0.6711409395973154
42 40 36 0.0 0.0 0.0 0.0 2.0 0.0 0.0 0.6993006993006992
42 40 37 0.0 0.0 0.0 0.0 13.0 0.0 0.0 0.695479384003974
42 40 38 0.0 0.0 285.0 0.0 6285.0 25.0 583.0 0.16372354110630336
42 40 39 0.0 0.0 249.0 0.0 5150.0 21.0 244.0 0.18967619563744748
42 40 40 0.0 0.0 448.0 1.0 8848.0 22.0 1688.0 0.12404749246854509
42 40 41 0.0 0.0 451.0 0.0 8479.0 24.0 1358.0 0.12825210699890066
42 40 42 0.0 0.0 387.0 0.0 7810.0 28.0 1038.0 0.1375515818431912
42 40 43 0.0 0.0 20.0 0.0 381.0 5.0 0.0 0.5843071786310516
42 41 37 0.0 0.0 0.0 0.0 13.0 0.0 0.0 0.695479384003974
42 41 38 0.0 0.0 68.0 0.0 1767.0 15.0 22.0 0.36658811207122277
42 41 39 0.0 0.0 151.0 0.0 2641.0 18.0 56.0 0.2933165723863398
42 41 40 0.0 0.0 165.0 0.0 4292.0 16.0 249.0 0.21732381248059604
42 41 41 0.0 0.0 5.0 0.0 363.0 0.0 1.0 0.590966652596032
42 41 42 0.0 0.0 134.0 0.0 3365.0 19.0 92.0 0.2554744525547445
42 41 43 0.0 0.0 0.0 0.0 28.0 0.0 0.0 0.690335305719921
42 42 37 0.0 0.0 0.0 0.0 2.0 0.0 0.0 0.6993006993006992
42 42 38 0.0 0.0 61.0 0.0 1761.0 9.0 26.0 0.3671649619722003
42 42 39 0.0 0.0 106.0 0.0 2378.0 14.0 35.0 0.31319910514541377
42 42 40 0.0 0.0 9.0 0.0 369.0 0.0 1.0 0.5887300252312867
42 42 41 0.0 0.0 134.0 0.0 3101.0 18.0 76.0 0.26830203142966647
42 42 42 0.0 0.0 0.0 0.0 8.0 0.0 0.0 0.697211155378486
42 43 38 0.0 0.0 0.0 0.0 2.0 0.0 0.0 0.6993006993006992
42 43 39 0.0 0.0 0.0 0.0 3.0 0.0 0.0 0.6989515726410384
42 43 40 0.0 0.0 0.0 0.0 9.0 0.0 0.0 0.6968641114982577
42 43 41 0.0 0.0 0.0 0.0 3.0 0.0 0.0 0.6989515726410384
42 43 42 0.0 0.0 0.0 0.0 4.0 0.0 0.0 0.6986027944111775
43 36 41 0.0 0.0 0.0 0.0 10.0 0.0 0.0 0.6965174129353233
43 37 39 0.0 0.0 0.0 0.0 16.0 0.0 0.0 0.6944444444444444
43 37 40 0.0 0.0 1.0 0.0 35.0 0.0 0.0 0.6879606879606879
43 37 41 0.0 0.0 2.0 0.0 62.0 1.0 0.0 0.6786233640329616
43 37 42 0.0 0.0 0.0 0.0 17.0 1.0 0.0 0.6944444444444444
43 37 43 0.0 0.0 0.0 0.0 1.0 0.0 0.0 0.6996501749125437
43 38 38 0.0 0.0 0.0 0.0 2.0 0.0 0.0 0.6993006993006992
43 38 39 0.0 0.0 1.0 0.0 71.0 0.0 0.0 0.6756756756756755
43 38 40 0.0 0.0 4.0 0.0 144.0 0.0 0.0 0.6517690875232773
43 38 41 0.0 0.0 25.0 0.0 739.0 6.0 5.0 0.5074302283436026
43 38 42 0.0 0.0 9.0 0.0 158.0 1.0 0.0 0.6463527239150507
43 38 43 0.0 0.0 0.0 0.0 13.0 1.0 0.0 0.6958250497017892
43 39 37 0.0 0.0 0.0 0.0 1.0 0.0 0.0 0.6996501749125437
43 39 38 0.0 0.0 0.0 0.0 13.0 0.0 0.0 0.695479384003974
43 39 39 0.0 0.0 6.0 0.0 231.0 5.0 0.0 0.6275212909009411
43 39 40 0.0 0.0 80.0 0.0 1893.0 11.0 24.0 0.3533568904593639
43 39 41 0.0 0.0 5.0 0.0 117.0 2.0 0.0 0.6606890042472864
43 39 42 0.0 0.0 34.0 0.0 798.0 3.0 4.0 0.4948745139625308
43 39 43 0.0 0.0 9.0 0.0 270.0 1.0 1.0 0.6145741878841088
43 40 37 0.0 0.0 0.0 0.0 5.0 0.0 0.0 0.6982543640897755
43 40 38 0.0 0.0 7.0 0.0 73.0 3.0 0.0 0.6740491092922483
43 40 39 0.0 0.0 3.0 0.0 72.0 1.0 0.0 0.6753497346840327
43 40 40 0.0 0.0 16.0 0.0 479.0 3.0 2.0 0.5620232838217583
43 40 41 0.0 0.0 100.0 0.0 2334.0 15.0 37.0 0.3168137587689522
43 40 42 0.0 0.0 3.0 0.0 107.0 2.0 0.0 0.6641366223908918
43 40 43 0.0 0.0 0.0 0.0 18.0 0.0 0.0 0.6937561942517343
43 41 37 0.0 0.0 39.0 0.0 579.0 17.0 0.0 0.5382545174932718
43 41 38 0.0 0.0 0.0 0.0 8.0 0.0 0.0 0.697211155378486
43 41 39 0.0 0.0 2.0 0.0 34.0 1.0 0.0 0.6879606879606879
43 41 40 0.0 0.0 63.0 0.0 880.0 8.0 3.0 0.47700170357751276
43 41 41 0.0 0.0 0.0 0.0 36.0 1.0 0.0 0.6879606879606879
43 41 42 0.0 0.0 1.0 0.0 30.0 0.0 0.0 0.689655172413793
43 41 43 0.0 0.0 0.0 0.0 15.0 0.0 0.0 0.694789081885856
43 42 38 0.0 0.0 0.0 0.0 4.0 0.0 0.0 0.6986027944111775
43 42 39 0.0 0.0 0.0 0.0 8.0 0.0 0.0 0.697211155378486
43 42 40 0.0 0.0 0.0 0.0 10.0 0.0 0.0 0.6965174129353233
43 42 41 0.0 0.0 0.0 0.0 4.0 0.0 0.0 0.6986027944111775
43 42 42 0.0 0.0 0.0 0.0 1.0 0.0 0.0 0.6996501749125437
43 43 40 0.0 0.0 0.0 0.0 2.0 0.0 0.0 0.6993006993006992
43 43 41 0.0 0.0 0.0 0.0 2.0 0.0 0.0 0.6993006993006992
43 43 42 0.0 0.0 0.0 0.0 1.0 0.0 0.0 0.6996501749125437
44 38 39 0.0 0.0 0.0 0.0 1.0 0.0 0.0 0.6996501749125437
44 38 40 0.0 0.0 0.0 0.0 1.0 0.0 0.0 0.6996501749125437
44 38 41 0.0 0.0 0.0 0.0 1.0 0.0 0.0 0.6996501749125437
44 39 40 0.0 0.0 0.0 0.0 2.0 0.0 0.0 0.6993006993006992
44 39 42 0.0 0.0 0.0 0.0 1.0 0.0 0.0 0.6996501749125437
44 40 40 0.0 0.0 0.0 0.0 3.0 0.0 0.0 0.6989515726410384
44 40 41 0.0 0.0 0.0 0.0 1.0 0.0 0.0 0.6996501749125437
44 41 42 0.0 0.0 0.0 0.0 1.0 0.0 0.0 0.6996501749125437
44 42 36 0.0 0.0 1.0 0.0 1.0 1.0 0.0 0.6996501749125437
