34 37 39 0.0 0.0 0.0 0.0 3.0 0.0 0.0 0.6989515726410384
34 37 40 0.0 0.0 0.0 0.0 4.0 0.0 0.0 0.6986027944111775
34 37 41 0.0 0.0 0.0 0.0 7.0 0.0 0.0 0.6975585450921773
34 37 42 0.0 0.0 0.0 0.0 1.0 0.0 0.0 0.6996501749125437
34 38 37 0.0 0.0 0.0 0.0 5.0 0.0 0.0 0.6982543640897755
34 38 38 0.0 0.0 0.0 0.0 9.0 0.0 0.0 0.6968641114982577
34 38 39 0.0 0.0 2.0 0.0 85.0 0.0 0.0 0.670819357930043
34 38 40 0.0 0.0 15.0 0.0 373.0 5.0 1.0 0.5874947545111203
34 38 41 0.0 0.0 0.0 0.0 10.0 1.0 0.0 0.6968641114982577
34 38 42 0.0 0.0 0.0 0.0 2.0 0.0 0.0 0.6993006993006992
34 39 37 0.0 0.0 0.0 0.0 18.0 0.0 0.0 0.6937561942517343
34 39 38 0.0 0.0 2.0 0.0 46.0 1.0 0.0 0.6839276990718123
34 39 39 0.0 0.0 0.0 0.0 24.0 0.0 0.0 0.6916996047430829
34 39 40 0.0 0.0 0.0 0.0 15.0 0.0 0.0 0.694789081885856
34 39 41 0.0 0.0 0.0 0.0 7.0 0.0 0.0 0.6975585450921773
34 39 42 0.0 0.0 0.0 0.0 6.0 0.0 0.0 0.6979062811565303
34 40 36 0.0 0.0 0.0 0.0 5.0 0.0 0.0 0.6982543640897755
34 40 37 0.0 0.0 0.0 0.0 25.0 0.0 0.0 0.6913580246913579
34 40 38 0.0 0.0 0.0 0.0 15.0 0.0 0.0 0.694789081885856
34 40 39 0.0 0.0 0.0 0.0 20.0 0.0 0.0 0.6930693069306929
34 40 40 0.0 0.0 0.0 0.0 3.0 0.0 0.0 0.6989515726410384
34 41 36 0.0 0.0 1.0 0.0 18.0 1.0 0.0 0.6937561942517343
34 41 37 0.0 0.0 0.0 0.0 7.0 0.0 0.0 0.6975585450921773
34 41 38 0.0 0.0 5.0 0.0 117.0 3.0 0.0 0.6610009442870631
34 41 39 0.0 0.0 0.0 0.0 13.0 0.0 0.0 0.695479384003974
34 41 40 0.0 0.0 0.0 0.0 4.0 0.0 0.0 0.6986027944111775
34 41 41 0.0 0.0 0.0 0.0 3.0 0.0 0.0 0.6989515726410384
34 41 43 0.0 0.0 0.0 0.0 2.0 0.0 0.0 0.6993006993006992
34 42 36 0.0 0.0 0.0 0.0 1.0 0.0 0.0 0.6996501749125437
34 42 37 0.0 0.0 0.0 0.0 1.0 0.0 0.0 0.6996501749125437
34 42 38 0.0 0.0 0.0 0.0 4.0 0.0 0.0 0.6986027944111775
34 42 39 0.0 0.0 0.0 0.0 10.0 0.0 0.0 0.6968641114982577
34 42 40 0.0 0.0 0.0 0.0 2.0 0.0 0.0 0.6993006993006992
34 42 41 0.0 0.0 0.0 0.0 4.0 0.0 0.0 0.6986027944111775
34 42 43 0.0 0.0 0.0 0.0 2.0 0.0 0.0 0.6993006993006992
34 43 38 0.0 0.0 0.0 0.0 2.0 0.0 0.0 0.6993006993006992
34 43 39 0.0 0.0 0.0 0.0 1.0 0.0 0.0 0.6996501749125437
34 43 40 0.0 0.0 0.0 0.0 1.0 0.0 0.0 0.6996501749125437
34 43 41 0.0 0.0 0.0 0.0 2.0 0.0 0.0 0.6993006993006992
34 43 42 0.0 0.0 0.0 0.0 1.0 0.0 0.0 0.6996501749125437
34 44 40 0.0 0.0 0.0 0.0 2.0 0.0 0.0 0.6993006993006992
34 44 41 0.0 0.0 0.0 0.0 3.0 0.0 0.0 0.6989515726410384
34 44 43 0.0 0.0 0.0 0.0 1.0 0.0 0.0 0.6996501749125437
34 45 39 0.0 0.0 0.0 0.0 1.0 0.0 0.0 0.6996501749125437
34 45 42 0.0 0.0 0.0 0.0 2.0 0.0 0.0 0.6993006993006992
34 45 43 0.0 0.0 0.0 0.0 1.0 0.0 0.0 0.6996501749125437
35 35 40 0.0 0.0 0.0 0.0 1.0 0.0 0.0 0.6996501749125437
35 35 41 0.0 0.0 1.0 0.0 24.0 1.0 0.0 0.6916996047430829
35 35 42 0.0 0.0 0.0 0.0 5.0 0.0 0.0 0.6982543640897755
35 36 37 0.0 0.0 0.0 0.0 1.0 0.0 0.0 0.6996501749125437
35 36 38 0.0 0.0 0.0 0.0 11.0 0.0 0.0 0.6961710591745399
35 36 39 0.0 0.0 2.0 0.0 50.0 0.0 0.0 0.6822612085769979
35 36 40 0.0 0.0 1.0 0.0 20.0 0.0 0.0 0.6927263730826323
35 36 41 0.0 0.0 0.0 0.0 8.0 0.0 0.0 0.697211155378486
35 36 42 0.0 0.0 0.0 0.0 7.0 0.0 0.0 0.6975585450921773
35 36 43 0.0 0.0 0.0 0.0 2.0 0.0 0.0 0.6993006993006992
35 37 36 0.0 0.0 0.0 0.0 1.0 0.0 0.0 0.6996501749125437
35 37 37 0.0 0.0 0.0 0.0 6.0 0.0 0.0 0.6979062811565303
35 37 38 0.0 0.0 0.0 0.0 14.0 0.0 0.0 0.6951340615690167
35 37 39 0.0 0.0 2.0 0.0 70.0 0.0 0.0 0.6756756756756755
35 37 40 0.0 0.0 1.0 0.0 69.0 0.0 0.0 0.6763285024154588
35 37 41 0.0 0.0 0.0 0.0 62.0 0.0 1.0 0.6789524733268669
35 37 42 0.0 0.0 4.0 0.0 60.0 1.0 0.0 0.6786233640329616
35 37 43 0.0 0.0 0.0 0.0 4.0 0.0 0.0 0.6986027944111775
35 38 36 0.0 0.0 0.0 0.0 6.0 0.0 0.0 0.6979062811565303
35 38 37 0.0 0.0 0.0 0.0 19.0 0.0 0.0 0.6934125804853887
35 38 38 0.0 0.0 0.0 0.0 72.0 0.0 0.0 0.6760019314340897
35 38 39 0.0 0.0 19.0 0.0 585.0 3.0 0.0 0.5382545174932718
35 38 40 0.0 0.0 259.0 0.0 6073.0 18.0 511.0 0.16828945786753213
35 38 41 0.0 0.0 234.0 0.0 5352.0 20.0 387.0 0.18498942917547564
35 38 42 0.0 0.0 0.0 0.0 12.0 0.0 0.0 0.6958250497017892
35 38 43 0.0 0.0 0.0 0.0 7.0 0.0 0.0 0.6975585450921773
35 38 44 0.0 0.0 1.0 0.0 6.0 1.0 0.0 0.6979062811565303
35 39 36 0.0 0.0 5.0 0.0 83.0 2.0 0.0 0.6711409395973154
35 39 37 0.0 0.0 15.0 0.0 469.0 4.0 1.0 0.5647438483259378
35 39 38 0.0 0.0 300.0 0.0 6254.0 18.0 503.0 0.16383850204798125
35 39 39 0.0 0.0 76.0 0.0 2232.0 12.0 28.0 0.3260363297624592
35 39 40 0.0 0.0 31.0 0.0 954.0 3.0 4.0 0.46948356807511726
35 39 41 0.0 0.0 100.0 0.0 2189.0 11.0 32.0 0.3273322422258592
35 39 42 0.0 0.0 6.0 0.0 71.0 2.0 0.0 0.6746987951807227
35 39 43 0.0 0.0 0.0 0.0 17.0 0.0 0.0 0.694100148735746
35 39 44 0.0 0.0 0.0 0.0 1.0 0.0 0.0 0.6996501749125437
35 40 36 0.0 0.0 3.0 0.0 50.0 1.0 0.0 0.6822612085769979
35 40 37 0.0 0.0 139.0 0.0 3342.0 11.0 98.0 0.2559414990859232
35 40 38 0.0 0.0 331.0 0.0 7328.0 25.0 903.0 0.14527342533983603
35 40 39 0.0 0.0 73.0 0.0 1648.0 12.0 13.0 0.3773584905660377
35 40 40 0.0 0.0 121.0 0.0 2885.0 11.0 60.0 0.28028028028028024
35 40 41 0.0 0.0 42.0 0.0 1139.0 9.0 8.0 0.44136191677175274
35 40 42 0.0 0.0 6.0 0.0 89.0 2.0 0.0 0.668896321070234
35 40 43 0.0 0.0 0.0 0.0 27.0 0.0 0.0 0.6910167818361302
35 40 44 0.0 0.0 0.0 0.0 5.0 0.0 0.0 0.6982543640897755
35 41 36 0.0 0.0 1.0 0.0 24.0 0.0 0.0 0.6913580246913579
35 41 37 0.0 0.0 140.0 0.0 3887.0 16.0 174.0 0.23282887077997666
35 41 38 0.0 0.0 205.0 0.0 4682.0 12.0 231.0 0.20357714119528864
35 41 39 0.0 0.0 92.0 0.0 2313.0 16.0 39.0 0.31897926634768736
35 41 40 0.0 0.0 124.0 0.0 2723.0 13.0 57.0 0.2895553257497414
35 41 41 0.0 0.0 7.0 0.0 192.0 2.0 0.0 0.6372325898953117
35 41 42 0.0 0.0 31.0 0.0 676.0 11.0 2.0 0.5192878338278931
35 41 43 0.0 0.0 72.0 0.0 1182.0 16.0 6.0 0.43236565781346503
35 41 44 0.0 0.0 0.0 0.0 23.0 1.0 0.0 0.6923837784371908
35 42 35 0.0 0.0 0.0 0.0 1.0 0.0 0.0 0.6996501749125437
35 42 36 0.0 0.0 0.0 0.0 11.0 0.0 0.0 0.6961710591745399
35 42 37 0.0 0.0 36.0 0.0 489.0 6.0 1.0 0.5557761016276299
35 42 38 0.0 0.0 28.0 0.0 709.0 7.0 5.0 0.5128205128205128
35 42 39 0.0 0.0 32.0 0.0 702.0 8.0 1.0 0.5135730007336756
35 42 40 0.0 0.0 84.0 0.0 1604.0 15.0 17.0 0.38105606967882405
35 42 41 0.0 0.0 2.0 0.0 139.0 1.0 0.0 0.6542056074766354
35 42 42 0.0 0.0 8.0 0.0 374.0 1.0 1.0 0.588235294117647
35 42 43 0.0 0.0 56.0 0.0 1022.0 16.0 6.0 0.4572175048987589
35 42 44 0.0 0.0 6.0 0.0 185.0 2.0 0.0 0.639561443581544
35 43 37 0.0 0.0 2.0 0.0 59.0 0.0 0.0 0.6792819019893255
35 43 38 0.0 0.0 7.0 0.0 144.0 2.0 0.0 0.6514657980456026
35 43 39 0.0 0.0 77.0 0.0 1434.0 21.0 19.0 0.4006868918145391
35 43 40 0.0 0.0 50.0 0.0 996.0 7.0 3.0 0.46067785455742016
35 43 41 0.0 0.0 16.0 0.0 390.0 3.0 0.0 0.5826050769870994
35 43 42 0.0 0.0 0.0 0.0 54.0 0.0 0.0 0.6819288845591815
35 43 43 0.0 0.0 83.0 0.0 1613.0 18.0 14.0 0.38064165307232184
35 43 44 0.0 0.0 0.0 0.0 5.0 0.0 0.0 0.6982543640897755
35 44 37 0.0 0.0 0.0 0.0 6.0 0.0 0.0 0.6979062811565303
35 44 38 0.0 0.0 6.0 0.0 140.0 1.0 0.0 0.6526806526806526
35 44 39 0.0 0.0 54.0 0.0 886.0 15.0 2.0 0.478468899521531
35 44 40 0.0 0.0 130.0 0.0 2707.0 20.0 49.0 0.2906373261365995
35 44 41 0.0 0.0 20.0 0.0 492.0 5.0 2.0 0.5586592178770949
35 44 42 0.0 0.0 80.0 0.0 1961.0 14.0 23.0 0.3476533399553016
35 44 43 0.0 0.0 17.0 0.0 376.0 4.0 0.0 0.5860192549183758
35 44 44 0.0 0.0 0.0 0.0 4.0 0.0 0.0 0.6986027944111775
35 45 38 0.0 0.0 0.0 0.0 2.0 0.0 0.0 0.6993006993006992
35 45 39 0.0 0.0 0.0 0.0 16.0 0.0 0.0 0.694789081885856
35 45 40 0.0 0.0 0.0 0.0 13.0 0.0 0.0 0.695479384003974
35 45 41 0.0 0.0 0.0 0.0 15.0 0.0 0.0 0.694789081885856
35 45 42 0.0 0.0 0.0 0.0 4.0 0.0 0.0 0.6986027944111775
35 45 43 0.0 0.0 0.0 0.0 7.0 0.0 0.0 0.6975585450921773
36 35 39 0.0 0.0 0.0 0.0 3.0 0.0 0.0 0.6989515726410384
36 35 40 0.0 0.0 2.0 0.0 19.0 2.0 0.0 0.6934125804853887
36 35 41 0.0 0.0 0.0 0.0 3.0 0.0 0.0 0.6989515726410384
36 35 42 0.0 0.0 0.0 0.0 12.0 0.0 0.0 0.6958250497017892
36 35 43 0.0 0.0 0.0 0.0 20.0 0.0 0.0 0.6930693069306929
36 35 44 0.0 0.0 0.0 0.0 10.0 0.0 0.0 0.6965174129353233
36 36 36 0.0 0.0 0.0 0.0 1.0 0.0 0.0 0.6996501749125437
36 36 37 0.0 0.0 0.0 0.0 7.0 0.0 0.0 0.6975585450921773
36 36 38 0.0 0.0 9.0 0.0 234.0 0.0 1.0 0.6241640659830583
36 36 39 0.0 0.0 26.0 0.0 831.0 9.0 3.0 0.49157303370786515
36 36 40 0.0 0.0 36.0 0.0 1134.0 7.0 13.0 0.4426177679418273
36 36 41 0.0 0.0 243.0 0.0 4905.0 16.0 225.0 0.19629837352776217
36 36 42 0.0 0.0 124.0 0.0 2690.0 12.0 40.0 0.29154518950437314
36 36 43 0.0 0.0 1.0 0.0 97.0 1.0 0.0 0.6676204101096804
36 36 44 0.0 0.0 0.0 0.0 15.0 0.0 0.0 0.694789081885856
36 36 45 0.0 0.0 0.0 0.0 1.0 0.0 0.0 0.6996501749125437
36 37 36 0.0 0.0 0.0 0.0 11.0 0.0 0.0 0.6961710591745399
36 37 37 0.0 0.0 12.0 0.0 248.0 3.0 0.0 0.620292423571112
36 37 38 0.0 0.0 235.0 0.0 5210.0 16.0 323.0 0.1883999461714439
36 37 39 0.0 0.0 266.0 0.0 5582.0 26.0 344.0 0.1789823574533367
36 37 40 0.0 0.0 299.0 0.0 6504.0 20.0 612.0 0.1593262774553317
36 37 41 0.0 0.0 118.0 0.0 2673.0 20.0 60.0 0.29337803855825645
36 37 42 0.0 0.0 277.0 0.0 5673.0 22.0 383.0 0.1764335223692501
36 37 43 0.0 0.0 44.0 0.0 919.0 10.0 2.0 0.4740941415509651
36 37 44 0.0 0.0 5.0 0.0 179.0 0.0 0.0 0.641025641025641
36 37 45 0.0 0.0 0.0 0.0 9.0 0.0 0.0 0.6968641114982577
36 38 36 0.0 0.0 2.0 0.0 70.0 0.0 0.0 0.6756756756756755
36 38 37 0.0 0.0 110.0 0.0 2389.0 19.0 43.0 0.31243026110243244
36 38 38 0.0 0.0 173.0 0.0 3569.0 19.0 129.0 0.24458420684835777
36 38 39 0.0 0.0 361.0 0.0 7103.0 20.0 678.0 0.14811680067710536
36 38 40 0.0 0.0 735.0 0.0 11568.0 35.0 5838.0 0.0980254866265229
36 38 41 0.0 0.0 312.0 0.0 6877.0 38.0 767.0 0.1529219006007646
36 38 42 0.0 0.0 18.0 0.0 660.0 7.0 2.0 0.5245410266017234
36 38 43 0.0 0.0 17.0 0.0 510.0 6.0 1.0 0.5553351844506148
36 38 44 0.0 0.0 0.0 0.0 70.0 0.0 0.0 0.6763285024154588
36 38 45 0.0 0.0 3.0 0.0 60.0 2.0 0.0 0.6792819019893255
36 39 35 0.0 0.0 0.0 0.0 11.0 0.0 0.0 0.6961710591745399
36 39 36 0.0 0.0 35.0 0.0 560.0 10.0 0.0 0.5417956656346749
36 39 37 0.0 0.0 203.0 0.0 5002.0 18.0 302.0 0.19476905954368387
36 39 38 0.0 0.0 309.0 0.0 6446.0 19.0 589.0 0.16014641958361928
36 39 39 0.0 0.0 852.0 0.0 12255.0 29.0 7255.0 0.09270909211310509
36 39 40 0.0 0.0 563.0 0.0 10504.0 30.0 3626.0 0.10725503715620929
36 39 41 0.0 0.0 171.0 0.0 3868.0 11.0 151.0 0.232249502322495
36 39 42 0.0 0.0 102.0 0.0 2458.0 19.0 47.0 0.3082342580361074
36 39 43 0.0 0.0 20.0 0.0 671.0 10.0 2.0 0.5223880597014925
36 39 44 0.0 0.0 0.0 0.0 50.0 0.0 0.0 0.6829268292682925
36 39 45 0.0 0.0 0.0 0.0 9.0 0.0 0.0 0.6968641114982577
36 40 35 0.0 0.0 0.0 0.0 11.0 0.0 0.0 0.6961710591745399
36 40 36 0.0 0.0 24.0 0.0 755.0 7.0 3.0 0.505050505050505
36 40 37 0.0 0.0 341.0 0.0 6762.0 28.0 629.0 0.1541171290180537
36 40 38 0.0 0.0 1133.0 0.0 12685.0 28.0 11615.0 0.08847879668836503
36 40 39 0.0 0.0 804.0 0.0 11710.0 30.0 7262.0 0.09653175205129973
36 40 40 0.0 0.0 303.0 0.0 7010.0 15.0 900.0 0.15065102765522434
36 40 41 0.0 0.0 365.0 0.0 7818.0 21.0 1333.0 0.1376462491397109
36 40 42 0.0 0.0 187.0 0.0 4385.0 19.0 159.0 0.21351227695592492
36 40 43 0.0 0.0 223.0 0.0 5074.0 19.0 311.0 0.19220208676551345
36 40 44 0.0 0.0 5.0 0.0 77.0 0.0 0.0 0.6724303554274734
36 41 34 0.0 0.0 1.0 0.0 10.0 1.0 0.0 0.6965174129353233
36 41 35 0.0 0.0 0.0 0.0 25.0 0.0 0.0 0.6913580246913579
36 41 36 0.0 0.0 1.0 0.0 103.0 2.0 0.0 0.6660323501427211
36 41 37 0.0 0.0 352.0 0.0 7436.0 21.0 959.0 0.14328113806161086
36 41 38 0.0 0.0 960.0 0.0 12582.0 37.0 8512.0 0.09005531969638492
36 41 39 0.0 0.0 249.0 0.0 5305.0 14.0 330.0 0.18570102135561745
36 41 40 0.0 0.0 754.0 0.0 11670.0 40.0 5057.0 0.09720197181142817
36 41 41 0.0 0.0 497.0 0.0 9104.0 28.0 1784.0 0.1208563535911602
36 41 42 0.0 0.0 401.0 0.0 8397.0 16.0 1487.0 0.1297257227575982
36 41 43 0.0 0.0 119.0 0.0 2546.0 13.0 53.0 0.3009458297506449
36 41 44 0.0 0.0 0.0 0.0 49.0 0.0 0.0 0.6832601268911663
36 41 45 0.0 0.0 0.0 0.0 1.0 0.0 0.0 0.6996501749125437
36 42 34 0.0 0.0 0.0 0.0 1.0 0.0 0.0 0.6996501749125437
36 42 35 0.0 0.0 0.0 0.0 12.0 0.0 0.0 0.6958250497017892
36 42 36 0.0 0.0 0.0 0.0 50.0 0.0 0.0 0.6829268292682925
36 42 37 0.0 0.0 33.0 0.0 1120.0 5.0 8.0 0.4445855827246744
36 42 38 0.0 0.0 482.0 0.0 8986.0 27.0 1968.0 0.12219603735707425
36 42 39 0.0 0.0 260.0 0.0 5462.0 15.0 353.0 0.18160591516409386
36 42 40 0.0 0.0 431.0 0.0 8670.0 25.0 1791.0 0.12626262626262624
36 42 41 0.0 0.0 371.0 0.0 7552.0 23.0 932.0 0.14134275618374553
36 42 42 0.0 0.0 340.0 0.0 7165.0 26.0 899.0 0.14766374854973102
36 42 43 0.0 0.0 384.0 0.0 8500.0 17.0 1733.0 0.1287711552612215
36 42 44 0.0 0.0 4.0 0.0 76.0 0.0 0.0 0.6730769230769229
36 43 34 0.0 0.0 0.0 0.0 1.0 0.0 0.0 0.6996501749125437
36 43 35 0.0 0.0 0.0 0.0 3.0 0.0 0.0 0.6989515726410384
36 43 36 0.0 0.0 32.0 0.0 1117.0 7.0 10.0 0.4455760661998726
36 43 37 0.0 0.0 41.0 0.0 1023.0 7.0 9.0 0.4579653254824991
36 43 38 0.0 0.0 302.0 0.0 6068.0 20.0 432.0 0.16756433273488924
36 43 39 0.0 0.0 235.0 0.0 5548.0 13.0 396.0 0.1801338136901698
36 43 40 0.0 0.0 333.0 0.0 7130.0 17.0 762.0 0.14811680067710536
36 43 41 0.0 0.0 245.0 0.0 5428.0 17.0 360.0 0.1827199164708953
36 43 42 0.0 0.0 273.0 0.0 5528.0 18.0 341.0 0.1798330122029544
36 43 43 0.0 0.0 112.0 0.0 2781.0 15.0 60.0 0.2868852459016393
36 43 44 0.0 0.0 0.0 0.0 31.0 0.0 0.0 0.6893156080748399
36 44 36 0.0 0.0 0.0 0.0 4.0 0.0 0.0 0.6986027944111775
36 44 37 0.0 0.0 2.0 0.0 52.0 0.0 0.0 0.6815968841285296
36 44 38 0.0 0.0 102.0 0.0 2421.0 16.0 38.0 0.31062791213667623
36 44 39 0.0 0.0 300.0 0.0 6798.0 23.0 744.0 0.15423598105100803
36 44 40 0.0 0.0 63.0 0.0 1548.0 7.0 12.0 0.38867295946696273
36 44 41 0.0 0.0 406.0 0.0 7724.0 28.0 891.0 0.1385041551246537
36 44 42 0.0 0.0 282.0 0.0 5995.0 22.0 463.0 0.16949152542372878
36 44 43 0.0 0.0 9.0 0.0 212.0 1.0 0.0 0.6306306306306305
36 44 44 0.0 0.0 1.0 0.0 33.0 0.0 0.0 0.6882989183874139
36 45 37 0.0 0.0 2.0 0.0 30.0 0.0 0.0 0.6889763779527558
36 45 38 0.0 0.0 0.0 0.0 8.0 0.0 0.0 0.697211155378486
36 45 39 0.0 0.0 0.0 0.0 30.0 0.0 0.0 0.689655172413793
36 45 40 0.0 0.0 9.0 0.0 297.0 2.0 1.0 0.6076388888888887
36 45 41 0.0 0.0 25.0 0.0 687.0 5.0 0.0 0.5171776874769116
36 45 42 0.0 0.0 3.0 0.0 134.0 2.0 0.0 0.6557377049180326
36 45 43 0.0 0.0 0.0 0.0 15.0 0.0 0.0 0.694789081885856
36 46 40 0.0 0.0 0.0 0.0 1.0 0.0 0.0 0.6996501749125437
36 46 41 0.0 0.0 3.0 0.0 13.0 0.0 0.0 0.6944444444444444
36 46 42 0.0 0.0 0.0 0.0 2.0 1.0 0.0 0.6996501749125437
36 47 42 0.0 0.0 0.0 0.0 1.0 0.0 0.0 0.6996501749125437
37 34 41 0.0 0.0 0.0 0.0 1.0 0.0 0.0 0.6996501749125437
37 35 36 0.0 0.0 0.0 0.0 7.0 0.0 0.0 0.6975585450921773
37 35 37 0.0 0.0 30.0 0.0 514.0 9.0 1.0 0.5522682445759368
37 35 38 0.0 0.0 3.0 0.0 120.0 1.0 0.0 0.6597549481621111
37 35 39 0.0 0.0 44.0 0.0 989.0 10.0 6.0 0.4631161098246774
37 35 40 0.0 0.0 4.0 0.0 137.0 1.0 0.0 0.6542056074766354
37 35 41 0.0 0.0 0.0 0.0 44.0 0.0 0.0 0.6852667645619186
37 35 42 0.0 0.0 0.0 0.0 60.0 0.0 0.0 0.6799417192812044
37 35 43 0.0 0.0 1.0 0.0 17.0 0.0 0.0 0.6937561942517343
37 35 44 0.0 0.0 0.0 0.0 28.0 0.0 0.0 0.690335305719921
37 36 35 0.0 0.0 0.0 0.0 11.0 1.0 0.0 0.6965174129353233
37 36 36 0.0 0.0 6.0 0.0 96.0 2.0 0.0 0.6666666666666665
37 36 37 0.0 0.0 0.0 0.0 113.0 0.0 0.0 0.6625650733554187
37 36 38 0.0 0.0 29.0 0.0 778.0 5.0 3.0 0.4996431120628122
37 36 39 0.0 0.0 125.0 0.0 3022.0 7.0 90.0 0.2723205602022952
37 36 40 0.0 0.0 231.0 0.0 5140.0 22.0 311.0 0.1904243743199129
37 36 41 0.0 0.0 149.0 0.0 4172.0 19.0 205.0 0.22201078338090705
37 36 42 0.0 0.0 92.0 0.0 2529.0 10.0 62.0 0.30355594102341715
37 36 43 0.0 0.0 410.0 0.0 8326.0 17.0 1472.0 0.13049962714392244
37 36 44 0.0 0.0 16.0 0.0 550.0 4.0 1.0 0.5464480874316939
37 36 45 0.0 0.0 0.0 0.0 3.0 0.0 0.0 0.6989515726410384
37 37 34 0.0 0.0 0.0 0.0 1.0 0.0 0.0 0.6996501749125437
37 37 35 0.0 0.0 0.0 0.0 31.0 0.0 0.0 0.6893156080748399
37 37 36 0.0 0.0 52.0 0.0 1216.0 7.0 8.0 0.4291845493562231
37 37 37 0.0 0.0 171.0 0.0 3793.0 15.0 106.0 0.23525457906234246
37 37 38 0.0 0.0 245.0 0.0 5265.0 15.0 341.0 0.18666666666666665
37 37 39 0.0 0.0 821.0 0.0 12068.0 36.0 6526.0 0.09410499428648247
37 37 40 0.0 0.0 1201.0 0.0 12642.0 31.0 15121.0 0.08830579033682351
37 37 41 0.0 0.0 709.0 0.0 11441.0 26.0 5124.0 0.09900289937062443
37 37 42 0.0 0.0 371.0 0.0 7970.0 21.0 1135.0 0.13555383423702555
37 37 43 0.0 0.0 310.0 0.0 7116.0 24.0 940.0 0.1487462813429664
37 37 44 0.0 0.0 3.0 0.0 192.0 4.0 0.0 0.6389776357827475
37 37 45 0.0 0.0 17.0 0.0 305.0 5.0 1.0 0.6044905008635577
37 37 46 0.0 0.0 0.0 0.0 5.0 0.0 0.0 0.6982543640897755
37 38 34 0.0 0.0 0.0 0.0 1.0 0.0 0.0 0.6996501749125437
37 38 35 0.0 0.0 0.0 0.0 26.0 0.0 0.0 0.6910167818361302
37 38 36 0.0 0.0 3.0 0.0 266.0 2.0 0.0 0.6175562417291574
37 38 37 0.0 0.0 126.0 0.0 3544.0 8.0 148.0 0.24717514124293782
37 38 38 0.0 0.0 640.0 0.0 11161.0 22.0 5607.0 0.1013317892298784
37 38 39 0.0 0.0 711.0 0.0 11356.0 21.0 4639.0 0.09958033999573226
37 38 40 0.0 0.0 661.0 0.0 10938.0 26.0 3375.0 0.1030017657445556
37 38 41 0.0 0.0 939.0 0.0 12431.0 31.0 8941.0 0.09112803488901906
37 38 42 0.0 0.0 376.0 0.0 7783.0 22.0 1200.0 0.13801261829652997
37 38 43 0.0 0.0 568.0 0.0 10252.0 26.0 2469.0 0.10929814973846513
37 38 44 0.0 0.0 449.0 0.0 8445.0 17.0 1398.0 0.12867647058823528
37 38 45 0.0 0.0 61.0 0.0 1636.0 13.0 14.0 0.3800217155266014
37 38 46 0.0 0.0 1.0 0.0 29.0 0.0 0.0 0.689655172413793
37 39 34 0.0 0.0 0.0 0.0 2.0 0.0 0.0 0.6993006993006992
37 39 35 0.0 0.0 15.0 0.0 373.0 2.0 1.0 0.5867560771165129
37 39 36 0.0 0.0 34.0 0.0 1088.0 9.0 10.0 0.4498714652956297
37 39 37 0.0 0.0 752.0 0.0 11380.0 35.0 4552.0 0.0992063492063492
37 39 38 0.0 0.0 1000.0 0.0 12586.0 38.0 8864.0 0.08988764044943819
37 39 39 0.0 0.0 1207.0 1.0 12855.0 47.0 14694.0 0.0872437215678943
37 39 40 0.0 0.0 1064.0 0.0 12857.0 38.0 10915.0 0.08797838245459687
37 39 41 0.0 0.0 1004.0 0.0 12723.0 38.0 9132.0 0.08904719501335706
37 39 42 0.0 0.0 499.0 0.0 9345.0 18.0 1952.0 0.1182832037850625
37 39 43 0.0 0.0 260.0 0.0 6248.0 17.0 591.0 0.16484163428705992
37 39 44 0.0 0.0 115.0 0.0 2725.0 18.0 55.0 0.29033596018249685
37 39 45 0.0 0.0 5.0 0.0 101.0 2.0 0.0 0.6653992395437262
37 39 46 0.0 0.0 0.0 0.0 9.0 0.0 0.0 0.6968641114982577
37 40 34 0.0 0.0 0.0 0.0 1.0 0.0 0.0 0.6996501749125437
37 40 35 0.0 0.0 0.0 0.0 38.0 0.0 0.0 0.6869479882237487
37 40 36 0.0 0.0 255.0 0.0 5833.0 26.0 425.0 0.1736326429368721
37 40 37 0.0 0.0 498.0 0.0 9283.0 19.0 1741.0 0.11889596602972398
37 40 38 0.0 0.0 777.0 0.0 11756.0 30.0 5775.0 0.09637227232050663
37 40 39 0.0 0.0 1933.0 0.0 12391.0 52.0 29759.0 0.08577380223011885
37 40 40 0.0 0.0 1348.0 0.0 12886.0 42.0 17256.0 0.08623344625808438
37 40 41 0.0 0.0 1192.0 0.0 12790.0 26.0 13886.0 0.08752188047011751
37 40 42 0.0 0.0 729.0 0.0 11675.0 25.0 4849.0 0.09722897423432182
37 40 43 0.0 0.0 531.0 0.0 9683.0 22.0 2293.0 0.11475409836065573
37 40 44 0.0 0.0 50.0 0.0 1285.0 11.0 5.0 0.42143287176399746
37 40 45 0.0 0.0 1.0 0.0 52.0 0.0 0.0 0.6819288845591815
37 40 46 0.0 0.0 0.0 0.0 3.0 0.0 0.0 0.6989515726410384
37 41 35 0.0 0.0 2.0 0.0 59.0 1.0 0.0 0.6796116504854368
37 41 36 0.0 0.0 453.0 0.0 8850.0 25.0 1623.0 0.1239596245794227
37 41 37 0.0 0.0 548.0 0.0 9905.0 21.0 2587.0 0.112540192926045
37 41 38 0.0 0.0 620.0 0.0 10779.0 24.0 3811.0 0.10451661067562523
37 41 39 0.0 0.0 1279.0 0.0 13091.0 29.0 14273.0 0.08552752153460809
37 41 40 0.0 0.0 1303.0 0.0 13378.0 40.0 12498.0 0.08393788596438635
37 41 41 0.0 0.0 943.0 0.0 12393.0 34.0 9473.0 0.09131824408062095
37 41 42 0.0 0.0 522.0 0.0 9831.0 32.0 2538.0 0.11353499310680397
37 41 43 0.0 0.0 345.0 0.0 7470.0 14.0 980.0 0.1428134244618994
37 41 44 0.0 0.0 86.0 0.0 1797.0 12.0 26.0 0.3617571059431524
37 41 45 0.0 0.0 0.0 0.0 15.0 0.0 0.0 0.694789081885856
37 42 34 0.0 0.0 0.0 0.0 3.0 0.0 0.0 0.6989515726410384
37 42 35 0.0 0.0 135.0 0.0 3377.0 18.0 111.0 0.25482344375682553
37 42 36 0.0 0.0 5.0 0.0 250.0 0.0 0.0 0.6208425720620842
37 42 37 0.0 0.0 388.0 0.0 7526.0 33.0 947.0 0.1416287303995953
37 42 38 0.0 0.0 386.0 0.0 8661.0 27.0 1706.0 0.12691505756504395
37 42 39 0.0 0.0 1106.0 0.0 12710.0 25.0 12623.0 0.08848438882568574
37 42 40 0.0 0.0 1592.0 0.0 12596.0 38.0 21779.0 0.08649450142098108
37 42 41 0.0 0.0 947.0 0.0 12486.0 44.0 9641.0 0.0908265213442325
37 42 42 0.0 0.0 1058.0 0.0 12742.0 36.0 11192.0 0.08858516831181978
37 42 43 0.0 0.0 238.0 0.0 5871.0 17.0 516.0 0.17290354452266268
37 42 44 0.0 0.0 95.0 0.0 1962.0 18.0 28.0 0.3466204506065857
37 42 45 0.0 0.0 0.0 0.0 10.0 0.0 0.0 0.6965174129353233
37 43 35 0.0 0.0 0.0 0.0 31.0 0.0 0.0 0.6893156080748399
37 43 36 0.0 0.0 9.0 0.0 496.0 1.0 3.0 0.5593288054334797
37 43 37 0.0 0.0 348.0 0.0 7025.0 20.0 766.0 0.14960461637101943
37 43 38 0.0 0.0 699.0 0.0 11579.0 29.0 6380.0 0.09812167087188112
37 43 39 0.0 0.0 903.0 0.0 12067.0 29.0 9661.0 0.09349539201282221
37 43 40 0.0 0.0 891.0 0.0 12169.0 29.0 8530.0 0.09295531505212136
37 43 41 0.0 0.0 648.0 0.0 11080.0 30.0 4701.0 0.10215995329830704
37 43 42 0.0 0.0 399.0 0.0 8132.0 20.0 1270.0 0.13309249928700445
37 43 43 0.0 0.0 446.0 0.0 8264.0 23.0 1278.0 0.1309022907900888
37 43 44 0.0 0.0 0.0 0.0 45.0 0.0 0.0 0.684931506849315
37 43 45 0.0 0.0 0.0 0.0 2.0 0.0 0.0 0.6993006993006992
37 44 35 0.0 0.0 0.0 0.0 1.0 0.0 0.0 0.6996501749125437
37 44 36 0.0 0.0 3.0 0.0 50.0 0.0 0.0 0.6819288845591815
37 44 37 0.0 0.0 5.0 0.0 220.0 0.0 1.0 0.6292134831460673
37 44 38 0.0 0.0 109.0 0.0 2638.0 27.0 39.0 0.29661016949152536
37 44 39 0.0 0.0 359.0 0.0 7143.0 22.0 813.0 0.14764817549040282
37 44 40 0.0 0.0 339.0 0.0 6908.0 27.0 708.0 0.15172862252086267
37 44 41 0.0 0.0 516.0 0.0 9738.0 20.0 2423.0 0.11428571428571427
37 44 42 0.0 0.0 370.0 0.0 7675.0 19.0 987.0 0.1395673412421493
37 44 43 0.0 0.0 27.0 0.0 649.0 4.0 1.0 0.5239520958083832
37 44 44 0.0 0.0 0.0 0.0 23.0 0.0 0.0 0.6920415224913494
37 45 37 0.0 0.0 4.0 0.0 76.0 0.0 0.0 0.6730769230769229
37 45 38 0.0 0.0 2.0 0.0 64.0 1.0 1.0 0.6779661016949151
37 45 39 0.0 0.0 7.0 0.0 126.0 2.0 0.0 0.6572769953051641
37 45 40 0.0 0.0 28.0 0.0 652.0 4.0 4.0 0.5231689088191329
37 45 41 0.0 0.0 89.0 0.0 1954.0 22.0 26.0 0.3481720964934096
37 45 42 0.0 0.0 4.0 0.0 166.0 2.0 1.0 0.6457564575645756
37 45 43 0.0 0.0 0.0 0.0 6.0 0.0 0.0 0.6979062811565303
37 45 44 0.0 0.0 0.0 0.0 2.0 0.0 0.0 0.6993006993006992
37 46 38 0.0 0.0 0.0 0.0 1.0 0.0 0.0 0.6996501749125437
37 46 39 0.0 0.0 0.0 0.0 11.0 0.0 0.0 0.6965174129353233
37 46 40 0.0 0.0 0.0 0.0 41.0 0.0 0.0 0.6859382655560998
37 46 41 0.0 0.0 0.0 0.0 15.0 0.0 0.0 0.694789081885856
37 46 42 0.0 0.0 24.0 0.0 864.0 9.0 8.0 0.4862799583188606
37 46 43 0.0 0.0 0.0 0.0 4.0 0.0 0.0 0.6986027944111775
38 34 40 0.0 0.0 0.0 0.0 10.0 0.0 0.0 0.6965174129353233
38 34 41 0.0 0.0 0.0 0.0 12.0 0.0 0.0 0.6958250497017892
38 34 42 0.0 0.0 0.0 0.0 9.0 0.0 0.0 0.6968641114982577
38 34 43 0.0 0.0 0.0 0.0 9.0 0.0 0.0 0.6968641114982577
38 35 35 0.0 0.0 0.0 0.0 3.0 0.0 0.0 0.6989515726410384
38 35 36 0.0 0.0 0.0 0.0 21.0 0.0 0.0 0.6927263730826323
38 35 37 0.0 0.0 9.0 0.0 159.0 1.0 0.0 0.646054453161052
38 35 38 0.0 0.0 20.0 0.0 410.0 3.0 1.0 0.5768438401318499
38 35 39 0.0 0.0 50.0 0.0 1054.0 7.0 4.0 0.4519044544867656
38 35 40 0.0 0.0 92.0 0.0 2137.0 14.0 31.0 0.3320683111954459
38 35 41 0.0 0.0 68.0 0.0 1791.0 11.0 18.0 0.36391993761372493
38 35 42 0.0 0.0 7.0 0.0 274.0 3.0 0.0 0.6148440931049626
38 35 43 0.0 0.0 4.0 0.0 120.0 2.0 0.0 0.6597549481621111
38 35 44 0.0 0.0 8.0 0.0 102.0 1.0 0.0 0.6638217164532954
38 35 45 0.0 0.0 0.0 0.0 1.0 0.0 0.0 0.6996501749125437
38 36 35 0.0 0.0 0.0 0.0 27.0 0.0 0.0 0.6906758756783422
38 36 36 0.0 0.0 14.0 0.0 309.0 4.0 0.0 0.6039689387402932
38 36 37 0.0 0.0 436.0 0.0 8450.0 34.0 1281.0 0.12898470609913393
38 36 38 0.0 0.0 239.0 0.0 5748.0 20.0 476.0 0.1756366829757872
38 36 39 0.0 0.0 335.0 0.0 6805.0 11.0 623.0 0.15322315858596913
38 36 40 0.0 0.0 537.0 0.0 9848.0 22.0 2415.0 0.11313131313131311
38 36 41 0.0 0.0 384.0 0.0 8616.0 15.0 1780.0 0.12736535662299853
38 36 42 0.0 0.0 203.0 0.0 4934.0 11.0 343.0 0.19646365422396853
38 36 43 0.0 0.0 336.0 0.0 6505.0 23.0 585.0 0.15869417365676713
38 36 44 0.0 0.0 43.0 0.0 995.0 13.0 9.0 0.4626569729015201
38 36 45 0.0 0.0 0.0 0.0 4.0 0.0 0.0 0.6986027944111775
38 37 35 0.0 0.0 0.0 0.0 53.0 0.0 0.0 0.6819288845591815
38 37 36 0.0 0.0 373.0 0.0 8397.0 15.0 1568.0 0.13009943313818417
38 37 37 0.0 0.0 191.0 0.0 5021.0 18.0 299.0 0.19457956914523972
38 37 38 0.0 0.0 838.0 0.0 12156.0 35.0 7146.0 0.09345170549362525
38 37 39 0.0 0.0 653.0 0.0 10996.0 18.0 4266.0 0.10260920551158016
38 37 40 0.0 0.0 1208.0 0.0 12865.0 46.0 14293.0 0.08721111318756618
38 37 41 0.0 0.0 861.0 0.0 12288.0 24.0 7205.0 0.09245806366398097
38 37 42 0.0 0.0 1146.0 0.0 12694.0 43.0 12915.0 0.0884564352056612
38 37 43 0.0 0.0 807.0 0.0 11950.0 35.0 7326.0 0.09498609132234208
38 37 44 0.0 0.0 301.0 0.0 6808.0 23.0 778.0 0.154015401540154
38 37 45 0.0 0.0 0.0 0.0 160.0 0.0 0.0 0.648148148148148
38 37 46 0.0 0.0 1.0 0.0 7.0 0.0 0.0 0.697211155378486
38 38 34 0.0 0.0 0.0 0.0 2.0 0.0 0.0 0.6993006993006992
38 38 35 0.0 0.0 72.0 0.0 1788.0 11.0 23.0 0.36382536382536373
38 38 36 0.0 0.0 375.0 0.0 7961.0 27.0 1148.0 0.1357773251866938
38 38 37 0.0 0.0 490.0 0.0 9486.0 29.0 2277.0 0.11700793982448807
38 38 38 0.0 0.0 1350.0 0.0 12536.0 35.0 19280.0 0.08811681772406847
38 38 39 0.0 0.0 1687.0 0.0 12788.0 64.0 23526.0 0.08507018290089323
38 38 40 0.0 0.0 2218.0 0.0 11958.0 74.0 35881.0 0.08669267446900736
38 38 41 0.0 0.0 2012.0 0.0 12382.0 56.0 30866.0 0.08547530374259721
38 38 42 0.0 0.0 1485.0 0.0 13404.0 31.0 17496.0 0.08279614406529066
38 38 43 0.0 0.0 607.0 0.0 10179.0 22.0 2618.0 0.10953759486738125
38 38 44 0.0 0.0 224.0 0.0 5008.0 22.0 230.0 0.19417475728155337
38 38 45 0.0 0.0 448.0 0.0 8165.0 28.0 1027.0 0.1321752265861027
38 38 46 0.0 0.0 49.0 0.0 1024.0 9.0 6.0 0.4569190600522193
38 39 34 0.0 0.0 0.0 0.0 5.0 0.0 0.0 0.6982543640897755
38 39 35 0.0 0.0 151.0 0.0 3641.0 15.0 107.0 0.24229837313949457
38 39 36 0.0 0.0 204.0 0.0 5322.0 22.0 396.0 0.18651745270450307
38 39 37 0.0 0.0 840.0 0.0 12085.0 35.0 6414.0 0.09389041647106161
38 39 38 0.0 0.0 2028.0 0.0 12219.0 60.0 31616.0 0.08621220518504832
38 39 39 0.0 0.0 2620.0 0.0 11013.0 65.0 46473.0 0.0895312400076741
38 39 40 0.0 0.0 2881.0 1.0 11739.0 67.0 45906.0 0.08423079237109679
38 39 41 0.0 0.0 2445.0 0.0 11740.0 68.0 40722.0 0.08653192409914084
38 39 42 0.0 0.0 1442.0 0.0 13102.0 40.0 17850.0 0.08457681387059747
38 39 43 0.0 0.0 1114.0 0.0 12800.0 39.0 12832.0 0.08800603469952224
38 39 44 0.0 0.0 377.0 0.0 7766.0 17.0 1029.0 0.13810792147578177
38 39 45 0.0 0.0 183.0 0.0 4157.0 17.0 134.0 0.22141388581369598
38 39 46 0.0 0.0 0.0 0.0 13.0 0.0 0.0 0.695479384003974
38 39 47 0.0 0.0 0.0 0.0 1.0 0.0 0.0 0.6996501749125437
38 40 34 0.0 0.0 0.0 0.0 8.0 1.0 0.0 0.6975585450921773
38 40 35 0.0 0.0 28.0 0.0 739.0 5.0 2.0 0.506879073135409
38 40 36 0.0 0.0 254.0 0.0 5431.0 20.0 334.0 0.1826007564888483
38 40 37 0.0 0.0 966.0 0.0 12669.0 43.0 8092.0 0.08970333824565899
38 40 38 0.0 0.0 2054.0 0.0 12337.0 53.0 31207.0 0.08544921874999999
38 40 39 0.0 0.0 3250.0 0.0 10241.0 77.0 60097.0 0.09033423667570008
38 40 40 0.0 0.0 3149.0 1.0 11040.0 61.0 52889.0 0.08648915796626921
38 40 41 0.0 3.0 2159.0 7.0 12619.0 45.0 30714.0 0.08333333333333333
38 40 42 0.0 0.0 1873.0 0.0 12462.0 52.0 27673.0 0.08568455841850785
38 40 43 0.0 0.0 786.0 0.0 11902.0 25.0 6795.0 0.09529643999727723
38 40 44 0.0 0.0 82.0 0.0 1989.0 13.0 20.0 0.3449975357318876
38 40 45 0.0 0.0 130.0 0.0 3072.0 13.0 83.0 0.2696975534579079
38 40 46 0.0 0.0 4.0 0.0 43.0 2.0 0.0 0.6845965770171147
38 41 34 0.0 0.0 0.0 0.0 1.0 0.0 0.0 0.6996501749125437
38 41 35 0.0 0.0 0.0 0.0 67.0 0.0 0.0 0.6776379477250725
38 41 36 0.0 0.0 144.0 0.0 3646.0 13.0 114.0 0.24225644575186012
38 41 37 0.0 0.0 759.0 0.0 11709.0 24.0 5595.0 0.09684560044272274
38 41 38 0.0 0.0 1618.0 0.0 12864.0 43.0 21688.0 0.08495661144486923
38 41 39 0.0 0.0 2721.0 0.0 11035.0 72.0 48624.0 0.08886631966484702
38 41 40 0.0 0.0 2997.0 0.0 10909.0 78.0 52643.0 0.08810572687224669
38 41 41 0.0 0.0 2167.0 0.0 12296.0 49.0 33743.0 0.08501335924216662
38 41 42 0.0 0.0 1484.0 0.0 13323.0 55.0 16292.0 0.08341774414586187
38 41 43 0.0 0.0 528.0 0.0 9402.0 30.0 2091.0 0.11751867707546376
38 41 44 0.0 0.0 431.0 0.0 8594.0 26.0 1462.0 0.1271802325581395
38 41 45 0.0 0.0 33.0 0.0 585.0 6.0 0.0 0.5359877488514548
38 41 46 0.0 0.0 0.0 0.0 3.0 0.0 0.0 0.6989515726410384
38 42 34 0.0 0.0 2.0 0.0 21.0 0.0 0.0 0.6920415224913494
38 42 35 0.0 0.0 1.0 0.0 128.0 0.0 0.0 0.6578947368421051
38 42 36 0.0 0.0 373.0 0.0 8348.0 27.0 1672.0 0.13073116070594826
38 42 37 0.0 0.0 629.0 0.0 10942.0 28.0 4566.0 0.103260067856616
38 42 38 0.0 0.0 1403.0 0.0 12745.0 35.0 18807.0 0.08663902469212202
38 42 39 0.0 0.0 2083.0 0.0 11391.0 46.0 37211.0 0.09041591320072331
38 42 40 0.0 0.0 2068.0 0.0 12109.0 67.0 33367.0 0.08659615265664625
38 42 41 0.0 0.0 2231.0 0.0 11372.0 63.0 40039.0 0.08973208563004742
38 42 42 0.0 0.0 1181.0 0.0 13051.0 42.0 12677.0 0.08637176877043617
38 42 43 0.0 0.0 220.0 0.0 5821.0 14.0 536.0 0.17432449259120902
38 42 44 0.0 0.0 174.0 0.0 4017.0 17.0 163.0 0.22664723976040146
38 42 45 0.0 0.0 0.0 0.0 24.0 1.0 0.0 0.6920415224913494
38 42 46 0.0 0.0 0.0 0.0 5.0 0.0 0.0 0.6982543640897755
38 43 34 0.0 0.0 0.0 0.0 10.0 0.0 0.0 0.6965174129353233
38 43 35 0.0 0.0 0.0 0.0 44.0 0.0 0.0 0.684931506849315
38 43 36 0.0 0.0 171.0 0.0 3842.0 11.0 156.0 0.23306142833361077
38 43 37 0.0 0.0 499.0 0.0 9582.0 33.0 2349.0 0.11610549013103333
38 43 38 0.0 0.0 872.0 0.0 12105.0 29.0 7992.0 0.09347042328748831
38 43 39 0.0 0.0 927.0 0.0 12552.0 25.0 8331.0 0.09039839865693806
38 43 40 0.0 0.0 1201.0 0.0 12582.0 41.0 15264.0 0.08874239350912777
38 43 41 0.0 0.0 1011.0 0.0 12433.0 28.0 11926.0 0.09063248527222113
38 43 42 0.0 0.0 811.0 0.0 12011.0 24.0 6442.0 0.09435233859010647
38 43 43 0.0 0.0 272.0 0.0 5892.0 26.0 526.0 0.17190569744597248
38 43 44 0.0 0.0 7.0 0.0 124.0 1.0 0.0 0.6572769953051641
38 43 45 0.0 0.0 1.0 0.0 29.0 0.0 0.0 0.689655172413793
38 44 34 0.0 0.0 0.0 0.0 7.0 0.0 0.0 0.6975585450921773
38 44 35 0.0 0.0 0.0 0.0 9.0 0.0 0.0 0.6968641114982577
38 44 36 0.0 0.0 70.0 0.0 1257.0 8.0 4.0 0.4218137993371497
38 44 37 0.0 0.0 46.0 0.0 1153.0 9.0 8.0 0.43887147335423193
38 44 38 0.0 0.0 292.0 0.0 6550.0 17.0 668.0 0.15860428231562249
38 44 39 0.0 0.0 493.0 0.0 9416.0 26.0 1991.0 0.11771630370806355
38 44 40 0.0 0.0 596.0 0.0 10661.0 23.0 3512.0 0.10562848951259997
38 44 41 0.0 0.0 731.0 0.0 11495.0 20.0 5356.0 0.0984321169936019
38 44 42 0.0 0.0 178.0 0.0 4393.0 17.0 218.0 0.21344717182497328
38 44 43 0.0 0.0 140.0 0.0 3368.0 17.0 95.0 0.2549162418062636
38 44 44 0.0 0.0 1.0 0.0 42.0 1.0 0.0 0.6856023506366307
38 45 35 0.0 0.0 1.0 0.0 6.0 0.0 0.0 0.6975585450921773
38 45 37 0.0 0.0 0.0 0.0 8.0 0.0 0.0 0.697211155378486
38 45 38 0.0 0.0 57.0 0.0 1131.0 12.0 7.0 0.4406672961913755
38 45 39 0.0 0.0 255.0 0.0 5348.0 15.0 281.0 0.18447753327184077
38 45 40 0.0 0.0 476.0 0.0 8684.0 27.0 1435.0 0.12558306422676713
38 45 41 0.0 0.0 539.0 0.0 9797.0 25.0 2420.0 0.11367327054238388
38 45 42 0.0 0.0 170.0 0.0 3759.0 14.0 117.0 0.2366463826910074
38 45 43 0.0 0.0 12.0 0.0 458.0 2.0 0.0 0.5672609400324148
38 45 44 0.0 0.0 0.0 0.0 4.0 0.0 0.0 0.6986027944111775
38 46 38 0.0 0.0 0.0 0.0 10.0 0.0 0.0 0.6965174129353233
38 46 39 0.0 0.0 0.0 0.0 26.0 0.0 0.0 0.6910167818361302
38 46 40 0.0 0.0 13.0 0.0 387.0 2.0 2.0 0.5838198498748957
38 46 41 0.0 0.0 73.0 0.0 1444.0 12.0 10.0 0.399315459212778
38 46 42 0.0 0.0 1.0 0.0 35.0 0.0 0.0 0.6876227897838899
38 46 43 0.0 0.0 1.0 0.0 7.0 0.0 0.0 0.697211155378486
38 47 40 0.0 0.0 0.0 0.0 3.0 1.0 0.0 0.6993006993006992
38 47 42 0.0 0.0 0.0 0.0 1.0 0.0 0.0 0.6996501749125437
39 34 38 0.0 0.0 0.0 0.0 5.0 0.0 0.0 0.6982543640897755
39 34 39 0.0 0.0 0.0 0.0 13.0 0.0 0.0 0.695479384003974
39 34 40 0.0 0.0 19.0 0.0 315.0 8.0 0.0 0.6018916595012896
39 34 41 0.0 0.0 5.0 0.0 106.0 0.0 0.0 0.6638217164532954
39 34 42 0.0 0.0 0.0 0.0 13.0 1.0 0.0 0.6958250497017892
39 34 43 0.0 0.0 15.0 0.0 295.0 5.0 2.0 0.6073752711496745
39 34 44 0.0 0.0 0.0 0.0 2.0 0.0 0.0 0.6993006993006992
39 35 35 0.0 0.0 0.0 0.0 7.0 0.0 0.0 0.6975585450921773
39 35 36 0.0 0.0 0.0 0.0 29.0 0.0 0.0 0.6899950714637751
39 35 37 0.0 0.0 4.0 0.0 158.0 0.0 0.0 0.6475485661424606
39 35 38 0.0 0.0 18.0 0.0 448.0 3.0 1.0 0.5684125050751115
39 35 39 0.0 0.0 242.0 0.0 5713.0 25.0 419.0 0.1765002521432173
39 35 40 0.0 0.0 66.0 0.0 1762.0 12.0 24.0 0.3668763102725366
39 35 41 0.0 0.0 356.0 0.0 7278.0 22.0 826.0 0.1455150192287704
39 35 42 0.0 0.0 297.0 0.0 6058.0 23.0 479.0 0.16792611251049536
39 35 43 0.0 0.0 117.0 0.0 2867.0 11.0 69.0 0.28157683024939656
39 35 44 0.0 0.0 19.0 0.0 353.0 4.0 0.0 0.5912162162162161
39 35 45 0.0 0.0 0.0 0.0 5.0 0.0 0.0 0.6982543640897755
39 36 35 0.0 0.0 9.0 0.0 225.0 3.0 0.0 0.6275212909009411
39 36 36 0.0 0.0 236.0 0.0 5589.0 17.0 398.0 0.17918853193395617
39 36 37 0.0 0.0 381.0 0.0 7839.0 20.0 1066.0 0.13716077201920251
39 36 38 0.0 0.0 632.0 0.0 10945.0 24.0 3762.0 0.10314595152140278
39 36 39 0.0 0.0 335.0 0.0 6175.0 22.0 529.0 0.16491930733890917
39 36 40 0.0 0.0 540.0 0.0 9949.0 23.0 2635.0 0.11217049915872125
39 36 41 0.0 0.0 869.0 0.0 12114.0 40.0 6286.0 0.09353911939600454
39 36 42 0.0 0.0 476.0 0.0 9386.0 17.0 2118.0 0.11805379880259717
39 36 43 0.0 0.0 282.0 0.0 6129.0 10.0 533.0 0.16646848989298454
39 36 44 0.0 0.0 12.0 0.0 356.0 3.0 0.0 0.5919661733615221
39 36 45 0.0 0.0 1.0 0.0 51.0 0.0 0.0 0.6822612085769979
39 37 34 0.0 0.0 0.0 0.0 1.0 0.0 0.0 0.6996501749125437
39 37 35 0.0 0.0 95.0 0.0 1679.0 11.0 17.0 0.37204358224820616
39 37 36 0.0 0.0 193.0 0.0 5262.0 17.0 395.0 0.18814675446848542
39 37 37 0.0 0.0 1171.0 0.0 12940.0 46.0 12862.0 0.0869943453675511
39 37 38 0.0 0.0 942.0 0.0 12413.0 26.0 9913.0 0.09118145108766444
39 37 39 0.0 0.0 1089.0 0.0 12999.0 31.0 9354.0 0.08705384902375325
39 37 40 0.0 0.0 1456.0 0.0 12838.0 37.0 19727.0 0.08586323213738116
39 37 41 0.0 0.0 1979.0 0.0 12089.0 54.0 31667.0 0.08713512167797348
39 37 42 0.0 0.0 1556.0 0.0 12654.0 51.0 22107.0 0.086446434084594
39 37 43 0.0 0.0 711.0 0.0 11565.0 27.0 4474.0 0.09810791871058162
39 37 44 0.0 0.0 140.0 0.0 3611.0 18.0 131.0 0.24402998082621571
39 37 45 0.0 0.0 20.0 0.0 411.0 7.0 0.0 0.5775577557755774
39 37 46 0.0 0.0 0.0 0.0 13.0 0.0 0.0 0.6958250497017892
39 38 34 0.0 0.0 0.0 0.0 3.0 0.0 0.0 0.6989515726410384
39 38 35 0.0 0.0 155.0 0.0 3485.0 19.0 100.0 0.24902170046246883
39 38 36 0.0 0.0 479.0 0.0 9625.0 21.0 2392.0 0.11574074074074073
39 38 37 0.0 0.0 1380.0 0.0 12258.0 40.0 20973.0 0.08958280010238033
39 38 38 0.0 0.0 1679.0 0.0 13008.0 45.0 22833.0 0.08391776059461727
39 38 39 0.0 0.0 2256.0 0.0 12327.0 49.0 34079.0 0.08437292834327728
39 38 40 0.0 0.0 3148.0 0.0 10269.0 76.0 59155.0 0.09084420219323859
39 38 41 0.0 0.0 2924.0 0.0 11064.0 64.0 50798.0 0.08751640932674876
39 38 42 0.0 0.0 1663.0 0.0 12904.0 43.0 22033.0 0.08444927011702255
39 38 43 0.0 0.0 709.0 0.0 11632.0 18.0 5142.0 0.09765624999999999
39 38 44 0.0 0.0 956.0 0.0 12510.0 28.0 9502.0 0.09053870529651425
39 38 45 0.0 0.0 61.0 0.0 1758.0 11.0 23.0 0.36784025223331573
39 38 46 0.0 0.0 0.0 0.0 6.0 1.0 0.0 0.6982543640897755
39 39 34 0.0 0.0 0.0 0.0 14.0 0.0 0.0 0.6951340615690167
39 39 35 0.0 0.0 71.0 0.0 1855.0 13.0 23.0 0.3577817531305903
39 39 36 0.0 0.0 827.0 0.0 12080.0 26.0 6595.0 0.09392821200939282
39 39 37 0.0 0.0 1496.0 0.0 12769.0 42.0 20689.0 0.08602150537634408
39 39 38 0.0 0.0 2442.0 0.0 12216.0 63.0 37079.0 0.08405884118883218
39 39 39 1.0 0.0 3696.0 1.0 9821.0 73.0 67898.0 0.09018294254058232
39 39 40 0.0 1.0 4075.0 2.0 7478.0 89.0 94551.0 0.10336680448907264
39 39 41 0.0 0.0 3750.0 0.0 8760.0 67.0 78958.0 0.09642537364832288
39 39 42 0.0 0.0 1937.0 0.0 12858.0 50.0 27787.0 0.08340283569641367
39 39 43 0.0 0.0 1010.0 0.0 12675.0 33.0 10100.0 0.08928571428571427
39 39 44 0.0 0.0 392.0 0.0 7425.0 23.0 846.0 0.14282799428688023
39 39 45 0.0 0.0 4.0 0.0 246.0 4.0 0.0 0.6233303650934995
39 39 46 0.0 0.0 0.0 0.0 26.0 0.0 0.0 0.6910167818361302
39 40 34 0.0 0.0 6.0 0.0 101.0 1.0 0.0 0.664767331433998
39 40 35 0.0 0.0 93.0 0.0 2166.0 7.0 32.0 0.3293342742884027
39 40 36 0.0 0.0 482.0 0.0 9026.0 23.0 1768.0 0.12173913043478259
39 40 37 0.0 0.0 1079.0 0.0 12806.0 35.0 11166.0 0.0882445635045698
39 40 38 0.0 0.0 2759.0 0.0 11113.0 52.0 47132.0 0.0881445570736007
39 40 39 1.0 1.0 3959.0 1.0 6877.0 59.0 99522.0 0.10890704006223258
39 40 40 1.0 1.0 4205.0 0.0 8596.0 55.0 83306.0 0.09442233762730154
39 40 41 1.0 3.0 3384.0 9.0 10592.0 78.0 59139.0 0.08754924645112876
39 40 42 0.0 0.0 2226.0 0.0 12095.0 52.0 34680.0 0.08572653236176596
39 40 43 0.0 0.0 762.0 0.0 11441.0 31.0 4586.0 0.09871668311944719
39 40 44 0.0 0.0 555.0 0.0 10108.0 20.0 2709.0 0.11052340727875581
39 40 45 0.0 0.0 4.0 0.0 145.0 0.0 0.0 0.6517690875232773
39 40 46 0.0 0.0 0.0 0.0 1.0 0.0 0.0 0.6996501749125437
39 41 34 0.0 0.0 6.0 0.0 121.0 2.0 0.0 0.6588235294117646
39 41 35 0.0 0.0 287.0 0.0 5607.0 19.0 331.0 0.1777100787001777
39 41 36 0.0 0.0 525.0 0.0 9540.0 20.0 1854.0 0.11611511984739155
39 41 37 0.0 0.0 1081.0 0.0 12922.0 31.0 11632.0 0.08752188047011751
39 41 38 0.0 1.0 2367.0 3.0 12197.0 53.0 35948.0 0.08452064718666988
39 41 39 0.0 3.0 3773.0 7.0 9548.0 66.0 71936.0 0.09124087591240874
39 41 40 0.0 0.0 3948.0 1.0 8519.0 82.0 82435.0 0.09678534393363289
39 41 41 0.0 0.0 3510.0 0.0 9222.0 86.0 71603.0 0.09507640067911714
39 41 42 0.0 0.0 1875.0 0.0 12851.0 46.0 24987.0 0.08363701535336639
39 41 43 0.0 0.0 1302.0 0.0 12576.0 52.0 17418.0 0.08820564516129031
39 41 44 0.0 0.0 368.0 0.0 7454.0 25.0 845.0 0.1428134244618994
39 41 45 0.0 0.0 15.0 0.0 363.0 0.0 1.0 0.5887300252312867
39 41 46 0.0 0.0 0.0 0.0 5.0 0.0 0.0 0.6982543640897755
39 42 34 0.0 0.0 0.0 0.0 12.0 0.0 0.0 0.6958250497017892
39 42 35 0.0 0.0 219.0 0.0 4476.0 10.0 223.0 0.2092675635276532
39 42 36 0.0 0.0 433.0 0.0 8963.0 22.0 1734.0 0.12296881862099251
39 42 37 0.0 0.0 1050.0 0.0 12891.0 21.0 9926.0 0.0877577885037297
39 42 38 0.0 0.0 1829.0 0.0 12779.0 47.0 25786.0 0.08434751174840342
39 42 39 0.0 0.0 1985.0 0.0 12638.0 60.0 28721.0 0.08427642667950878
39 42 40 0.0 0.0 2711.0 0.0 11724.0 55.0 43886.0 0.08511155693355218
39 42 41 0.0 0.0 2051.0 0.0 12491.0 35.0 30563.0 0.0845359579735523
39 42 42 0.0 0.0 1082.0 0.0 12713.0 46.0 12533.0 0.08874239350912777
39 42 43 0.0 0.0 550.0 0.0 9988.0 34.0 2243.0 0.11179429849077696
39 42 44 0.0 0.0 309.0 0.0 6317.0 22.0 531.0 0.16260162601626016
39 42 45 0.0 0.0 152.0 0.0 3402.0 18.0 107.0 0.25289017341040454
39 42 46 0.0 0.0 1.0 0.0 3.0 0.0 0.0 0.6986027944111775
39 43 34 0.0 0.0 1.0 0.0 36.0 0.0 0.0 0.6872852233676975
39 43 35 0.0 0.0 444.0 0.0 8941.0 21.0 1738.0 0.12310939148786491
39 43 36 0.0 0.0 92.0 0.0 2344.0 14.0 46.0 0.3165988240615106
39 43 37 0.0 0.0 533.0 0.0 9885.0 16.0 2543.0 0.11282133935047141
39 43 38 0.0 0.0 784.0 0.0 11931.0 27.0 6615.0 0.0951927653498334
39 43 39 0.0 0.0 1282.0 0.0 12774.0 43.0 15597.0 0.08718938780594132
39 43 40 0.0 0.0 1754.0 0.0 12013.0 48.0 28744.0 0.08878741755454084
39 43 41 0.0 0.0 945.0 0.0 12543.0 39.0 8871.0 0.0905035878208029
39 43 42 0.0 0.0 1234.0 0.0 12883.0 21.0 14605.0 0.08673564215352207
39 43 43 0.0 0.0 282.0 0.0 6151.0 23.0 529.0 0.16644869813339674
39 43 44 0.0 0.0 88.0 0.0 1765.0 12.0 25.0 0.364488414475397
39 43 45 0.0 0.0 6.0 0.0 124.0 2.0 0.0 0.6578947368421051
39 43 46 0.0 0.0 0.0 0.0 2.0 0.0 0.0 0.6993006993006992
39 44 34 0.0 0.0 0.0 0.0 18.0 0.0 0.0 0.6937561942517343
39 44 35 0.0 0.0 1.0 0.0 16.0 0.0 0.0 0.694100148735746
39 44 36 0.0 0.0 52.0 0.0 1223.0 11.0 4.0 0.4289215686274509
39 44 37 0.0 0.0 175.0 0.0 3427.0 13.0 114.0 0.25040243248077265
39 44 38 0.0 0.0 282.0 0.0 5838.0 21.0 441.0 0.17277551524126863
39 44 39 0.0 0.0 901.0 0.0 12459.0 32.0 7765.0 0.091187390086628
39 44 40 0.0 0.0 881.0 0.0 12477.0 40.0 7622.0 0.09125871846685352
39 44 41 0.0 0.0 1089.0 0.0 12694.0 31.0 12481.0 0.08866371120962634
39 44 42 0.0 0.0 687.0 0.0 11364.0 23.0 5383.0 0.09966540898412471
39 44 43 0.0 0.0 263.0 0.0 5500.0 18.0 375.0 0.18073844564936742
39 44 44 0.0 0.0 10.0 0.0 307.0 1.0 0.0 0.6044905008635577
39 44 45 0.0 0.0 0.0 0.0 3.0 0.0 0.0 0.6989515726410384
39 44 46 0.0 0.0 0.0 0.0 1.0 0.0 0.0 0.6996501749125437
39 45 36 0.0 0.0 2.0 0.0 10.0 1.0 0.0 0.6961710591745399
39 45 37 0.0 0.0 0.0 0.0 17.0 0.0 0.0 0.6944444444444444
39 45 38 0.0 0.0 70.0 0.0 1546.0 13.0 12.0 0.3885650846516791
39 45 39 0.0 0.0 177.0 0.0 3965.0 16.0 145.0 0.22857142857142854
39 45 40 0.0 0.0 155.0 0.0 3800.0 11.0 147.0 0.23529411764705882
39 45 41 0.0 0.0 264.0 0.0 5828.0 18.0 505.0 0.17335314512134717
39 45 42 0.0 0.0 311.0 0.0 6694.0 24.0 706.0 0.155659328441183
39 45 43 0.0 0.0 5.0 0.0 163.0 1.0 0.0 0.646054453161052
39 45 44 0.0 0.0 6.0 0.0 137.0 2.0 0.0 0.6539000467071461
39 46 38 0.0 0.0 0.0 0.0 4.0 0.0 0.0 0.6986027944111775
39 46 39 0.0 0.0 0.0 0.0 15.0 0.0 0.0 0.694789081885856
39 46 40 0.0 0.0 14.0 0.0 298.0 8.0 0.0 0.6076388888888887
39 46 41 0.0 0.0 2.0 0.0 39.0 1.0 0.0 0.6862745098039215
39 46 42 0.0 0.0 1.0 0.0 56.0 1.0 0.0 0.6812652068126519
39 46 43 0.0 0.0 0.0 0.0 9.0 0.0 0.0 0.6968641114982577
40 34 36 0.0 0.0 0.0 0.0 1.0 0.0 0.0 0.6996501749125437
40 34 37 0.0 0.0 0.0 0.0 18.0 0.0 0.0 0.694100148735746
40 34 38 0.0 0.0 3.0 0.0 91.0 0.0 2.0 0.6685768863419292
40 34 39 0.0 0.0 1.0 0.0 38.0 0.0 0.0 0.6866110838646394
40 34 40 0.0 0.0 7.0 0.0 191.0 0.0 0.0 0.6369426751592355
40 34 41 0.0 0.0 0.0 0.0 20.0 0.0 0.0 0.6930693069306929
40 34 42 0.0 0.0 0.0 0.0 10.0 0.0 0.0 0.6965174129353233
40 34 44 0.0 0.0 0.0 0.0 1.0 0.0 0.0 0.6996501749125437
40 35 35 0.0 0.0 0.0 0.0 6.0 0.0 0.0 0.6979062811565303
40 35 36 0.0 0.0 3.0 0.0 72.0 2.0 0.0 0.6753497346840327
40 35 37 0.0 0.0 31.0 0.0 676.0 3.0 3.0 0.5177514792899407
40 35 38 0.0 0.0 126.0 0.0 2753.0 17.0 51.0 0.287828947368421
40 35 39 0.0 0.0 278.0 0.0 5923.0 17.0 425.0 0.17096104530467698
40 35 40 0.0 0.0 266.0 0.0 6201.0 16.0 593.0 0.16548463356973991
40 35 41 0.0 0.0 73.0 0.0 2239.0 12.0 43.0 0.3255813953488371
40 35 42 0.0 0.0 12.0 0.0 539.0 1.0 0.0 0.5490196078431372
40 35 43 0.0 0.0 4.0 0.0 163.0 2.0 0.0 0.6466512702078521
40 35 44 0.0 0.0 27.0 0.0 708.0 4.0 3.0 0.5126327352618087
40 35 45 0.0 0.0 0.0 0.0 5.0 0.0 0.0 0.6982543640897755
40 36 35 0.0 0.0 0.0 0.0 27.0 0.0 0.0 0.6906758756783422
40 36 36 0.0 0.0 83.0 0.0 1877.0 11.0 21.0 0.354520131678906
40 36 37 0.0 0.0 311.0 0.0 6707.0 20.0 687.0 0.15555555555555553
40 36 38 0.0 0.0 576.0 0.0 10413.0 20.0 3410.0 0.10777521170130869
40 36 39 0.0 0.0 732.0 0.0 11574.0 22.0 5679.0 0.09787472035794181
40 36 40 0.0 0.0 525.0 0.0 10113.0 24.0 3036.0 0.11085596642647874
40 36 41 0.0 0.0 743.0 0.0 11830.0 35.0 6727.0 0.096193486326783
40 36 42 0.0 0.0 598.0 0.0 10606.0 26.0 3498.0 0.10612492419648271
40 36 43 0.0 0.0 505.0 0.0 9412.0 21.0 2037.0 0.11758777087182931
40 36 44 0.0 0.0 255.0 0.0 5167.0 30.0 250.0 0.18939393939393936
40 36 45 0.0 0.0 26.0 0.0 400.0 6.0 0.0 0.5787515502273666
40 36 46 0.0 0.0 0.0 0.0 1.0 0.0 0.0 0.6996501749125437
40 37 34 0.0 0.0 0.0 0.0 4.0 0.0 0.0 0.6986027944111775
40 37 35 0.0 0.0 7.0 0.0 223.0 4.0 0.0 0.6289308176100628
40 37 36 0.0 0.0 521.0 0.0 9708.0 30.0 2254.0 0.11466950610205584
40 37 37 0.0 0.0 875.0 0.0 12231.0 25.0 5327.0 0.09273365569318406
40 37 38 0.0 0.0 1508.0 0.0 12805.0 37.0 21155.0 0.08580534444716842
40 37 39 0.0 0.0 1273.0 0.0 13141.0 40.0 13961.0 0.08528784648187633
40 37 40 0.0 0.0 1297.0 0.0 13136.0 34.0 14882.0 0.08518405841192576
40 37 41 0.0 0.0 1831.0 0.0 12408.0 49.0 27932.0 0.08620689655172413
40 37 42 0.0 0.0 1355.0 0.0 13224.0 50.0 15582.0 0.08448494357612696
40 37 43 0.0 0.0 982.0 0.0 12649.0 25.0 8333.0 0.08958853266781851
40 37 44 0.0 0.0 557.0 0.0 10133.0 30.0 3197.0 0.11044493531082358
40 37 45 0.0 0.0 82.0 0.0 1943.0 14.0 21.0 0.34895314057826515
40 37 46 0.0 0.0 0.0 0.0 5.0 0.0 0.0 0.6982543640897755
40 38 34 0.0 0.0 0.0 0.0 1.0 0.0 0.0 0.6996501749125437
40 38 35 0.0 0.0 104.0 0.0 2533.0 18.0 33.0 0.303030303030303
40 38 36 0.0 0.0 254.0 0.0 6155.0 21.0 586.0 0.166865315852205
40 38 37 0.0 0.0 819.0 0.0 12036.0 28.0 6485.0 0.09427609427609426
40 38 38 0.0 0.0 2558.0 0.0 10582.0 70.0 49973.0 0.09248860408271123
40 38 39 0.0 0.0 2247.0 0.0 13238.0 50.0 29733.0 0.08006863025450385
40 38 40 0.0 0.0 3014.0 0.0 11605.0 68.0 47845.0 0.08425613866153105
40 38 41 0.0 0.0 2942.0 0.0 11060.0 62.0 50639.0 0.0875109388673584
40 38 42 0.0 0.0 2878.0 0.0 10926.0 72.0 51542.0 0.08865248226950354
40 38 43 0.0 0.0 1357.0 0.0 12972.0 39.0 17071.0 0.08571603502112288
40 38 44 0.0 0.0 341.0 0.0 6944.0 14.0 704.0 0.15089458935115327
40 38 45 0.0 0.0 184.0 0.0 3911.0 20.0 132.0 0.23041474654377878
40 38 46 0.0 0.0 0.0 0.0 6.0 0.0 0.0 0.6982543640897755
40 39 34 0.0 0.0 0.0 0.0 14.0 0.0 0.0 0.6951340615690167
40 39 35 0.0 0.0 124.0 0.0 3232.0 18.0 82.0 0.26222138977336573
40 39 36 0.0 0.0 759.0 0.0 11825.0 34.0 5971.0 0.09606147934678193
40 39 37 0.0 0.0 1360.0 0.0 13218.0 43.0 15336.0 0.08446455505279034
40 39 38 0.0 0.0 2485.0 0.0 12218.0 61.0 37045.0 0.08377715277362216
40 39 39 0.0 0.0 3774.0 0.0 8560.0 55.0 80139.0 0.0974794596852806
40 39 40 0.0 0.0 4499.0 0.0 8331.0 89.0 89371.0 0.09441596978688965
40 39 41 1.0 0.0 4162.0 1.0 7903.0 82.0 92493.0 0.09951663349445548
40 39 42 0.0 0.0 2924.0 0.0 11302.0 63.0 48623.0 0.0862546978005052
40 39 43 0.0 0.0 1512.0 0.0 12911.0 44.0 19838.0 0.0852411105698977
40 39 44 0.0 0.0 268.0 0.0 6377.0 11.0 623.0 0.162037037037037
40 39 45 0.0 0.0 79.0 0.0 2078.0 12.0 32.0 0.33783783783783783
40 39 46 0.0 0.0 0.0 0.0 12.0 0.0 0.0 0.6958250497017892
40 40 34 0.0 0.0 0.0 0.0 29.0 0.0 0.0 0.6899950714637751
40 40 35 0.0 0.0 390.0 0.0 7647.0 33.0 930.0 0.13991605036977808
40 40 36 0.0 0.0 972.0 0.0 12557.0 32.0 9727.0 0.09018875217419313
40 40 37 0.0 0.0 1754.0 0.0 12040.0 59.0 28868.0 0.0887255212624374
40 40 38 0.0 0.0 2581.0 0.0 12055.0 60.0 41157.0 0.08415990381725277
40 40 39 1.0 0.0 4066.0 1.0 9890.0 95.0 71217.0 0.08782385044852893
40 40 40 5.0 6.0 3321.0 14.0 4081.0 51.0 134739.0 0.14849384811200675
40 40 41 0.0 2.0 4013.0 6.0 10010.0 78.0 68187.0 0.08723284939871642
40 40 42 0.0 0.0 2574.0 0.0 12344.0 56.0 37408.0 0.08271787296898078
40 40 43 0.0 0.0 1174.0 0.0 13237.0 29.0 11272.0 0.08527226215129735
40 40 44 0.0 0.0 433.0 0.0 8163.0 22.0 1153.0 0.13227513227513227
40 40 45 0.0 0.0 70.0 0.0 2028.0 8.0 36.0 0.34229828850855737
40 40 46 0.0 0.0 22.0 0.0 489.0 5.0 2.0 0.5586592178770949
40 41 34 0.0 0.0 0.0 0.0 19.0 0.0 0.0 0.6937561942517343
40 41 35 0.0 0.0 176.0 0.0 4151.0 23.0 178.0 0.2220459952418715
40 41 36 0.0 0.0 657.0 0.0 11125.0 31.0 4397.0 0.10170722847802396
40 41 37 0.0 0.0 1668.0 0.0 12420.0 48.0 24673.0 0.08699975142928162
40 41 38 0.0 0.0 2973.0 0.0 11106.0 80.0 50685.0 0.08712969878018421
40 41 39 0.0 0.0 3631.0 0.0 10120.0 76.0 66120.0 0.08880431335236282
40 41 40 1.0 8.0 4000.0 13.0 9205.0 80.0 76569.0 0.09190573097879602
40 41 41 0.0 0.0 3587.0 0.0 8850.0 56.0 76531.0 0.09687910871219983
40 41 42 0.0 0.0 2095.0 3.0 12977.0 48.0 28403.0 0.08196721311475409
40 41 43 0.0 0.0 1327.0 0.0 12736.0 49.0 16962.0 0.08721111318756618
40 41 44 0.0 0.0 210.0 0.0 4622.0 22.0 204.0 0.2055498458376156
40 41 45 0.0 0.0 41.0 0.0 659.0 5.0 2.0 0.5194805194805194
40 41 46 0.0 0.0 0.0 0.0 3.0 0.0 0.0 0.6989515726410384
40 42 34 0.0 0.0 0.0 0.0 33.0 0.0 0.0 0.6886374815543531
40 42 35 0.0 0.0 131.0 0.0 2924.0 18.0 67.0 0.27799841143764886
40 42 36 0.0 0.0 1159.0 0.0 13077.0 37.0 12146.0 0.08627595982005298
40 42 37 0.0 0.0 1014.0 0.0 12620.0 31.0 11434.0 0.08954269267668691
40 42 38 0.0 0.0 1763.0 0.0 13072.0 50.0 22850.0 0.0832045643646737
40 42 39 0.0 0.0 2869.0 1.0 10321.0 61.0 55442.0 0.0920568122041031
40 42 40 0.0 0.0 2350.0 2.0 12924.0 61.0 32513.0 0.08098102730217491
40 42 41 0.0 0.0 2783.0 0.0 11029.0 55.0 48193.0 0.08855154965211891
40 42 42 0.0 0.0 1393.0 0.0 13224.0 36.0 15870.0 0.08425106818318588
40 42 43 0.0 0.0 698.0 0.0 11368.0 25.0 4833.0 0.09955909543450432
40 42 44 0.0 0.0 544.0 0.0 10477.0 21.0 3940.0 0.10760126047190838
40 42 45 0.0 0.0 69.0 0.0 1824.0 13.0 29.0 0.3606388459556929
40 42 46 0.0 0.0 0.0 0.0 1.0 0.0 0.0 0.6996501749125437
40 43 34 0.0 0.0 0.0 0.0 35.0 0.0 0.0 0.6879606879606879
40 43 35 0.0 0.0 107.0 0.0 2496.0 15.0 39.0 0.3052103771528232
40 43 36 0.0 0.0 347.0 0.0 7279.0 28.0 838.0 0.14580295771714225
40 43 37 0.0 0.0 619.0 0.0 10854.0 24.0 4287.0 0.10395782282616765
40 43 38 0.0 0.0 601.0 0.0 10480.0 33.0 3213.0 0.1072386058981233
40 43 39 0.0 0.0 1335.0 0.0 12887.0 40.0 17059.0 0.08628127696289904
40 43 40 0.0 0.0 1638.0 0.0 12502.0 48.0 24795.0 0.08676789587852494
40 43 41 0.0 0.0 1289.0 0.0 13105.0 35.0 14113.0 0.08537105921092748
40 43 42 0.0 0.0 821.0 0.0 11988.0 36.0 6628.0 0.09456903539583895
40 43 43 0.0 0.0 599.0 0.0 9974.0 29.0 2515.0 0.11150935882118676
40 43 44 0.0 0.0 69.0 0.0 1623.0 11.0 4.0 0.38033143167617495
40 43 45 0.0 0.0 140.0 0.0 3404.0 22.0 112.0 0.25339366515837103
40 43 46 0.0 0.0 0.0 0.0 4.0 0.0 0.0 0.6986027944111775
40 44 34 0.0 0.0 7.0 0.0 74.0 2.0 0.0 0.6734006734006733
40 44 35 0.0 0.0 0.0 0.0 33.0 1.0 0.0 0.6889763779527558
40 44 36 0.0 0.0 13.0 0.0 428.0 3.0 3.0 0.5742411812961443
40 44 37 0.0 0.0 39.0 0.0 900.0 7.0 3.0 0.4774897680763983
40 44 38 0.0 0.0 299.0 0.0 6368.0 26.0 587.0 0.16188714153561515
40 44 39 0.0 0.0 677.0 0.0 11437.0 27.0 5832.0 0.09930486593843098
40 44 40 0.0 0.0 747.0 0.0 11609.0 26.0 5293.0 0.09756777475782283
40 44 41 0.0 0.0 384.0 0.0 8081.0 26.0 1248.0 0.1340225923798583
40 44 42 0.0 0.0 487.0 0.0 9607.0 25.0 2455.0 0.11588444665176723
40 44 43 0.0 0.0 199.0 0.0 5093.0 21.0 335.0 0.19257221458046764
40 44 44 0.0 0.0 0.0 0.0 33.0 0.0 0.0 0.6886374815543531
40 44 45 0.0 0.0 0.0 0.0 4.0 0.0 0.0 0.6986027944111775
40 44 46 0.0 0.0 0.0 0.0 3.0 0.0 0.0 0.6989515726410384
40 45 35 0.0 0.0 0.0 0.0 2.0 0.0 0.0 0.6993006993006992
40 45 36 0.0 0.0 1.0 0.0 3.0 0.0 0.0 0.6986027944111775
40 45 37 0.0 0.0 5.0 0.0 161.0 3.0 0.0 0.6472491909385112
40 45 38 0.0 0.0 143.0 0.0 2911.0 20.0 47.0 0.2780536246276067
40 45 39 0.0 0.0 127.0 0.0 2962.0 14.0 75.0 0.2758077226162332
40 45 40 0.0 0.0 183.0 0.0 3988.0 20.0 145.0 0.22760526743618922
40 45 41 0.0 0.0 72.0 0.0 1964.0 14.0 25.0 0.34808552958726996
40 45 42 0.0 0.0 43.0 0.0 821.0 8.0 4.0 0.4903677758318738
40 45 43 0.0 0.0 35.0 0.0 727.0 11.0 4.0 0.5089058524173027
40 45 44 0.0 0.0 0.0 0.0 19.0 0.0 0.0 0.6934125804853887
40 46 36 0.0 0.0 0.0 0.0 2.0 0.0 0.0 0.6993006993006992
40 46 37 0.0 0.0 0.0 0.0 2.0 0.0 0.0 0.6993006993006992
40 46 38 0.0 0.0 0.0 0.0 4.0 0.0 0.0 0.6986027944111775
40 46 39 0.0 0.0 0.0 0.0 9.0 0.0 0.0 0.6968641114982577
40 46 40 0.0 0.0 0.0 0.0 13.0 0.0 0.0 0.695479384003974
40 46 41 0.0 0.0 25.0 0.0 383.0 6.0 1.0 0.5828476269775186
40 46 42 0.0 0.0 0.0 0.0 14.0 0.0 0.0 0.6951340615690167
40 46 43 0.0 0.0 0.0 0.0 11.0 0.0 0.0 0.6961710591745399
41 34 37 0.0 0.0 80.0 0.0 1332.0 10.0 6.0 0.41140170437848944
41 34 38 0.0 0.0 2.0 0.0 37.0 0.0 0.0 0.6866110838646394
41 34 39 0.0 0.0 0.0 0.0 28.0 0.0 0.0 0.6906758756783422
41 34 40 0.0 0.0 6.0 0.0 171.0 1.0 0.0 0.6433823529411764
41 34 41 0.0 0.0 0.0 0.0 12.0 0.0 0.0 0.6958250497017892
41 34 42 0.0 0.0 0.0 0.0 7.0 0.0 0.0 0.6975585450921773
41 34 43 0.0 0.0 0.0 0.0 1.0 0.0 0.0 0.6996501749125437
41 35 36 0.0 0.0 0.0 0.0 4.0 0.0 0.0 0.6986027944111775
41 35 37 0.0 0.0 42.0 0.0 1142.0 8.0 6.0 0.44080604534005036
41 35 38 0.0 0.0 471.0 0.0 8990.0 28.0 1897.0 0.12229210342417889
41 35 39 0.0 0.0 281.0 0.0 6141.0 13.0 489.0 0.16644869813339674
41 35 40 0.0 0.0 231.0 0.0 5581.0 23.0 404.0 0.1796714579055441
41 35 41 0.0 0.0 191.0 0.0 3880.0 27.0 124.0 0.23163467902051618
41 35 42 0.0 0.0 98.0 0.0 2233.0 17.0 24.0 0.3244495944380069
41 35 43 0.0 0.0 10.0 0.0 336.0 1.0 0.0 0.5970149253731343
41 35 44 0.0 0.0 5.0 0.0 89.0 0.0 0.0 0.6685768863419292
41 35 45 0.0 0.0 0.0 0.0 4.0 0.0 0.0 0.6986027944111775
41 36 35 0.0 0.0 4.0 0.0 103.0 2.0 0.0 0.6650831353919239
41 36 36 0.0 0.0 133.0 0.0 2792.0 11.0 59.0 0.2848423194303153
41 36 37 0.0 0.0 151.0 0.0 3384.0 19.0 108.0 0.25385312783318215
41 36 38 0.0 0.0 442.0 0.0 8508.0 24.0 1490.0 0.12798244812140047
41 36 39 0.0 0.0 1202.0 0.0 12687.0 36.0 15387.0 0.08815010703941568
41 36 40 0.0 0.0 710.0 0.0 11437.0 28.0 5127.0 0.099009900990099
41 36 41 0.0 0.0 597.0 0.0 10072.0 29.0 2411.0 0.11068943706514864
41 36 42 0.0 0.0 377.0 0.0 7893.0 28.0 1042.0 0.13659869255537122
41 36 43 0.0 0.0 442.0 0.0 9306.0 28.0 2283.0 0.1192910702113156
41 36 44 0.0 0.0 106.0 0.0 2875.0 16.0 80.0 0.28191703584373734
41 36 45 0.0 0.0 2.0 0.0 87.0 0.0 0.0 0.6701771182383915
41 36 46 0.0 0.0 0.0 0.0 2.0 0.0 0.0 0.6993006993006992
41 37 34 0.0 0.0 0.0 0.0 2.0 0.0 0.0 0.6993006993006992
41 37 35 0.0 0.0 1.0 0.0 85.0 1.0 0.0 0.6714628297362109
41 37 36 0.0 0.0 199.0 0.0 4385.0 22.0 209.0 0.21331708060338253
41 37 37 0.0 0.0 709.0 0.0 11443.0 29.0 4735.0 0.09904492394764768
41 37 38 0.0 0.0 726.0 0.0 11357.0 30.0 5259.0 0.09953785993601136
41 37 39 1.0 0.0 1578.0 0.0 12678.0 52.0 23128.0 0.08610615659019619
41 37 40 0.0 0.0 1458.0 0.0 13251.0 39.0 17594.0 0.0837871805613741
41 37 41 0.0 0.0 1462.0 0.0 12760.0 43.0 19309.0 0.08627064333251169
41 37 42 0.0 0.0 1608.0 0.0 12741.0 47.0 22102.0 0.08566358685675823
41 37 43 0.0 0.0 1324.0 0.0 13134.0 50.0 14835.0 0.08517369349638011
41 37 44 0.0 0.0 296.0 0.0 5997.0 18.0 467.0 0.16916384726921213
41 37 45 0.0 0.0 170.0 0.0 3527.0 21.0 83.0 0.2466525722339675
41 37 46 0.0 0.0 0.0 0.0 10.0 0.0 0.0 0.6965174129353233
41 38 34 0.0 0.0 0.0 0.0 16.0 0.0 0.0 0.6944444444444444
41 38 35 0.0 0.0 222.0 0.0 4733.0 20.0 240.0 0.20181634712411703
41 38 36 0.0 0.0 236.0 0.0 5867.0 17.0 515.0 0.17307454567931757
41 38 37 0.0 0.0 1170.0 0.0 12878.0 37.0 12925.0 0.08726547403852146
41 38 38 0.0 0.0 1633.0 0.0 12966.0 38.0 21839.0 0.08430180044559522
41 38 39 0.0 0.0 2429.0 0.0 11700.0 60.0 40415.0 0.08677327383165984
41 38 40 0.0 0.0 3259.0 0.0 10741.0 75.0 55355.0 0.08751640932674876
41 38 41 0.0 0.0 3074.0 0.0 10989.0 68.0 52904.0 0.08710259441299073
41 38 42 0.0 0.0 2864.0 0.0 10306.0 68.0 54658.0 0.09226916232781913
41 38 43 0.0 0.0 1490.0 0.0 12925.0 40.0 19557.0 0.08530343650987082
41 38 44 0.0 0.0 626.0 0.0 11024.0 24.0 5071.0 0.10260920551158016
41 38 45 0.0 0.0 174.0 0.0 3821.0 23.0 131.0 0.23430962343096232
41 38 46 0.0 0.0 17.0 0.0 244.0 6.0 0.0 0.6208425720620842
41 39 34 0.0 0.0 0.0 0.0 23.0 0.0 0.0 0.6920415224913494
41 39 35 0.0 0.0 44.0 0.0 1192.0 9.0 10.0 0.4338394793926247
41 39 36 0.0 0.0 918.0 0.0 12417.0 23.0 7331.0 0.09124087591240874
41 39 37 0.0 0.0 944.0 0.0 12576.0 40.0 8147.0 0.09030510223827645
41 39 38 0.0 0.0 2304.0 0.0 12064.0 51.0 35669.0 0.08549096238397655
41 39 39 0.0 3.0 3483.0 4.0 10223.0 61.0 63344.0 0.08905852417302798
41 39 40 1.0 0.0 4254.0 0.0 7300.0 64.0 99020.0 0.10316875460574797
41 39 41 0.0 1.0 3820.0 0.0 5842.0 65.0 111315.0 0.11998628728145352
41 39 42 0.0 0.0 3221.0 0.0 10799.0 72.0 55937.0 0.08743988507900817
41 39 43 0.0 0.0 1471.0 0.0 12898.0 37.0 18878.0 0.08547008547008546
41 39 44 0.0 0.0 708.0 0.0 11403.0 28.0 5043.0 0.09930486593843098
41 39 45 0.0 0.0 23.0 0.0 682.0 5.0 6.0 0.5187106335679881
41 39 46 0.0 0.0 0.0 0.0 4.0 0.0 0.0 0.6986027944111775
41 39 47 0.0 0.0 0.0 0.0 1.0 0.0 0.0 0.6996501749125437
41 40 34 0.0 0.0 0.0 0.0 37.0 0.0 0.0 0.6872852233676975
41 40 35 0.0 0.0 258.0 0.0 5786.0 20.0 358.0 0.17443309244953897
41 40 36 0.0 0.0 1005.0 0.0 12409.0 29.0 12384.0 0.09079118028534369
41 40 37 0.0 0.0 1274.0 0.0 12968.0 43.0 14392.0 0.08621220518504832
41 40 38 0.0 0.0 2597.0 0.0 11323.0 61.0 45369.0 0.0878679470281805
41 40 39 0.0 0.0 3873.0 0.0 8049.0 66.0 86209.0 0.10048087274815186
41 40 40 0.0 1.0 3829.0 4.0 11205.0 79.0 58906.0 0.08219338930311747
41 40 41 0.0 0.0 4003.0 0.0 8834.0 70.0 79893.0 0.09428879310344826
41 40 42 0.0 0.0 3261.0 0.0 9711.0 79.0 64187.0 0.09354536950420954
41 40 43 0.0 0.0 1846.0 0.0 12096.0 45.0 29678.0 0.08771929824561402
41 40 44 0.0 0.0 987.0 0.0 12484.0 37.0 9613.0 0.09061488673139158
41 40 45 0.0 0.0 132.0 0.0 3122.0 20.0 77.0 0.2675329638830498
41 40 46 0.0 0.0 1.0 0.0 5.0 1.0 0.0 0.6982543640897755
41 41 34 0.0 0.0 0.0 0.0 26.0 0.0 0.0 0.6910167818361302
41 41 35 0.0 0.0 173.0 0.0 4485.0 14.0 222.0 0.21068472535741153
41 41 36 0.0 0.0 514.0 0.0 9842.0 26.0 2477.0 0.11340623734305386
41 41 37 0.0 0.0 1611.0 0.0 12678.0 47.0 23538.0 0.08598452278589852
41 41 38 0.0 0.0 2195.0 0.0 12289.0 47.0 34721.0 0.08482278097546196
41 41 39 0.0 0.0 3592.0 0.0 9381.0 66.0 70457.0 0.09350163627863486
41 41 40 0.0 1.0 3801.0 1.0 7698.0 79.0 91003.0 0.10394238622020936
41 41 41 0.0 4.0 3195.0 11.0 11397.0 71.0 51841.0 0.08431195423065341
41 41 42 0.0 0.0 1927.0 0.0 12895.0 48.0 25669.0 0.08325404376784014
41 41 43 0.0 0.0 1274.0 0.0 12893.0 35.0 15012.0 0.08660150934059135
41 41 44 0.0 0.0 552.0 0.0 10344.0 25.0 3607.0 0.10867034075913994
41 41 45 0.0 0.0 150.0 0.0 3401.0 16.0 83.0 0.25293586269196017
41 41 46 0.0 0.0 6.0 0.0 100.0 3.0 0.0 0.6657156443176413
41 42 34 0.0 0.0 0.0 0.0 11.0 0.0 0.0 0.6961710591745399
41 42 35 0.0 0.0 103.0 0.0 2480.0 10.0 43.0 0.30614476273780883
41 42 36 0.0 0.0 806.0 0.0 11867.0 32.0 7429.0 0.09544586855740386
41 42 37 0.0 0.0 1173.0 0.0 13138.0 34.0 11827.0 0.08584743684081432
41 42 38 0.0 0.0 1313.0 0.0 13175.0 40.0 14726.0 0.0849463018020751
41 42 39 0.0 0.0 1805.0 0.0 13079.0 58.0 23688.0 0.08294821661334281
41 42 40 0.0 0.0 2147.0 1.0 12463.0 55.0 31953.0 0.08428657435279951
41 42 41 0.0 0.0 2071.0 1.0 12304.0 59.0 31701.0 0.08549096238397655
41 42 42 0.0 0.0 1112.0 0.0 12974.0 31.0 11888.0 0.08701056556867619
41 42 43 0.0 0.0 660.0 0.0 11190.0 22.0 4890.0 0.10119262739428984
41 42 44 0.0 0.0 345.0 0.0 7372.0 19.0 844.0 0.14431501907019895
41 42 45 0.0 0.0 111.0 0.0 2832.0 10.0 85.0 0.2838029596594364
41 42 46 0.0 0.0 0.0 0.0 5.0 0.0 0.0 0.6982543640897755
41 43 34 0.0 0.0 0.0 0.0 2.0 0.0 0.0 0.6993006993006992
41 43 35 0.0 0.0 206.0 0.0 4404.0 25.0 206.0 0.21250758955676985
41 43 36 0.0 0.0 84.0 0.0 2369.0 22.0 58.0 0.31588447653429597
41 43 37 0.0 0.0 576.0 0.0 10246.0 25.0 2630.0 0.10932375449008276
41 43 38 0.0 0.0 628.0 0.0 10990.0 26.0 4300.0 0.10285798251414296
41 43 39 0.0 0.0 1192.0 0.0 12653.0 26.0 15336.0 0.08833922261484098
41 43 40 0.0 0.0 931.0 0.0 12629.0 36.0 8006.0 0.09003794456235127
41 43 41 0.0 0.0 1105.0 0.0 12913.0 35.0 11054.0 0.08747266479225241
41 43 42 0.0 0.0 1200.0 0.0 12895.0 26.0 14123.0 0.0868917576961271
41 43 43 0.0 0.0 367.0 0.0 7544.0 20.0 992.0 0.1413998586001414
41 43 44 0.0 0.0 24.0 0.0 508.0 5.0 1.0 0.5540166204986148
41 43 45 0.0 0.0 0.0 0.0 40.0 0.0 0.0 0.6862745098039215
41 43 46 0.0 0.0 0.0 0.0 5.0 0.0 0.0 0.6982543640897755
41 44 34 0.0 0.0 0.0 0.0 1.0 0.0 0.0 0.6996501749125437
41 44 35 0.0 0.0 117.0 0.0 2490.0 16.0 42.0 0.3049444565454149
41 44 36 0.0 0.0 148.0 0.0 3529.0 22.0 105.0 0.24756852343059238
41 44 37 0.0 0.0 115.0 0.0 2237.0 15.0 19.0 0.3228782287822878
41 44 38 0.0 0.0 705.0 0.0 11432.0 26.0 4929.0 0.09910802775024775
41 44 39 0.0 0.0 394.0 0.0 8456.0 22.0 1604.0 0.1292108906322104
41 44 40 0.0 0.0 312.0 0.0 6527.0 23.0 575.0 0.1587301587301587
41 44 41 0.0 0.0 635.0 0.0 10931.0 27.0 4106.0 0.10330578512396693
41 44 42 0.0 0.0 96.0 0.0 2516.0 11.0 52.0 0.3042816778961095
41 44 43 0.0 0.0 90.0 0.0 2374.0 13.0 41.0 0.3144654088050314
41 44 44 0.0 0.0 2.0 0.0 56.0 0.0 0.0 0.6802721088435373
41 44 45 0.0 0.0 0.0 0.0 3.0 0.0 0.0 0.6989515726410384
41 44 46 0.0 0.0 0.0 0.0 1.0 0.0 0.0 0.6996501749125437
41 45 35 0.0 0.0 30.0 0.0 1017.0 7.0 6.0 0.46052631578947356
41 45 36 0.0 0.0 0.0 0.0 1.0 0.0 0.0 0.6996501749125437
41 45 37 0.0 0.0 169.0 0.0 3525.0 9.0 84.0 0.2462620932277924
41 45 38 0.0 0.0 54.0 0.0 1148.0 6.0 7.0 0.43818466353677615
41 45 39 0.0 0.0 74.0 0.0 1875.0 11.0 23.0 0.3555104113763331
41 45 40 0.0 0.0 178.0 0.0 3879.0 18.0 159.0 0.23182646133465798
41 45 41 0.0 0.0 75.0 0.0 1680.0 11.0 21.0 0.3740315255142933
41 45 42 0.0 0.0 2.0 0.0 110.0 0.0 0.0 0.6628787878787878
41 45 43 0.0 0.0 16.0 0.0 333.0 5.0 1.0 0.5972696245733787
41 45 44 0.0 0.0 0.0 0.0 2.0 0.0 0.0 0.6993006993006992
41 46 36 0.0 0.0 0.0 0.0 2.0 0.0 0.0 0.6993006993006992
41 46 37 0.0 0.0 0.0 0.0 6.0 0.0 0.0 0.6979062811565303
41 46 38 0.0 0.0 0.0 0.0 7.0 0.0 0.0 0.6975585450921773
41 46 39 0.0 0.0 4.0 0.0 75.0 1.0 0.0 0.6737247353224253
41 46 40 0.0 0.0 0.0 0.0 5.0 1.0 0.0 0.6986027944111775
41 46 41 0.0 0.0 3.0 0.0 77.0 2.0 0.0 0.6737247353224253
41 46 43 0.0 0.0 0.0 0.0 1.0 0.0 0.0 0.6996501749125437
42 34 37 0.0 0.0 0.0 0.0 11.0 0.0 0.0 0.6961710591745399
42 34 38 0.0 0.0 0.0 0.0 31.0 0.0 0.0 0.6893156080748399
42 34 39 0.0 0.0 0.0 0.0 30.0 0.0 0.0 0.689655172413793
42 34 40 0.0 0.0 0.0 0.0 29.0 0.0 0.0 0.6899950714637751
42 34 41 0.0 0.0 3.0 0.0 32.0 1.0 0.0 0.6882989183874139
42 34 42 0.0 0.0 0.0 0.0 1.0 0.0 0.0 0.6996501749125437
42 35 35 0.0 0.0 0.0 0.0 1.0 0.0 0.0 0.6996501749125437
42 35 36 0.0 0.0 0.0 0.0 2.0 0.0 0.0 0.6993006993006992
42 35 37 0.0 0.0 13.0 0.0 211.0 3.0 0.0 0.6303466906798738
42 35 38 0.0 0.0 191.0 0.0 3586.0 23.0 104.0 0.2430555555555555
42 35 39 0.0 0.0 308.0 0.0 5878.0 14.0 398.0 0.17121193591781822
42 35 40 0.0 0.0 83.0 0.0 1777.0 19.0 18.0 0.3645833333333333
42 35 41 0.0 0.0 144.0 0.0 3666.0 16.0 142.0 0.24154589371980673
42 35 42 0.0 0.0 14.0 0.0 374.0 6.0 1.0 0.5877413937867337
42 35 43 0.0 0.0 79.0 0.0 1598.0 5.0 11.0 0.3813674748025061
42 35 44 0.0 0.0 5.0 0.0 118.0 2.0 0.0 0.66006600660066
42 35 45 0.0 0.0 0.0 0.0 7.0 0.0 0.0 0.6975585450921773
42 36 35 0.0 0.0 0.0 0.0 6.0 0.0 0.0 0.6979062811565303
42 36 36 0.0 0.0 121.0 0.0 3331.0 15.0 112.0 0.25735294117647056
42 36 37 0.0 0.0 30.0 0.0 708.0 6.0 3.0 0.5124450951683748
42 36 38 0.0 0.0 336.0 0.0 7463.0 21.0 922.0 0.1431053868956353
42 36 39 0.0 0.0 933.0 0.0 12286.0 26.0 9572.0 0.0919963201471941
42 36 40 0.0 0.0 569.0 0.0 10055.0 24.0 2571.0 0.11103180268062494
42 36 41 0.0 0.0 814.0 0.0 12070.0 22.0 6774.0 0.09403546480386887
42 36 42 0.0 0.0 505.0 0.0 9687.0 28.0 2381.0 0.11498028909329829
42 36 43 0.0 0.0 543.0 0.0 9915.0 25.0 2522.0 0.1124859392575928
42 36 44 0.0 0.0 32.0 0.0 1147.0 5.0 8.0 0.44136191677175274
42 36 45 0.0 0.0 1.0 0.0 55.0 0.0 0.0 0.6809338521400777
42 36 46 0.0 0.0 0.0 0.0 5.0 0.0 0.0 0.6982543640897755
42 37 34 0.0 0.0 28.0 0.0 779.0 6.0 4.0 0.49982149232416984
42 37 35 0.0 0.0 68.0 0.0 1806.0 8.0 21.0 0.3621314019658561
42 37 36 0.0 0.0 29.0 0.0 731.0 3.0 2.0 0.5077983315197678
42 37 37 0.0 0.0 260.0 0.0 5708.0 24.0 440.0 0.17616710708443437
42 37 38 0.0 0.0 678.0 0.0 11207.0 35.0 4501.0 0.10096639261502956
42 37 39 0.0 0.0 1447.0 0.0 13003.0 45.0 18269.0 0.08513225904530251
42 37 40 0.0 0.0 2035.0 0.0 11870.0 54.0 33355.0 0.08800603469952224
42 37 41 0.0 0.0 1896.0 0.0 12499.0 59.0 27351.0 0.08539188777066178
42 37 42 0.0 0.0 1032.0 0.0 12928.0 37.0 10338.0 0.08777979810646434
42 37 43 0.0 0.0 1202.0 0.0 12284.0 39.0 16199.0 0.09041591320072331
42 37 44 0.0 0.0 563.0 0.0 10068.0 34.0 2678.0 0.11104060913705584
42 37 45 0.0 0.0 310.0 0.0 6568.0 23.0 642.0 0.15808491418247514
42 37 46 0.0 0.0 0.0 0.0 11.0 0.0 0.0 0.6961710591745399
42 38 34 0.0 0.0 9.0 0.0 149.0 2.0 1.0 0.6493506493506492
42 38 35 0.0 0.0 79.0 0.0 1826.0 9.0 13.0 0.3592507056710289
42 38 36 0.0 0.0 471.0 0.0 9297.0 22.0 2044.0 0.11910838863365661
42 38 37 0.0 0.0 357.0 0.0 7407.0 15.0 919.0 0.1435161455663762
42 38 38 0.0 0.0 1295.0 0.0 12728.0 46.0 16332.0 0.08741258741258741
42 38 39 0.0 0.0 1834.0 0.0 12476.0 56.0 27357.0 0.0859106529209622
42 38 40 0.0 0.0 2855.0 0.0 10184.0 63.0 56495.0 0.09304798617572776
42 38 41 0.0 0.0 3163.0 0.0 9907.0 64.0 61490.0 0.09282588516111921
42 38 42 0.0 0.0 1739.0 0.0 12922.0 45.0 24953.0 0.08398824164616953
42 38 43 0.0 0.0 856.0 0.0 12157.0 36.0 7653.0 0.09340805978115825
42 38 44 0.0 0.0 496.0 0.0 9551.0 17.0 2276.0 0.11626941283946515
42 38 45 0.0 0.0 137.0 0.0 2712.0 17.0 40.0 0.2897350993377483
42 38 46 0.0 0.0 0.0 0.0 5.0 0.0 0.0 0.6982543640897755
42 39 34 0.0 0.0 0.0 0.0 8.0 0.0 0.0 0.697211155378486
42 39 35 0.0 0.0 198.0 0.0 5035.0 15.0 317.0 0.19390581717451522
42 39 36 0.0 0.0 424.0 0.0 8850.0 30.0 1736.0 0.1243781094527363
42 39 37 0.0 0.0 1163.0 0.0 12871.0 29.0 12332.0 0.08723828514456629
42 39 38 0.0 0.0 1449.0 0.0 13070.0 49.0 18331.0 0.08488449645304068
42 39 39 0.0 0.0 2519.0 0.0 12092.0 61.0 39677.0 0.08424599831508003
42 39 40 0.0 0.0 3300.0 0.0 10476.0 68.0 59094.0 0.08875364523900088
42 39 41 0.0 0.0 3121.0 0.0 11228.0 55.0 51526.0 0.08560073372057474
42 39 42 0.0 0.0 3044.0 0.0 10062.0 80.0 59972.0 0.09273979862215155
42 39 43 0.0 0.0 1089.0 0.0 13007.0 38.0 11224.0 0.08701597364659083
42 39 44 0.0 0.0 632.0 0.0 10911.0 22.0 3953.0 0.10340497821109386
42 39 45 0.0 0.0 65.0 0.0 1470.0 13.0 13.0 0.39750141964792723
42 39 46 0.0 0.0 0.0 0.0 2.0 0.0 0.0 0.6993006993006992
42 40 34 0.0 0.0 4.0 0.0 65.0 0.0 0.0 0.6766553890768486
42 40 35 0.0 0.0 273.0 0.0 5637.0 21.0 366.0 0.17739483020780533
42 40 36 0.0 0.0 288.0 0.0 6902.0 27.0 914.0 0.1527883880825057
42 40 37 0.0 0.0 1015.0 0.0 12930.0 32.0 9166.0 0.0878679470281805
42 40 38 0.0 0.0 2162.0 0.0 11266.0 51.0 39709.0 0.09073822023462311
42 40 39 0.0 0.0 2511.0 0.0 11999.0 50.0 40161.0 0.08475602373168664
42 40 40 1.0 0.0 2922.0 1.0 10798.0 72.0 52960.0 0.0891095410858634
42 40 41 0.0 0.0 3074.0 0.0 10888.0 72.0 53570.0 0.08766986035443672
42 40 42 0.0 0.0 2768.0 0.0 11013.0 72.0 48678.0 0.0887648998224702
42 40 43 0.0 0.0 1416.0 0.0 12885.0 55.0 18992.0 0.08601093567610739
42 40 44 0.0 0.0 936.0 0.0 12476.0 29.0 8427.0 0.09086778736937755
42 40 45 0.0 0.0 179.0 0.0 4527.0 14.0 234.0 0.20914251568568865
42 40 46 0.0 0.0 0.0 0.0 14.0 0.0 0.0 0.6951340615690167
42 41 34 0.0 0.0 3.0 0.0 78.0 0.0 0.0 0.6727534839019701
42 41 35 0.0 0.0 98.0 0.0 2405.0 20.0 45.0 0.3122212310437109
42 41 36 0.0 0.0 338.0 0.0 6983.0 15.0 731.0 0.15032749919467409
42 41 37 0.0 0.0 745.0 0.0 11734.0 32.0 5512.0 0.09679872778814906
42 41 38 0.0 0.0 1736.0 0.0 12448.0 41.0 25466.0 0.08651053574738922
42 41 39 0.0 0.0 2285.0 0.0 12396.0 53.0 34057.0 0.08391776059461727
42 41 40 0.0 0.0 2247.0 0.0 12236.0 58.0 34491.0 0.08496176720475786
42 41 41 0.0 0.0 1559.0 0.0 13620.0 35.0 16709.0 0.08149484836137143
42 41 42 0.0 0.0 1899.0 0.0 12266.0 59.0 29399.0 0.0866765725606736
42 41 43 0.0 0.0 1226.0 0.0 13130.0 39.0 13234.0 0.08566358685675823
42 41 44 0.0 0.0 569.0 0.0 10462.0 16.0 3311.0 0.10745260572568884
42 41 45 0.0 0.0 117.0 0.0 2621.0 18.0 65.0 0.2964845404489623
42 41 46 0.0 0.0 0.0 0.0 13.0 0.0 0.0 0.695479384003974
42 42 34 0.0 0.0 0.0 0.0 5.0 0.0 0.0 0.6982543640897755
42 42 35 0.0 0.0 3.0 0.0 181.0 0.0 1.0 0.6407322654462241
42 42 36 0.0 0.0 458.0 0.0 9232.0 27.0 2035.0 0.11993489248693565
42 42 37 0.0 0.0 415.0 0.0 8553.0 21.0 1531.0 0.12778386272362174
42 42 38 0.0 0.0 1597.0 0.0 12271.0 46.0 24389.0 0.0882556893399735
42 42 39 0.0 0.0 1817.0 0.0 12404.0 37.0 27336.0 0.08619628124615193
42 42 40 0.0 0.0 1209.0 0.0 12818.0 54.0 14168.0 0.08748906386701662
42 42 41 0.0 0.0 1973.0 0.0 12234.0 38.0 31063.0 0.08637176877043617
42 42 42 0.0 2.0 979.0 5.0 12588.0 24.0 8094.0 0.08984149393569915
42 42 43 0.0 0.0 313.0 0.0 6637.0 22.0 608.0 0.1566696508504924
42 42 44 0.0 0.0 259.0 0.0 5566.0 16.0 338.0 0.17925736235595385
42 42 45 0.0 0.0 12.0 0.0 341.0 2.0 0.0 0.5954912803062525
42 42 46 0.0 0.0 3.0 0.0 53.0 2.0 0.0 0.6815968841285296
42 43 34 0.0 0.0 0.0 0.0 3.0 0.0 0.0 0.6989515726410384
42 43 35 0.0 0.0 8.0 0.0 266.0 3.0 0.0 0.6164685160722148
42 43 36 0.0 0.0 30.0 0.0 644.0 3.0 2.0 0.5241482590789965
42 43 37 0.0 0.0 327.0 0.0 7274.0 18.0 962.0 0.14601585314977053
42 43 38 0.0 0.0 548.0 0.0 10124.0 32.0 2976.0 0.11065444198545682
42 43 39 0.0 0.0 721.0 0.0 11624.0 32.0 4877.0 0.09771759614713477
42 43 40 0.0 0.0 423.0 0.0 8446.0 26.0 1482.0 0.12896094325718493
42 43 41 0.0 0.0 930.0 0.0 12453.0 29.0 8458.0 0.09099181073703366
42 43 42 0.0 0.0 592.0 0.0 10962.0 28.0 4614.0 0.10337443697851287
42 43 43 0.0 0.0 135.0 0.0 3251.0 13.0 99.0 0.2604651162790697
42 43 44 0.0 0.0 16.0 0.0 340.0 4.0 0.0 0.5952380952380951
42 43 45 0.0 0.0 107.0 0.0 2456.0 19.0 50.0 0.308030803080308
42 44 34 0.0 0.0 0.0 0.0 2.0 0.0 0.0 0.6993006993006992
42 44 35 0.0 0.0 6.0 0.0 64.0 1.0 0.0 0.6766553890768486
42 44 36 0.0 0.0 5.0 0.0 296.0 3.0 2.0 0.609225413402959
42 44 37 0.0 0.0 9.0 0.0 332.0 0.0 2.0 0.5980350277659119
42 44 38 0.0 0.0 131.0 0.0 3316.0 18.0 108.0 0.25787437833855215
42 44 39 0.0 0.0 96.0 0.0 2179.0 12.0 44.0 0.32840722495894903
42 44 40 0.0 0.0 687.0 0.0 11101.0 13.0 3856.0 0.10154493363313265
42 44 41 0.0 0.0 209.0 0.0 4860.0 14.0 327.0 0.1984126984126984
42 44 42 0.0 0.0 97.0 0.0 2219.0 14.0 28.0 0.3254300325430032
42 44 43 0.0 0.0 36.0 0.0 741.0 8.0 3.0 0.5057803468208091
42 44 44 0.0 0.0 0.0 0.0 17.0 0.0 0.0 0.694100148735746
42 45 35 0.0 0.0 0.0 0.0 2.0 0.0 0.0 0.6993006993006992
42 45 36 0.0 0.0 0.0 0.0 2.0 0.0 0.0 0.6993006993006992
42 45 37 0.0 0.0 79.0 0.0 1619.0 15.0 14.0 0.3800217155266014
42 45 38 0.0 0.0 0.0 0.0 56.0 0.0 0.0 0.6809338521400777
42 45 39 0.0 0.0 168.0 0.0 3745.0 17.0 117.0 0.23732836073910826
42 45 40 0.0 0.0 246.0 0.0 4885.0 20.0 276.0 0.1968227189652748
42 45 41 0.0 0.0 6.0 0.0 208.0 2.0 1.0 0.6329113924050632
42 45 42 0.0 0.0 18.0 0.0 392.0 6.0 0.0 0.5823627287853577
42 45 44 0.0 0.0 0.0 0.0 1.0 0.0 0.0 0.6996501749125437
42 46 36 0.0 0.0 0.0 0.0 1.0 0.0 0.0 0.6996501749125437
42 46 38 0.0 0.0 0.0 0.0 1.0 0.0 0.0 0.6996501749125437
42 46 39 0.0 0.0 0.0 0.0 8.0 0.0 0.0 0.697211155378486
42 46 40 0.0 0.0 5.0 0.0 188.0 1.0 1.0 0.6386861313868613
42 46 41 0.0 0.0 0.0 0.0 6.0 0.0 0.0 0.6979062811565303
43 34 37 0.0 0.0 0.0 0.0 3.0 0.0 0.0 0.6989515726410384
43 34 38 0.0 0.0 0.0 0.0 14.0 0.0 0.0 0.6951340615690167
43 34 39 0.0 0.0 0.0 0.0 16.0 0.0 0.0 0.6944444444444444
43 34 40 0.0 0.0 6.0 0.0 47.0 2.0 0.0 0.68259385665529
43 34 41 0.0 0.0 0.0 0.0 6.0 0.0 0.0 0.6979062811565303
43 35 37 0.0 0.0 0.0 0.0 16.0 0.0 0.0 0.694789081885856
43 35 38 0.0 0.0 167.0 0.0 3710.0 21.0 121.0 0.2390302202492743
43 35 39 0.0 0.0 59.0 0.0 1563.0 10.0 25.0 0.3875968992248061
43 35 40 0.0 0.0 235.0 0.0 5446.0 24.0 391.0 0.1827199164708953
43 35 41 0.0 0.0 34.0 0.0 672.0 10.0 2.0 0.5192878338278931
43 35 42 0.0 0.0 12.0 0.0 529.0 2.0 1.0 0.5513981882630956
43 35 43 0.0 0.0 9.0 0.0 298.0 1.0 0.0 0.6071118820468342
43 35 44 0.0 0.0 3.0 0.0 86.0 0.0 0.0 0.6701771182383915
43 35 45 0.0 0.0 0.0 0.0 10.0 0.0 0.0 0.6965174129353233
43 36 35 0.0 0.0 0.0 0.0 1.0 0.0 0.0 0.6996501749125437
43 36 36 0.0 0.0 0.0 0.0 4.0 0.0 0.0 0.6986027944111775
43 36 37 0.0 0.0 15.0 0.0 247.0 2.0 0.0 0.6194690265486725
43 36 38 0.0 0.0 116.0 0.0 3017.0 26.0 81.0 0.27418723070896983
43 36 39 0.0 0.0 705.0 0.0 11510.0 24.0 5208.0 0.09851523467736259
43 36 40 0.0 0.0 430.0 0.0 8616.0 22.0 1481.0 0.12685755708590066
43 36 41 0.0 0.0 547.0 0.0 10136.0 24.0 3168.0 0.11052340727875581
43 36 42 0.0 0.0 662.0 0.0 11120.0 29.0 4311.0 0.10169245296724048
43 36 43 0.0 0.0 286.0 0.0 6439.0 20.0 557.0 0.16073478760045923
43 36 44 0.0 0.0 489.0 0.0 8946.0 23.0 1700.0 0.12255974787709006
43 36 45 0.0 0.0 13.0 0.0 334.0 2.0 0.0 0.5970149253731343
43 36 46 0.0 0.0 0.0 0.0 3.0 0.0 0.0 0.6989515726410384
43 37 34 0.0 0.0 0.0 0.0 3.0 0.0 0.0 0.6989515726410384
43 37 35 0.0 0.0 5.0 0.0 196.0 1.0 1.0 0.6363636363636362
43 37 36 0.0 0.0 4.0 0.0 86.0 1.0 0.0 0.6704980842911876
43 37 37 0.0 0.0 19.0 0.0 519.0 2.0 2.0 0.5520504731861199
43 37 38 0.0 0.0 619.0 0.0 10681.0 24.0 3859.0 0.10533443683695733
43 37 39 0.0 0.0 865.0 0.0 12244.0 35.0 5804.0 0.09269067796610168
43 37 40 0.0 0.0 1084.0 0.0 12867.0 37.0 10482.0 0.08778530223225482
43 37 41 0.0 0.0 1040.0 0.0 12892.0 25.0 11565.0 0.08783487044356608
43 37 42 0.0 0.0 650.0 0.0 11050.0 29.0 4398.0 0.1022644265887509
43 37 43 0.0 0.0 873.0 0.0 12096.0 27.0 8824.0 0.09357037829167222
43 37 44 0.0 0.0 215.0 0.0 5329.0 12.0 401.0 0.18575029852726546
43 37 45 0.0 0.0 8.0 0.0 184.0 5.0 0.0 0.6401463191586647
43 37 46 0.0 0.0 0.0 0.0 2.0 0.0 0.0 0.6993006993006992
43 38 34 0.0 0.0 0.0 0.0 4.0 0.0 0.0 0.6986027944111775
43 38 35 0.0 0.0 0.0 0.0 57.0 0.0 0.0 0.6809338521400777
43 38 36 0.0 0.0 261.0 0.0 5603.0 23.0 470.0 0.1784348712719857
43 38 37 0.0 0.0 82.0 0.0 2209.0 9.0 37.0 0.3271792474877307
43 38 38 0.0 0.0 809.0 0.0 12102.0 28.0 7457.0 0.09391561011605286
43 38 39 0.0 0.0 1044.0 0.0 12892.0 33.0 9279.0 0.08787346221441124
43 38 40 0.0 0.0 1372.0 0.0 13032.0 50.0 16918.0 0.08539709649871903
43 38 41 0.0 0.0 1479.0 0.0 12942.0 45.0 19367.0 0.08528265107212475
43 38 42 0.0 0.0 1258.0 0.0 12697.0 45.0 15391.0 0.08777979810646434
43 38 43 0.0 0.0 1218.0 0.0 12955.0 43.0 14068.0 0.08663902469212202
43 38 44 0.0 0.0 297.0 0.0 6781.0 21.0 685.0 0.15449128227764286
43 38 45 0.0 0.0 26.0 0.0 525.0 7.0 1.0 0.5503144654088049
43 38 46 0.0 0.0 25.0 0.0 399.0 5.0 1.0 0.5787515502273666
43 39 34 0.0 0.0 0.0 0.0 2.0 0.0 0.0 0.6993006993006992
43 39 35 0.0 0.0 15.0 0.0 609.0 4.0 2.0 0.5343511450381678
43 39 36 0.0 0.0 275.0 0.0 5710.0 20.0 371.0 0.1756366829757872
43 39 37 0.0 0.0 476.0 0.0 9637.0 27.0 2274.0 0.11569291794066605
43 39 38 0.0 0.0 921.0 0.0 12466.0 37.0 8131.0 0.09105691056910567
43 39 39 0.0 0.0 1262.0 0.0 12757.0 42.0 15925.0 0.08747813046738315
43 39 40 0.0 0.0 1765.0 0.0 12639.0 45.0 25832.0 0.08532943255927347
43 39 41 0.0 0.0 1534.0 0.0 13543.0 43.0 16898.0 0.08202003632315893
43 39 42 0.0 0.0 1657.0 0.0 12721.0 39.0 22920.0 0.08544400366188586
43 39 43 0.0 0.0 1250.0 0.0 12432.0 42.0 16744.0 0.0892800204068618
43 39 44 0.0 0.0 499.0 0.0 9443.0 28.0 2018.0 0.11745951841597449
43 39 45 0.0 0.0 6.0 0.0 245.0 4.0 0.0 0.6230529595015576
43 39 46 0.0 0.0 0.0 0.0 2.0 0.0 0.0 0.6993006993006992
43 40 34 0.0 0.0 0.0 0.0 10.0 0.0 0.0 0.6965174129353233
43 40 35 0.0 0.0 5.0 0.0 179.0 3.0 1.0 0.6419073819348922
43 40 36 0.0 0.0 94.0 0.0 2516.0 7.0 53.0 0.3042816778961095
43 40 37 0.0 0.0 804.0 0.0 11991.0 22.0 6400.0 0.09456903539583895
43 40 38 0.0 0.0 1256.0 0.0 12823.0 38.0 16168.0 0.08707550690384375
43 40 39 0.0 0.0 1325.0 0.0 13114.0 44.0 16273.0 0.08515815085158149
43 40 40 0.0 0.0 1499.0 0.0 13182.0 42.0 19322.0 0.08391776059461727
43 40 41 0.0 0.0 1958.0 0.0 12584.0 53.0 28357.0 0.0846484067960578
43 40 42 0.0 0.0 1295.0 0.0 13018.0 33.0 14815.0 0.08573703227386857
43 40 43 0.0 0.0 1178.0 0.0 12992.0 26.0 12359.0 0.08654262224145391
43 40 44 0.0 0.0 439.0 0.0 8815.0 28.0 1732.0 0.1246216841730461
43 40 45 0.0 0.0 197.0 0.0 4757.0 19.0 269.0 0.20178725857595847
43 40 46 0.0 0.0 0.0 0.0 5.0 0.0 0.0 0.6982543640897755
43 41 34 0.0 0.0 0.0 0.0 5.0 0.0 0.0 0.6982543640897755
43 41 35 0.0 0.0 166.0 0.0 4005.0 16.0 170.0 0.2272727272727272
43 41 36 0.0 0.0 278.0 0.0 6065.0 21.0 481.0 0.1682085786375105
43 41 37 0.0 0.0 1408.0 0.0 12468.0 41.0 20348.0 0.08816120906801006
43 41 38 0.0 0.0 755.0 0.0 11715.0 29.0 5102.0 0.09682550660488276
43 41 39 0.0 0.0 1375.0 0.0 13170.0 25.0 16456.0 0.08456659619450316
43 41 40 0.0 0.0 1796.0 0.0 12354.0 43.0 27218.0 0.08659615265664625
43 41 41 0.0 0.0 825.0 0.0 11861.0 34.0 5675.0 0.09535485628660945
43 41 42 0.0 0.0 1039.0 0.0 12785.0 31.0 10543.0 0.08842291416661403
43 41 43 0.0 0.0 788.0 0.0 11845.0 27.0 6462.0 0.09571995077259672
43 41 44 0.0 0.0 455.0 0.0 8207.0 20.0 1153.0 0.13152950018789927
43 41 45 0.0 0.0 107.0 0.0 2712.0 10.0 48.0 0.2911208151382823
43 41 46 0.0 0.0 0.0 0.0 6.0 0.0 0.0 0.6979062811565303
43 42 34 0.0 0.0 0.0 0.0 4.0 0.0 0.0 0.6986027944111775
43 42 35 0.0 0.0 5.0 0.0 147.0 0.0 0.0 0.6508600650860064
43 42 36 0.0 0.0 54.0 0.0 1468.0 11.0 15.0 0.39886039886039887
43 42 37 0.0 0.0 541.0 0.0 9812.0 20.0 2427.0 0.11343380327337546
43 42 38 0.0 0.0 893.0 0.0 12219.0 31.0 6990.0 0.09270295325122499
43 42 39 0.0 0.0 1113.0 0.0 13146.0 33.0 11273.0 0.08605851979345955
43 42 40 0.0 0.0 750.0 0.0 11639.0 27.0 5847.0 0.0973371341166655
43 42 41 0.0 0.0 734.0 0.0 11569.0 32.0 4468.0 0.09792264111352031
43 42 42 0.0 0.0 290.0 0.0 6528.0 17.0 702.0 0.15896446008856588
43 42 43 0.0 0.0 472.0 0.0 9066.0 27.0 1789.0 0.12154888001389128
43 42 44 0.0 0.0 174.0 0.0 3926.0 14.0 155.0 0.2300361485376273
43 42 45 0.0 0.0 62.0 0.0 1262.0 13.0 4.0 0.4228329809725158
43 42 46 0.0 0.0 0.0 0.0 1.0 0.0 0.0 0.6996501749125437
43 43 35 0.0 0.0 2.0 0.0 80.0 1.0 0.0 0.6730769230769229
43 43 36 0.0 0.0 5.0 0.0 227.0 0.0 3.0 0.6272401433691756
43 43 37 0.0 0.0 265.0 0.0 5718.0 18.0 419.0 0.17574692442882248
43 43 38 0.0 0.0 320.0 0.0 7146.0 17.0 858.0 0.1481481481481481
43 43 39 0.0 0.0 515.0 0.0 9398.0 33.0 1889.0 0.11768661735036987
43 43 40 0.0 0.0 442.0 0.0 8783.0 28.0 1657.0 0.12489963422249976
43 43 41 0.0 0.0 631.0 0.0 10572.0 23.0 3228.0 0.10610883735031075
43 43 42 0.0 0.0 321.0 0.0 6189.0 24.0 451.0 0.16486104569006121
43 43 43 0.0 0.0 11.0 0.0 338.0 4.0 2.0 0.5970149253731343
43 43 44 0.0 0.0 1.0 0.0 23.0 0.0 0.0 0.6916996047430829
43 43 45 0.0 0.0 0.0 0.0 6.0 0.0 0.0 0.6979062811565303
43 43 46 0.0 0.0 0.0 0.0 1.0 0.0 0.0 0.6996501749125437
43 44 36 0.0 0.0 0.0 0.0 17.0 0.0 0.0 0.694100148735746
43 44 37 0.0 0.0 176.0 0.0 3544.0 13.0 102.0 0.24522683482221053
43 44 38 0.0 0.0 12.0 0.0 276.0 6.0 1.0 0.6134969325153373
43 44 39 0.0 0.0 30.0 0.0 572.0 4.0 1.0 0.5388760585065434
43 44 40 0.0 0.0 56.0 0.0 1575.0 11.0 27.0 0.38674033149171266
43 44 41 0.0 0.0 277.0 0.0 5629.0 23.0 359.0 0.17748478701825557
43 44 42 0.0 0.0 59.0 0.0 1122.0 10.0 5.0 0.44150110375275925
43 44 43 0.0 0.0 0.0 0.0 35.0 0.0 0.0 0.6879606879606879
43 45 36 0.0 0.0 0.0 0.0 7.0 0.0 0.0 0.6975585450921773
43 45 37 0.0 0.0 0.0 0.0 2.0 0.0 0.0 0.6993006993006992
43 45 38 0.0 0.0 0.0 0.0 6.0 0.0 0.0 0.6982543640897755
43 45 39 0.0 0.0 0.0 0.0 28.0 0.0 0.0 0.690335305719921
43 45 40 0.0 0.0 12.0 0.0 375.0 0.0 0.0 0.5865102639296187
43 45 41 0.0 0.0 2.0 0.0 98.0 0.0 0.0 0.6666666666666665
43 45 42 0.0 0.0 0.0 0.0 9.0 0.0 0.0 0.6968641114982577
43 46 39 0.0 0.0 0.0 0.0 12.0 0.0 0.0 0.6958250497017892
43 46 40 0.0 0.0 0.0 0.0 5.0 0.0 0.0 0.6982543640897755
43 46 41 0.0 0.0 0.0 0.0 3.0 0.0 0.0 0.6989515726410384
44 34 37 0.0 0.0 0.0 0.0 7.0 0.0 0.0 0.6975585450921773
44 34 38 0.0 0.0 0.0 0.0 2.0 0.0 0.0 0.6993006993006992
44 34 39 0.0 0.0 0.0 0.0 2.0 0.0 0.0 0.6993006993006992
44 34 40 0.0 0.0 0.0 0.0 9.0 0.0 0.0 0.6968641114982577
44 34 41 0.0 0.0 3.0 0.0 23.0 1.0 0.0 0.6913580246913579
44 35 37 0.0 0.0 0.0 0.0 3.0 0.0 0.0 0.6989515726410384
44 35 38 0.0 0.0 0.0 0.0 28.0 0.0 0.0 0.690335305719921
44 35 39 0.0 0.0 268.0 0.0 4588.0 25.0 153.0 0.20482809070958302
44 35 40 0.0 0.0 89.0 0.0 1965.0 13.0 23.0 0.3464488987874288
44 35 41 0.0 0.0 45.0 0.0 907.0 11.0 8.0 0.4760285617137027
44 35 42 0.0 0.0 3.0 0.0 97.0 1.0 0.0 0.6669842782277274
44 35 43 0.0 0.0 2.0 0.0 92.0 0.0 0.0 0.6685768863419292
44 35 44 0.0 0.0 5.0 0.0 141.0 1.0 0.0 0.6526806526806526
44 35 45 0.0 0.0 3.0 0.0 214.0 1.0 0.0 0.6317689530685919
44 36 37 0.0 0.0 1.0 0.0 68.0 0.0 0.0 0.6766553890768486
44 36 38 0.0 0.0 22.0 0.0 674.0 3.0 0.0 0.5200594353640415
44 36 39 0.0 0.0 12.0 0.0 435.0 4.0 3.0 0.5730659025787964
44 36 40 0.0 0.0 155.0 0.0 3121.0 13.0 68.0 0.2659069325735992
44 36 41 0.0 0.0 344.0 0.0 7528.0 34.0 1095.0 0.14221861032100772
44 36 42 0.0 0.0 76.0 0.0 1940.0 8.0 37.0 0.3490401396160558
44 36 43 0.0 0.0 126.0 0.0 2949.0 19.0 57.0 0.2768987341772151
44 36 44 0.0 0.0 26.0 0.0 1032.0 6.0 13.0 0.4588659455916092
44 36 45 0.0 0.0 2.0 0.0 52.0 1.0 0.0 0.6819288845591815
44 37 35 0.0 0.0 0.0 0.0 6.0 0.0 0.0 0.6979062811565303
44 37 36 0.0 0.0 0.0 0.0 7.0 0.0 0.0 0.6975585450921773
44 37 37 0.0 0.0 72.0 0.0 1454.0 11.0 9.0 0.39817974971558584
44 37 38 0.0 0.0 175.0 0.0 3715.0 18.0 109.0 0.2382978723404255
44 37 39 0.0 0.0 267.0 0.0 5651.0 14.0 383.0 0.17705830276969772
44 37 40 0.0 0.0 533.0 0.0 9777.0 23.0 2124.0 0.11383964872336964
44 37 41 0.0 0.0 388.0 0.0 7959.0 23.0 1116.0 0.1354882415561792
44 37 42 0.0 0.0 289.0 0.0 6171.0 16.0 483.0 0.16575893914278947
44 37 43 0.0 0.0 484.0 0.0 9387.0 18.0 2165.0 0.11795433482180469
44 37 44 0.0 0.0 363.0 0.0 7468.0 24.0 877.0 0.14269697278564875
44 37 45 0.0 0.0 13.0 0.0 322.0 5.0 0.0 0.6011163589523401
44 38 34 0.0 0.0 0.0 0.0 9.0 0.0 0.0 0.6968641114982577
44 38 35 0.0 0.0 0.0 0.0 12.0 0.0 0.0 0.6958250497017892
44 38 36 0.0 0.0 1.0 0.0 65.0 1.0 0.0 0.6779661016949151
44 38 37 0.0 0.0 165.0 0.0 3945.0 15.0 143.0 0.22977186935827998
44 38 38 0.0 0.0 379.0 0.0 8199.0 18.0 1532.0 0.13242527430949674
44 38 39 0.0 0.0 418.0 0.0 7982.0 22.0 1097.0 0.13480982185844967
44 38 40 0.0 0.0 580.0 0.0 10516.0 30.0 3101.0 0.10706638115631689
44 38 41 0.0 0.0 1014.0 0.0 12716.0 31.0 10303.0 0.0889905924230867
44 38 42 0.0 0.0 531.0 0.0 9608.0 23.0 2131.0 0.11543535620052768
44 38 43 0.0 0.0 520.0 0.0 9751.0 25.0 2411.0 0.11419249592169657
44 38 44 0.0 0.0 49.0 0.0 1252.0 13.0 10.0 0.4259202920596288
44 38 45 0.0 0.0 0.0 0.0 14.0 0.0 0.0 0.6951340615690167
44 39 34 0.0 0.0 0.0 0.0 4.0 0.0 0.0 0.6986027944111775
44 39 35 0.0 0.0 78.0 0.0 2630.0 16.0 76.0 0.2983802216538789
44 39 36 0.0 0.0 173.0 0.0 3808.0 21.0 138.0 0.2348599228317396
44 39 37 0.0 0.0 281.0 0.0 6494.0 18.0 605.0 0.1597079625827059
44 39 38 0.0 0.0 252.0 0.0 5583.0 20.0 402.0 0.17909684022003322
44 39 39 0.0 0.0 433.0 0.0 8653.0 23.0 1437.0 0.12649078424286228
44 39 40 0.0 0.0 524.0 0.0 9871.0 27.0 2462.0 0.11311303223721417
44 39 41 0.0 0.0 1047.0 0.0 12980.0 28.0 9405.0 0.0873689465801298
44 39 42 0.0 0.0 593.0 0.0 10165.0 35.0 2554.0 0.1098556183301946
44 39 43 0.0 0.0 194.0 0.0 4791.0 19.0 274.0 0.2008320183617845
44 39 44 0.0 0.0 129.0 0.0 3248.0 12.0 99.0 0.2609992542878449
44 39 45 0.0 0.0 5.0 0.0 244.0 1.0 0.0 0.6230529595015576
44 39 46 0.0 0.0 0.0 0.0 11.0 0.0 0.0 0.6961710591745399
44 40 34 0.0 0.0 0.0 0.0 1.0 0.0 0.0 0.6996501749125437
44 40 35 0.0 0.0 5.0 0.0 182.0 3.0 0.0 0.641025641025641
44 40 36 0.0 0.0 746.0 0.0 11555.0 27.0 6234.0 0.09795689896445563
44 40 37 0.0 0.0 269.0 0.0 5740.0 18.0 383.0 0.17506564961860693
44 40 38 0.0 0.0 440.0 0.0 9022.0 22.0 1712.0 0.12229210342417889
44 40 39 0.0 0.0 554.0 0.0 9909.0 18.0 2396.0 0.11237758869802535
44 40 40 0.0 0.0 813.0 0.0 12043.0 32.0 7196.0 0.0943078477601886
44 40 41 0.0 0.0 411.0 0.0 8314.0 21.0 1289.0 0.13078000934142922
44 40 42 0.0 0.0 706.0 0.0 11502.0 23.0 5528.0 0.09854990848937067
44 40 43 0.0 0.0 573.0 0.0 10371.0 32.0 3191.0 0.10826695537854768
44 40 44 0.0 0.0 906.0 0.0 12398.0 29.0 7868.0 0.0914733747141457
44 40 45 0.0 0.0 19.0 0.0 525.0 6.0 1.0 0.5516154452324664
44 40 46 0.0 0.0 0.0 0.0 12.0 0.0 0.0 0.6958250497017892
44 41 35 0.0 0.0 69.0 0.0 1396.0 11.0 12.0 0.40532715691951354
44 41 36 0.0 0.0 213.0 0.0 4123.0 20.0 153.0 0.22165927802406582
44 41 37 0.0 0.0 442.0 0.0 9164.0 17.0 1862.0 0.12067925178863888
44 41 38 0.0 0.0 291.0 0.0 6290.0 17.0 537.0 0.16341776584568693
44 41 39 0.0 0.0 494.0 0.0 8879.0 21.0 1574.0 0.12322858903265556
44 41 40 0.0 0.0 602.0 0.0 10666.0 28.0 3499.0 0.10562052055827989
44 41 41 0.0 0.0 950.0 0.0 12114.0 30.0 10994.0 0.09294914354003452
44 41 42 0.0 0.0 572.0 0.0 10197.0 26.0 2722.0 0.10976087808702467
44 41 43 0.0 0.0 132.0 0.0 3427.0 16.0 113.0 0.2524797114517583
44 41 44 0.0 0.0 346.0 0.0 7084.0 15.0 785.0 0.14857264140931759
44 41 45 0.0 0.0 12.0 0.0 449.0 2.0 1.0 0.5693371289141926
44 41 46 0.0 0.0 0.0 0.0 13.0 0.0 0.0 0.695479384003974
44 42 34 0.0 0.0 0.0 0.0 1.0 0.0 0.0 0.6996501749125437
44 42 35 0.0 0.0 0.0 0.0 107.0 0.0 0.0 0.6644518272425248
44 42 36 0.0 0.0 765.0 0.0 11593.0 24.0 7749.0 0.0975269940787182
44 42 37 0.0 0.0 122.0 0.0 3032.0 17.0 82.0 0.2724795640326975
44 42 38 0.0 0.0 189.0 0.0 4393.0 21.0 203.0 0.21318714786051465
44 42 39 0.0 0.0 416.0 0.0 7922.0 23.0 1064.0 0.13567206124624479
44 42 40 0.0 0.0 402.0 0.0 8427.0 28.0 1458.0 0.12947378155923422
44 42 41 0.0 0.0 252.0 0.0 6060.0 24.0 481.0 0.16885779761186828
44 42 42 0.0 0.0 134.0 0.0 3195.0 17.0 91.0 0.26345502446368074
44 42 43 0.0 0.0 44.0 0.0 1168.0 7.0 6.0 0.43695380774032455
44 42 44 0.0 0.0 2.0 0.0 126.0 0.0 0.0 0.6582040432534085
44 42 45 0.0 0.0 68.0 0.0 1605.0 11.0 15.0 0.38220038220038216
44 43 35 0.0 0.0 7.0 0.0 205.0 2.0 0.0 0.6337709370755997
44 43 36 0.0 0.0 53.0 0.0 1376.0 5.0 7.0 0.4088785046728971
44 43 37 0.0 0.0 114.0 0.0 2823.0 18.0 55.0 0.28461069323033134
44 43 38 0.0 0.0 44.0 0.0 1048.0 12.0 2.0 0.454397922752353
44 43 39 0.0 0.0 92.0 0.0 1948.0 12.0 24.0 0.34756703078450835
44 43 40 0.0 0.0 101.0 0.0 2057.0 13.0 26.0 0.33767486734201635
44 43 41 0.0 0.0 7.0 0.0 335.0 2.0 1.0 0.5988023952095808
44 43 42 0.0 0.0 261.0 0.0 6143.0 21.0 579.0 0.166865315852205
44 43 43 0.0 0.0 62.0 0.0 1404.0 10.0 8.0 0.4050925925925925
44 43 44 0.0 0.0 0.0 0.0 23.0 0.0 0.0 0.6920415224913494
44 44 34 0.0 0.0 0.0 0.0 1.0 0.0 0.0 0.6996501749125437
44 44 36 0.0 0.0 2.0 0.0 34.0 1.0 0.0 0.6879606879606879
44 44 37 0.0 0.0 10.0 0.0 141.0 2.0 0.0 0.6514657980456026
44 44 38 0.0 0.0 0.0 0.0 27.0 1.0 0.0 0.6910167818361302
44 44 39 0.0 0.0 1.0 0.0 57.0 0.0 0.0 0.6802721088435373
44 44 40 0.0 0.0 4.0 0.0 136.0 1.0 0.0 0.6551240056153486
44 44 41 0.0 0.0 101.0 0.0 2528.0 12.0 43.0 0.30316154179298394
44 44 42 0.0 0.0 0.0 0.0 28.0 0.0 0.0 0.690335305719921
44 44 43 0.0 0.0 0.0 0.0 5.0 0.0 0.0 0.6982543640897755
44 45 36 0.0 0.0 0.0 0.0 3.0 0.0 0.0 0.6989515726410384
44 45 37 0.0 0.0 0.0 0.0 1.0 0.0 0.0 0.6996501749125437
44 45 40 0.0 0.0 6.0 0.0 82.0 3.0 0.0 0.6714628297362109
44 45 41 0.0 0.0 0.0 0.0 10.0 0.0 0.0 0.6965174129353233
44 45 42 0.0 0.0 0.0 0.0 5.0 0.0 0.0 0.6982543640897755
45 34 40 0.0 0.0 0.0 0.0 2.0 0.0 0.0 0.6993006993006992
45 35 38 0.0 0.0 0.0 0.0 1.0 0.0 0.0 0.6996501749125437
45 35 39 0.0 0.0 0.0 0.0 3.0 0.0 0.0 0.6989515726410384
45 35 40 0.0 0.0 1.0 0.0 16.0 0.0 0.0 0.694100148735746
45 35 41 0.0 0.0 0.0 0.0 10.0 0.0 0.0 0.6965174129353233
45 35 42 0.0 0.0 0.0 0.0 19.0 0.0 0.0 0.6934125804853887
45 35 43 0.0 0.0 0.0 0.0 2.0 0.0 0.0 0.6993006993006992
45 35 44 0.0 0.0 0.0 0.0 1.0 0.0 0.0 0.6996501749125437
45 36 37 0.0 0.0 0.0 0.0 1.0 0.0 0.0 0.6996501749125437
45 36 38 0.0 0.0 0.0 0.0 7.0 0.0 0.0 0.6975585450921773
45 36 39 0.0 0.0 50.0 0.0 1124.0 6.0 7.0 0.44177974124329433
45 36 40 0.0 0.0 4.0 0.0 99.0 2.0 0.0 0.6663493574488338
45 36 41 0.0 0.0 77.0 0.0 1796.0 12.0 14.0 0.36260036260036255
45 36 42 0.0 0.0 0.0 0.0 42.0 0.0 0.0 0.6856023506366307
45 36 43 0.0 0.0 32.0 0.0 542.0 5.0 2.0 0.5451713395638628
45 36 44 0.0 0.0 0.0 0.0 17.0 0.0 0.0 0.694100148735746
45 36 45 0.0 0.0 0.0 0.0 5.0 0.0 0.0 0.6982543640897755
45 37 36 0.0 0.0 3.0 0.0 136.0 0.0 0.0 0.6545114539504441
45 37 37 0.0 0.0 0.0 0.0 16.0 0.0 1.0 0.6944444444444444
45 37 38 0.0 0.0 0.0 0.0 29.0 0.0 0.0 0.6899950714637751
45 37 39 0.0 0.0 157.0 0.0 2909.0 18.0 58.0 0.27728263022380667
45 37 40 0.0 0.0 394.0 0.0 7872.0 15.0 1056.0 0.13649215170127715
45 37 41 0.0 0.0 112.0 0.0 2722.0 16.0 56.0 0.29051670471052077
45 37 42 0.0 0.0 349.0 0.0 7608.0 20.0 1023.0 0.1407884151246983
45 37 43 0.0 0.0 31.0 0.0 584.0 7.0 1.0 0.5370157268891445
45 37 44 0.0 0.0 145.0 0.0 3614.0 21.0 160.0 0.24385995471172264
45 37 45 0.0 0.0 7.0 0.0 79.0 2.0 0.0 0.6717850287907868
45 38 34 0.0 0.0 0.0 0.0 7.0 0.0 0.0 0.6975585450921773
45 38 35 0.0 0.0 0.0 0.0 5.0 0.0 0.0 0.6982543640897755
45 38 36 0.0 0.0 1.0 0.0 12.0 0.0 0.0 0.695479384003974
45 38 37 0.0 0.0 3.0 0.0 120.0 1.0 0.0 0.6597549481621111
45 38 38 0.0 0.0 2.0 0.0 72.0 1.0 0.0 0.6756756756756755
45 38 39 0.0 0.0 13.0 0.0 329.0 4.0 0.0 0.5988023952095808
45 38 40 0.0 0.0 28.0 0.0 704.0 6.0 2.0 0.5135730007336756
45 38 41 0.0 0.0 282.0 0.0 5149.0 24.0 249.0 0.1889338731443994
45 38 42 0.0 0.0 104.0 0.0 2899.0 17.0 73.0 0.2807298977341086
45 38 43 0.0 0.0 277.0 0.0 5957.0 23.0 467.0 0.1703577512776831
45 38 44 0.0 0.0 0.0 0.0 60.0 0.0 0.0 0.6796116504854368
45 38 45 0.0 0.0 37.0 0.0 1050.0 11.0 6.0 0.45513654096228867
45 39 33 0.0 0.0 0.0 0.0 1.0 0.0 0.0 0.6996501749125437
45 39 34 0.0 0.0 36.0 0.0 1026.0 6.0 6.0 0.45811518324607325
45 39 35 0.0 0.0 219.0 0.0 4937.0 18.0 299.0 0.19607843137254902
45 39 36 0.0 0.0 32.0 0.0 636.0 7.0 1.0 0.5261180007515971
45 39 37 0.0 0.0 111.0 0.0 2864.0 18.0 61.0 0.2823719241629689
45 39 38 0.0 0.0 62.0 0.0 1709.0 13.0 18.0 0.3725385843533794
45 39 39 0.0 0.0 0.0 0.0 209.0 0.0 0.0 0.6340579710144926
45 39 40 0.0 0.0 98.0 0.0 2232.0 13.0 30.0 0.3243744207599629
45 39 41 0.0 0.0 193.0 0.0 4634.0 16.0 247.0 0.2055498458376156
45 39 42 0.0 0.0 183.0 0.0 3908.0 20.0 146.0 0.230566534914361
45 39 43 0.0 0.0 104.0 0.0 2701.0 16.0 54.0 0.29239766081871343
45 39 44 0.0 0.0 8.0 0.0 258.0 3.0 1.0 0.6189213085764809
45 39 45 0.0 0.0 1.0 0.0 97.0 0.0 0.0 0.6673021925643469
45 39 46 0.0 0.0 0.0 0.0 20.0 0.0 0.0 0.6930693069306929
45 40 34 0.0 0.0 0.0 0.0 5.0 0.0 0.0 0.6982543640897755
45 40 35 0.0 0.0 8.0 0.0 262.0 2.0 0.0 0.6172839506172839
45 40 36 0.0 0.0 8.0 0.0 285.0 0.0 1.0 0.6108202443280977
45 40 37 0.0 0.0 176.0 0.0 4471.0 12.0 206.0 0.21090689966857484
45 40 38 0.0 0.0 28.0 0.0 765.0 8.0 2.0 0.5026929982046677
45 40 39 0.0 0.0 13.0 0.0 605.0 1.0 0.0 0.5351681957186544
45 40 40 0.0 0.0 68.0 0.0 1964.0 9.0 29.0 0.3481720964934096
45 40 41 0.0 0.0 54.0 0.0 1240.0 6.0 13.0 0.4256612952265125
45 40 42 0.0 0.0 368.0 0.0 7585.0 31.0 954.0 0.14098690835850955
45 40 43 0.0 0.0 19.0 0.0 583.0 5.0 0.0 0.5392912172573189
45 40 44 0.0 0.0 54.0 0.0 1442.0 7.0 9.0 0.40126110633419315
45 40 45 0.0 0.0 347.0 0.0 7473.0 15.0 991.0 0.14269697278564875
45 40 46 0.0 0.0 0.0 0.0 16.0 1.0 0.0 0.694789081885856
45 41 35 0.0 0.0 11.0 0.0 460.0 4.0 1.0 0.5674908796108633
45 41 36 0.0 0.0 121.0 0.0 2745.0 14.0 60.0 0.2885408079142621
45 41 37 0.0 0.0 6.0 0.0 272.0 1.0 0.0 0.6148440931049626
45 41 38 0.0 0.0 2.0 0.0 126.0 0.0 0.0 0.6578947368421051
45 41 39 0.0 0.0 126.0 0.0 3249.0 23.0 90.0 0.2615355875210162
45 41 40 0.0 0.0 184.0 0.0 3887.0 16.0 116.0 0.2312138728323699
45 41 41 0.0 0.0 163.0 0.0 3712.0 19.0 134.0 0.23907103825136608
45 41 42 0.0 0.0 116.0 0.0 2470.0 15.0 48.0 0.3062117235345581
45 41 43 0.0 0.0 248.0 0.0 5105.0 23.0 322.0 0.19086571233810495
45 41 44 0.0 0.0 4.0 0.0 184.0 0.0 0.0 0.639853747714808
45 41 45 0.0 0.0 0.0 0.0 79.0 1.0 0.0 0.6737247353224253
45 41 46 0.0 0.0 0.0 0.0 6.0 0.0 0.0 0.6979062811565303
45 42 34 0.0 0.0 0.0 0.0 2.0 0.0 0.0 0.6993006993006992
45 42 35 0.0 0.0 6.0 0.0 93.0 1.0 0.0 0.6673021925643469
45 42 36 0.0 0.0 249.0 0.0 5899.0 22.0 491.0 0.17222290564645096
45 42 37 0.0 0.0 0.0 0.0 91.0 0.0 0.0 0.669536107125777
45 42 38 0.0 0.0 0.0 0.0 59.0 0.0 0.0 0.6799417192812044
45 42 39 0.0 0.0 1.0 0.0 90.0 0.0 0.0 0.6698564593301434
45 42 40 0.0 0.0 17.0 0.0 468.0 3.0 2.0 0.5638340716874747
45 42 41 0.0 0.0 15.0 0.0 569.0 2.0 3.0 0.5422153369481022
45 42 42 0.0 0.0 203.0 0.0 4890.0 12.0 272.0 0.19768426998023156
45 42 43 0.0 0.0 5.0 0.0 133.0 2.0 0.0 0.6554307116104868
45 42 44 0.0 0.0 0.0 0.0 12.0 1.0 0.0 0.6961710591745399
45 42 45 0.0 0.0 0.0 0.0 2.0 0.0 0.0 0.6993006993006992
45 43 35 0.0 0.0 58.0 0.0 1423.0 8.0 10.0 0.4031097034264324
45 43 36 0.0 0.0 1.0 0.0 82.0 0.0 0.0 0.6724303554274734
45 43 37 0.0 0.0 329.0 0.0 6942.0 13.0 723.0 0.15117157974300827
45 43 38 0.0 0.0 11.0 0.0 278.0 2.0 0.0 0.6121556624398775
45 43 39 0.0 0.0 10.0 0.0 240.0 4.0 0.0 0.6236080178173719
45 43 40 0.0 0.0 0.0 0.0 39.0 0.0 0.0 0.6866110838646394
45 43 41 0.0 0.0 0.0 0.0 16.0 0.0 0.0 0.6944444444444444
45 43 42 0.0 0.0 0.0 0.0 11.0 0.0 0.0 0.6961710591745399
45 43 43 0.0 0.0 0.0 0.0 6.0 0.0 0.0 0.6979062811565303
45 44 36 0.0 0.0 0.0 0.0 8.0 0.0 0.0 0.697211155378486
45 44 37 0.0 0.0 0.0 0.0 4.0 0.0 0.0 0.6986027944111775
45 44 38 0.0 0.0 1.0 0.0 10.0 1.0 0.0 0.6965174129353233
45 44 39 0.0 0.0 0.0 0.0 1.0 0.0 0.0 0.6996501749125437
45 44 41 0.0 0.0 0.0 0.0 4.0 0.0 0.0 0.6986027944111775
45 44 42 0.0 0.0 0.0 0.0 7.0 1.0 0.0 0.6979062811565303
45 44 43 0.0 0.0 0.0 0.0 4.0 0.0 0.0 0.6986027944111775
45 45 40 0.0 0.0 0.0 0.0 1.0 0.0 0.0 0.6996501749125437
45 45 41 0.0 0.0 0.0 0.0 2.0 0.0 0.0 0.6993006993006992
46 35 42 0.0 0.0 0.0 0.0 1.0 0.0 0.0 0.6996501749125437
46 36 39 0.0 0.0 0.0 0.0 11.0 0.0 0.0 0.6961710591745399
46 36 40 0.0 0.0 10.0 0.0 290.0 2.0 1.0 0.609225413402959
46 36 41 0.0 0.0 0.0 0.0 12.0 0.0 0.0 0.6958250497017892
46 36 42 0.0 0.0 0.0 0.0 15.0 0.0 0.0 0.694789081885856
46 36 43 0.0 0.0 0.0 0.0 9.0 0.0 0.0 0.6968641114982577
46 36 44 0.0 0.0 0.0 0.0 2.0 0.0 0.0 0.6993006993006992
46 36 45 0.0 0.0 0.0 0.0 1.0 0.0 0.0 0.6996501749125437
46 37 38 0.0 0.0 0.0 0.0 1.0 0.0 0.0 0.6996501749125437
46 37 39 0.0 0.0 5.0 0.0 161.0 3.0 0.0 0.6472491909385112
46 37 40 0.0 0.0 0.0 0.0 6.0 0.0 0.0 0.6979062811565303
46 37 41 0.0 0.0 0.0 0.0 30.0 0.0 0.0 0.690335305719921
46 37 42 0.0 0.0 0.0 0.0 14.0 0.0 0.0 0.6951340615690167
46 37 43 0.0 0.0 0.0 0.0 12.0 0.0 0.0 0.6958250497017892
46 37 44 0.0 0.0 0.0 0.0 5.0 0.0 0.0 0.6982543640897755
46 37 45 0.0 0.0 0.0 0.0 1.0 0.0 0.0 0.6996501749125437
46 37 46 0.0 0.0 0.0 0.0 1.0 0.0 0.0 0.6996501749125437
46 38 34 0.0 0.0 0.0 0.0 1.0 0.0 0.0 0.6996501749125437
46 38 35 0.0 0.0 0.0 0.0 3.0 0.0 0.0 0.6989515726410384
46 38 36 0.0 0.0 0.0 0.0 6.0 0.0 0.0 0.6979062811565303
46 38 38 0.0 0.0 4.0 0.0 37.0 0.0 0.0 0.6859382655560998
46 38 39 0.0 0.0 0.0 0.0 5.0 0.0 0.0 0.6982543640897755
46 38 40 0.0 0.0 0.0 0.0 19.0 1.0 0.0 0.6937561942517343
46 38 41 0.0 0.0 16.0 0.0 178.0 4.0 0.0 0.639269406392694
46 38 42 0.0 0.0 0.0 0.0 26.0 0.0 0.0 0.6910167818361302
46 38 43 0.0 0.0 0.0 0.0 35.0 0.0 0.0 0.6879606879606879
46 38 44 0.0 0.0 0.0 0.0 7.0 0.0 0.0 0.6975585450921773
46 39 35 0.0 0.0 0.0 0.0 5.0 0.0 0.0 0.6982543640897755
46 39 36 0.0 0.0 0.0 0.0 6.0 0.0 0.0 0.6979062811565303
46 39 37 0.0 0.0 0.0 0.0 10.0 0.0 0.0 0.6965174129353233
46 39 38 0.0 0.0 0.0 0.0 2.0 0.0 0.0 0.6993006993006992
46 39 39 0.0 0.0 0.0 0.0 3.0 0.0 0.0 0.6989515726410384
46 39 40 0.0 0.0 0.0 0.0 6.0 0.0 0.0 0.6979062811565303
46 39 41 0.0 0.0 3.0 0.0 23.0 0.0 0.0 0.6910167818361302
46 39 42 0.0 0.0 2.0 0.0 22.0 0.0 0.0 0.6916996047430829
46 39 43 0.0 0.0 13.0 0.0 295.0 3.0 1.0 0.6073752711496745
46 39 44 0.0 0.0 34.0 0.0 522.0 11.0 1.0 0.5500982318271119
46 39 45 0.0 0.0 0.0 0.0 11.0 0.0 0.0 0.6961710591745399
46 39 46 0.0 0.0 0.0 0.0 18.0 1.0 0.0 0.694100148735746
46 40 34 0.0 0.0 1.0 0.0 6.0 0.0 0.0 0.6975585450921773
46 40 35 0.0 0.0 0.0 0.0 7.0 0.0 0.0 0.6975585450921773
46 40 36 0.0 0.0 0.0 0.0 7.0 0.0 0.0 0.6975585450921773
46 40 37 0.0 0.0 0.0 0.0 2.0 0.0 0.0 0.6993006993006992
46 40 38 0.0 0.0 1.0 0.0 17.0 0.0 0.0 0.6937561942517343
46 40 39 0.0 0.0 2.0 0.0 15.0 0.0 0.0 0.694100148735746
46 40 40 0.0 0.0 0.0 0.0 6.0 0.0 0.0 0.6979062811565303
46 40 41 0.0 0.0 4.0 0.0 146.0 3.0 0.0 0.6520726595249184
46 40 42 0.0 0.0 0.0 0.0 14.0 0.0 0.0 0.6951340615690167
46 40 43 0.0 0.0 1.0 0.0 20.0 0.0 0.0 0.6927263730826323
46 40 44 0.0 0.0 0.0 0.0 14.0 0.0 0.0 0.6951340615690167
46 40 45 0.0 0.0 6.0 0.0 198.0 1.0 0.0 0.6354970494779845
46 40 46 0.0 0.0 0.0 0.0 12.0 1.0 0.0 0.6961710591745399
46 41 35 0.0 0.0 0.0 0.0 5.0 0.0 0.0 0.6982543640897755
46 41 36 0.0 0.0 14.0 0.0 256.0 3.0 0.0 0.6175562417291574
46 41 37 0.0 0.0 0.0 0.0 5.0 0.0 0.0 0.6982543640897755
46 41 38 0.0 0.0 0.0 0.0 7.0 1.0 0.0 0.6979062811565303
46 41 39 0.0 0.0 0.0 0.0 2.0 0.0 0.0 0.6993006993006992
46 41 40 0.0 0.0 0.0 0.0 3.0 0.0 0.0 0.6989515726410384
46 41 41 0.0 0.0 28.0 0.0 569.0 6.0 4.0 0.5403319181783095
46 41 42 0.0 0.0 0.0 0.0 14.0 1.0 0.0 0.695479384003974
46 41 43 0.0 0.0 0.0 0.0 13.0 0.0 0.0 0.695479384003974
46 41 44 0.0 0.0 8.0 0.0 107.0 3.0 0.0 0.6628787878787878
46 41 45 0.0 0.0 0.0 0.0 3.0 0.0 0.0 0.6989515726410384
46 41 46 0.0 0.0 0.0 0.0 1.0 0.0 0.0 0.6996501749125437
46 42 35 0.0 0.0 0.0 0.0 8.0 0.0 0.0 0.697211155378486
46 42 36 0.0 0.0 1.0 0.0 40.0 1.0 0.0 0.6862745098039215
46 42 37 0.0 0.0 0.0 0.0 26.0 0.0 0.0 0.6910167818361302
46 42 38 0.0 0.0 3.0 0.0 49.0 0.0 0.0 0.6822612085769979
46 42 39 0.0 0.0 1.0 0.0 5.0 0.0 0.0 0.6979062811565303
46 42 40 0.0 0.0 0.0 0.0 10.0 0.0 0.0 0.6965174129353233
46 42 41 0.0 0.0 0.0 0.0 7.0 0.0 0.0 0.6975585450921773
46 42 42 0.0 0.0 0.0 0.0 11.0 0.0 0.0 0.6961710591745399
46 42 43 0.0 0.0 0.0 0.0 6.0 0.0 0.0 0.6979062811565303
46 42 44 0.0 0.0 0.0 0.0 3.0 0.0 0.0 0.6989515726410384
46 43 35 0.0 0.0 0.0 0.0 9.0 0.0 0.0 0.6968641114982577
46 43 36 0.0 0.0 0.0 0.0 4.0 0.0 0.0 0.6986027944111775
46 43 37 0.0 0.0 4.0 0.0 134.0 3.0 0.0 0.6557377049180326
46 43 38 0.0 0.0 0.0 0.0 12.0 0.0 0.0 0.6958250497017892
46 43 41 0.0 0.0 0.0 0.0 5.0 0.0 0.0 0.6982543640897755
46 43 42 0.0 0.0 0.0 0.0 4.0 0.0 0.0 0.6986027944111775
46 43 43 0.0 0.0 0.0 0.0 1.0 0.0 0.0 0.6996501749125437
46 44 36 0.0 0.0 0.0 0.0 5.0 0.0 0.0 0.6982543640897755
46 44 37 0.0 0.0 0.0 0.0 3.0 0.0 0.0 0.6989515726410384
46 44 38 0.0 0.0 0.0 0.0 6.0 0.0 0.0 0.6979062811565303
