38 37 39 0.0 0.0 0.0 0.0 1.0 0.0 0.0 0.6996501749125437
38 38 38 0.0 0.0 0.0 0.0 1.0 0.0 0.0 0.6996501749125437
38 38 39 0.0 0.0 0.0 0.0 11.0 0.0 0.0 0.6961710591745399
38 38 40 0.0 0.0 0.0 0.0 11.0 0.0 0.0 0.6961710591745399
38 38 41 0.0 0.0 0.0 0.0 8.0 0.0 0.0 0.697211155378486
38 38 42 0.0 0.0 0.0 0.0 3.0 0.0 0.0 0.6989515726410384
38 39 38 0.0 0.0 0.0 0.0 14.0 0.0 0.0 0.6951340615690167
38 39 39 0.0 0.0 8.0 0.0 247.0 2.0 0.0 0.6213936972924988
38 39 40 0.0 0.0 0.0 0.0 21.0 0.0 0.0 0.6927263730826323
38 39 41 0.0 0.0 3.0 0.0 51.0 1.0 0.0 0.6819288845591815
38 39 42 0.0 0.0 0.0 0.0 3.0 0.0 0.0 0.6989515726410384
38 40 38 0.0 0.0 0.0 0.0 18.0 0.0 0.0 0.6937561942517343
38 40 39 0.0 0.0 32.0 0.0 773.0 8.0 4.0 0.5005362888809438
38 40 40 0.0 0.0 11.0 0.0 423.0 3.0 0.0 0.5758946935417523
38 40 41 0.0 0.0 0.0 0.0 24.0 0.0 0.0 0.6920415224913494
38 40 42 0.0 0.0 0.0 0.0 2.0 0.0 0.0 0.6993006993006992
38 41 38 0.0 0.0 0.0 0.0 8.0 0.0 0.0 0.697211155378486
38 41 39 0.0 0.0 12.0 0.0 380.0 2.0 2.0 0.5860192549183758
38 41 40 0.0 0.0 3.0 0.0 89.0 1.0 0.0 0.669536107125777
38 41 41 0.0 0.0 0.0 0.0 3.0 0.0 0.0 0.6989515726410384
38 41 42 0.0 0.0 0.0 0.0 1.0 0.0 0.0 0.6996501749125437
38 42 38 0.0 0.0 0.0 0.0 2.0 0.0 0.0 0.6993006993006992
38 42 39 0.0 0.0 3.0 0.0 120.0 2.0 0.0 0.66006600660066
38 42 40 0.0 0.0 0.0 0.0 7.0 0.0 0.0 0.6975585450921773
38 42 41 0.0 0.0 0.0 0.0 4.0 0.0 0.0 0.6986027944111775
39 38 39 0.0 0.0 0.0 0.0 15.0 0.0 0.0 0.694789081885856
39 38 40 0.0 0.0 35.0 0.0 658.0 9.0 0.0 0.5216095380029805
39 38 41 0.0 0.0 3.0 0.0 37.0 0.0 0.0 0.6862745098039215
39 38 42 0.0 0.0 0.0 0.0 21.0 0.0 0.0 0.6927263730826323
39 39 38 0.0 0.0 0.0 0.0 31.0 0.0 0.0 0.6893156080748399
39 39 39 0.0 0.0 83.0 0.0 1973.0 11.0 26.0 0.34610630407910997
39 39 40 0.0 0.0 374.0 2.0 7536.0 16.0 1025.0 0.14137130162576997
39 39 41 0.0 0.0 197.0 0.0 4290.0 20.0 157.0 0.21645021645021642
39 39 42 0.0 0.0 0.0 0.0 16.0 0.0 0.0 0.6944444444444444
39 40 38 0.0 0.0 2.0 0.0 38.0 1.0 0.0 0.6866110838646394
39 40 39 2.0 0.0 476.0 0.0 9247.0 22.0 2123.0 0.11946411809881387
39 40 40 0.0 0.0 202.0 7.0 5367.0 18.0 415.0 0.18511172815020493
39 40 41 0.0 0.0 31.0 1.0 901.0 6.0 5.0 0.4783054321831226
39 40 42 0.0 0.0 0.0 0.0 9.0 0.0 0.0 0.6968641114982577
39 41 38 0.0 0.0 0.0 0.0 13.0 0.0 0.0 0.695479384003974
39 41 39 0.0 0.0 80.0 0.0 2091.0 14.0 30.0 0.336781332691845
39 41 40 0.0 0.0 218.0 0.0 5540.0 17.0 444.0 0.1807151155285917
39 41 41 0.0 0.0 112.0 0.0 2176.0 16.0 21.0 0.3276386613620407
39 41 42 0.0 0.0 0.0 0.0 1.0 0.0 0.0 0.6996501749125437
39 42 38 0.0 0.0 0.0 0.0 1.0 0.0 0.0 0.6996501749125437
39 42 39 0.0 0.0 0.0 0.0 9.0 0.0 0.0 0.6968641114982577
39 42 40 0.0 0.0 6.0 0.0 109.0 3.0 0.0 0.6628787878787878
39 42 41 0.0 0.0 0.0 0.0 11.0 0.0 0.0 0.6961710591745399
39 42 42 0.0 0.0 0.0 0.0 3.0 0.0 0.0 0.6989515726410384
39 43 38 0.0 0.0 0.0 0.0 1.0 0.0 0.0 0.6996501749125437
40 37 40 0.0 0.0 0.0 0.0 1.0 0.0 0.0 0.6996501749125437
40 37 42 0.0 0.0 0.0 0.0 1.0 0.0 0.0 0.6996501749125437
40 38 38 0.0 0.0 14.0 0.0 238.0 3.0 0.0 0.622498888394842
40 38 39 0.0 0.0 0.0 0.0 40.0 0.0 0.0 0.6862745098039215
40 38 40 0.0 0.0 4.0 0.0 144.0 1.0 1.0 0.6520726595249184
40 38 41 0.0 0.0 6.0 0.0 145.0 1.0 0.0 0.6511627906976742
40 38 42 0.0 0.0 2.0 0.0 28.0 1.0 0.0 0.6899950714637751
40 38 43 0.0 0.0 0.0 0.0 1.0 0.0 0.0 0.6996501749125437
40 39 38 0.0 0.0 0.0 0.0 15.0 0.0 0.0 0.694789081885856
40 39 39 0.0 0.0 210.0 0.0 5528.0 19.0 439.0 0.18120631633445508
40 39 40 0.0 0.0 227.0 0.0 5701.0 15.0 402.0 0.17683465959328024
40 39 41 0.0 0.0 321.0 0.0 7138.0 18.0 855.0 0.14822657490735835
40 39 42 0.0 0.0 1.0 0.0 66.0 0.0 0.0 0.6773101112723753
40 40 38 0.0 0.0 0.0 0.0 37.0 0.0 0.0 0.6872852233676975
40 40 39 0.0 0.0 80.0 0.0 2044.0 16.0 40.0 0.3407984420642648
40 40 40 13.0 5.0 1262.0 66.0 12745.0 38.0 14488.0 0.08701597364659083
40 40 41 0.0 0.0 75.0 0.0 1785.0 11.0 23.0 0.3637308391790075
40 40 42 0.0 0.0 0.0 0.0 55.0 0.0 0.0 0.6812652068126519
40 41 38 0.0 0.0 5.0 0.0 51.0 2.0 0.0 0.6815968841285296
40 41 39 0.0 0.0 33.0 2.0 949.0 10.0 7.0 0.47074646940147946
40 41 40 0.0 0.0 145.0 5.0 3481.0 9.0 113.0 0.24897741419171257
40 41 41 0.0 0.0 169.0 0.0 3842.0 17.0 132.0 0.23356690023356685
40 41 42 0.0 0.0 0.0 0.0 6.0 0.0 0.0 0.6979062811565303
40 42 38 0.0 0.0 0.0 0.0 1.0 0.0 0.0 0.6996501749125437
40 42 39 0.0 0.0 43.0 0.0 1087.0 9.0 6.0 0.4485741749439281
40 42 40 0.0 0.0 0.0 0.0 14.0 0.0 0.0 0.695479384003974
40 42 41 0.0 0.0 0.0 0.0 16.0 0.0 0.0 0.6944444444444444
40 42 42 0.0 0.0 0.0 0.0 4.0 0.0 0.0 0.6986027944111775
41 37 40 0.0 0.0 0.0 0.0 1.0 0.0 0.0 0.6996501749125437
41 38 38 0.0 0.0 0.0 0.0 5.0 0.0 0.0 0.6982543640897755
41 38 39 0.0 0.0 2.0 0.0 61.0 0.0 0.0 0.6786233640329616
41 38 40 0.0 0.0 23.0 0.0 671.0 10.0 5.0 0.5216095380029805
41 38 41 0.0 0.0 8.0 0.0 200.0 2.0 0.0 0.6346328195829555
41 38 42 0.0 0.0 33.0 0.0 796.0 3.0 1.0 0.4953998584571832
41 39 38 0.0 0.0 0.0 0.0 8.0 0.0 0.0 0.697211155378486
41 39 39 0.0 0.0 55.0 1.0 1137.0 10.0 6.0 0.43983663210807405
41 39 40 0.0 0.0 440.0 0.0 8841.0 19.0 1655.0 0.12410247318500131
41 39 41 0.0 0.0 694.0 0.0 10990.0 20.0 4318.0 0.10234666276774616
41 39 42 0.0 0.0 16.0 0.0 450.0 5.0 1.0 0.5688744412840308
41 40 38 0.0 0.0 4.0 0.0 100.0 2.0 0.0 0.6660323501427211
41 40 39 0.0 0.0 277.0 0.0 6064.0 14.0 448.0 0.16804705317488897
41 40 40 0.0 0.0 4.0 12.0 338.0 4.0 0.0 0.5957446808510637
41 40 41 0.0 0.0 185.0 0.0 4008.0 23.0 169.0 0.2267941033533128
41 40 42 0.0 0.0 71.0 0.0 1686.0 12.0 14.0 0.3738317757009345
41 41 38 0.0 0.0 1.0 0.0 9.0 0.0 0.0 0.6965174129353233
41 41 39 0.0 0.0 110.0 0.0 2590.0 16.0 52.0 0.2988898377455166
41 41 40 0.0 0.0 397.0 0.0 7452.0 27.0 841.0 0.14240667276980976
41 41 41 0.0 0.0 3.0 1.0 169.0 0.0 0.0 0.6442705936493326
41 41 42 0.0 0.0 0.0 0.0 5.0 0.0 0.0 0.6982543640897755
41 42 38 0.0 0.0 0.0 0.0 2.0 0.0 0.0 0.6993006993006992
41 42 39 0.0 0.0 0.0 0.0 6.0 0.0 0.0 0.6982543640897755
41 42 40 0.0 0.0 0.0 0.0 14.0 0.0 0.0 0.6951340615690167
41 42 41 0.0 0.0 0.0 0.0 16.0 0.0 0.0 0.6944444444444444
41 42 42 0.0 0.0 0.0 0.0 4.0 0.0 0.0 0.6986027944111775
42 37 41 0.0 0.0 0.0 0.0 1.0 0.0 0.0 0.6996501749125437
42 38 39 0.0 0.0 0.0 0.0 12.0 0.0 0.0 0.6958250497017892
42 38 40 0.0 0.0 33.0 0.0 826.0 9.0 2.0 0.4912280701754385
42 38 41 0.0 0.0 37.0 0.0 713.0 8.0 2.0 0.5105762217359591
42 38 42 0.0 0.0 0.0 0.0 21.0 0.0 0.0 0.6927263730826323
42 39 38 0.0 0.0 0.0 0.0 1.0 0.0 0.0 0.6996501749125437
42 39 39 0.0 0.0 0.0 0.0 14.0 0.0 0.0 0.695479384003974
42 39 40 0.0 0.0 26.0 0.0 459.0 10.0 0.0 0.5656565656565656
42 39 41 0.0 0.0 3.0 0.0 202.0 2.0 0.0 0.6354970494779845
42 39 42 0.0 0.0 34.0 0.0 659.0 8.0 4.0 0.5214152700186219
42 40 38 0.0 0.0 1.0 0.0 8.0 0.0 0.0 0.6968641114982577
42 40 39 0.0 0.0 0.0 0.0 12.0 0.0 0.0 0.6958250497017892
42 40 40 0.0 0.0 11.0 0.0 193.0 2.0 0.0 0.6357856494096276
42 40 41 0.0 0.0 7.0 0.0 138.0 1.0 0.0 0.6529850746268656
42 40 42 0.0 0.0 4.0 0.0 69.0 0.0 0.0 0.6753497346840327
42 41 38 0.0 0.0 0.0 0.0 9.0 0.0 0.0 0.6968641114982577
42 41 39 0.0 0.0 0.0 0.0 11.0 0.0 0.0 0.6961710591745399
42 41 40 0.0 0.0 0.0 0.0 14.0 0.0 0.0 0.695479384003974
42 41 41 0.0 0.0 0.0 0.0 8.0 0.0 0.0 0.697211155378486
42 42 38 0.0 0.0 1.0 0.0 26.0 0.0 0.0 0.6906758756783422
42 42 39 0.0 0.0 0.0 0.0 5.0 0.0 0.0 0.6982543640897755
42 42 40 0.0 0.0 0.0 0.0 6.0 0.0 0.0 0.6979062811565303
42 42 41 0.0 0.0 0.0 0.0 12.0 0.0 0.0 0.6958250497017892
