34 37 40 0.0 0.0 0.0 0.0 1.0 0.0 0.0 0.6996501749125437
34 38 39 0.0 0.0 0.0 0.0 3.0 0.0 0.0 0.6989515726410384
34 38 40 0.0 0.0 2.0 0.0 11.0 0.0 0.0 0.695479384003974
34 39 37 0.0 0.0 0.0 0.0 3.0 0.0 0.0 0.6989515726410384
34 39 38 0.0 0.0 0.0 0.0 1.0 0.0 0.0 0.6996501749125437
34 39 39 0.0 0.0 0.0 0.0 2.0 0.0 0.0 0.6993006993006992
34 39 40 0.0 0.0 0.0 0.0 2.0 0.0 0.0 0.6993006993006992
34 39 41 0.0 0.0 0.0 0.0 1.0 0.0 0.0 0.6996501749125437
34 40 36 0.0 0.0 0.0 0.0 1.0 0.0 0.0 0.6996501749125437
34 40 37 0.0 0.0 0.0 0.0 2.0 0.0 0.0 0.6996501749125437
34 40 39 0.0 0.0 0.0 0.0 4.0 0.0 0.0 0.6986027944111775
34 41 37 0.0 0.0 0.0 0.0 1.0 0.0 0.0 0.6996501749125437
34 42 38 0.0 0.0 0.0 0.0 1.0 0.0 0.0 0.6996501749125437
35 36 39 0.0 0.0 0.0 0.0 2.0 0.0 0.0 0.6993006993006992
35 36 40 0.0 0.0 0.0 0.0 1.0 0.0 0.0 0.6996501749125437
35 37 39 0.0 0.0 0.0 0.0 14.0 0.0 0.0 0.695479384003974
35 37 40 0.0 0.0 0.0 0.0 22.0 0.0 0.0 0.6923837784371908
35 37 41 0.0 0.0 0.0 0.0 12.0 0.0 0.0 0.6958250497017892
35 37 42 0.0 0.0 0.0 0.0 1.0 0.0 0.0 0.6996501749125437
35 38 37 0.0 0.0 0.0 0.0 2.0 0.0 0.0 0.6993006993006992
35 38 38 0.0 0.0 0.0 0.0 11.0 0.0 0.0 0.6961710591745399
35 38 39 0.0 0.0 1.0 0.0 95.0 0.0 0.0 0.6679389312977099
35 38 40 0.0 0.0 100.0 0.0 2657.0 14.0 55.0 0.29510961214165254
35 38 41 0.0 0.0 88.0 0.0 1988.0 10.0 26.0 0.34431874077717656
35 39 37 0.0 0.0 2.0 0.0 68.0 1.0 0.0 0.6766553890768486
35 39 38 0.0 0.0 103.0 0.0 2365.0 20.0 40.0 0.31467745560800175
35 39 39 0.0 0.0 12.0 0.0 420.0 3.0 1.0 0.5763688760806915
35 39 40 0.0 0.0 2.0 0.0 117.0 1.0 0.0 0.6613131790269249
35 39 41 0.0 0.0 12.0 0.0 336.0 6.0 0.0 0.5977796754910332
35 39 42 0.0 0.0 0.0 0.0 1.0 0.0 0.0 0.6996501749125437
35 39 43 0.0 0.0 0.0 0.0 1.0 0.0 0.0 0.6996501749125437
35 40 36 0.0 0.0 0.0 0.0 1.0 0.0 0.0 0.6996501749125437
35 40 37 0.0 0.0 27.0 0.0 743.0 7.0 1.0 0.506879073135409
35 40 38 0.0 0.0 164.0 0.0 3705.0 16.0 135.0 0.23907103825136608
35 40 39 0.0 0.0 5.0 0.0 223.0 2.0 0.0 0.6289308176100628
35 40 40 0.0 0.0 18.0 0.0 631.0 6.0 2.0 0.529701097237987
35 40 41 0.0 0.0 2.0 0.0 67.0 1.0 0.0 0.6769825918762088
35 40 42 0.0 0.0 0.0 0.0 16.0 1.0 0.0 0.694789081885856
35 40 43 0.0 0.0 0.0 0.0 5.0 0.0 0.0 0.6982543640897755
35 41 36 0.0 0.0 0.0 0.0 2.0 0.0 0.0 0.6993006993006992
35 41 37 0.0 0.0 43.0 0.0 1214.0 10.0 7.0 0.4311672312904219
35 41 38 0.0 0.0 55.0 0.0 1399.0 8.0 16.0 0.4061502756019727
35 41 39 0.0 0.0 8.0 0.0 454.0 3.0 0.0 0.5693371289141926
35 41 40 0.0 0.0 18.0 0.0 400.0 7.0 1.0 0.5806719203649937
35 41 41 0.0 0.0 0.0 0.0 27.0 0.0 0.0 0.6906758756783422
35 41 42 0.0 0.0 1.0 0.0 87.0 1.0 0.0 0.670819357930043
35 41 43 0.0 0.0 1.0 0.0 21.0 0.0 0.0 0.6923837784371908
35 41 44 0.0 0.0 0.0 0.0 6.0 0.0 0.0 0.6979062811565303
35 42 36 0.0 0.0 0.0 0.0 4.0 0.0 0.0 0.6986027944111775
35 42 37 0.0 0.0 0.0 0.0 33.0 0.0 0.0 0.6886374815543531
35 42 38 0.0 0.0 1.0 0.0 41.0 0.0 0.0 0.6856023506366307
35 42 39 0.0 0.0 0.0 0.0 64.0 0.0 0.0 0.6782945736434108
35 42 40 0.0 0.0 8.0 0.0 125.0 3.0 0.0 0.6572769953051641
35 42 41 0.0 0.0 0.0 0.0 28.0 0.0 0.0 0.690335305719921
35 42 42 0.0 0.0 2.0 0.0 43.0 0.0 0.0 0.6845965770171147
35 42 43 0.0 0.0 1.0 0.0 12.0 0.0 0.0 0.695479384003974
35 42 44 0.0 0.0 0.0 0.0 4.0 0.0 0.0 0.6986027944111775
35 43 37 0.0 0.0 0.0 0.0 5.0 0.0 0.0 0.6982543640897755
35 43 38 0.0 0.0 0.0 0.0 10.0 0.0 0.0 0.6965174129353233
35 43 39 0.0 0.0 3.0 0.0 50.0 1.0 0.0 0.6822612085769979
35 43 40 0.0 0.0 1.0 0.0 27.0 1.0 0.0 0.6906758756783422
35 43 41 0.0 0.0 0.0 0.0 5.0 0.0 0.0 0.6982543640897755
35 43 42 0.0 0.0 0.0 0.0 12.0 0.0 0.0 0.6958250497017892
35 43 43 0.0 0.0 2.0 0.0 37.0 0.0 0.0 0.6866110838646394
35 44 38 0.0 0.0 0.0 0.0 2.0 0.0 0.0 0.6993006993006992
35 44 39 0.0 0.0 0.0 0.0 2.0 0.0 0.0 0.6993006993006992
35 44 40 0.0 0.0 20.0 0.0 364.0 7.0 0.0 0.5889777029869583
35 44 41 0.0 0.0 0.0 0.0 2.0 0.0 0.0 0.6993006993006992
35 44 42 0.0 0.0 9.0 0.0 217.0 1.0 0.0 0.6292134831460673
35 44 43 0.0 0.0 0.0 0.0 1.0 0.0 0.0 0.6996501749125437
35 44 44 0.0 0.0 0.0 0.0 1.0 0.0 0.0 0.6996501749125437
35 45 39 0.0 0.0 0.0 0.0 4.0 0.0 0.0 0.6986027944111775
35 45 40 0.0 0.0 0.0 0.0 1.0 0.0 0.0 0.6996501749125437
35 45 43 0.0 0.0 0.0 0.0 1.0 0.0 0.0 0.6996501749125437
36 35 40 0.0 0.0 0.0 0.0 2.0 0.0 0.0 0.6993006993006992
36 35 43 0.0 0.0 0.0 0.0 4.0 0.0 0.0 0.6986027944111775
36 35 44 0.0 0.0 0.0 0.0 4.0 0.0 0.0 0.6986027944111775
36 36 38 0.0 0.0 0.0 0.0 23.0 0.0 0.0 0.6920415224913494
36 36 39 0.0 0.0 1.0 0.0 146.0 0.0 0.0 0.6520726595249184
36 36 40 0.0 0.0 2.0 0.0 127.0 0.0 0.0 0.6578947368421051
36 36 41 0.0 0.0 59.0 0.0 1041.0 9.0 4.0 0.4527813712807244
36 36 42 0.0 0.0 15.0 0.0 283.0 2.0 0.0 0.6097560975609755
36 36 43 0.0 0.0 0.0 0.0 15.0 0.0 0.0 0.694789081885856
36 36 44 0.0 0.0 0.0 0.0 2.0 0.0 0.0 0.6993006993006992
36 37 37 0.0 0.0 1.0 0.0 25.0 0.0 0.0 0.6910167818361302
36 37 38 0.0 0.0 78.0 0.0 1662.0 14.0 19.0 0.3756372417493962
36 37 39 0.0 0.0 89.0 0.0 1600.0 7.0 11.0 0.3801248981808308
36 37 40 0.0 0.0 124.0 0.0 2885.0 17.0 56.0 0.2804487179487179
36 37 41 0.0 0.0 18.0 0.0 525.0 8.0 1.0 0.5522682445759368
36 37 42 0.0 0.0 91.0 0.0 1822.0 21.0 17.0 0.35961983046493706
36 37 43 0.0 0.0 1.0 0.0 38.0 0.0 0.0 0.6866110838646394
36 37 44 0.0 0.0 1.0 0.0 15.0 1.0 0.0 0.694789081885856
36 38 36 0.0 0.0 0.0 0.0 15.0 0.0 0.0 0.694789081885856
36 38 37 0.0 0.0 14.0 0.0 344.0 4.0 1.0 0.5949851253718657
36 38 38 0.0 0.0 31.0 0.0 622.0 5.0 1.0 0.5291005291005291
36 38 39 0.0 0.0 141.0 0.0 2826.0 23.0 60.0 0.2830570157703194
36 38 40 0.0 0.0 489.0 0.0 9452.0 24.0 2276.0 0.11735121542330258
36 38 41 0.0 0.0 138.0 0.0 3338.0 23.0 114.0 0.2566452795600366
36 38 42 0.0 0.0 1.0 0.0 62.0 0.0 0.0 0.6789524733268669
36 38 43 0.0 0.0 1.0 0.0 25.0 0.0 0.0 0.6910167818361302
36 38 44 0.0 0.0 0.0 0.0 14.0 0.0 0.0 0.6951340615690167
36 38 45 0.0 0.0 0.0 0.0 3.0 0.0 0.0 0.6989515726410384
36 39 36 0.0 0.0 1.0 0.0 21.0 1.0 0.0 0.6927263730826323
36 39 37 0.0 0.0 67.0 0.0 1902.0 18.0 27.0 0.35425101214574894
36 39 38 0.0 0.0 117.0 0.0 2747.0 16.0 69.0 0.28871932357187047
36 39 39 0.0 0.0 584.0 0.0 10273.0 22.0 2982.0 0.1089833411178577
36 39 40 0.0 0.0 338.0 0.0 7742.0 22.0 1174.0 0.13912352181258072
36 39 41 0.0 0.0 35.0 0.0 873.0 10.0 6.0 0.48309178743961345
36 39 42 0.0 0.0 10.0 0.0 287.0 4.0 0.0 0.6105538595726122
36 39 43 0.0 0.0 3.0 0.0 76.0 1.0 0.0 0.6740491092922483
36 39 44 0.0 0.0 0.0 0.0 7.0 0.0 0.0 0.6975585450921773
36 39 45 0.0 0.0 0.0 0.0 3.0 0.0 0.0 0.6989515726410384
36 40 35 0.0 0.0 0.0 0.0 1.0 0.0 0.0 0.6996501749125437
36 40 36 0.0 0.0 3.0 0.0 104.0 1.0 0.0 0.664767331433998
36 40 37 0.0 0.0 132.0 0.0 2486.0 15.0 41.0 0.303951367781155
36 40 38 0.0 0.0 786.0 0.0 11695.0 28.0 5532.0 0.09671179883945841
36 40 39 0.0 0.0 529.0 0.0 10007.0 26.0 3012.0 0.11180322632167385
36 40 40 0.0 0.0 129.0 0.0 3543.0 13.0 156.0 0.24739353242622367
36 40 41 0.0 0.0 192.0 0.0 4469.0 13.0 218.0 0.21058965102286398
36 40 42 0.0 0.0 46.0 0.0 1276.0 8.0 7.0 0.4224502112251055
36 40 43 0.0 0.0 71.0 0.0 1864.0 8.0 22.0 0.35650623885918
36 40 44 0.0 0.0 0.0 0.0 6.0 0.0 0.0 0.6979062811565303
36 41 35 0.0 0.0 0.0 0.0 6.0 0.0 0.0 0.6979062811565303
36 41 36 0.0 0.0 0.0 0.0 23.0 0.0 0.0 0.6920415224913494
36 41 37 0.0 0.0 168.0 0.0 3750.0 13.0 126.0 0.23704707077548254
36 41 38 0.0 0.0 655.0 0.0 10924.0 27.0 3583.0 0.10313835273316634
36 41 39 0.0 0.0 59.0 0.0 1823.0 6.0 22.0 0.36129032258064514
36 41 40 0.0 0.0 475.0 0.0 9068.0 27.0 1719.0 0.12148559527941685
36 41 41 0.0 0.0 243.0 0.0 5288.0 18.0 340.0 0.18629407850964733
36 41 42 0.0 0.0 205.0 0.0 4961.0 14.0 274.0 0.1957220746539913
36 41 43 0.0 0.0 14.0 0.0 394.0 4.0 2.0 0.5823627287853577
36 41 44 0.0 0.0 0.0 0.0 9.0 0.0 0.0 0.6968641114982577
36 42 35 0.0 0.0 0.0 0.0 1.0 0.0 0.0 0.6996501749125437
36 42 36 0.0 0.0 0.0 0.0 13.0 0.0 0.0 0.695479384003974
36 42 37 0.0 0.0 3.0 0.0 115.0 1.0 0.0 0.6613131790269249
36 42 38 0.0 0.0 251.0 0.0 5585.0 25.0 414.0 0.17921146953405012
36 42 39 0.0 0.0 77.0 0.0 1868.0 13.0 17.0 0.3560528992878942
36 42 40 0.0 0.0 222.0 0.0 5318.0 19.0 399.0 0.18607123870281764
36 42 41 0.0 0.0 158.0 0.0 3697.0 20.0 128.0 0.23980815347721815
36 42 42 0.0 0.0 153.0 0.0 3488.0 15.0 95.0 0.24880042651501685
36 42 43 0.0 0.0 221.0 0.0 5281.0 14.0 390.0 0.18691588785046725
36 42 44 0.0 0.0 0.0 0.0 7.0 0.0 0.0 0.6975585450921773
36 43 36 0.0 0.0 5.0 0.0 140.0 0.0 0.0 0.6526806526806526
36 43 37 0.0 0.0 2.0 0.0 72.0 0.0 0.0 0.6750241080038573
36 43 38 0.0 0.0 108.0 0.0 2090.0 17.0 19.0 0.33484812245874185
36 43 39 0.0 0.0 84.0 0.0 2173.0 12.0 32.0 0.32987747408105556
36 43 40 0.0 0.0 146.0 0.0 3375.0 15.0 81.0 0.254314259763851
36 43 41 0.0 0.0 76.0 0.0 1757.0 13.0 17.0 0.3664921465968586
36 43 42 0.0 0.0 76.0 0.0 1577.0 11.0 9.0 0.38450975006866245
36 43 43 0.0 0.0 19.0 0.0 432.0 5.0 0.0 0.5723630417007358
36 43 44 0.0 0.0 0.0 0.0 6.0 0.0 0.0 0.6979062811565303
36 44 36 0.0 0.0 0.0 0.0 1.0 0.0 0.0 0.6996501749125437
36 44 37 0.0 0.0 0.0 0.0 12.0 0.0 0.0 0.6958250497017892
36 44 38 0.0 0.0 17.0 0.0 294.0 5.0 0.0 0.6071118820468342
36 44 39 0.0 0.0 128.0 0.0 3234.0 13.0 94.0 0.2617311647036829
36 44 40 0.0 0.0 7.0 0.0 189.0 1.0 0.0 0.6378132118451024
36 44 41 0.0 0.0 174.0 0.0 3544.0 16.0 104.0 0.24552788495264816
36 44 42 0.0 0.0 95.0 0.0 2341.0 7.0 36.0 0.31609844208624965
36 44 43 0.0 0.0 0.0 0.0 7.0 0.0 0.0 0.6975585450921773
36 44 44 0.0 0.0 0.0 0.0 1.0 0.0 0.0 0.6996501749125437
36 45 38 0.0 0.0 0.0 0.0 2.0 0.0 0.0 0.6993006993006992
36 45 39 0.0 0.0 0.0 0.0 8.0 0.0 0.0 0.697211155378486
36 45 40 0.0 0.0 1.0 0.0 58.0 1.0 0.0 0.6806028196402526
36 45 41 0.0 0.0 2.0 0.0 33.0 0.0 0.0 0.6879606879606879
36 45 42 0.0 0.0 1.0 0.0 6.0 0.0 0.0 0.6975585450921773
37 35 37 0.0 0.0 1.0 0.0 4.0 1.0 0.0 0.6986027944111775
37 35 38 0.0 0.0 0.0 0.0 4.0 0.0 0.0 0.6986027944111775
37 35 39 0.0 0.0 2.0 0.0 19.0 0.0 0.0 0.6927263730826323
37 35 40 0.0 0.0 0.0 0.0 4.0 0.0 0.0 0.6986027944111775
37 35 41 0.0 0.0 0.0 0.0 15.0 0.0 0.0 0.694789081885856
37 35 42 0.0 0.0 0.0 0.0 15.0 0.0 0.0 0.694789081885856
37 35 43 0.0 0.0 0.0 0.0 3.0 0.0 0.0 0.6989515726410384
37 35 44 0.0 0.0 0.0 0.0 8.0 0.0 0.0 0.697211155378486
37 36 36 0.0 0.0 0.0 0.0 12.0 0.0 0.0 0.6958250497017892
37 36 37 0.0 0.0 0.0 0.0 32.0 0.0 0.0 0.6889763779527558
37 36 38 0.0 0.0 1.0 0.0 133.0 2.0 0.0 0.6566604127579737
37 36 39 0.0 0.0 21.0 0.0 544.0 3.0 2.0 0.5466614603670441
37 36 40 0.0 0.0 70.0 0.0 1765.0 12.0 13.0 0.3662045513994245
37 36 41 0.0 0.0 48.0 0.0 1403.0 10.0 21.0 0.4067402672864613
37 36 42 0.0 0.0 14.0 0.0 593.0 2.0 0.0 0.5374280230326295
37 36 43 0.0 0.0 220.0 0.0 4961.0 21.0 261.0 0.1954761239877129
37 36 44 0.0 0.0 1.0 0.0 79.0 0.0 0.0 0.6730769230769229
37 37 35 0.0 0.0 0.0 0.0 11.0 0.0 0.0 0.6961710591745399
37 37 36 0.0 0.0 2.0 0.0 30.0 0.0 0.0 0.6889763779527558
37 37 37 0.0 0.0 33.0 0.0 676.0 10.0 0.0 0.5187106335679881
37 37 38 0.0 0.0 69.0 0.0 1674.0 13.0 19.0 0.3753351206434316
37 37 39 0.0 0.0 533.0 0.0 9832.0 26.0 2556.0 0.11335114565622215
37 37 40 0.0 0.0 886.0 0.0 12318.0 40.0 7982.0 0.09218410482649635
37 37 41 0.0 0.0 466.0 0.0 9212.0 18.0 1779.0 0.11992461881103306
37 37 42 0.0 0.0 189.0 0.0 4254.0 19.0 178.0 0.21789883268482485
37 37 43 0.0 0.0 149.0 0.0 3747.0 9.0 152.0 0.23781212841854932
37 37 44 0.0 0.0 0.0 0.0 34.0 0.0 0.0 0.6882989183874139
37 37 45 0.0 0.0 0.0 0.0 2.0 0.0 0.0 0.6993006993006992
37 37 46 0.0 0.0 0.0 0.0 2.0 0.0 0.0 0.6993006993006992
37 38 35 0.0 0.0 0.0 0.0 6.0 0.0 0.0 0.6979062811565303
37 38 36 0.0 0.0 0.0 0.0 46.0 0.0 0.0 0.6842619745845552
37 38 37 0.0 0.0 33.0 0.0 1000.0 8.0 13.0 0.46280991735537186
37 38 38 0.0 0.0 426.0 0.0 9097.0 19.0 2224.0 0.12162279558682998
37 38 39 0.0 0.0 435.0 0.0 8661.0 28.0 1579.0 0.12638801119436668
37 38 40 0.0 0.0 387.0 0.0 7427.0 28.0 909.0 0.14303228442991414
37 38 41 0.0 0.0 632.0 0.0 10729.0 27.0 4087.0 0.10489248520266725
37 38 42 0.0 0.0 169.0 0.0 4290.0 17.0 200.0 0.21712158808933
37 38 43 0.0 0.0 352.0 0.0 6618.0 22.0 535.0 0.15644206056542628
37 38 44 0.0 0.0 223.0 0.0 4718.0 16.0 247.0 0.20207852193995376
37 38 45 0.0 0.0 6.0 0.0 90.0 1.0 0.0 0.6682577565632457
37 38 46 0.0 0.0 0.0 0.0 1.0 0.0 0.0 0.6996501749125437
37 39 35 0.0 0.0 0.0 0.0 4.0 0.0 0.0 0.6986027944111775
37 39 36 0.0 0.0 4.0 0.0 190.0 2.0 1.0 0.6386861313868613
37 39 37 0.0 0.0 468.0 0.0 8550.0 31.0 1406.0 0.1272842985725975
37 39 38 0.0 0.0 658.0 0.0 10867.0 19.0 3854.0 0.10351201478743068
37 39 39 0.0 0.0 854.0 0.0 12197.0 28.0 7643.0 0.09304180235262842
37 39 40 0.0 0.0 708.0 0.0 11656.0 23.0 5117.0 0.0975473801560758
37 39 41 0.0 0.0 662.0 0.0 10989.0 22.0 3987.0 0.10258664908038395
37 39 42 0.0 0.0 248.0 0.0 5746.0 18.0 429.0 0.17552657973921762
37 39 43 0.0 0.0 106.0 0.0 2769.0 18.0 65.0 0.2883625128733264
37 39 44 0.0 0.0 15.0 0.0 378.0 6.0 1.0 0.5865102639296187
37 39 45 0.0 0.0 0.0 0.0 6.0 0.0 0.0 0.6979062811565303
37 39 46 0.0 0.0 0.0 0.0 1.0 0.0 0.0 0.6996501749125437
37 40 35 0.0 0.0 0.0 0.0 7.0 0.0 0.0 0.6975585450921773
37 40 36 0.0 0.0 98.0 0.0 2203.0 10.0 37.0 0.3261882572227399
37 40 37 0.0 0.0 266.0 0.0 5372.0 23.0 290.0 0.18372703412073488
37 40 38 0.0 0.0 473.0 0.0 9207.0 18.0 2108.0 0.1199657240788346
37 40 39 0.0 0.0 1460.0 0.0 12977.0 49.0 18944.0 0.0852411105698977
37 40 40 0.0 0.0 946.0 0.0 12388.0 39.0 9528.0 0.09135995823544765
37 40 41 0.0 0.0 811.0 0.0 12027.0 28.0 7227.0 0.09438414346389805
37 40 42 0.0 0.0 460.0 0.0 8941.0 21.0 1608.0 0.12288247169314491
37 40 43 0.0 0.0 307.0 0.0 6291.0 15.0 539.0 0.163075131042516
37 40 44 0.0 0.0 1.0 0.0 78.0 0.0 0.0 0.6737247353224253
37 40 45 0.0 0.0 0.0 0.0 2.0 0.0 0.0 0.6993006993006992
37 40 46 0.0 0.0 0.0 0.0 1.0 0.0 0.0 0.6996501749125437
37 41 35 0.0 0.0 0.0 0.0 7.0 0.0 0.0 0.6975585450921773
37 41 36 0.0 0.0 239.0 0.0 5287.0 28.0 315.0 0.18656716417910446
37 41 37 0.0 0.0 308.0 0.0 6656.0 24.0 607.0 0.15649452269170577
37 41 38 0.0 0.0 355.0 0.0 7789.0 24.0 1185.0 0.13835359225219881
37 41 39 0.0 0.0 877.0 0.0 12107.0 26.0 7226.0 0.09342052582410248
37 41 40 0.0 0.0 860.0 0.0 12166.0 35.0 5853.0 0.09324009324009323
37 41 41 0.0 0.0 629.0 0.0 10899.0 26.0 4435.0 0.10357327809425168
37 41 42 0.0 0.0 279.0 0.0 6541.0 29.0 686.0 0.15919945417329998
37 41 43 0.0 0.0 172.0 0.0 3803.0 24.0 141.0 0.23517554174365862
37 41 44 0.0 0.0 6.0 0.0 83.0 2.0 0.0 0.670819357930043
37 41 45 0.0 0.0 0.0 0.0 1.0 0.0 0.0 0.6996501749125437
37 42 35 0.0 0.0 37.0 0.0 781.0 7.0 5.0 0.49804340092493765
37 42 36 0.0 0.0 0.0 0.0 59.0 0.0 0.0 0.6799417192812044
37 42 37 0.0 0.0 157.0 0.0 3692.0 16.0 101.0 0.23989033584647015
37 42 38 0.0 0.0 199.0 0.0 5431.0 19.0 449.0 0.1838718150774888
37 42 39 0.0 0.0 777.0 0.0 11879.0 21.0 6255.0 0.09556313993174059
37 42 40 0.0 0.0 1145.0 0.0 12830.0 44.0 12755.0 0.08761499468051817
37 42 41 0.0 0.0 646.0 0.0 11046.0 29.0 4529.0 0.10236162901221027
37 42 42 0.0 0.0 750.0 0.0 11583.0 22.0 5471.0 0.09771759614713477
37 42 43 0.0 0.0 94.0 0.0 2606.0 8.0 66.0 0.2984438286079727
37 42 44 0.0 0.0 8.0 0.0 201.0 4.0 0.0 0.6349206349206349
37 42 45 0.0 0.0 0.0 0.0 2.0 0.0 0.0 0.6993006993006992
37 43 35 0.0 0.0 0.0 0.0 12.0 1.0 0.0 0.6961710591745399
37 43 36 0.0 0.0 2.0 0.0 93.0 0.0 0.0 0.6682577565632457
37 43 37 0.0 0.0 147.0 0.0 3156.0 15.0 71.0 0.26475037821482594
37 43 38 0.0 0.0 477.0 0.0 9695.0 23.0 2663.0 0.11505588428665349
37 43 39 0.0 0.0 626.0 0.0 10891.0 17.0 4668.0 0.10352732381867927
37 43 40 0.0 0.0 583.0 0.0 10665.0 32.0 3741.0 0.10579611577117812
37 43 41 0.0 0.0 396.0 0.0 8593.0 24.0 1737.0 0.1276091513991432
37 43 42 0.0 0.0 202.0 0.0 4456.0 12.0 193.0 0.21058965102286398
37 43 43 0.0 0.0 216.0 0.0 4217.0 15.0 191.0 0.21806853582554514
37 43 44 0.0 0.0 0.0 0.0 6.0 0.0 0.0 0.6979062811565303
37 44 36 0.0 0.0 0.0 0.0 4.0 0.0 0.0 0.6986027944111775
37 44 37 0.0 0.0 0.0 0.0 55.0 0.0 0.0 0.6812652068126519
37 44 38 0.0 0.0 13.0 0.0 577.0 5.0 2.0 0.541586073500967
37 44 39 0.0 0.0 141.0 0.0 3234.0 15.0 88.0 0.26119402985074625
37 44 40 0.0 0.0 127.0 0.0 3068.0 18.0 65.0 0.27047913446676963
37 44 41 0.0 0.0 311.0 0.0 6374.0 20.0 575.0 0.1614391143911439
37 44 42 0.0 0.0 178.0 0.0 3596.0 16.0 108.0 0.2431399791594303
37 44 43 0.0 0.0 1.0 0.0 37.0 0.0 0.0 0.6869479882237487
37 44 44 0.0 0.0 0.0 0.0 5.0 0.0 0.0 0.6982543640897755
37 45 37 0.0 0.0 0.0 0.0 2.0 0.0 0.0 0.6993006993006992
37 45 38 0.0 0.0 0.0 0.0 9.0 0.0 0.0 0.6968641114982577
37 45 39 0.0 0.0 0.0 0.0 15.0 0.0 0.0 0.694789081885856
37 45 40 0.0 0.0 0.0 0.0 52.0 1.0 0.0 0.68259385665529
37 45 41 0.0 0.0 6.0 0.0 163.0 0.0 0.0 0.6454587367450437
37 45 42 0.0 0.0 0.0 0.0 26.0 0.0 0.0 0.6910167818361302
37 46 39 0.0 0.0 0.0 0.0 2.0 0.0 0.0 0.6993006993006992
37 46 40 0.0 0.0 0.0 0.0 3.0 0.0 0.0 0.6989515726410384
37 46 41 0.0 0.0 0.0 0.0 2.0 0.0 0.0 0.6993006993006992
37 46 42 0.0 0.0 3.0 0.0 101.0 1.0 0.0 0.6657156443176413
38 34 40 0.0 0.0 0.0 0.0 1.0 0.0 0.0 0.6996501749125437
38 35 36 0.0 0.0 0.0 0.0 2.0 0.0 0.0 0.6993006993006992
38 35 37 0.0 0.0 0.0 0.0 16.0 0.0 0.0 0.6944444444444444
38 35 38 0.0 0.0 0.0 0.0 18.0 0.0 0.0 0.6937561942517343
38 35 39 0.0 0.0 2.0 0.0 67.0 0.0 0.0 0.6766553890768486
38 35 40 0.0 0.0 11.0 0.0 257.0 2.0 0.0 0.6178287731685789
38 35 41 0.0 0.0 11.0 0.0 269.0 1.0 0.0 0.6143045195261079
38 35 42 0.0 0.0 0.0 0.0 25.0 0.0 0.0 0.6913580246913579
38 35 43 0.0 0.0 0.0 0.0 9.0 0.0 0.0 0.6968641114982577
38 35 44 0.0 0.0 0.0 0.0 4.0 0.0 0.0 0.6986027944111775
38 36 35 0.0 0.0 0.0 0.0 3.0 0.0 0.0 0.6989515726410384
38 36 36 0.0 0.0 0.0 0.0 55.0 0.0 0.0 0.6815968841285296
38 36 37 0.0 0.0 226.0 0.0 4541.0 21.0 200.0 0.20740740740740737
38 36 38 0.0 0.0 99.0 0.0 2475.0 26.0 59.0 0.3078953155926984
38 36 39 0.0 0.0 127.0 0.0 2745.0 20.0 59.0 0.2885408079142621
38 36 40 0.0 0.0 295.0 0.0 6509.0 13.0 585.0 0.15919945417329998
38 36 41 0.0 0.0 206.0 0.0 5341.0 16.0 413.0 0.18587360594795535
38 36 42 0.0 0.0 62.0 0.0 1818.0 9.0 23.0 0.3617571059431524
38 36 43 0.0 0.0 126.0 0.0 2419.0 13.0 41.0 0.30891438658428944
38 36 44 0.0 0.0 2.0 0.0 109.0 0.0 0.0 0.6631927996210326
38 37 35 0.0 0.0 0.0 0.0 14.0 0.0 0.0 0.6951340615690167
38 37 36 0.0 0.0 224.0 0.0 5212.0 21.0 313.0 0.18875556154779558
38 37 37 0.0 0.0 54.0 0.0 1943.0 8.0 22.0 0.3509651541739784
38 37 38 0.0 0.0 576.0 0.0 10292.0 20.0 2814.0 0.10888163011354797
38 37 39 0.0 0.0 388.0 0.0 8229.0 18.0 1394.0 0.13202565069784986
38 37 40 0.0 0.0 844.0 0.0 12104.0 26.0 7463.0 0.0936642804576169
38 37 41 0.0 0.0 559.0 0.0 10171.0 30.0 3004.0 0.11014948859166011
38 37 42 0.0 0.0 810.0 0.0 11787.0 29.0 6594.0 0.09596928982725526
38 37 43 0.0 0.0 544.0 0.0 10176.0 33.0 3123.0 0.11019283746556473
38 37 44 0.0 0.0 147.0 0.0 3203.0 19.0 82.0 0.26256564141035255
38 37 45 0.0 0.0 0.0 0.0 55.0 0.0 0.0 0.6815968841285296
38 37 46 0.0 0.0 0.0 0.0 1.0 0.0 0.0 0.6996501749125437
38 38 35 0.0 0.0 4.0 0.0 145.0 3.0 0.0 0.6523765144454798
38 38 36 0.0 0.0 195.0 0.0 4200.0 13.0 164.0 0.2193326022246592
38 38 37 0.0 0.0 254.0 0.0 6103.0 19.0 550.0 0.16782546152001915
38 38 38 0.0 0.0 981.0 0.0 12479.0 31.0 11236.0 0.09058557101261726
38 38 39 0.0 0.0 1212.0 0.0 12911.0 30.0 13933.0 0.0868001736003472
38 38 40 0.0 0.0 1692.0 0.0 12607.0 45.0 23992.0 0.08595284872298624
38 38 41 0.0 0.0 1515.0 0.0 13069.0 37.0 19718.0 0.08440344848375232
38 38 42 0.0 0.0 1077.0 0.0 13140.0 26.0 9198.0 0.08631319358816275
38 38 43 0.0 0.0 342.0 0.0 6496.0 20.0 542.0 0.15864022662889515
38 38 44 0.0 0.0 59.0 0.0 1344.0 8.0 12.0 0.4123711340206185
38 38 45 0.0 0.0 216.0 0.0 3866.0 27.0 89.0 0.23117569352708053
38 38 46 0.0 0.0 2.0 0.0 12.0 1.0 0.0 0.695479384003974
38 39 35 0.0 0.0 30.0 0.0 754.0 7.0 1.0 0.5041411595246669
38 39 36 0.0 0.0 83.0 0.0 2176.0 7.0 36.0 0.32910202162670427
38 39 37 0.0 0.0 521.0 0.0 9858.0 21.0 2462.0 0.11320449583569175
38 39 38 0.0 0.0 1503.0 0.0 12668.0 47.0 20434.0 0.08658544127651678
38 39 39 0.0 0.0 2016.0 0.0 11925.0 54.0 32850.0 0.08787346221441124
38 39 40 0.0 0.0 2155.0 0.0 12495.0 62.0 31609.0 0.0841194496184582
38 39 41 0.0 0.0 1850.0 0.0 12536.0 46.0 27773.0 0.08547530374259721
38 39 42 0.0 0.0 1023.0 0.0 12548.0 29.0 9813.0 0.08994539029874718
38 39 43 0.0 0.0 786.0 0.0 11967.0 36.0 6517.0 0.09497964721845319
38 39 44 0.0 0.0 188.0 0.0 3884.0 20.0 145.0 0.23125206475057808
38 39 45 0.0 0.0 44.0 0.0 1019.0 6.0 3.0 0.4579653254824991
38 39 46 0.0 0.0 0.0 0.0 3.0 0.0 0.0 0.6989515726410384
38 40 35 0.0 0.0 2.0 0.0 54.0 0.0 0.0 0.6809338521400777
38 40 36 0.0 0.0 78.0 0.0 1850.0 11.0 23.0 0.3573251659009698
38 40 37 0.0 0.0 630.0 0.0 10744.0 24.0 3320.0 0.10477473432120939
38 40 38 0.0 0.0 1495.0 0.0 12853.0 48.0 20026.0 0.0856478649210816
38 40 39 0.0 0.0 2546.0 0.0 11211.0 65.0 44434.0 0.0888719608963372
38 40 40 0.0 0.0 2416.0 2.0 12071.0 62.0 37649.0 0.08495661144486923
38 40 41 0.0 2.0 1513.0 3.0 12998.0 46.0 19511.0 0.08476115517345764
38 40 42 0.0 0.0 1367.0 0.0 12811.0 42.0 17314.0 0.08650519031141868
38 40 43 0.0 0.0 515.0 0.0 10010.0 20.0 2806.0 0.11185682326621922
38 40 44 0.0 0.0 5.0 0.0 247.0 2.0 1.0 0.6222222222222221
38 40 45 0.0 0.0 18.0 0.0 650.0 7.0 1.0 0.5261180007515971
38 41 35 0.0 0.0 0.0 0.0 16.0 0.0 0.0 0.6944444444444444
38 41 36 0.0 0.0 34.0 0.0 826.0 7.0 4.0 0.49088359046283303
38 41 37 0.0 0.0 485.0 0.0 9326.0 22.0 1993.0 0.11866418036955416
38 41 38 0.0 0.0 1141.0 0.0 12829.0 26.0 12645.0 0.08759306763436149
38 41 39 0.0 0.0 2134.0 0.0 11859.0 51.0 34389.0 0.08750546909181822
38 41 40 0.0 0.0 2371.0 0.0 12010.0 58.0 37498.0 0.08548052265233849
38 41 41 0.0 0.0 1615.0 0.0 12792.0 45.0 21849.0 0.08528784648187633
38 41 42 0.0 0.0 996.0 0.0 12809.0 38.0 8340.0 0.08866371120962634
38 41 43 0.0 0.0 256.0 0.0 5762.0 22.0 414.0 0.17504376094023502
38 41 44 0.0 0.0 227.0 0.0 5051.0 21.0 280.0 0.19281090758848643
38 41 45 0.0 0.0 1.0 0.0 15.0 0.0 0.0 0.6944444444444444
38 42 34 0.0 0.0 0.0 0.0 2.0 0.0 0.0 0.6993006993006992
38 42 35 0.0 0.0 0.0 0.0 27.0 0.0 0.0 0.6906758756783422
38 42 36 0.0 0.0 206.0 0.0 5264.0 26.0 380.0 0.18802041364491
38 42 37 0.0 0.0 403.0 0.0 8531.0 16.0 1542.0 0.12819338888380183
38 42 38 0.0 0.0 995.0 0.0 12666.0 41.0 10765.0 0.08945686900958466
38 42 39 0.0 0.0 1599.0 0.0 12376.0 39.0 25078.0 0.08761499468051817
38 42 40 0.0 0.0 1533.0 0.0 12598.0 37.0 21934.0 0.0867894116917736
38 42 41 0.0 0.0 1723.0 0.0 12172.0 53.0 27620.0 0.08815565770417479
38 42 42 0.0 0.0 833.0 0.0 12048.0 35.0 6288.0 0.09413030323404827
38 42 43 0.0 0.0 99.0 0.0 2566.0 12.0 57.0 0.3006872852233677
38 42 44 0.0 0.0 40.0 0.0 917.0 8.0 2.0 0.4747371990505256
38 42 45 0.0 0.0 0.0 0.0 3.0 0.0 0.0 0.6989515726410384
38 43 34 0.0 0.0 0.0 0.0 3.0 0.0 0.0 0.6989515726410384
38 43 35 0.0 0.0 0.0 0.0 8.0 0.0 0.0 0.697211155378486
38 43 36 0.0 0.0 38.0 0.0 975.0 4.0 6.0 0.46527085410435354
38 43 37 0.0 0.0 283.0 0.0 6324.0 23.0 570.0 0.16303714917899148
38 43 38 0.0 0.0 576.0 0.0 10451.0 25.0 3468.0 0.1074856046065259
38 43 39 0.0 0.0 610.0 0.0 10851.0 28.0 3517.0 0.1041279285979918
38 43 40 0.0 0.0 837.0 0.0 12141.0 32.0 8334.0 0.09353911939600454
38 43 41 0.0 0.0 714.0 0.0 11559.0 24.0 6044.0 0.09810104407539764
38 43 42 0.0 0.0 527.0 0.0 9877.0 24.0 2414.0 0.11301259283177269
38 43 43 0.0 0.0 99.0 0.0 2347.0 11.0 45.0 0.31567080045095824
38 43 44 0.0 0.0 0.0 0.0 13.0 1.0 0.0 0.6958250497017892
38 43 45 0.0 0.0 0.0 0.0 2.0 0.0 0.0 0.6993006993006992
38 44 34 0.0 0.0 0.0 0.0 2.0 0.0 0.0 0.6993006993006992
38 44 35 0.0 0.0 0.0 0.0 2.0 0.0 0.0 0.6993006993006992
38 44 36 0.0 0.0 1.0 0.0 13.0 0.0 0.0 0.6951340615690167
38 44 37 0.0 0.0 2.0 0.0 104.0 0.0 0.0 0.6650831353919239
38 44 38 0.0 0.0 123.0 0.0 3054.0 15.0 75.0 0.2711601781909742
38 44 39 0.0 0.0 256.0 0.0 5721.0 20.0 420.0 0.1758352172820899
38 44 40 0.0 0.0 373.0 0.0 7631.0 30.0 1034.0 0.1403086790940068
38 44 41 0.0 0.0 480.0 0.0 9225.0 21.0 1867.0 0.11979122101480275
38 44 42 0.0 0.0 50.0 0.0 1375.0 9.0 17.0 0.40995607613469975
38 44 43 0.0 0.0 33.0 0.0 678.0 9.0 5.0 0.5183265457238059
38 44 44 0.0 0.0 0.0 0.0 5.0 0.0 0.0 0.6982543640897755
38 45 38 0.0 0.0 3.0 0.0 49.0 0.0 0.0 0.6822612085769979
38 45 39 0.0 0.0 81.0 0.0 1671.0 13.0 15.0 0.3744316662209146
38 45 40 0.0 0.0 246.0 0.0 4818.0 25.0 212.0 0.19883539269990058
38 45 41 0.0 0.0 307.0 0.0 6385.0 23.0 562.0 0.1614391143911439
38 45 42 0.0 0.0 44.0 0.0 843.0 12.0 2.0 0.48695652173913034
38 45 43 0.0 0.0 1.0 0.0 39.0 0.0 0.0 0.6862745098039215
38 46 39 0.0 0.0 0.0 0.0 4.0 0.0 0.0 0.6986027944111775
38 46 40 0.0 0.0 1.0 0.0 55.0 0.0 0.0 0.6809338521400777
38 46 41 0.0 0.0 6.0 0.0 34.0 1.0 0.0 0.6866110838646394
38 46 42 0.0 0.0 0.0 0.0 11.0 0.0 0.0 0.6961710591745399
39 34 40 0.0 0.0 0.0 0.0 1.0 0.0 0.0 0.6996501749125437
39 34 41 0.0 0.0 0.0 0.0 1.0 0.0 0.0 0.6996501749125437
39 34 42 0.0 0.0 0.0 0.0 3.0 0.0 0.0 0.6989515726410384
39 34 43 0.0 0.0 1.0 0.0 1.0 0.0 0.0 0.6993006993006992
39 35 36 0.0 0.0 0.0 0.0 5.0 0.0 0.0 0.6982543640897755
39 35 37 0.0 0.0 0.0 0.0 31.0 1.0 0.0 0.689655172413793
39 35 38 0.0 0.0 0.0 0.0 28.0 0.0 0.0 0.690335305719921
39 35 39 0.0 0.0 97.0 0.0 2196.0 12.0 28.0 0.32695002335357304
39 35 40 0.0 0.0 8.0 0.0 249.0 3.0 0.0 0.6211180124223601
39 35 41 0.0 0.0 173.0 0.0 3330.0 25.0 80.0 0.2555210804891403
39 35 42 0.0 0.0 104.0 0.0 2158.0 16.0 34.0 0.32964445490934774
39 35 43 0.0 0.0 22.0 0.0 426.0 5.0 1.0 0.5730659025787964
39 35 44 0.0 0.0 0.0 0.0 5.0 0.0 0.0 0.6982543640897755
39 36 35 0.0 0.0 0.0 0.0 9.0 0.0 0.0 0.6968641114982577
39 36 36 0.0 0.0 71.0 0.0 2316.0 11.0 38.0 0.319926873857404
39 36 37 0.0 0.0 179.0 0.0 4003.0 20.0 120.0 0.2271989613761765
39 36 38 0.0 0.0 405.0 0.0 7977.0 16.0 1124.0 0.1349007515899017
39 36 39 0.0 0.0 91.0 0.0 2315.0 10.0 38.0 0.3184713375796178
39 36 40 0.0 0.0 309.0 0.0 6745.0 19.0 660.0 0.15493581230633022
39 36 41 0.0 0.0 529.0 0.0 9510.0 24.0 2410.0 0.11648223645894
39 36 42 0.0 0.0 258.0 0.0 6074.0 11.0 469.0 0.16810758885686838
39 36 43 0.0 0.0 95.0 0.0 2555.0 13.0 50.0 0.3017241379310344
39 36 44 0.0 0.0 0.0 0.0 63.0 0.0 0.0 0.6789524733268669
39 36 45 0.0 0.0 0.0 0.0 10.0 0.0 0.0 0.6965174129353233
39 37 35 0.0 0.0 2.0 0.0 40.0 1.0 0.0 0.6859382655560998
39 37 36 0.0 0.0 76.0 0.0 2211.0 12.0 38.0 0.32748538011695905
39 37 37 0.0 0.0 845.0 0.0 12116.0 30.0 6368.0 0.09365174928088833
39 37 38 0.0 0.0 646.0 0.0 11060.0 29.0 4601.0 0.10227936879018117
39 37 39 0.0 0.0 742.0 0.0 11256.0 33.0 3843.0 0.10014306151645207
39 37 40 0.0 0.0 1049.0 0.0 12768.0 35.0 11327.0 0.08859077390368916
39 37 41 0.0 0.0 1474.0 0.0 12771.0 44.0 20472.0 0.08621220518504832
39 37 42 0.0 0.0 1136.0 0.0 12988.0 33.0 12883.0 0.08679479231246125
39 37 43 0.0 0.0 451.0 0.0 8554.0 28.0 1454.0 0.1274697259400892
39 37 44 0.0 0.0 30.0 0.0 937.0 8.0 11.0 0.4732927653820148
39 37 45 0.0 0.0 0.0 0.0 26.0 1.0 0.0 0.6913580246913579
39 38 35 0.0 0.0 26.0 0.0 726.0 8.0 1.0 0.510204081632653
39 38 36 0.0 0.0 275.0 0.0 6394.0 13.0 613.0 0.1616814874696847
39 38 37 0.0 0.0 1019.0 0.0 12304.0 30.0 12670.0 0.09131824408062095
39 38 38 0.0 0.0 1235.0 0.0 13117.0 35.0 13370.0 0.08561120283739986
39 38 39 0.0 0.0 1639.0 0.0 12986.0 55.0 22134.0 0.08431195423065341
39 38 40 0.0 0.0 2536.0 0.0 11474.0 53.0 43290.0 0.0873253493013972
39 38 41 0.0 0.0 2268.0 0.0 11903.0 50.0 36195.0 0.08656937917388077
39 38 42 0.0 0.0 1160.0 0.0 12731.0 40.0 12888.0 0.08817231389343745
39 38 43 0.0 0.0 451.0 0.0 9085.0 20.0 1773.0 0.1215172294071695
39 38 44 0.0 0.0 676.0 0.0 11077.0 19.0 4415.0 0.10177377144518755
39 38 45 0.0 0.0 10.0 0.0 226.0 2.0 0.0 0.6266786034019695
39 39 34 0.0 0.0 0.0 0.0 3.0 0.0 0.0 0.6989515726410384
39 39 35 0.0 0.0 7.0 0.0 170.0 4.0 0.0 0.6442705936493326
39 39 36 0.0 0.0 572.0 0.0 9950.0 22.0 2547.0 0.11183895190925067
39 39 37 0.0 0.0 1114.0 0.0 12926.0 25.0 11891.0 0.08722741433021806
39 39 38 0.0 0.0 1817.0 0.0 12886.0 37.0 24316.0 0.08375710439724797
39 39 39 1.0 0.0 2901.0 1.0 10964.0 57.0 50842.0 0.0881778673552938
39 39 40 0.0 0.0 3516.0 0.0 8707.0 61.0 76912.0 0.09843903810997047
39 39 41 0.0 0.0 3124.0 0.0 9836.0 63.0 61829.0 0.09360165808651466
39 39 42 0.0 0.0 1442.0 0.0 13435.0 43.0 16825.0 0.08296296296296296
39 39 43 0.0 0.0 699.0 0.0 11394.0 30.0 4567.0 0.09950956002558815
39 39 44 0.0 0.0 157.0 0.0 3325.0 12.0 80.0 0.25603511338697876
39 39 45 0.0 0.0 0.0 0.0 53.0 0.0 0.0 0.6819288845591815
39 39 46 0.0 0.0 0.0 0.0 2.0 0.0 0.0 0.6993006993006992
39 40 34 0.0 0.0 0.0 0.0 2.0 0.0 0.0 0.6993006993006992
39 40 35 0.0 0.0 10.0 0.0 198.0 2.0 0.0 0.6349206349206349
39 40 36 0.0 0.0 240.0 0.0 5347.0 19.0 340.0 0.18496498876998277
39 40 37 0.0 0.0 687.0 0.0 11488.0 24.0 5373.0 0.09881422924901184
39 40 38 0.0 0.0 2086.0 0.0 12073.0 55.0 32859.0 0.08667120658701169
39 40 39 1.0 0.0 3489.0 0.0 8122.0 86.0 82508.0 0.10291847386605894
39 40 40 1.0 0.0 3482.0 1.0 10010.0 60.0 65043.0 0.09029345372460496
39 40 41 1.0 2.0 2621.0 3.0 11632.0 61.0 43020.0 0.08609556607834695
39 40 42 0.0 0.0 1626.0 0.0 12715.0 32.0 22683.0 0.08563738683631024
39 40 43 0.0 0.0 431.0 0.0 8534.0 27.0 1513.0 0.12790060295998537
39 40 44 0.0 0.0 335.0 0.0 6817.0 30.0 674.0 0.15344147303814112
39 40 45 0.0 0.0 0.0 0.0 18.0 0.0 0.0 0.6937561942517343
39 41 34 0.0 0.0 0.0 0.0 3.0 0.0 0.0 0.6989515726410384
39 41 35 0.0 0.0 94.0 0.0 1469.0 11.0 10.0 0.39414414414414406
39 41 36 0.0 0.0 274.0 0.0 5679.0 26.0 363.0 0.1765002521432173
39 41 37 0.0 0.0 751.0 0.0 11655.0 24.0 5720.0 0.0972087210109707
39 41 38 0.0 1.0 1752.0 0.0 12903.0 47.0 23503.0 0.08410428931875524
39 41 39 0.0 3.0 3066.0 5.0 10674.0 59.0 54735.0 0.08888888888888888
39 41 40 0.0 0.0 3266.0 0.0 9685.0 65.0 64735.0 0.09357037829167222
39 41 41 0.0 0.0 2899.0 0.0 10453.0 74.0 54844.0 0.09121115382109583
39 41 42 0.0 0.0 1312.0 0.0 13055.0 40.0 14897.0 0.08559550012227927
39 41 43 0.0 0.0 963.0 0.0 12530.0 35.0 9781.0 0.09036338991802748
39 41 44 0.0 0.0 170.0 0.0 3520.0 23.0 87.0 0.247087892693258
39 41 45 0.0 0.0 0.0 0.0 31.0 0.0 0.0 0.6893156080748399
39 42 34 0.0 0.0 0.0 0.0 1.0 0.0 0.0 0.6996501749125437
39 42 35 0.0 0.0 58.0 0.0 1004.0 18.0 4.0 0.45992115637319314
39 42 36 0.0 0.0 235.0 0.0 5385.0 17.0 403.0 0.18404101485473906
39 42 37 0.0 0.0 718.0 0.0 11326.0 18.0 4428.0 0.09967960128159485
39 42 38 0.0 0.0 1315.0 0.0 12944.0 32.0 15743.0 0.08609556607834695
39 42 39 0.0 0.0 1422.0 0.0 13114.0 48.0 17870.0 0.08477655322756449
39 42 40 0.0 0.0 2049.0 0.0 12507.0 40.0 30064.0 0.08447474808423339
39 42 41 0.0 0.0 1492.0 0.0 12973.0 57.0 19302.0 0.08515297123046042
39 42 42 0.0 0.0 765.0 0.0 11853.0 38.0 6354.0 0.09594298245614034
39 42 43 0.0 0.0 297.0 0.0 6050.0 21.0 478.0 0.16808740545083442
39 42 44 0.0 0.0 116.0 0.0 2503.0 14.0 40.0 0.303951367781155
39 42 45 0.0 0.0 34.0 0.0 605.0 10.0 1.0 0.5325218714340052
39 43 34 0.0 0.0 0.0 0.0 4.0 0.0 0.0 0.6986027944111775
39 43 35 0.0 0.0 234.0 0.0 5359.0 15.0 369.0 0.18462349993406302
39 43 36 0.0 0.0 7.0 0.0 433.0 1.0 1.0 0.5740057400574005
39 43 37 0.0 0.0 301.0 0.0 6614.0 18.0 664.0 0.1572150477259966
39 43 38 0.0 0.0 526.0 0.0 10006.0 16.0 2511.0 0.11174968071519795
39 43 39 0.0 0.0 893.0 0.0 12382.0 41.0 8341.0 0.09174913166000392
39 43 40 0.0 0.0 1321.0 0.0 12500.0 35.0 18575.0 0.0884452587023817
39 43 41 0.0 0.0 614.0 0.0 10738.0 24.0 3906.0 0.10490034467256105
39 43 42 0.0 0.0 844.0 0.0 12180.0 35.0 7823.0 0.09323388385721895
39 43 43 0.0 0.0 103.0 0.0 2498.0 23.0 60.0 0.30581039755351674
39 43 44 0.0 0.0 5.0 0.0 112.0 2.0 0.0 0.6619385342789597
39 43 45 0.0 0.0 0.0 0.0 8.0 0.0 0.0 0.697211155378486
39 44 34 0.0 0.0 0.0 0.0 4.0 0.0 0.0 0.6986027944111775
39 44 35 0.0 0.0 0.0 0.0 6.0 0.0 0.0 0.6979062811565303
39 44 36 0.0 0.0 2.0 0.0 55.0 1.0 0.0 0.6809338521400777
39 44 37 0.0 0.0 29.0 0.0 564.0 11.0 2.0 0.5424254165052305
39 44 38 0.0 0.0 95.0 0.0 2041.0 18.0 33.0 0.3398058252427184
39 44 39 0.0 0.0 634.0 0.0 10489.0 30.0 3147.0 0.10684576051285964
39 44 40 0.0 0.0 616.0 0.0 10486.0 30.0 3102.0 0.10699273977837218
39 44 41 0.0 0.0 769.0 0.0 11715.0 34.0 6326.0 0.09675858732462504
39 44 42 0.0 0.0 445.0 0.0 9097.0 21.0 2045.0 0.1214329083181542
39 44 43 0.0 0.0 77.0 0.0 1937.0 8.0 23.0 0.3494757863205192
39 44 44 0.0 0.0 0.0 0.0 7.0 0.0 0.0 0.6975585450921773
39 45 37 0.0 0.0 0.0 0.0 1.0 0.0 0.0 0.6996501749125437
39 45 38 0.0 0.0 6.0 0.0 83.0 3.0 0.0 0.6714628297362109
39 45 39 0.0 0.0 46.0 0.0 954.0 14.0 1.0 0.4690117252931323
39 45 40 0.0 0.0 41.0 0.0 987.0 13.0 3.0 0.4643449419568822
39 45 41 0.0 0.0 98.0 0.0 2175.0 10.0 36.0 0.32840722495894903
39 45 42 0.0 0.0 127.0 0.0 3103.0 16.0 52.0 0.26840490797546007
39 45 43 0.0 0.0 0.0 0.0 29.0 0.0 0.0 0.690335305719921
39 46 39 0.0 0.0 0.0 0.0 1.0 0.0 0.0 0.6996501749125437
39 46 40 0.0 0.0 0.0 0.0 10.0 0.0 0.0 0.6965174129353233
39 46 41 0.0 0.0 0.0 0.0 5.0 0.0 0.0 0.6982543640897755
39 46 42 0.0 0.0 0.0 0.0 5.0 0.0 0.0 0.6982543640897755
39 46 43 0.0 0.0 0.0 0.0 1.0 0.0 0.0 0.6996501749125437
40 34 37 0.0 0.0 0.0 0.0 4.0 0.0 0.0 0.6986027944111775
40 34 38 0.0 0.0 0.0 0.0 2.0 0.0 0.0 0.6993006993006992
40 34 39 0.0 0.0 0.0 0.0 8.0 0.0 0.0 0.697211155378486
40 34 40 0.0 0.0 0.0 0.0 3.0 0.0 0.0 0.6989515726410384
40 34 41 0.0 0.0 0.0 0.0 3.0 0.0 0.0 0.6989515726410384
40 34 42 0.0 0.0 0.0 0.0 1.0 0.0 0.0 0.6996501749125437
40 35 36 0.0 0.0 0.0 0.0 6.0 0.0 0.0 0.6979062811565303
40 35 37 0.0 0.0 1.0 0.0 48.0 1.0 0.0 0.6835937499999999
40 35 38 0.0 0.0 17.0 0.0 387.0 6.0 0.0 0.5838198498748957
40 35 39 0.0 0.0 93.0 0.0 2136.0 9.0 32.0 0.3316749585406301
40 35 40 0.0 0.0 103.0 0.0 2962.0 18.0 75.0 0.2773925104022191
40 35 41 0.0 0.0 13.0 0.0 540.0 2.0 1.0 0.5488043904351234
40 35 42 0.0 0.0 1.0 0.0 109.0 0.0 0.0 0.6635071090047392
40 35 43 0.0 0.0 0.0 0.0 17.0 0.0 0.0 0.6944444444444444
40 35 44 0.0 0.0 3.0 0.0 65.0 0.0 0.0 0.6769825918762088
40 36 35 0.0 0.0 0.0 0.0 6.0 0.0 0.0 0.6979062811565303
40 36 36 0.0 0.0 12.0 0.0 209.0 3.0 0.0 0.6311992786293958
40 36 37 0.0 0.0 133.0 0.0 3036.0 15.0 79.0 0.27163368257663945
40 36 38 0.0 0.0 356.0 0.0 7669.0 23.0 1038.0 0.13990206855201356
40 36 39 0.0 0.0 483.0 0.0 9502.0 19.0 2008.0 0.11687119125135653
40 36 40 0.0 0.0 309.0 0.0 7185.0 27.0 934.0 0.1477884513881558
40 36 41 0.0 0.0 491.0 0.0 9881.0 21.0 2733.0 0.11326860841423947
40 36 42 0.0 0.0 370.0 0.0 7600.0 22.0 990.0 0.14059048001606747
40 36 43 0.0 0.0 278.0 0.0 5755.0 17.0 390.0 0.1745418277022815
40 36 44 0.0 0.0 66.0 0.0 1289.0 11.0 4.0 0.4186602870813396
40 36 45 0.0 0.0 0.0 0.0 3.0 0.0 0.0 0.6989515726410384
40 37 35 0.0 0.0 1.0 0.0 11.0 0.0 0.0 0.6958250497017892
40 37 36 0.0 0.0 301.0 0.0 6220.0 20.0 487.0 0.16458970138725604
40 37 37 0.0 0.0 533.0 0.0 9378.0 27.0 1804.0 0.11769651113913408
40 37 38 0.0 0.0 1102.0 0.0 12760.0 23.0 12520.0 0.08813900780659782
40 37 39 0.0 0.0 892.0 0.0 12548.0 27.0 6954.0 0.0907088246728003
40 37 40 0.0 0.0 877.0 0.0 12328.0 42.0 7809.0 0.09215983147916527
40 37 41 0.0 0.0 1306.0 0.0 12555.0 40.0 17870.0 0.08822788001008318
40 37 42 0.0 0.0 923.0 0.0 12545.0 21.0 8119.0 0.09049773755656108
40 37 43 0.0 0.0 635.0 0.0 10806.0 33.0 3368.0 0.10429082240762812
40 37 44 0.0 0.0 330.0 0.0 7365.0 18.0 907.0 0.14461315979754158
40 37 45 0.0 0.0 6.0 0.0 97.0 1.0 0.0 0.6660323501427211
40 38 35 0.0 0.0 15.0 0.0 299.0 5.0 0.0 0.6063230835859679
40 38 36 0.0 0.0 104.0 0.0 2802.0 20.0 76.0 0.28647431962349085
40 38 37 0.0 0.0 510.0 0.0 9702.0 21.0 2508.0 0.11479173499508034
40 38 38 0.0 0.0 2033.0 0.0 11496.0 37.0 36265.0 0.09011908593498551
40 38 39 0.0 0.0 1563.0 0.0 13498.0 49.0 18106.0 0.0820969917316601
40 38 40 0.0 0.0 2253.0 0.0 12356.0 62.0 33147.0 0.08435259384226064
40 38 41 0.0 0.0 2270.0 1.0 12104.0 52.0 35610.0 0.08555888284544398
40 38 42 0.0 0.0 2269.0 0.0 11898.0 67.0 36818.0 0.08666047663262147
40 38 43 0.0 0.0 943.0 0.0 12390.0 37.0 9494.0 0.09135399673735725
40 38 44 0.0 0.0 124.0 0.0 3085.0 19.0 71.0 0.2696456086286594
40 38 45 0.0 0.0 33.0 0.0 733.0 6.0 2.0 0.5072463768115941
40 38 46 0.0 0.0 0.0 0.0 1.0 0.0 0.0 0.6996501749125437
40 39 34 0.0 0.0 0.0 0.0 2.0 0.0 0.0 0.6993006993006992
40 39 35 0.0 0.0 24.0 0.0 654.0 5.0 4.0 0.5237560793116348
40 39 36 0.0 0.0 497.0 0.0 9543.0 36.0 2250.0 0.11653071416680538
40 39 37 0.0 0.0 929.0 0.0 12393.0 29.0 8074.0 0.09141364675155075
40 39 38 0.0 0.0 1793.0 0.0 12998.0 45.0 24210.0 0.08341774414586187
40 39 39 0.0 0.0 3135.0 0.0 9712.0 62.0 62823.0 0.09422533315385649
40 39 40 0.0 0.0 3751.0 0.0 9657.0 66.0 70893.0 0.09078529278256921
40 39 41 1.0 0.0 3653.0 0.0 9044.0 82.0 74627.0 0.09530941520865953
40 39 42 0.0 0.0 2240.0 0.0 12400.0 56.0 33879.0 0.0841194496184582
40 39 43 0.0 0.0 1065.0 0.0 12729.0 28.0 11379.0 0.08864125617323033
40 39 44 0.0 0.0 91.0 0.0 3031.0 10.0 84.0 0.2739189982390921
40 39 45 0.0 0.0 10.0 0.0 435.0 0.0 0.0 0.5728314238952537
40 40 34 0.0 0.0 0.0 0.0 5.0 0.0 0.0 0.6982543640897755
40 40 35 0.0 0.0 177.0 0.0 3485.0 16.0 93.0 0.24796315975912148
40 40 36 0.0 0.0 693.0 0.0 11247.0 22.0 4466.0 0.1004664513814137
40 40 37 0.0 0.0 1294.0 0.0 12424.0 33.0 18677.0 0.08904719501335706
40 40 38 0.0 0.0 1915.0 0.0 12548.0 43.0 27936.0 0.08497208060208788
40 40 39 1.0 0.0 3158.0 0.0 10922.0 70.0 53517.0 0.0870430241233524
40 40 40 7.0 12.0 3478.0 19.0 5018.0 73.0 120979.0 0.1330166270783848
40 40 41 0.0 1.0 3143.0 0.0 11429.0 61.0 50457.0 0.08448494357612696
40 40 42 0.0 0.0 1858.0 0.0 13106.0 45.0 24387.0 0.08244023083264633
40 40 43 0.0 0.0 783.0 0.0 11663.0 28.0 5323.0 0.09696633882809252
40 40 44 0.0 0.0 189.0 0.0 3995.0 21.0 150.0 0.22708840227088398
40 40 45 0.0 0.0 14.0 0.0 348.0 4.0 0.0 0.5937234944868531
40 40 46 0.0 0.0 1.0 0.0 33.0 0.0 0.0 0.6882989183874139
40 41 34 0.0 0.0 0.0 0.0 3.0 0.0 0.0 0.6989515726410384
40 41 35 0.0 0.0 44.0 0.0 1050.0 9.0 3.0 0.4538087520259319
40 41 36 0.0 0.0 414.0 0.0 8448.0 18.0 1444.0 0.12902036678647127
40 41 37 0.0 0.0 1222.0 0.0 12804.0 44.0 15074.0 0.08735804317983276
40 41 38 0.0 0.0 2283.0 0.0 12037.0 45.0 35967.0 0.08564262555820638
40 41 39 0.0 0.0 2932.0 2.0 11268.0 75.0 49137.0 0.08646779074794639
40 41 40 0.0 6.0 3226.0 18.0 10574.0 74.0 58742.0 0.08853474988933156
40 41 41 0.0 0.0 2975.0 0.0 9782.0 56.0 59741.0 0.0948445227288124
40 41 42 0.0 0.0 1516.0 2.0 13237.0 44.0 17480.0 0.0835820895522388
40 41 43 0.0 0.0 926.0 0.0 12314.0 28.0 9449.0 0.09188763454975057
40 41 44 0.0 0.0 41.0 0.0 1366.0 7.0 10.0 0.41188584877905265
40 41 45 0.0 0.0 1.0 0.0 36.0 0.0 0.0 0.6872852233676975
40 42 34 0.0 0.0 0.0 0.0 4.0 0.0 0.0 0.6986027944111775
40 42 35 0.0 0.0 20.0 0.0 417.0 6.0 0.0 0.5758946935417523
40 42 36 0.0 0.0 846.0 0.0 12288.0 35.0 5845.0 0.09261096778461334
40 42 37 0.0 0.0 716.0 0.0 11641.0 33.0 5683.0 0.09758137589740014
40 42 38 0.0 0.0 1246.0 0.0 13005.0 37.0 13360.0 0.08613264427217915
40 42 39 0.0 0.0 2254.0 0.0 11281.0 59.0 40789.0 0.09015971148892322
40 42 40 0.0 0.0 1670.0 2.0 13384.0 41.0 20244.0 0.08205368655491735
40 42 41 0.0 0.0 2153.0 0.0 12105.0 56.0 33893.0 0.08616445100935499
40 42 42 0.0 0.0 983.0 0.0 12682.0 32.0 8170.0 0.08939974457215835
40 42 43 0.0 0.0 445.0 0.0 8848.0 30.0 1649.0 0.12421258095998579
40 42 44 0.0 0.0 343.0 0.0 8062.0 25.0 1366.0 0.13475791702762535
40 42 45 0.0 0.0 8.0 0.0 192.0 2.0 0.0 0.6369426751592355
40 43 34 0.0 0.0 0.0 0.0 4.0 0.0 0.0 0.6986027944111775
40 43 35 0.0 0.0 15.0 0.0 275.0 3.0 1.0 0.6124234470691162
40 43 36 0.0 0.0 147.0 0.0 3494.0 21.0 120.0 0.24911032028469746
40 43 37 0.0 0.0 388.0 0.0 8230.0 30.0 1413.0 0.1320630129233091
40 43 38 0.0 0.0 334.0 0.0 7355.0 18.0 975.0 0.14468788755684164
40 43 39 0.0 0.0 949.0 0.0 12755.0 36.0 9212.0 0.08923449550640576
40 43 40 0.0 0.0 1220.0 0.0 12626.0 39.0 15242.0 0.0883894185238967
40 43 41 0.0 0.0 894.0 0.0 12437.0 33.0 7164.0 0.09140767824497256
40 43 42 0.0 0.0 534.0 0.0 9778.0 29.0 2663.0 0.11380263371809461
40 43 43 0.0 0.0 355.0 0.0 6397.0 21.0 550.0 0.1602197299153124
40 43 44 0.0 0.0 4.0 0.0 83.0 0.0 0.0 0.670819357930043
40 43 45 0.0 0.0 29.0 0.0 940.0 3.0 5.0 0.4720161834120026
40 44 34 0.0 0.0 0.0 0.0 6.0 0.0 0.0 0.6979062811565303
40 44 35 0.0 0.0 0.0 0.0 9.0 0.0 0.0 0.6968641114982577
40 44 36 0.0 0.0 0.0 0.0 62.0 0.0 0.0 0.6789524733268669
40 44 37 0.0 0.0 0.0 0.0 82.0 0.0 0.0 0.6724303554274734
40 44 38 0.0 0.0 115.0 0.0 2530.0 9.0 53.0 0.3019844693701466
40 44 39 0.0 0.0 451.0 0.0 9454.0 26.0 2286.0 0.11774600504625735
40 44 40 0.0 0.0 482.0 0.0 9011.0 26.0 1878.0 0.12201499041310788
40 44 41 0.0 0.0 196.0 0.0 4358.0 25.0 188.0 0.21436227224008572
40 44 42 0.0 0.0 270.0 0.0 6430.0 13.0 644.0 0.16108618110689218
40 44 43 0.0 0.0 73.0 0.0 1906.0 11.0 30.0 0.3527336860670193
40 44 44 0.0 0.0 0.0 0.0 4.0 0.0 0.0 0.6986027944111775
40 45 37 0.0 0.0 0.0 0.0 10.0 0.0 0.0 0.6965174129353233
40 45 38 0.0 0.0 19.0 0.0 354.0 4.0 0.0 0.590966652596032
40 45 39 0.0 0.0 21.0 0.0 472.0 3.0 0.0 0.5624748895138609
40 45 40 0.0 0.0 41.0 0.0 940.0 9.0 5.0 0.47106325706594876
40 45 41 0.0 0.0 8.0 0.0 265.0 2.0 0.0 0.6170118995152049
40 45 42 0.0 0.0 2.0 0.0 81.0 0.0 0.0 0.6721075372059528
40 45 43 0.0 0.0 1.0 0.0 29.0 0.0 0.0 0.689655172413793
40 45 44 0.0 0.0 0.0 0.0 4.0 0.0 0.0 0.6986027944111775
40 46 41 0.0 0.0 0.0 0.0 1.0 0.0 0.0 0.6996501749125437
40 46 42 0.0 0.0 0.0 0.0 6.0 0.0 0.0 0.6979062811565303
40 46 43 0.0 0.0 0.0 0.0 2.0 0.0 0.0 0.6993006993006992
41 34 37 0.0 0.0 2.0 0.0 49.0 0.0 0.0 0.68259385665529
41 34 38 0.0 0.0 0.0 0.0 4.0 0.0 0.0 0.6986027944111775
41 34 39 0.0 0.0 0.0 0.0 5.0 0.0 0.0 0.6986027944111775
41 34 40 0.0 0.0 0.0 0.0 3.0 0.0 0.0 0.6989515726410384
41 34 41 0.0 0.0 0.0 0.0 1.0 0.0 0.0 0.6996501749125437
41 35 37 0.0 0.0 5.0 0.0 99.0 2.0 0.0 0.6660323501427211
41 35 38 0.0 0.0 245.0 0.0 5564.0 31.0 406.0 0.1799485861182519
41 35 39 0.0 0.0 103.0 0.0 2360.0 17.0 43.0 0.31481897908702494
41 35 40 0.0 0.0 77.0 0.0 2261.0 14.0 50.0 0.32369942196531787
41 35 41 0.0 0.0 34.0 0.0 562.0 5.0 0.0 0.5403319181783095
41 35 42 0.0 0.0 10.0 0.0 240.0 4.0 1.0 0.6233303650934995
41 35 43 0.0 0.0 1.0 0.0 79.0 0.0 0.0 0.6730769230769229
41 35 44 0.0 0.0 0.0 0.0 13.0 0.0 0.0 0.695479384003974
41 36 35 0.0 0.0 0.0 0.0 2.0 0.0 0.0 0.6993006993006992
41 36 36 0.0 0.0 17.0 0.0 235.0 9.0 0.0 0.6241640659830583
41 36 37 0.0 0.0 25.0 0.0 723.0 3.0 1.0 0.510204081632653
41 36 38 0.0 0.0 225.0 0.0 4727.0 20.0 253.0 0.20187454938716654
41 36 39 0.0 0.0 893.0 0.0 12148.0 27.0 8412.0 0.093103677595265
41 36 40 0.0 0.0 454.0 0.0 9029.0 19.0 1830.0 0.12205754141238011
41 36 41 0.0 0.0 306.0 0.0 6385.0 25.0 523.0 0.1615508885298869
41 36 42 0.0 0.0 168.0 0.0 4086.0 23.0 141.0 0.22471910112359547
41 36 43 0.0 0.0 247.0 0.0 6278.0 13.0 655.0 0.1644350481559784
41 36 44 0.0 0.0 22.0 0.0 723.0 7.0 0.0 0.5113221329437544
41 36 45 0.0 0.0 0.0 0.0 14.0 0.0 0.0 0.6951340615690167
41 37 35 0.0 0.0 0.0 0.0 21.0 0.0 0.0 0.6927263730826323
41 37 36 0.0 0.0 47.0 0.0 1159.0 9.0 9.0 0.4377736085053157
41 37 37 0.0 0.0 454.0 0.0 8709.0 21.0 1616.0 0.12558306422676713
41 37 38 0.0 0.0 415.0 0.0 8882.0 19.0 1884.0 0.12400354295837022
41 37 39 1.0 0.0 1148.0 0.0 12764.0 34.0 13862.0 0.08797838245459687
41 37 40 0.0 0.0 1003.0 0.0 12746.0 31.0 9526.0 0.08889453298622134
41 37 41 0.0 0.0 1030.0 0.0 12653.0 38.0 10855.0 0.08934839491990554
41 37 42 0.0 0.0 1141.0 0.0 12966.0 28.0 13050.0 0.08688097306689835
41 37 43 0.0 0.0 931.0 0.0 12494.0 33.0 7627.0 0.09074998379464574
41 37 44 0.0 0.0 98.0 0.0 2271.0 15.0 38.0 0.32154340836012857
41 37 45 0.0 0.0 30.0 0.0 556.0 9.0 1.0 0.5432673651532789
41 37 46 0.0 0.0 0.0 0.0 1.0 0.0 0.0 0.6996501749125437
41 38 34 0.0 0.0 0.0 0.0 1.0 0.0 0.0 0.6996501749125437
41 38 35 0.0 0.0 60.0 0.0 1204.0 11.0 6.0 0.4305043050430503
41 38 36 0.0 0.0 92.0 0.0 2567.0 18.0 53.0 0.30165912518853694
41 38 37 0.0 0.0 812.0 0.0 11979.0 24.0 6403.0 0.09469056476158268
41 38 38 0.0 0.0 1159.0 0.0 12897.0 41.0 12751.0 0.08723284939871642
41 38 39 0.0 0.0 1826.0 0.0 12549.0 49.0 27356.0 0.0855170728727628
41 38 40 0.0 0.0 2497.0 0.0 11858.0 56.0 39735.0 0.08561120283739986
41 38 41 0.0 0.0 2368.0 0.0 12017.0 49.0 37653.0 0.08539709649871903
41 38 42 0.0 0.0 2243.0 0.0 11356.0 57.0 40035.0 0.08965738072366312
41 38 43 0.0 0.0 1049.0 0.0 12669.0 37.0 11064.0 0.08911521323997454
41 38 44 0.0 0.0 404.0 0.0 8744.0 20.0 1965.0 0.12568453182511893
41 38 45 0.0 0.0 33.0 0.0 794.0 6.0 6.0 0.49627791563275425
41 38 46 0.0 0.0 0.0 0.0 1.0 0.0 0.0 0.6996501749125437
41 39 34 0.0 0.0 0.0 0.0 3.0 0.0 0.0 0.6989515726410384
41 39 35 0.0 0.0 1.0 0.0 187.0 2.0 1.0 0.6404391582799633
41 39 36 0.0 0.0 623.0 0.0 10326.0 30.0 2904.0 0.10826695537854768
41 39 37 0.0 0.0 612.0 0.0 10651.0 35.0 3324.0 0.10570026425066062
41 39 38 0.0 0.0 1672.0 0.0 12776.0 34.0 23487.0 0.08505984567713712
41 39 39 0.0 0.0 2719.0 0.0 11237.0 69.0 47049.0 0.08776879192527114
41 39 40 1.0 0.0 3801.0 1.0 8541.0 79.0 81107.0 0.09772441714365487
41 39 41 0.0 0.0 3590.0 0.0 7043.0 67.0 95102.0 0.11074197120708748
41 39 42 0.0 0.0 2506.0 0.0 11714.0 59.0 40464.0 0.08631319358816275
41 39 43 0.0 0.0 1020.0 0.0 12672.0 32.0 10678.0 0.08920038228735265
41 39 44 0.0 0.0 446.0 0.0 8985.0 18.0 1813.0 0.12252756870295815
41 39 45 0.0 0.0 0.0 0.0 120.0 1.0 0.0 0.6606890042472864
41 40 34 0.0 0.0 0.0 0.0 5.0 0.0 0.0 0.6982543640897755
41 40 35 0.0 0.0 96.0 0.0 2039.0 10.0 23.0 0.33939393939393936
41 40 36 0.0 0.0 707.0 0.0 11681.0 28.0 6465.0 0.09732360097323599
41 40 37 0.0 0.0 840.0 0.0 12226.0 27.0 7464.0 0.09293063391968137
41 40 38 0.0 0.0 2004.0 0.0 12140.0 37.0 31624.0 0.08660686668728734
41 40 39 0.0 0.0 3329.0 0.0 9320.0 63.0 68629.0 0.09548492702223434
41 40 40 0.0 0.0 2865.0 3.0 12314.0 64.0 41650.0 0.08143796172415797
41 40 41 0.0 0.0 3284.0 0.0 10009.0 60.0 62234.0 0.09144947416552354
41 40 42 0.0 0.0 2617.0 0.0 10829.0 60.0 48375.0 0.09064422143088377
41 40 43 0.0 0.0 1368.0 0.0 12506.0 38.0 19057.0 0.08810572687224669
41 40 44 0.0 0.0 678.0 0.0 11203.0 35.0 4352.0 0.10098824208324315
41 40 45 0.0 0.0 21.0 0.0 531.0 7.0 3.0 0.5500982318271119
41 41 34 0.0 0.0 0.0 0.0 1.0 0.0 0.0 0.6996501749125437
41 41 35 0.0 0.0 58.0 0.0 1432.0 14.0 16.0 0.4027617951668584
41 41 36 0.0 0.0 296.0 0.0 6508.0 21.0 629.0 0.15925378227732906
41 41 37 0.0 0.0 1198.0 0.0 12802.0 45.0 14242.0 0.08757662955085699
41 41 38 0.0 0.0 1635.0 0.0 12656.0 50.0 22916.0 0.08596868283696653
41 41 39 0.0 0.0 2897.0 0.0 10597.0 59.0 53748.0 0.09030510223827645
41 41 40 0.0 0.0 3367.0 0.0 8802.0 74.0 73770.0 0.09889799378355467
41 41 41 0.0 5.0 2433.0 25.0 12359.0 63.0 36397.0 0.08319467554076537
41 41 42 0.0 0.0 1362.0 0.0 13078.0 37.0 15349.0 0.08517887563884156
41 41 43 0.0 0.0 904.0 0.0 12333.0 29.0 7795.0 0.09193590753874441
41 41 44 0.0 0.0 345.0 0.0 7639.0 20.0 1095.0 0.1404212637913741
41 41 45 0.0 0.0 29.0 0.0 568.0 6.0 1.0 0.5403319181783095
41 42 35 0.0 0.0 12.0 0.0 305.0 4.0 1.0 0.6052745352356247
41 42 36 0.0 0.0 534.0 0.0 10098.0 28.0 3243.0 0.11093502377179079
41 42 37 0.0 0.0 813.0 0.0 12059.0 41.0 5611.0 0.09432055514383884
41 42 38 0.0 0.0 894.0 0.0 12394.0 32.0 7655.0 0.09157509157509157
41 42 39 0.0 0.0 1300.0 0.0 13147.0 41.0 13899.0 0.08518924181574783
41 42 40 0.0 0.0 1552.0 1.0 12834.0 43.0 20562.0 0.08541793776693105
41 42 41 0.0 0.0 1556.0 0.0 12838.0 39.0 20367.0 0.08530863445250136
41 42 42 0.0 0.0 784.0 0.0 11821.0 38.0 5799.0 0.09592326139088728
41 42 43 0.0 0.0 421.0 0.0 8735.0 23.0 1671.0 0.12566196930257606
41 42 44 0.0 0.0 155.0 0.0 3647.0 10.0 95.0 0.24167098221992056
41 42 45 0.0 0.0 22.0 0.0 733.0 6.0 2.0 0.5092761004001454
41 43 35 0.0 0.0 50.0 0.0 1216.0 9.0 9.0 0.42984341418483263
41 43 36 0.0 0.0 12.0 0.0 389.0 4.0 1.0 0.5840634125990821
41 43 37 0.0 0.0 326.0 0.0 6578.0 19.0 613.0 0.15749803127460904
41 43 38 0.0 0.0 386.0 0.0 8274.0 18.0 1444.0 0.13149243918474687
41 43 39 0.0 0.0 857.0 0.0 12217.0 39.0 8282.0 0.09294914354003452
41 43 40 0.0 0.0 622.0 0.0 10616.0 20.0 3307.0 0.10580411124546553
41 43 41 0.0 0.0 763.0 0.0 11662.0 34.0 5184.0 0.09719522354901415
41 43 42 0.0 0.0 851.0 0.0 12127.0 29.0 7405.0 0.09351412731280474
41 43 43 0.0 0.0 179.0 0.0 3883.0 24.0 91.0 0.23182646133465798
41 43 44 0.0 0.0 0.0 0.0 42.0 0.0 0.0 0.6856023506366307
41 43 45 0.0 0.0 0.0 0.0 13.0 0.0 0.0 0.695479384003974
41 44 35 0.0 0.0 13.0 0.0 238.0 3.0 1.0 0.6227758007117437
41 44 36 0.0 0.0 28.0 0.0 811.0 5.0 2.0 0.49400141143260407
41 44 37 0.0 0.0 5.0 0.0 152.0 1.0 0.0 0.6493506493506492
41 44 38 0.0 0.0 455.0 0.0 8889.0 23.0 1791.0 0.12365306482953539
41 44 39 0.0 0.0 214.0 0.0 5234.0 18.0 366.0 0.1883999461714439
41 44 40 0.0 0.0 121.0 0.0 2746.0 17.0 57.0 0.2886597938144329
41 44 41 0.0 0.0 406.0 0.0 8305.0 23.0 1255.0 0.13073116070594826
41 44 42 0.0 0.0 14.0 0.0 604.0 4.0 1.0 0.5359877488514548
41 44 43 0.0 0.0 10.0 0.0 459.0 6.0 2.0 0.5686433793663687
41 44 44 0.0 0.0 0.0 0.0 6.0 0.0 0.0 0.6979062811565303
41 45 35 0.0 0.0 7.0 0.0 109.0 2.0 0.0 0.662251655629139
41 45 37 0.0 0.0 32.0 0.0 627.0 4.0 1.0 0.527306967984934
41 45 38 0.0 0.0 1.0 0.0 78.0 1.0 0.0 0.6737247353224253
41 45 39 0.0 0.0 10.0 0.0 252.0 4.0 0.0 0.6200177147918511
41 45 40 0.0 0.0 38.0 0.0 946.0 4.0 4.0 0.4697986577181207
41 45 41 0.0 0.0 3.0 0.0 109.0 1.0 0.0 0.6635071090047392
41 45 42 0.0 0.0 0.0 0.0 18.0 0.0 0.0 0.6937561942517343
41 45 43 0.0 0.0 1.0 0.0 7.0 0.0 0.0 0.697211155378486
42 34 37 0.0 0.0 0.0 0.0 6.0 0.0 0.0 0.6979062811565303
42 34 38 0.0 0.0 0.0 0.0 7.0 0.0 0.0 0.6975585450921773
42 34 39 0.0 0.0 0.0 0.0 5.0 0.0 0.0 0.6982543640897755
42 34 40 0.0 0.0 0.0 0.0 2.0 0.0 0.0 0.6993006993006992
42 35 37 0.0 0.0 0.0 0.0 3.0 0.0 0.0 0.6989515726410384
42 35 38 0.0 0.0 22.0 0.0 586.0 7.0 1.0 0.5382545174932718
42 35 39 0.0 0.0 77.0 0.0 1984.0 16.0 22.0 0.3460207612456747
42 35 40 0.0 0.0 4.0 0.0 195.0 0.0 0.0 0.6366530241018644
42 35 41 0.0 0.0 40.0 0.0 1050.0 4.0 3.0 0.45366169799092676
42 35 42 0.0 0.0 0.0 0.0 43.0 0.0 0.0 0.6852667645619186
42 35 43 0.0 0.0 5.0 0.0 118.0 1.0 0.0 0.6597549481621111
42 35 44 0.0 0.0 0.0 0.0 25.0 0.0 0.0 0.6913580246913579
42 35 45 0.0 0.0 0.0 0.0 2.0 0.0 0.0 0.6993006993006992
42 36 36 0.0 0.0 29.0 0.0 658.0 8.0 2.0 0.522583053378126
42 36 37 0.0 0.0 0.0 0.0 41.0 0.0 0.0 0.6859382655560998
42 36 38 0.0 0.0 158.0 0.0 3817.0 20.0 130.0 0.23505708529214234
42 36 39 0.0 0.0 648.0 0.0 10925.0 30.0 4459.0 0.10319156777474754
42 36 40 0.0 0.0 317.0 0.0 6610.0 21.0 651.0 0.1571621014818141
42 36 41 0.0 0.0 547.0 0.0 10140.0 28.0 2663.0 0.11051468266498263
42 36 42 0.0 0.0 280.0 0.0 6406.0 19.0 565.0 0.161513613290263
42 36 43 0.0 0.0 307.0 0.0 6487.0 18.0 604.0 0.15945330296127558
42 36 44 0.0 0.0 1.0 0.0 239.0 0.0 1.0 0.6249999999999999
42 36 45 0.0 0.0 0.0 0.0 8.0 0.0 0.0 0.6975585450921773
42 36 46 0.0 0.0 0.0 0.0 2.0 0.0 0.0 0.6993006993006992
42 37 34 0.0 0.0 1.0 0.0 14.0 0.0 0.0 0.694789081885856
42 37 35 0.0 0.0 12.0 0.0 214.0 5.0 0.0 0.6303466906798738
42 37 36 0.0 0.0 2.0 0.0 103.0 0.0 0.0 0.6650831353919239
42 37 37 0.0 0.0 96.0 0.0 2104.0 14.0 22.0 0.334448160535117
42 37 38 0.0 0.0 411.0 0.0 8473.0 17.0 1587.0 0.12868829855685263
42 37 39 0.0 0.0 1052.0 0.0 12905.0 34.0 9992.0 0.08775228782750406
42 37 40 0.0 0.0 1528.0 0.0 12502.0 44.0 21926.0 0.08735804317983276
42 37 41 0.0 0.0 1379.0 0.0 13077.0 47.0 16873.0 0.08510638297872339
42 37 42 0.0 0.0 713.0 0.0 11449.0 28.0 4742.0 0.09893293760158292
42 37 43 0.0 0.0 848.0 0.0 11927.0 34.0 9198.0 0.09479956663055253
42 37 44 0.0 0.0 329.0 0.0 6772.0 22.0 658.0 0.15418502202643167
42 37 45 0.0 0.0 139.0 0.0 2816.0 18.0 60.0 0.28345818991698724
42 38 35 0.0 0.0 7.0 0.0 89.0 1.0 0.0 0.6685768863419292
42 38 36 0.0 0.0 267.0 0.0 5993.0 22.0 470.0 0.16986168405726762
42 38 37 0.0 0.0 138.0 0.0 3629.0 13.0 140.0 0.24326672458731535
42 38 38 0.0 0.0 886.0 0.0 12344.0 36.0 9054.0 0.09201445941505092
42 38 39 0.0 0.0 1321.0 0.0 12828.0 48.0 17103.0 0.08672489623985627
42 38 40 0.0 0.0 2292.0 0.0 11290.0 55.0 41571.0 0.08981843844229165
42 38 41 0.0 0.0 2549.0 0.0 11094.0 56.0 45634.0 0.08953696597595291
42 38 42 0.0 0.0 1256.0 0.0 13016.0 38.0 15039.0 0.08607439286812173
42 38 43 0.0 0.0 555.0 0.0 10261.0 25.0 3228.0 0.10931521824002498
42 38 44 0.0 0.0 285.0 0.0 6297.0 16.0 534.0 0.16336056009334887
42 38 45 0.0 0.0 8.0 0.0 172.0 3.0 0.0 0.6433823529411764
42 39 35 0.0 0.0 77.0 0.0 1936.0 16.0 19.0 0.35026269702276697
42 39 36 0.0 0.0 240.0 0.0 5423.0 11.0 328.0 0.18291089626339166
42 39 37 0.0 0.0 798.0 0.0 11835.0 24.0 6029.0 0.09570032127964999
42 39 38 0.0 0.0 1036.0 0.0 12815.0 37.0 9970.0 0.08836710219024174
42 39 39 0.0 0.0 1940.0 0.0 12764.0 53.0 26553.0 0.08384739773612025
42 39 40 0.0 0.0 2590.0 0.0 11551.0 52.0 43295.0 0.08667120658701169
42 39 41 0.0 0.0 2348.0 0.0 12150.0 58.0 36371.0 0.0848279205041202
42 39 42 0.0 0.0 2460.0 0.0 11090.0 73.0 44556.0 0.09021199819576002
42 39 43 0.0 0.0 744.0 0.0 11759.0 32.0 5275.0 0.09656504345426954
42 39 44 0.0 0.0 384.0 0.0 8100.0 18.0 1279.0 0.13365155131264914
42 39 45 0.0 0.0 3.0 0.0 171.0 0.0 0.0 0.6442705936493326
42 40 35 0.0 0.0 80.0 0.0 1895.0 17.0 27.0 0.3536246526900732
42 40 36 0.0 0.0 120.0 0.0 3594.0 11.0 142.0 0.24552788495264816
42 40 37 0.0 0.0 696.0 0.0 11196.0 23.0 3915.0 0.10076291924571756
42 40 38 0.0 0.0 1663.0 0.0 12100.0 55.0 27526.0 0.08882685108812892
42 40 39 0.0 0.0 1837.0 0.0 12795.0 43.0 27011.0 0.08416496332812311
42 40 40 0.0 0.0 2254.0 0.0 11861.0 54.0 37954.0 0.08696732513355694
42 40 41 0.0 0.0 2370.0 0.0 11909.0 60.0 38158.0 0.08600036857300815
42 40 42 0.0 0.0 2138.0 0.0 12007.0 39.0 34538.0 0.08663366336633661
42 40 43 0.0 0.0 1010.0 0.0 12692.0 31.0 10798.0 0.08921743563599285
42 40 44 0.0 0.0 622.0 0.0 10768.0 26.0 3563.0 0.10458688181682353
42 40 45 0.0 0.0 55.0 0.0 1425.0 9.0 11.0 0.4033419763756842
42 41 34 0.0 0.0 0.0 0.0 1.0 0.0 0.0 0.6996501749125437
42 41 35 0.0 0.0 13.0 0.0 351.0 4.0 1.0 0.5932203389830507
42 41 36 0.0 0.0 133.0 0.0 3025.0 18.0 71.0 0.2724265421288188
42 41 37 0.0 0.0 475.0 0.0 9228.0 22.0 2041.0 0.11979122101480275
42 41 38 0.0 0.0 1280.0 0.0 12876.0 29.0 15528.0 0.08658008658008658
42 41 39 0.0 0.0 1675.0 0.0 13021.0 55.0 21766.0 0.0839680921249925
42 41 40 0.0 0.0 1634.0 0.0 12758.0 47.0 22325.0 0.08544921874999999
42 41 41 0.0 0.0 1047.0 0.0 13115.0 24.0 8507.0 0.08659079663532904
42 41 42 0.0 0.0 1364.0 0.0 12572.0 51.0 18785.0 0.08790656787642848
42 41 43 0.0 0.0 834.0 0.0 12234.0 27.0 6474.0 0.09291829826773744
42 41 44 0.0 0.0 356.0 0.0 7494.0 24.0 949.0 0.1423921887713588
42 41 45 0.0 0.0 16.0 0.0 283.0 5.0 0.0 0.6102877070619005
42 41 46 0.0 0.0 0.0 0.0 1.0 0.0 0.0 0.6996501749125437
42 42 35 0.0 0.0 0.0 0.0 43.0 0.0 0.0 0.6852667645619186
42 42 36 0.0 0.0 283.0 0.0 5869.0 24.0 427.0 0.17220172201722017
42 42 37 0.0 0.0 211.0 0.0 4684.0 15.0 277.0 0.20339968037193082
42 42 38 0.0 0.0 1195.0 0.0 12750.0 36.0 14985.0 0.08777429467084638
42 42 39 0.0 0.0 1326.0 0.0 12686.0 38.0 17135.0 0.08742350443362058
42 42 40 0.0 0.0 797.0 0.0 11928.0 28.0 7447.0 0.09508285791904374
42 42 41 0.0 0.0 1482.0 0.0 12827.0 42.0 19944.0 0.08590011044299914
42 42 42 0.0 0.0 645.0 0.0 10632.0 22.0 3222.0 0.10545344983428742
42 42 43 0.0 0.0 109.0 0.0 2930.0 16.0 64.0 0.2787178976707147
42 42 44 0.0 0.0 81.0 0.0 1636.0 12.0 17.0 0.3778677462887988
42 42 45 0.0 0.0 1.0 0.0 31.0 0.0 0.0 0.6889763779527558
42 42 46 0.0 0.0 0.0 0.0 1.0 0.0 0.0 0.6996501749125437
42 43 35 0.0 0.0 0.0 0.0 31.0 0.0 0.0 0.6893156080748399
42 43 36 0.0 0.0 0.0 0.0 79.0 1.0 0.0 0.6737247353224253
42 43 37 0.0 0.0 157.0 0.0 3850.0 13.0 140.0 0.23356690023356685
42 43 38 0.0 0.0 309.0 0.0 7167.0 22.0 878.0 0.14799154334038053
42 43 39 0.0 0.0 474.0 0.0 8858.0 30.0 1660.0 0.12369676621311183
42 43 40 0.0 0.0 196.0 0.0 4780.0 17.0 266.0 0.20117833021985917
42 43 41 0.0 0.0 633.0 0.0 10824.0 19.0 3646.0 0.104089219330855
42 43 42 0.0 0.0 390.0 0.0 8544.0 20.0 1648.0 0.1281112737920937
42 43 43 0.0 0.0 25.0 0.0 529.0 5.0 3.0 0.5492349941153393
42 43 44 0.0 0.0 0.0 0.0 30.0 0.0 0.0 0.689655172413793
42 43 45 0.0 0.0 14.0 0.0 299.0 4.0 0.0 0.6063230835859679
42 44 36 0.0 0.0 1.0 0.0 61.0 1.0 0.0 0.6792819019893255
42 44 37 0.0 0.0 0.0 0.0 53.0 0.0 0.0 0.6819288845591815
42 44 38 0.0 0.0 29.0 0.0 727.0 5.0 3.0 0.5089058524173027
42 44 39 0.0 0.0 8.0 0.0 274.0 2.0 0.0 0.6143045195261079
42 44 40 0.0 0.0 416.0 0.0 8133.0 24.0 1137.0 0.13292821876186856
42 44 41 0.0 0.0 64.0 0.0 1754.0 10.0 24.0 0.3676470588235293
42 44 42 0.0 0.0 7.0 0.0 315.0 2.0 0.0 0.6034482758620688
42 44 43 0.0 0.0 0.0 0.0 75.0 0.0 0.0 0.6746987951807227
42 44 44 0.0 0.0 0.0 0.0 3.0 0.0 0.0 0.6989515726410384
42 45 37 0.0 0.0 5.0 0.0 120.0 2.0 0.0 0.6594441827602449
42 45 38 0.0 0.0 0.0 0.0 16.0 1.0 0.0 0.694789081885856
42 45 39 0.0 0.0 34.0 0.0 693.0 7.0 0.0 0.5147058823529411
42 45 40 0.0 0.0 59.0 0.0 1377.0 16.0 10.0 0.40935672514619875
42 45 41 0.0 0.0 0.0 0.0 28.0 0.0 0.0 0.690335305719921
42 45 42 0.0 0.0 0.0 0.0 9.0 0.0 0.0 0.6968641114982577
42 46 40 0.0 0.0 0.0 0.0 1.0 0.0 0.0 0.6996501749125437
43 34 38 0.0 0.0 0.0 0.0 1.0 0.0 0.0 0.6996501749125437
43 35 37 0.0 0.0 0.0 0.0 4.0 0.0 0.0 0.6986027944111775
43 35 38 0.0 0.0 27.0 0.0 658.0 8.0 4.0 0.522973477773627
43 35 39 0.0 0.0 6.0 0.0 253.0 0.0 0.0 0.6197432492253209
43 35 40 0.0 0.0 80.0 0.0 2022.0 16.0 33.0 0.3426333822809593
43 35 41 0.0 0.0 0.0 0.0 46.0 0.0 0.0 0.6842619745845552
43 35 42 0.0 0.0 1.0 0.0 71.0 1.0 0.0 0.6760019314340897
43 35 43 0.0 0.0 0.0 0.0 24.0 0.0 0.0 0.6916996047430829
43 35 44 0.0 0.0 0.0 0.0 7.0 0.0 0.0 0.6975585450921773
43 36 37 0.0 0.0 0.0 0.0 28.0 0.0 0.0 0.6906758756783422
43 36 38 0.0 0.0 21.0 0.0 688.0 7.0 1.0 0.5183265457238059
43 36 39 0.0 0.0 435.0 0.0 9159.0 18.0 1934.0 0.12081463583016912
43 36 40 0.0 0.0 216.0 0.0 4928.0 17.0 270.0 0.1963809790994529
43 36 41 0.0 0.0 341.0 0.0 7220.0 20.0 959.0 0.14667365112624406
43 36 42 0.0 0.0 440.0 0.0 8452.0 16.0 1428.0 0.12858192505510652
43 36 43 0.0 0.0 117.0 0.0 2538.0 12.0 38.0 0.30146425495262696
43 36 44 0.0 0.0 252.0 0.0 5103.0 28.0 304.0 0.19094380796508453
43 36 45 0.0 0.0 0.0 0.0 8.0 0.0 0.0 0.697211155378486
43 37 35 0.0 0.0 0.0 0.0 8.0 0.0 0.0 0.697211155378486
43 37 36 0.0 0.0 0.0 0.0 17.0 0.0 0.0 0.694100148735746
43 37 37 0.0 0.0 0.0 0.0 116.0 0.0 0.0 0.661625708884688
43 37 38 0.0 0.0 392.0 0.0 7832.0 25.0 1219.0 0.13718765311121997
43 37 39 0.0 0.0 533.0 0.0 9488.0 25.0 2027.0 0.11657923224248479
43 37 40 0.0 0.0 736.0 0.0 11367.0 34.0 4779.0 0.09938946471674001
43 37 41 0.0 0.0 752.0 0.0 11702.0 24.0 5727.0 0.09685900096859
43 37 42 0.0 0.0 425.0 0.0 8288.0 32.0 1502.0 0.1309880239520958
43 37 43 0.0 0.0 597.0 0.0 10743.0 28.0 4041.0 0.10508932592703797
43 37 44 0.0 0.0 78.0 0.0 2190.0 7.0 36.0 0.32840722495894903
43 37 45 0.0 0.0 0.0 0.0 31.0 0.0 0.0 0.6893156080748399
43 37 46 0.0 0.0 0.0 0.0 1.0 0.0 0.0 0.6996501749125437
43 38 35 0.0 0.0 0.0 0.0 13.0 0.0 0.0 0.695479384003974
43 38 36 0.0 0.0 90.0 0.0 2268.0 17.0 31.0 0.3223578171770665
43 38 37 0.0 0.0 8.0 0.0 514.0 1.0 1.0 0.5553351844506148
43 38 38 0.0 0.0 562.0 0.0 10193.0 19.0 3212.0 0.1097867001254705
43 38 39 0.0 0.0 679.0 0.0 11180.0 19.0 3977.0 0.10104655359076145
43 38 40 0.0 0.0 985.0 0.0 12719.0 38.0 9082.0 0.08920606601248883
43 38 41 0.0 0.0 1031.0 0.0 12583.0 28.0 11094.0 0.08964589870013445
43 38 42 0.0 0.0 866.0 0.0 12137.0 25.0 8252.0 0.09333955597039802
43 38 43 0.0 0.0 889.0 0.0 12217.0 35.0 7179.0 0.09276437847866417
43 38 44 0.0 0.0 123.0 0.0 3251.0 15.0 93.0 0.26119402985074625
43 38 45 0.0 0.0 0.0 0.0 19.0 0.0 0.0 0.6934125804853887
43 38 46 0.0 0.0 0.0 0.0 1.0 0.0 0.0 0.6996501749125437
43 39 35 0.0 0.0 2.0 0.0 67.0 1.0 0.0 0.6769825918762088
43 39 36 0.0 0.0 83.0 0.0 1727.0 19.0 19.0 0.3692957003429174
43 39 37 0.0 0.0 290.0 0.0 6359.0 12.0 561.0 0.16207455429497564
43 39 38 0.0 0.0 615.0 0.0 10638.0 24.0 3448.0 0.10574816829065638
43 39 39 0.0 0.0 871.0 0.0 12285.0 36.0 8609.0 0.0924397490921096
43 39 40 0.0 0.0 1288.0 0.0 12720.0 53.0 15972.0 0.08756567425569176
43 39 41 0.0 0.0 1055.0 0.0 12931.0 22.0 8855.0 0.08751640932674876
43 39 42 0.0 0.0 1196.0 0.0 12886.0 40.0 13589.0 0.08711885500933415
43 39 43 0.0 0.0 870.0 0.0 12209.0 27.0 9361.0 0.09283819628647214
43 39 44 0.0 0.0 295.0 0.0 5831.0 21.0 381.0 0.1726476754223702
43 39 45 0.0 0.0 0.0 0.0 72.0 1.0 0.0 0.6760019314340897
43 40 35 0.0 0.0 0.0 0.0 10.0 0.0 0.0 0.6968641114982577
43 40 36 0.0 0.0 16.0 0.0 434.0 6.0 4.0 0.5728314238952537
43 40 37 0.0 0.0 529.0 0.0 9886.0 30.0 2420.0 0.11295788284653863
43 40 38 0.0 0.0 908.0 0.0 12360.0 26.0 8816.0 0.09174311926605504
43 40 39 0.0 0.0 955.0 0.0 12570.0 28.0 8752.0 0.09020037368726241
43 40 40 0.0 0.0 1080.0 0.0 12994.0 38.0 10851.0 0.08713512167797348
43 40 41 0.0 0.0 1443.0 0.0 13079.0 40.0 17637.0 0.08469961885171516
43 40 42 0.0 0.0 901.0 0.0 12239.0 39.0 7689.0 0.09259871684635226
43 40 43 0.0 0.0 818.0 0.0 11939.0 29.0 6056.0 0.09492812584757254
43 40 44 0.0 0.0 220.0 0.0 5350.0 28.0 334.0 0.18552875695732837
43 40 45 0.0 0.0 67.0 0.0 1566.0 11.0 18.0 0.3864200938448799
43 41 34 0.0 0.0 0.0 0.0 1.0 0.0 0.0 0.6996501749125437
43 41 35 0.0 0.0 40.0 0.0 1036.0 8.0 6.0 0.4563233376792698
43 41 36 0.0 0.0 97.0 0.0 2370.0 10.0 32.0 0.3140421713772992
43 41 37 0.0 0.0 1044.0 0.0 12595.0 38.0 12102.0 0.08959999999999999
43 41 38 0.0 0.0 459.0 0.0 8938.0 25.0 1779.0 0.12299042431696387
43 41 39 0.0 0.0 980.0 0.0 12670.0 35.0 8787.0 0.08950834345630074
43 41 40 0.0 0.0 1380.0 0.0 13041.0 42.0 16771.0 0.08532943255927347
43 41 41 0.0 0.0 455.0 0.0 9149.0 23.0 2082.0 0.12073128665056915
43 41 42 0.0 0.0 708.0 0.0 11471.0 21.0 4908.0 0.09874453378473691
43 41 43 0.0 0.0 510.0 0.0 9666.0 20.0 2634.0 0.1151126459463904
43 41 44 0.0 0.0 207.0 0.0 4073.0 19.0 137.0 0.22353504710202773
43 41 45 0.0 0.0 20.0 0.0 662.0 8.0 1.0 0.5235602094240837
43 42 35 0.0 0.0 0.0 0.0 23.0 0.0 0.0 0.6920415224913494
43 42 36 0.0 0.0 1.0 0.0 186.0 0.0 0.0 0.6401463191586647
43 42 37 0.0 0.0 296.0 0.0 6386.0 24.0 608.0 0.1616441519455028
43 42 38 0.0 0.0 583.0 0.0 10195.0 28.0 2768.0 0.10966630111232961
43 42 39 0.0 0.0 783.0 0.0 11674.0 36.0 5398.0 0.09691934925579783
43 42 40 0.0 0.0 461.0 0.0 9194.0 25.0 2306.0 0.12027491408934705
43 42 41 0.0 0.0 473.0 0.0 8583.0 16.0 1370.0 0.12675418741511996
43 42 42 0.0 0.0 113.0 0.0 3001.0 6.0 87.0 0.27407987470634293
43 42 43 0.0 0.0 267.0 0.0 5477.0 19.0 343.0 0.18118286527759803
43 42 44 0.0 0.0 33.0 0.0 858.0 10.0 0.0 0.4859423811176674
43 42 45 0.0 0.0 3.0 0.0 33.0 0.0 0.0 0.6876227897838899
43 43 35 0.0 0.0 0.0 0.0 20.0 0.0 0.0 0.6930693069306929
43 43 36 0.0 0.0 0.0 0.0 62.0 0.0 1.0 0.6792819019893255
43 43 37 0.0 0.0 89.0 0.0 2038.0 12.0 31.0 0.34013605442176864
43 43 38 0.0 0.0 146.0 0.0 3454.0 13.0 106.0 0.2503128911138923
43 43 39 0.0 0.0 294.0 0.0 5708.0 18.0 336.0 0.1753507014028056
43 43 40 0.0 0.0 227.0 0.0 5103.0 10.0 334.0 0.19123070618767926
43 43 41 0.0 0.0 357.0 0.0 7288.0 22.0 923.0 0.14542432741248568
43 43 42 0.0 0.0 106.0 0.0 2098.0 15.0 42.0 0.33420864168059194
43 43 43 0.0 0.0 0.0 0.0 38.0 0.0 0.0 0.6869479882237487
43 43 44 0.0 0.0 0.0 0.0 4.0 0.0 0.0 0.6986027944111775
43 44 37 0.0 0.0 31.0 0.0 613.0 7.0 0.0 0.5309063329541144
43 44 38 0.0 0.0 0.0 0.0 17.0 0.0 0.0 0.694100148735746
43 44 39 0.0 0.0 1.0 0.0 30.0 1.0 0.0 0.689655172413793
43 44 40 0.0 0.0 5.0 0.0 190.0 5.0 0.0 0.639269406392694
43 44 41 0.0 0.0 81.0 0.0 1804.0 17.0 21.0 0.36194415718717676
43 44 42 0.0 0.0 1.0 0.0 61.0 0.0 0.0 0.6789524733268669
43 44 43 0.0 0.0 0.0 0.0 10.0 0.0 0.0 0.6965174129353233
43 45 39 0.0 0.0 0.0 0.0 7.0 0.0 0.0 0.6975585450921773
43 45 40 0.0 0.0 2.0 0.0 37.0 0.0 0.0 0.6866110838646394
43 45 41 0.0 0.0 0.0 0.0 11.0 0.0 0.0 0.6961710591745399
43 45 42 0.0 0.0 0.0 0.0 4.0 0.0 0.0 0.6986027944111775
43 46 39 0.0 0.0 0.0 0.0 1.0 0.0 0.0 0.6996501749125437
43 46 41 0.0 0.0 0.0 0.0 1.0 0.0 0.0 0.6996501749125437
44 35 38 0.0 0.0 0.0 0.0 12.0 0.0 0.0 0.6958250497017892
44 35 39 0.0 0.0 44.0 0.0 754.0 15.0 3.0 0.5030542579949694
44 35 40 0.0 0.0 7.0 0.0 135.0 2.0 0.0 0.6542056074766354
44 35 41 0.0 0.0 2.0 0.0 64.0 0.0 0.0 0.6776379477250725
44 35 42 0.0 0.0 0.0 0.0 18.0 0.0 0.0 0.6937561942517343
44 35 43 0.0 0.0 0.0 0.0 13.0 0.0 0.0 0.695479384003974
44 35 44 0.0 0.0 1.0 0.0 6.0 0.0 0.0 0.6979062811565303
44 35 45 0.0 0.0 1.0 0.0 28.0 0.0 0.0 0.6899950714637751
44 36 37 0.0 0.0 0.0 0.0 12.0 0.0 0.0 0.6958250497017892
44 36 38 0.0 0.0 2.0 0.0 46.0 1.0 0.0 0.6839276990718123
44 36 39 0.0 0.0 0.0 0.0 95.0 2.0 1.0 0.668896321070234
44 36 40 0.0 0.0 20.0 0.0 376.0 8.0 0.0 0.5862646566164154
44 36 41 0.0 0.0 159.0 0.0 4160.0 16.0 188.0 0.2220459952418715
44 36 42 0.0 0.0 11.0 0.0 382.0 5.0 0.0 0.5862646566164154
44 36 43 0.0 0.0 19.0 0.0 384.0 6.0 0.0 0.5840634125990821
44 36 44 0.0 0.0 6.0 0.0 190.0 1.0 0.0 0.6378132118451024
44 36 45 0.0 0.0 0.0 0.0 3.0 0.0 0.0 0.6989515726410384
44 37 35 0.0 0.0 0.0 0.0 2.0 0.0 0.0 0.6993006993006992
44 37 37 0.0 0.0 6.0 0.0 95.0 0.0 0.0 0.6663493574488338
44 37 38 0.0 0.0 32.0 0.0 718.0 10.0 1.0 0.510948905109489
44 37 39 0.0 0.0 89.0 0.0 1837.0 16.0 16.0 0.3580562659846547
44 37 40 0.0 0.0 311.0 0.0 6171.0 35.0 411.0 0.1656412683388547
44 37 41 0.0 0.0 192.0 0.0 4104.0 18.0 163.0 0.22303648239604904
44 37 42 0.0 0.0 96.0 0.0 2315.0 14.0 42.0 0.3183989083465999
44 37 43 0.0 0.0 296.0 0.0 6114.0 19.0 432.0 0.16682554814108674
44 37 44 0.0 0.0 163.0 0.0 3648.0 16.0 130.0 0.24146257330113827
44 37 45 0.0 0.0 1.0 0.0 8.0 0.0 0.0 0.6968641114982577
44 38 34 0.0 0.0 0.0 0.0 1.0 0.0 0.0 0.6996501749125437
44 38 35 0.0 0.0 0.0 0.0 1.0 0.0 0.0 0.6996501749125437
44 38 36 0.0 0.0 0.0 0.0 3.0 0.0 0.0 0.6989515726410384
44 38 37 0.0 0.0 45.0 0.0 1077.0 11.0 7.0 0.45001607200257143
44 38 38 0.0 0.0 198.0 0.0 4945.0 12.0 344.0 0.19632590099565275
44 38 39 0.0 0.0 184.0 0.0 3922.0 21.0 155.0 0.22988505747126434
44 38 40 0.0 0.0 367.0 0.0 7161.0 21.0 776.0 0.1472134595162986
44 38 41 0.0 0.0 722.0 0.0 11599.0 18.0 4775.0 0.09775171065493646
44 38 42 0.0 0.0 286.0 0.0 5990.0 10.0 473.0 0.16920473773265646
44 38 43 0.0 0.0 288.0 0.0 6396.0 18.0 589.0 0.1615508885298869
44 38 44 0.0 0.0 1.0 0.0 207.0 1.0 0.0 0.6343452650657
44 38 45 0.0 0.0 0.0 0.0 2.0 0.0 0.0 0.6993006993006992
44 39 34 0.0 0.0 0.0 0.0 1.0 0.0 0.0 0.6996501749125437
44 39 35 0.0 0.0 20.0 0.0 743.0 6.0 3.0 0.5077983315197678
44 39 36 0.0 0.0 36.0 0.0 816.0 11.0 2.0 0.49295774647887314
44 39 37 0.0 0.0 120.0 0.0 2899.0 17.0 79.0 0.2798321007395563
44 39 38 0.0 0.0 79.0 0.0 1890.0 9.0 23.0 0.3536246526900732
44 39 39 0.0 0.0 227.0 0.0 4816.0 20.0 222.0 0.19923153550590575
44 39 40 0.0 0.0 298.0 0.0 6504.0 20.0 564.0 0.15934441156385157
44 39 41 0.0 0.0 739.0 0.0 11568.0 30.0 4026.0 0.0979774651830079
44 39 42 0.0 0.0 340.0 0.0 6445.0 25.0 588.0 0.15978087194704402
44 39 43 0.0 0.0 50.0 0.0 1754.0 13.0 24.0 0.3692957003429174
44 39 44 0.0 0.0 23.0 0.0 808.0 4.0 0.0 0.49522461973823834
44 39 45 0.0 0.0 0.0 0.0 29.0 0.0 0.0 0.6899950714637751
44 39 46 0.0 0.0 0.0 0.0 2.0 0.0 0.0 0.6993006993006992
44 40 35 0.0 0.0 0.0 0.0 34.0 0.0 0.0 0.6882989183874139
44 40 36 0.0 0.0 493.0 0.0 9581.0 21.0 2563.0 0.11599966857237548
44 40 37 0.0 0.0 85.0 0.0 1894.0 13.0 20.0 0.35291152004033266
44 40 38 0.0 0.0 254.0 0.0 5394.0 15.0 338.0 0.1833420639078051
44 40 39 0.0 0.0 312.0 0.0 6408.0 15.0 537.0 0.16069788797061524
44 40 40 0.0 0.0 559.0 0.0 10194.0 29.0 2886.0 0.10990736379337414
44 40 41 0.0 0.0 208.0 0.0 4425.0 14.0 210.0 0.21160822249093106
44 40 42 0.0 0.0 466.0 0.0 9305.0 27.0 1985.0 0.11910838863365661
44 40 43 0.0 0.0 358.0 0.0 7341.0 26.0 847.0 0.14465798718743542
44 40 44 0.0 0.0 651.0 0.0 10682.0 29.0 3169.0 0.10515247108307045
44 40 45 0.0 0.0 0.0 0.0 35.0 0.0 0.0 0.6879606879606879
44 40 46 0.0 0.0 0.0 0.0 2.0 0.0 0.0 0.6993006993006992
44 41 35 0.0 0.0 3.0 0.0 74.0 2.0 0.0 0.6746987951807227
44 41 36 0.0 0.0 35.0 0.0 854.0 6.0 2.0 0.48560527228581335
44 41 37 0.0 0.0 253.0 0.0 5803.0 15.0 399.0 0.17404276479363498
44 41 38 0.0 0.0 97.0 0.0 2655.0 9.0 49.0 0.29517183217372966
44 41 39 0.0 0.0 237.0 0.0 4848.0 13.0 255.0 0.19796380090497734
44 41 40 0.0 0.0 351.0 0.0 7584.0 20.0 1043.0 0.14114326040931544
44 41 41 0.0 0.0 652.0 0.0 11147.0 25.0 5560.0 0.10155966630395356
44 41 42 0.0 0.0 346.0 0.0 6887.0 27.0 643.0 0.1520251927462265
44 41 43 0.0 0.0 28.0 0.0 887.0 4.0 8.0 0.48076923076923067
44 41 44 0.0 0.0 134.0 0.0 3268.0 15.0 97.0 0.2597884579699387
44 41 45 0.0 0.0 1.0 0.0 73.0 1.0 0.0 0.6753497346840327
44 42 35 0.0 0.0 0.0 0.0 44.0 0.0 0.0 0.684931506849315
44 42 36 0.0 0.0 523.0 0.0 10222.0 25.0 3532.0 0.10993325480957988
44 42 37 0.0 0.0 27.0 0.0 795.0 8.0 2.0 0.4976892996800568
44 42 38 0.0 0.0 48.0 0.0 1240.0 4.0 8.0 0.4263093788063337
44 42 39 0.0 0.0 169.0 0.0 3897.0 17.0 162.0 0.2313667162452487
44 42 40 0.0 0.0 222.0 0.0 4911.0 15.0 263.0 0.19660160089875017
44 42 41 0.0 0.0 95.0 0.0 2465.0 12.0 38.0 0.3078276165347405
44 42 42 0.0 0.0 21.0 0.0 701.0 2.0 3.0 0.5147058823529411
44 42 43 0.0 0.0 6.0 0.0 155.0 1.0 0.0 0.648148148148148
44 42 44 0.0 0.0 0.0 0.0 41.0 0.0 0.0 0.6859382655560998
44 42 45 0.0 0.0 8.0 0.0 135.0 2.0 0.0 0.6542056074766354
44 43 35 0.0 0.0 0.0 0.0 25.0 0.0 0.0 0.6913580246913579
44 43 36 0.0 0.0 2.0 0.0 75.0 2.0 0.0 0.6746987951807227
44 43 37 0.0 0.0 20.0 0.0 463.0 6.0 1.0 0.5651998385143318
44 43 38 0.0 0.0 2.0 0.0 80.0 1.0 0.0 0.6727534839019701
44 43 39 0.0 0.0 5.0 0.0 180.0 2.0 0.0 0.6413192853870818
44 43 40 0.0 0.0 9.0 0.0 223.0 2.0 0.0 0.6278026905829596
44 43 41 0.0 0.0 0.0 0.0 58.0 0.0 0.0 0.6802721088435373
44 43 42 0.0 0.0 115.0 0.0 2616.0 16.0 56.0 0.2969247083775185
44 43 43 0.0 0.0 4.0 0.0 20.0 1.0 0.0 0.6920415224913494
44 43 44 0.0 0.0 0.0 0.0 6.0 0.0 0.0 0.6979062811565303
44 44 36 0.0 0.0 0.0 0.0 1.0 0.0 0.0 0.6996501749125437
44 44 37 0.0 0.0 0.0 0.0 4.0 0.0 0.0 0.6986027944111775
44 44 38 0.0 0.0 0.0 0.0 3.0 0.0 0.0 0.6993006993006992
44 44 39 0.0 0.0 0.0 0.0 15.0 0.0 0.0 0.694789081885856
44 44 40 0.0 0.0 0.0 0.0 6.0 0.0 0.0 0.6979062811565303
44 44 41 0.0 0.0 22.0 0.0 290.0 6.0 1.0 0.6071118820468342
44 44 42 0.0 0.0 0.0 0.0 5.0 0.0 0.0 0.6982543640897755
44 45 40 0.0 0.0 0.0 0.0 1.0 0.0 0.0 0.6996501749125437
44 45 41 0.0 0.0 0.0 0.0 1.0 0.0 0.0 0.6996501749125437
45 35 41 0.0 0.0 0.0 0.0 1.0 0.0 0.0 0.6996501749125437
45 35 42 0.0 0.0 0.0 0.0 5.0 0.0 0.0 0.6982543640897755
45 36 39 0.0 0.0 2.0 0.0 44.0 1.0 0.0 0.6845965770171147
45 36 40 0.0 0.0 0.0 0.0 9.0 0.0 0.0 0.6968641114982577
45 36 41 0.0 0.0 8.0 0.0 113.0 4.0 0.0 0.6613131790269249
45 36 42 0.0 0.0 0.0 0.0 9.0 0.0 0.0 0.6968641114982577
45 36 43 0.0 0.0 0.0 0.0 10.0 0.0 0.0 0.6965174129353233
45 36 44 0.0 0.0 0.0 0.0 1.0 0.0 0.0 0.6996501749125437
45 37 36 0.0 0.0 1.0 0.0 1.0 0.0 0.0 0.6993006993006992
45 37 37 0.0 0.0 0.0 0.0 4.0 1.0 1.0 0.6989515726410384
45 37 38 0.0 0.0 0.0 0.0 2.0 0.0 0.0 0.6993006993006992
45 37 39 0.0 0.0 16.0 0.0 250.0 4.0 0.0 0.6189213085764809
45 37 40 0.0 0.0 188.0 0.0 3904.0 15.0 115.0 0.23041474654377878
45 37 41 0.0 0.0 21.0 0.0 300.0 4.0 1.0 0.6042296072507551
45 37 42 0.0 0.0 171.0 0.0 4186.0 20.0 154.0 0.22088987062164717
45 37 43 0.0 0.0 0.0 0.0 32.0 0.0 0.0 0.6893156080748399
45 37 44 0.0 0.0 33.0 0.0 972.0 9.0 5.0 0.4672897196261681
45 37 45 0.0 0.0 0.0 0.0 2.0 0.0 0.0 0.6993006993006992
45 38 34 0.0 0.0 0.0 0.0 1.0 0.0 0.0 0.6996501749125437
45 38 36 0.0 0.0 0.0 0.0 2.0 0.0 0.0 0.6993006993006992
45 38 37 0.0 0.0 0.0 0.0 7.0 0.0 0.0 0.6975585450921773
45 38 38 0.0 0.0 0.0 0.0 7.0 0.0 0.0 0.6975585450921773
45 38 39 0.0 0.0 0.0 0.0 30.0 0.0 0.0 0.689655172413793
45 38 40 0.0 0.0 0.0 0.0 87.0 0.0 0.0 0.670819357930043
45 38 41 0.0 0.0 57.0 0.0 1182.0 11.0 3.0 0.43370508054522916
45 38 42 0.0 0.0 23.0 0.0 765.0 7.0 1.0 0.5034160373966199
45 38 43 0.0 0.0 104.0 0.0 2382.0 13.0 35.0 0.31284916201117313
45 38 44 0.0 0.0 0.0 0.0 12.0 0.0 0.0 0.6958250497017892
45 38 45 0.0 0.0 4.0 0.0 54.0 0.0 0.0 0.6802721088435373
45 39 34 0.0 0.0 2.0 0.0 6.0 1.0 0.0 0.6975585450921773
45 39 35 0.0 0.0 77.0 0.0 1548.0 15.0 18.0 0.38781163434903043
45 39 36 0.0 0.0 0.0 0.0 29.0 0.0 0.0 0.6899950714637751
45 39 37 0.0 0.0 25.0 0.0 586.0 7.0 4.0 0.5376344086021504
45 39 38 0.0 0.0 7.0 0.0 222.0 2.0 0.0 0.6286484059272563
45 39 39 0.0 0.0 0.0 0.0 67.0 0.0 0.0 0.6776379477250725
45 39 40 0.0 0.0 8.0 0.0 270.0 1.0 1.0 0.6151142355008786
45 39 41 0.0 0.0 53.0 0.0 1428.0 10.0 13.0 0.4032258064516129
45 39 42 0.0 0.0 31.0 0.0 801.0 12.0 4.0 0.49645390070921974
45 39 43 0.0 0.0 19.0 0.0 484.0 9.0 1.0 0.5615724027276373
45 39 44 0.0 0.0 0.0 0.0 53.0 0.0 0.0 0.6819288845591815
45 39 45 0.0 0.0 0.0 0.0 26.0 0.0 0.0 0.6910167818361302
45 39 46 0.0 0.0 0.0 0.0 2.0 0.0 0.0 0.6993006993006992
45 40 34 0.0 0.0 0.0 0.0 1.0 0.0 0.0 0.6996501749125437
45 40 35 0.0 0.0 0.0 0.0 34.0 1.0 0.0 0.6886374815543531
45 40 36 0.0 0.0 0.0 0.0 50.0 0.0 0.0 0.6829268292682925
45 40 37 0.0 0.0 48.0 0.0 1463.0 8.0 20.0 0.39965743648301444
45 40 38 0.0 0.0 2.0 0.0 27.0 0.0 0.0 0.6899950714637751
45 40 39 0.0 0.0 3.0 0.0 80.0 1.0 0.0 0.6724303554274734
45 40 40 0.0 0.0 10.0 0.0 311.0 5.0 0.0 0.6044905008635577
45 40 41 0.0 0.0 0.0 0.0 220.0 1.0 0.0 0.6309148264984226
45 40 42 0.0 0.0 171.0 0.0 3791.0 19.0 134.0 0.2355712603062426
45 40 43 0.0 0.0 0.0 0.0 63.0 0.0 0.0 0.6786233640329616
45 40 44 0.0 0.0 6.0 0.0 169.0 1.0 0.0 0.6445672191528544
45 40 45 0.0 0.0 171.0 0.0 3961.0 19.0 123.0 0.22898266274124954
45 40 46 0.0 0.0 0.0 0.0 2.0 1.0 0.0 0.6996501749125437
45 41 35 0.0 0.0 1.0 0.0 69.0 0.0 0.0 0.6763285024154588
45 41 36 0.0 0.0 18.0 0.0 355.0 5.0 1.0 0.5912162162162161
45 41 37 0.0 0.0 0.0 0.0 63.0 0.0 0.0 0.6789524733268669
45 41 38 0.0 0.0 0.0 0.0 19.0 0.0 0.0 0.6934125804853887
45 41 39 0.0 0.0 20.0 0.0 700.0 8.0 6.0 0.5162241887905604
45 41 40 0.0 0.0 35.0 0.0 749.0 7.0 1.0 0.5041411595246669
45 41 41 0.0 0.0 36.0 0.0 829.0 4.0 5.0 0.4893393918210415
45 41 42 0.0 0.0 10.0 0.0 233.0 4.0 0.0 0.6252791424743188
45 41 43 0.0 0.0 72.0 0.0 1519.0 17.0 7.0 0.3918275958578225
45 41 44 0.0 0.0 1.0 0.0 37.0 0.0 0.0 0.6869479882237487
45 41 45 0.0 0.0 0.0 0.0 22.0 0.0 0.0 0.6923837784371908
45 42 35 0.0 0.0 0.0 0.0 25.0 0.0 0.0 0.6913580246913579
45 42 36 0.0 0.0 90.0 0.0 2513.0 16.0 55.0 0.3052103771528232
45 42 37 0.0 0.0 0.0 0.0 26.0 0.0 0.0 0.6910167818361302
45 42 38 0.0 0.0 0.0 0.0 11.0 0.0 0.0 0.6961710591745399
45 42 39 0.0 0.0 0.0 0.0 15.0 0.0 0.0 0.694789081885856
45 42 40 0.0 0.0 0.0 0.0 55.0 0.0 0.0 0.6812652068126519
45 42 41 0.0 0.0 1.0 0.0 92.0 0.0 0.0 0.668896321070234
45 42 42 0.0 0.0 61.0 0.0 1650.0 7.0 15.0 0.3778677462887988
45 42 43 0.0 0.0 0.0 0.0 6.0 0.0 0.0 0.6979062811565303
45 42 44 0.0 0.0 0.0 0.0 1.0 0.0 0.0 0.6996501749125437
45 42 45 0.0 0.0 0.0 0.0 1.0 0.0 0.0 0.6996501749125437
45 43 35 0.0 0.0 6.0 0.0 204.0 0.0 0.0 0.6334841628959276
45 43 36 0.0 0.0 0.0 0.0 26.0 0.0 0.0 0.6910167818361302
45 43 37 0.0 0.0 149.0 0.0 3147.0 18.0 65.0 0.26520174275430947
45 43 38 0.0 0.0 0.0 0.0 3.0 0.0 0.0 0.6989515726410384
45 43 39 0.0 0.0 1.0 0.0 10.0 1.0 0.0 0.6965174129353233
45 43 40 0.0 0.0 0.0 0.0 8.0 0.0 0.0 0.697211155378486
45 43 41 0.0 0.0 0.0 0.0 4.0 0.0 0.0 0.6986027944111775
45 44 37 0.0 0.0 0.0 0.0 1.0 0.0 0.0 0.6996501749125437
45 44 38 0.0 0.0 0.0 0.0 1.0 0.0 0.0 0.6996501749125437
45 44 42 0.0 0.0 0.0 0.0 1.0 0.0 0.0 0.6996501749125437
46 36 39 0.0 0.0 0.0 0.0 1.0 0.0 0.0 0.6996501749125437
46 36 40 0.0 0.0 1.0 0.0 16.0 0.0 0.0 0.694100148735746
46 36 41 0.0 0.0 0.0 0.0 2.0 0.0 0.0 0.6993006993006992
46 36 42 0.0 0.0 0.0 0.0 1.0 0.0 0.0 0.6996501749125437
46 36 43 0.0 0.0 0.0 0.0 3.0 0.0 0.0 0.6989515726410384
46 37 40 0.0 0.0 0.0 0.0 1.0 0.0 0.0 0.6996501749125437
46 37 41 0.0 0.0 0.0 0.0 5.0 0.0 0.0 0.6982543640897755
46 37 42 0.0 0.0 0.0 0.0 4.0 0.0 0.0 0.6986027944111775
46 37 43 0.0 0.0 0.0 0.0 2.0 0.0 0.0 0.6993006993006992
46 37 44 0.0 0.0 0.0 0.0 1.0 0.0 0.0 0.6996501749125437
46 38 36 0.0 0.0 0.0 0.0 1.0 0.0 0.0 0.6996501749125437
46 38 40 0.0 0.0 0.0 0.0 1.0 0.0 0.0 0.6996501749125437
46 38 41 0.0 0.0 0.0 0.0 2.0 0.0 0.0 0.6993006993006992
46 38 42 0.0 0.0 0.0 0.0 4.0 0.0 0.0 0.6986027944111775
46 38 43 0.0 0.0 0.0 0.0 3.0 0.0 0.0 0.6989515726410384
46 38 44 0.0 0.0 0.0 0.0 1.0 0.0 0.0 0.6996501749125437
46 39 36 0.0 0.0 0.0 0.0 1.0 0.0 0.0 0.6996501749125437
46 39 37 0.0 0.0 0.0 0.0 1.0 0.0 0.0 0.6996501749125437
46 39 41 0.0 0.0 0.0 0.0 1.0 0.0 0.0 0.6996501749125437
46 39 42 0.0 0.0 0.0 0.0 1.0 0.0 0.0 0.6996501749125437
46 39 45 0.0 0.0 0.0 0.0 2.0 0.0 0.0 0.6993006993006992
46 39 46 0.0 0.0 0.0 0.0 1.0 0.0 0.0 0.6996501749125437
46 40 35 0.0 0.0 0.0 0.0 3.0 0.0 0.0 0.6989515726410384
46 40 43 0.0 0.0 0.0 0.0 1.0 0.0 0.0 0.6996501749125437
46 40 44 0.0 0.0 0.0 0.0 4.0 0.0 0.0 0.6986027944111775
46 40 45 0.0 0.0 1.0 0.0 7.0 0.0 0.0 0.697211155378486
46 40 46 0.0 0.0 0.0 0.0 1.0 0.0 0.0 0.6996501749125437
46 41 36 0.0 0.0 0.0 0.0 1.0 0.0 0.0 0.6996501749125437
46 41 41 0.0 0.0 2.0 0.0 44.0 0.0 0.0 0.6842619745845552
46 41 42 0.0 0.0 0.0 0.0 2.0 0.0 0.0 0.6993006993006992
46 41 43 0.0 0.0 0.0 0.0 1.0 0.0 0.0 0.6996501749125437
46 41 44 0.0 0.0 0.0 0.0 1.0 0.0 0.0 0.6996501749125437
46 41 46 0.0 0.0 0.0 0.0 1.0 0.0 0.0 0.6996501749125437
46 42 35 0.0 0.0 0.0 0.0 1.0 0.0 0.0 0.6996501749125437
46 42 36 0.0 0.0 0.0 0.0 1.0 0.0 0.0 0.6996501749125437
46 42 37 0.0 0.0 0.0 0.0 5.0 0.0 0.0 0.6982543640897755
46 42 40 0.0 0.0 0.0 0.0 2.0 0.0 0.0 0.6993006993006992
46 43 35 0.0 0.0 0.0 0.0 1.0 0.0 0.0 0.6996501749125437
46 43 37 0.0 0.0 0.0 0.0 3.0 0.0 0.0 0.6989515726410384
46 43 38 0.0 0.0 0.0 0.0 3.0 0.0 0.0 0.6989515726410384
46 43 41 0.0 0.0 0.0 0.0 1.0 0.0 0.0 0.6996501749125437
46 44 36 0.0 0.0 0.0 0.0 2.0 0.0 0.0 0.6993006993006992
46 44 37 0.0 0.0 0.0 0.0 2.0 0.0 0.0 0.6993006993006992
