35 39 38 0.0 0.0 0.0 0.0 1.0 0.0 0.0 0.6996501749125437
35 40 38 0.0 0.0 0.0 0.0 2.0 0.0 0.0 0.6993006993006992
35 40 39 0.0 0.0 0.0 0.0 1.0 0.0 0.0 0.6996501749125437
35 40 40 0.0 0.0 0.0 0.0 1.0 0.0 0.0 0.6996501749125437
36 36 39 0.0 0.0 0.0 0.0 4.0 0.0 0.0 0.6986027944111775
36 38 38 0.0 0.0 0.0 0.0 2.0 0.0 0.0 0.6993006993006992
36 38 39 0.0 0.0 0.0 0.0 1.0 0.0 0.0 0.6996501749125437
36 38 40 0.0 0.0 7.0 0.0 184.0 2.0 0.0 0.639561443581544
36 38 41 0.0 0.0 0.0 0.0 1.0 0.0 0.0 0.6996501749125437
36 39 38 0.0 0.0 0.0 0.0 13.0 0.0 0.0 0.695479384003974
36 39 39 0.0 0.0 12.0 0.0 558.0 3.0 2.0 0.5453837164004673
36 39 40 0.0 0.0 0.0 0.0 6.0 0.0 0.0 0.6979062811565303
36 39 41 0.0 0.0 0.0 0.0 1.0 0.0 0.0 0.6996501749125437
36 40 37 0.0 0.0 0.0 0.0 1.0 0.0 0.0 0.6996501749125437
36 40 38 0.0 0.0 37.0 0.0 1101.0 7.0 8.0 0.44714148834238254
36 40 39 0.0 0.0 19.0 0.0 404.0 5.0 2.0 0.5789909015715466
36 40 40 0.0 0.0 0.0 0.0 9.0 0.0 0.0 0.6968641114982577
36 40 41 0.0 0.0 0.0 0.0 2.0 0.0 0.0 0.6993006993006992
36 41 38 0.0 0.0 13.0 0.0 230.0 3.0 1.0 0.6249999999999999
36 41 39 0.0 0.0 0.0 0.0 14.0 0.0 0.0 0.6951340615690167
36 41 40 0.0 0.0 4.0 0.0 139.0 1.0 0.0 0.65359477124183
36 41 41 0.0 0.0 0.0 0.0 9.0 0.0 0.0 0.6968641114982577
36 42 38 0.0 0.0 0.0 0.0 1.0 0.0 0.0 0.6996501749125437
36 42 39 0.0 0.0 0.0 0.0 2.0 0.0 0.0 0.6993006993006992
36 42 40 0.0 0.0 0.0 0.0 2.0 0.0 0.0 0.6993006993006992
36 42 41 0.0 0.0 0.0 0.0 8.0 0.0 0.0 0.697211155378486
36 43 39 0.0 0.0 0.0 0.0 7.0 0.0 0.0 0.6975585450921773
36 43 40 0.0 0.0 0.0 0.0 1.0 0.0 0.0 0.6996501749125437
36 43 41 0.0 0.0 0.0 0.0 1.0 0.0 0.0 0.6996501749125437
37 36 39 0.0 0.0 0.0 0.0 2.0 0.0 0.0 0.6993006993006992
37 36 40 0.0 0.0 0.0 0.0 2.0 0.0 0.0 0.6993006993006992
37 36 41 0.0 0.0 0.0 0.0 5.0 0.0 0.0 0.6982543640897755
37 37 37 0.0 0.0 0.0 0.0 3.0 0.0 0.0 0.6989515726410384
37 37 38 0.0 0.0 0.0 0.0 11.0 0.0 0.0 0.6961710591745399
37 37 39 0.0 0.0 10.0 0.0 121.0 2.0 0.0 0.6575857209957726
37 37 40 0.0 0.0 117.0 0.0 2767.0 23.0 57.0 0.2878881348961546
37 37 41 0.0 0.0 3.0 0.0 62.0 0.0 0.0 0.6779661016949151
37 37 42 0.0 0.0 0.0 0.0 4.0 0.0 0.0 0.6986027944111775
37 38 37 0.0 0.0 0.0 0.0 20.0 0.0 0.0 0.6930693069306929
37 38 38 0.0 0.0 8.0 0.0 242.0 2.0 0.0 0.6227758007117437
37 38 39 0.0 0.0 1.0 0.0 140.0 3.0 0.0 0.6548175865294666
37 38 40 0.0 0.0 0.0 0.0 130.0 1.0 0.0 0.6575857209957726
37 38 41 0.0 0.0 33.0 0.0 901.0 6.0 10.0 0.47814207650273216
37 38 42 0.0 0.0 0.0 0.0 70.0 0.0 0.0 0.6763285024154588
37 38 43 0.0 0.0 0.0 0.0 2.0 0.0 0.0 0.6993006993006992
37 39 37 0.0 0.0 1.0 0.0 27.0 1.0 0.0 0.6906758756783422
37 39 38 0.0 0.0 26.0 0.0 730.0 4.0 2.0 0.508720930232558
37 39 39 0.0 0.0 105.0 0.0 2332.0 9.0 41.0 0.3161698283649503
37 39 40 0.0 0.0 40.0 0.0 1039.0 6.0 11.0 0.4554326610279765
37 39 41 0.0 0.0 28.0 0.0 967.0 2.0 3.0 0.4679144385026737
37 39 42 0.0 0.0 0.0 0.0 56.0 0.0 0.0 0.6809338521400777
37 39 43 0.0 0.0 0.0 0.0 10.0 0.0 0.0 0.6965174129353233
37 40 37 0.0 0.0 0.0 0.0 18.0 0.0 0.0 0.6937561942517343
37 40 38 0.0 0.0 6.0 0.0 294.0 4.0 0.0 0.6097560975609755
37 40 39 0.0 0.0 382.0 0.0 7934.0 22.0 1233.0 0.13593552772113796
37 40 40 0.0 0.0 151.0 0.0 3820.0 12.0 141.0 0.23493874811209928
37 40 41 0.0 0.0 100.0 0.0 2381.0 21.0 38.0 0.3139013452914797
37 40 42 0.0 0.0 0.0 0.0 43.0 1.0 0.0 0.6859382655560998
37 40 43 0.0 0.0 0.0 0.0 4.0 0.0 0.0 0.6986027944111775
37 41 37 0.0 0.0 0.0 0.0 12.0 0.0 0.0 0.6958250497017892
37 41 38 0.0 0.0 3.0 0.0 227.0 3.0 0.0 0.6286484059272563
37 41 39 0.0 0.0 87.0 0.0 2737.0 16.0 68.0 0.291060291060291
37 41 40 0.0 0.0 38.0 0.0 1005.0 6.0 7.0 0.4611330698287219
37 41 41 0.0 0.0 37.0 0.0 1302.0 16.0 7.0 0.4213060487511284
37 41 42 0.0 0.0 0.0 0.0 62.0 0.0 0.0 0.6789524733268669
37 41 43 0.0 0.0 0.0 0.0 10.0 0.0 0.0 0.6965174129353233
37 42 38 0.0 0.0 0.0 0.0 71.0 1.0 0.0 0.6763285024154588
37 42 39 0.0 0.0 72.0 0.0 2176.0 6.0 43.0 0.3301108229191228
37 42 40 0.0 0.0 252.0 0.0 5103.0 16.0 243.0 0.1907097125732189
37 42 41 0.0 0.0 41.0 0.0 1159.0 8.0 6.0 0.4385964912280701
37 42 42 0.0 0.0 62.0 0.0 1106.0 13.0 2.0 0.44374009508716317
37 42 43 0.0 0.0 0.0 0.0 1.0 0.0 0.0 0.6996501749125437
37 43 37 0.0 0.0 0.0 0.0 1.0 0.0 0.0 0.0
37 43 38 0.0 0.0 15.0 0.0 267.0 3.0 1.0 0.6143045195261079
37 43 39 0.0 0.0 61.0 0.0 1146.0 13.0 5.0 0.43832185347526603
37 43 40 0.0 0.0 24.0 0.0 601.0 5.0 4.0 0.5343511450381678
37 43 41 0.0 0.0 5.0 0.0 80.0 2.0 0.0 0.6721075372059528
37 43 42 0.0 0.0 0.0 0.0 17.0 0.0 0.0 0.694100148735746
37 44 39 0.0 0.0 0.0 0.0 2.0 0.0 0.0 0.6993006993006992
37 44 41 0.0 0.0 0.0 0.0 3.0 0.0 0.0 0.6989515726410384
38 36 39 0.0 0.0 0.0 0.0 1.0 0.0 0.0 0.6996501749125437
38 36 40 0.0 0.0 0.0 0.0 9.0 0.0 0.0 0.6968641114982577
38 36 41 0.0 0.0 0.0 0.0 28.0 0.0 0.0 0.690335305719921
38 36 42 0.0 0.0 0.0 0.0 4.0 0.0 0.0 0.6986027944111775
38 36 43 0.0 0.0 0.0 0.0 1.0 0.0 0.0 0.6996501749125437
38 37 36 0.0 0.0 0.0 0.0 6.0 0.0 0.0 0.6979062811565303
38 37 37 0.0 0.0 0.0 0.0 11.0 0.0 0.0 0.6961710591745399
38 37 38 0.0 0.0 4.0 0.0 79.0 2.0 0.0 0.6727534839019701
38 37 39 0.0 0.0 0.0 0.0 218.0 0.0 1.0 0.6314839873703202
38 37 40 0.0 0.0 115.0 0.0 2340.0 22.0 30.0 0.31588447653429597
38 37 41 0.0 0.0 16.0 0.0 304.0 5.0 0.0 0.6047516198704103
38 37 42 0.0 0.0 88.0 0.0 2035.0 14.0 18.0 0.3407155025553662
38 37 43 0.0 0.0 13.0 0.0 249.0 2.0 0.0 0.6194690265486725
38 38 36 0.0 0.0 0.0 0.0 2.0 0.0 0.0 0.6993006993006992
38 38 37 0.0 0.0 0.0 0.0 48.0 0.0 0.0 0.6835937499999999
38 38 38 0.0 0.0 202.0 0.0 4826.0 14.0 265.0 0.1995438996579247
38 38 39 0.0 0.0 255.0 0.0 5855.0 23.0 447.0 0.17303176368804846
38 38 40 0.0 0.0 498.0 0.0 9404.0 16.0 2072.0 0.1176767252248466
38 38 41 0.0 0.0 400.0 0.0 8121.0 22.0 1180.0 0.13324450366422383
38 38 42 0.0 0.0 113.0 0.0 2613.0 19.0 64.0 0.29742936052687485
38 38 43 0.0 0.0 0.0 0.0 26.0 0.0 0.0 0.6910167818361302
38 38 44 0.0 0.0 0.0 0.0 1.0 0.0 0.0 0.6996501749125437
38 39 36 0.0 0.0 0.0 0.0 9.0 0.0 0.0 0.6968641114982577
38 39 37 0.0 0.0 6.0 0.0 168.0 5.0 0.0 0.6454587367450437
38 39 38 0.0 0.0 419.0 0.0 8195.0 20.0 1370.0 0.13208793282385128
38 39 39 0.0 0.0 671.0 0.0 11156.0 27.0 5018.0 0.1013684744044602
38 39 40 0.0 0.0 674.0 0.0 11036.0 35.0 3889.0 0.10221216324742644
38 39 41 0.0 0.0 541.0 0.0 10120.0 25.0 3347.0 0.11069818929390368
38 39 42 0.0 0.0 150.0 0.0 4100.0 16.0 172.0 0.2244309073420968
38 39 43 0.0 0.0 84.0 0.0 1529.0 12.0 8.0 0.3887808941960566
38 39 44 0.0 0.0 0.0 0.0 3.0 0.0 0.0 0.6989515726410384
38 40 37 0.0 0.0 5.0 0.0 148.0 0.0 0.0 0.6502554575011611
38 40 38 0.0 0.0 419.0 0.0 8345.0 26.0 1236.0 0.1302931596091205
38 40 39 0.0 0.0 980.0 0.0 12460.0 25.0 9020.0 0.09061488673139158
38 40 40 0.0 0.0 768.0 0.0 11729.0 32.0 6378.0 0.09663836543107612
38 40 41 0.0 0.0 348.0 0.0 8076.0 22.0 1269.0 0.13449899125756554
38 40 42 0.0 0.0 349.0 0.0 7230.0 23.0 864.0 0.14638226683396066
38 40 43 0.0 0.0 6.0 0.0 136.0 2.0 0.0 0.6542056074766354
38 40 44 0.0 0.0 0.0 0.0 1.0 0.0 0.0 0.6996501749125437
38 41 37 0.0 0.0 4.0 0.0 144.0 0.0 0.0 0.6517690875232773
38 41 38 0.0 0.0 219.0 0.0 5112.0 18.0 308.0 0.19141372709871476
38 41 39 0.0 0.0 689.0 0.0 11310.0 22.0 5618.0 0.10002857959416976
38 41 40 0.0 0.0 852.0 0.0 12187.0 28.0 6098.0 0.09307272969020076
38 41 41 0.0 0.0 456.0 0.0 8654.0 16.0 1567.0 0.12617159336697906
38 41 42 0.0 0.0 100.0 0.0 1867.0 15.0 22.0 0.35434067324727914
38 41 43 0.0 0.0 0.0 0.0 17.0 0.0 0.0 0.694100148735746
38 41 44 0.0 0.0 0.0 0.0 1.0 0.0 0.0 0.6996501749125437
38 42 37 0.0 0.0 0.0 0.0 19.0 1.0 0.0 0.6937561942517343
38 42 38 0.0 0.0 194.0 0.0 4324.0 13.0 195.0 0.21511985248924398
38 42 39 0.0 0.0 496.0 0.0 9836.0 23.0 2831.0 0.11368250101502232
38 42 40 0.0 0.0 440.0 0.0 8924.0 25.0 1802.0 0.12340237990304097
38 42 41 0.0 0.0 649.0 0.0 10585.0 27.0 3127.0 0.10589214129037136
38 42 42 0.0 0.0 64.0 0.0 1192.0 12.0 8.0 0.4316990440949737
38 42 43 0.0 0.0 0.0 0.0 3.0 0.0 0.0 0.6989515726410384
38 43 37 0.0 0.0 1.0 0.0 8.0 1.0 0.0 0.697211155378486
38 43 38 0.0 0.0 23.0 0.0 514.0 5.0 2.0 0.5529225908372827
38 43 39 0.0 0.0 19.0 0.0 374.0 7.0 0.0 0.5867560771165129
38 43 40 0.0 0.0 130.0 0.0 3167.0 12.0 72.0 0.2649006622516556
38 43 41 0.0 0.0 59.0 0.0 1400.0 11.0 12.0 0.40603248259860786
38 43 42 0.0 0.0 4.0 0.0 116.0 1.0 0.0 0.6606890042472864
38 43 43 0.0 0.0 0.0 0.0 2.0 0.0 0.0 0.6993006993006992
38 44 38 0.0 0.0 0.0 0.0 1.0 0.0 0.0 0.6996501749125437
38 44 39 0.0 0.0 0.0 0.0 10.0 0.0 0.0 0.6965174129353233
38 44 40 0.0 0.0 2.0 0.0 20.0 1.0 0.0 0.6927263730826323
38 44 41 0.0 0.0 1.0 0.0 18.0 0.0 0.0 0.6934125804853887
39 36 37 0.0 0.0 0.0 0.0 7.0 0.0 0.0 0.6975585450921773
39 36 39 0.0 0.0 0.0 0.0 7.0 0.0 0.0 0.6975585450921773
39 36 40 0.0 0.0 0.0 0.0 28.0 0.0 0.0 0.6906758756783422
39 36 41 0.0 0.0 5.0 0.0 146.0 1.0 0.0 0.6511627906976742
39 36 42 0.0 0.0 0.0 0.0 21.0 0.0 0.0 0.6927263730826323
39 36 43 0.0 0.0 0.0 0.0 3.0 0.0 0.0 0.6989515726410384
39 37 36 0.0 0.0 0.0 0.0 3.0 0.0 0.0 0.6989515726410384
39 37 37 0.0 0.0 55.0 0.0 1159.0 2.0 10.0 0.43586550435865495
39 37 38 0.0 0.0 39.0 0.0 929.0 9.0 2.0 0.47313281514025
39 37 39 0.0 0.0 8.0 0.0 402.0 1.0 2.0 0.58115400581154
39 37 40 0.0 0.0 209.0 0.0 4374.0 20.0 213.0 0.21318714786051465
39 37 41 0.0 0.0 439.0 0.0 8285.0 13.0 1238.0 0.13059701492537312
39 37 42 0.0 0.0 239.0 0.0 4860.0 20.0 257.0 0.19768426998023156
39 37 43 0.0 0.0 2.0 0.0 181.0 1.0 0.0 0.6416131989000916
39 38 36 0.0 0.0 1.0 0.0 20.0 0.0 0.0 0.6927263730826323
39 38 37 0.0 0.0 249.0 0.0 5924.0 17.0 533.0 0.17163172735074167
39 38 38 0.0 0.0 247.0 0.0 5179.0 14.0 296.0 0.1888319395737793
39 38 39 0.0 0.0 440.0 0.0 8964.0 32.0 1694.0 0.12302284710017572
39 38 40 0.0 0.0 932.0 0.0 12549.0 31.0 8582.0 0.09043343453265291
39 38 41 0.0 0.0 760.0 0.0 11648.0 30.0 5767.0 0.09722897423432182
39 38 42 0.0 0.0 218.0 0.0 5642.0 15.0 435.0 0.1783893985728848
39 38 43 0.0 0.0 1.0 0.0 110.0 1.0 0.0 0.6635071090047392
39 38 44 0.0 0.0 38.0 0.0 552.0 11.0 4.0 0.5428460643660332
39 39 36 0.0 0.0 7.0 0.0 163.0 1.0 0.0 0.6454587367450437
39 39 37 0.0 0.0 209.0 0.0 3941.0 27.0 134.0 0.22857142857142854
39 39 38 0.0 0.0 511.0 0.0 9435.0 24.0 2000.0 0.11731188201776435
39 39 39 0.0 0.0 1059.0 3.0 12634.0 28.0 12402.0 0.08917197452229299
39 39 40 0.0 0.0 1768.0 1.0 12224.0 58.0 27683.0 0.087527352297593
39 39 41 0.0 0.0 1372.0 0.0 12678.0 43.0 18238.0 0.08727091385114075
39 39 42 0.0 0.0 302.0 0.0 6734.0 19.0 626.0 0.15521064301552104
39 39 43 0.0 0.0 26.0 0.0 604.0 8.0 0.0 0.5339435545385202
39 40 36 0.0 0.0 0.0 0.0 20.0 0.0 0.0 0.6930693069306929
39 40 37 0.0 0.0 58.0 0.0 1594.0 6.0 20.0 0.3839824465167306
39 40 38 0.0 0.0 677.0 0.0 11290.0 29.0 4764.0 0.1003440366972477
39 40 39 2.0 0.0 1902.0 1.0 11802.0 47.0 32090.0 0.08913223403578022
39 40 40 1.0 0.0 1410.0 2.0 12559.0 40.0 19494.0 0.08766986035443672
39 40 41 1.0 0.0 861.0 0.0 12237.0 31.0 8539.0 0.092758232293116
39 40 42 0.0 0.0 450.0 0.0 8870.0 21.0 1715.0 0.12378426171529619
39 40 43 0.0 0.0 1.0 0.0 111.0 0.0 0.0 0.6628787878787878
39 40 44 0.0 0.0 0.0 0.0 9.0 0.0 0.0 0.6968641114982577
39 41 36 0.0 0.0 0.0 0.0 5.0 0.0 0.0 0.6982543640897755
39 41 37 0.0 0.0 60.0 0.0 1595.0 12.0 19.0 0.3842986549547076
39 41 38 0.0 0.0 488.0 0.0 9078.0 26.0 1782.0 0.12127512127512126
39 41 39 0.0 0.0 1232.0 1.0 12998.0 39.0 13375.0 0.08637176877043617
39 41 40 0.0 0.0 1442.0 0.0 12607.0 35.0 19787.0 0.08715682002116665
39 41 41 0.0 0.0 1206.0 0.0 12787.0 41.0 14302.0 0.08754377188594296
39 41 42 0.0 0.0 273.0 0.0 6273.0 24.0 519.0 0.16414585531715323
39 41 43 0.0 0.0 170.0 0.0 3583.0 22.0 104.0 0.24428546501483156
39 41 44 0.0 0.0 0.0 0.0 6.0 0.0 0.0 0.6979062811565303
39 42 36 0.0 0.0 0.0 0.0 7.0 0.0 0.0 0.6975585450921773
39 42 37 0.0 0.0 26.0 0.0 611.0 8.0 0.0 0.5325218714340052
39 42 38 0.0 0.0 328.0 0.0 6481.0 23.0 584.0 0.15919945417329998
39 42 39 0.0 0.0 341.0 0.0 7435.0 26.0 989.0 0.14350143501435011
39 42 40 0.0 0.0 628.0 0.0 10679.0 23.0 3990.0 0.10530274539300488
39 42 41 0.0 0.0 344.0 0.0 7802.0 23.0 1308.0 0.13820335636722603
39 42 42 0.0 0.0 75.0 0.0 2522.0 12.0 87.0 0.3052769297863061
39 42 43 0.0 0.0 0.0 0.0 15.0 0.0 0.0 0.694789081885856
39 42 44 0.0 0.0 0.0 0.0 4.0 0.0 0.0 0.6986027944111775
39 43 37 0.0 0.0 0.0 0.0 6.0 0.0 0.0 0.6979062811565303
39 43 38 0.0 0.0 7.0 0.0 217.0 2.0 1.0 0.63006300630063
39 43 39 0.0 0.0 122.0 0.0 2846.0 8.0 64.0 0.28214429665457474
39 43 40 0.0 0.0 392.0 0.0 7745.0 18.0 1004.0 0.1382852627419992
39 43 41 0.0 0.0 27.0 0.0 760.0 3.0 2.0 0.5028735632183908
39 43 42 0.0 0.0 114.0 0.0 2752.0 13.0 43.0 0.288481351741191
39 43 43 0.0 0.0 0.0 0.0 2.0 0.0 0.0 0.6993006993006992
39 44 38 0.0 0.0 0.0 0.0 3.0 0.0 0.0 0.6993006993006992
39 44 39 0.0 0.0 4.0 0.0 141.0 0.0 0.0 0.6526806526806526
39 44 40 0.0 0.0 4.0 0.0 66.0 1.0 0.0 0.6766553890768486
39 44 41 0.0 0.0 79.0 0.0 1979.0 16.0 20.0 0.34636318654131615
39 44 42 0.0 0.0 12.0 0.0 162.0 5.0 0.0 0.6454587367450437
39 44 43 0.0 0.0 0.0 0.0 1.0 0.0 0.0 0.6996501749125437
40 35 39 0.0 0.0 0.0 0.0 1.0 0.0 0.0 0.6996501749125437
40 35 40 0.0 0.0 0.0 0.0 1.0 0.0 0.0 0.6996501749125437
40 36 37 0.0 0.0 0.0 0.0 1.0 0.0 0.0 0.6996501749125437
40 36 38 0.0 0.0 1.0 0.0 33.0 0.0 0.0 0.6882989183874139
40 36 39 0.0 0.0 2.0 0.0 49.0 1.0 0.0 0.6835937499999999
40 36 40 0.0 0.0 1.0 0.0 30.0 0.0 0.0 0.6893156080748399
40 36 41 0.0 0.0 13.0 0.0 471.0 5.0 1.0 0.5647438483259378
40 36 42 0.0 0.0 0.0 0.0 18.0 0.0 0.0 0.6937561942517343
40 36 43 0.0 0.0 0.0 0.0 1.0 0.0 0.0 0.6996501749125437
40 37 36 0.0 0.0 0.0 0.0 4.0 0.0 0.0 0.6986027944111775
40 37 37 0.0 0.0 0.0 0.0 55.0 0.0 0.0 0.6815968841285296
40 37 38 0.0 0.0 232.0 0.0 4929.0 23.0 268.0 0.1960509732530458
40 37 39 0.0 0.0 77.0 0.0 1581.0 18.0 12.0 0.38472107721901616
40 37 40 0.0 0.0 102.0 0.0 2620.0 13.0 48.0 0.2973030367381609
40 37 41 0.0 0.0 360.0 0.0 7507.0 25.0 1022.0 0.1421464108031272
40 37 42 0.0 0.0 106.0 0.0 2011.0 17.0 26.0 0.3413801511826383
40 37 43 0.0 0.0 14.0 0.0 307.0 4.0 1.0 0.6042296072507551
40 37 44 0.0 0.0 1.0 0.0 16.0 0.0 0.0 0.694100148735746
40 38 36 0.0 0.0 0.0 0.0 12.0 0.0 0.0 0.6958250497017892
40 38 37 0.0 0.0 7.0 0.0 256.0 2.0 1.0 0.6191950464396283
40 38 38 0.0 0.0 762.0 0.0 11686.0 32.0 6590.0 0.09691934925579783
40 38 39 0.0 0.0 336.0 0.0 7083.0 21.0 799.0 0.14885699096225408
40 38 40 1.0 0.0 699.0 0.0 11324.0 34.0 4680.0 0.09997143673236217
40 38 41 0.0 0.0 742.0 0.0 11729.0 25.0 5561.0 0.0968054211035818
40 38 42 0.0 0.0 841.0 0.0 11911.0 30.0 5739.0 0.09492812584757254
40 38 43 0.0 0.0 149.0 0.0 3930.0 15.0 157.0 0.23083264633140968
40 38 44 0.0 0.0 0.0 0.0 13.0 0.0 0.0 0.6958250497017892
40 39 36 0.0 0.0 3.0 0.0 53.0 1.0 0.0 0.6812652068126519
40 39 37 0.0 0.0 98.0 0.0 2544.0 18.0 45.0 0.30270270270270266
40 39 38 0.0 0.0 472.0 0.0 9411.0 31.0 2163.0 0.1180139930877518
40 39 39 0.0 0.0 1351.0 1.0 12380.0 46.0 19209.0 0.08903586873569065
40 39 40 0.0 0.0 1627.0 1.0 12850.0 51.0 21959.0 0.08502884907379288
40 39 41 0.0 0.0 1719.0 1.0 12382.0 39.0 25628.0 0.08688636504685657
40 39 42 0.0 0.0 754.0 0.0 11552.0 27.0 4482.0 0.09793634137810422
40 39 43 0.0 0.0 199.0 0.0 4818.0 21.0 258.0 0.20002857551078723
40 39 44 0.0 0.0 0.0 0.0 19.0 0.0 0.0 0.6934125804853887
40 40 36 0.0 0.0 25.0 0.0 640.0 10.0 1.0 0.527306967984934
40 40 37 0.0 0.0 367.0 0.0 8139.0 24.0 1434.0 0.13342228152101399
40 40 38 0.0 0.0 543.0 0.0 10252.0 20.0 3203.0 0.10952045685676287
40 40 39 1.0 0.0 1103.0 0.0 12910.0 28.0 13024.0 0.08741258741258741
40 40 40 8.0 8.0 2987.0 17.0 8955.0 75.0 67692.0 0.10022191996563819
40 40 41 0.0 0.0 1023.0 1.0 12641.0 31.0 11599.0 0.08939403614073174
40 40 42 0.0 0.0 459.0 0.0 9257.0 23.0 2146.0 0.11968880909634948
40 40 43 0.0 0.0 49.0 0.0 1565.0 10.0 13.0 0.38845726970033284
40 40 44 0.0 0.0 0.0 0.0 12.0 0.0 0.0 0.6958250497017892
40 41 36 0.0 0.0 1.0 0.0 28.0 0.0 0.0 0.690335305719921
40 41 37 0.0 0.0 295.0 0.0 6353.0 24.0 625.0 0.16226240148354193
40 41 38 0.0 0.0 777.0 0.0 11668.0 23.0 5455.0 0.09693277020009693
40 41 39 0.0 0.0 1072.0 5.0 12943.0 30.0 10523.0 0.08743442418186359
40 41 40 0.0 4.0 1258.0 20.0 12763.0 39.0 15890.0 0.08727091385114075
40 41 41 0.0 0.0 1334.0 0.0 12625.0 51.0 16969.0 0.08775228782750406
40 41 42 0.0 0.0 327.0 0.0 6765.0 19.0 786.0 0.1542699724517906
40 41 43 0.0 0.0 169.0 0.0 4081.0 18.0 161.0 0.22464698331193836
40 41 44 0.0 0.0 0.0 0.0 11.0 0.0 0.0 0.6961710591745399
40 42 36 0.0 0.0 48.0 0.0 870.0 10.0 1.0 0.4814305364511691
40 42 37 0.0 0.0 61.0 0.0 1806.0 9.0 21.0 0.3628823224468636
40 42 38 0.0 0.0 229.0 0.0 5231.0 16.0 331.0 0.18794469056249155
40 42 39 0.0 0.0 841.0 0.0 12059.0 38.0 8649.0 0.09401652004566516
40 42 40 0.0 0.0 373.0 3.0 7840.0 24.0 1185.0 0.1372414469169689
40 42 41 0.0 0.0 748.0 0.0 11579.0 32.0 4857.0 0.09779951100244498
40 42 42 0.0 0.0 99.0 0.0 2382.0 12.0 41.0 0.31319910514541377
40 42 43 0.0 0.0 3.0 0.0 69.0 1.0 0.0 0.6763285024154588
40 42 44 0.0 0.0 5.0 0.0 111.0 2.0 0.0 0.662251655629139
40 43 37 0.0 0.0 2.0 0.0 67.0 0.0 0.0 0.6766553890768486
40 43 38 0.0 0.0 1.0 0.0 90.0 0.0 0.0 0.669536107125777
40 43 39 0.0 0.0 147.0 0.0 3063.0 17.0 67.0 0.2695936838051222
40 43 40 0.0 0.0 321.0 0.0 6458.0 26.0 568.0 0.15981735159817348
40 43 41 0.0 0.0 81.0 0.0 1745.0 12.0 20.0 0.367068694284216
40 43 42 0.0 0.0 9.0 0.0 226.0 3.0 0.0 0.6272401433691756
40 43 43 0.0 0.0 0.0 0.0 6.0 0.0 0.0 0.6979062811565303
40 44 38 0.0 0.0 0.0 0.0 1.0 0.0 0.0 0.6996501749125437
40 44 39 0.0 0.0 5.0 0.0 132.0 1.0 0.0 0.6554307116104868
40 44 40 0.0 0.0 3.0 0.0 48.0 1.0 0.0 0.6829268292682925
40 44 41 0.0 0.0 0.0 0.0 10.0 0.0 0.0 0.6965174129353233
40 44 42 0.0 0.0 0.0 0.0 1.0 0.0 0.0 0.6996501749125437
40 45 41 0.0 0.0 0.0 0.0 2.0 0.0 0.0 0.6993006993006992
41 35 39 0.0 0.0 0.0 0.0 1.0 0.0 0.0 0.6996501749125437
41 35 40 0.0 0.0 0.0 0.0 3.0 0.0 0.0 0.6989515726410384
41 36 37 0.0 0.0 0.0 0.0 3.0 0.0 0.0 0.6989515726410384
41 36 38 0.0 0.0 0.0 0.0 18.0 0.0 0.0 0.6937561942517343
41 36 39 0.0 0.0 124.0 0.0 3256.0 18.0 88.0 0.26104792093977247
41 36 40 0.0 0.0 4.0 0.0 73.0 0.0 0.0 0.6740491092922483
41 36 41 0.0 0.0 0.0 0.0 33.0 0.0 0.0 0.6889763779527558
41 36 42 0.0 0.0 0.0 0.0 27.0 0.0 0.0 0.6906758756783422
41 36 43 0.0 0.0 2.0 0.0 51.0 1.0 0.0 0.6822612085769979
41 37 37 0.0 0.0 0.0 0.0 47.0 0.0 0.0 0.6839276990718123
41 37 38 0.0 0.0 9.0 0.0 338.0 2.0 0.0 0.5970149253731343
41 37 39 0.0 0.0 249.0 0.0 5927.0 25.0 545.0 0.1716106888943368
41 37 40 0.0 0.0 149.0 0.0 3694.0 16.0 118.0 0.24009603841536614
41 37 41 0.0 0.0 191.0 0.0 4121.0 18.0 173.0 0.22232809274257578
41 37 42 0.0 0.0 269.0 0.0 4921.0 21.0 230.0 0.1950675769820259
41 37 43 0.0 0.0 102.0 0.0 2152.0 13.0 37.0 0.33003300330033
41 37 44 0.0 0.0 0.0 0.0 6.0 0.0 0.0 0.6979062811565303
41 38 37 0.0 0.0 70.0 0.0 1344.0 11.0 12.0 0.41140170437848944
41 38 38 0.0 0.0 218.0 0.0 5092.0 16.0 310.0 0.1918070968625839
41 38 39 0.0 0.0 562.0 0.0 10202.0 29.0 3128.0 0.10980392156862745
41 38 40 0.0 0.0 843.0 0.0 12028.0 40.0 7177.0 0.09423801830910068
41 38 41 0.0 0.0 767.0 0.0 11819.0 30.0 6551.0 0.09604170954242984
41 38 42 0.0 0.0 809.0 0.0 12046.0 31.0 8255.0 0.09426974614504072
41 38 43 0.0 0.0 174.0 0.0 4400.0 17.0 217.0 0.21347971942665442
41 38 44 0.0 0.0 11.0 0.0 187.0 4.0 1.0 0.6381039197812214
41 39 36 0.0 0.0 8.0 0.0 125.0 3.0 0.0 0.6572769953051641
41 39 37 0.0 0.0 7.0 0.0 403.0 2.0 1.0 0.5813953488372092
41 39 38 0.0 0.0 473.0 0.0 9171.0 18.0 1852.0 0.12026458208057725
41 39 39 0.0 0.0 969.0 2.0 12565.0 43.0 9938.0 0.0901945625563716
41 39 40 0.0 0.0 1850.0 0.0 11725.0 47.0 30597.0 0.08986456126837408
41 39 41 1.0 0.0 2269.0 0.0 10935.0 49.0 42286.0 0.09201445941505092
41 39 42 0.0 0.0 878.0 0.0 12378.0 28.0 7147.0 0.09180327868852459
41 39 43 0.0 0.0 181.0 0.0 4273.0 20.0 193.0 0.2175940317065589
41 39 44 0.0 0.0 7.0 0.0 137.0 2.0 0.0 0.6539000467071461
41 40 35 0.0 0.0 0.0 0.0 1.0 0.0 0.0 0.6996501749125437
41 40 36 0.0 0.0 86.0 0.0 2112.0 10.0 38.0 0.33428844317096457
41 40 37 0.0 0.0 99.0 0.0 2258.0 8.0 30.0 0.3219130834674637
41 40 38 0.0 0.0 651.0 0.0 11026.0 20.0 4193.0 0.10244402165959314
41 40 39 0.0 0.0 1504.0 0.0 12381.0 41.0 22463.0 0.0881445570736007
41 40 40 0.0 0.0 871.0 11.0 12447.0 30.0 6506.0 0.09140767824497256
41 40 41 0.0 0.0 1403.0 1.0 12829.0 33.0 17909.0 0.08626001232285889
41 40 42 0.0 0.0 1045.0 0.0 12546.0 23.0 11221.0 0.08972633467922835
41 40 43 0.0 0.0 377.0 0.0 7936.0 31.0 1347.0 0.1359487279083317
41 40 44 0.0 0.0 36.0 0.0 641.0 4.0 0.0 0.5237560793116348
41 41 36 0.0 0.0 1.0 0.0 26.0 1.0 0.0 0.6910167818361302
41 41 37 0.0 0.0 298.0 0.0 6066.0 18.0 449.0 0.16766467065868262
41 41 38 0.0 0.0 467.0 0.0 9196.0 13.0 2051.0 0.12004801920768304
41 41 39 0.0 0.0 1186.0 1.0 12705.0 42.0 13485.0 0.08812791136850055
41 41 40 0.0 0.0 1614.0 0.0 11966.0 46.0 26548.0 0.08989341209708487
41 41 41 0.0 1.0 809.0 8.0 11650.0 40.0 4849.0 0.09692605926336195
41 41 42 0.0 0.0 297.0 0.0 6229.0 21.0 467.0 0.16455101081335213
41 41 43 0.0 0.0 109.0 0.0 2338.0 15.0 35.0 0.31595576619273297
41 41 44 0.0 0.0 0.0 0.0 12.0 0.0 0.0 0.6958250497017892
41 42 36 0.0 0.0 11.0 0.0 165.0 5.0 0.0 0.64486411791801
41 42 37 0.0 0.0 54.0 0.0 1241.0 9.0 6.0 0.42617960426179596
41 42 38 0.0 0.0 109.0 0.0 2558.0 13.0 50.0 0.3008165019338203
41 42 39 0.0 0.0 246.0 0.0 5478.0 21.0 374.0 0.18170019467878
41 42 40 0.0 0.0 398.0 0.0 8487.0 21.0 1525.0 0.12879484820607176
41 42 41 0.0 0.0 415.0 0.0 8208.0 18.0 1243.0 0.1319385543304118
41 42 42 0.0 0.0 50.0 0.0 1589.0 7.0 15.0 0.38546255506607924
41 42 43 0.0 0.0 0.0 0.0 19.0 0.0 0.0 0.6937561942517343
41 42 44 0.0 0.0 0.0 0.0 1.0 0.0 0.0 0.6996501749125437
41 43 37 0.0 0.0 0.0 0.0 4.0 0.0 0.0 0.6986027944111775
41 43 38 0.0 0.0 2.0 0.0 119.0 0.0 0.0 0.66006600660066
41 43 39 0.0 0.0 128.0 0.0 2679.0 14.0 42.0 0.2920926350928437
41 43 40 0.0 0.0 13.0 0.0 418.0 5.0 1.0 0.5770816158285242
41 43 41 0.0 0.0 40.0 0.0 1025.0 7.0 7.0 0.4578155657292347
41 43 42 0.0 0.0 96.0 0.0 1810.0 17.0 20.0 0.3598971722365038
41 43 43 0.0 0.0 0.0 0.0 1.0 0.0 0.0 0.6996501749125437
41 44 38 0.0 0.0 2.0 0.0 25.0 0.0 0.0 0.6906758756783422
41 44 39 0.0 0.0 0.0 0.0 1.0 0.0 0.0 0.6996501749125437
41 44 40 0.0 0.0 0.0 0.0 6.0 0.0 0.0 0.6979062811565303
41 44 41 0.0 0.0 1.0 0.0 11.0 0.0 0.0 0.6958250497017892
41 44 43 0.0 0.0 0.0 0.0 1.0 0.0 0.0 0.6996501749125437
42 35 38 0.0 0.0 0.0 0.0 2.0 0.0 0.0 0.6993006993006992
42 36 38 0.0 0.0 0.0 0.0 7.0 0.0 0.0 0.6975585450921773
42 36 39 0.0 0.0 38.0 0.0 618.0 9.0 2.0 0.528900642236494
42 36 40 0.0 0.0 1.0 0.0 45.0 0.0 0.0 0.6842619745845552
42 36 41 0.0 0.0 6.0 0.0 196.0 3.0 0.0 0.6366530241018644
42 36 42 0.0 0.0 0.0 0.0 12.0 0.0 0.0 0.6958250497017892
42 36 43 0.0 0.0 0.0 0.0 10.0 0.0 0.0 0.6965174129353233
42 36 44 0.0 0.0 0.0 0.0 4.0 0.0 0.0 0.6986027944111775
42 37 37 0.0 0.0 0.0 0.0 6.0 0.0 0.0 0.6979062811565303
42 37 38 0.0 0.0 1.0 0.0 78.0 0.0 0.0 0.6734006734006733
42 37 39 0.0 0.0 170.0 0.0 3428.0 13.0 87.0 0.2505817075353499
42 37 40 0.0 0.0 447.0 0.0 8729.0 37.0 1817.0 0.12554927809165095
42 37 41 0.0 0.0 339.0 0.0 6842.0 21.0 745.0 0.15273838097316164
42 37 42 0.0 0.0 40.0 0.0 1020.0 4.0 9.0 0.45811518324607325
42 37 43 0.0 0.0 150.0 0.0 4206.0 18.0 216.0 0.22088987062164717
42 37 44 0.0 0.0 0.0 0.0 6.0 0.0 0.0 0.6982543640897755
42 38 37 0.0 0.0 0.0 0.0 22.0 1.0 0.0 0.6927263730826323
42 38 38 0.0 0.0 147.0 0.0 3631.0 14.0 134.0 0.24288688410825812
42 38 39 0.0 0.0 316.0 0.0 7378.0 25.0 1054.0 0.14468788755684164
42 38 40 0.0 0.0 862.0 0.0 12150.0 24.0 8669.0 0.09324630345011321
42 38 41 0.0 0.0 1003.0 0.0 12564.0 42.0 9727.0 0.0900842931600283
42 38 42 0.0 0.0 285.0 0.0 6313.0 23.0 606.0 0.16313213703099508
42 38 43 0.0 0.0 18.0 0.0 664.0 3.0 5.0 0.522973477773627
42 38 44 0.0 0.0 0.0 0.0 7.0 0.0 0.0 0.6975585450921773
42 39 37 0.0 0.0 57.0 0.0 1713.0 7.0 16.0 0.37204358224820616
42 39 38 0.0 0.0 162.0 0.0 3438.0 14.0 87.0 0.25053686471009307
42 39 39 0.0 0.0 549.0 0.0 9708.0 29.0 2363.0 0.11439777741461021
42 39 40 0.0 0.0 903.0 0.0 12318.0 28.0 8715.0 0.0919963201471941
42 39 41 0.0 0.0 762.0 0.0 11814.0 25.0 5652.0 0.09601536245799328
42 39 42 0.0 0.0 978.0 0.0 12647.0 33.0 9566.0 0.08963441961713296
42 39 43 0.0 0.0 52.0 0.0 1203.0 14.0 3.0 0.43196544276457877
42 39 44 0.0 0.0 1.0 0.0 41.0 0.0 0.0 0.6859382655560998
42 40 36 0.0 0.0 0.0 0.0 9.0 0.0 0.0 0.6968641114982577
42 40 37 0.0 0.0 19.0 0.0 366.0 7.0 0.0 0.5887300252312867
42 40 38 0.0 0.0 555.0 0.0 10495.0 32.0 3550.0 0.10741962710043734
42 40 39 0.0 0.0 583.0 0.0 10213.0 27.0 2676.0 0.10950332420805631
42 40 40 0.0 0.0 790.0 0.0 11980.0 26.0 6766.0 0.09480598632085052
42 40 41 0.0 0.0 836.0 0.0 12128.0 28.0 6191.0 0.09360791655522865
42 40 42 0.0 0.0 738.0 0.0 11695.0 24.0 5337.0 0.09699321047526673
42 40 43 0.0 0.0 195.0 0.0 4346.0 17.0 174.0 0.21452650934722645
42 40 44 0.0 0.0 14.0 0.0 242.0 1.0 0.0 0.6208425720620842
42 41 36 0.0 0.0 0.0 0.0 3.0 0.0 0.0 0.6989515726410384
42 41 37 0.0 0.0 5.0 0.0 173.0 3.0 0.0 0.6436781609195401
42 41 38 0.0 0.0 296.0 0.0 6587.0 30.0 664.0 0.15806706559783218
42 41 39 0.0 0.0 458.0 0.0 8497.0 27.0 1318.0 0.12801755669348935
42 41 40 0.0 0.0 427.0 0.0 8800.0 14.0 1969.0 0.12483281319661164
42 41 41 0.0 0.0 84.0 0.0 2627.0 16.0 66.0 0.2982530890498508
42 41 42 0.0 0.0 356.0 0.0 8001.0 18.0 1348.0 0.13534416086620263
42 41 43 0.0 0.0 73.0 0.0 1575.0 9.0 8.0 0.3848268279274326
42 41 44 0.0 0.0 0.0 0.0 8.0 0.0 0.0 0.697211155378486
42 42 36 0.0 0.0 0.0 0.0 7.0 0.0 0.0 0.6975585450921773
42 42 37 0.0 0.0 0.0 0.0 45.0 0.0 0.0 0.6845965770171147
42 42 38 0.0 0.0 285.0 0.0 6490.0 23.0 612.0 0.15983559767096697
42 42 39 0.0 0.0 332.0 0.0 7352.0 26.0 982.0 0.14486754966887413
42 42 40 0.0 0.0 92.0 0.0 2707.0 11.0 79.0 0.29245874242740755
42 42 41 0.0 0.0 406.0 0.0 8227.0 16.0 1342.0 0.1317275122318404
42 42 42 0.0 0.0 10.0 0.0 230.0 2.0 0.0 0.6255585344057193
42 42 43 0.0 0.0 0.0 0.0 26.0 0.0 0.0 0.6910167818361302
42 43 37 0.0 0.0 0.0 0.0 6.0 0.0 0.0 0.6979062811565303
42 43 38 0.0 0.0 2.0 0.0 44.0 1.0 0.0 0.6845965770171147
42 43 39 0.0 0.0 3.0 0.0 48.0 1.0 0.0 0.6829268292682925
42 43 40 0.0 0.0 0.0 0.0 59.0 0.0 0.0 0.6799417192812044
42 43 41 0.0 0.0 16.0 0.0 291.0 4.0 0.0 0.60790273556231
42 43 42 0.0 0.0 8.0 0.0 190.0 5.0 0.0 0.6383948928408572
42 44 40 0.0 0.0 0.0 0.0 1.0 0.0 0.0 0.6996501749125437
42 44 41 0.0 0.0 0.0 0.0 1.0 0.0 0.0 0.6996501749125437
43 36 38 0.0 0.0 0.0 0.0 1.0 0.0 0.0 0.6996501749125437
43 36 39 0.0 0.0 6.0 0.0 67.0 0.0 0.0 0.6753497346840327
43 36 40 0.0 0.0 0.0 0.0 14.0 0.0 0.0 0.6951340615690167
43 36 41 0.0 0.0 2.0 0.0 44.0 0.0 0.0 0.6842619745845552
43 36 42 0.0 0.0 0.0 0.0 4.0 0.0 0.0 0.6986027944111775
43 37 38 0.0 0.0 1.0 0.0 6.0 0.0 0.0 0.6975585450921773
43 37 39 0.0 0.0 1.0 0.0 91.0 0.0 1.0 0.6692160611854684
43 37 40 0.0 0.0 36.0 0.0 831.0 9.0 5.0 0.48985304408677394
43 37 41 0.0 0.0 54.0 0.0 1333.0 12.0 10.0 0.41481481481481475
43 37 42 0.0 0.0 4.0 0.0 134.0 3.0 0.0 0.6557377049180326
43 37 43 0.0 0.0 36.0 0.0 711.0 8.0 4.0 0.511135450894487
43 37 44 0.0 0.0 0.0 0.0 1.0 0.0 0.0 0.6996501749125437
43 38 38 0.0 0.0 7.0 0.0 78.0 2.0 0.0 0.6721075372059528
43 38 39 0.0 0.0 11.0 0.0 608.0 4.0 2.0 0.5353728489483747
43 38 40 0.0 0.0 148.0 0.0 3190.0 16.0 93.0 0.26305900037579855
43 38 41 0.0 0.0 186.0 0.0 4727.0 19.0 245.0 0.2031045988684172
43 38 42 0.0 0.0 126.0 0.0 3270.0 12.0 92.0 0.2598849081121218
43 38 43 0.0 0.0 88.0 0.0 1847.0 15.0 22.0 0.3570517725070135
43 38 44 0.0 0.0 0.0 0.0 4.0 0.0 0.0 0.6986027944111775
43 39 37 0.0 0.0 0.0 0.0 25.0 0.0 0.0 0.6913580246913579
43 39 38 0.0 0.0 16.0 0.0 418.0 3.0 0.0 0.5758946935417523
43 39 39 0.0 0.0 134.0 0.0 3072.0 16.0 69.0 0.2696975534579079
43 39 40 0.0 0.0 303.0 0.0 6732.0 17.0 741.0 0.15514184397163117
43 39 41 0.0 0.0 122.0 0.0 2801.0 13.0 56.0 0.28513238289205695
43 39 42 0.0 0.0 263.0 0.0 5644.0 22.0 411.0 0.17743979721166028
43 39 43 0.0 0.0 183.0 0.0 3840.0 17.0 126.0 0.23310023310023306
43 39 44 0.0 0.0 0.0 0.0 7.0 0.0 0.0 0.6975585450921773
43 40 36 0.0 0.0 0.0 0.0 3.0 0.0 0.0 0.6989515726410384
43 40 37 0.0 0.0 5.0 0.0 114.0 1.0 0.0 0.6610009442870631
43 40 38 0.0 0.0 125.0 0.0 2988.0 11.0 66.0 0.27445598902176044
43 40 39 0.0 0.0 127.0 0.0 2566.0 16.0 55.0 0.2994011976047904
43 40 40 0.0 0.0 162.0 0.0 4049.0 11.0 169.0 0.22566086395873625
43 40 41 0.0 0.0 341.0 0.0 7216.0 22.0 933.0 0.14678129586915495
43 40 42 0.0 0.0 102.0 0.0 2335.0 10.0 29.0 0.31609844208624965
43 40 43 0.0 0.0 73.0 0.0 1492.0 11.0 9.0 0.393922341024198
43 40 44 0.0 0.0 1.0 0.0 20.0 1.0 0.0 0.6930693069306929
43 41 36 0.0 0.0 0.0 0.0 4.0 0.0 0.0 0.6986027944111775
43 41 37 0.0 0.0 240.0 0.0 4957.0 18.0 294.0 0.19487750556792874
43 41 38 0.0 0.0 1.0 0.0 120.0 0.0 0.0 0.66006600660066
43 41 39 0.0 0.0 118.0 0.0 2393.0 15.0 40.0 0.3113879003558718
43 41 40 0.0 0.0 375.0 0.0 6741.0 26.0 538.0 0.15394765779634922
43 41 41 0.0 0.0 8.0 0.0 423.0 6.0 0.0 0.5775577557755774
43 41 42 0.0 0.0 49.0 0.0 1287.0 7.0 8.0 0.42054671072394106
43 41 43 0.0 0.0 10.0 0.0 312.0 2.0 0.0 0.6034482758620688
43 41 44 0.0 0.0 0.0 0.0 2.0 0.0 0.0 0.6993006993006992
43 42 36 0.0 0.0 0.0 0.0 1.0 0.0 0.0 0.6996501749125437
43 42 37 0.0 0.0 1.0 0.0 48.0 1.0 0.0 0.6835937499999999
43 42 38 0.0 0.0 4.0 0.0 105.0 1.0 0.0 0.6641366223908918
43 42 39 0.0 0.0 46.0 0.0 1249.0 9.0 8.0 0.42617960426179596
43 42 40 0.0 0.0 13.0 0.0 586.0 5.0 2.0 0.5397070161912104
43 42 41 0.0 0.0 1.0 0.0 41.0 0.0 0.0 0.6856023506366307
43 42 42 0.0 0.0 0.0 0.0 27.0 0.0 0.0 0.6906758756783422
43 42 43 0.0 0.0 0.0 0.0 10.0 0.0 0.0 0.6965174129353233
43 43 35 0.0 0.0 0.0 0.0 1.0 0.0 0.0 0.6996501749125437
43 43 37 0.0 0.0 0.0 0.0 6.0 0.0 0.0 0.6979062811565303
43 43 38 0.0 0.0 0.0 0.0 11.0 0.0 0.0 0.6961710591745399
43 43 39 0.0 0.0 0.0 0.0 28.0 0.0 0.0 0.690335305719921
43 43 40 0.0 0.0 0.0 0.0 15.0 0.0 0.0 0.694789081885856
43 43 41 0.0 0.0 0.0 0.0 22.0 0.0 0.0 0.6923837784371908
43 43 42 0.0 0.0 0.0 0.0 10.0 0.0 0.0 0.6965174129353233
44 37 40 0.0 0.0 0.0 0.0 4.0 0.0 0.0 0.6986027944111775
44 37 41 0.0 0.0 0.0 0.0 5.0 0.0 0.0 0.6982543640897755
44 37 42 0.0 0.0 0.0 0.0 3.0 0.0 0.0 0.6989515726410384
44 37 43 0.0 0.0 0.0 0.0 3.0 0.0 0.0 0.6989515726410384
44 38 38 0.0 0.0 1.0 0.0 14.0 0.0 0.0 0.694789081885856
44 38 39 0.0 0.0 0.0 0.0 14.0 0.0 0.0 0.6951340615690167
44 38 40 0.0 0.0 0.0 0.0 13.0 0.0 0.0 0.695479384003974
44 38 41 0.0 0.0 33.0 0.0 700.0 7.0 3.0 0.5135730007336756
44 38 42 0.0 0.0 0.0 0.0 8.0 0.0 0.0 0.697211155378486
44 38 43 0.0 0.0 0.0 0.0 4.0 0.0 0.0 0.6986027944111775
44 38 44 0.0 0.0 0.0 0.0 1.0 0.0 0.0 0.6996501749125437
44 39 38 0.0 0.0 0.0 0.0 6.0 0.0 0.0 0.6979062811565303
44 39 39 0.0 0.0 0.0 0.0 5.0 0.0 0.0 0.6982543640897755
44 39 40 0.0 0.0 0.0 0.0 41.0 0.0 0.0 0.6862745098039215
44 39 41 0.0 0.0 16.0 0.0 210.0 3.0 0.0 0.63006300630063
44 39 42 0.0 0.0 0.0 0.0 28.0 0.0 0.0 0.690335305719921
44 39 43 0.0 0.0 0.0 0.0 3.0 0.0 0.0 0.6989515726410384
44 39 44 0.0 0.0 0.0 0.0 1.0 0.0 0.0 0.6996501749125437
44 40 36 0.0 0.0 10.0 0.0 99.0 5.0 0.0 0.6653992395437262
44 40 37 0.0 0.0 0.0 0.0 4.0 0.0 0.0 0.6986027944111775
44 40 38 0.0 0.0 0.0 0.0 3.0 0.0 0.0 0.6989515726410384
44 40 39 0.0 0.0 1.0 0.0 31.0 0.0 0.0 0.6889763779527558
44 40 40 0.0 0.0 11.0 0.0 180.0 2.0 0.0 0.639561443581544
44 40 41 0.0 0.0 0.0 0.0 19.0 0.0 0.0 0.6934125804853887
44 40 42 0.0 0.0 3.0 0.0 47.0 2.0 0.0 0.6835937499999999
44 40 43 0.0 0.0 1.0 0.0 17.0 0.0 0.0 0.6937561942517343
44 40 44 0.0 0.0 4.0 0.0 113.0 0.0 0.0 0.6613131790269249
44 41 36 0.0 0.0 0.0 0.0 3.0 0.0 0.0 0.6989515726410384
44 41 37 0.0 0.0 0.0 0.0 10.0 0.0 0.0 0.6965174129353233
44 41 38 0.0 0.0 0.0 0.0 10.0 0.0 0.0 0.6965174129353233
44 41 39 0.0 0.0 0.0 0.0 8.0 0.0 0.0 0.697211155378486
44 41 40 0.0 0.0 0.0 0.0 18.0 0.0 0.0 0.6937561942517343
44 41 41 0.0 0.0 75.0 0.0 1588.0 18.0 12.0 0.38408779149519884
44 41 42 0.0 0.0 0.0 0.0 11.0 0.0 0.0 0.6961710591745399
44 41 43 0.0 0.0 0.0 0.0 1.0 0.0 0.0 0.6996501749125437
44 41 44 0.0 0.0 0.0 0.0 1.0 0.0 0.0 0.6996501749125437
44 42 36 0.0 0.0 42.0 0.0 917.0 11.0 2.0 0.4748982360922659
44 42 37 0.0 0.0 0.0 0.0 5.0 0.0 0.0 0.6982543640897755
44 42 38 0.0 0.0 0.0 0.0 4.0 0.0 0.0 0.6986027944111775
44 42 39 0.0 0.0 0.0 0.0 2.0 0.0 0.0 0.6993006993006992
44 42 40 0.0 0.0 0.0 0.0 6.0 0.0 0.0 0.6979062811565303
44 42 41 0.0 0.0 0.0 0.0 2.0 0.0 0.0 0.6993006993006992
44 42 44 0.0 0.0 0.0 0.0 1.0 0.0 0.0 0.6996501749125437
45 40 40 0.0 0.0 0.0 0.0 1.0 0.0 0.0 0.6996501749125437
45 41 36 0.0 0.0 0.0 0.0 1.0 0.0 0.0 0.6996501749125437
45 41 37 0.0 0.0 0.0 0.0 1.0 0.0 0.0 0.6996501749125437
45 42 41 0.0 0.0 0.0 0.0 1.0 0.0 0.0 0.6996501749125437
