38 38 42 0.0 0.0 0.0 0.0 1.0 0.0 0.0 0.6996501749125437
38 39 38 0.0 0.0 0.0 0.0 4.0 0.0 0.0 0.6986027944111775
38 39 39 0.0 0.0 1.0 0.0 19.0 0.0 0.0 0.6930693069306929
38 39 40 0.0 0.0 0.0 0.0 1.0 0.0 0.0 0.6996501749125437
38 39 41 0.0 0.0 0.0 0.0 1.0 0.0 0.0 0.6996501749125437
38 40 38 0.0 0.0 0.0 0.0 3.0 0.0 0.0 0.6989515726410384
38 40 39 0.0 0.0 2.0 0.0 48.0 0.0 0.0 0.6829268292682925
38 40 40 0.0 0.0 1.0 0.0 18.0 0.0 0.0 0.6934125804853887
38 40 41 0.0 0.0 0.0 0.0 3.0 0.0 0.0 0.6989515726410384
38 41 38 0.0 0.0 0.0 0.0 2.0 0.0 0.0 0.6993006993006992
38 41 39 0.0 0.0 2.0 0.0 20.0 1.0 0.0 0.6927263730826323
38 41 40 0.0 0.0 0.0 0.0 13.0 0.0 0.0 0.695479384003974
39 38 39 0.0 0.0 0.0 0.0 1.0 0.0 0.0 0.6996501749125437
39 38 40 0.0 0.0 0.0 0.0 5.0 0.0 0.0 0.6982543640897755
39 38 41 0.0 0.0 0.0 0.0 5.0 0.0 0.0 0.6982543640897755
39 38 42 0.0 0.0 0.0 0.0 1.0 0.0 0.0 0.6996501749125437
39 39 38 0.0 0.0 0.0 0.0 6.0 0.0 0.0 0.6979062811565303
39 39 39 0.0 0.0 6.0 0.0 158.0 1.0 0.0 0.6472491909385112
39 39 40 0.0 0.0 167.0 0.0 3495.0 28.0 103.0 0.24844720496894407
39 39 41 0.0 0.0 38.0 0.0 1005.0 5.0 6.0 0.46082949308755755
39 39 42 0.0 0.0 0.0 0.0 4.0 0.0 0.0 0.6986027944111775
39 40 38 0.0 0.0 0.0 0.0 5.0 0.0 0.0 0.6982543640897755
39 40 39 2.0 0.0 263.0 0.0 5800.0 18.0 458.0 0.17395626242544732
39 40 40 0.0 0.0 78.0 5.0 2211.0 13.0 30.0 0.32695002335357304
39 40 41 0.0 0.0 0.0 0.0 90.0 0.0 0.0 0.6698564593301434
39 40 42 0.0 0.0 0.0 0.0 1.0 0.0 0.0 0.6996501749125437
39 41 38 0.0 0.0 0.0 0.0 7.0 0.0 0.0 0.6975585450921773
39 41 39 0.0 0.0 6.0 0.0 206.0 1.0 1.0 0.6331976481230212
39 41 40 0.0 0.0 84.0 0.0 2192.0 15.0 43.0 0.32848427968090094
39 41 41 0.0 0.0 4.0 0.0 99.0 0.0 0.0 0.6657156443176413
39 42 40 0.0 0.0 0.0 0.0 2.0 0.0 0.0 0.6993006993006992
39 42 41 0.0 0.0 0.0 0.0 2.0 0.0 0.0 0.6993006993006992
40 38 39 0.0 0.0 0.0 0.0 11.0 0.0 0.0 0.6961710591745399
40 38 40 0.0 0.0 0.0 0.0 21.0 0.0 0.0 0.6927263730826323
40 38 41 0.0 0.0 0.0 0.0 24.0 0.0 0.0 0.6916996047430829
40 38 42 0.0 0.0 0.0 0.0 7.0 0.0 0.0 0.6975585450921773
40 39 38 0.0 0.0 0.0 0.0 2.0 0.0 0.0 0.6993006993006992
40 39 39 0.0 0.0 79.0 0.0 2268.0 15.0 32.0 0.32317636195752536
40 39 40 0.0 0.0 84.0 0.0 2079.0 19.0 32.0 0.33783783783783783
40 39 41 0.0 0.0 135.0 0.0 3361.0 9.0 89.0 0.2550555656768081
40 39 42 0.0 0.0 0.0 0.0 14.0 0.0 0.0 0.6951340615690167
40 40 38 0.0 0.0 0.0 0.0 1.0 0.0 0.0 0.6996501749125437
40 40 39 0.0 0.0 7.0 0.0 277.0 2.0 0.0 0.6134969325153373
40 40 40 13.0 4.0 879.0 83.0 12027.0 34.0 7151.0 0.09333955597039802
40 40 41 0.0 0.0 6.0 0.0 202.0 1.0 2.0 0.6343452650657
40 40 42 0.0 0.0 0.0 0.0 12.0 0.0 0.0 0.6958250497017892
40 41 38 0.0 0.0 0.0 0.0 3.0 0.0 0.0 0.6989515726410384
40 41 39 0.0 0.0 3.0 0.0 92.0 2.0 0.0 0.668896321070234
40 41 40 0.0 0.0 29.0 4.0 645.0 5.0 2.0 0.5237560793116348
40 41 41 0.0 0.0 34.0 0.0 802.0 11.0 5.0 0.49557522123893794
40 42 39 0.0 0.0 0.0 0.0 2.0 0.0 0.0 0.6993006993006992
40 42 40 0.0 0.0 0.0 0.0 1.0 0.0 0.0 0.6996501749125437
40 42 41 0.0 0.0 0.0 0.0 1.0 0.0 0.0 0.6996501749125437
41 38 38 0.0 0.0 0.0 0.0 1.0 0.0 0.0 0.6996501749125437
41 38 39 0.0 0.0 0.0 0.0 5.0 0.0 0.0 0.6982543640897755
41 38 40 0.0 0.0 2.0 0.0 30.0 2.0 1.0 0.689655172413793
41 38 41 0.0 0.0 0.0 0.0 10.0 0.0 0.0 0.6965174129353233
41 38 42 0.0 0.0 0.0 0.0 13.0 0.0 0.0 0.695479384003974
41 39 39 0.0 0.0 0.0 0.0 38.0 0.0 0.0 0.6869479882237487
41 39 40 0.0 0.0 224.0 0.0 4946.0 16.0 267.0 0.19564002235885966
41 39 41 0.0 0.0 400.0 0.0 7986.0 24.0 1294.0 0.13500482160077143
41 39 42 0.0 0.0 1.0 0.0 36.0 0.0 0.0 0.6872852233676975
41 40 38 0.0 0.0 0.0 0.0 3.0 0.0 0.0 0.6989515726410384
41 40 39 0.0 0.0 94.0 0.0 1879.0 12.0 29.0 0.3535353535353535
41 40 40 0.0 0.0 0.0 4.0 102.0 0.0 0.0 0.664767331433998
41 40 41 0.0 0.0 33.0 0.0 921.0 7.0 4.0 0.47505938242280277
41 40 42 0.0 0.0 4.0 0.0 31.0 1.0 0.0 0.6882989183874139
41 41 39 0.0 0.0 11.0 0.0 431.0 0.0 3.0 0.5733005733005732
41 41 40 0.0 0.0 159.0 0.0 3126.0 13.0 60.0 0.2654531664770572
41 41 41 0.0 0.0 0.0 0.0 64.0 0.0 0.0 0.6782945736434108
41 42 40 0.0 0.0 0.0 0.0 2.0 0.0 0.0 0.6993006993006992
41 42 41 0.0 0.0 0.0 0.0 2.0 0.0 0.0 0.6993006993006992
42 38 39 0.0 0.0 0.0 0.0 3.0 0.0 0.0 0.6989515726410384
42 38 40 0.0 0.0 1.0 0.0 18.0 0.0 0.0 0.6934125804853887
42 38 41 0.0 0.0 0.0 0.0 26.0 0.0 0.0 0.6910167818361302
42 38 42 0.0 0.0 0.0 0.0 2.0 0.0 0.0 0.6993006993006992
42 39 39 0.0 0.0 0.0 0.0 4.0 0.0 0.0 0.6986027944111775
42 39 40 0.0 0.0 0.0 0.0 4.0 0.0 0.0 0.6986027944111775
42 39 41 0.0 0.0 0.0 0.0 20.0 0.0 0.0 0.6930693069306929
42 39 42 0.0 0.0 2.0 0.0 14.0 0.0 0.0 0.6944444444444444
42 40 40 0.0 0.0 0.0 0.0 13.0 0.0 0.0 0.695479384003974
42 40 41 0.0 0.0 0.0 0.0 8.0 0.0 0.0 0.697211155378486
42 40 42 0.0 0.0 0.0 0.0 8.0 0.0 0.0 0.697211155378486
42 41 41 0.0 0.0 0.0 0.0 1.0 0.0 0.0 0.6996501749125437
42 42 39 0.0 0.0 0.0 0.0 2.0 0.0 0.0 0.6993006993006992
42 42 40 0.0 0.0 0.0 0.0 1.0 0.0 0.0 0.6996501749125437
