36 39 38 0.0 0.0 0.0 0.0 5.0 0.0 0.0 0.6982543640897755
36 39 39 0.0 0.0 4.0 0.0 147.0 1.0 0.0 0.6511627906976742
36 39 40 0.0 0.0 0.0 0.0 2.0 0.0 0.0 0.6993006993006992
36 40 38 0.0 0.0 8.0 0.0 219.0 1.0 0.0 0.6289308176100628
36 40 39 0.0 0.0 1.0 0.0 34.0 0.0 0.0 0.6879606879606879
36 40 40 0.0 0.0 0.0 0.0 1.0 0.0 0.0 0.6996501749125437
36 41 38 0.0 0.0 0.0 0.0 5.0 0.0 0.0 0.6982543640897755
36 41 39 0.0 0.0 0.0 0.0 1.0 0.0 0.0 0.6996501749125437
36 41 40 0.0 0.0 1.0 0.0 26.0 0.0 0.0 0.6906758756783422
37 37 37 0.0 0.0 0.0 0.0 1.0 0.0 0.0 0.6996501749125437
37 37 38 0.0 0.0 0.0 0.0 1.0 0.0 0.0 0.6996501749125437
37 37 39 0.0 0.0 0.0 0.0 14.0 0.0 0.0 0.6951340615690167
37 37 40 0.0 0.0 29.0 0.0 618.0 4.0 2.0 0.529701097237987
37 37 41 0.0 0.0 0.0 0.0 7.0 0.0 0.0 0.6979062811565303
37 38 37 0.0 0.0 0.0 0.0 5.0 0.0 0.0 0.6982543640897755
37 38 38 0.0 0.0 1.0 0.0 64.0 1.0 0.0 0.6782945736434108
37 38 39 0.0 0.0 0.0 0.0 44.0 0.0 0.0 0.684931506849315
37 38 40 0.0 0.0 0.0 0.0 47.0 0.0 0.0 0.6839276990718123
37 38 41 0.0 0.0 5.0 0.0 145.0 0.0 0.0 0.6514657980456026
37 38 42 0.0 0.0 0.0 0.0 29.0 0.0 0.0 0.6899950714637751
37 39 37 0.0 0.0 0.0 0.0 4.0 0.0 0.0 0.6986027944111775
37 39 38 0.0 0.0 4.0 0.0 100.0 0.0 0.0 0.6653992395437262
37 39 39 0.0 0.0 19.0 0.0 435.0 3.0 0.0 0.5711954304365564
37 39 40 0.0 0.0 5.0 0.0 149.0 4.0 1.0 0.6511627906976742
37 39 41 0.0 0.0 7.0 0.0 129.0 0.0 0.0 0.6554307116104868
37 39 42 0.0 0.0 0.0 0.0 20.0 0.0 0.0 0.6930693069306929
37 39 43 0.0 0.0 0.0 0.0 1.0 0.0 0.0 0.6996501749125437
37 40 37 0.0 0.0 0.0 0.0 7.0 0.0 0.0 0.6975585450921773
37 40 38 0.0 0.0 0.0 0.0 95.0 0.0 0.0 0.6682577565632457
37 40 39 0.0 0.0 220.0 0.0 5191.0 16.0 297.0 0.18921475875118257
37 40 40 0.0 0.0 47.0 0.0 1460.0 7.0 8.0 0.39999999999999997
37 40 41 0.0 0.0 17.0 0.0 456.0 6.0 1.0 0.5674908796108633
37 40 42 0.0 0.0 0.0 0.0 14.0 0.0 0.0 0.6951340615690167
37 41 37 0.0 0.0 0.0 0.0 4.0 0.0 0.0 0.6986027944111775
37 41 38 0.0 0.0 0.0 0.0 74.0 2.0 0.0 0.6760019314340897
37 41 39 0.0 0.0 30.0 0.0 838.0 10.0 4.0 0.4900245012250612
37 41 40 0.0 0.0 2.0 0.0 170.0 0.0 0.0 0.64486411791801
37 41 41 0.0 0.0 10.0 0.0 191.0 3.0 0.0 0.6369426751592355
37 41 42 0.0 0.0 0.0 0.0 22.0 0.0 0.0 0.6923837784371908
37 41 43 0.0 0.0 0.0 0.0 2.0 0.0 0.0 0.6993006993006992
37 42 38 0.0 0.0 0.0 0.0 25.0 0.0 0.0 0.6913580246913579
37 42 39 0.0 0.0 20.0 0.0 592.0 4.0 4.0 0.5368098159509201
37 42 40 0.0 0.0 105.0 0.0 1880.0 19.0 15.0 0.35291152004033266
37 42 41 0.0 0.0 6.0 0.0 209.0 1.0 0.0 0.6323396567299006
37 42 42 0.0 0.0 4.0 0.0 80.0 2.0 0.0 0.6724303554274734
37 43 38 0.0 0.0 1.0 0.0 14.0 1.0 0.0 0.6951340615690167
37 43 39 0.0 0.0 8.0 0.0 70.0 2.0 0.0 0.6743737957610789
37 43 40 0.0 0.0 3.0 0.0 32.0 1.0 0.0 0.6882989183874139
37 43 41 0.0 0.0 0.0 0.0 17.0 0.0 0.0 0.694100148735746
37 43 42 0.0 0.0 0.0 0.0 6.0 0.0 0.0 0.6979062811565303
38 36 40 0.0 0.0 0.0 0.0 3.0 0.0 0.0 0.6989515726410384
38 36 41 0.0 0.0 0.0 0.0 9.0 0.0 0.0 0.6968641114982577
38 37 36 0.0 0.0 0.0 0.0 2.0 0.0 0.0 0.6993006993006992
38 37 37 0.0 0.0 0.0 0.0 4.0 0.0 0.0 0.6986027944111775
38 37 38 0.0 0.0 0.0 0.0 5.0 0.0 0.0 0.6982543640897755
38 37 39 0.0 0.0 0.0 0.0 100.0 0.0 0.0 0.6666666666666665
38 37 40 0.0 0.0 16.0 0.0 420.0 5.0 1.0 0.5758946935417523
38 37 41 0.0 0.0 0.0 0.0 41.0 0.0 0.0 0.6859382655560998
38 37 42 0.0 0.0 17.0 0.0 346.0 1.0 0.0 0.592718035563082
38 37 43 0.0 0.0 0.0 0.0 2.0 0.0 0.0 0.6993006993006992
38 38 37 0.0 0.0 0.0 0.0 11.0 0.0 0.0 0.6961710591745399
38 38 38 0.0 0.0 81.0 0.0 1976.0 13.0 18.0 0.3462775166955231
38 38 39 0.0 0.0 122.0 0.0 2829.0 13.0 51.0 0.28351559335763465
38 38 40 0.0 0.0 322.0 0.0 6635.0 16.0 576.0 0.15654702001565468
38 38 41 0.0 0.0 244.0 0.0 5031.0 19.0 230.0 0.19289060347203085
38 38 42 0.0 0.0 21.0 0.0 781.0 6.0 6.0 0.5007153075822602
38 38 43 0.0 0.0 0.0 0.0 3.0 0.0 0.0 0.6989515726410384
38 39 36 0.0 0.0 0.0 0.0 2.0 0.0 0.0 0.6993006993006992
38 39 37 0.0 0.0 0.0 0.0 27.0 0.0 0.0 0.6906758756783422
38 39 38 0.0 0.0 237.0 0.0 5340.0 15.0 360.0 0.18506278916060806
38 39 39 0.0 0.0 459.0 0.0 9188.0 17.0 2238.0 0.1202542518467617
38 39 40 0.0 0.0 450.0 0.0 8466.0 18.0 1435.0 0.12833440278668987
38 39 41 0.0 0.0 361.0 0.0 7831.0 15.0 1274.0 0.1374840420308357
38 39 42 0.0 0.0 58.0 0.0 1596.0 8.0 16.0 0.38387715930902105
38 39 43 0.0 0.0 10.0 0.0 78.0 3.0 1.0 0.6714628297362109
38 40 37 0.0 0.0 0.0 0.0 23.0 0.0 0.0 0.6920415224913494
38 40 38 0.0 0.0 236.0 0.0 5078.0 25.0 275.0 0.19201755589082425
38 40 39 0.0 0.0 697.0 0.0 11248.0 30.0 4740.0 0.10049529825568874
38 40 40 0.0 0.0 528.0 0.0 10034.0 29.0 3003.0 0.11157156518967165
38 40 41 0.0 0.0 214.0 0.0 5173.0 23.0 317.0 0.1900366499253427
38 40 42 0.0 0.0 184.0 0.0 4224.0 15.0 173.0 0.21895527056615577
38 40 43 0.0 0.0 0.0 0.0 9.0 0.0 0.0 0.697211155378486
38 41 37 0.0 0.0 0.0 0.0 26.0 0.0 0.0 0.6910167818361302
38 41 38 0.0 0.0 82.0 0.0 2308.0 16.0 31.0 0.31999999999999995
38 41 39 0.0 0.0 494.0 0.0 9600.0 33.0 2612.0 0.1159228285170158
38 41 40 0.0 0.0 611.0 0.0 10293.0 19.0 2685.0 0.108560794044665
38 41 41 0.0 0.0 257.0 0.0 5569.0 16.0 399.0 0.17918853193395617
38 41 42 0.0 0.0 8.0 0.0 342.0 3.0 1.0 0.5967604433077578
38 41 43 0.0 0.0 0.0 0.0 4.0 0.0 0.0 0.6986027944111775
38 42 37 0.0 0.0 0.0 0.0 5.0 0.0 0.0 0.6982543640897755
38 42 38 0.0 0.0 66.0 0.0 1639.0 10.0 26.0 0.3788903924221921
38 42 39 0.0 0.0 345.0 0.0 7606.0 18.0 1075.0 0.1408450704225352
38 42 40 0.0 0.0 272.0 0.0 6140.0 12.0 530.0 0.16660716410805662
38 42 41 0.0 0.0 432.0 0.0 7894.0 17.0 1063.0 0.13576415826221874
38 42 42 0.0 0.0 2.0 0.0 124.0 0.0 0.0 0.6585136406396989
38 42 43 0.0 0.0 0.0 0.0 2.0 0.0 0.0 0.6993006993006992
38 43 37 0.0 0.0 0.0 0.0 1.0 0.0 0.0 0.6996501749125437
38 43 38 0.0 0.0 1.0 0.0 13.0 1.0 0.0 0.695479384003974
38 43 39 0.0 0.0 0.0 0.0 32.0 0.0 0.0 0.6889763779527558
38 43 40 0.0 0.0 36.0 0.0 936.0 10.0 5.0 0.47265361242403775
38 43 41 0.0 0.0 9.0 0.0 188.0 3.0 0.0 0.6381039197812214
38 43 42 0.0 0.0 0.0 0.0 14.0 0.0 0.0 0.6951340615690167
38 44 40 0.0 0.0 0.0 0.0 3.0 0.0 0.0 0.6989515726410384
38 44 41 0.0 0.0 0.0 0.0 1.0 0.0 0.0 0.6996501749125437
39 36 39 0.0 0.0 0.0 0.0 3.0 0.0 0.0 0.6989515726410384
39 36 40 0.0 0.0 0.0 0.0 4.0 0.0 0.0 0.6986027944111775
39 36 41 0.0 0.0 0.0 0.0 11.0 0.0 0.0 0.6961710591745399
39 36 42 0.0 0.0 0.0 0.0 5.0 0.0 0.0 0.6982543640897755
39 37 36 0.0 0.0 0.0 0.0 1.0 0.0 0.0 0.6996501749125437
39 37 37 0.0 0.0 7.0 0.0 87.0 0.0 0.0 0.6685768863419292
39 37 38 0.0 0.0 3.0 0.0 81.0 0.0 1.0 0.6721075372059528
39 37 39 0.0 0.0 1.0 0.0 101.0 0.0 0.0 0.6660323501427211
39 37 40 0.0 0.0 71.0 0.0 1602.0 15.0 13.0 0.38272279934390374
39 37 41 0.0 0.0 241.0 0.0 4960.0 21.0 266.0 0.1949317738791423
39 37 42 0.0 0.0 87.0 0.0 1884.0 13.0 20.0 0.35380338640384124
39 37 43 0.0 0.0 1.0 0.0 55.0 0.0 0.0 0.6809338521400777
39 38 36 0.0 0.0 0.0 0.0 3.0 0.0 0.0 0.6989515726410384
39 38 37 0.0 0.0 116.0 0.0 3085.0 17.0 90.0 0.2699575780948708
39 38 38 0.0 0.0 96.0 0.0 2004.0 9.0 23.0 0.34221461745294546
39 38 39 0.0 0.0 258.0 0.0 5988.0 23.0 451.0 0.17025416514654018
39 38 40 0.0 0.0 674.0 0.0 11145.0 29.0 4378.0 0.10145662729183273
39 38 41 0.0 0.0 527.0 0.0 9928.0 27.0 2578.0 0.112540192926045
39 38 42 0.0 0.0 112.0 0.0 2855.0 13.0 67.0 0.282428888440589
39 38 43 0.0 0.0 0.0 0.0 27.0 0.0 0.0 0.6906758756783422
39 39 36 0.0 0.0 0.0 0.0 2.0 0.0 0.0 0.6993006993006992
39 39 37 0.0 0.0 49.0 0.0 951.0 11.0 7.0 0.46838407494145196
39 39 38 0.0 0.0 291.0 0.0 6450.0 22.0 625.0 0.16047684548372304
39 39 39 0.0 0.0 799.0 2.0 12092.0 29.0 7015.0 0.09401652004566516
39 39 40 1.0 0.0 1396.0 1.0 12820.0 50.0 18978.0 0.08638775762063432
39 39 41 0.0 0.0 1037.0 0.0 12616.0 36.0 11476.0 0.08947402057902472
39 39 42 0.0 0.0 141.0 0.0 3557.0 24.0 106.0 0.24673951357067322
39 39 43 0.0 0.0 0.0 0.0 54.0 0.0 0.0 0.6815968841285296
39 40 36 0.0 0.0 0.0 0.0 3.0 0.0 0.0 0.6989515726410384
39 40 37 0.0 0.0 9.0 0.0 301.0 3.0 0.0 0.6071118820468342
39 40 38 0.0 0.0 483.0 0.0 9221.0 19.0 2025.0 0.11972975284358162
39 40 39 2.0 0.0 1538.0 1.0 12375.0 45.0 22833.0 0.08796179944709724
39 40 40 1.0 0.0 1066.0 4.0 12482.0 30.0 12550.0 0.08997429305912595
39 40 41 0.0 0.0 628.0 0.0 11081.0 26.0 4374.0 0.1021897810218978
39 40 42 0.0 0.0 275.0 0.0 6017.0 19.0 448.0 0.16918429003021143
39 40 43 0.0 0.0 0.0 0.0 27.0 0.0 0.0 0.6906758756783422
39 40 44 0.0 0.0 0.0 0.0 3.0 0.0 0.0 0.6989515726410384
39 41 36 0.0 0.0 0.0 0.0 2.0 0.0 0.0 0.6993006993006992
39 41 37 0.0 0.0 11.0 0.0 254.0 1.0 0.0 0.6183745583038868
39 41 38 0.0 0.0 290.0 0.0 6068.0 17.0 449.0 0.16770483948251078
39 41 39 0.0 0.0 914.0 1.0 12295.0 25.0 7618.0 0.0920326058374967
39 41 40 0.0 0.0 1062.0 0.0 12565.0 30.0 12753.0 0.08964589870013445
39 41 41 0.0 0.0 938.0 0.0 12418.0 33.0 8339.0 0.09119927040583675
39 41 42 0.0 0.0 138.0 0.0 3225.0 25.0 79.0 0.26217228464419473
39 41 43 0.0 0.0 53.0 0.0 940.0 10.0 3.0 0.46948356807511726
39 41 44 0.0 0.0 0.0 0.0 1.0 0.0 0.0 0.6996501749125437
39 42 36 0.0 0.0 0.0 0.0 2.0 0.0 0.0 0.6993006993006992
39 42 37 0.0 0.0 2.0 0.0 36.0 1.0 0.0 0.6876227897838899
39 42 38 0.0 0.0 159.0 0.0 3213.0 19.0 82.0 0.2615355875210162
39 42 39 0.0 0.0 193.0 0.0 4347.0 18.0 224.0 0.21472392638036808
39 42 40 0.0 0.0 410.0 0.0 8431.0 18.0 1660.0 0.1292108906322104
39 42 41 0.0 0.0 205.0 0.0 5176.0 19.0 343.0 0.19008825526137135
39 42 42 0.0 0.0 21.0 0.0 1091.0 6.0 10.0 0.4507405022537025
39 42 43 0.0 0.0 0.0 0.0 3.0 0.0 0.0 0.6989515726410384
39 43 38 0.0 0.0 0.0 0.0 48.0 0.0 0.0 0.6835937499999999
39 43 39 0.0 0.0 34.0 0.0 688.0 8.0 0.0 0.5158437730287397
39 43 40 0.0 0.0 214.0 0.0 4497.0 19.0 214.0 0.20914251568568865
39 43 41 0.0 0.0 2.0 0.0 115.0 2.0 0.0 0.6619385342789597
39 43 42 0.0 0.0 26.0 0.0 570.0 7.0 0.0 0.5407493240633449
39 44 39 0.0 0.0 1.0 0.0 13.0 0.0 0.0 0.6951340615690167
39 44 40 0.0 0.0 0.0 0.0 4.0 0.0 0.0 0.6986027944111775
39 44 41 0.0 0.0 16.0 0.0 307.0 1.0 1.0 0.6029285099052539
40 35 40 0.0 0.0 0.0 0.0 1.0 0.0 0.0 0.6996501749125437
40 36 38 0.0 0.0 0.0 0.0 5.0 0.0 0.0 0.6982543640897755
40 36 39 0.0 0.0 0.0 0.0 4.0 0.0 0.0 0.6986027944111775
40 36 40 0.0 0.0 0.0 0.0 6.0 0.0 0.0 0.6979062811565303
40 36 41 0.0 0.0 4.0 0.0 75.0 1.0 0.0 0.6737247353224253
40 36 42 0.0 0.0 0.0 0.0 1.0 0.0 0.0 0.6996501749125437
40 37 37 0.0 0.0 0.0 0.0 13.0 0.0 0.0 0.695479384003974
40 37 38 0.0 0.0 82.0 0.0 1932.0 14.0 21.0 0.3499125218695326
40 37 39 0.0 0.0 9.0 0.0 232.0 5.0 0.0 0.626118067978533
40 37 40 0.0 0.0 19.0 0.0 816.0 5.0 2.0 0.49469964664310945
40 37 41 0.0 0.0 194.0 0.0 4497.0 16.0 223.0 0.2097064110245656
40 37 42 0.0 0.0 9.0 0.0 195.0 3.0 0.0 0.6360745115856428
40 37 43 0.0 0.0 0.0 0.0 62.0 0.0 0.0 0.6789524733268669
40 38 36 0.0 0.0 0.0 0.0 1.0 0.0 0.0 0.6996501749125437
40 38 37 0.0 0.0 0.0 0.0 65.0 0.0 0.0 0.6779661016949151
40 38 38 0.0 0.0 545.0 0.0 10162.0 20.0 3203.0 0.11014948859166011
40 38 39 0.0 0.0 169.0 0.0 3800.0 16.0 145.0 0.23521505376344085
40 38 40 0.0 0.0 462.0 0.0 9175.0 15.0 2010.0 0.12038868346375439
40 38 41 0.0 0.0 528.0 0.0 9886.0 22.0 2485.0 0.11283043197936815
40 38 42 0.0 0.0 593.0 0.0 9934.0 23.0 2484.0 0.11187470033562408
40 38 43 0.0 0.0 55.0 0.0 1433.0 7.0 10.0 0.4021832806664751
40 38 44 0.0 0.0 0.0 0.0 1.0 0.0 0.0 0.6996501749125437
40 39 36 0.0 0.0 0.0 0.0 6.0 0.0 0.0 0.6979062811565303
40 39 37 0.0 0.0 23.0 0.0 463.0 8.0 1.0 0.5649717514124293
40 39 38 0.0 0.0 299.0 0.0 6701.0 20.0 659.0 0.1558499387732383
40 39 39 0.0 0.0 1023.0 0.0 12328.0 29.0 12423.0 0.09120521172638436
40 39 40 0.0 0.0 1245.0 0.0 12984.0 32.0 14265.0 0.08629723232447759
40 39 41 0.0 0.0 1350.0 1.0 12878.0 53.0 17102.0 0.08634513383495744
40 39 42 0.0 0.0 532.0 0.0 9156.0 23.0 1701.0 0.1199657240788346
40 39 43 0.0 0.0 87.0 0.0 2072.0 16.0 23.0 0.33783783783783783
40 39 44 0.0 0.0 0.0 0.0 7.0 0.0 0.0 0.6975585450921773
40 40 36 0.0 0.0 5.0 0.0 37.0 1.0 0.0 0.6862745098039215
40 40 37 0.0 0.0 235.0 0.0 5449.0 25.0 389.0 0.18269607203445123
40 40 38 0.0 0.0 362.0 0.0 7856.0 12.0 1116.0 0.1371070414259132
40 40 39 0.0 0.0 834.0 0.0 12139.0 38.0 7462.0 0.09361417586091607
40 40 40 10.0 8.0 2652.0 26.0 9774.0 56.0 54978.0 0.09671179883945841
40 40 41 0.0 0.0 753.0 1.0 11842.0 31.0 6529.0 0.09592983417842949
40 40 42 0.0 0.0 275.0 0.0 6596.0 15.0 685.0 0.15801354401805864
40 40 43 0.0 0.0 9.0 0.0 334.0 1.0 0.0 0.5977796754910332
40 40 44 0.0 0.0 0.0 0.0 3.0 0.0 0.0 0.6989515726410384
40 41 36 0.0 0.0 0.0 0.0 2.0 0.0 0.0 0.6993006993006992
40 41 37 0.0 0.0 153.0 0.0 3460.0 22.0 114.0 0.25040243248077265
40 41 38 0.0 0.0 538.0 0.0 9663.0 28.0 2385.0 0.11489536315141567
40 41 39 0.0 0.0 802.0 7.0 11857.0 26.0 5633.0 0.09551098376313275
40 41 40 0.0 3.0 945.0 15.0 12504.0 24.0 9719.0 0.09047434406100555
40 41 41 0.0 0.0 1008.0 1.0 12643.0 33.0 10334.0 0.08949117872666836
40 41 42 0.0 0.0 157.0 0.0 3720.0 11.0 165.0 0.23870417732310312
40 41 43 0.0 0.0 69.0 0.0 1387.0 16.0 9.0 0.40697674418604646
40 41 44 0.0 0.0 0.0 0.0 3.0 0.0 0.0 0.6989515726410384
40 42 36 0.0 0.0 2.0 0.0 29.0 0.0 0.0 0.6893156080748399
40 42 37 0.0 0.0 11.0 0.0 479.0 3.0 0.0 0.5629272215520706
40 42 38 0.0 0.0 105.0 0.0 2252.0 16.0 21.0 0.32250633494586495
40 42 39 0.0 0.0 604.0 0.0 10961.0 36.0 4640.0 0.10338207059518534
40 42 40 0.0 0.0 198.0 3.0 4892.0 18.0 302.0 0.19774011299435026
40 42 41 0.0 0.0 512.0 0.0 9507.0 25.0 1991.0 0.11664722546242293
40 42 42 0.0 0.0 15.0 0.0 500.0 5.0 2.0 0.5575467941059339
40 42 43 0.0 0.0 0.0 0.0 4.0 0.0 0.0 0.6986027944111775
40 43 38 0.0 0.0 0.0 0.0 38.0 0.0 0.0 0.6869479882237487
40 43 39 0.0 0.0 31.0 0.0 670.0 6.0 1.0 0.5194805194805194
40 43 40 0.0 0.0 152.0 0.0 3131.0 23.0 66.0 0.26610910473294047
40 43 41 0.0 0.0 7.0 0.0 291.0 1.0 1.0 0.6094906399651718
40 43 42 0.0 0.0 0.0 0.0 27.0 0.0 0.0 0.6906758756783422
40 44 40 0.0 0.0 0.0 0.0 2.0 0.0 0.0 0.6993006993006992
40 44 41 0.0 0.0 0.0 0.0 1.0 0.0 0.0 0.6996501749125437
41 36 38 0.0 0.0 0.0 0.0 3.0 0.0 0.0 0.6989515726410384
41 36 39 0.0 0.0 47.0 0.0 1043.0 12.0 7.0 0.4548408057179986
41 36 40 0.0 0.0 0.0 0.0 9.0 0.0 0.0 0.6968641114982577
41 36 41 0.0 0.0 0.0 0.0 12.0 0.0 0.0 0.6958250497017892
41 36 42 0.0 0.0 0.0 0.0 7.0 0.0 0.0 0.6975585450921773
41 36 43 0.0 0.0 0.0 0.0 2.0 0.0 0.0 0.6996501749125437
41 37 37 0.0 0.0 0.0 0.0 18.0 0.0 0.0 0.6937561942517343
41 37 38 0.0 0.0 0.0 0.0 55.0 0.0 0.0 0.6815968841285296
41 37 39 0.0 0.0 118.0 0.0 3014.0 15.0 91.0 0.2734909161945692
41 37 40 0.0 0.0 47.0 0.0 1069.0 12.0 1.0 0.4510309278350515
41 37 41 0.0 0.0 66.0 0.0 1283.0 12.0 6.0 0.41966426858513184
41 37 42 0.0 0.0 82.0 0.0 1652.0 17.0 16.0 0.37654653039268415
41 37 43 0.0 0.0 14.0 0.0 347.0 2.0 0.0 0.5934718100890207
41 37 44 0.0 0.0 0.0 0.0 1.0 0.0 0.0 0.6996501749125437
41 38 37 0.0 0.0 5.0 0.0 84.0 1.0 0.0 0.6704980842911876
41 38 38 0.0 0.0 95.0 0.0 2079.0 19.0 34.0 0.33686236766121264
41 38 39 0.0 0.0 358.0 0.0 7735.0 28.0 1168.0 0.13897161008536826
41 38 40 0.0 0.0 572.0 0.0 10269.0 27.0 3584.0 0.10914477274499103
41 38 41 0.0 0.0 550.0 0.0 10306.0 19.0 3107.0 0.1089833411178577
41 38 42 0.0 0.0 618.0 0.0 10871.0 31.0 4390.0 0.10391923990498812
41 38 43 0.0 0.0 65.0 0.0 1883.0 9.0 21.0 0.3555104113763331
41 38 44 0.0 0.0 0.0 0.0 2.0 0.0 0.0 0.6993006993006992
41 39 36 0.0 0.0 0.0 0.0 1.0 0.0 0.0 0.6996501749125437
41 39 37 0.0 0.0 1.0 0.0 102.0 0.0 0.0 0.6660323501427211
41 39 38 0.0 0.0 286.0 0.0 6174.0 18.0 479.0 0.16579819990525815
41 39 39 0.0 0.0 698.0 2.0 11500.0 23.0 5395.0 0.0986262768580486
41 39 40 0.0 0.0 1424.0 0.0 12216.0 49.0 21692.0 0.08957133717210491
41 39 41 1.0 0.0 1877.0 0.0 11763.0 54.0 31649.0 0.08955414827608264
41 39 42 0.0 0.0 642.0 0.0 10644.0 31.0 3428.0 0.10550908131735623
41 39 43 0.0 0.0 59.0 0.0 1783.0 12.0 23.0 0.3655352480417754
41 39 44 0.0 0.0 0.0 0.0 7.0 0.0 0.0 0.6975585450921773
41 40 36 0.0 0.0 19.0 0.0 496.0 7.0 2.0 0.5582137161084528
41 40 37 0.0 0.0 15.0 0.0 469.0 3.0 1.0 0.5642885933091495
41 40 38 0.0 0.0 445.0 0.0 8794.0 19.0 1652.0 0.12471049349723853
41 40 39 0.0 0.0 1191.0 0.0 12751.0 35.0 14862.0 0.0878679470281805
41 40 40 0.0 0.0 606.0 14.0 10532.0 23.0 2945.0 0.10647197505513727
41 40 41 0.0 0.0 1054.0 1.0 12524.0 30.0 11132.0 0.0898703299524971
41 40 42 0.0 0.0 782.0 0.0 11580.0 35.0 6292.0 0.09758817788930711
41 40 43 0.0 0.0 203.0 0.0 5194.0 14.0 365.0 0.18949648077964262
41 40 44 0.0 0.0 2.0 0.0 17.0 1.0 0.0 0.6937561942517343
41 41 36 0.0 0.0 0.0 0.0 3.0 0.0 0.0 0.6989515726410384
41 41 37 0.0 0.0 121.0 0.0 2707.0 16.0 57.0 0.2908184461985874
41 41 38 0.0 0.0 290.0 0.0 6496.0 17.0 615.0 0.1595805311751966
41 41 39 0.0 0.0 874.0 1.0 12119.0 31.0 7846.0 0.09345170549362525
41 41 40 0.0 0.0 1300.0 1.0 12475.0 44.0 18249.0 0.08873114463176573
41 41 41 0.0 0.0 514.0 6.0 9310.0 31.0 1994.0 0.11851350207398627
41 41 42 0.0 0.0 145.0 0.0 2928.0 19.0 69.0 0.2769535113748763
41 41 43 0.0 0.0 14.0 0.0 281.0 3.0 0.0 0.6108202443280977
41 41 44 0.0 0.0 0.0 0.0 4.0 0.0 0.0 0.6986027944111775
41 42 36 0.0 0.0 0.0 0.0 2.0 0.0 0.0 0.6993006993006992
41 42 37 0.0 0.0 5.0 0.0 154.0 1.0 0.0 0.6487488415199257
41 42 38 0.0 0.0 18.0 0.0 538.0 5.0 1.0 0.5490196078431372
41 42 39 0.0 0.0 108.0 0.0 2420.0 13.0 38.0 0.31000885739592554
41 42 40 0.0 0.0 236.0 0.0 5574.0 24.0 438.0 0.1796714579055441
41 42 41 0.0 0.0 252.0 0.0 4977.0 20.0 269.0 0.19420169232903312
41 42 42 0.0 0.0 8.0 0.0 436.0 2.0 1.0 0.5733005733005732
41 42 43 0.0 0.0 0.0 0.0 4.0 0.0 0.0 0.6986027944111775
41 43 38 0.0 0.0 0.0 0.0 16.0 0.0 0.0 0.6944444444444444
41 43 39 0.0 0.0 24.0 0.0 503.0 11.0 2.0 0.5564387917329093
41 43 40 0.0 0.0 1.0 0.0 75.0 0.0 0.0 0.6743737957610789
41 43 41 0.0 0.0 4.0 0.0 169.0 2.0 0.0 0.64486411791801
41 43 42 0.0 0.0 10.0 0.0 250.0 5.0 0.0 0.6208425720620842
42 36 38 0.0 0.0 0.0 0.0 1.0 0.0 0.0 0.6996501749125437
42 36 39 0.0 0.0 2.0 0.0 21.0 0.0 0.0 0.6920415224913494
42 36 40 0.0 0.0 0.0 0.0 18.0 0.0 0.0 0.6937561942517343
42 36 41 0.0 0.0 1.0 0.0 11.0 0.0 0.0 0.6958250497017892
42 36 42 0.0 0.0 0.0 0.0 1.0 0.0 0.0 0.6996501749125437
42 36 43 0.0 0.0 0.0 0.0 3.0 0.0 0.0 0.6989515726410384
42 37 37 0.0 0.0 0.0 0.0 1.0 0.0 0.0 0.6996501749125437
42 37 38 0.0 0.0 0.0 0.0 13.0 0.0 0.0 0.695479384003974
42 37 39 0.0 0.0 41.0 0.0 710.0 6.0 1.0 0.5100182149362477
42 37 40 0.0 0.0 265.0 0.0 5969.0 21.0 543.0 0.17044071098125146
42 37 41 0.0 0.0 171.0 0.0 3803.0 15.0 129.0 0.234820530023482
42 37 42 0.0 0.0 4.0 0.0 219.0 0.0 0.0 0.6297795771479981
42 37 43 0.0 0.0 59.0 0.0 1874.0 8.0 39.0 0.35650623885918
42 38 37 0.0 0.0 0.0 0.0 3.0 0.0 0.0 0.6989515726410384
42 38 38 0.0 0.0 50.0 0.0 1297.0 8.0 9.0 0.41928721174004185
42 38 39 0.0 0.0 187.0 0.0 4511.0 14.0 248.0 0.2093614475848661
42 38 40 0.0 0.0 650.0 0.0 11064.0 36.0 4539.0 0.10223455527968453
42 38 41 0.0 0.0 727.0 0.0 11427.0 40.0 5203.0 0.09905193151266449
42 38 42 0.0 0.0 149.0 0.0 3405.0 17.0 94.0 0.25284450063211117
42 38 43 0.0 0.0 2.0 0.0 141.0 0.0 0.0 0.6532897806812878
42 38 44 0.0 0.0 0.0 0.0 1.0 0.0 0.0 0.6996501749125437
42 39 37 0.0 0.0 15.0 0.0 406.0 5.0 0.0 0.5794701986754967
42 39 38 0.0 0.0 42.0 0.0 842.0 9.0 4.0 0.48695652173913034
42 39 39 0.0 0.0 340.0 0.0 6809.0 23.0 765.0 0.15327348368732208
42 39 40 0.0 0.0 661.0 0.0 11153.0 27.0 4475.0 0.10141253169141613
42 39 41 0.0 0.0 521.0 0.0 9817.0 21.0 2483.0 0.11352578657152122
42 39 42 0.0 0.0 753.0 0.0 11546.0 22.0 4931.0 0.09794319294809009
42 39 43 0.0 0.0 5.0 0.0 204.0 1.0 0.0 0.6343452650657
42 39 44 0.0 0.0 0.0 0.0 3.0 0.0 0.0 0.6989515726410384
42 40 36 0.0 0.0 0.0 0.0 3.0 0.0 0.0 0.6989515726410384
42 40 37 0.0 0.0 0.0 0.0 36.0 0.0 0.0 0.6876227897838899
42 40 38 0.0 0.0 385.0 0.0 8195.0 20.0 1497.0 0.13243780153249451
42 40 39 0.0 0.0 372.0 0.0 7477.0 26.0 842.0 0.14233428222854816
42 40 40 0.0 0.0 572.0 0.0 10530.0 27.0 3210.0 0.10699273977837218
42 40 41 0.0 0.0 583.0 0.0 10295.0 20.0 2862.0 0.10879701585327944
42 40 42 0.0 0.0 532.0 0.0 9714.0 23.0 2266.0 0.11437908496732026
42 40 43 0.0 0.0 57.0 0.0 1467.0 16.0 9.0 0.39897406668566543
42 40 44 0.0 0.0 0.0 0.0 5.0 0.0 0.0 0.6982543640897755
42 41 37 0.0 0.0 0.0 0.0 35.0 0.0 0.0 0.6879606879606879
42 41 38 0.0 0.0 151.0 0.0 3585.0 15.0 128.0 0.24462694391053638
42 41 39 0.0 0.0 275.0 0.0 5342.0 30.0 241.0 0.18450184501845013
42 41 40 0.0 0.0 251.0 0.0 6250.0 16.0 626.0 0.16491930733890917
42 41 41 0.0 0.0 20.0 0.0 907.0 6.0 9.0 0.4796163069544363
42 41 42 0.0 0.0 216.0 0.0 5323.0 19.0 379.0 0.18614545938040153
42 41 43 0.0 0.0 8.0 0.0 141.0 3.0 0.0 0.6523765144454798
42 41 44 0.0 0.0 0.0 0.0 2.0 0.0 0.0 0.6993006993006992
42 42 36 0.0 0.0 0.0 0.0 1.0 0.0 0.0 0.6996501749125437
42 42 37 0.0 0.0 0.0 0.0 11.0 0.0 0.0 0.6961710591745399
42 42 38 0.0 0.0 138.0 0.0 3469.0 10.0 129.0 0.25008931761343334
42 42 39 0.0 0.0 185.0 0.0 4437.0 18.0 197.0 0.21180030257186078
42 42 40 0.0 0.0 25.0 0.0 964.0 4.0 10.0 0.4691689008042895
42 42 41 0.0 0.0 245.0 0.0 5243.0 16.0 331.0 0.1872909698996655
42 42 42 0.0 0.0 1.0 0.0 30.0 0.0 0.0 0.6893156080748399
42 42 43 0.0 0.0 0.0 0.0 6.0 0.0 0.0 0.6979062811565303
42 43 37 0.0 0.0 0.0 0.0 2.0 0.0 0.0 0.6993006993006992
42 43 38 0.0 0.0 0.0 0.0 8.0 0.0 0.0 0.697211155378486
42 43 39 0.0 0.0 0.0 0.0 13.0 0.0 0.0 0.695479384003974
42 43 40 0.0 0.0 0.0 0.0 18.0 0.0 0.0 0.6937561942517343
42 43 41 0.0 0.0 0.0 0.0 8.0 0.0 0.0 0.697211155378486
42 43 42 0.0 0.0 0.0 0.0 6.0 0.0 0.0 0.6979062811565303
43 36 39 0.0 0.0 0.0 0.0 3.0 0.0 0.0 0.6989515726410384
43 36 40 0.0 0.0 0.0 0.0 4.0 0.0 0.0 0.6986027944111775
43 36 41 0.0 0.0 0.0 0.0 16.0 0.0 0.0 0.6944444444444444
43 37 38 0.0 0.0 0.0 0.0 3.0 0.0 0.0 0.6989515726410384
43 37 39 0.0 0.0 0.0 0.0 28.0 0.0 1.0 0.690335305719921
43 37 40 0.0 0.0 1.0 0.0 122.0 0.0 1.0 0.6594441827602449
43 37 41 0.0 0.0 4.0 0.0 205.0 2.0 0.0 0.6343452650657
43 37 42 0.0 0.0 0.0 0.0 31.0 0.0 0.0 0.6893156080748399
43 37 43 0.0 0.0 1.0 0.0 5.0 1.0 0.0 0.6982543640897755
43 38 38 0.0 0.0 0.0 0.0 6.0 0.0 0.0 0.6979062811565303
43 38 39 0.0 0.0 2.0 0.0 172.0 1.0 0.0 0.6442705936493326
43 38 40 0.0 0.0 33.0 0.0 724.0 9.0 3.0 0.509461426491994
43 38 41 0.0 0.0 78.0 0.0 1981.0 9.0 31.0 0.34559368057269807
43 38 42 0.0 0.0 43.0 0.0 958.0 8.0 4.0 0.4677581022385566
43 38 43 0.0 0.0 11.0 0.0 194.0 4.0 0.0 0.6360745115856428
43 38 44 0.0 0.0 0.0 0.0 1.0 0.0 0.0 0.6996501749125437
43 39 37 0.0 0.0 0.0 0.0 10.0 0.0 0.0 0.6965174129353233
43 39 38 0.0 0.0 1.0 0.0 64.0 0.0 0.0 0.6779661016949151
43 39 39 0.0 0.0 36.0 0.0 916.0 10.0 2.0 0.4758667573079537
43 39 40 0.0 0.0 156.0 0.0 3738.0 13.0 137.0 0.23801428085685136
43 39 41 0.0 0.0 25.0 0.0 571.0 5.0 2.0 0.5403319181783095
43 39 42 0.0 0.0 118.0 0.0 2494.0 18.0 33.0 0.3047453199825859
43 39 43 0.0 0.0 56.0 0.0 1110.0 9.0 5.0 0.4434589800443458
43 40 36 0.0 0.0 0.0 0.0 2.0 0.0 0.0 0.6993006993006992
43 40 37 0.0 0.0 0.0 0.0 11.0 0.0 0.0 0.6961710591745399
43 40 38 0.0 0.0 38.0 0.0 667.0 5.0 2.0 0.5187106335679881
43 40 39 0.0 0.0 23.0 0.0 495.0 10.0 1.0 0.5584363781412045
43 40 40 0.0 0.0 58.0 0.0 1460.0 8.0 14.0 0.39886039886039887
43 40 41 0.0 0.0 187.0 0.0 4321.0 26.0 194.0 0.21591610117211593
43 40 42 0.0 0.0 17.0 0.0 392.0 3.0 2.0 0.582120582120582
43 40 43 0.0 0.0 7.0 0.0 131.0 0.0 0.0 0.6548175865294666
43 41 37 0.0 0.0 94.0 0.0 2085.0 12.0 19.0 0.3358925143953934
43 41 38 0.0 0.0 0.0 0.0 27.0 0.0 0.0 0.6906758756783422
43 41 39 0.0 0.0 21.0 0.0 348.0 6.0 2.0 0.5924672027084215
43 41 40 0.0 0.0 167.0 0.0 2943.0 25.0 54.0 0.2753195673549656
43 41 41 0.0 0.0 0.0 0.0 65.0 0.0 0.0 0.6779661016949151
43 41 42 0.0 0.0 5.0 0.0 148.0 0.0 0.0 0.6502554575011611
43 41 43 0.0 0.0 0.0 0.0 29.0 0.0 0.0 0.6899950714637751
43 41 44 0.0 0.0 0.0 0.0 1.0 0.0 0.0 0.0
43 42 37 0.0 0.0 0.0 0.0 3.0 0.0 0.0 0.6989515726410384
43 42 38 0.0 0.0 0.0 0.0 12.0 0.0 0.0 0.6958250497017892
43 42 39 0.0 0.0 9.0 0.0 132.0 1.0 0.0 0.6542056074766354
43 42 40 0.0 0.0 2.0 0.0 68.0 1.0 0.0 0.6766553890768486
43 42 41 0.0 0.0 0.0 0.0 8.0 0.0 0.0 0.697211155378486
43 42 42 0.0 0.0 0.0 0.0 11.0 0.0 0.0 0.6961710591745399
43 42 43 0.0 0.0 0.0 0.0 1.0 0.0 0.0 0.6996501749125437
43 43 38 0.0 0.0 0.0 0.0 1.0 0.0 0.0 0.6996501749125437
43 43 39 0.0 0.0 0.0 0.0 3.0 0.0 0.0 0.6989515726410384
43 43 40 0.0 0.0 0.0 0.0 7.0 0.0 0.0 0.6975585450921773
43 43 41 0.0 0.0 0.0 0.0 4.0 0.0 0.0 0.6986027944111775
43 43 42 0.0 0.0 0.0 0.0 3.0 0.0 0.0 0.6989515726410384
44 38 39 0.0 0.0 0.0 0.0 3.0 0.0 0.0 0.6989515726410384
44 38 40 0.0 0.0 0.0 0.0 3.0 0.0 0.0 0.6989515726410384
44 38 41 0.0 0.0 2.0 0.0 34.0 1.0 0.0 0.6879606879606879
44 38 42 0.0 0.0 0.0 0.0 1.0 0.0 0.0 0.6996501749125437
44 39 39 0.0 0.0 0.0 0.0 1.0 0.0 0.0 0.6996501749125437
44 39 40 0.0 0.0 0.0 0.0 8.0 0.0 0.0 0.697211155378486
44 39 41 0.0 0.0 0.0 0.0 3.0 0.0 0.0 0.6989515726410384
44 39 42 0.0 0.0 0.0 0.0 2.0 0.0 0.0 0.6993006993006992
44 39 43 0.0 0.0 0.0 0.0 1.0 0.0 0.0 0.6996501749125437
44 40 37 0.0 0.0 0.0 0.0 1.0 0.0 0.0 0.6996501749125437
44 40 39 0.0 0.0 0.0 0.0 6.0 0.0 0.0 0.6979062811565303
44 40 40 0.0 0.0 0.0 0.0 8.0 0.0 0.0 0.697211155378486
44 40 41 0.0 0.0 0.0 0.0 5.0 0.0 0.0 0.6982543640897755
44 40 42 0.0 0.0 0.0 0.0 3.0 0.0 0.0 0.6989515726410384
44 40 43 0.0 0.0 0.0 0.0 2.0 0.0 0.0 0.6993006993006992
44 40 44 0.0 0.0 1.0 0.0 14.0 1.0 0.0 0.6951340615690167
44 41 36 0.0 0.0 0.0 0.0 1.0 0.0 0.0 0.6996501749125437
44 41 40 0.0 0.0 0.0 0.0 2.0 0.0 0.0 0.6993006993006992
44 41 41 0.0 0.0 9.0 0.0 100.0 2.0 0.0 0.6644518272425248
44 41 42 0.0 0.0 0.0 0.0 2.0 0.0 0.0 0.6993006993006992
44 42 36 0.0 0.0 2.0 0.0 73.0 0.0 0.0 0.6746987951807227
44 42 37 0.0 0.0 0.0 0.0 1.0 0.0 0.0 0.6996501749125437
44 42 38 0.0 0.0 0.0 0.0 1.0 0.0 0.0 0.6996501749125437
