37 39 40 0.0 0.0 0.0 0.0 1.0 0.0 0.0 0.6996501749125437
37 40 38 0.0 0.0 0.0 0.0 1.0 0.0 0.0 0.6996501749125437
37 40 40 0.0 0.0 0.0 0.0 1.0 0.0 0.0 0.6996501749125437
37 41 38 0.0 0.0 0.0 0.0 1.0 0.0 0.0 0.6996501749125437
37 41 39 0.0 0.0 0.0 0.0 1.0 0.0 0.0 0.6996501749125437
37 41 41 0.0 0.0 0.0 0.0 2.0 0.0 0.0 0.6993006993006992
38 37 39 0.0 0.0 0.0 0.0 5.0 0.0 0.0 0.6982543640897755
38 37 40 0.0 0.0 0.0 0.0 2.0 0.0 0.0 0.6993006993006992
38 38 38 0.0 0.0 0.0 0.0 6.0 0.0 0.0 0.6979062811565303
38 38 39 0.0 0.0 0.0 0.0 34.0 0.0 0.0 0.6882989183874139
38 38 40 0.0 0.0 3.0 0.0 59.0 0.0 0.0 0.6789524733268669
38 38 41 0.0 0.0 0.0 0.0 23.0 0.0 0.0 0.6920415224913494
38 38 42 0.0 0.0 0.0 0.0 11.0 0.0 0.0 0.6961710591745399
38 39 38 0.0 0.0 2.0 0.0 68.0 1.0 0.0 0.6766553890768486
38 39 39 0.0 0.0 45.0 0.0 1256.0 15.0 11.0 0.4259202920596288
38 39 40 0.0 0.0 10.0 0.0 200.0 2.0 0.0 0.6340579710144926
38 39 41 0.0 0.0 17.0 0.0 479.0 3.0 2.0 0.5615724027276373
38 39 42 0.0 0.0 0.0 0.0 9.0 0.0 0.0 0.6968641114982577
38 40 38 0.0 0.0 0.0 0.0 41.0 0.0 0.0 0.6859382655560998
38 40 39 0.0 0.0 116.0 0.0 2795.0 18.0 51.0 0.28612303290414876
38 40 40 0.0 0.0 57.0 0.0 1505.0 8.0 8.0 0.393922341024198
38 40 41 0.0 0.0 0.0 0.0 82.0 1.0 0.0 0.6727534839019701
38 40 42 0.0 0.0 0.0 0.0 8.0 1.0 0.0 0.6975585450921773
38 41 38 0.0 0.0 0.0 0.0 19.0 0.0 0.0 0.6934125804853887
38 41 39 0.0 0.0 47.0 0.0 1448.0 2.0 18.0 0.4008016032064127
38 41 40 0.0 0.0 36.0 0.0 795.0 7.0 2.0 0.49592631951824295
38 41 41 0.0 0.0 0.0 0.0 17.0 0.0 0.0 0.694100148735746
38 41 42 0.0 0.0 0.0 0.0 5.0 0.0 0.0 0.6982543640897755
38 42 38 0.0 0.0 0.0 0.0 2.0 0.0 0.0 0.6993006993006992
38 42 39 0.0 0.0 7.0 0.0 419.0 6.0 0.0 0.5785123966942147
38 42 40 0.0 0.0 2.0 0.0 30.0 0.0 0.0 0.6893156080748399
38 42 41 0.0 0.0 3.0 0.0 48.0 2.0 0.0 0.6832601268911663
38 42 42 0.0 0.0 0.0 0.0 2.0 0.0 0.0 0.6993006993006992
38 43 40 0.0 0.0 0.0 0.0 1.0 0.0 0.0 0.6996501749125437
39 37 39 0.0 0.0 0.0 0.0 1.0 0.0 0.0 0.6996501749125437
39 37 40 0.0 0.0 0.0 0.0 1.0 0.0 0.0 0.6996501749125437
39 37 41 0.0 0.0 0.0 0.0 1.0 0.0 0.0 0.6996501749125437
39 38 38 0.0 0.0 0.0 0.0 9.0 0.0 0.0 0.6968641114982577
39 38 39 0.0 0.0 1.0 0.0 56.0 1.0 0.0 0.6812652068126519
39 38 40 0.0 0.0 112.0 0.0 2706.0 9.0 46.0 0.291060291060291
39 38 41 0.0 0.0 39.0 0.0 763.0 9.0 1.0 0.5012531328320802
39 38 42 0.0 0.0 0.0 0.0 44.0 0.0 0.0 0.684931506849315
39 39 38 0.0 0.0 2.0 0.0 83.0 1.0 0.0 0.6717850287907868
39 39 39 0.0 0.0 201.0 1.0 4519.0 12.0 211.0 0.20858164481525623
39 39 40 0.0 0.0 564.0 1.0 9910.0 24.0 2670.0 0.11227845055738231
39 39 41 0.0 0.0 358.0 0.0 7188.0 29.0 768.0 0.14704337779644994
39 39 42 0.0 0.0 0.0 0.0 35.0 0.0 0.0 0.6879606879606879
39 40 38 0.0 0.0 29.0 0.0 594.0 12.0 3.0 0.5363984674329502
39 40 39 2.0 0.0 658.0 0.0 10987.0 26.0 4509.0 0.10258664908038395
39 40 40 0.0 0.0 341.0 8.0 7734.0 19.0 1274.0 0.13902681231380334
39 40 41 0.0 0.0 104.0 1.0 2682.0 14.0 48.0 0.2933165723863398
39 40 42 0.0 0.0 0.0 0.0 30.0 0.0 0.0 0.689655172413793
39 41 38 0.0 0.0 0.0 0.0 38.0 0.0 0.0 0.6872852233676975
39 41 39 0.0 0.0 222.0 0.0 4764.0 17.0 237.0 0.2008320183617845
39 41 40 0.0 0.0 344.0 0.0 7905.0 18.0 1337.0 0.13678553981436245
39 41 41 0.0 0.0 241.0 0.0 4962.0 8.0 276.0 0.19449847179772156
39 41 42 0.0 0.0 0.0 0.0 12.0 0.0 0.0 0.6958250497017892
39 42 38 0.0 0.0 0.0 0.0 10.0 0.0 0.0 0.6965174129353233
39 42 39 0.0 0.0 1.0 0.0 34.0 0.0 0.0 0.6879606879606879
39 42 40 0.0 0.0 22.0 0.0 789.0 9.0 3.0 0.4996431120628122
39 42 41 0.0 0.0 2.0 0.0 72.0 2.0 0.0 0.6756756756756755
39 42 42 0.0 0.0 0.0 0.0 5.0 0.0 0.0 0.6982543640897755
39 43 38 0.0 0.0 0.0 0.0 1.0 0.0 0.0 0.6996501749125437
39 43 40 0.0 0.0 0.0 0.0 1.0 0.0 0.0 0.6996501749125437
40 37 39 0.0 0.0 0.0 0.0 1.0 0.0 0.0 0.6996501749125437
40 37 40 0.0 0.0 0.0 0.0 2.0 0.0 0.0 0.6993006993006992
40 37 41 0.0 0.0 0.0 0.0 3.0 0.0 0.0 0.6989515726410384
40 37 42 0.0 0.0 0.0 0.0 1.0 0.0 0.0 0.6996501749125437
40 37 43 0.0 0.0 0.0 0.0 1.0 0.0 0.0 0.6996501749125437
40 38 37 0.0 0.0 0.0 0.0 1.0 0.0 0.0 0.6996501749125437
40 38 38 0.0 0.0 68.0 0.0 1551.0 11.0 14.0 0.38802660753880264
40 38 39 0.0 0.0 1.0 0.0 113.0 0.0 0.0 0.662251655629139
40 38 40 0.0 0.0 19.0 0.0 719.0 4.0 4.0 0.5122575923893158
40 38 41 0.0 0.0 36.0 0.0 910.0 8.0 3.0 0.4766768811712631
40 38 42 0.0 0.0 35.0 0.0 584.0 9.0 0.0 0.5366040628593329
40 38 43 0.0 0.0 0.0 0.0 1.0 0.0 0.0 0.6996501749125437
40 39 37 0.0 0.0 0.0 0.0 1.0 0.0 0.0 0.6996501749125437
40 39 38 0.0 0.0 2.0 0.0 95.0 1.0 0.0 0.6679389312977099
40 39 39 0.0 0.0 333.0 0.0 7783.0 17.0 1314.0 0.1385041551246537
40 39 40 0.0 0.0 392.0 1.0 8261.0 17.0 1340.0 0.13149243918474687
40 39 41 0.0 0.0 494.0 1.0 9430.0 20.0 2239.0 0.11747923135017202
40 39 42 0.0 0.0 15.0 0.0 405.0 3.0 2.0 0.5792304509722795
40 39 43 0.0 0.0 0.0 0.0 3.0 0.0 0.0 0.6989515726410384
40 40 37 0.0 0.0 2.0 0.0 19.0 0.0 0.0 0.6927263730826323
40 40 38 0.0 0.0 5.0 0.0 170.0 4.0 0.0 0.64486411791801
40 40 39 0.0 0.0 202.0 0.0 4586.0 12.0 269.0 0.20642878207018575
40 40 40 13.0 5.0 1535.0 48.0 12580.0 42.0 21306.0 0.08658008658008658
40 40 41 0.0 0.0 172.0 0.0 4298.0 21.0 196.0 0.21702061695861105
40 40 42 0.0 0.0 5.0 0.0 172.0 2.0 0.0 0.6439742410303587
40 40 43 0.0 0.0 0.0 0.0 1.0 0.0 0.0 0.6996501749125437
40 41 38 0.0 0.0 38.0 0.0 826.0 9.0 4.0 0.4903677758318738
40 41 39 0.0 0.0 144.0 2.0 3108.0 15.0 64.0 0.26722656995609845
40 41 40 0.0 0.0 272.0 4.0 6176.0 28.0 619.0 0.1661129568106312
40 41 41 0.0 0.0 309.0 0.0 6646.0 15.0 647.0 0.15654702001565468
40 41 42 0.0 0.0 1.0 0.0 26.0 0.0 0.0 0.6906758756783422
40 42 38 0.0 0.0 0.0 0.0 9.0 0.0 0.0 0.6968641114982577
40 42 39 0.0 0.0 114.0 0.0 2951.0 11.0 91.0 0.2769535113748763
40 42 40 0.0 0.0 2.0 2.0 94.0 0.0 0.0 0.6676204101096804
40 42 41 0.0 0.0 19.0 0.0 294.0 5.0 0.0 0.606585788561525
40 42 42 0.0 0.0 0.0 0.0 8.0 0.0 0.0 0.697211155378486
41 37 40 0.0 0.0 0.0 0.0 2.0 0.0 0.0 0.6993006993006992
41 37 41 0.0 0.0 0.0 0.0 3.0 0.0 0.0 0.6989515726410384
41 37 42 0.0 0.0 0.0 0.0 4.0 0.0 0.0 0.6986027944111775
41 37 43 0.0 0.0 0.0 0.0 1.0 0.0 0.0 0.6996501749125437
41 38 38 0.0 0.0 0.0 0.0 12.0 0.0 0.0 0.6958250497017892
41 38 39 0.0 0.0 11.0 0.0 407.0 6.0 1.0 0.5804311774461027
41 38 40 0.0 0.0 75.0 0.0 2083.0 15.0 36.0 0.3379193820902727
41 38 41 0.0 0.0 66.0 0.0 1350.0 17.0 11.0 0.41188584877905265
41 38 42 0.0 0.0 110.0 0.0 2640.0 19.0 49.0 0.2959205242020714
41 38 43 0.0 0.0 0.0 0.0 5.0 0.0 0.0 0.6982543640897755
41 39 38 0.0 0.0 2.0 0.0 32.0 0.0 0.0 0.6882989183874139
41 39 39 0.0 0.0 151.0 3.0 3507.0 10.0 104.0 0.24778761061946902
41 39 40 0.0 0.0 607.0 0.0 10669.0 36.0 3850.0 0.10562848951259997
41 39 41 0.0 0.0 928.0 0.0 12309.0 29.0 7911.0 0.09191176470588233
41 39 42 0.0 0.0 66.0 0.0 1779.0 10.0 16.0 0.36505867014341586
41 39 43 0.0 0.0 0.0 0.0 4.0 0.0 0.0 0.6986027944111775
41 40 38 0.0 0.0 14.0 0.0 495.0 7.0 2.0 0.559552358113509
41 40 39 0.0 0.0 441.0 0.0 8670.0 19.0 1489.0 0.12613748986395168
41 40 40 0.0 0.0 42.0 19.0 1253.0 8.0 3.0 0.42360060514372155
41 40 41 0.0 0.0 326.0 1.0 6845.0 22.0 747.0 0.15298874439951915
41 40 42 0.0 0.0 176.0 0.0 4101.0 18.0 149.0 0.22360645264334764
41 40 43 0.0 0.0 1.0 0.0 29.0 0.0 0.0 0.689655172413793
41 41 38 0.0 0.0 5.0 0.0 156.0 0.0 0.0 0.6478482184173993
41 41 39 0.0 0.0 229.0 0.0 5137.0 12.0 310.0 0.19029495718363462
41 41 40 0.0 0.0 562.0 0.0 9816.0 26.0 2458.0 0.11325944502871935
41 41 41 0.0 0.0 24.0 2.0 678.0 3.0 3.0 0.5183265457238059
41 41 42 0.0 0.0 0.0 0.0 20.0 0.0 0.0 0.6930693069306929
41 41 43 0.0 0.0 0.0 0.0 1.0 0.0 0.0 0.6996501749125437
41 42 38 0.0 0.0 0.0 0.0 5.0 0.0 0.0 0.6982543640897755
41 42 39 0.0 0.0 0.0 0.0 33.0 0.0 0.0 0.6886374815543531
41 42 40 0.0 0.0 4.0 0.0 95.0 1.0 0.0 0.6673021925643469
41 42 41 0.0 0.0 1.0 0.0 41.0 1.0 0.0 0.6859382655560998
41 42 42 0.0 0.0 0.0 0.0 10.0 0.0 0.0 0.6965174129353233
41 43 38 0.0 0.0 0.0 0.0 2.0 0.0 0.0 0.6993006993006992
42 37 39 0.0 0.0 0.0 0.0 1.0 0.0 0.0 0.6996501749125437
42 37 40 0.0 0.0 6.0 0.0 41.0 2.0 0.0 0.6845965770171147
42 37 41 0.0 0.0 0.0 0.0 2.0 0.0 0.0 0.6993006993006992
42 37 42 0.0 0.0 0.0 0.0 2.0 0.0 0.0 0.6993006993006992
42 38 39 0.0 0.0 2.0 0.0 52.0 1.0 1.0 0.6815968841285296
42 38 40 0.0 0.0 108.0 0.0 2752.0 17.0 59.0 0.289077018377039
42 38 41 0.0 0.0 131.0 0.0 2956.0 13.0 51.0 0.2758077226162332
42 38 42 0.0 0.0 0.0 0.0 53.0 1.0 0.0 0.6822612085769979
42 39 38 0.0 0.0 0.0 0.0 6.0 0.0 0.0 0.6979062811565303
42 39 39 0.0 0.0 2.0 0.0 97.0 0.0 0.0 0.6669842782277274
42 39 40 0.0 0.0 98.0 0.0 2153.0 17.0 28.0 0.33065658951346244
42 39 41 0.0 0.0 37.0 0.0 948.0 6.0 5.0 0.46995636119503187
42 39 42 0.0 0.0 130.0 0.0 2692.0 11.0 73.0 0.29087886972782045
42 39 43 0.0 0.0 0.0 0.0 2.0 0.0 0.0 0.6993006993006992
42 40 38 0.0 0.0 24.0 0.0 424.0 7.0 0.0 0.5735354362965996
42 40 39 0.0 0.0 0.0 0.0 51.0 1.0 0.0 0.6829268292682925
42 40 40 0.0 0.0 63.0 0.0 1450.0 11.0 11.0 0.39977155910908047
42 40 41 0.0 0.0 47.0 0.0 1200.0 9.0 8.0 0.4320987654320987
42 40 42 0.0 0.0 36.0 0.0 728.0 6.0 0.0 0.5076142131979694
42 40 43 0.0 0.0 0.0 0.0 2.0 0.0 0.0 0.6993006993006992
42 41 38 0.0 0.0 0.0 0.0 25.0 0.0 0.0 0.6913580246913579
42 41 39 0.0 0.0 0.0 0.0 36.0 0.0 0.0 0.6876227897838899
42 41 40 0.0 0.0 3.0 0.0 115.0 4.0 0.0 0.662251655629139
42 41 41 0.0 0.0 0.0 0.0 26.0 0.0 0.0 0.6910167818361302
42 41 42 0.0 0.0 2.0 0.0 37.0 1.0 0.0 0.6869479882237487
42 41 43 0.0 0.0 0.0 0.0 1.0 0.0 0.0 0.6996501749125437
42 42 38 0.0 0.0 1.0 0.0 91.0 0.0 0.0 0.6692160611854684
42 42 39 0.0 0.0 0.0 0.0 18.0 0.0 0.0 0.6937561942517343
42 42 40 0.0 0.0 0.0 0.0 21.0 0.0 0.0 0.6927263730826323
42 42 41 0.0 0.0 1.0 0.0 55.0 0.0 0.0 0.6809338521400777
43 38 40 0.0 0.0 0.0 0.0 2.0 0.0 0.0 0.6996501749125437
43 38 41 0.0 0.0 0.0 0.0 9.0 0.0 0.0 0.6968641114982577
43 38 43 0.0 0.0 0.0 0.0 1.0 0.0 0.0 0.6996501749125437
43 39 40 0.0 0.0 0.0 0.0 2.0 0.0 0.0 0.6993006993006992
43 39 43 0.0 0.0 0.0 0.0 4.0 0.0 0.0 0.6986027944111775
43 40 39 0.0 0.0 0.0 0.0 1.0 0.0 0.0 0.6996501749125437
43 40 40 0.0 0.0 0.0 0.0 2.0 0.0 0.0 0.6993006993006992
43 40 41 0.0 0.0 1.0 0.0 9.0 0.0 0.0 0.6965174129353233
43 40 42 0.0 0.0 0.0 0.0 1.0 0.0 0.0 0.6996501749125437
43 41 40 0.0 0.0 0.0 0.0 1.0 0.0 0.0 0.6996501749125437
