35 37 41 0.0 0.0 0.0 0.0 2.0 0.0 0.0 0.6993006993006992
35 38 39 0.0 0.0 0.0 0.0 2.0 0.0 0.0 0.6993006993006992
35 38 40 0.0 0.0 5.0 0.0 56.0 4.0 0.0 0.6806028196402526
35 38 41 0.0 0.0 0.0 0.0 3.0 0.0 0.0 0.6989515726410384
35 39 37 0.0 0.0 0.0 0.0 9.0 0.0 0.0 0.6968641114982577
35 39 38 0.0 0.0 1.0 0.0 32.0 0.0 0.0 0.6886374815543531
35 39 39 0.0 0.0 0.0 0.0 15.0 0.0 0.0 0.694789081885856
35 39 40 0.0 0.0 0.0 0.0 4.0 0.0 0.0 0.6986027944111775
35 39 41 0.0 0.0 0.0 0.0 1.0 0.0 0.0 0.6996501749125437
35 40 37 0.0 0.0 0.0 0.0 10.0 0.0 0.0 0.6965174129353233
35 40 38 0.0 0.0 10.0 0.0 116.0 7.0 0.0 0.6610009442870631
35 40 39 0.0 0.0 0.0 0.0 25.0 0.0 0.0 0.6913580246913579
35 40 40 0.0 0.0 1.0 0.0 15.0 0.0 0.0 0.6944444444444444
35 40 41 0.0 0.0 0.0 0.0 1.0 0.0 0.0 0.6996501749125437
35 41 37 0.0 0.0 0.0 0.0 3.0 0.0 0.0 0.6989515726410384
35 41 38 0.0 0.0 0.0 0.0 14.0 0.0 0.0 0.6951340615690167
35 41 39 0.0 0.0 0.0 0.0 10.0 0.0 0.0 0.6965174129353233
35 41 40 0.0 0.0 0.0 0.0 7.0 0.0 0.0 0.6975585450921773
35 42 37 0.0 0.0 0.0 0.0 6.0 0.0 0.0 0.6979062811565303
35 42 38 0.0 0.0 0.0 0.0 2.0 0.0 0.0 0.6993006993006992
35 42 39 0.0 0.0 0.0 0.0 3.0 0.0 0.0 0.6989515726410384
36 36 38 0.0 0.0 0.0 0.0 4.0 0.0 0.0 0.6986027944111775
36 36 39 0.0 0.0 0.0 0.0 20.0 0.0 0.0 0.6930693069306929
36 36 40 0.0 0.0 0.0 0.0 22.0 0.0 0.0 0.6923837784371908
36 36 41 0.0 0.0 0.0 0.0 15.0 0.0 0.0 0.694789081885856
36 37 37 0.0 0.0 0.0 0.0 1.0 0.0 0.0 0.6996501749125437
36 37 38 0.0 0.0 1.0 0.0 10.0 0.0 0.0 0.6961710591745399
36 37 39 0.0 0.0 0.0 0.0 21.0 0.0 0.0 0.6927263730826323
36 37 40 0.0 0.0 1.0 0.0 40.0 1.0 0.0 0.6862745098039215
36 37 41 0.0 0.0 0.0 0.0 33.0 0.0 0.0 0.6886374815543531
36 37 42 0.0 0.0 0.0 0.0 2.0 0.0 0.0 0.6993006993006992
36 38 37 0.0 0.0 0.0 0.0 6.0 0.0 0.0 0.6979062811565303
36 38 38 0.0 0.0 0.0 0.0 24.0 0.0 0.0 0.6920415224913494
36 38 39 0.0 0.0 0.0 0.0 37.0 1.0 0.0 0.6876227897838899
36 38 40 0.0 0.0 150.0 0.0 3814.0 19.0 153.0 0.23541281318311752
36 38 41 0.0 0.0 5.0 0.0 95.0 2.0 0.0 0.6673021925643469
36 38 42 0.0 0.0 0.0 0.0 8.0 0.0 0.0 0.697211155378486
36 39 37 0.0 0.0 1.0 0.0 32.0 0.0 0.0 0.6886374815543531
36 39 38 0.0 0.0 2.0 0.0 124.0 0.0 0.0 0.6591337099811675
36 39 39 0.0 0.0 195.0 0.0 4643.0 19.0 252.0 0.20518833357760513
36 39 40 0.0 0.0 87.0 0.0 2282.0 12.0 24.0 0.32110091743119257
36 39 41 0.0 0.0 0.0 0.0 47.0 0.0 0.0 0.6839276990718123
36 39 42 0.0 0.0 0.0 0.0 24.0 0.0 0.0 0.6916996047430829
36 40 36 0.0 0.0 0.0 0.0 1.0 0.0 0.0 0.6996501749125437
36 40 37 0.0 0.0 2.0 0.0 30.0 1.0 0.0 0.6893156080748399
36 40 38 0.0 0.0 364.0 0.0 6954.0 25.0 753.0 0.15058621060557167
36 40 39 0.0 0.0 193.0 0.0 4754.0 16.0 281.0 0.20190366310931637
36 40 40 0.0 0.0 8.0 0.0 359.0 2.0 0.0 0.5922165820642977
36 40 41 0.0 0.0 8.0 0.0 165.0 2.0 0.0 0.64486411791801
36 40 42 0.0 0.0 0.0 0.0 23.0 1.0 0.0 0.6923837784371908
36 40 43 0.0 0.0 0.0 0.0 2.0 0.0 0.0 0.6993006993006992
36 41 37 0.0 0.0 7.0 0.0 125.0 2.0 0.0 0.6575857209957726
36 41 38 0.0 0.0 253.0 0.0 5095.0 22.0 259.0 0.19104803493449776
36 41 39 0.0 0.0 2.0 0.0 120.0 0.0 0.0 0.66006600660066
36 41 40 0.0 0.0 130.0 0.0 2635.0 15.0 39.0 0.29473684210526313
36 41 41 0.0 0.0 20.0 0.0 433.0 2.0 1.0 0.5711954304365564
36 41 42 0.0 0.0 18.0 0.0 356.0 5.0 1.0 0.590966652596032
36 41 43 0.0 0.0 0.0 0.0 2.0 0.0 0.0 0.6993006993006992
36 42 37 0.0 0.0 0.0 0.0 4.0 0.0 0.0 0.6986027944111775
36 42 38 0.0 0.0 25.0 0.0 632.0 5.0 2.0 0.5279034690799397
36 42 39 0.0 0.0 0.0 0.0 79.0 0.0 0.0 0.6734006734006733
36 42 40 0.0 0.0 24.0 0.0 666.0 3.0 4.0 0.5212211466865226
36 42 41 0.0 0.0 3.0 0.0 107.0 0.0 0.0 0.6641366223908918
36 42 42 0.0 0.0 2.0 0.0 57.0 1.0 0.0 0.6802721088435373
36 42 43 0.0 0.0 27.0 0.0 603.0 8.0 1.0 0.5339435545385202
36 43 38 0.0 0.0 0.0 0.0 16.0 0.0 0.0 0.6944444444444444
36 43 39 0.0 0.0 1.0 0.0 123.0 0.0 0.0 0.6591337099811675
36 43 40 0.0 0.0 1.0 0.0 56.0 0.0 0.0 0.6806028196402526
36 43 41 0.0 0.0 0.0 0.0 28.0 0.0 0.0 0.690335305719921
36 43 42 0.0 0.0 0.0 0.0 10.0 0.0 0.0 0.6965174129353233
36 43 43 0.0 0.0 0.0 0.0 5.0 0.0 0.0 0.6982543640897755
36 44 37 0.0 0.0 0.0 0.0 2.0 0.0 0.0 0.6993006993006992
36 44 38 0.0 0.0 0.0 0.0 2.0 0.0 0.0 0.6993006993006992
36 44 39 0.0 0.0 5.0 0.0 120.0 1.0 0.0 0.6591337099811675
36 44 40 0.0 0.0 0.0 0.0 7.0 1.0 0.0 0.6979062811565303
36 44 41 0.0 0.0 6.0 0.0 159.0 3.0 0.0 0.6475485661424606
36 44 42 0.0 0.0 3.0 0.0 49.0 1.0 0.0 0.68259385665529
37 36 37 0.0 0.0 0.0 0.0 4.0 0.0 0.0 0.6986027944111775
37 36 38 0.0 0.0 0.0 0.0 9.0 0.0 0.0 0.6968641114982577
37 36 39 0.0 0.0 0.0 0.0 32.0 0.0 0.0 0.6889763779527558
37 36 40 0.0 0.0 2.0 0.0 72.0 0.0 0.0 0.6750241080038573
37 36 41 0.0 0.0 1.0 0.0 71.0 1.0 0.0 0.6760019314340897
37 36 42 0.0 0.0 1.0 0.0 20.0 0.0 0.0 0.6927263730826323
37 36 43 0.0 0.0 14.0 0.0 286.0 4.0 0.0 0.6097560975609755
37 36 44 0.0 0.0 0.0 0.0 3.0 0.0 0.0 0.6989515726410384
37 37 37 0.0 0.0 0.0 0.0 30.0 0.0 0.0 0.689655172413793
37 37 38 0.0 0.0 1.0 0.0 94.0 0.0 0.0 0.668896321070234
37 37 39 0.0 0.0 164.0 0.0 4013.0 17.0 151.0 0.22716209638163226
37 37 40 0.0 0.0 440.0 0.0 8586.0 26.0 1633.0 0.12722646310432567
37 37 41 0.0 0.0 132.0 0.0 2988.0 16.0 89.0 0.27418723070896983
37 37 42 0.0 0.0 6.0 0.0 175.0 1.0 0.0 0.6422018348623851
37 37 43 0.0 0.0 7.0 0.0 220.0 3.0 0.0 0.6294964028776977
37 37 44 0.0 0.0 0.0 0.0 1.0 0.0 0.0 0.6996501749125437
37 38 36 0.0 0.0 0.0 0.0 2.0 0.0 0.0 0.6993006993006992
37 38 37 0.0 0.0 1.0 0.0 111.0 1.0 0.0 0.6631927996210326
37 38 38 0.0 0.0 148.0 0.0 3904.0 12.0 137.0 0.23167301009432398
37 38 39 0.0 0.0 103.0 0.0 2593.0 15.0 60.0 0.29901751388295594
37 38 40 0.0 0.0 49.0 0.0 1465.0 6.0 14.0 0.39920159680638717
37 38 41 0.0 0.0 233.0 0.0 5809.0 21.0 519.0 0.17441136165441634
37 38 42 0.0 0.0 10.0 0.0 497.0 3.0 0.0 0.5591054313099041
37 38 43 0.0 0.0 33.0 0.0 468.0 7.0 1.0 0.5617977528089887
37 38 44 0.0 0.0 13.0 0.0 174.0 5.0 0.0 0.6416131989000916
37 39 37 0.0 0.0 102.0 0.0 2091.0 19.0 36.0 0.33540967896502155
37 39 38 0.0 0.0 242.0 0.0 5630.0 15.0 387.0 0.17816238228556883
37 39 39 0.0 0.0 408.0 0.0 8518.0 24.0 1369.0 0.12831087892952067
37 39 40 0.0 0.0 315.0 0.0 6791.0 16.0 661.0 0.154015401540154
37 39 41 0.0 0.0 239.0 0.0 5820.0 13.0 435.0 0.17395626242544732
37 39 42 0.0 0.0 23.0 0.0 642.0 3.0 1.0 0.5261180007515971
37 39 43 0.0 0.0 2.0 0.0 121.0 1.0 0.0 0.6597549481621111
37 39 44 0.0 0.0 0.0 0.0 3.0 0.0 0.0 0.6989515726410384
37 40 36 0.0 0.0 2.0 0.0 29.0 1.0 0.0 0.689655172413793
37 40 37 0.0 0.0 8.0 0.0 274.0 2.0 0.0 0.6140350877192982
37 40 38 0.0 0.0 129.0 0.0 3729.0 11.0 154.0 0.23939808481532146
37 40 39 0.0 0.0 815.0 0.0 12029.0 22.0 6773.0 0.0943078477601886
37 40 40 0.0 0.0 446.0 0.0 9325.0 30.0 2238.0 0.11908812521265735
37 40 41 0.0 0.0 383.0 0.0 8127.0 19.0 1313.0 0.13334603295551956
37 40 42 0.0 0.0 111.0 0.0 2561.0 15.0 58.0 0.300493668169135
37 40 43 0.0 0.0 32.0 0.0 638.0 7.0 1.0 0.525722868944799
37 40 44 0.0 0.0 0.0 0.0 8.0 0.0 0.0 0.697211155378486
37 40 45 0.0 0.0 0.0 0.0 1.0 0.0 0.0 0.0
37 41 36 0.0 0.0 17.0 0.0 335.0 5.0 0.0 0.5965061780997016
37 41 37 0.0 0.0 36.0 0.0 909.0 6.0 1.0 0.47651463580667114
37 41 38 0.0 0.0 89.0 0.0 2324.0 12.0 42.0 0.3181095205635082
37 41 39 0.0 0.0 376.0 0.0 8117.0 19.0 1370.0 0.13362603798797362
37 41 40 0.0 0.0 364.0 0.0 7076.0 30.0 761.0 0.14873047912461487
37 41 41 0.0 0.0 253.0 0.0 6135.0 15.0 581.0 0.16712426883132384
37 41 42 0.0 0.0 39.0 0.0 1304.0 6.0 9.0 0.4195385076415942
37 41 43 0.0 0.0 8.0 0.0 234.0 3.0 0.0 0.6252791424743188
37 41 44 0.0 0.0 0.0 0.0 3.0 0.0 0.0 0.6989515726410384
37 42 37 0.0 0.0 6.0 0.0 80.0 4.0 0.0 0.6724303554274734
37 42 38 0.0 0.0 27.0 0.0 1066.0 5.0 5.0 0.45351473922902485
37 42 39 0.0 0.0 350.0 0.0 7504.0 19.0 1122.0 0.14223305902671948
37 42 40 0.0 0.0 616.0 0.0 10748.0 32.0 3481.0 0.10488462691039856
37 42 41 0.0 0.0 265.0 0.0 6388.0 13.0 601.0 0.16201828492072673
37 42 42 0.0 0.0 346.0 0.0 6945.0 23.0 780.0 0.15095967220185463
37 42 43 0.0 0.0 1.0 0.0 46.0 1.0 0.0 0.6842619745845552
37 43 37 0.0 0.0 2.0 0.0 30.0 1.0 0.0 0.6893156080748399
37 43 38 0.0 0.0 178.0 0.0 4394.0 21.0 214.0 0.21364260643979854
37 43 39 0.0 0.0 271.0 0.0 6461.0 16.0 701.0 0.16051364365971105
37 43 40 0.0 0.0 248.0 0.0 5425.0 18.0 383.0 0.18283923207522526
37 43 41 0.0 0.0 120.0 0.0 3241.0 19.0 75.0 0.2619760479041916
37 43 42 0.0 0.0 9.0 0.0 407.0 2.0 2.0 0.5801906340654785
37 43 43 0.0 0.0 10.0 0.0 166.0 3.0 0.0 0.6445672191528544
37 44 37 0.0 0.0 0.0 0.0 5.0 0.0 0.0 0.6986027944111775
37 44 38 0.0 0.0 0.0 0.0 8.0 0.0 0.0 0.697211155378486
37 44 39 0.0 0.0 7.0 0.0 171.0 1.0 1.0 0.6433823529411764
37 44 40 0.0 0.0 5.0 0.0 172.0 1.0 0.0 0.6433823529411764
37 44 41 0.0 0.0 36.0 0.0 724.0 5.0 2.0 0.5081669691470053
37 44 42 0.0 0.0 4.0 0.0 48.0 1.0 0.0 0.68259385665529
37 44 43 0.0 0.0 0.0 0.0 1.0 0.0 0.0 0.6996501749125437
38 35 41 0.0 0.0 0.0 0.0 3.0 0.0 0.0 0.6989515726410384
38 35 42 0.0 0.0 0.0 0.0 1.0 0.0 0.0 0.6996501749125437
38 36 36 0.0 0.0 0.0 0.0 4.0 0.0 0.0 0.6986027944111775
38 36 37 0.0 0.0 8.0 0.0 83.0 4.0 0.0 0.670819357930043
38 36 38 0.0 0.0 3.0 0.0 91.0 2.0 0.0 0.6692160611854684
38 36 39 0.0 0.0 2.0 0.0 116.0 0.0 0.0 0.6610009442870631
38 36 40 0.0 0.0 45.0 0.0 915.0 11.0 6.0 0.47505938242280277
38 36 41 0.0 0.0 22.0 0.0 615.0 10.0 1.0 0.5329272934906736
38 36 42 0.0 0.0 1.0 0.0 103.0 0.0 0.0 0.6653992395437262
38 36 43 0.0 0.0 1.0 0.0 43.0 0.0 0.0 0.6852667645619186
38 36 44 0.0 0.0 0.0 0.0 5.0 0.0 0.0 0.6982543640897755
38 37 36 0.0 0.0 20.0 0.0 430.0 4.0 0.0 0.5723630417007358
38 37 37 0.0 0.0 0.0 0.0 130.0 0.0 0.0 0.6572769953051641
38 37 38 0.0 0.0 197.0 0.0 4228.0 25.0 159.0 0.21871582565224176
38 37 39 0.0 0.0 95.0 0.0 2369.0 19.0 44.0 0.31481897908702494
38 37 40 0.0 0.0 426.0 0.0 8501.0 21.0 1394.0 0.12828736369467605
38 37 41 0.0 0.0 190.0 0.0 4666.0 27.0 233.0 0.20497803806734988
38 37 42 0.0 0.0 376.0 0.0 7823.0 36.0 1176.0 0.1376733208771757
38 37 43 0.0 0.0 229.0 0.0 4792.0 21.0 282.0 0.1998857795545402
38 37 44 0.0 0.0 2.0 0.0 28.0 1.0 0.0 0.6899950714637751
38 37 45 0.0 0.0 0.0 0.0 7.0 0.0 0.0 0.6975585450921773
38 38 35 0.0 0.0 0.0 0.0 2.0 0.0 0.0 0.6993006993006992
38 38 36 0.0 0.0 9.0 0.0 230.0 2.0 0.0 0.6258381761287437
38 38 37 0.0 0.0 36.0 0.0 1099.0 5.0 7.0 0.44728434504792325
38 38 38 0.0 0.0 512.0 0.0 10100.0 27.0 3037.0 0.11107584893684544
38 38 39 0.0 0.0 631.0 0.0 11068.0 28.0 4133.0 0.1022644265887509
38 38 40 0.0 0.0 982.0 0.0 12569.0 40.0 9412.0 0.09016551812970953
38 38 41 0.0 0.0 879.0 0.0 12291.0 27.0 6917.0 0.09234828496042215
38 38 42 0.0 0.0 522.0 0.0 9206.0 23.0 1751.0 0.1194947080914988
38 38 43 0.0 0.0 28.0 0.0 664.0 6.0 0.0 0.5212211466865226
38 38 44 0.0 0.0 1.0 0.0 39.0 0.0 0.0 0.6862745098039215
38 38 45 0.0 0.0 3.0 0.0 34.0 0.0 0.0 0.6872852233676975
38 39 35 0.0 0.0 0.0 0.0 2.0 0.0 0.0 0.6993006993006992
38 39 36 0.0 0.0 1.0 0.0 75.0 1.0 0.0 0.6746987951807227
38 39 37 0.0 0.0 172.0 0.0 4165.0 16.0 186.0 0.2214839424141749
38 39 38 0.0 0.0 853.0 0.0 12121.0 38.0 7460.0 0.09353911939600454
38 39 39 0.0 0.0 1176.0 0.0 12542.0 33.0 15497.0 0.08904153151434203
38 39 40 0.0 0.0 1272.0 0.0 13225.0 31.0 13917.0 0.08480222908716456
38 39 41 0.0 0.0 1114.0 0.0 12795.0 26.0 11741.0 0.08804477705804666
38 39 42 0.0 0.0 476.0 0.0 9552.0 15.0 2310.0 0.11638540194529884
38 39 43 0.0 0.0 397.0 0.0 7669.0 19.0 1040.0 0.13923421183490797
38 39 44 0.0 0.0 3.0 0.0 83.0 1.0 0.0 0.6714628297362109
38 39 45 0.0 0.0 0.0 0.0 2.0 0.0 0.0 0.6993006993006992
38 40 35 0.0 0.0 0.0 0.0 2.0 0.0 0.0 0.6993006993006992
38 40 36 0.0 0.0 1.0 0.0 59.0 0.0 0.0 0.6796116504854368
38 40 37 0.0 0.0 232.0 0.0 4842.0 26.0 226.0 0.19849709343541752
38 40 38 0.0 0.0 866.0 0.0 12393.0 31.0 7228.0 0.09177920545430705
38 40 39 0.0 0.0 1672.0 0.0 12662.0 38.0 23353.0 0.08566358685675823
38 40 40 0.0 0.0 1457.0 0.0 12971.0 49.0 18095.0 0.08524630091944223
38 40 41 0.0 0.0 815.0 0.0 12006.0 27.0 6833.0 0.09452434001755451
38 40 42 0.0 0.0 758.0 0.0 11781.0 26.0 5862.0 0.09629272989889262
38 40 43 0.0 0.0 205.0 0.0 4510.0 20.0 195.0 0.2090800477897252
38 40 44 0.0 0.0 0.0 0.0 34.0 0.0 0.0 0.6882989183874139
38 41 36 0.0 0.0 0.0 0.0 19.0 0.0 0.0 0.6937561942517343
38 41 37 0.0 0.0 130.0 0.0 3247.0 22.0 105.0 0.26134030240806416
38 41 38 0.0 0.0 588.0 0.0 10562.0 26.0 3459.0 0.10656923194032121
38 41 39 0.0 0.0 1268.0 0.0 12578.0 35.0 16533.0 0.08838383838383837
38 41 40 0.0 0.0 1449.0 0.0 12978.0 42.0 18234.0 0.0852255433128386
38 41 41 0.0 0.0 915.0 0.0 12582.0 27.0 8126.0 0.09031675375782207
38 41 42 0.0 0.0 492.0 0.0 8897.0 19.0 1404.0 0.12305528698250855
38 41 43 0.0 0.0 22.0 0.0 488.0 5.0 1.0 0.558882235528942
38 41 44 0.0 0.0 15.0 0.0 425.0 1.0 1.0 0.5737704918032785
38 42 36 0.0 0.0 22.0 0.0 565.0 8.0 0.0 0.5428460643660332
38 42 37 0.0 0.0 114.0 0.0 2570.0 7.0 51.0 0.29933718195424414
38 42 38 0.0 0.0 523.0 0.0 10008.0 28.0 2691.0 0.11184788687385155
38 42 39 0.0 0.0 974.0 0.0 12430.0 40.0 10693.0 0.0909090909090909
38 42 40 0.0 0.0 880.0 0.0 12289.0 19.0 8423.0 0.09225092250922508
38 42 41 0.0 0.0 1086.0 0.0 12769.0 29.0 12062.0 0.08832807570977917
38 42 42 0.0 0.0 377.0 0.0 7614.0 18.0 937.0 0.14029461869926846
38 42 43 0.0 0.0 1.0 0.0 102.0 0.0 0.0 0.6657156443176413
38 42 44 0.0 0.0 0.0 0.0 10.0 0.0 0.0 0.6965174129353233
38 43 36 0.0 0.0 0.0 0.0 5.0 0.0 0.0 0.6982543640897755
38 43 37 0.0 0.0 40.0 0.0 1095.0 5.0 8.0 0.44714148834238254
38 43 38 0.0 0.0 235.0 0.0 5427.0 11.0 326.0 0.18283923207522526
38 43 39 0.0 0.0 245.0 0.0 5169.0 15.0 281.0 0.1891380707916779
38 43 40 0.0 0.0 432.0 0.0 8852.0 28.0 1778.0 0.12426770814841114
38 43 41 0.0 0.0 353.0 0.0 7439.0 25.0 934.0 0.1432518162283843
38 43 42 0.0 0.0 185.0 0.0 3719.0 18.0 109.0 0.23777173913043476
38 43 43 0.0 0.0 1.0 0.0 53.0 1.0 0.0 0.6819288845591815
38 44 37 0.0 0.0 0.0 0.0 3.0 0.0 0.0 0.6989515726410384
38 44 38 0.0 0.0 2.0 0.0 45.0 1.0 0.0 0.6842619745845552
38 44 39 0.0 0.0 21.0 0.0 468.0 6.0 2.0 0.5638340716874747
38 44 40 0.0 0.0 75.0 0.0 1665.0 15.0 17.0 0.37593984962406013
38 44 41 0.0 0.0 143.0 0.0 2899.0 20.0 62.0 0.27877339705296694
38 44 42 0.0 0.0 1.0 0.0 34.0 0.0 0.0 0.6879606879606879
38 44 43 0.0 0.0 0.0 0.0 10.0 0.0 0.0 0.6965174129353233
38 45 38 0.0 0.0 0.0 0.0 1.0 0.0 0.0 0.6996501749125437
38 45 40 0.0 0.0 9.0 0.0 174.0 1.0 1.0 0.6416131989000916
38 45 41 0.0 0.0 28.0 0.0 785.0 3.0 1.0 0.4982206405693949
38 45 42 0.0 0.0 0.0 0.0 8.0 0.0 0.0 0.697211155378486
38 45 43 0.0 0.0 0.0 0.0 2.0 0.0 0.0 0.6993006993006992
39 35 39 0.0 0.0 0.0 0.0 4.0 0.0 0.0 0.6986027944111775
39 35 41 0.0 0.0 3.0 0.0 37.0 2.0 0.0 0.6869479882237487
39 35 42 0.0 0.0 1.0 0.0 62.0 0.0 0.0 0.6786233640329616
39 36 36 0.0 0.0 4.0 0.0 96.0 1.0 0.0 0.6669842782277274
39 36 37 0.0 0.0 2.0 0.0 83.0 0.0 0.0 0.6717850287907868
39 36 38 0.0 0.0 81.0 0.0 1591.0 14.0 16.0 0.38272279934390374
39 36 39 0.0 0.0 0.0 0.0 82.0 1.0 0.0 0.6727534839019701
39 36 40 0.0 0.0 42.0 0.0 1081.0 8.0 1.0 0.44943820224719094
39 36 41 0.0 0.0 161.0 0.0 3769.0 13.0 135.0 0.23656640757012498
39 36 42 0.0 0.0 34.0 0.0 784.0 4.0 3.0 0.4973357015985789
39 36 43 0.0 0.0 1.0 0.0 96.0 0.0 0.0 0.6676204101096804
39 36 44 0.0 0.0 0.0 0.0 4.0 0.0 0.0 0.6986027944111775
39 36 45 0.0 0.0 0.0 0.0 1.0 0.0 0.0 0.6996501749125437
39 37 36 0.0 0.0 2.0 0.0 101.0 1.0 0.0 0.6660323501427211
39 37 37 0.0 0.0 402.0 0.0 7607.0 20.0 904.0 0.1400420126037811
39 37 38 0.0 0.0 292.0 0.0 6373.0 21.0 589.0 0.16184971098265893
39 37 39 0.0 0.0 263.0 0.0 5088.0 21.0 264.0 0.19099590723055931
39 37 40 0.0 0.0 566.0 0.0 10155.0 31.0 2776.0 0.11021886317115413
39 37 41 0.0 0.0 888.0 0.0 12479.0 27.0 7332.0 0.09105691056910567
39 37 42 0.0 0.0 655.0 0.0 10803.0 16.0 3406.0 0.10402734433050971
39 37 43 0.0 0.0 95.0 0.0 2432.0 8.0 43.0 0.30987162461266043
39 37 44 0.0 0.0 0.0 0.0 25.0 0.0 0.0 0.6913580246913579
39 37 45 0.0 0.0 0.0 0.0 3.0 0.0 0.0 0.6989515726410384
39 38 36 0.0 0.0 34.0 0.0 1001.0 9.0 8.0 0.4626569729015201
39 38 37 0.0 0.0 561.0 0.0 10457.0 20.0 3942.0 0.10754340144415424
39 38 38 0.0 0.0 657.0 0.0 10921.0 25.0 3606.0 0.10315355142941349
39 38 39 0.0 0.0 908.0 0.0 12471.0 23.0 8398.0 0.09096816114359974
39 38 40 0.0 0.0 1583.0 0.0 12895.0 42.0 22307.0 0.08496692359045942
39 38 41 0.0 0.0 1344.0 0.0 12887.0 46.0 17180.0 0.08630787251094259
39 38 42 0.0 0.0 568.0 0.0 10553.0 27.0 3689.0 0.10679685712106186
39 38 43 0.0 0.0 118.0 0.0 2871.0 14.0 66.0 0.2813504823151125
39 38 44 0.0 0.0 283.0 0.0 6163.0 31.0 482.0 0.1663498098859315
39 38 45 0.0 0.0 0.0 0.0 6.0 0.0 0.0 0.6979062811565303
39 39 35 0.0 0.0 0.0 0.0 8.0 0.0 0.0 0.697211155378486
39 39 36 0.0 0.0 182.0 0.0 3953.0 18.0 156.0 0.22894521668029433
39 39 37 0.0 0.0 617.0 0.0 10407.0 35.0 2821.0 0.1076426264800861
39 39 38 0.0 0.0 1007.0 0.0 12689.0 31.0 9570.0 0.08921175046198941
39 39 39 0.0 0.0 1813.0 1.0 12401.0 44.0 27828.0 0.08632383771118508
39 39 40 0.0 0.0 2618.0 0.0 10732.0 75.0 49849.0 0.09133015852306085
39 39 41 0.0 0.0 2118.0 0.0 11652.0 55.0 36926.0 0.0887648998224702
39 39 42 0.0 0.0 796.0 0.0 11843.0 28.0 5047.0 0.09568069983597594
39 39 43 0.0 0.0 301.0 0.0 6037.0 22.0 453.0 0.16828945786753213
39 39 44 0.0 0.0 3.0 0.0 89.0 0.0 1.0 0.6692160611854684
39 39 45 0.0 0.0 0.0 0.0 6.0 0.0 0.0 0.6979062811565303
39 40 35 0.0 0.0 0.0 0.0 8.0 0.0 0.0 0.697211155378486
39 40 36 0.0 0.0 15.0 0.0 594.0 2.0 0.0 0.5370157268891445
39 40 37 0.0 0.0 293.0 0.0 7046.0 19.0 845.0 0.15015015015015012
39 40 38 0.0 0.0 1243.0 0.0 12962.0 34.0 15136.0 0.08637176877043617
39 40 39 2.0 0.0 2718.0 0.0 10065.0 64.0 55286.0 0.0947354175125186
39 40 40 1.0 0.0 2293.0 0.0 11820.0 65.0 38610.0 0.08695112104838207
39 40 41 1.0 0.0 1567.0 0.0 12632.0 39.0 22180.0 0.08638242734620842
39 40 42 0.0 0.0 962.0 0.0 12552.0 31.0 8497.0 0.09021199819576002
39 40 43 0.0 0.0 99.0 0.0 2400.0 19.0 45.0 0.31249999999999994
39 40 44 0.0 0.0 43.0 0.0 1298.0 7.0 16.0 0.41979010494752617
39 41 35 0.0 0.0 0.0 0.0 7.0 0.0 0.0 0.6975585450921773
39 41 36 0.0 0.0 13.0 0.0 234.0 6.0 0.0 0.6249999999999999
39 41 37 0.0 0.0 322.0 0.0 7052.0 22.0 920.0 0.14966859097712207
39 41 38 0.0 0.0 963.0 0.0 12596.0 38.0 8802.0 0.09006111289803795
39 41 39 0.0 0.0 2043.0 1.0 12377.0 53.0 30547.0 0.08530343650987082
39 41 40 0.0 0.0 2264.0 0.0 11599.0 56.0 39170.0 0.08826681798121176
39 41 41 0.0 0.0 1928.0 0.0 12070.0 68.0 31196.0 0.08757662955085699
39 41 42 0.0 0.0 664.0 0.0 11226.0 18.0 4407.0 0.10074841681059298
39 41 43 0.0 0.0 516.0 0.0 9609.0 15.0 2227.0 0.11553061561313747
39 41 44 0.0 0.0 0.0 0.0 63.0 0.0 0.0 0.6786233640329616
39 42 35 0.0 0.0 0.0 0.0 14.0 0.0 0.0 0.6951340615690167
39 42 36 0.0 0.0 29.0 0.0 655.0 9.0 0.0 0.5233644859813084
39 42 37 0.0 0.0 300.0 0.0 5941.0 21.0 463.0 0.17025416514654018
39 42 38 0.0 0.0 740.0 0.0 11693.0 35.0 4922.0 0.09712105445716267
39 42 39 0.0 0.0 779.0 1.0 11790.0 21.0 6112.0 0.09611423863792391
39 42 40 0.0 0.0 1186.0 0.0 12737.0 31.0 13477.0 0.08793417498900821
39 42 41 0.0 0.0 827.0 0.0 11934.0 26.0 6745.0 0.09487023107677711
39 42 42 0.0 0.0 307.0 0.0 7597.0 24.0 1281.0 0.1416000809143319
39 42 43 0.0 0.0 25.0 0.0 589.0 6.0 2.0 0.5368098159509201
39 42 44 0.0 0.0 0.0 0.0 42.0 0.0 0.0 0.6856023506366307
39 42 45 0.0 0.0 0.0 0.0 2.0 0.0 0.0 0.6993006993006992
39 43 35 0.0 0.0 18.0 0.0 400.0 3.0 1.0 0.5797101449275361
39 43 36 0.0 0.0 0.0 0.0 11.0 0.0 0.0 0.6961710591745399
39 43 37 0.0 0.0 53.0 0.0 1118.0 12.0 7.0 0.4431782209559987
39 43 38 0.0 0.0 165.0 0.0 3792.0 25.0 143.0 0.23588879528222406
39 43 39 0.0 0.0 433.0 0.0 8909.0 14.0 1656.0 0.12346767792574298
39 43 40 0.0 0.0 795.0 0.0 12088.0 26.0 6493.0 0.09411764705882351
39 43 41 0.0 0.0 226.0 0.0 5700.0 20.0 411.0 0.17708069820389577
39 43 42 0.0 0.0 424.0 0.0 8696.0 23.0 1598.0 0.12609204719445194
39 43 43 0.0 0.0 1.0 0.0 52.0 1.0 0.0 0.6822612085769979
39 43 44 0.0 0.0 0.0 0.0 2.0 0.0 0.0 0.6993006993006992
39 43 45 0.0 0.0 0.0 0.0 2.0 0.0 0.0 0.6993006993006992
39 44 37 0.0 0.0 0.0 0.0 4.0 0.0 0.0 0.6986027944111775
39 44 38 0.0 0.0 0.0 0.0 39.0 0.0 0.0 0.6866110838646394
39 44 39 0.0 0.0 218.0 0.0 4531.0 13.0 206.0 0.20780762950868337
39 44 40 0.0 0.0 222.0 0.0 4365.0 16.0 185.0 0.21302495435179547
39 44 41 0.0 0.0 367.0 0.0 7597.0 19.0 1105.0 0.14063284781516824
39 44 42 0.0 0.0 151.0 0.0 3569.0 11.0 119.0 0.24522683482221053
39 44 43 0.0 0.0 0.0 0.0 22.0 0.0 0.0 0.6923837784371908
39 45 38 0.0 0.0 0.0 0.0 1.0 0.0 0.0 0.6996501749125437
39 45 39 0.0 0.0 0.0 0.0 6.0 0.0 0.0 0.6979062811565303
39 45 40 0.0 0.0 0.0 0.0 24.0 0.0 0.0 0.6916996047430829
39 45 41 0.0 0.0 1.0 0.0 35.0 0.0 0.0 0.6876227897838899
39 45 42 0.0 0.0 5.0 0.0 89.0 1.0 0.0 0.668896321070234
39 45 43 0.0 0.0 0.0 0.0 2.0 0.0 0.0 0.6993006993006992
40 34 39 0.0 0.0 0.0 0.0 1.0 0.0 0.0 0.6996501749125437
40 35 38 0.0 0.0 0.0 0.0 8.0 0.0 0.0 0.697211155378486
40 35 39 0.0 0.0 0.0 0.0 10.0 0.0 0.0 0.6965174129353233
40 35 40 0.0 0.0 6.0 0.0 98.0 1.0 0.0 0.6657156443176413
40 35 41 0.0 0.0 0.0 0.0 9.0 0.0 0.0 0.6968641114982577
40 35 42 0.0 0.0 0.0 0.0 9.0 0.0 0.0 0.6968641114982577
40 36 36 0.0 0.0 0.0 0.0 7.0 0.0 0.0 0.6979062811565303
40 36 37 0.0 0.0 1.0 0.0 45.0 1.0 0.0 0.6845965770171147
40 36 38 0.0 0.0 71.0 0.0 1707.0 15.0 10.0 0.37204358224820616
40 36 39 0.0 0.0 153.0 0.0 3318.0 19.0 71.0 0.25673940949935814
40 36 40 0.0 0.0 62.0 0.0 1792.0 9.0 27.0 0.3640145605824232
40 36 41 0.0 0.0 185.0 0.0 4405.0 21.0 211.0 0.21315468940316684
40 36 42 0.0 0.0 64.0 0.0 1603.0 10.0 4.0 0.38282745419742953
40 36 43 0.0 0.0 23.0 0.0 445.0 4.0 1.0 0.5681818181818181
40 36 44 0.0 0.0 0.0 0.0 7.0 0.0 0.0 0.6975585450921773
40 37 36 0.0 0.0 41.0 0.0 621.0 12.0 0.0 0.5283018867924527
40 37 37 0.0 0.0 122.0 0.0 2949.0 15.0 60.0 0.2768987341772151
40 37 38 0.0 0.0 626.0 0.0 10475.0 33.0 3390.0 0.1069600427840171
40 37 39 0.0 0.0 413.0 0.0 8150.0 21.0 1151.0 0.13277693474962063
40 37 40 0.0 0.0 412.0 0.0 8536.0 18.0 1503.0 0.1280058516960775
40 37 41 0.0 0.0 716.0 0.0 11705.0 43.0 6330.0 0.09725599166377213
40 37 42 0.0 0.0 458.0 0.0 8884.0 23.0 1413.0 0.12357666166475416
40 37 43 0.0 0.0 246.0 0.0 4935.0 24.0 280.0 0.19558535903883764
40 37 44 0.0 0.0 65.0 0.0 1569.0 9.0 12.0 0.3862068965517241
40 37 45 0.0 0.0 0.0 0.0 6.0 0.0 0.0 0.6979062811565303
40 38 35 0.0 0.0 0.0 0.0 2.0 0.0 0.0 0.6993006993006992
40 38 36 0.0 0.0 2.0 0.0 156.0 1.0 0.0 0.6490496059341677
40 38 37 0.0 0.0 160.0 0.0 3951.0 12.0 156.0 0.2295834699901607
40 38 38 0.0 0.0 1299.0 0.0 12567.0 50.0 18069.0 0.08830579033682351
40 38 39 0.0 0.0 842.0 0.0 12066.0 32.0 5689.0 0.09401652004566516
40 38 40 0.0 0.0 1280.0 0.0 13003.0 42.0 15131.0 0.08604265257206072
40 38 41 0.0 0.0 1328.0 0.0 12974.0 37.0 17007.0 0.0859106529209622
40 38 42 0.0 0.0 1404.0 0.0 13018.0 45.0 17695.0 0.08528784648187633
40 38 43 0.0 0.0 459.0 0.0 9375.0 27.0 2223.0 0.11855364552459986
40 38 44 0.0 0.0 3.0 0.0 241.0 3.0 0.0 0.6247211066488174
40 38 45 0.0 0.0 0.0 0.0 10.0 0.0 0.0 0.6965174129353233
40 39 35 0.0 0.0 0.0 0.0 23.0 0.0 0.0 0.6920415224913494
40 39 36 0.0 0.0 164.0 0.0 3628.0 22.0 114.0 0.24250822795773425
40 39 37 0.0 0.0 423.0 0.0 8553.0 21.0 1499.0 0.12771392081736907
40 39 38 0.0 0.0 992.0 0.0 12604.0 31.0 9574.0 0.08977236293683871
40 39 39 0.0 0.0 2147.0 0.0 11461.0 50.0 37724.0 0.08961720650364868
40 39 40 0.0 0.0 2624.0 1.0 11696.0 64.0 43117.0 0.08578431372549018
40 39 41 0.0 0.0 2636.0 1.0 10862.0 62.0 47252.0 0.09048019130097587
40 39 42 0.0 0.0 1367.0 0.0 13260.0 34.0 15405.0 0.08416496332812311
40 39 43 0.0 0.0 555.0 0.0 10171.0 22.0 2981.0 0.11009751494180559
40 39 44 0.0 0.0 3.0 0.0 341.0 2.0 1.0 0.5980350277659119
40 39 45 0.0 0.0 0.0 0.0 13.0 0.0 0.0 0.695479384003974
40 40 35 0.0 0.0 0.0 0.0 7.0 0.0 0.0 0.6975585450921773
40 40 36 0.0 0.0 295.0 0.0 5962.0 11.0 507.0 0.16973811833171676
40 40 37 0.0 0.0 745.0 0.0 11697.0 33.0 7014.0 0.097053726169844
40 40 38 0.0 0.0 1075.0 0.0 12582.0 38.0 11905.0 0.08949689957169339
40 40 39 1.0 0.0 1931.0 0.0 12045.0 38.0 29719.0 0.08760951188986231
40 40 40 8.0 12.0 3433.0 14.0 6905.0 69.0 94989.0 0.11314045579440761
40 40 41 0.0 0.0 1845.0 2.0 12431.0 53.0 26943.0 0.08607439286812173
40 40 42 0.0 0.0 1021.0 0.0 12680.0 31.0 9398.0 0.08917197452229299
40 40 43 0.0 0.0 312.0 0.0 6888.0 24.0 778.0 0.15250544662309365
40 40 44 0.0 0.0 6.0 0.0 195.0 2.0 0.0 0.6366530241018644
40 40 45 0.0 0.0 0.0 0.0 6.0 0.0 0.0 0.6979062811565303
40 41 35 0.0 0.0 0.0 0.0 16.0 0.0 0.0 0.6944444444444444
40 41 36 0.0 0.0 106.0 0.0 2469.0 11.0 50.0 0.3066141042487954
40 41 37 0.0 0.0 697.0 0.0 11274.0 27.0 4678.0 0.10030808913090206
40 41 38 0.0 0.0 1373.0 0.0 12979.0 31.0 16960.0 0.08552752153460809
40 41 39 0.0 0.0 1860.0 1.0 12872.0 66.0 26094.0 0.08376712738586728
40 41 40 0.0 4.0 2081.0 16.0 12174.0 48.0 33716.0 0.0860162202015237
40 41 41 0.0 0.0 2055.0 0.0 11946.0 47.0 35105.0 0.08752188047011751
40 41 42 0.0 0.0 789.0 0.0 11942.0 32.0 5522.0 0.09514101257220522
40 41 43 0.0 0.0 442.0 0.0 9259.0 14.0 2367.0 0.11963766877456843
40 41 44 0.0 0.0 1.0 0.0 127.0 1.0 0.0 0.6585136406396989
40 41 45 0.0 0.0 0.0 0.0 3.0 0.0 0.0 0.6989515726410384
40 42 35 0.0 0.0 0.0 0.0 9.0 0.0 0.0 0.6968641114982577
40 42 36 0.0 0.0 399.0 0.0 7367.0 21.0 776.0 0.14356029532403608
40 42 37 0.0 0.0 315.0 0.0 7189.0 27.0 966.0 0.14767932489451477
40 42 38 0.0 0.0 625.0 0.0 10876.0 28.0 3642.0 0.10380366278638688
40 42 39 0.0 0.0 1406.0 0.0 12284.0 33.0 21379.0 0.08919469928644239
40 42 40 0.0 0.0 889.0 2.0 12369.0 28.0 6970.0 0.09174311926605504
40 42 41 0.0 0.0 1329.0 0.0 12943.0 35.0 15811.0 0.08606381016782443
40 42 42 0.0 0.0 446.0 0.0 8733.0 24.0 1415.0 0.12539184952978055
40 42 43 0.0 0.0 111.0 0.0 2980.0 16.0 90.0 0.2758620689655172
40 42 44 0.0 0.0 101.0 0.0 2657.0 11.0 63.0 0.29473684210526313
40 42 45 0.0 0.0 0.0 0.0 2.0 0.0 0.0 0.6993006993006992
40 43 35 0.0 0.0 0.0 0.0 13.0 0.0 0.0 0.695479384003974
40 43 36 0.0 0.0 6.0 0.0 154.0 5.0 0.0 0.6496519721577725
40 43 37 0.0 0.0 91.0 0.0 2312.0 13.0 40.0 0.31890660592255116
40 43 38 0.0 0.0 63.0 0.0 1837.0 9.0 35.0 0.35980467746080697
40 43 39 0.0 0.0 499.0 0.0 9466.0 25.0 1877.0 0.11718423035071564
40 43 40 0.0 0.0 682.0 0.0 11238.0 36.0 4836.0 0.10074841681059298
40 43 41 0.0 0.0 423.0 0.0 8107.0 17.0 1156.0 0.13302926643861648
40 43 42 0.0 0.0 178.0 0.0 4088.0 16.0 166.0 0.22399999999999998
40 43 43 0.0 0.0 29.0 0.0 384.0 7.0 0.0 0.582120582120582
40 43 44 0.0 0.0 0.0 0.0 2.0 0.0 0.0 0.6993006993006992
40 43 45 0.0 0.0 1.0 0.0 0.0 0.0 0.0 0.6996501749125437
40 44 36 0.0 0.0 0.0 0.0 3.0 0.0 0.0 0.6989515726410384
40 44 37 0.0 0.0 0.0 0.0 2.0 0.0 0.0 0.6993006993006992
40 44 38 0.0 0.0 3.0 0.0 60.0 0.0 0.0 0.6786233640329616
40 44 39 0.0 0.0 163.0 0.0 3882.0 20.0 146.0 0.2324037184594953
40 44 40 0.0 0.0 135.0 0.0 3210.0 13.0 90.0 0.2625164072754546
40 44 41 0.0 0.0 5.0 0.0 254.0 3.0 0.0 0.6205673758865247
40 44 42 0.0 0.0 41.0 0.0 1116.0 11.0 11.0 0.44486812837623124
40 44 43 0.0 0.0 1.0 0.0 57.0 0.0 1.0 0.6802721088435373
40 45 38 0.0 0.0 0.0 0.0 10.0 0.0 0.0 0.6965174129353233
40 45 39 0.0 0.0 0.0 0.0 7.0 0.0 0.0 0.6975585450921773
40 45 40 0.0 0.0 0.0 0.0 6.0 0.0 0.0 0.6979062811565303
40 45 41 0.0 0.0 0.0 0.0 16.0 1.0 0.0 0.694789081885856
40 45 42 0.0 0.0 0.0 0.0 7.0 0.0 0.0 0.6975585450921773
40 45 43 0.0 0.0 0.0 0.0 1.0 0.0 0.0 0.6996501749125437
41 35 38 0.0 0.0 27.0 0.0 403.0 8.0 0.0 0.5780346820809247
41 35 39 0.0 0.0 2.0 0.0 48.0 0.0 0.0 0.6829268292682925
41 35 40 0.0 0.0 3.0 0.0 94.0 1.0 0.0 0.6682577565632457
41 35 41 0.0 0.0 0.0 0.0 2.0 0.0 0.0 0.6993006993006992
41 35 42 0.0 0.0 0.0 0.0 1.0 0.0 0.0 0.6996501749125437
41 36 37 0.0 0.0 0.0 0.0 35.0 0.0 0.0 0.6879606879606879
41 36 38 0.0 0.0 7.0 0.0 220.0 3.0 0.0 0.6294964028776977
41 36 39 0.0 0.0 444.0 0.0 8671.0 16.0 1775.0 0.12605798667386997
41 36 40 0.0 0.0 130.0 0.0 3276.0 23.0 90.0 0.2602230483271375
41 36 41 0.0 0.0 25.0 0.0 738.0 7.0 2.0 0.5081669691470053
41 36 42 0.0 0.0 4.0 0.0 266.0 1.0 0.0 0.6170118995152049
41 36 43 0.0 0.0 46.0 0.0 1418.0 7.0 14.0 0.4048582995951417
41 36 44 0.0 0.0 0.0 0.0 20.0 0.0 0.0 0.6934125804853887
41 36 45 0.0 0.0 0.0 0.0 1.0 0.0 0.0 0.6996501749125437
41 37 36 0.0 0.0 0.0 0.0 12.0 0.0 0.0 0.6958250497017892
41 37 37 0.0 0.0 113.0 0.0 2578.0 12.0 37.0 0.2991452991452991
41 37 38 0.0 0.0 120.0 0.0 3496.0 14.0 138.0 0.24977698483496874
41 37 39 1.0 0.0 635.0 0.0 10859.0 30.0 4161.0 0.10384986276982418
41 37 40 0.0 0.0 473.0 0.0 9419.0 24.0 2117.0 0.1178748842300244
41 37 41 0.0 0.0 536.0 0.0 9919.0 24.0 2705.0 0.11251305955155508
41 37 42 0.0 0.0 651.0 0.0 10914.0 30.0 3486.0 0.10336680448907264
41 37 43 0.0 0.0 444.0 0.0 8349.0 13.0 1384.0 0.12974976830398516
41 37 44 0.0 0.0 1.0 0.0 94.0 0.0 0.0 0.6682577565632457
41 37 45 0.0 0.0 0.0 0.0 2.0 0.0 0.0 0.6993006993006992
41 38 35 0.0 0.0 0.0 0.0 3.0 0.0 0.0 0.6989515726410384
41 38 36 0.0 0.0 1.0 0.0 57.0 0.0 0.0 0.6802721088435373
41 38 37 0.0 0.0 390.0 0.0 7709.0 24.0 934.0 0.13884756520876723
41 38 38 0.0 0.0 612.0 0.0 10668.0 29.0 3453.0 0.10552498680937664
41 38 39 0.0 0.0 1112.0 0.0 12887.0 38.0 11618.0 0.0874945315917755
41 38 40 0.0 0.0 1490.0 0.0 12852.0 43.0 19715.0 0.08572128337007102
41 38 41 0.0 0.0 1380.0 0.0 12682.0 43.0 18501.0 0.08714596949891067
41 38 42 0.0 0.0 1395.0 0.0 12255.0 43.0 20892.0 0.08945686900958466
41 38 43 0.0 0.0 533.0 0.0 10007.0 31.0 2750.0 0.11183895190925067
41 38 44 0.0 0.0 132.0 0.0 3578.0 18.0 137.0 0.24595924104005618
41 38 45 0.0 0.0 0.0 0.0 1.0 0.0 0.0 0.6996501749125437
41 39 35 0.0 0.0 0.0 0.0 18.0 0.0 0.0 0.6937561942517343
41 39 36 0.0 0.0 202.0 0.0 4349.0 16.0 191.0 0.2141655193513844
41 39 37 0.0 0.0 207.0 0.0 4949.0 22.0 292.0 0.1961608518985568
41 39 38 0.0 0.0 980.0 0.0 12693.0 41.0 9043.0 0.08942829766847651
41 39 39 0.0 0.0 1724.0 1.0 12524.0 39.0 24768.0 0.08611145282322548
41 39 40 0.0 0.0 2777.0 0.0 10311.0 66.0 53154.0 0.09281973082278061
41 39 41 1.0 0.0 3098.0 0.0 9274.0 59.0 67416.0 0.09724923589886078
41 39 42 0.0 0.0 1520.0 0.0 12871.0 40.0 20136.0 0.08538147222052814
41 39 43 0.0 0.0 519.0 0.0 9935.0 25.0 2629.0 0.11254924029262801
41 39 44 0.0 0.0 132.0 0.0 3227.0 15.0 98.0 0.2619270346117867
41 39 45 0.0 0.0 0.0 0.0 12.0 0.0 0.0 0.6961710591745399
41 40 35 0.0 0.0 0.0 0.0 30.0 0.0 0.0 0.689655172413793
41 40 36 0.0 0.0 375.0 0.0 7785.0 17.0 1257.0 0.1379310344827586
41 40 37 0.0 0.0 403.0 0.0 8325.0 26.0 1421.0 0.13074336944340678
41 40 38 0.0 0.0 1201.0 1.0 12874.0 38.0 14113.0 0.08709175738724727
41 40 39 0.0 0.0 2384.0 1.0 11240.0 52.0 42359.0 0.08955414827608264
41 40 40 0.0 0.0 1675.0 3.0 13544.0 48.0 19737.0 0.0813149793808445
41 40 41 0.0 0.0 2207.0 2.0 11836.0 63.0 36821.0 0.08729267988527246
41 40 42 0.0 0.0 1751.0 0.0 12369.0 47.0 26265.0 0.08683786130753007
41 40 43 0.0 0.0 786.0 0.0 11827.0 32.0 6939.0 0.09589697924515377
41 40 44 0.0 0.0 292.0 0.0 6103.0 20.0 484.0 0.16712426883132384
41 40 45 0.0 0.0 0.0 0.0 10.0 0.0 0.0 0.6965174129353233
41 41 35 0.0 0.0 0.0 0.0 33.0 2.0 0.0 0.6893156080748399
41 41 36 0.0 0.0 35.0 0.0 1141.0 9.0 9.0 0.44205873065993045
41 41 37 0.0 0.0 655.0 0.0 11186.0 13.0 4325.0 0.10117068940598352
41 41 38 0.0 0.0 933.0 0.0 12300.0 35.0 9102.0 0.09194798371207145
41 41 39 0.0 0.0 1943.0 1.0 12221.0 42.0 30230.0 0.08651588184402421
41 41 40 0.0 0.0 2457.0 0.0 10552.0 68.0 47457.0 0.09340805978115825
41 41 41 0.0 3.0 1500.0 15.0 13469.0 49.0 16540.0 0.08244023083264633
41 41 42 0.0 0.0 697.0 0.0 11290.0 34.0 4523.0 0.10022909507445589
41 41 43 0.0 0.0 404.0 0.0 8492.0 27.0 1501.0 0.12875931205738983
41 41 44 0.0 0.0 83.0 0.0 1805.0 12.0 16.0 0.36110394635027077
41 41 45 0.0 0.0 0.0 0.0 3.0 0.0 0.0 0.6989515726410384
41 42 35 0.0 0.0 0.0 0.0 14.0 0.0 0.0 0.6951340615690167
41 42 36 0.0 0.0 221.0 0.0 4976.0 18.0 261.0 0.1949317738791423
41 42 37 0.0 0.0 358.0 0.0 7044.0 16.0 785.0 0.14906303236797272
41 42 38 0.0 0.0 418.0 0.0 8316.0 24.0 1479.0 0.13063357282821683
41 42 39 0.0 0.0 653.0 0.0 11020.0 23.0 3773.0 0.10243652593839174
41 42 40 0.0 0.0 830.0 0.0 12123.0 35.0 7577.0 0.0936830835117773
41 42 41 0.0 0.0 899.0 0.0 12313.0 27.0 7188.0 0.09202655623479918
41 42 42 0.0 0.0 328.0 0.0 7166.0 20.0 897.0 0.14771048744460855
41 42 43 0.0 0.0 114.0 0.0 2936.0 18.0 67.0 0.2782193958664546
41 42 44 0.0 0.0 5.0 0.0 141.0 0.0 0.0 0.6523765144454798
41 42 45 0.0 0.0 1.0 0.0 14.0 0.0 0.0 0.694789081885856
41 43 35 0.0 0.0 0.0 0.0 7.0 0.0 0.0 0.6975585450921773
41 43 36 0.0 0.0 0.0 0.0 16.0 0.0 0.0 0.6944444444444444
41 43 37 0.0 0.0 32.0 0.0 773.0 8.0 4.0 0.5005362888809438
41 43 38 0.0 0.0 98.0 0.0 2551.0 12.0 54.0 0.3018542475204829
41 43 39 0.0 0.0 462.0 0.0 9051.0 21.0 1689.0 0.12173913043478259
41 43 40 0.0 0.0 221.0 0.0 4837.0 22.0 272.0 0.19889188805228014
41 43 41 0.0 0.0 321.0 0.0 6739.0 20.0 690.0 0.1548672566371681
41 43 42 0.0 0.0 428.0 0.0 8331.0 23.0 1331.0 0.1303174159918086
41 43 43 0.0 0.0 1.0 0.0 105.0 3.0 0.0 0.6657156443176413
41 43 44 0.0 0.0 0.0 0.0 4.0 0.0 0.0 0.6986027944111775
41 43 45 0.0 0.0 0.0 0.0 1.0 0.0 0.0 0.6996501749125437
41 44 36 0.0 0.0 1.0 0.0 10.0 0.0 0.0 0.6961710591745399
41 44 37 0.0 0.0 0.0 0.0 3.0 0.0 0.0 0.6993006993006992
41 44 38 0.0 0.0 135.0 0.0 3058.0 14.0 77.0 0.27016595908915475
41 44 39 0.0 0.0 23.0 0.0 588.0 7.0 2.0 0.5376344086021504
41 44 40 0.0 0.0 3.0 0.0 154.0 2.0 0.0 0.6496519721577725
41 44 41 0.0 0.0 100.0 0.0 2055.0 14.0 24.0 0.3380825887466795
41 44 42 0.0 0.0 0.0 0.0 28.0 0.0 0.0 0.690335305719921
41 44 43 0.0 0.0 0.0 0.0 12.0 0.0 0.0 0.6958250497017892
41 45 38 0.0 0.0 0.0 0.0 4.0 0.0 0.0 0.6986027944111775
41 45 39 0.0 0.0 0.0 0.0 1.0 0.0 0.0 0.6996501749125437
41 45 40 0.0 0.0 0.0 0.0 6.0 0.0 0.0 0.6979062811565303
42 35 38 0.0 0.0 0.0 0.0 25.0 0.0 0.0 0.6913580246913579
42 35 39 0.0 0.0 0.0 0.0 24.0 0.0 0.0 0.6916996047430829
42 35 40 0.0 0.0 0.0 0.0 18.0 0.0 0.0 0.6937561942517343
42 35 41 0.0 0.0 0.0 0.0 8.0 0.0 0.0 0.697211155378486
42 35 43 0.0 0.0 0.0 0.0 1.0 0.0 0.0 0.6996501749125437
42 36 37 0.0 0.0 0.0 0.0 1.0 0.0 0.0 0.6996501749125437
42 36 38 0.0 0.0 8.0 0.0 186.0 6.0 1.0 0.639853747714808
42 36 39 0.0 0.0 279.0 0.0 6175.0 20.0 541.0 0.1659751037344398
42 36 40 0.0 0.0 35.0 0.0 1064.0 9.0 10.0 0.4532211071544188
42 36 41 0.0 0.0 210.0 0.0 4273.0 13.0 180.0 0.2162162162162162
42 36 42 0.0 0.0 31.0 0.0 846.0 9.0 2.0 0.4881450488145048
42 36 43 0.0 0.0 42.0 0.0 837.0 6.0 3.0 0.48729550991994425
42 36 44 0.0 0.0 0.0 0.0 37.0 0.0 0.0 0.6872852233676975
42 37 36 0.0 0.0 0.0 0.0 3.0 0.0 0.0 0.6989515726410384
42 37 37 0.0 0.0 0.0 0.0 58.0 0.0 0.0 0.6802721088435373
42 37 38 0.0 0.0 106.0 0.0 2710.0 12.0 62.0 0.2914238134887593
42 37 39 0.0 0.0 557.0 0.0 9865.0 31.0 2165.0 0.1128850185453959
42 37 40 0.0 0.0 902.0 0.0 12223.0 23.0 8441.0 0.0925681036762761
42 37 41 0.0 0.0 792.0 0.0 11785.0 30.0 5349.0 0.0961076405574243
42 37 42 0.0 0.0 265.0 0.0 6301.0 22.0 615.0 0.16378100140383714
42 37 43 0.0 0.0 432.0 0.0 9246.0 23.0 2314.0 0.11999657152652779
42 37 44 0.0 0.0 43.0 0.0 834.0 13.0 1.0 0.4889975550122249
42 37 45 0.0 0.0 1.0 0.0 5.0 0.0 0.0 0.6979062811565303
42 38 36 0.0 0.0 22.0 0.0 658.0 4.0 2.0 0.5231689088191329
42 38 37 0.0 0.0 6.0 0.0 239.0 2.0 0.0 0.6244424620874218
42 38 38 0.0 0.0 457.0 0.0 9318.0 18.0 2039.0 0.11894647408666098
42 38 39 0.0 0.0 704.0 0.0 11507.0 24.0 5922.0 0.09854990848937067
42 38 40 0.0 0.0 1453.0 0.0 12328.0 42.0 21947.0 0.08866932674646906
42 38 41 0.0 0.0 1675.0 0.0 12455.0 47.0 24333.0 0.08681093817821045
42 38 42 0.0 0.0 659.0 0.0 11143.0 16.0 4664.0 0.10145662729183273
42 38 43 0.0 0.0 192.0 0.0 5058.0 16.0 310.0 0.19347705914870092
42 38 44 0.0 0.0 29.0 0.0 685.0 7.0 2.0 0.5173688100517368
42 39 35 0.0 0.0 2.0 0.0 27.0 0.0 0.0 0.6899950714637751
42 39 36 0.0 0.0 17.0 0.0 318.0 5.0 0.0 0.6008583690987124
42 39 37 0.0 0.0 363.0 0.0 7392.0 30.0 975.0 0.14389968136499123
42 39 38 0.0 0.0 503.0 0.0 9536.0 35.0 2229.0 0.11657923224248479
42 39 39 0.0 0.0 1137.0 0.0 12989.0 39.0 10553.0 0.08683786130753007
42 39 40 0.0 0.0 1575.0 0.0 12627.0 47.0 22455.0 0.08641441886303314
42 39 41 0.0 0.0 1365.0 0.0 12996.0 44.0 17246.0 0.08555888284544398
42 39 42 0.0 0.0 1650.0 0.0 12685.0 41.0 23756.0 0.08563214875527554
42 39 43 0.0 0.0 314.0 0.0 6852.0 19.0 672.0 0.15303891560996938
42 39 44 0.0 0.0 84.0 0.0 2029.0 8.0 29.0 0.3410475030450669
42 39 45 0.0 0.0 0.0 0.0 10.0 0.0 0.0 0.6965174129353233
42 40 35 0.0 0.0 1.0 0.0 21.0 0.0 0.0 0.6923837784371908
42 40 36 0.0 0.0 8.0 0.0 328.0 1.0 1.0 0.5993150684931505
42 40 37 0.0 0.0 254.0 0.0 5301.0 13.0 352.0 0.185602545406337
42 40 38 0.0 0.0 1020.0 0.0 12558.0 34.0 12134.0 0.0899396119748169
42 40 39 0.0 0.0 1120.0 0.0 12982.0 47.0 11109.0 0.08706467661691542
42 40 40 0.0 0.0 1402.0 0.0 12732.0 35.0 18821.0 0.08674639073052852
42 40 41 0.0 0.0 1445.0 0.0 13095.0 58.0 18494.0 0.08476628723661903
42 40 42 0.0 0.0 1302.0 0.0 12865.0 48.0 16314.0 0.08669804310131285
42 40 43 0.0 0.0 521.0 0.0 9919.0 32.0 2719.0 0.11269419624889318
42 40 44 0.0 0.0 243.0 0.0 5313.0 14.0 306.0 0.18555334658714379
42 40 45 0.0 0.0 0.0 0.0 9.0 0.0 0.0 0.6968641114982577
42 41 35 0.0 0.0 0.0 0.0 9.0 0.0 0.0 0.6968641114982577
42 41 36 0.0 0.0 0.0 0.0 73.0 2.0 0.0 0.6760019314340897
42 41 37 0.0 0.0 136.0 0.0 3176.0 16.0 97.0 0.26425066062665153
42 41 38 0.0 0.0 676.0 0.0 11450.0 17.0 4849.0 0.09907997169143665
42 41 39 0.0 0.0 950.0 0.0 12536.0 33.0 7751.0 0.09041007426541814
42 41 40 0.0 0.0 899.0 0.0 12257.0 20.0 8600.0 0.09239094568732263
42 41 41 0.0 0.0 455.0 1.0 8766.0 32.0 1594.0 0.12504465880671667
42 41 42 0.0 0.0 769.0 0.0 11763.0 26.0 6851.0 0.09639881567169317
42 41 43 0.0 0.0 385.0 0.0 7837.0 26.0 1003.0 0.13720109760878085
42 41 44 0.0 0.0 76.0 0.0 1764.0 6.0 22.0 0.36515388628064677
42 41 45 0.0 0.0 0.0 0.0 5.0 0.0 0.0 0.6982543640897755
42 42 35 0.0 0.0 0.0 0.0 3.0 0.0 0.0 0.6989515726410384
42 42 36 0.0 0.0 30.0 0.0 538.0 9.0 0.0 0.5470887065259866
42 42 37 0.0 0.0 9.0 0.0 505.0 0.0 2.0 0.5568814638027048
42 42 38 0.0 0.0 692.0 0.0 11196.0 25.0 4779.0 0.10086455331412102
42 42 39 0.0 0.0 740.0 0.0 11536.0 28.0 5880.0 0.09816295049782639
42 42 40 0.0 0.0 363.0 0.0 8409.0 21.0 1482.0 0.13015991074748975
42 42 41 0.0 0.0 858.0 0.0 11944.0 35.0 7231.0 0.09469056476158268
42 42 42 0.0 0.0 213.0 0.0 4677.0 17.0 234.0 0.20363636363636362
42 42 43 0.0 0.0 1.0 0.0 211.0 2.0 0.0 0.6337709370755997
42 42 44 0.0 0.0 0.0 0.0 11.0 0.0 0.0 0.6961710591745399
42 42 45 0.0 0.0 0.0 0.0 1.0 0.0 0.0 0.6996501749125437
42 43 35 0.0 0.0 0.0 0.0 2.0 0.0 0.0 0.6993006993006992
42 43 36 0.0 0.0 0.0 0.0 3.0 0.0 0.0 0.6989515726410384
42 43 37 0.0 0.0 6.0 0.0 109.0 5.0 0.0 0.6635071090047392
42 43 38 0.0 0.0 60.0 0.0 1516.0 12.0 20.0 0.392817059483726
42 43 39 0.0 0.0 119.0 0.0 2621.0 16.0 48.0 0.2964845404489623
42 43 40 0.0 0.0 10.0 0.0 384.0 5.0 1.0 0.5860192549183758
42 43 41 0.0 0.0 255.0 0.0 5158.0 28.0 291.0 0.18944519621109604
42 43 42 0.0 0.0 101.0 0.0 3066.0 13.0 96.0 0.27158098933074676
42 43 43 0.0 0.0 0.0 0.0 14.0 0.0 0.0 0.6951340615690167
42 43 44 0.0 0.0 0.0 0.0 1.0 0.0 0.0 0.6996501749125437
42 44 37 0.0 0.0 0.0 0.0 1.0 0.0 0.0 0.6996501749125437
42 44 38 0.0 0.0 0.0 0.0 31.0 1.0 0.0 0.689655172413793
42 44 39 0.0 0.0 0.0 0.0 15.0 0.0 0.0 0.694789081885856
42 44 40 0.0 0.0 100.0 0.0 1819.0 9.0 10.0 0.3580562659846547
42 44 41 0.0 0.0 1.0 0.0 61.0 0.0 0.0 0.6789524733268669
42 44 42 0.0 0.0 0.0 0.0 22.0 0.0 0.0 0.6923837784371908
42 44 43 0.0 0.0 0.0 0.0 14.0 0.0 0.0 0.6951340615690167
42 45 39 0.0 0.0 0.0 0.0 2.0 0.0 0.0 0.6993006993006992
43 35 39 0.0 0.0 0.0 0.0 10.0 0.0 0.0 0.6965174129353233
43 35 40 0.0 0.0 0.0 0.0 4.0 0.0 0.0 0.6986027944111775
43 35 42 0.0 0.0 0.0 0.0 1.0 0.0 0.0 0.6996501749125437
43 36 37 0.0 0.0 0.0 0.0 3.0 0.0 0.0 0.6989515726410384
43 36 38 0.0 0.0 0.0 0.0 23.0 0.0 0.0 0.6920415224913494
43 36 39 0.0 0.0 139.0 0.0 3472.0 20.0 104.0 0.25040243248077265
43 36 40 0.0 0.0 10.0 0.0 257.0 4.0 0.0 0.618647812638091
43 36 41 0.0 0.0 63.0 0.0 1568.0 12.0 16.0 0.38695411829740184
43 36 42 0.0 0.0 112.0 0.0 2132.0 24.0 17.0 0.3316749585406301
43 36 43 0.0 0.0 2.0 0.0 54.0 1.0 0.0 0.6812652068126519
43 36 44 0.0 0.0 17.0 0.0 232.0 2.0 0.0 0.6230529595015576
43 37 37 0.0 0.0 0.0 0.0 13.0 0.0 0.0 0.695479384003974
43 37 38 0.0 0.0 85.0 0.0 1873.0 15.0 25.0 0.3550595992898808
43 37 39 0.0 0.0 146.0 0.0 3162.0 7.0 81.0 0.2640513013956997
43 37 40 0.0 0.0 287.0 0.0 6265.0 21.0 592.0 0.1640496836184673
43 37 41 0.0 0.0 355.0 0.0 7131.0 15.0 804.0 0.14771048744460855
43 37 42 0.0 0.0 85.0 0.0 2310.0 13.0 44.0 0.31956174389408804
43 37 43 0.0 0.0 264.0 0.0 5992.0 20.0 500.0 0.16988229583788372
43 37 44 0.0 0.0 2.0 0.0 44.0 0.0 0.0 0.6842619745845552
43 37 45 0.0 0.0 0.0 0.0 1.0 0.0 0.0 0.6996501749125437
43 38 36 0.0 0.0 2.0 0.0 13.0 1.0 0.0 0.6951340615690167
43 38 37 0.0 0.0 0.0 0.0 34.0 0.0 0.0 0.6882989183874139
43 38 38 0.0 0.0 224.0 0.0 4699.0 18.0 217.0 0.2026049204052098
43 38 39 0.0 0.0 268.0 0.0 5435.0 15.0 344.0 0.1819836214740673
43 38 40 0.0 0.0 478.0 0.0 9195.0 22.0 1903.0 0.12004801920768304
43 38 41 0.0 0.0 509.0 0.0 9952.0 31.0 2850.0 0.11251305955155508
43 38 42 0.0 0.0 424.0 0.0 8783.0 30.0 1769.0 0.12519002056693193
43 38 43 0.0 0.0 402.0 0.0 8049.0 25.0 1234.0 0.13417672992141075
43 38 44 0.0 0.0 4.0 0.0 176.0 0.0 0.0 0.6422018348623851
43 38 45 0.0 0.0 0.0 0.0 1.0 0.0 0.0 0.6996501749125437
43 39 36 0.0 0.0 0.0 0.0 17.0 0.0 0.0 0.694100148735746
43 39 37 0.0 0.0 35.0 0.0 850.0 8.0 1.0 0.48661800486617995
43 39 38 0.0 0.0 235.0 0.0 5129.0 18.0 257.0 0.19052803483941202
43 39 39 0.0 0.0 441.0 0.0 9037.0 26.0 1877.0 0.12214273250741578
43 39 40 0.0 0.0 710.0 0.0 11462.0 17.0 5157.0 0.09878633926051368
43 39 41 0.0 0.0 463.0 0.0 8895.0 24.0 1676.0 0.12345679012345677
43 39 42 0.0 0.0 659.0 0.0 10986.0 20.0 3942.0 0.10261672652642378
43 39 43 0.0 0.0 466.0 0.0 9550.0 25.0 2323.0 0.11667638969914158
43 39 44 0.0 0.0 18.0 0.0 299.0 4.0 0.0 0.6052745352356247
43 39 45 0.0 0.0 0.0 0.0 3.0 0.0 0.0 0.6989515726410384
43 40 36 0.0 0.0 0.0 0.0 46.0 0.0 0.0 0.6842619745845552
43 40 37 0.0 0.0 180.0 0.0 3881.0 17.0 141.0 0.23148148148148145
43 40 38 0.0 0.0 470.0 0.0 9061.0 23.0 1849.0 0.12154888001389128
43 40 39 0.0 0.0 473.0 0.0 9049.0 21.0 1742.0 0.12164393083673646
43 40 40 0.0 0.0 555.0 0.0 9844.0 22.0 2539.0 0.11304909560723514
43 40 41 0.0 0.0 775.0 0.0 11865.0 33.0 5804.0 0.0957723354768094
43 40 42 0.0 0.0 412.0 0.0 8317.0 22.0 1435.0 0.1306213845866766
43 40 43 0.0 0.0 371.0 0.0 7551.0 15.0 935.0 0.1412856998688061
43 40 44 0.0 0.0 24.0 0.0 672.0 7.0 1.0 0.520639642989959
43 40 45 0.0 0.0 1.0 0.0 9.0 0.0 0.0 0.6965174129353233
43 41 35 0.0 0.0 1.0 0.0 21.0 0.0 0.0 0.6923837784371908
43 41 36 0.0 0.0 0.0 0.0 44.0 0.0 0.0 0.684931506849315
43 41 37 0.0 0.0 606.0 0.0 10464.0 20.0 3420.0 0.10714012397642916
43 41 38 0.0 0.0 111.0 0.0 3004.0 14.0 78.0 0.27434842249657065
43 41 39 0.0 0.0 510.0 0.0 9155.0 13.0 1717.0 0.11994516792323508
43 41 40 0.0 0.0 781.0 0.0 11882.0 27.0 5237.0 0.09557618787547786
43 41 41 0.0 0.0 128.0 0.0 3769.0 12.0 162.0 0.23773136355917812
43 41 42 0.0 0.0 275.0 0.0 6595.0 19.0 700.0 0.1581920903954802
43 41 43 0.0 0.0 160.0 0.0 4122.0 14.0 243.0 0.22317870237525902
43 41 44 0.0 0.0 4.0 0.0 87.0 1.0 0.0 0.6698564593301434
43 41 45 0.0 0.0 0.0 0.0 1.0 0.0 0.0 0.6996501749125437
43 42 35 0.0 0.0 0.0 0.0 2.0 0.0 0.0 0.6993006993006992
43 42 36 0.0 0.0 0.0 0.0 20.0 0.0 0.0 0.6930693069306929
43 42 37 0.0 0.0 31.0 0.0 911.0 7.0 2.0 0.47700170357751276
43 42 38 0.0 0.0 214.0 0.0 4053.0 17.0 162.0 0.22389253158483927
43 42 39 0.0 0.0 331.0 0.0 6829.0 24.0 743.0 0.15315610983481015
43 42 40 0.0 0.0 135.0 0.0 3842.0 9.0 208.0 0.23450586264656614
43 42 41 0.0 0.0 102.0 0.0 2000.0 18.0 19.0 0.34271725826193383
43 42 42 0.0 0.0 4.0 0.0 310.0 3.0 1.0 0.6057983556901773
43 42 43 0.0 0.0 17.0 0.0 415.0 5.0 0.0 0.5768438401318499
43 42 44 0.0 0.0 0.0 0.0 6.0 0.0 0.0 0.6979062811565303
43 43 35 0.0 0.0 0.0 0.0 2.0 0.0 0.0 0.6993006993006992
43 43 36 0.0 0.0 0.0 0.0 8.0 0.0 0.0 0.697211155378486
43 43 37 0.0 0.0 0.0 0.0 53.0 0.0 0.0 0.6819288845591815
43 43 38 0.0 0.0 6.0 0.0 390.0 0.0 1.0 0.5843071786310516
43 43 39 0.0 0.0 16.0 0.0 465.0 4.0 0.0 0.5651998385143318
43 43 40 0.0 0.0 19.0 0.0 434.0 8.0 0.0 0.5725971370143148
43 43 41 0.0 0.0 60.0 0.0 1642.0 10.0 19.0 0.3791982665222101
43 43 42 0.0 0.0 1.0 0.0 82.0 0.0 0.0 0.6721075372059528
43 43 43 0.0 0.0 0.0 0.0 4.0 0.0 0.0 0.6986027944111775
43 44 37 0.0 0.0 0.0 0.0 2.0 0.0 0.0 0.6993006993006992
43 44 40 0.0 0.0 0.0 0.0 1.0 0.0 0.0 0.6996501749125437
43 44 41 0.0 0.0 1.0 0.0 34.0 1.0 0.0 0.6882989183874139
43 44 42 0.0 0.0 0.0 0.0 5.0 0.0 0.0 0.6982543640897755
43 44 43 0.0 0.0 0.0 0.0 1.0 0.0 0.0 0.6996501749125437
43 45 41 0.0 0.0 0.0 0.0 1.0 0.0 0.0 0.6996501749125437
44 35 38 0.0 0.0 0.0 0.0 1.0 0.0 0.0 0.6996501749125437
44 35 39 0.0 0.0 0.0 0.0 1.0 0.0 0.0 0.6996501749125437
44 35 40 0.0 0.0 0.0 0.0 1.0 0.0 0.0 0.6996501749125437
44 35 41 0.0 0.0 0.0 0.0 2.0 0.0 0.0 0.6993006993006992
44 35 42 0.0 0.0 0.0 0.0 1.0 0.0 0.0 0.6996501749125437
44 36 38 0.0 0.0 0.0 0.0 1.0 0.0 0.0 0.6996501749125437
44 36 39 0.0 0.0 0.0 0.0 7.0 0.0 0.0 0.6975585450921773
44 36 40 0.0 0.0 0.0 0.0 12.0 0.0 0.0 0.6958250497017892
44 36 41 0.0 0.0 13.0 0.0 542.0 3.0 1.0 0.5485893416927898
44 36 42 0.0 0.0 0.0 0.0 4.0 0.0 0.0 0.6986027944111775
44 36 43 0.0 0.0 0.0 0.0 6.0 0.0 0.0 0.6979062811565303
44 36 44 0.0 0.0 0.0 0.0 1.0 0.0 0.0 0.6996501749125437
44 37 37 0.0 0.0 0.0 0.0 4.0 0.0 0.0 0.6986027944111775
44 37 38 0.0 0.0 0.0 0.0 4.0 0.0 0.0 0.6986027944111775
44 37 39 0.0 0.0 0.0 0.0 27.0 1.0 0.0 0.6910167818361302
44 37 40 0.0 0.0 15.0 0.0 315.0 4.0 0.0 0.6018916595012896
44 37 41 0.0 0.0 8.0 0.0 159.0 2.0 1.0 0.6469500924214416
44 37 42 0.0 0.0 1.0 0.0 76.0 0.0 0.0 0.6740491092922483
44 37 43 0.0 0.0 23.0 0.0 532.0 7.0 1.0 0.5496662740478994
44 37 44 0.0 0.0 7.0 0.0 247.0 3.0 0.0 0.6219458018658373
44 38 37 0.0 0.0 0.0 0.0 4.0 0.0 0.0 0.6986027944111775
44 38 38 0.0 0.0 20.0 0.0 750.0 5.0 1.0 0.5063291139240506
44 38 39 0.0 0.0 3.0 0.0 165.0 1.0 0.0 0.6463527239150507
44 38 40 0.0 0.0 50.0 0.0 1032.0 11.0 6.0 0.45587756431129917
44 38 41 0.0 0.0 316.0 0.0 6416.0 21.0 586.0 0.1606425702811245
44 38 42 0.0 0.0 30.0 0.0 560.0 8.0 1.0 0.5422153369481022
44 38 43 0.0 0.0 41.0 0.0 726.0 3.0 2.0 0.5065123010130245
44 38 44 0.0 0.0 0.0 0.0 33.0 0.0 0.0 0.6886374815543531
44 39 35 0.0 0.0 1.0 0.0 22.0 0.0 0.0 0.6920415224913494
44 39 36 0.0 0.0 0.0 0.0 2.0 0.0 0.0 0.6993006993006992
44 39 37 0.0 0.0 6.0 0.0 102.0 1.0 0.0 0.6644518272425248
44 39 38 0.0 0.0 1.0 0.0 66.0 1.0 0.0 0.6776379477250725
44 39 39 0.0 0.0 7.0 0.0 235.0 3.0 0.0 0.6252791424743188
44 39 40 0.0 0.0 34.0 0.0 858.0 5.0 2.0 0.4849324558365084
44 39 41 0.0 0.0 286.0 0.0 5491.0 21.0 316.0 0.18043562314731276
44 39 42 0.0 0.0 31.0 0.0 704.0 7.0 4.0 0.5133846718005133
44 39 43 0.0 0.0 0.0 0.0 93.0 0.0 0.0 0.668896321070234
44 39 44 0.0 0.0 1.0 0.0 44.0 0.0 0.0 0.6845965770171147
44 39 45 0.0 0.0 0.0 0.0 1.0 0.0 0.0 0.6996501749125437
44 40 35 0.0 0.0 0.0 0.0 1.0 0.0 0.0 0.6996501749125437
44 40 36 0.0 0.0 174.0 0.0 4166.0 19.0 165.0 0.22137887413029722
44 40 37 0.0 0.0 0.0 0.0 27.0 0.0 0.0 0.6906758756783422
44 40 38 0.0 0.0 10.0 0.0 253.0 2.0 0.0 0.6194690265486725
44 40 39 0.0 0.0 26.0 0.0 857.0 7.0 5.0 0.4867872044506258
44 40 40 0.0 0.0 203.0 0.0 4646.0 15.0 213.0 0.20485806262803627
44 40 41 0.0 0.0 4.0 0.0 269.0 1.0 0.0 0.6164685160722148
44 40 42 0.0 0.0 164.0 0.0 3320.0 19.0 76.0 0.2561287961946579
44 40 43 0.0 0.0 62.0 0.0 1398.0 13.0 6.0 0.4061502756019727
44 40 44 0.0 0.0 238.0 0.0 4465.0 21.0 183.0 0.20945541591861155
44 40 45 0.0 0.0 0.0 0.0 1.0 0.0 0.0 0.6996501749125437
44 41 35 0.0 0.0 0.0 0.0 3.0 0.0 0.0 0.6989515726410384
44 41 36 0.0 0.0 0.0 0.0 41.0 0.0 0.0 0.6859382655560998
44 41 37 0.0 0.0 24.0 0.0 588.0 4.0 3.0 0.5368098159509201
44 41 38 0.0 0.0 2.0 0.0 189.0 0.0 0.0 0.6389776357827475
44 41 39 0.0 0.0 9.0 0.0 340.0 2.0 1.0 0.5965061780997016
44 41 40 0.0 0.0 79.0 0.0 1870.0 10.0 23.0 0.3554201574003554
44 41 41 0.0 0.0 318.0 0.0 7386.0 13.0 895.0 0.1443745488295349
44 41 42 0.0 0.0 43.0 0.0 837.0 11.0 3.0 0.48797490414778655
44 41 43 0.0 0.0 0.0 0.0 35.0 0.0 0.0 0.6879606879606879
44 41 44 0.0 0.0 5.0 0.0 49.0 1.0 0.0 0.6819288845591815
44 41 45 0.0 0.0 0.0 0.0 3.0 0.0 0.0 0.6989515726410384
44 42 35 0.0 0.0 0.0 0.0 1.0 0.0 0.0 0.6996501749125437
44 42 36 0.0 0.0 234.0 0.0 5642.0 9.0 443.0 0.1779133307917143
44 42 37 0.0 0.0 0.0 0.0 48.0 0.0 0.0 0.6845965770171147
44 42 38 0.0 0.0 0.0 0.0 56.0 0.0 0.0 0.6809338521400777
44 42 39 0.0 0.0 6.0 0.0 208.0 2.0 0.0 0.6329113924050632
44 42 40 0.0 0.0 11.0 0.0 185.0 5.0 0.0 0.6389776357827475
44 42 41 0.0 0.0 0.0 0.0 41.0 0.0 0.0 0.6859382655560998
44 42 42 0.0 0.0 0.0 0.0 12.0 0.0 0.0 0.6958250497017892
44 42 43 0.0 0.0 0.0 0.0 8.0 0.0 0.0 0.697211155378486
44 42 44 0.0 0.0 0.0 0.0 4.0 0.0 0.0 0.6986027944111775
44 43 35 0.0 0.0 0.0 0.0 3.0 0.0 0.0 0.6989515726410384
44 43 36 0.0 0.0 0.0 0.0 7.0 0.0 0.0 0.6975585450921773
44 43 37 0.0 0.0 0.0 0.0 3.0 0.0 0.0 0.6989515726410384
44 43 38 0.0 0.0 0.0 0.0 2.0 0.0 0.0 0.6993006993006992
44 43 39 0.0 0.0 0.0 0.0 4.0 0.0 0.0 0.6986027944111775
44 43 40 0.0 0.0 0.0 0.0 16.0 0.0 0.0 0.6944444444444444
44 43 41 0.0 0.0 0.0 0.0 2.0 0.0 0.0 0.6993006993006992
44 44 40 0.0 0.0 0.0 0.0 1.0 0.0 0.0 0.6996501749125437
45 37 40 0.0 0.0 3.0 0.0 31.0 1.0 0.0 0.6886374815543531
45 37 41 0.0 0.0 0.0 0.0 10.0 0.0 0.0 0.6965174129353233
45 37 42 0.0 0.0 5.0 0.0 97.0 3.0 0.0 0.6669842782277274
45 38 40 0.0 0.0 0.0 0.0 11.0 0.0 0.0 0.6961710591745399
45 38 41 0.0 0.0 0.0 0.0 5.0 0.0 0.0 0.6982543640897755
45 38 42 0.0 0.0 0.0 0.0 2.0 0.0 0.0 0.6993006993006992
45 38 43 0.0 0.0 1.0 0.0 1.0 0.0 0.0 0.6993006993006992
45 39 35 0.0 0.0 0.0 0.0 1.0 0.0 0.0 0.6996501749125437
45 39 37 0.0 0.0 0.0 0.0 4.0 0.0 0.0 0.6986027944111775
45 39 39 0.0 0.0 0.0 0.0 3.0 1.0 0.0 0.6993006993006992
45 39 40 0.0 0.0 0.0 0.0 5.0 0.0 0.0 0.6982543640897755
45 39 41 0.0 0.0 0.0 0.0 13.0 0.0 0.0 0.695479384003974
45 39 42 0.0 0.0 0.0 0.0 5.0 0.0 0.0 0.6982543640897755
45 39 43 0.0 0.0 0.0 0.0 1.0 0.0 0.0 0.6996501749125437
45 39 44 0.0 0.0 0.0 0.0 4.0 0.0 0.0 0.6986027944111775
45 39 45 0.0 0.0 0.0 0.0 4.0 0.0 0.0 0.6986027944111775
45 40 36 0.0 0.0 0.0 0.0 2.0 0.0 0.0 0.6993006993006992
45 40 37 0.0 0.0 2.0 0.0 12.0 0.0 0.0 0.6951340615690167
45 40 39 0.0 0.0 0.0 0.0 3.0 0.0 0.0 0.6989515726410384
45 40 40 0.0 0.0 0.0 0.0 13.0 0.0 0.0 0.695479384003974
45 40 41 0.0 0.0 0.0 0.0 30.0 0.0 0.0 0.689655172413793
45 40 42 0.0 0.0 4.0 0.0 39.0 1.0 0.0 0.6856023506366307
45 40 43 0.0 0.0 0.0 0.0 5.0 0.0 0.0 0.6982543640897755
45 40 44 0.0 0.0 0.0 0.0 3.0 0.0 0.0 0.6989515726410384
45 40 45 0.0 0.0 3.0 0.0 70.0 0.0 0.0 0.6753497346840327
45 41 35 0.0 0.0 0.0 0.0 3.0 0.0 0.0 0.6989515726410384
45 41 36 0.0 0.0 0.0 0.0 3.0 0.0 0.0 0.6989515726410384
45 41 37 0.0 0.0 0.0 0.0 5.0 0.0 0.0 0.6982543640897755
45 41 39 0.0 0.0 1.0 0.0 17.0 0.0 0.0 0.6937561942517343
45 41 40 0.0 0.0 0.0 0.0 5.0 0.0 0.0 0.6982543640897755
45 41 41 0.0 0.0 0.0 0.0 23.0 0.0 0.0 0.6920415224913494
45 41 42 0.0 0.0 0.0 0.0 5.0 0.0 0.0 0.6982543640897755
45 41 43 0.0 0.0 0.0 0.0 2.0 0.0 0.0 0.6993006993006992
45 41 44 0.0 0.0 0.0 0.0 4.0 0.0 0.0 0.6986027944111775
45 41 45 0.0 0.0 0.0 0.0 2.0 0.0 0.0 0.6993006993006992
45 42 35 0.0 0.0 0.0 0.0 1.0 0.0 0.0 0.6996501749125437
45 42 36 0.0 0.0 6.0 0.0 198.0 1.0 0.0 0.6354970494779845
45 42 37 0.0 0.0 0.0 0.0 3.0 0.0 0.0 0.6989515726410384
45 42 40 0.0 0.0 0.0 0.0 6.0 0.0 0.0 0.6979062811565303
45 42 41 0.0 0.0 0.0 0.0 18.0 0.0 0.0 0.6937561942517343
45 42 42 0.0 0.0 2.0 0.0 14.0 0.0 0.0 0.6944444444444444
45 43 35 0.0 0.0 0.0 0.0 5.0 0.0 0.0 0.6982543640897755
45 43 36 0.0 0.0 0.0 0.0 2.0 0.0 0.0 0.6993006993006992
45 43 37 0.0 0.0 2.0 0.0 15.0 0.0 0.0 0.694100148735746
