38 38 42 0.0 0.0 0.0 0.0 1.0 0.0 0.0 0.6996501749125437
38 39 38 0.0 0.0 0.0 0.0 2.0 0.0 0.0 0.6993006993006992
38 39 39 0.0 0.0 1.0 0.0 8.0 0.0 0.0 0.6968641114982577
38 40 38 0.0 0.0 0.0 0.0 1.0 0.0 0.0 0.6996501749125437
38 40 39 0.0 0.0 1.0 0.0 21.0 0.0 0.0 0.6923837784371908
38 40 40 0.0 0.0 1.0 0.0 2.0 0.0 0.0 0.6993006993006992
38 40 41 0.0 0.0 0.0 0.0 1.0 0.0 0.0 0.6996501749125437
38 41 38 0.0 0.0 0.0 0.0 2.0 0.0 0.0 0.6993006993006992
38 41 39 0.0 0.0 0.0 0.0 8.0 0.0 0.0 0.697211155378486
38 41 40 0.0 0.0 0.0 0.0 12.0 0.0 0.0 0.6958250497017892
39 38 39 0.0 0.0 0.0 0.0 1.0 0.0 0.0 0.6996501749125437
39 38 40 0.0 0.0 0.0 0.0 4.0 0.0 0.0 0.6986027944111775
39 38 41 0.0 0.0 0.0 0.0 3.0 0.0 0.0 0.6989515726410384
39 38 42 0.0 0.0 0.0 0.0 1.0 0.0 0.0 0.6996501749125437
39 39 38 0.0 0.0 0.0 0.0 5.0 0.0 0.0 0.6982543640897755
39 39 39 0.0 0.0 3.0 0.0 102.0 1.0 0.0 0.6653992395437262
39 39 40 0.0 0.0 136.0 0.0 2903.0 17.0 63.0 0.27860696517412936
39 39 41 0.0 0.0 25.0 0.0 759.0 4.0 4.0 0.5035971223021581
39 39 42 0.0 0.0 0.0 0.0 1.0 0.0 0.0 0.6996501749125437
39 40 38 0.0 0.0 0.0 0.0 3.0 0.0 0.0 0.6989515726410384
39 40 39 2.0 0.0 236.0 0.0 5184.0 23.0 329.0 0.18921475875118257
39 40 40 0.0 0.0 67.0 5.0 1765.0 12.0 14.0 0.3660130718954248
39 40 41 0.0 0.0 0.0 0.0 79.0 0.0 0.0 0.6737247353224253
39 40 42 0.0 0.0 0.0 0.0 1.0 0.0 0.0 0.6996501749125437
39 41 38 0.0 0.0 0.0 0.0 5.0 0.0 0.0 0.6982543640897755
39 41 39 0.0 0.0 5.0 0.0 143.0 1.0 0.0 0.6520726595249184
39 41 40 0.0 0.0 66.0 0.0 1751.0 10.0 29.0 0.36745406824146976
39 41 41 0.0 0.0 1.0 0.0 56.0 2.0 0.0 0.6812652068126519
39 42 40 0.0 0.0 0.0 0.0 1.0 0.0 0.0 0.6996501749125437
39 42 41 0.0 0.0 0.0 0.0 2.0 0.0 0.0 0.6993006993006992
40 38 39 0.0 0.0 0.0 0.0 6.0 0.0 0.0 0.6979062811565303
40 38 40 0.0 0.0 0.0 0.0 12.0 0.0 0.0 0.6958250497017892
40 38 41 0.0 0.0 0.0 0.0 18.0 0.0 0.0 0.6937561942517343
40 38 42 0.0 0.0 0.0 0.0 5.0 0.0 0.0 0.6982543640897755
40 39 38 0.0 0.0 0.0 0.0 2.0 0.0 0.0 0.6993006993006992
40 39 39 0.0 0.0 67.0 0.0 1810.0 13.0 15.0 0.3623188405797101
40 39 40 0.0 0.0 61.0 0.0 1649.0 11.0 16.0 0.3784806704514733
40 39 41 0.0 0.0 115.0 0.0 2807.0 14.0 52.0 0.28519046649012014
40 39 42 0.0 0.0 0.0 0.0 11.0 0.0 0.0 0.6961710591745399
40 40 38 0.0 0.0 0.0 0.0 1.0 0.0 0.0 0.6996501749125437
40 40 39 0.0 0.0 6.0 0.0 193.0 4.0 0.0 0.6378132118451024
40 40 40 13.0 3.0 816.0 80.0 11894.0 25.0 6240.0 0.09460098655314547
40 40 41 0.0 0.0 2.0 0.0 138.0 1.0 1.0 0.6545114539504441
40 40 42 0.0 0.0 0.0 0.0 12.0 0.0 0.0 0.6958250497017892
40 41 38 0.0 0.0 0.0 0.0 3.0 0.0 0.0 0.6989515726410384
40 41 39 0.0 0.0 1.0 0.0 65.0 0.0 0.0 0.6776379477250725
40 41 40 0.0 0.0 20.0 4.0 445.0 7.0 1.0 0.5686433793663687
40 41 41 0.0 0.0 26.0 0.0 528.0 9.0 1.0 0.5500982318271119
40 42 41 0.0 0.0 0.0 0.0 1.0 0.0 0.0 0.6996501749125437
41 38 39 0.0 0.0 0.0 0.0 2.0 0.0 0.0 0.6993006993006992
41 38 40 0.0 0.0 0.0 0.0 5.0 0.0 0.0 0.6982543640897755
41 38 41 0.0 0.0 0.0 0.0 7.0 0.0 0.0 0.6975585450921773
41 38 42 0.0 0.0 0.0 0.0 10.0 0.0 0.0 0.6965174129353233
41 39 39 0.0 0.0 0.0 0.0 30.0 0.0 0.0 0.689655172413793
41 39 40 0.0 0.0 190.0 0.0 4258.0 13.0 192.0 0.21762785636561477
41 39 41 0.0 0.0 365.0 0.0 7438.0 20.0 1005.0 0.14301767289815095
41 39 42 0.0 0.0 1.0 0.0 22.0 0.0 0.0 0.6920415224913494
41 40 38 0.0 0.0 0.0 0.0 2.0 0.0 0.0 0.6993006993006992
41 40 39 0.0 0.0 72.0 0.0 1415.0 14.0 14.0 0.4029936672423718
41 40 40 0.0 0.0 0.0 4.0 83.0 0.0 0.0 0.670819357930043
41 40 41 0.0 0.0 25.0 0.0 655.0 6.0 2.0 0.5235602094240837
41 40 42 0.0 0.0 1.0 0.0 14.0 1.0 0.0 0.6951340615690167
41 41 39 0.0 0.0 7.0 0.0 308.0 3.0 1.0 0.6055363321799306
41 41 40 0.0 0.0 137.0 0.0 2477.0 22.0 39.0 0.3048780487804878
41 41 41 0.0 0.0 0.0 0.0 53.0 0.0 0.0 0.6819288845591815
41 42 40 0.0 0.0 0.0 0.0 2.0 0.0 0.0 0.6993006993006992
42 38 39 0.0 0.0 0.0 0.0 3.0 0.0 0.0 0.6989515726410384
42 38 40 0.0 0.0 0.0 0.0 14.0 0.0 0.0 0.6951340615690167
42 38 41 0.0 0.0 0.0 0.0 21.0 0.0 0.0 0.6927263730826323
42 38 42 0.0 0.0 0.0 0.0 2.0 0.0 0.0 0.6993006993006992
42 39 39 0.0 0.0 0.0 0.0 3.0 0.0 0.0 0.6989515726410384
42 39 40 0.0 0.0 0.0 0.0 4.0 0.0 0.0 0.6986027944111775
42 39 41 0.0 0.0 0.0 0.0 15.0 0.0 0.0 0.694789081885856
42 39 42 0.0 0.0 1.0 0.0 7.0 0.0 0.0 0.697211155378486
42 40 40 0.0 0.0 0.0 0.0 9.0 0.0 0.0 0.6968641114982577
42 40 41 0.0 0.0 0.0 0.0 8.0 0.0 0.0 0.697211155378486
42 40 42 0.0 0.0 0.0 0.0 5.0 0.0 0.0 0.6982543640897755
42 41 41 0.0 0.0 0.0 0.0 1.0 0.0 0.0 0.6996501749125437
