38 38 42 0.0 0.0 0.0 0.0 1.0 0.0 0.0 0.6996501749125437
38 39 38 0.0 0.0 0.0 0.0 2.0 0.0 0.0 0.6993006993006992
38 39 39 0.0 0.0 0.0 0.0 7.0 0.0 0.0 0.6975585450921773
38 40 38 0.0 0.0 0.0 0.0 1.0 0.0 0.0 0.6996501749125437
38 40 39 0.0 0.0 1.0 0.0 10.0 1.0 0.0 0.6965174129353233
38 40 40 0.0 0.0 0.0 0.0 2.0 0.0 0.0 0.6993006993006992
38 40 41 0.0 0.0 0.0 0.0 1.0 0.0 0.0 0.6996501749125437
38 41 38 0.0 0.0 0.0 0.0 1.0 0.0 0.0 0.6996501749125437
38 41 39 0.0 0.0 0.0 0.0 7.0 0.0 0.0 0.6975585450921773
38 41 40 0.0 0.0 0.0 0.0 10.0 0.0 0.0 0.6965174129353233
39 38 39 0.0 0.0 0.0 0.0 1.0 0.0 0.0 0.6996501749125437
39 38 40 0.0 0.0 0.0 0.0 3.0 0.0 0.0 0.6989515726410384
39 38 41 0.0 0.0 0.0 0.0 3.0 0.0 0.0 0.6989515726410384
39 38 42 0.0 0.0 0.0 0.0 1.0 0.0 0.0 0.6996501749125437
39 39 38 0.0 0.0 0.0 0.0 4.0 0.0 0.0 0.6986027944111775
39 39 39 0.0 0.0 1.0 0.0 88.0 1.0 0.0 0.6704980842911876
39 39 40 0.0 0.0 119.0 0.0 2618.0 13.0 48.0 0.296359017781541
39 39 41 0.0 0.0 21.0 0.0 664.0 4.0 2.0 0.5221932114882506
39 39 42 0.0 0.0 0.0 0.0 1.0 0.0 0.0 0.6996501749125437
39 40 38 0.0 0.0 0.0 0.0 3.0 0.0 0.0 0.6989515726410384
39 40 39 2.0 0.0 225.0 0.0 4851.0 15.0 272.0 0.19821605550049554
39 40 40 0.0 0.0 59.0 5.0 1564.0 8.0 9.0 0.38684719535783363
39 40 41 0.0 0.0 0.0 0.0 72.0 0.0 0.0 0.6756756756756755
39 40 42 0.0 0.0 0.0 0.0 1.0 0.0 0.0 0.6996501749125437
39 41 38 0.0 0.0 0.0 0.0 5.0 0.0 0.0 0.6982543640897755
39 41 39 0.0 0.0 5.0 0.0 118.0 1.0 0.0 0.6597549481621111
39 41 40 0.0 0.0 58.0 0.0 1558.0 16.0 19.0 0.3887808941960566
39 41 41 0.0 0.0 1.0 0.0 45.0 0.0 0.0 0.6842619745845552
39 42 40 0.0 0.0 0.0 0.0 1.0 0.0 0.0 0.6996501749125437
39 42 41 0.0 0.0 0.0 0.0 1.0 0.0 0.0 0.6996501749125437
40 38 39 0.0 0.0 0.0 0.0 6.0 0.0 0.0 0.6979062811565303
40 38 40 0.0 0.0 0.0 0.0 10.0 0.0 0.0 0.6965174129353233
40 38 41 0.0 0.0 0.0 0.0 17.0 0.0 0.0 0.694100148735746
40 38 42 0.0 0.0 0.0 0.0 3.0 0.0 0.0 0.6989515726410384
40 39 38 0.0 0.0 0.0 0.0 2.0 0.0 0.0 0.6993006993006992
40 39 39 0.0 0.0 56.0 0.0 1590.0 10.0 14.0 0.38503850385038496
40 39 40 0.0 0.0 53.0 0.0 1436.0 9.0 8.0 0.40229885057471254
40 39 41 0.0 0.0 106.0 0.0 2557.0 16.0 36.0 0.3012696363245104
40 39 42 0.0 0.0 0.0 0.0 8.0 0.0 0.0 0.697211155378486
40 40 38 0.0 0.0 0.0 0.0 1.0 0.0 0.0 0.6996501749125437
40 40 39 0.0 0.0 6.0 0.0 150.0 1.0 0.0 0.6496519721577725
40 40 40 13.0 3.0 795.0 85.0 11722.0 32.0 5821.0 0.09585758301951386
40 40 41 0.0 0.0 1.0 0.0 123.0 1.0 0.0 0.6594441827602449
40 40 42 0.0 0.0 0.0 0.0 12.0 1.0 0.0 0.6961710591745399
40 41 38 0.0 0.0 0.0 0.0 2.0 0.0 0.0 0.6993006993006992
40 41 39 0.0 0.0 1.0 0.0 56.0 0.0 0.0 0.6806028196402526
40 41 40 0.0 0.0 17.0 4.0 352.0 8.0 1.0 0.5922165820642977
40 41 41 0.0 0.0 20.0 0.0 418.0 2.0 1.0 0.5747126436781609
40 42 41 0.0 0.0 0.0 0.0 1.0 0.0 0.0 0.6996501749125437
41 38 39 0.0 0.0 0.0 0.0 1.0 0.0 0.0 0.6996501749125437
41 38 40 0.0 0.0 0.0 0.0 4.0 0.0 0.0 0.6986027944111775
41 38 41 0.0 0.0 0.0 0.0 6.0 0.0 0.0 0.6979062811565303
41 38 42 0.0 0.0 0.0 0.0 10.0 0.0 0.0 0.6965174129353233
41 39 39 0.0 0.0 0.0 0.0 27.0 0.0 0.0 0.6906758756783422
41 39 40 0.0 0.0 181.0 0.0 3933.0 14.0 154.0 0.22935779816513757
41 39 41 0.0 0.0 349.0 0.0 7143.0 28.0 891.0 0.14789773927741387
41 39 42 0.0 0.0 1.0 0.0 17.0 0.0 0.0 0.6937561942517343
41 40 38 0.0 0.0 0.0 0.0 2.0 0.0 0.0 0.6993006993006992
41 40 39 0.0 0.0 64.0 0.0 1197.0 14.0 9.0 0.4311672312904219
41 40 40 0.0 0.0 0.0 4.0 75.0 0.0 0.0 0.6734006734006733
41 40 41 0.0 0.0 22.0 0.0 551.0 6.0 1.0 0.5453837164004673
41 40 42 0.0 0.0 1.0 0.0 7.0 1.0 0.0 0.6975585450921773
41 41 39 0.0 0.0 5.0 0.0 271.0 1.0 0.0 0.6153846153846153
41 41 40 0.0 0.0 113.0 0.0 2150.0 26.0 27.0 0.3303445021236432
41 41 41 0.0 0.0 0.0 0.0 53.0 0.0 0.0 0.6822612085769979
41 42 40 0.0 0.0 0.0 0.0 2.0 0.0 0.0 0.6993006993006992
42 38 39 0.0 0.0 0.0 0.0 2.0 0.0 0.0 0.6993006993006992
42 38 40 0.0 0.0 0.0 0.0 13.0 0.0 0.0 0.695479384003974
42 38 41 0.0 0.0 0.0 0.0 20.0 0.0 0.0 0.6930693069306929
42 38 42 0.0 0.0 0.0 0.0 2.0 0.0 0.0 0.6993006993006992
42 39 39 0.0 0.0 0.0 0.0 2.0 0.0 0.0 0.6993006993006992
42 39 40 0.0 0.0 0.0 0.0 2.0 0.0 0.0 0.6993006993006992
42 39 41 0.0 0.0 0.0 0.0 13.0 0.0 0.0 0.695479384003974
42 39 42 0.0 0.0 1.0 0.0 3.0 0.0 0.0 0.6986027944111775
42 40 40 0.0 0.0 0.0 0.0 9.0 0.0 0.0 0.6968641114982577
42 40 41 0.0 0.0 0.0 0.0 7.0 0.0 0.0 0.6975585450921773
42 40 42 0.0 0.0 0.0 0.0 5.0 0.0 0.0 0.6982543640897755
