34 41 37 0.0 0.0 0.0 0.0 1.0 0.0 0.0 0.6996501749125437
35 37 39 0.0 0.0 0.0 0.0 3.0 0.0 0.0 0.6989515726410384
35 37 40 0.0 0.0 0.0 0.0 3.0 0.0 0.0 0.6989515726410384
35 37 41 0.0 0.0 0.0 0.0 4.0 0.0 0.0 0.6986027944111775
35 38 38 0.0 0.0 0.0 0.0 3.0 0.0 0.0 0.6989515726410384
35 38 39 0.0 0.0 0.0 0.0 18.0 0.0 0.0 0.6937561942517343
35 38 40 0.0 0.0 21.0 0.0 579.0 7.0 2.0 0.5399151561897415
35 38 41 0.0 0.0 14.0 0.0 101.0 3.0 0.0 0.6628787878787878
35 39 37 0.0 0.0 0.0 0.0 17.0 0.0 0.0 0.694100148735746
35 39 38 0.0 0.0 16.0 0.0 396.0 3.0 0.0 0.58115400581154
35 39 39 0.0 0.0 1.0 0.0 58.0 0.0 0.0 0.6799417192812044
35 39 40 0.0 0.0 0.0 0.0 26.0 0.0 0.0 0.6910167818361302
35 39 41 0.0 0.0 2.0 0.0 3.0 1.0 0.0 0.6986027944111775
35 40 37 0.0 0.0 4.0 0.0 72.0 0.0 0.0 0.6743737957610789
35 40 38 0.0 0.0 41.0 0.0 997.0 12.0 5.0 0.4626569729015201
35 40 39 0.0 0.0 0.0 0.0 66.0 0.0 0.0 0.6776379477250725
35 40 40 0.0 0.0 3.0 0.0 94.0 0.0 0.0 0.6676204101096804
35 40 41 0.0 0.0 0.0 0.0 6.0 0.0 0.0 0.6982543640897755
35 40 42 0.0 0.0 0.0 0.0 2.0 0.0 0.0 0.6993006993006992
35 41 37 0.0 0.0 4.0 0.0 64.0 3.0 0.0 0.6779661016949151
35 41 38 0.0 0.0 4.0 0.0 158.0 0.0 0.0 0.6475485661424606
35 41 39 0.0 0.0 2.0 0.0 81.0 0.0 0.0 0.6721075372059528
35 41 40 0.0 0.0 0.0 0.0 24.0 0.0 0.0 0.6916996047430829
35 41 41 0.0 0.0 0.0 0.0 2.0 0.0 0.0 0.6993006993006992
35 41 42 0.0 0.0 1.0 0.0 2.0 0.0 0.0 0.6989515726410384
35 41 43 0.0 0.0 0.0 0.0 2.0 0.0 0.0 0.6993006993006992
35 41 44 0.0 0.0 0.0 0.0 1.0 0.0 0.0 0.6996501749125437
35 42 36 0.0 0.0 0.0 0.0 1.0 0.0 0.0 0.6996501749125437
35 42 37 0.0 0.0 0.0 0.0 10.0 0.0 0.0 0.6965174129353233
35 42 38 0.0 0.0 0.0 0.0 14.0 0.0 0.0 0.6951340615690167
35 42 39 0.0 0.0 0.0 0.0 18.0 1.0 0.0 0.694100148735746
35 42 41 0.0 0.0 0.0 0.0 6.0 0.0 0.0 0.6979062811565303
35 42 42 0.0 0.0 0.0 0.0 4.0 0.0 0.0 0.6986027944111775
35 42 44 0.0 0.0 0.0 0.0 1.0 0.0 0.0 0.6996501749125437
35 43 38 0.0 0.0 0.0 0.0 1.0 0.0 0.0 0.6996501749125437
35 43 41 0.0 0.0 0.0 0.0 1.0 0.0 0.0 0.6996501749125437
36 35 44 0.0 0.0 0.0 0.0 2.0 0.0 0.0 0.6993006993006992
36 36 38 0.0 0.0 0.0 0.0 10.0 0.0 0.0 0.6965174129353233
36 36 39 0.0 0.0 0.0 0.0 50.0 0.0 0.0 0.6829268292682925
36 36 40 0.0 0.0 0.0 0.0 46.0 0.0 0.0 0.6842619745845552
36 36 41 0.0 0.0 1.0 0.0 28.0 0.0 0.0 0.6899950714637751
36 36 42 0.0 0.0 0.0 0.0 2.0 0.0 0.0 0.6993006993006992
36 37 37 0.0 0.0 0.0 0.0 5.0 0.0 0.0 0.6982543640897755
36 37 38 0.0 0.0 7.0 0.0 130.0 1.0 0.0 0.6554307116104868
36 37 39 0.0 0.0 3.0 0.0 89.0 1.0 0.0 0.669536107125777
36 37 40 0.0 0.0 26.0 0.0 453.0 3.0 0.0 0.5654281098546041
36 37 41 0.0 0.0 1.0 0.0 99.0 1.0 0.0 0.6669842782277274
36 37 42 0.0 0.0 9.0 0.0 190.0 2.0 0.0 0.6372325898953117
36 37 43 0.0 0.0 0.0 0.0 1.0 0.0 0.0 0.6996501749125437
36 37 44 0.0 0.0 0.0 0.0 2.0 0.0 0.0 0.6993006993006992
36 38 36 0.0 0.0 0.0 0.0 5.0 0.0 0.0 0.6982543640897755
36 38 37 0.0 0.0 0.0 0.0 20.0 0.0 0.0 0.6930693069306929
36 38 38 0.0 0.0 1.0 0.0 88.0 0.0 0.0 0.6701771182383915
36 38 39 0.0 0.0 14.0 0.0 246.0 4.0 1.0 0.6205673758865247
36 38 40 0.0 0.0 289.0 0.0 6473.0 21.0 664.0 0.16007317630916987
36 38 41 0.0 0.0 34.0 0.0 953.0 8.0 4.0 0.46995636119503187
36 38 42 0.0 0.0 0.0 0.0 18.0 0.0 0.0 0.6937561942517343
36 38 43 0.0 0.0 0.0 0.0 1.0 0.0 0.0 0.6996501749125437
36 38 44 0.0 0.0 0.0 0.0 3.0 0.0 0.0 0.6989515726410384
36 39 36 0.0 0.0 0.0 0.0 1.0 0.0 0.0 0.6996501749125437
36 39 37 0.0 0.0 14.0 0.0 279.0 3.0 0.0 0.6113537117903929
36 39 38 0.0 0.0 19.0 0.0 565.0 2.0 2.0 0.5422153369481022
36 39 39 0.0 0.0 356.0 0.0 7291.0 19.0 989.0 0.14536392897933753
36 39 40 0.0 0.0 181.0 0.0 4732.0 15.0 269.0 0.20289855072463764
36 39 41 0.0 0.0 0.0 0.0 116.0 0.0 0.0 0.661625708884688
36 39 42 0.0 0.0 0.0 0.0 55.0 1.0 0.0 0.6815968841285296
36 39 43 0.0 0.0 0.0 0.0 7.0 0.0 0.0 0.6975585450921773
36 40 36 0.0 0.0 0.0 0.0 3.0 0.0 0.0 0.6989515726410384
36 40 37 0.0 0.0 13.0 0.0 325.0 1.0 1.0 0.5990586221651689
36 40 38 0.0 0.0 548.0 0.0 9580.0 27.0 2195.0 0.11561648360723427
36 40 39 0.0 0.0 328.0 0.0 7318.0 29.0 993.0 0.1454998960715028
36 40 40 0.0 0.0 35.0 0.0 1282.0 4.0 10.0 0.4225777241171143
36 40 41 0.0 0.0 61.0 0.0 1342.0 7.0 9.0 0.4123711340206185
36 40 42 0.0 0.0 5.0 0.0 146.0 2.0 0.0 0.6517690875232773
36 40 43 0.0 0.0 10.0 0.0 165.0 1.0 0.0 0.6439742410303587
36 41 35 0.0 0.0 0.0 0.0 1.0 0.0 0.0 0.6996501749125437
36 41 36 0.0 0.0 0.0 0.0 3.0 0.0 0.0 0.6989515726410384
36 41 37 0.0 0.0 43.0 0.0 1014.0 7.0 4.0 0.45901639344262285
36 41 38 0.0 0.0 418.0 0.0 8148.0 29.0 1110.0 0.13276434329065906
36 41 39 0.0 0.0 6.0 0.0 423.0 1.0 2.0 0.5770816158285242
36 41 40 0.0 0.0 284.0 0.0 5631.0 26.0 338.0 0.17734988598935897
36 41 41 0.0 0.0 84.0 0.0 2007.0 16.0 27.0 0.34372698256813156
36 41 42 0.0 0.0 82.0 0.0 1947.0 14.0 28.0 0.348605577689243
36 41 43 0.0 0.0 1.0 0.0 6.0 0.0 0.0 0.6979062811565303
36 41 44 0.0 0.0 0.0 0.0 1.0 0.0 0.0 0.6996501749125437
36 42 36 0.0 0.0 0.0 0.0 2.0 0.0 0.0 0.6993006993006992
36 42 37 0.0 0.0 0.0 0.0 19.0 1.0 0.0 0.6937561942517343
36 42 38 0.0 0.0 95.0 0.0 2351.0 9.0 38.0 0.3154574132492113
36 42 39 0.0 0.0 7.0 0.0 313.0 1.0 0.0 0.6037084950409658
36 42 40 0.0 0.0 87.0 0.0 2262.0 10.0 51.0 0.32272936837252186
36 42 41 0.0 0.0 50.0 0.0 938.0 13.0 0.0 0.47074646940147946
36 42 42 0.0 0.0 34.0 0.0 721.0 7.0 0.0 0.509461426491994
36 42 43 0.0 0.0 90.0 0.0 2395.0 14.0 40.0 0.31312905390292994
36 43 37 0.0 0.0 0.0 0.0 5.0 0.0 0.0 0.6982543640897755
36 43 38 0.0 0.0 10.0 0.0 152.0 1.0 0.0 0.6478482184173993
36 43 39 0.0 0.0 10.0 0.0 420.0 1.0 1.0 0.5763688760806915
36 43 40 0.0 0.0 34.0 0.0 556.0 5.0 3.0 0.5417956656346749
36 43 41 0.0 0.0 6.0 0.0 139.0 3.0 0.0 0.6539000467071461
36 43 42 0.0 0.0 4.0 0.0 141.0 3.0 0.0 0.65359477124183
36 43 43 0.0 0.0 1.0 0.0 15.0 0.0 0.0 0.694789081885856
36 44 37 0.0 0.0 0.0 0.0 6.0 0.0 0.0 0.6979062811565303
36 44 38 0.0 0.0 0.0 0.0 8.0 0.0 0.0 0.6975585450921773
36 44 39 0.0 0.0 33.0 0.0 886.0 13.0 4.0 0.48176187198898823
36 44 40 0.0 0.0 0.0 0.0 27.0 0.0 0.0 0.6906758756783422
36 44 41 0.0 0.0 35.0 0.0 928.0 10.0 4.0 0.4739336492890995
36 44 42 0.0 0.0 16.0 0.0 359.0 2.0 0.0 0.5899705014749261
36 45 39 0.0 0.0 0.0 0.0 2.0 0.0 0.0 0.6993006993006992
36 45 40 0.0 0.0 0.0 0.0 1.0 0.0 0.0 0.6996501749125437
36 45 41 0.0 0.0 0.0 0.0 1.0 0.0 0.0 0.6996501749125437
37 35 39 0.0 0.0 0.0 0.0 1.0 0.0 0.0 0.6996501749125437
37 35 41 0.0 0.0 0.0 0.0 2.0 0.0 0.0 0.6993006993006992
37 35 42 0.0 0.0 0.0 0.0 1.0 0.0 0.0 0.6996501749125437
37 35 43 0.0 0.0 0.0 0.0 1.0 0.0 0.0 0.6996501749125437
37 36 36 0.0 0.0 0.0 0.0 4.0 0.0 0.0 0.6986027944111775
37 36 37 0.0 0.0 0.0 0.0 7.0 0.0 0.0 0.6975585450921773
37 36 38 0.0 0.0 0.0 0.0 21.0 0.0 0.0 0.6927263730826323
37 36 39 0.0 0.0 0.0 0.0 65.0 0.0 0.0 0.6779661016949151
37 36 40 0.0 0.0 8.0 0.0 340.0 1.0 1.0 0.5965061780997016
37 36 41 0.0 0.0 7.0 0.0 304.0 4.0 1.0 0.6068487212830515
37 36 42 0.0 0.0 1.0 0.0 107.0 1.0 0.0 0.664767331433998
37 36 43 0.0 0.0 81.0 0.0 1791.0 16.0 25.0 0.36307053941908707
37 36 44 0.0 0.0 0.0 0.0 6.0 0.0 0.0 0.6979062811565303
37 37 35 0.0 0.0 0.0 0.0 1.0 0.0 0.0 0.6996501749125437
37 37 36 0.0 0.0 0.0 0.0 1.0 0.0 0.0 0.6996501749125437
37 37 37 0.0 0.0 0.0 0.0 68.0 0.0 0.0 0.6769825918762088
37 37 38 0.0 0.0 7.0 0.0 339.0 1.0 0.0 0.5970149253731343
37 37 39 0.0 0.0 332.0 0.0 6809.0 17.0 716.0 0.15337423312883433
37 37 40 0.0 0.0 643.0 0.0 10836.0 29.0 3622.0 0.10399643440796313
37 37 41 0.0 0.0 284.0 0.0 5845.0 25.0 429.0 0.17266896891958558
37 37 42 0.0 0.0 53.0 0.0 1155.0 4.0 5.0 0.43695380774032455
37 37 43 0.0 0.0 41.0 0.0 1124.0 5.0 6.0 0.4430379746835443
37 37 44 0.0 0.0 0.0 0.0 1.0 0.0 0.0 0.6996501749125437
37 38 36 0.0 0.0 0.0 0.0 14.0 0.0 0.0 0.6951340615690167
37 38 37 0.0 0.0 1.0 0.0 259.0 2.0 2.0 0.6200177147918511
37 38 38 0.0 0.0 264.0 0.0 6428.0 16.0 680.0 0.16125316747293247
37 38 39 0.0 0.0 233.0 0.0 5318.0 17.0 358.0 0.18575029852726546
37 38 40 0.0 0.0 153.0 0.0 3717.0 15.0 138.0 0.2388670875277256
37 38 41 0.0 0.0 397.0 0.0 8256.0 33.0 1517.0 0.13176470588235292
37 38 42 0.0 0.0 51.0 0.0 1548.0 9.0 21.0 0.3901895206243032
37 38 43 0.0 0.0 145.0 0.0 2736.0 14.0 38.0 0.28753337440952964
37 38 44 0.0 0.0 70.0 0.0 1554.0 13.0 10.0 0.3877042370534477
37 39 36 0.0 0.0 1.0 0.0 25.0 1.0 0.0 0.6913580246913579
37 39 37 0.0 0.0 233.0 0.0 5010.0 12.0 244.0 0.19355730678833122
37 39 38 0.0 0.0 409.0 0.0 8184.0 28.0 1327.0 0.13246286309016936
37 39 39 0.0 0.0 592.0 0.0 10712.0 18.0 3459.0 0.10528690682108745
37 39 40 0.0 0.0 498.0 0.0 9420.0 25.0 1986.0 0.11760752688172041
37 39 41 0.0 0.0 411.0 0.0 8310.0 12.0 1457.0 0.13063357282821683
37 39 42 0.0 0.0 92.0 0.0 2425.0 13.0 50.0 0.3110419906687402
37 39 43 0.0 0.0 23.0 0.0 649.0 3.0 1.0 0.5245410266017234
37 39 44 0.0 0.0 2.0 0.0 50.0 1.0 0.0 0.68259385665529
37 39 45 0.0 0.0 0.0 0.0 1.0 0.0 0.0 0.6996501749125437
37 40 36 0.0 0.0 14.0 0.0 303.0 4.0 1.0 0.6052745352356247
37 40 37 0.0 0.0 87.0 0.0 1724.0 19.0 13.0 0.3692957003429174
37 40 38 0.0 0.0 243.0 0.0 6251.0 18.0 615.0 0.16507487324607945
37 40 39 0.0 0.0 1085.0 0.0 12785.0 48.0 11370.0 0.08830579033682351
37 40 40 0.0 0.0 657.0 0.0 11202.0 31.0 4633.0 0.10110493247634865
37 40 41 0.0 0.0 554.0 0.0 10305.0 28.0 3275.0 0.10890704006223258
37 40 42 0.0 0.0 258.0 0.0 5459.0 14.0 366.0 0.18170019467878
37 40 43 0.0 0.0 129.0 0.0 2742.0 15.0 61.0 0.28818443804034577
37 40 44 0.0 0.0 0.0 0.0 20.0 0.0 0.0 0.6930693069306929
37 40 45 0.0 0.0 0.0 0.0 1.0 0.0 0.0 0.6996501749125437
37 41 35 0.0 0.0 0.0 0.0 1.0 0.0 0.0 0.6996501749125437
37 41 36 0.0 0.0 95.0 0.0 1999.0 13.0 21.0 0.3429691327780499
37 41 37 0.0 0.0 133.0 0.0 2961.0 15.0 67.0 0.27553631174965554
37 41 38 0.0 0.0 175.0 0.0 4675.0 12.0 269.0 0.2046185325928091
37 41 39 0.0 0.0 564.0 0.0 10298.0 20.0 3228.0 0.10891551268087753
37 41 40 0.0 0.0 566.0 0.0 9829.0 32.0 2251.0 0.11307648816735319
37 41 41 0.0 0.0 398.0 0.0 8617.0 29.0 1622.0 0.12733060482037287
37 41 42 0.0 0.0 122.0 0.0 3346.0 20.0 115.0 0.2568807339449541
37 41 43 0.0 0.0 37.0 0.0 1176.0 10.0 8.0 0.43709022791133306
37 41 44 0.0 0.0 0.0 0.0 5.0 0.0 0.0 0.6986027944111775
37 42 35 0.0 0.0 1.0 0.0 21.0 1.0 0.0 0.6927263730826323
37 42 36 0.0 0.0 0.0 0.0 10.0 0.0 0.0 0.6965174129353233
37 42 37 0.0 0.0 40.0 0.0 876.0 7.0 3.0 0.4814305364511691
37 42 38 0.0 0.0 82.0 0.0 2630.0 13.0 71.0 0.2978089768134439
37 42 39 0.0 0.0 536.0 0.0 9894.0 28.0 2725.0 0.11277589817947477
37 42 40 0.0 0.0 825.0 0.0 12083.0 31.0 6815.0 0.09389671361502346
37 42 41 0.0 0.0 395.0 0.0 8748.0 34.0 1783.0 0.1259445843828715
37 42 42 0.0 0.0 518.0 0.0 9527.0 40.0 2211.0 0.11647254575707154
37 42 43 0.0 0.0 22.0 0.0 576.0 8.0 2.0 0.5405405405405405
37 42 44 0.0 0.0 0.0 0.0 5.0 0.0 0.0 0.6982543640897755
37 43 35 0.0 0.0 0.0 0.0 2.0 0.0 0.0 0.6993006993006992
37 43 36 0.0 0.0 0.0 0.0 4.0 0.0 0.0 0.6986027944111775
37 43 37 0.0 0.0 26.0 0.0 497.0 14.0 0.0 0.5582137161084528
37 43 38 0.0 0.0 302.0 0.0 6920.0 20.0 828.0 0.15209125475285168
37 43 39 0.0 0.0 416.0 0.0 8799.0 18.0 1869.0 0.12487735260012486
37 43 40 0.0 0.0 386.0 0.0 8110.0 23.0 1322.0 0.13354955642468758
37 43 41 0.0 0.0 226.0 0.0 5710.0 19.0 467.0 0.17670074466742394
37 43 42 0.0 0.0 55.0 0.0 1453.0 4.0 9.0 0.39965743648301444
37 43 43 0.0 0.0 46.0 0.0 1088.0 6.0 8.0 0.44757033248081834
37 43 44 0.0 0.0 0.0 0.0 1.0 0.0 0.0 0.6996501749125437
37 44 37 0.0 0.0 0.0 0.0 16.0 0.0 0.0 0.6944444444444444
37 44 38 0.0 0.0 2.0 0.0 65.0 2.0 0.0 0.6779661016949151
37 44 39 0.0 0.0 26.0 0.0 824.0 8.0 9.0 0.4926108374384236
37 44 40 0.0 0.0 26.0 0.0 789.0 4.0 4.0 0.49804340092493765
37 44 41 0.0 0.0 130.0 0.0 2867.0 15.0 60.0 0.280955247842665
37 44 42 0.0 0.0 37.0 0.0 746.0 8.0 0.0 0.5045045045045045
37 44 43 0.0 0.0 0.0 0.0 4.0 0.0 0.0 0.6986027944111775
37 44 44 0.0 0.0 0.0 0.0 1.0 0.0 0.0 0.6996501749125437
37 45 39 0.0 0.0 0.0 0.0 4.0 0.0 0.0 0.6986027944111775
37 45 40 0.0 0.0 0.0 0.0 5.0 0.0 0.0 0.6982543640897755
37 45 41 0.0 0.0 0.0 0.0 2.0 0.0 0.0 0.6993006993006992
37 45 42 0.0 0.0 0.0 0.0 1.0 0.0 0.0 0.6996501749125437
37 46 40 0.0 0.0 0.0 0.0 1.0 0.0 0.0 0.6996501749125437
38 35 37 0.0 0.0 0.0 0.0 1.0 0.0 0.0 0.6996501749125437
38 35 39 0.0 0.0 0.0 0.0 7.0 0.0 0.0 0.6975585450921773
38 35 40 0.0 0.0 0.0 0.0 9.0 0.0 0.0 0.6968641114982577
38 35 41 0.0 0.0 0.0 0.0 17.0 1.0 0.0 0.694789081885856
38 35 42 0.0 0.0 0.0 0.0 6.0 0.0 0.0 0.6979062811565303
38 36 36 0.0 0.0 0.0 0.0 17.0 0.0 0.0 0.694100148735746
38 36 37 0.0 0.0 63.0 0.0 1163.0 14.0 4.0 0.43586550435865495
38 36 38 0.0 0.0 19.0 0.0 549.0 7.0 1.0 0.5466614603670441
38 36 39 0.0 0.0 17.0 0.0 496.0 3.0 1.0 0.5577689243027888
38 36 40 0.0 0.0 126.0 0.0 3063.0 15.0 73.0 0.27047913446676963
38 36 41 0.0 0.0 91.0 0.0 2300.0 8.0 52.0 0.31934306569343063
38 36 42 0.0 0.0 6.0 0.0 355.0 5.0 3.0 0.5942275042444821
38 36 43 0.0 0.0 14.0 0.0 335.0 2.0 0.0 0.5965061780997016
38 36 44 0.0 0.0 0.0 0.0 14.0 0.0 0.0 0.6951340615690167
38 37 35 0.0 0.0 0.0 0.0 4.0 0.0 0.0 0.6986027944111775
38 37 36 0.0 0.0 86.0 0.0 1950.0 8.0 22.0 0.34756703078450835
38 37 37 0.0 0.0 11.0 0.0 510.0 3.0 2.0 0.5564387917329093
38 37 38 0.0 0.0 357.0 0.0 7292.0 25.0 802.0 0.14545454545454542
38 37 39 0.0 0.0 218.0 0.0 4972.0 20.0 282.0 0.19523079068470223
38 37 40 0.0 0.0 588.0 0.0 10505.0 19.0 3357.0 0.10700091715071842
38 37 41 0.0 0.0 342.0 0.0 7301.0 21.0 956.0 0.14537902388369675
38 37 42 0.0 0.0 547.0 0.0 9926.0 24.0 2936.0 0.11227845055738231
38 37 43 0.0 0.0 368.0 0.0 7542.0 18.0 1038.0 0.1414998989286436
38 37 44 0.0 0.0 27.0 0.0 582.0 8.0 1.0 0.5382545174932718
38 37 45 0.0 0.0 0.0 0.0 26.0 0.0 0.0 0.6910167818361302
38 38 35 0.0 0.0 1.0 0.0 9.0 1.0 0.0 0.6968641114982577
38 38 36 0.0 0.0 46.0 0.0 1140.0 2.0 9.0 0.43969849246231146
38 38 37 0.0 0.0 102.0 0.0 3013.0 14.0 95.0 0.2744021952175617
38 38 38 0.0 0.0 697.0 0.0 11489.0 25.0 5952.0 0.09868189187284132
38 38 39 0.0 0.0 858.0 0.0 12243.0 28.0 7675.0 0.09272751357795733
38 38 40 0.0 0.0 1251.0 0.0 12957.0 37.0 15073.0 0.08637709772951628
38 38 41 0.0 0.0 1119.0 0.0 12945.0 46.0 11823.0 0.08723828514456629
38 38 42 0.0 0.0 737.0 0.0 11479.0 27.0 4196.0 0.0985568461809222
38 38 43 0.0 0.0 134.0 0.0 2596.0 14.0 46.0 0.29679881280474874
38 38 44 0.0 0.0 4.0 0.0 185.0 0.0 0.0 0.639853747714808
38 38 45 0.0 0.0 41.0 0.0 640.0 6.0 1.0 0.5233644859813084
38 39 35 0.0 0.0 2.0 0.0 30.0 1.0 0.0 0.6893156080748399
38 39 36 0.0 0.0 16.0 0.0 430.0 3.0 0.0 0.5730659025787964
38 39 37 0.0 0.0 318.0 0.0 6970.0 22.0 728.0 0.15097595168769545
38 39 38 0.0 0.0 1116.0 0.0 12939.0 39.0 12314.0 0.08729812309035354
38 39 39 0.0 0.0 1511.0 0.0 12326.0 39.0 22383.0 0.08842291416661403
38 39 40 0.0 0.0 1608.0 0.0 13112.0 35.0 20855.0 0.08367700675392982
38 39 41 0.0 0.0 1391.0 0.0 12978.0 38.0 18072.0 0.08549618320610686
38 39 42 0.0 0.0 692.0 0.0 11230.0 18.0 4930.0 0.10057471264367816
38 39 43 0.0 0.0 576.0 0.0 10125.0 31.0 2777.0 0.11036657469452107
38 39 44 0.0 0.0 40.0 0.0 841.0 13.0 1.0 0.4881450488145048
38 39 45 0.0 0.0 2.0 0.0 21.0 0.0 0.0 0.6920415224913494
38 40 35 0.0 0.0 0.0 0.0 4.0 0.0 0.0 0.6986027944111775
38 40 36 0.0 0.0 7.0 0.0 244.0 2.0 0.0 0.622498888394842
38 40 37 0.0 0.0 388.0 0.0 7774.0 26.0 968.0 0.13799901429275505
38 40 38 0.0 0.0 1100.0 0.0 12908.0 28.0 12130.0 0.08741804558226662
38 40 39 0.0 0.0 2012.0 0.0 12152.0 44.0 31955.0 0.08657473254591552
38 40 40 0.0 0.0 1818.0 0.0 12619.0 41.0 25976.0 0.08509603695599319
38 40 41 0.0 0.0 1083.0 0.0 12747.0 29.0 11571.0 0.08837268021714428
38 40 42 0.0 0.0 1001.0 0.0 12680.0 27.0 10043.0 0.08929710422247734
38 40 43 0.0 0.0 335.0 0.0 7320.0 14.0 831.0 0.14512283611485433
38 40 44 0.0 0.0 0.0 0.0 84.0 0.0 1.0 0.6717850287907868
38 40 45 0.0 0.0 3.0 0.0 53.0 1.0 0.0 0.6812652068126519
38 41 36 0.0 0.0 1.0 0.0 104.0 1.0 0.0 0.6653992395437262
38 41 37 0.0 0.0 278.0 0.0 6067.0 26.0 508.0 0.16816816816816815
38 41 38 0.0 0.0 849.0 0.0 12114.0 29.0 6668.0 0.0936204360037448
38 41 39 0.0 0.0 1627.0 0.0 12461.0 39.0 23698.0 0.08696732513355694
38 41 40 0.0 0.0 1794.0 0.0 12587.0 39.0 26038.0 0.08538147222052814
38 41 41 0.0 0.0 1182.0 0.0 13030.0 37.0 13332.0 0.08637176877043617
38 41 42 0.0 0.0 707.0 0.0 11100.0 26.0 3647.0 0.10150812064965196
38 41 43 0.0 0.0 108.0 0.0 2289.0 12.0 51.0 0.3190519598906107
38 41 44 0.0 0.0 80.0 0.0 1884.0 12.0 20.0 0.35416139640779154
38 41 45 0.0 0.0 0.0 0.0 2.0 0.0 0.0 0.6993006993006992
38 42 35 0.0 0.0 0.0 0.0 3.0 0.0 0.0 0.6989515726410384
38 42 36 0.0 0.0 87.0 0.0 2204.0 11.0 34.0 0.3271792474877307
38 42 37 0.0 0.0 242.0 0.0 5268.0 21.0 363.0 0.18691588785046725
38 42 38 0.0 0.0 719.0 0.0 11490.0 31.0 5489.0 0.09859154929577464
38 42 39 0.0 0.0 1216.0 0.0 12655.0 37.0 16429.0 0.08821120282275849
38 42 40 0.0 0.0 1167.0 0.0 12771.0 45.0 13563.0 0.08798391151332327
38 42 41 0.0 0.0 1360.0 0.0 12713.0 30.0 18279.0 0.08708092305778439
38 42 42 0.0 0.0 576.0 0.0 9935.0 17.0 2657.0 0.11189258312020459
38 42 43 0.0 0.0 17.0 0.0 460.0 6.0 1.0 0.5665722379603398
38 42 44 0.0 0.0 1.0 0.0 31.0 0.0 0.0 0.6889763779527558
38 43 34 0.0 0.0 0.0 0.0 1.0 0.0 0.0 0.6996501749125437
38 43 35 0.0 0.0 0.0 0.0 1.0 0.0 0.0 0.6996501749125437
38 43 36 0.0 0.0 6.0 0.0 123.0 3.0 0.0 0.6585136406396989
38 43 37 0.0 0.0 111.0 0.0 3073.0 19.0 84.0 0.27100271002710025
38 43 38 0.0 0.0 373.0 0.0 8118.0 19.0 1110.0 0.1336005344021376
38 43 39 0.0 0.0 404.0 0.0 8048.0 16.0 1152.0 0.13413816230717637
38 43 40 0.0 0.0 608.0 0.0 10729.0 25.0 3957.0 0.10507355148604021
38 43 41 0.0 0.0 508.0 0.0 9832.0 21.0 2487.0 0.11358104819081616
38 43 42 0.0 0.0 337.0 0.0 6743.0 23.0 637.0 0.15449128227764286
38 43 43 0.0 0.0 15.0 0.0 472.0 5.0 3.0 0.56406124093473
38 43 44 0.0 0.0 0.0 0.0 2.0 0.0 0.0 0.6993006993006992
38 44 34 0.0 0.0 0.0 0.0 1.0 0.0 0.0 0.6996501749125437
38 44 37 0.0 0.0 0.0 0.0 24.0 0.0 0.0 0.6916996047430829
38 44 38 0.0 0.0 29.0 0.0 615.0 6.0 1.0 0.5307050796057619
38 44 39 0.0 0.0 106.0 0.0 2266.0 22.0 40.0 0.3219130834674637
38 44 40 0.0 0.0 177.0 0.0 4189.0 16.0 175.0 0.22047244094488186
38 44 41 0.0 0.0 286.0 0.0 5849.0 25.0 436.0 0.1724775163237649
38 44 42 0.0 0.0 4.0 0.0 188.0 1.0 0.0 0.6389776357827475
38 44 43 0.0 0.0 2.0 0.0 64.0 1.0 0.0 0.6779661016949151
38 45 38 0.0 0.0 0.0 0.0 3.0 0.0 0.0 0.6989515726410384
38 45 39 0.0 0.0 6.0 0.0 124.0 2.0 0.0 0.6578947368421051
38 45 40 0.0 0.0 68.0 0.0 1402.0 14.0 9.0 0.4050925925925925
38 45 41 0.0 0.0 139.0 0.0 2802.0 12.0 49.0 0.2840332724690606
38 45 42 0.0 0.0 1.0 0.0 20.0 0.0 0.0 0.6927263730826323
38 45 43 0.0 0.0 0.0 0.0 8.0 0.0 0.0 0.697211155378486
38 46 41 0.0 0.0 0.0 0.0 1.0 0.0 0.0 0.6996501749125437
38 46 42 0.0 0.0 0.0 0.0 2.0 0.0 0.0 0.6993006993006992
39 35 37 0.0 0.0 0.0 0.0 6.0 0.0 0.0 0.6979062811565303
39 35 38 0.0 0.0 0.0 0.0 10.0 0.0 0.0 0.6965174129353233
39 35 39 0.0 0.0 19.0 0.0 232.0 4.0 0.0 0.6230529595015576
39 35 40 0.0 0.0 1.0 0.0 15.0 1.0 0.0 0.694789081885856
39 35 41 0.0 0.0 27.0 0.0 479.0 6.0 1.0 0.5599999999999999
39 35 42 0.0 0.0 9.0 0.0 265.0 2.0 0.0 0.6161971830985915
39 35 43 0.0 0.0 2.0 0.0 25.0 0.0 0.0 0.6906758756783422
39 36 35 0.0 0.0 0.0 0.0 1.0 0.0 0.0 0.6996501749125437
39 36 36 0.0 0.0 20.0 0.0 652.0 6.0 3.0 0.5251312828207051
39 36 37 0.0 0.0 48.0 0.0 773.0 13.0 3.0 0.49857549857549843
39 36 38 0.0 0.0 220.0 0.0 4315.0 22.0 170.0 0.21482277121374863
39 36 39 0.0 0.0 12.0 0.0 376.0 3.0 0.0 0.5870020964360586
39 36 40 0.0 0.0 138.0 0.0 3190.0 21.0 82.0 0.263653483992467
39 36 41 0.0 0.0 304.0 0.0 6533.0 23.0 660.0 0.15869417365676713
39 36 42 0.0 0.0 116.0 0.0 2895.0 12.0 53.0 0.27999999999999997
39 36 43 0.0 0.0 17.0 0.0 560.0 6.0 3.0 0.5445352003111629
39 36 44 0.0 0.0 0.0 0.0 14.0 0.0 0.0 0.6951340615690167
39 36 45 0.0 0.0 0.0 0.0 4.0 0.0 0.0 0.6986027944111775
39 37 35 0.0 0.0 0.0 0.0 4.0 0.0 0.0 0.6986027944111775
39 37 36 0.0 0.0 13.0 0.0 546.0 4.0 1.0 0.547945205479452
39 37 37 0.0 0.0 594.0 0.0 10182.0 26.0 2594.0 0.10964053567233142
39 37 38 0.0 0.0 428.0 0.0 8929.0 22.0 1741.0 0.1234241382350348
39 37 39 0.0 0.0 463.0 0.0 8293.0 32.0 1144.0 0.13051179267269505
39 37 40 0.0 0.0 782.0 0.0 11781.0 23.0 5823.0 0.09621993127147765
39 37 41 0.0 0.0 1128.0 0.0 13034.0 37.0 12372.0 0.08670878236095626
39 37 42 0.0 0.0 861.0 0.0 12326.0 28.0 6765.0 0.09225700164744645
39 37 43 0.0 0.0 235.0 0.0 5113.0 18.0 333.0 0.19089173711480772
39 37 44 0.0 0.0 4.0 0.0 122.0 1.0 0.0 0.6588235294117646
39 37 45 0.0 0.0 0.0 0.0 10.0 0.0 0.0 0.6965174129353233
39 38 35 0.0 0.0 1.0 0.0 64.0 0.0 0.0 0.6779661016949151
39 38 36 0.0 0.0 125.0 0.0 3085.0 18.0 69.0 0.2696456086286594
39 38 37 0.0 0.0 742.0 0.0 11600.0 26.0 7105.0 0.09759498082955732
39 38 38 0.0 0.0 887.0 0.0 12247.0 39.0 7174.0 0.09261709446943635
39 38 39 0.0 0.0 1202.0 0.0 12977.0 36.0 13651.0 0.08656402646385951
39 38 40 0.0 0.0 1955.0 0.0 12348.0 41.0 30842.0 0.08584743684081432
39 38 41 0.0 0.0 1736.0 0.0 12797.0 49.0 24743.0 0.08474063313358754
39 38 42 0.0 0.0 802.0 0.0 12006.0 34.0 6939.0 0.09460737937559129
39 38 43 0.0 0.0 264.0 0.0 5785.0 20.0 382.0 0.17434620174346202
39 38 44 0.0 0.0 450.0 0.0 8804.0 27.0 1564.0 0.12464387464387464
39 38 45 0.0 0.0 0.0 0.0 16.0 0.0 0.0 0.6944444444444444
39 39 35 0.0 0.0 0.0 0.0 36.0 0.0 0.0 0.6876227897838899
39 39 36 0.0 0.0 340.0 0.0 6826.0 30.0 714.0 0.1531728665207877
39 39 37 0.0 0.0 817.0 0.0 12104.0 22.0 5951.0 0.0938149165717349
39 39 38 0.0 0.0 1299.0 0.0 12968.0 25.0 15245.0 0.08603207767467584
39 39 39 0.0 0.0 2278.0 2.0 11841.0 54.0 37354.0 0.08688097306689835
39 39 40 0.0 0.0 3038.0 0.0 9907.0 72.0 61502.0 0.09367054730362638
39 39 41 0.0 0.0 2576.0 0.0 10966.0 72.0 47452.0 0.09013068949977465
39 39 42 0.0 0.0 1045.0 0.0 13114.0 41.0 9287.0 0.08674101610904583
39 39 43 0.0 0.0 476.0 0.0 8995.0 35.0 1576.0 0.12232415902140671
39 39 44 0.0 0.0 31.0 0.0 662.0 6.0 3.0 0.5210271678451804
39 39 45 0.0 0.0 0.0 0.0 18.0 0.0 0.0 0.6937561942517343
39 40 35 0.0 0.0 0.0 0.0 31.0 0.0 0.0 0.6893156080748399
39 40 36 0.0 0.0 84.0 0.0 2037.0 11.0 31.0 0.34063260340632595
39 40 37 0.0 0.0 441.0 0.0 9419.0 25.0 2192.0 0.11825323084719992
39 40 38 0.0 0.0 1577.0 0.0 12635.0 51.0 22260.0 0.08641975308641973
39 40 39 2.0 0.0 3095.0 0.0 9339.0 62.0 67040.0 0.0969797727902466
39 40 40 1.0 0.0 2790.0 1.0 11079.0 77.0 49872.0 0.08823900163872431
39 40 41 1.0 1.0 1972.0 1.0 12422.0 48.0 30592.0 0.08536585365853656
39 40 42 0.0 0.0 1224.0 0.0 12956.0 37.0 13917.0 0.08651053574738922
39 40 43 0.0 0.0 227.0 0.0 5185.0 18.0 328.0 0.18926591861565498
39 40 44 0.0 0.0 134.0 0.0 3331.0 21.0 96.0 0.25711662075298436
39 40 45 0.0 0.0 0.0 0.0 1.0 0.0 0.0 0.6996501749125437
39 41 35 0.0 0.0 2.0 0.0 53.0 0.0 0.0 0.6812652068126519
39 41 36 0.0 0.0 100.0 0.0 2110.0 11.0 26.0 0.333412717313646
39 41 37 0.0 0.0 507.0 0.0 9534.0 19.0 2354.0 0.116337045039056
39 41 38 0.0 0.0 1294.0 0.0 13073.0 40.0 14423.0 0.08550662676357416
39 41 39 0.0 1.0 2483.0 0.0 11657.0 70.0 40624.0 0.08672489623985627
39 41 40 0.0 0.0 2724.0 0.0 10727.0 70.0 50092.0 0.09068532193289285
39 41 41 0.0 0.0 2306.0 0.0 11510.0 54.0 41047.0 0.08847879668836503
39 41 42 0.0 0.0 916.0 0.0 12484.0 43.0 8154.0 0.09103914683313824
39 41 43 0.0 0.0 695.0 0.0 11381.0 26.0 4744.0 0.09953785993601136
39 41 44 0.0 0.0 34.0 0.0 721.0 5.0 5.0 0.5092761004001454
39 41 45 0.0 0.0 0.0 0.0 8.0 0.0 0.0 0.697211155378486
39 42 35 0.0 0.0 2.0 0.0 54.0 1.0 0.0 0.6812652068126519
39 42 36 0.0 0.0 86.0 0.0 2415.0 11.0 55.0 0.31173458027165435
39 42 37 0.0 0.0 467.0 0.0 8722.0 29.0 1587.0 0.12538061973849182
39 42 38 0.0 0.0 973.0 0.0 12586.0 37.0 8908.0 0.09006111289803795
39 42 39 0.0 0.0 1015.0 0.0 12658.0 28.0 10491.0 0.08931419457735246
39 42 40 0.0 0.0 1511.0 0.0 12836.0 43.0 20042.0 0.08563214875527554
39 42 41 0.0 0.0 1097.0 0.0 12715.0 28.0 11421.0 0.08850116947973954
39 42 42 0.0 0.0 483.0 0.0 9779.0 30.0 2866.0 0.11431370947987261
39 42 43 0.0 0.0 117.0 0.0 2472.0 16.0 40.0 0.3062117235345581
39 42 44 0.0 0.0 19.0 0.0 436.0 4.0 0.0 0.5711954304365564
39 42 45 0.0 0.0 0.0 0.0 4.0 0.0 0.0 0.6986027944111775
39 43 35 0.0 0.0 107.0 0.0 2126.0 17.0 29.0 0.3320683111954459
39 43 36 0.0 0.0 3.0 0.0 72.0 2.0 0.0 0.6753497346840327
39 43 37 0.0 0.0 136.0 0.0 3309.0 20.0 89.0 0.25787437833855215
39 43 38 0.0 0.0 342.0 0.0 6837.0 22.0 684.0 0.15272171921021052
39 43 39 0.0 0.0 621.0 0.0 10914.0 24.0 3887.0 0.10349671028313742
39 43 40 0.0 0.0 1005.0 0.0 12682.0 33.0 11047.0 0.08925725215173731
39 43 41 0.0 0.0 387.0 0.0 8186.0 18.0 1412.0 0.1325506532853626
39 43 42 0.0 0.0 590.0 0.0 10666.0 28.0 3641.0 0.10568430588057673
39 43 43 0.0 0.0 14.0 0.0 376.0 5.0 0.0 0.587248322147651
39 43 44 0.0 0.0 0.0 0.0 9.0 0.0 0.0 0.6968641114982577
39 43 45 0.0 0.0 0.0 0.0 4.0 0.0 0.0 0.6986027944111775
39 44 34 0.0 0.0 0.0 0.0 1.0 0.0 0.0 0.6996501749125437
39 44 36 0.0 0.0 0.0 0.0 5.0 0.0 0.0 0.6982543640897755
39 44 37 0.0 0.0 0.0 0.0 18.0 0.0 0.0 0.6937561942517343
39 44 38 0.0 0.0 8.0 0.0 245.0 0.0 1.0 0.6213936972924988
39 44 39 0.0 0.0 376.0 0.0 7427.0 28.0 940.0 0.14313464880891524
39 44 40 0.0 0.0 393.0 0.0 7532.0 21.0 875.0 0.14122868959951576
39 44 41 0.0 0.0 543.0 0.0 9819.0 30.0 2770.0 0.11340623734305386
39 44 42 0.0 0.0 273.0 0.0 6176.0 20.0 630.0 0.16603415559772294
39 44 43 0.0 0.0 10.0 0.0 201.0 3.0 0.0 0.6343452650657
39 44 44 0.0 0.0 0.0 0.0 1.0 0.0 0.0 0.6996501749125437
39 45 38 0.0 0.0 0.0 0.0 6.0 0.0 0.0 0.6979062811565303
39 45 39 0.0 0.0 2.0 0.0 82.0 2.0 0.0 0.6724303554274734
39 45 40 0.0 0.0 1.0 0.0 70.0 0.0 0.0 0.6760019314340897
39 45 41 0.0 0.0 12.0 0.0 290.0 5.0 0.0 0.6094906399651718
39 45 42 0.0 0.0 27.0 0.0 657.0 5.0 1.0 0.522583053378126
39 45 43 0.0 0.0 0.0 0.0 8.0 1.0 0.0 0.6975585450921773
39 46 41 0.0 0.0 0.0 0.0 1.0 0.0 0.0 0.6996501749125437
40 34 37 0.0 0.0 0.0 0.0 1.0 0.0 0.0 0.6996501749125437
40 34 39 0.0 0.0 0.0 0.0 4.0 0.0 0.0 0.6986027944111775
40 35 37 0.0 0.0 0.0 0.0 1.0 0.0 0.0 0.6996501749125437
40 35 38 0.0 0.0 2.0 0.0 50.0 1.0 0.0 0.68259385665529
40 35 39 0.0 0.0 10.0 0.0 196.0 3.0 0.0 0.6354970494779845
40 35 40 0.0 0.0 30.0 0.0 825.0 8.0 5.0 0.4917456972251492
40 35 41 0.0 0.0 1.0 0.0 64.0 0.0 0.0 0.6779661016949151
40 35 42 0.0 0.0 0.0 0.0 26.0 0.0 0.0 0.6910167818361302
40 35 43 0.0 0.0 0.0 0.0 3.0 0.0 0.0 0.6989515726410384
40 36 36 0.0 0.0 0.0 0.0 21.0 0.0 0.0 0.6927263730826323
40 36 37 0.0 0.0 25.0 0.0 565.0 9.0 2.0 0.5424254165052305
40 36 38 0.0 0.0 189.0 0.0 4293.0 19.0 169.0 0.21665119158155363
40 36 39 0.0 0.0 309.0 0.0 6330.0 21.0 473.0 0.16237531895151933
40 36 40 0.0 0.0 152.0 0.0 4100.0 20.0 192.0 0.22464698331193836
40 36 41 0.0 0.0 314.0 0.0 7100.0 24.0 867.0 0.1489995742869306
40 36 42 0.0 0.0 178.0 0.0 4087.0 13.0 157.0 0.22382094324540364
40 36 43 0.0 0.0 104.0 0.0 2187.0 12.0 27.0 0.3271792474877307
40 36 44 0.0 0.0 1.0 0.0 30.0 0.0 0.0 0.6893156080748399
40 37 36 0.0 0.0 122.0 0.0 2774.0 20.0 39.0 0.28712059064807216
40 37 37 0.0 0.0 284.0 0.0 5804.0 21.0 420.0 0.17350353203618787
40 37 38 0.0 0.0 822.0 0.0 12069.0 27.0 6631.0 0.09406073636119322
40 37 39 0.0 0.0 604.0 0.0 10491.0 29.0 3064.0 0.10709095081465615
40 37 40 0.0 0.0 601.0 0.0 10753.0 27.0 3498.0 0.10491606714628296
40 37 41 0.0 0.0 971.0 0.0 12357.0 40.0 10726.0 0.09134803601722562
40 37 42 0.0 0.0 660.0 0.0 11059.0 31.0 3572.0 0.1021524990879241
40 37 43 0.0 0.0 409.0 0.0 7924.0 16.0 1065.0 0.13559322033898305
40 37 44 0.0 0.0 186.0 0.0 4066.0 25.0 136.0 0.2247551773960507
40 37 45 0.0 0.0 0.0 0.0 15.0 0.0 0.0 0.694789081885856
40 38 35 0.0 0.0 0.0 0.0 11.0 0.0 0.0 0.6961710591745399
40 38 36 0.0 0.0 23.0 0.0 747.0 9.0 2.0 0.5076142131979694
40 38 37 0.0 0.0 304.0 0.0 6758.0 23.0 710.0 0.15490152688647932
40 38 38 0.0 0.0 1604.0 0.0 12178.0 59.0 25455.0 0.08879304877275321
40 38 39 0.0 0.0 1129.0 0.0 13132.0 24.0 10256.0 0.08605323006945724
40 38 40 0.0 0.0 1642.0 0.0 12878.0 46.0 22326.0 0.08479195687723336
40 38 41 0.0 0.0 1699.0 0.0 12684.0 43.0 24482.0 0.08547008547008546
40 38 42 0.0 0.0 1748.0 0.0 12641.0 48.0 25482.0 0.08539188777066178
40 38 43 0.0 0.0 647.0 0.0 11096.0 33.0 4724.0 0.10190711894016596
40 38 44 0.0 0.0 23.0 0.0 744.0 5.0 5.0 0.506879073135409
40 38 45 0.0 0.0 1.0 0.0 36.0 1.0 0.0 0.6876227897838899
40 39 35 0.0 0.0 3.0 0.0 90.0 0.0 0.0 0.668896321070234
40 39 36 0.0 0.0 299.0 0.0 6523.0 20.0 577.0 0.15896446008856588
40 39 37 0.0 0.0 638.0 0.0 10755.0 21.0 3664.0 0.1045400238948626
40 39 38 0.0 0.0 1304.0 0.0 13022.0 55.0 15166.0 0.08584217303329449
40 39 39 0.0 0.0 2575.0 0.0 10911.0 81.0 48108.0 0.09041007426541814
40 39 40 0.0 0.0 3096.0 1.0 10882.0 78.0 54889.0 0.08759306763436149
40 39 41 0.0 0.0 3077.0 0.0 10159.0 69.0 58968.0 0.09183338799606428
40 39 42 0.0 0.0 1688.0 0.0 13047.0 40.0 22794.0 0.08363701535336639
40 39 43 0.0 0.0 760.0 0.0 11738.0 23.0 5830.0 0.09658502932045532
40 39 44 0.0 0.0 26.0 0.0 1029.0 12.0 12.0 0.46022353714661396
40 39 45 0.0 0.0 1.0 0.0 65.0 0.0 0.0 0.6776379477250725
40 40 35 0.0 0.0 38.0 0.0 580.0 7.0 0.0 0.5361930294906165
40 40 36 0.0 0.0 462.0 0.0 8743.0 22.0 1645.0 0.12514525788862071
40 40 37 0.0 0.0 961.0 0.0 12265.0 21.0 11465.0 0.09192383453709783
40 40 38 0.0 0.0 1421.0 0.0 12933.0 49.0 18029.0 0.08566882878472645
40 40 39 1.0 0.0 2449.0 0.0 11502.0 61.0 39610.0 0.0878293601003764
40 40 40 8.0 12.0 3483.0 19.0 5993.0 66.0 107141.0 0.12162279558682998
40 40 41 0.0 0.0 2368.0 1.0 12001.0 55.0 36563.0 0.08543357539513027
40 40 42 0.0 0.0 1372.0 0.0 13165.0 39.0 15101.0 0.0846484067960578
40 40 43 0.0 0.0 480.0 0.0 9330.0 25.0 2135.0 0.11865412323078227
40 40 44 0.0 0.0 52.0 0.0 1120.0 12.0 7.0 0.4430379746835443
40 40 45 0.0 0.0 0.0 0.0 21.0 0.0 0.0 0.6927263730826323
40 41 35 0.0 0.0 4.0 0.0 75.0 2.0 0.0 0.6743737957610789
40 41 36 0.0 0.0 218.0 0.0 5149.0 17.0 332.0 0.1904243743199129
40 41 37 0.0 0.0 918.0 0.0 12464.0 33.0 8459.0 0.09106283335501494
40 41 38 0.0 0.0 1728.0 0.0 12738.0 54.0 24575.0 0.08509086488786238
40 41 39 0.0 0.0 2329.0 1.0 12212.0 48.0 35603.0 0.08460748171874055
40 41 40 0.0 5.0 2583.0 16.0 11411.0 61.0 44167.0 0.087379852702534
40 41 41 0.0 0.0 2471.0 1.0 10933.0 43.0 45586.0 0.09080295758204694
40 41 42 0.0 0.0 1081.0 0.0 12942.0 35.0 9974.0 0.0873689465801298
40 41 43 0.0 0.0 656.0 0.0 11032.0 34.0 4750.0 0.10246651540657248
40 41 44 0.0 0.0 5.0 0.0 367.0 3.0 2.0 0.590966652596032
40 41 45 0.0 0.0 0.0 0.0 9.0 0.0 0.0 0.6968641114982577
40 42 35 0.0 0.0 0.0 0.0 28.0 0.0 0.0 0.690335305719921
40 42 36 0.0 0.0 582.0 0.0 9941.0 29.0 2372.0 0.11192836584585865
40 42 37 0.0 0.0 481.0 0.0 9466.0 27.0 2391.0 0.11742011238782184
40 42 38 0.0 0.0 857.0 0.0 12264.0 28.0 7166.0 0.09259871684635226
40 42 39 0.0 0.0 1787.0 0.0 11935.0 45.0 29349.0 0.08901322482197355
40 42 40 0.0 0.0 1189.0 2.0 13185.0 37.0 11989.0 0.0855170728727628
40 42 41 0.0 0.0 1654.0 0.0 12565.0 46.0 23188.0 0.08630255208975464
40 42 42 0.0 0.0 654.0 0.0 10948.0 26.0 3598.0 0.10302450511443077
40 42 43 0.0 0.0 231.0 0.0 5588.0 16.0 411.0 0.17932624567695657
40 42 44 0.0 0.0 203.0 0.0 5033.0 19.0 335.0 0.1938789641323916
40 42 45 0.0 0.0 0.0 0.0 5.0 0.0 0.0 0.6982543640897755
40 43 35 0.0 0.0 1.0 0.0 38.0 0.0 0.0 0.6866110838646394
40 43 36 0.0 0.0 31.0 0.0 992.0 10.0 4.0 0.46465316959840686
40 43 37 0.0 0.0 219.0 0.0 4992.0 16.0 288.0 0.19452549673475056
40 43 38 0.0 0.0 164.0 0.0 4090.0 18.0 193.0 0.2243949350857509
40 43 39 0.0 0.0 702.0 0.0 11473.0 30.0 4383.0 0.09884213499011577
40 43 40 0.0 0.0 914.0 0.0 12382.0 26.0 8606.0 0.09153916568588988
40 43 41 0.0 0.0 635.0 0.0 10397.0 29.0 3088.0 0.10754340144415424
40 43 42 0.0 0.0 314.0 0.0 6935.0 18.0 760.0 0.1515971846237141
40 43 43 0.0 0.0 134.0 0.0 2687.0 20.0 46.0 0.2916059154342845
40 43 44 0.0 0.0 0.0 0.0 13.0 0.0 0.0 0.695479384003974
40 43 45 0.0 0.0 3.0 0.0 116.0 2.0 0.0 0.6613131790269249
40 44 34 0.0 0.0 0.0 0.0 5.0 0.0 0.0 0.6982543640897755
40 44 35 0.0 0.0 0.0 0.0 1.0 0.0 0.0 0.6996501749125437
40 44 36 0.0 0.0 0.0 0.0 16.0 0.0 0.0 0.6944444444444444
40 44 37 0.0 0.0 0.0 0.0 26.0 0.0 0.0 0.6910167818361302
40 44 38 0.0 0.0 16.0 0.0 480.0 5.0 0.0 0.5622489959839357
40 44 39 0.0 0.0 299.0 0.0 6610.0 25.0 661.0 0.1574803149606299
40 44 40 0.0 0.0 258.0 0.0 5916.0 20.0 481.0 0.1716948736816286
40 44 41 0.0 0.0 50.0 0.0 1281.0 8.0 11.0 0.42143287176399746
40 44 42 0.0 0.0 130.0 0.0 3251.0 7.0 85.0 0.2604651162790697
40 44 43 0.0 0.0 10.0 0.0 277.0 7.0 3.0 0.6140350877192982
40 45 37 0.0 0.0 0.0 0.0 2.0 0.0 0.0 0.6993006993006992
40 45 38 0.0 0.0 0.0 0.0 25.0 0.0 0.0 0.6913580246913579
40 45 39 0.0 0.0 0.0 0.0 31.0 0.0 0.0 0.6893156080748399
40 45 40 0.0 0.0 2.0 0.0 65.0 4.0 0.0 0.6786233640329616
40 45 41 0.0 0.0 0.0 0.0 35.0 0.0 0.0 0.6879606879606879
40 45 42 0.0 0.0 0.0 0.0 25.0 0.0 0.0 0.6913580246913579
40 45 43 0.0 0.0 0.0 0.0 4.0 0.0 0.0 0.6986027944111775
41 35 37 0.0 0.0 0.0 0.0 2.0 0.0 0.0 0.6993006993006992
41 35 38 0.0 0.0 107.0 0.0 2328.0 21.0 23.0 0.31724450487196915
41 35 39 0.0 0.0 14.0 0.0 409.0 4.0 1.0 0.5787515502273666
41 35 40 0.0 0.0 16.0 0.0 551.0 7.0 1.0 0.5468749999999999
41 35 41 0.0 0.0 0.0 0.0 24.0 0.0 0.0 0.6916996047430829
41 35 42 0.0 0.0 0.0 0.0 19.0 0.0 0.0 0.6934125804853887
41 35 43 0.0 0.0 0.0 0.0 2.0 0.0 0.0 0.6993006993006992
41 35 44 0.0 0.0 0.0 0.0 1.0 0.0 0.0 0.6996501749125437
41 36 36 0.0 0.0 0.0 0.0 8.0 0.0 0.0 0.697211155378486
41 36 37 0.0 0.0 0.0 0.0 86.0 0.0 0.0 0.6711409395973154
41 36 38 0.0 0.0 70.0 0.0 1467.0 11.0 6.0 0.3971631205673758
41 36 39 0.0 0.0 631.0 0.0 10714.0 27.0 3931.0 0.10495539395756802
41 36 40 0.0 0.0 254.0 0.0 5965.0 18.0 463.0 0.17060687301974164
41 36 41 0.0 0.0 119.0 0.0 2586.0 12.0 43.0 0.29831664180694645
41 36 42 0.0 0.0 48.0 0.0 1223.0 6.0 9.0 0.4289215686274509
41 36 43 0.0 0.0 118.0 0.0 3357.0 16.0 115.0 0.2565042139978013
41 36 44 0.0 0.0 2.0 0.0 78.0 0.0 0.0 0.6734006734006733
41 36 45 0.0 0.0 0.0 0.0 1.0 0.0 0.0 0.6996501749125437
41 37 35 0.0 0.0 0.0 0.0 3.0 0.0 0.0 0.6989515726410384
41 37 36 0.0 0.0 3.0 0.0 98.0 3.0 0.0 0.6673021925643469
41 37 37 0.0 0.0 245.0 0.0 5461.0 24.0 316.0 0.18207829366627645
41 37 38 0.0 0.0 224.0 0.0 5972.0 23.0 530.0 0.17114914425427868
41 37 39 1.0 0.0 859.0 0.0 12201.0 39.0 7627.0 0.0930789176251579
41 37 40 0.0 0.0 691.0 0.0 11309.0 22.0 4604.0 0.10005002501250625
41 37 41 0.0 0.0 731.0 0.0 11617.0 25.0 5453.0 0.09760178471834911
41 37 42 0.0 0.0 858.0 0.0 12304.0 21.0 6906.0 0.09236046971896027
41 37 43 0.0 0.0 657.0 0.0 10547.0 39.0 3447.0 0.10622154779969649
41 37 44 0.0 0.0 15.0 0.0 441.0 7.0 1.0 0.5716619028174764
41 37 45 0.0 0.0 1.0 0.0 20.0 0.0 0.0 0.6927263730826323
41 38 35 0.0 0.0 4.0 0.0 75.0 0.0 0.0 0.6737247353224253
41 38 36 0.0 0.0 22.0 0.0 600.0 9.0 0.0 0.5355776587605202
41 38 37 0.0 0.0 574.0 0.0 10120.0 24.0 2642.0 0.11042751222590312
41 38 38 0.0 0.0 817.0 0.0 12160.0 30.0 6756.0 0.09348914858096827
41 38 39 0.0 0.0 1381.0 0.0 12888.0 31.0 17901.0 0.08598452278589852
41 38 40 0.0 0.0 1900.0 0.0 12515.0 46.0 27775.0 0.08528265107212475
41 38 41 0.0 0.0 1748.0 0.0 12538.0 42.0 26070.0 0.08594229588704726
41 38 42 0.0 0.0 1747.0 0.0 11847.0 47.0 28799.0 0.08977236293683871
41 38 43 0.0 0.0 762.0 0.0 11743.0 35.0 5509.0 0.09665170866413529
41 38 44 0.0 0.0 242.0 0.0 6034.0 19.0 559.0 0.16955310645512894
41 38 45 0.0 0.0 3.0 0.0 58.0 2.0 0.0 0.6799417192812044
41 39 35 0.0 0.0 0.0 0.0 48.0 0.0 0.0 0.6835937499999999
41 39 36 0.0 0.0 380.0 0.0 7296.0 20.0 855.0 0.1449125349342718
41 39 37 0.0 0.0 378.0 0.0 7809.0 27.0 1053.0 0.1377546000196792
41 39 38 0.0 0.0 1246.0 0.0 13105.0 43.0 14587.0 0.08569504805043765
41 39 39 0.0 0.0 2185.0 1.0 12271.0 59.0 33727.0 0.08512190673071075
41 39 40 1.0 0.0 3259.0 0.0 9613.0 89.0 65295.0 0.0942951438000943
41 39 41 0.0 0.0 3327.0 0.0 8039.0 60.0 79841.0 0.10474337872213077
41 39 42 0.0 0.0 1916.0 0.0 12446.0 52.0 28375.0 0.08562167451532016
41 39 43 0.0 0.0 716.0 0.0 11566.0 21.0 5400.0 0.0980666853460353
41 39 44 0.0 0.0 241.0 0.0 5907.0 16.0 478.0 0.17209588199139517
41 39 45 0.0 0.0 0.0 0.0 32.0 0.0 0.0 0.6889763779527558
41 40 35 0.0 0.0 11.0 0.0 243.0 2.0 0.0 0.6216696269982237
41 40 36 0.0 0.0 522.0 0.0 9959.0 23.0 2921.0 0.11225144323284154
41 40 37 0.0 0.0 579.0 0.0 10519.0 22.0 3371.0 0.10698456365581537
41 40 38 0.0 0.0 1547.0 0.0 12784.0 40.0 21106.0 0.08571078731480347
41 40 39 0.0 0.0 2811.0 1.0 10394.0 70.0 53634.0 0.09214163485586414
41 40 40 0.0 0.0 2166.0 2.0 13194.0 62.0 28565.0 0.08068699210420148
41 40 41 0.0 0.0 2637.0 0.0 11060.0 63.0 47498.0 0.08924018357980622
41 40 42 0.0 0.0 2131.0 0.0 11841.0 50.0 35367.0 0.08760402978537012
41 40 43 0.0 0.0 1013.0 0.0 12567.0 34.0 11492.0 0.0898472596585804
41 40 44 0.0 0.0 466.0 0.0 8729.0 24.0 1581.0 0.12523481527864744
41 40 45 0.0 0.0 1.0 0.0 59.0 1.0 0.0 0.6799417192812044
41 41 35 0.0 0.0 8.0 0.0 159.0 2.0 0.0 0.6466512702078521
41 41 36 0.0 0.0 130.0 0.0 3103.0 24.0 98.0 0.26871401151631474
41 41 37 0.0 0.0 864.0 0.0 12235.0 27.0 8033.0 0.092758232293116
41 41 38 0.0 0.0 1181.0 0.0 12843.0 45.0 14377.0 0.08740712992445525
41 41 39 0.0 0.0 2360.0 1.0 11640.0 59.0 40001.0 0.0875109388673584
41 41 40 0.0 0.0 2889.0 1.0 9821.0 61.0 58642.0 0.09518629317378297
41 41 41 0.0 5.0 1849.0 18.0 13279.0 50.0 24469.0 0.0816755148474418
41 41 42 0.0 0.0 960.0 0.0 12526.0 36.0 8497.0 0.09048019130097587
41 41 43 0.0 0.0 629.0 0.0 10720.0 27.0 3523.0 0.10500262506562663
41 41 44 0.0 0.0 182.0 0.0 4450.0 10.0 214.0 0.21135265700483086
41 41 45 0.0 0.0 0.0 0.0 24.0 0.0 0.0 0.6916996047430829
41 42 35 0.0 0.0 0.0 0.0 28.0 0.0 0.0 0.690335305719921
41 42 36 0.0 0.0 346.0 0.0 7649.0 23.0 1068.0 0.14028056112224446
41 42 37 0.0 0.0 554.0 0.0 9668.0 28.0 2224.0 0.11474469305794606
41 42 38 0.0 0.0 607.0 0.0 10677.0 26.0 3455.0 0.10550908131735623
41 42 39 0.0 0.0 910.0 0.0 12344.0 35.0 7361.0 0.09182736455463728
41 42 40 0.0 0.0 1114.0 0.0 12822.0 29.0 12390.0 0.08787897809302617
41 42 41 0.0 0.0 1126.0 0.0 12936.0 45.0 12204.0 0.08727635434199861
41 42 42 0.0 0.0 514.0 0.0 9498.0 26.0 2397.0 0.11664722546242293
41 42 43 0.0 0.0 243.0 0.0 5527.0 22.0 405.0 0.18062185524448454
41 42 44 0.0 0.0 40.0 0.0 904.0 12.0 0.0 0.4774897680763983
41 42 45 0.0 0.0 5.0 0.0 144.0 3.0 0.0 0.6523765144454798
41 43 35 0.0 0.0 5.0 0.0 124.0 2.0 0.0 0.6582040432534085
41 43 36 0.0 0.0 0.0 0.0 76.0 0.0 0.0 0.6743737957610789
41 43 37 0.0 0.0 139.0 0.0 2925.0 10.0 58.0 0.2768987341772151
41 43 38 0.0 0.0 209.0 0.0 5130.0 15.0 336.0 0.19104803493449776
41 43 39 0.0 0.0 642.0 0.0 10908.0 22.0 3919.0 0.10339734121122598
41 43 40 0.0 0.0 365.0 0.0 7718.0 19.0 1030.0 0.13904061972390502
41 43 41 0.0 0.0 500.0 0.0 9433.0 26.0 1970.0 0.11743981209630062
41 43 42 0.0 0.0 614.0 0.0 10589.0 26.0 3259.0 0.10609275538041829
41 43 43 0.0 0.0 42.0 0.0 882.0 6.0 4.0 0.4799451491258141
41 43 44 0.0 0.0 0.0 0.0 8.0 0.0 0.0 0.697211155378486
41 43 45 0.0 0.0 0.0 0.0 3.0 0.0 0.0 0.6989515726410384
41 44 35 0.0 0.0 1.0 0.0 9.0 0.0 0.0 0.6965174129353233
41 44 36 0.0 0.0 4.0 0.0 122.0 3.0 0.0 0.6594441827602449
41 44 37 0.0 0.0 0.0 0.0 21.0 0.0 0.0 0.6927263730826323
41 44 38 0.0 0.0 255.0 0.0 5895.0 23.0 407.0 0.1721382023853436
41 44 39 0.0 0.0 85.0 0.0 2238.0 11.0 40.0 0.32460004637143514
41 44 40 0.0 0.0 15.0 0.0 533.0 2.0 2.0 0.5500982318271119
41 44 41 0.0 0.0 223.0 0.0 4842.0 15.0 261.0 0.19855339668132177
41 44 42 0.0 0.0 3.0 0.0 114.0 0.0 0.0 0.6619385342789597
41 44 43 0.0 0.0 1.0 0.0 89.0 0.0 0.0 0.6698564593301434
41 44 44 0.0 0.0 0.0 0.0 2.0 0.0 0.0 0.6993006993006992
41 45 37 0.0 0.0 2.0 0.0 31.0 0.0 0.0 0.6886374815543531
41 45 38 0.0 0.0 0.0 0.0 16.0 0.0 0.0 0.6944444444444444
41 45 39 0.0 0.0 1.0 0.0 37.0 0.0 0.0 0.6872852233676975
41 45 40 0.0 0.0 5.0 0.0 115.0 1.0 0.0 0.6606890042472864
41 45 41 0.0 0.0 0.0 0.0 4.0 0.0 0.0 0.6986027944111775
41 45 42 0.0 0.0 0.0 0.0 3.0 0.0 0.0 0.6989515726410384
42 35 38 0.0 0.0 1.0 0.0 69.0 0.0 0.0 0.6763285024154588
42 35 39 0.0 0.0 18.0 0.0 287.0 4.0 0.0 0.6084311169056931
42 35 40 0.0 0.0 0.0 0.0 52.0 0.0 0.0 0.6822612085769979
42 35 41 0.0 0.0 4.0 0.0 122.0 2.0 0.0 0.6591337099811675
42 35 42 0.0 0.0 0.0 0.0 7.0 0.0 0.0 0.6975585450921773
42 35 43 0.0 0.0 0.0 0.0 10.0 0.0 0.0 0.6965174129353233
42 35 44 0.0 0.0 0.0 0.0 4.0 0.0 0.0 0.6989515726410384
42 36 36 0.0 0.0 3.0 0.0 24.0 2.0 0.0 0.6913580246913579
42 36 37 0.0 0.0 0.0 0.0 5.0 0.0 0.0 0.6982543640897755
42 36 38 0.0 0.0 42.0 0.0 1147.0 9.0 10.0 0.4401131719585035
42 36 39 0.0 0.0 446.0 0.0 8694.0 27.0 1657.0 0.12571839080459768
42 36 40 0.0 0.0 123.0 0.0 3102.0 10.0 91.0 0.2683534598428215
42 36 41 0.0 0.0 345.0 0.0 7170.0 17.0 750.0 0.1473374026520732
42 36 42 0.0 0.0 125.0 0.0 3074.0 22.0 66.0 0.2705314009661835
42 36 43 0.0 0.0 141.0 0.0 3054.0 17.0 82.0 0.27027027027027023
42 36 44 0.0 0.0 0.0 0.0 98.0 0.0 0.0 0.6676204101096804
42 36 45 0.0 0.0 0.0 0.0 1.0 0.0 0.0 0.6996501749125437
42 37 35 0.0 0.0 1.0 0.0 7.0 1.0 0.0 0.6975585450921773
42 37 36 0.0 0.0 0.0 0.0 23.0 1.0 0.0 0.6923837784371908
42 37 37 0.0 0.0 9.0 0.0 314.0 2.0 0.0 0.6034482758620688
42 37 38 0.0 0.0 224.0 0.0 5280.0 15.0 345.0 0.18689093578961416
42 37 39 0.0 0.0 761.0 0.0 11677.0 24.0 4870.0 0.09695962324260682
42 37 40 0.0 0.0 1169.0 0.0 12650.0 32.0 13592.0 0.08846761453396523
42 37 41 0.0 0.0 1037.0 0.0 12760.0 41.0 9601.0 0.08866932674646906
42 37 42 0.0 0.0 457.0 0.0 8923.0 22.0 1767.0 0.12318521777386712
42 37 43 0.0 0.0 608.0 0.0 10862.0 36.0 4691.0 0.1041279285979918
42 37 44 0.0 0.0 149.0 0.0 3228.0 20.0 66.0 0.26134030240806416
42 37 45 0.0 0.0 26.0 0.0 379.0 11.0 1.0 0.5847953216374269
42 38 35 0.0 0.0 0.0 0.0 10.0 0.0 0.0 0.6965174129353233
42 38 36 0.0 0.0 121.0 0.0 2486.0 17.0 52.0 0.3049444565454149
42 38 37 0.0 0.0 40.0 0.0 1117.0 10.0 8.0 0.4450095359186268
42 38 38 0.0 0.0 631.0 0.0 11269.0 32.0 4383.0 0.10082823190493337
42 38 39 0.0 0.0 944.0 0.0 12289.0 28.0 10129.0 0.0918936659008861
42 38 40 0.0 0.0 1815.0 0.0 11932.0 52.0 30001.0 0.08892841262783459
42 38 41 0.0 0.0 2057.0 0.0 11993.0 50.0 33184.0 0.08717852917367207
42 38 42 0.0 0.0 905.0 0.0 12265.0 32.0 8495.0 0.09235437693779272
42 38 43 0.0 0.0 334.0 0.0 7605.0 14.0 1076.0 0.14095851792186867
42 38 44 0.0 0.0 129.0 0.0 2802.0 11.0 42.0 0.2845528455284552
42 38 45 0.0 0.0 1.0 0.0 6.0 0.0 0.0 0.6975585450921773
42 39 35 0.0 0.0 13.0 0.0 291.0 4.0 1.0 0.608695652173913
42 39 36 0.0 0.0 103.0 0.0 2059.0 16.0 12.0 0.33759344104171685
42 39 37 0.0 0.0 533.0 0.0 9843.0 25.0 2477.0 0.11322280630812777
42 39 38 0.0 0.0 719.0 0.0 11616.0 18.0 4796.0 0.09768350544236672
42 39 39 0.0 0.0 1432.0 0.0 13205.0 39.0 16817.0 0.08410934214478821
42 39 40 0.0 0.0 1994.0 0.0 12227.0 46.0 30923.0 0.08627064333251169
42 39 41 0.0 0.0 1758.0 0.0 12773.0 52.0 24821.0 0.08474063313358754
42 39 42 0.0 0.0 1933.0 0.0 11936.0 37.0 32399.0 0.08813900780659782
42 39 43 0.0 0.0 483.0 0.0 9427.0 22.0 2070.0 0.1176767252248466
42 39 44 0.0 0.0 210.0 0.0 4790.0 19.0 241.0 0.20042949176807442
42 39 45 0.0 0.0 0.0 0.0 33.0 0.0 0.0 0.6886374815543531
42 40 35 0.0 0.0 11.0 0.0 338.0 3.0 0.0 0.5967604433077578
42 40 36 0.0 0.0 36.0 0.0 1289.0 7.0 14.0 0.42194092827004215
42 40 37 0.0 0.0 455.0 0.0 8297.0 28.0 1252.0 0.1304631441617743
42 40 38 0.0 0.0 1294.0 0.0 12416.0 32.0 18301.0 0.08907552331869949
42 40 39 0.0 0.0 1411.0 0.0 13158.0 38.0 17324.0 0.08451554482342287
42 40 40 0.0 0.0 1762.0 0.0 12510.0 40.0 26585.0 0.08600036857300815
42 40 41 0.0 0.0 1802.0 1.0 12717.0 39.0 26346.0 0.08469961885171516
42 40 42 0.0 0.0 1675.0 0.0 12653.0 44.0 23622.0 0.08575278696557637
42 40 43 0.0 0.0 717.0 0.0 11509.0 33.0 5552.0 0.09848058525604951
42 40 44 0.0 0.0 391.0 0.0 8027.0 18.0 1194.0 0.13449899125756554
42 40 45 0.0 0.0 11.0 0.0 221.0 1.0 0.0 0.6275212909009411
42 41 35 0.0 0.0 1.0 0.0 27.0 0.0 0.0 0.690335305719921
42 41 36 0.0 0.0 27.0 0.0 650.0 7.0 1.0 0.5243445692883895
42 41 37 0.0 0.0 279.0 0.0 6030.0 20.0 491.0 0.16885779761186828
42 41 38 0.0 0.0 914.0 0.0 12455.0 29.0 8868.0 0.09111024339450735
42 41 39 0.0 0.0 1241.0 0.0 13098.0 36.0 13101.0 0.08570029382957883
42 41 40 0.0 0.0 1197.0 0.0 12801.0 35.0 13885.0 0.08749999999999998
42 41 41 0.0 0.0 691.0 1.0 11168.0 27.0 3784.0 0.10110493247634865
42 41 42 0.0 0.0 994.0 0.0 12483.0 33.0 11321.0 0.09055041717870771
42 41 43 0.0 0.0 565.0 0.0 10236.0 30.0 2727.0 0.10956331194240099
42 41 44 0.0 0.0 174.0 0.0 4216.0 20.0 152.0 0.2197112366603892
42 41 45 0.0 0.0 1.0 0.0 43.0 0.0 0.0 0.684931506849315
42 42 35 0.0 0.0 0.0 0.0 10.0 0.0 0.0 0.6965174129353233
42 42 36 0.0 0.0 108.0 0.0 2543.0 13.0 42.0 0.3017891787023065
42 42 37 0.0 0.0 63.0 0.0 1646.0 6.0 21.0 0.37807183364839314
42 42 38 0.0 0.0 895.0 0.0 12209.0 30.0 8564.0 0.092758232293116
42 42 39 0.0 0.0 956.0 0.0 12325.0 34.0 10029.0 0.09167703490275685
42 42 40 0.0 0.0 539.0 0.0 10302.0 25.0 3440.0 0.10911925175370225
42 42 41 0.0 0.0 1126.0 0.0 12738.0 40.0 12035.0 0.08831693161746151
42 42 42 0.0 0.0 414.0 0.0 7557.0 16.0 959.0 0.1405763630886635
42 42 43 0.0 0.0 18.0 0.0 721.0 3.0 2.0 0.5116959064327484
42 42 44 0.0 0.0 8.0 0.0 93.0 0.0 0.0 0.6663493574488338
42 42 45 0.0 0.0 0.0 0.0 2.0 0.0 0.0 0.6993006993006992
42 43 35 0.0 0.0 0.0 0.0 11.0 0.0 0.0 0.6961710591745399
42 43 36 0.0 0.0 0.0 0.0 11.0 0.0 0.0 0.6961710591745399
42 43 37 0.0 0.0 45.0 0.0 1145.0 4.0 9.0 0.4394224733207784
42 43 38 0.0 0.0 158.0 0.0 3952.0 17.0 155.0 0.22973416475221525
42 43 39 0.0 0.0 257.0 0.0 5438.0 24.0 377.0 0.18243419338024494
42 43 40 0.0 0.0 67.0 0.0 1667.0 12.0 22.0 0.3763440860215053
42 43 41 0.0 0.0 410.0 0.0 8103.0 36.0 1173.0 0.13351134846461948
42 43 42 0.0 0.0 219.0 0.0 5514.0 10.0 405.0 0.18122977346278316
42 43 43 0.0 0.0 0.0 0.0 47.0 0.0 0.0 0.6839276990718123
42 43 44 0.0 0.0 0.0 0.0 5.0 0.0 0.0 0.6982543640897755
42 43 45 0.0 0.0 1.0 0.0 5.0 0.0 0.0 0.6979062811565303
42 44 36 0.0 0.0 0.0 0.0 3.0 0.0 0.0 0.6993006993006992
42 44 37 0.0 0.0 0.0 0.0 13.0 0.0 0.0 0.695479384003974
42 44 38 0.0 0.0 1.0 0.0 89.0 0.0 0.0 0.6701771182383915
42 44 39 0.0 0.0 0.0 0.0 51.0 0.0 0.0 0.68259385665529
42 44 40 0.0 0.0 219.0 0.0 4592.0 18.0 201.0 0.20594292438952633
42 44 41 0.0 0.0 8.0 0.0 288.0 4.0 0.0 0.6108202443280977
42 44 42 0.0 0.0 0.0 0.0 63.0 0.0 0.0 0.6786233640329616
42 44 43 0.0 0.0 0.0 0.0 31.0 0.0 0.0 0.6893156080748399
42 45 37 0.0 0.0 1.0 0.0 10.0 0.0 0.0 0.6961710591745399
42 45 38 0.0 0.0 0.0 0.0 4.0 0.0 0.0 0.6986027944111775
42 45 39 0.0 0.0 2.0 0.0 17.0 1.0 0.0 0.6937561942517343
42 45 40 0.0 0.0 12.0 0.0 137.0 1.0 0.0 0.6517690875232773
42 45 41 0.0 0.0 0.0 0.0 5.0 0.0 0.0 0.6982543640897755
42 45 42 0.0 0.0 0.0 0.0 1.0 0.0 0.0 0.6996501749125437
43 35 38 0.0 0.0 3.0 0.0 61.0 1.0 0.0 0.6786233640329616
43 35 39 0.0 0.0 1.0 0.0 34.0 0.0 0.0 0.6882989183874139
43 35 40 0.0 0.0 14.0 0.0 300.0 3.0 0.0 0.6057983556901773
43 35 41 0.0 0.0 0.0 0.0 8.0 0.0 0.0 0.697211155378486
43 35 42 0.0 0.0 0.0 0.0 22.0 0.0 0.0 0.6923837784371908
43 35 43 0.0 0.0 0.0 0.0 4.0 0.0 0.0 0.6986027944111775
43 36 37 0.0 0.0 0.0 0.0 10.0 0.0 0.0 0.6965174129353233
43 36 38 0.0 0.0 1.0 0.0 74.0 1.0 0.0 0.6753497346840327
43 36 39 0.0 0.0 266.0 0.0 6143.0 25.0 519.0 0.1669648181276088
43 36 40 0.0 0.0 78.0 0.0 1632.0 15.0 11.0 0.3788903924221921
43 36 41 0.0 0.0 167.0 0.0 3912.0 22.0 180.0 0.2310612312262749
43 36 42 0.0 0.0 239.0 0.0 5135.0 15.0 256.0 0.19016571583808747
43 36 43 0.0 0.0 16.0 0.0 433.0 5.0 1.0 0.5728314238952537
43 36 44 0.0 0.0 85.0 0.0 1719.0 11.0 19.0 0.3690036900369003
43 37 35 0.0 0.0 0.0 0.0 3.0 0.0 0.0 0.6989515726410384
43 37 36 0.0 0.0 0.0 0.0 1.0 0.0 0.0 0.6996501749125437
43 37 37 0.0 0.0 0.0 0.0 37.0 0.0 0.0 0.6872852233676975
43 37 38 0.0 0.0 213.0 0.0 4539.0 21.0 253.0 0.20793108569731172
43 37 39 0.0 0.0 291.0 0.0 6081.0 18.0 469.0 0.16754427955959786
43 37 40 0.0 0.0 476.0 0.0 8922.0 34.0 1813.0 0.1231310466138962
43 37 41 0.0 0.0 526.0 0.0 9525.0 21.0 2384.0 0.11619221512158684
43 37 42 0.0 0.0 216.0 0.0 4990.0 20.0 304.0 0.19485038274182317
43 37 43 0.0 0.0 396.0 0.0 8474.0 25.0 1534.0 0.12898470609913393
43 37 44 0.0 0.0 15.0 0.0 417.0 4.0 0.0 0.5766062602965403
43 37 45 0.0 0.0 0.0 0.0 6.0 0.0 0.0 0.6979062811565303
43 38 35 0.0 0.0 0.0 0.0 2.0 0.0 0.0 0.6993006993006992
43 38 36 0.0 0.0 17.0 0.0 341.0 5.0 0.0 0.5952380952380951
43 38 37 0.0 0.0 2.0 0.0 132.0 0.0 0.0 0.6560449859418931
43 38 38 0.0 0.0 371.0 0.0 7572.0 21.0 956.0 0.1410437235543018
43 38 39 0.0 0.0 450.0 0.0 8470.0 23.0 1297.0 0.12836970474967907
43 38 40 0.0 0.0 693.0 0.0 11155.0 27.0 4358.0 0.10116337885685381
43 38 41 0.0 0.0 714.0 0.0 11539.0 25.0 5726.0 0.09828009828009826
43 38 42 0.0 0.0 597.0 0.0 10726.0 29.0 3962.0 0.10520778537611782
43 38 43 0.0 0.0 618.0 0.0 10531.0 34.0 3035.0 0.1066585403016913
43 38 44 0.0 0.0 31.0 0.0 853.0 4.0 4.0 0.4862799583188606
43 38 45 0.0 0.0 0.0 0.0 5.0 0.0 0.0 0.6982543640897755
43 39 35 0.0 0.0 0.0 0.0 3.0 0.0 0.0 0.6989515726410384
43 39 36 0.0 0.0 9.0 0.0 162.0 2.0 0.0 0.6454587367450437
43 39 37 0.0 0.0 126.0 0.0 2985.0 14.0 69.0 0.27456363992939786
43 39 38 0.0 0.0 373.0 0.0 7916.0 24.0 1112.0 0.13626630328985787
43 39 39 0.0 0.0 611.0 0.0 10867.0 26.0 4128.0 0.1039809863339275
43 39 40 0.0 0.0 932.0 0.0 12470.0 35.0 9163.0 0.09084420219323859
43 39 41 0.0 0.0 719.0 0.0 11065.0 35.0 4046.0 0.10163339382940108
43 39 42 0.0 0.0 855.0 0.0 12205.0 20.0 7448.0 0.09291213166976374
43 39 43 0.0 0.0 608.0 0.0 11046.0 34.0 4782.0 0.10263177186423281
43 39 44 0.0 0.0 111.0 0.0 2041.0 12.0 16.0 0.3381642512077294
43 39 45 0.0 0.0 0.0 0.0 17.0 0.0 0.0 0.694100148735746
43 40 35 0.0 0.0 0.0 0.0 4.0 0.0 0.0 0.6986027944111775
43 40 36 0.0 0.0 0.0 0.0 116.0 2.0 0.0 0.662251655629139
43 40 37 0.0 0.0 328.0 0.0 6790.0 24.0 663.0 0.15386306187493126
43 40 38 0.0 0.0 650.0 0.0 11014.0 24.0 4164.0 0.10254156595620009
43 40 39 0.0 0.0 670.0 0.0 11102.0 36.0 4115.0 0.10181077739800741
43 40 40 0.0 0.0 783.0 0.0 11672.0 33.0 5370.0 0.096973055343908
43 40 41 0.0 0.0 1063.0 0.0 12793.0 37.0 10178.0 0.08828351620633118
43 40 42 0.0 0.0 600.0 0.0 10536.0 30.0 3450.0 0.10669918451337548
43 40 43 0.0 0.0 534.0 0.0 9823.0 21.0 2507.0 0.11341542449773169
43 40 44 0.0 0.0 80.0 0.0 2260.0 18.0 35.0 0.3239990742883591
43 40 45 0.0 0.0 9.0 0.0 195.0 2.0 0.0 0.6357856494096276
43 41 35 0.0 0.0 4.0 0.0 122.0 2.0 0.0 0.6591337099811675
43 41 36 0.0 0.0 16.0 0.0 370.0 7.0 0.0 0.5884825556956704
43 41 37 0.0 0.0 788.0 0.0 11896.0 31.0 6575.0 0.09543936191969458
43 41 38 0.0 0.0 242.0 0.0 5625.0 19.0 408.0 0.17829852266938356
43 41 39 0.0 0.0 703.0 0.0 11291.0 31.0 4079.0 0.100150225338007
43 41 40 0.0 0.0 1037.0 0.0 12818.0 40.0 9456.0 0.08832807570977917
43 41 41 0.0 0.0 244.0 0.0 6319.0 24.0 632.0 0.16393442622950816
43 41 42 0.0 0.0 467.0 0.0 9066.0 18.0 1933.0 0.12149613815846566
43 41 43 0.0 0.0 294.0 0.0 6797.0 15.0 846.0 0.1542020046260601
43 41 44 0.0 0.0 49.0 0.0 987.0 14.0 5.0 0.46326935804103236
43 41 45 0.0 0.0 3.0 0.0 64.0 1.0 0.0 0.6779661016949151
43 42 35 0.0 0.0 0.0 0.0 8.0 0.0 0.0 0.697211155378486
43 42 36 0.0 0.0 0.0 0.0 54.0 0.0 0.0 0.6815968841285296
43 42 37 0.0 0.0 128.0 0.0 2978.0 11.0 79.0 0.27477919528949946
43 42 38 0.0 0.0 364.0 0.0 7153.0 18.0 740.0 0.1473218983478901
43 42 39 0.0 0.0 498.0 0.0 9368.0 26.0 2111.0 0.11816340310600944
43 42 40 0.0 0.0 261.0 0.0 6370.0 23.0 708.0 0.1625072547881602
43 42 41 0.0 0.0 241.0 0.0 4905.0 32.0 236.0 0.19676739283204495
43 42 42 0.0 0.0 17.0 0.0 853.0 5.0 3.0 0.48865619546247807
43 42 43 0.0 0.0 88.0 0.0 2047.0 16.0 25.0 0.3398883224083515
43 42 44 0.0 0.0 2.0 0.0 73.0 0.0 0.0 0.6746987951807227
43 42 45 0.0 0.0 0.0 0.0 2.0 0.0 0.0 0.6993006993006992
43 43 35 0.0 0.0 0.0 0.0 4.0 0.0 0.0 0.6986027944111775
43 43 36 0.0 0.0 0.0 0.0 19.0 0.0 0.0 0.6934125804853887
43 43 37 0.0 0.0 6.0 0.0 218.0 2.0 0.0 0.63006300630063
43 43 38 0.0 0.0 30.0 0.0 1125.0 10.0 8.0 0.44515103338632744
43 43 39 0.0 0.0 92.0 0.0 2032.0 15.0 33.0 0.3407984420642648
43 43 40 0.0 0.0 76.0 0.0 1963.0 10.0 19.0 0.34756703078450835
43 43 41 0.0 0.0 169.0 0.0 4026.0 17.0 148.0 0.22657387926849
43 43 42 0.0 0.0 13.0 0.0 406.0 4.0 1.0 0.5797101449275361
43 43 43 0.0 0.0 0.0 0.0 16.0 0.0 0.0 0.6944444444444444
43 43 44 0.0 0.0 0.0 0.0 1.0 0.0 0.0 0.6996501749125437
43 44 37 0.0 0.0 0.0 0.0 4.0 0.0 0.0 0.6986027944111775
43 44 38 0.0 0.0 0.0 0.0 3.0 0.0 0.0 0.6989515726410384
43 44 39 0.0 0.0 0.0 0.0 7.0 0.0 0.0 0.6975585450921773
43 44 40 0.0 0.0 0.0 0.0 22.0 0.0 0.0 0.6923837784371908
43 44 41 0.0 0.0 8.0 0.0 239.0 4.0 0.0 0.6241640659830583
43 44 42 0.0 0.0 0.0 0.0 13.0 0.0 0.0 0.695479384003974
43 44 43 0.0 0.0 0.0 0.0 1.0 0.0 0.0 0.6996501749125437
43 45 40 0.0 0.0 0.0 0.0 1.0 0.0 0.0 0.6996501749125437
43 45 41 0.0 0.0 0.0 0.0 2.0 0.0 0.0 0.6993006993006992
44 35 38 0.0 0.0 0.0 0.0 3.0 0.0 0.0 0.6989515726410384
44 35 39 0.0 0.0 1.0 0.0 27.0 1.0 0.0 0.6906758756783422
44 35 40 0.0 0.0 0.0 0.0 6.0 0.0 0.0 0.6979062811565303
44 35 41 0.0 0.0 0.0 0.0 13.0 1.0 0.0 0.6958250497017892
44 35 42 0.0 0.0 0.0 0.0 5.0 0.0 0.0 0.6982543640897755
44 35 43 0.0 0.0 0.0 0.0 2.0 0.0 0.0 0.6993006993006992
44 36 37 0.0 0.0 0.0 0.0 3.0 0.0 0.0 0.6989515726410384
44 36 38 0.0 0.0 0.0 0.0 11.0 0.0 0.0 0.6961710591745399
44 36 39 0.0 0.0 0.0 0.0 26.0 0.0 0.0 0.6910167818361302
44 36 40 0.0 0.0 0.0 0.0 40.0 0.0 0.0 0.6862745098039215
44 36 41 0.0 0.0 43.0 0.0 1586.0 12.0 15.0 0.3871681415929203
44 36 42 0.0 0.0 0.0 0.0 22.0 0.0 0.0 0.6927263730826323
44 36 43 0.0 0.0 0.0 0.0 20.0 0.0 0.0 0.6930693069306929
44 36 44 0.0 0.0 0.0 0.0 11.0 0.0 0.0 0.6961710591745399
44 37 37 0.0 0.0 0.0 0.0 18.0 0.0 0.0 0.6937561942517343
44 37 38 0.0 0.0 2.0 0.0 79.0 0.0 0.0 0.6730769230769229
44 37 39 0.0 0.0 7.0 0.0 127.0 3.0 0.0 0.6572769953051641
44 37 40 0.0 0.0 121.0 0.0 2221.0 24.0 26.0 0.3241491085899513
44 37 41 0.0 0.0 45.0 0.0 1114.0 12.0 6.0 0.44486812837623124
44 37 42 0.0 0.0 12.0 0.0 348.0 7.0 0.0 0.5949851253718657
44 37 43 0.0 0.0 121.0 0.0 2424.0 17.0 39.0 0.3092555776452396
44 37 44 0.0 0.0 40.0 0.0 1062.0 14.0 7.0 0.45336787564766834
44 37 45 0.0 0.0 0.0 0.0 1.0 0.0 0.0 0.6996501749125437
44 38 37 0.0 0.0 6.0 0.0 91.0 0.0 0.0 0.6676204101096804
44 38 38 0.0 0.0 73.0 0.0 2195.0 8.0 43.0 0.3286384976525821
44 38 39 0.0 0.0 43.0 0.0 926.0 9.0 1.0 0.47313281514025
44 38 40 0.0 0.0 159.0 0.0 3377.0 19.0 78.0 0.25376110204821456
44 38 41 0.0 0.0 490.0 0.0 9245.0 30.0 1808.0 0.11953551912568304
44 38 42 0.0 0.0 111.0 0.0 2516.0 7.0 51.0 0.3029647262497295
44 38 43 0.0 0.0 132.0 0.0 2938.0 15.0 59.0 0.2768987341772151
44 38 44 0.0 0.0 0.0 0.0 85.0 0.0 0.0 0.6714628297362109
44 39 35 0.0 0.0 4.0 0.0 146.0 2.0 0.0 0.6517690875232773
44 39 36 0.0 0.0 2.0 0.0 73.0 1.0 0.0 0.6750241080038573
44 39 37 0.0 0.0 26.0 0.0 680.0 3.0 3.0 0.5179430262671106
44 39 38 0.0 0.0 4.0 0.0 284.0 0.0 0.0 0.6118881118881118
44 39 39 0.0 0.0 63.0 0.0 1357.0 11.0 9.0 0.41116005873715117
44 39 40 0.0 0.0 128.0 0.0 2927.0 13.0 68.0 0.27750247770069375
44 39 41 0.0 0.0 484.0 0.0 8612.0 34.0 1303.0 0.1264679313459801
44 39 42 0.0 0.0 127.0 0.0 2786.0 18.0 59.0 0.2859477124183006
44 39 43 0.0 0.0 8.0 0.0 348.0 2.0 0.0 0.594732370433305
44 39 44 0.0 0.0 3.0 0.0 185.0 1.0 0.0 0.6407322654462241
44 39 45 0.0 0.0 0.0 0.0 6.0 0.0 0.0 0.6979062811565303
44 40 35 0.0 0.0 0.0 0.0 9.0 0.0 0.0 0.6968641114982577
44 40 36 0.0 0.0 304.0 0.0 6857.0 26.0 776.0 0.1531728665207877
44 40 37 0.0 0.0 8.0 0.0 244.0 2.0 0.0 0.6222222222222221
44 40 38 0.0 0.0 95.0 0.0 1899.0 7.0 19.0 0.3512293025589563
44 40 39 0.0 0.0 128.0 0.0 2837.0 21.0 57.0 0.2831142568250758
44 40 40 0.0 0.0 353.0 0.0 7438.0 19.0 858.0 0.14323715981174542
44 40 41 0.0 0.0 63.0 0.0 1312.0 12.0 8.0 0.4166666666666666
44 40 42 0.0 0.0 282.0 0.0 6250.0 18.0 502.0 0.16431924882629104
44 40 43 0.0 0.0 176.0 0.0 3781.0 15.0 121.0 0.23545240497813652
44 40 44 0.0 0.0 410.0 0.0 7673.0 26.0 918.0 0.13905442987683747
44 40 45 0.0 0.0 0.0 0.0 7.0 0.0 0.0 0.6975585450921773
44 41 35 0.0 0.0 0.0 0.0 28.0 0.0 0.0 0.690335305719921
44 41 36 0.0 0.0 0.0 0.0 104.0 0.0 0.0 0.6657156443176413
44 41 37 0.0 0.0 115.0 0.0 2397.0 12.0 32.0 0.31111111111111106
44 41 38 0.0 0.0 21.0 0.0 649.0 6.0 1.0 0.5255255255255254
44 41 39 0.0 0.0 64.0 0.0 1582.0 16.0 15.0 0.38567493112947654
44 41 40 0.0 0.0 177.0 0.0 4434.0 21.0 214.0 0.21231422505307854
44 41 41 0.0 0.0 451.0 0.0 9478.0 23.0 2399.0 0.1174299614158698
44 41 42 0.0 0.0 158.0 0.0 3157.0 22.0 70.0 0.264450321118247
44 41 43 0.0 0.0 2.0 0.0 111.0 1.0 0.0 0.6628787878787878
44 41 44 0.0 0.0 36.0 0.0 815.0 7.0 2.0 0.4922644163150492
44 41 45 0.0 0.0 0.0 0.0 5.0 0.0 0.0 0.6982543640897755
44 42 35 0.0 0.0 0.0 0.0 10.0 0.0 0.0 0.6965174129353233
44 42 36 0.0 0.0 355.0 0.0 7981.0 16.0 1308.0 0.13551447100958278
44 42 37 0.0 0.0 2.0 0.0 129.0 0.0 0.0 0.6569685593618019
44 42 38 0.0 0.0 4.0 0.0 166.0 1.0 0.0 0.6457564575645756
44 42 39 0.0 0.0 50.0 0.0 1214.0 11.0 8.0 0.4303719643406086
44 42 40 0.0 0.0 77.0 0.0 1551.0 7.0 11.0 0.38663352665009665
44 42 41 0.0 0.0 17.0 0.0 479.0 3.0 0.0 0.5615724027276373
44 42 42 0.0 0.0 3.0 0.0 87.0 1.0 0.0 0.6704980842911876
44 42 43 0.0 0.0 0.0 0.0 24.0 0.0 0.0 0.6916996047430829
44 42 44 0.0 0.0 0.0 0.0 9.0 0.0 0.0 0.6968641114982577
44 43 35 0.0 0.0 0.0 0.0 7.0 0.0 0.0 0.6975585450921773
44 43 36 0.0 0.0 0.0 0.0 15.0 0.0 0.0 0.694789081885856
44 43 37 0.0 0.0 1.0 0.0 30.0 0.0 0.0 0.6893156080748399
44 43 38 0.0 0.0 0.0 0.0 13.0 0.0 0.0 0.695479384003974
44 43 39 0.0 0.0 0.0 0.0 20.0 0.0 0.0 0.6930693069306929
44 43 40 0.0 0.0 0.0 0.0 27.0 0.0 0.0 0.6906758756783422
44 43 41 0.0 0.0 0.0 0.0 14.0 0.0 0.0 0.6951340615690167
44 43 42 0.0 0.0 21.0 0.0 466.0 9.0 1.0 0.5647438483259378
44 44 37 0.0 0.0 0.0 0.0 1.0 0.0 0.0 0.6996501749125437
44 44 40 0.0 0.0 0.0 0.0 2.0 0.0 0.0 0.6993006993006992
44 44 41 0.0 0.0 0.0 0.0 1.0 0.0 0.0 0.6996501749125437
44 44 42 0.0 0.0 0.0 0.0 1.0 0.0 0.0 0.6996501749125437
45 35 42 0.0 0.0 0.0 0.0 1.0 0.0 0.0 0.6996501749125437
45 36 42 0.0 0.0 0.0 0.0 1.0 0.0 0.0 0.6996501749125437
45 37 40 0.0 0.0 47.0 0.0 695.0 10.0 0.0 0.5124450951683748
45 37 41 0.0 0.0 0.0 0.0 25.0 0.0 0.0 0.6913580246913579
45 37 42 0.0 0.0 58.0 0.0 1213.0 13.0 6.0 0.42957962565204044
45 37 43 0.0 0.0 0.0 0.0 6.0 0.0 0.0 0.6979062811565303
45 37 44 0.0 0.0 7.0 0.0 67.0 2.0 0.0 0.6756756756756755
45 38 37 0.0 0.0 0.0 0.0 1.0 0.0 0.0 0.6996501749125437
45 38 39 0.0 0.0 0.0 0.0 1.0 0.0 0.0 0.6996501749125437
45 38 40 0.0 0.0 0.0 0.0 34.0 0.0 0.0 0.6882989183874139
45 38 41 0.0 0.0 2.0 0.0 72.0 1.0 0.0 0.6753497346840327
45 38 42 0.0 0.0 2.0 0.0 62.0 0.0 0.0 0.6782945736434108
45 38 43 0.0 0.0 20.0 0.0 321.0 1.0 0.0 0.5982905982905982
45 38 44 0.0 0.0 0.0 0.0 1.0 0.0 0.0 0.6996501749125437
45 39 35 0.0 0.0 5.0 0.0 59.0 1.0 0.0 0.6786233640329616
45 39 36 0.0 0.0 0.0 0.0 8.0 0.0 0.0 0.697211155378486
45 39 37 0.0 0.0 2.0 0.0 33.0 1.0 0.0 0.6882989183874139
45 39 38 0.0 0.0 1.0 0.0 3.0 1.0 0.0 0.6989515726410384
45 39 39 0.0 0.0 0.0 0.0 13.0 0.0 0.0 0.695479384003974
45 39 40 0.0 0.0 0.0 0.0 15.0 0.0 0.0 0.694789081885856
45 39 41 0.0 0.0 8.0 0.0 105.0 1.0 0.0 0.6631927996210326
45 39 42 0.0 0.0 1.0 0.0 59.0 1.0 0.0 0.6799417192812044
45 39 43 0.0 0.0 1.0 0.0 26.0 1.0 0.0 0.6910167818361302
45 39 44 0.0 0.0 0.0 0.0 14.0 0.0 0.0 0.695479384003974
45 39 45 0.0 0.0 0.0 0.0 9.0 0.0 0.0 0.6968641114982577
45 40 35 0.0 0.0 0.0 0.0 11.0 0.0 0.0 0.6961710591745399
45 40 36 0.0 0.0 0.0 0.0 11.0 0.0 0.0 0.6965174129353233
45 40 37 0.0 0.0 10.0 0.0 204.0 2.0 1.0 0.6329113924050632
45 40 38 0.0 0.0 0.0 0.0 3.0 0.0 0.0 0.6989515726410384
45 40 39 0.0 0.0 0.0 0.0 10.0 0.0 0.0 0.6965174129353233
45 40 40 0.0 0.0 0.0 0.0 48.0 0.0 0.0 0.6835937499999999
45 40 41 0.0 0.0 0.0 0.0 78.0 1.0 0.0 0.6740491092922483
45 40 42 0.0 0.0 45.0 0.0 850.0 6.0 1.0 0.48459674627898913
45 40 43 0.0 0.0 0.0 0.0 19.0 0.0 0.0 0.6934125804853887
45 40 44 0.0 0.0 0.0 0.0 10.0 0.0 0.0 0.6965174129353233
45 40 45 0.0 0.0 50.0 0.0 966.0 15.0 6.0 0.4665111629456847
45 41 35 0.0 0.0 0.0 0.0 21.0 0.0 0.0 0.6927263730826323
45 41 36 0.0 0.0 0.0 0.0 11.0 0.0 0.0 0.6961710591745399
45 41 37 0.0 0.0 0.0 0.0 19.0 1.0 0.0 0.6937561942517343
45 41 38 0.0 0.0 0.0 0.0 1.0 0.0 0.0 0.6996501749125437
45 41 39 0.0 0.0 6.0 0.0 127.0 1.0 0.0 0.6566604127579737
45 41 40 0.0 0.0 1.0 0.0 28.0 0.0 0.0 0.6899950714637751
45 41 41 0.0 0.0 1.0 0.0 79.0 1.0 0.0 0.6734006734006733
45 41 42 0.0 0.0 0.0 0.0 13.0 0.0 0.0 0.695479384003974
45 41 43 0.0 0.0 8.0 0.0 131.0 3.0 0.0 0.6554307116104868
45 41 44 0.0 0.0 0.0 0.0 7.0 0.0 0.0 0.6975585450921773
45 41 45 0.0 0.0 0.0 0.0 6.0 0.0 0.0 0.6979062811565303
45 42 35 0.0 0.0 0.0 0.0 5.0 0.0 0.0 0.6982543640897755
45 42 36 0.0 0.0 16.0 0.0 618.0 3.0 2.0 0.5321170657544659
45 42 37 0.0 0.0 0.0 0.0 8.0 0.0 0.0 0.697211155378486
45 42 38 0.0 0.0 0.0 0.0 2.0 0.0 0.0 0.6993006993006992
45 42 39 0.0 0.0 0.0 0.0 2.0 0.0 0.0 0.6993006993006992
45 42 40 0.0 0.0 0.0 0.0 15.0 0.0 0.0 0.694789081885856
45 42 41 0.0 0.0 0.0 0.0 34.0 0.0 0.0 0.6882989183874139
45 42 42 0.0 0.0 7.0 0.0 204.0 2.0 0.0 0.6337709370755997
45 43 35 0.0 0.0 0.0 0.0 18.0 0.0 0.0 0.6937561942517343
45 43 36 0.0 0.0 0.0 0.0 12.0 0.0 0.0 0.6958250497017892
45 43 37 0.0 0.0 28.0 0.0 500.0 7.0 1.0 0.5553351844506148
45 43 40 0.0 0.0 0.0 0.0 1.0 0.0 0.0 0.6996501749125437
46 36 41 0.0 0.0 0.0 0.0 1.0 0.0 0.0 0.6996501749125437
46 37 42 0.0 0.0 0.0 0.0 1.0 0.0 0.0 0.6996501749125437
46 41 36 0.0 0.0 0.0 0.0 1.0 0.0 0.0 0.6996501749125437
46 43 35 0.0 0.0 0.0 0.0 1.0 0.0 0.0 0.6996501749125437
