34 38 40 0.0 0.0 0.0 0.0 1.0 0.0 0.0 0.6996501749125437
34 41 37 0.0 0.0 0.0 0.0 1.0 0.0 0.0 0.6996501749125437
35 37 39 0.0 0.0 0.0 0.0 3.0 0.0 0.0 0.6989515726410384
35 37 40 0.0 0.0 0.0 0.0 5.0 0.0 0.0 0.6982543640897755
35 37 41 0.0 0.0 0.0 0.0 4.0 0.0 0.0 0.6986027944111775
35 38 38 0.0 0.0 0.0 0.0 3.0 0.0 0.0 0.6989515726410384
35 38 39 0.0 0.0 0.0 0.0 22.0 0.0 0.0 0.6927263730826323
35 38 40 0.0 0.0 25.0 0.0 683.0 6.0 2.0 0.5181347150259067
35 38 41 0.0 0.0 16.0 0.0 173.0 6.0 0.0 0.6413192853870818
35 39 37 0.0 0.0 0.0 0.0 19.0 0.0 0.0 0.6934125804853887
35 39 38 0.0 0.0 18.0 0.0 489.0 8.0 1.0 0.5602240896358542
35 39 39 0.0 0.0 1.0 0.0 72.0 0.0 0.0 0.6753497346840327
35 39 40 0.0 0.0 0.0 0.0 26.0 0.0 0.0 0.6910167818361302
35 39 41 0.0 0.0 2.0 0.0 13.0 0.0 0.0 0.694789081885856
35 40 37 0.0 0.0 5.0 0.0 94.0 3.0 0.0 0.6679389312977099
35 40 38 0.0 0.0 46.0 0.0 1185.0 11.0 8.0 0.4347826086956521
35 40 39 0.0 0.0 0.0 0.0 73.0 0.0 0.0 0.6753497346840327
35 40 40 0.0 0.0 5.0 0.0 123.0 1.0 0.0 0.6585136406396989
35 40 41 0.0 0.0 0.0 0.0 8.0 0.0 0.0 0.697211155378486
35 40 42 0.0 0.0 0.0 0.0 2.0 0.0 0.0 0.6993006993006992
35 41 37 0.0 0.0 9.0 0.0 92.0 2.0 0.0 0.6669842782277274
35 41 38 0.0 0.0 7.0 0.0 188.0 2.0 0.0 0.6383948928408572
35 41 39 0.0 0.0 2.0 0.0 99.0 1.0 0.0 0.6666666666666665
35 41 40 0.0 0.0 0.0 0.0 25.0 0.0 0.0 0.6913580246913579
35 41 41 0.0 0.0 0.0 0.0 4.0 0.0 0.0 0.6989515726410384
35 41 42 0.0 0.0 1.0 0.0 5.0 0.0 0.0 0.6979062811565303
35 41 43 0.0 0.0 0.0 0.0 2.0 0.0 0.0 0.6993006993006992
35 41 44 0.0 0.0 0.0 0.0 1.0 0.0 0.0 0.6996501749125437
35 42 36 0.0 0.0 0.0 0.0 1.0 0.0 0.0 0.6996501749125437
35 42 37 0.0 0.0 0.0 0.0 10.0 0.0 0.0 0.6965174129353233
35 42 38 0.0 0.0 0.0 0.0 16.0 0.0 0.0 0.6944444444444444
35 42 39 0.0 0.0 0.0 0.0 19.0 0.0 0.0 0.6934125804853887
35 42 40 0.0 0.0 0.0 0.0 1.0 0.0 0.0 0.6996501749125437
35 42 41 0.0 0.0 0.0 0.0 6.0 0.0 0.0 0.6979062811565303
35 42 42 0.0 0.0 0.0 0.0 4.0 0.0 0.0 0.6986027944111775
35 42 44 0.0 0.0 0.0 0.0 1.0 0.0 0.0 0.6996501749125437
35 43 38 0.0 0.0 0.0 0.0 2.0 0.0 0.0 0.6993006993006992
35 43 39 0.0 0.0 0.0 0.0 1.0 0.0 0.0 0.6996501749125437
35 43 41 0.0 0.0 0.0 0.0 1.0 0.0 0.0 0.6996501749125437
36 35 44 0.0 0.0 0.0 0.0 2.0 0.0 0.0 0.6993006993006992
36 36 38 0.0 0.0 0.0 0.0 11.0 0.0 0.0 0.6961710591745399
36 36 39 0.0 0.0 0.0 0.0 61.0 0.0 0.0 0.6796116504854368
36 36 40 0.0 0.0 0.0 0.0 50.0 0.0 0.0 0.6829268292682925
36 36 41 0.0 0.0 3.0 0.0 42.0 0.0 0.0 0.6845965770171147
36 36 42 0.0 0.0 0.0 0.0 2.0 0.0 0.0 0.6993006993006992
36 37 37 0.0 0.0 0.0 0.0 7.0 0.0 0.0 0.6975585450921773
36 37 38 0.0 0.0 11.0 0.0 173.0 2.0 0.0 0.6416131989000916
36 37 39 0.0 0.0 5.0 0.0 112.0 2.0 0.0 0.662251655629139
36 37 40 0.0 0.0 33.0 0.0 590.0 4.0 2.0 0.5345551737304314
36 37 41 0.0 0.0 1.0 0.0 113.0 1.0 0.0 0.6628787878787878
36 37 42 0.0 0.0 11.0 0.0 245.0 3.0 0.0 0.6213936972924988
36 37 43 0.0 0.0 0.0 0.0 1.0 0.0 0.0 0.6996501749125437
36 37 44 0.0 0.0 0.0 0.0 2.0 0.0 0.0 0.6993006993006992
36 38 36 0.0 0.0 0.0 0.0 5.0 0.0 0.0 0.6982543640897755
36 38 37 0.0 0.0 0.0 0.0 23.0 0.0 0.0 0.6920415224913494
36 38 38 0.0 0.0 1.0 0.0 99.0 1.0 0.0 0.6669842782277274
36 38 39 0.0 0.0 19.0 0.0 335.0 5.0 1.0 0.5959982971477223
36 38 40 0.0 0.0 305.0 0.0 6765.0 24.0 751.0 0.15467904098994584
36 38 41 0.0 0.0 42.0 0.0 1086.0 10.0 6.0 0.4490057729313662
36 38 42 0.0 0.0 0.0 0.0 18.0 0.0 0.0 0.6937561942517343
36 38 43 0.0 0.0 0.0 0.0 1.0 0.0 0.0 0.6996501749125437
36 38 44 0.0 0.0 0.0 0.0 3.0 0.0 0.0 0.6989515726410384
36 39 36 0.0 0.0 0.0 0.0 1.0 0.0 0.0 0.6996501749125437
36 39 37 0.0 0.0 18.0 0.0 378.0 1.0 0.0 0.5845511482254696
36 39 38 0.0 0.0 22.0 0.0 655.0 7.0 2.0 0.5243445692883895
36 39 39 0.0 0.0 376.0 0.0 7602.0 30.0 1114.0 0.1406045997790499
36 39 40 0.0 0.0 194.0 0.0 5014.0 15.0 315.0 0.19449847179772156
36 39 41 0.0 0.0 1.0 0.0 134.0 0.0 0.0 0.6557377049180326
36 39 42 0.0 0.0 0.0 0.0 64.0 0.0 0.0 0.6782945736434108
36 39 43 0.0 0.0 0.0 0.0 8.0 0.0 0.0 0.697211155378486
36 40 36 0.0 0.0 0.0 0.0 4.0 0.0 0.0 0.6986027944111775
36 40 37 0.0 0.0 18.0 0.0 407.0 6.0 1.0 0.5787515502273666
36 40 38 0.0 0.0 565.0 0.0 9826.0 26.0 2431.0 0.11314045579440761
36 40 39 0.0 0.0 351.0 0.0 7592.0 20.0 1129.0 0.1409443269908386
36 40 40 0.0 0.0 38.0 0.0 1437.0 5.0 18.0 0.40345821325648407
36 40 41 0.0 0.0 73.0 0.0 1572.0 11.0 13.0 0.3852504127682993
36 40 42 0.0 0.0 6.0 0.0 187.0 2.0 0.0 0.6389776357827475
36 40 43 0.0 0.0 14.0 0.0 224.0 3.0 0.0 0.6263982102908277
36 41 35 0.0 0.0 0.0 0.0 1.0 0.0 0.0 0.6996501749125437
36 41 36 0.0 0.0 0.0 0.0 4.0 0.0 0.0 0.6986027944111775
36 41 37 0.0 0.0 50.0 0.0 1186.0 14.0 7.0 0.4345127250155182
36 41 38 0.0 0.0 434.0 0.0 8390.0 26.0 1278.0 0.12952169488389303
36 41 39 0.0 0.0 7.0 0.0 479.0 4.0 3.0 0.56406124093473
36 41 40 0.0 0.0 298.0 0.0 5994.0 19.0 407.0 0.16916384726921213
36 41 41 0.0 0.0 94.0 0.0 2269.0 9.0 35.0 0.3216172754422237
36 41 42 0.0 0.0 93.0 0.0 2205.0 12.0 36.0 0.3266448903406439
36 41 43 0.0 0.0 2.0 0.0 15.0 0.0 0.0 0.694100148735746
36 41 44 0.0 0.0 0.0 0.0 2.0 0.0 0.0 0.6993006993006992
36 42 35 0.0 0.0 0.0 0.0 1.0 0.0 0.0 0.6996501749125437
36 42 36 0.0 0.0 0.0 0.0 2.0 0.0 0.0 0.6993006993006992
36 42 37 0.0 0.0 0.0 0.0 21.0 0.0 0.0 0.6927263730826323
36 42 38 0.0 0.0 104.0 0.0 2607.0 15.0 48.0 0.2981895633652822
36 42 39 0.0 0.0 7.0 0.0 368.0 3.0 0.0 0.5902192242833051
36 42 40 0.0 0.0 91.0 0.0 2525.0 16.0 68.0 0.3043478260869565
36 42 41 0.0 0.0 60.0 0.0 1146.0 16.0 2.0 0.43873393920401116
36 42 42 0.0 0.0 42.0 0.0 903.0 13.0 0.0 0.477652678266803
36 42 43 0.0 0.0 96.0 0.0 2619.0 17.0 61.0 0.2979991485738612
36 43 37 0.0 0.0 0.0 0.0 9.0 0.0 0.0 0.6968641114982577
36 43 38 0.0 0.0 13.0 0.0 196.0 4.0 0.0 0.6349206349206349
36 43 39 0.0 0.0 12.0 0.0 479.0 4.0 1.0 0.5629272215520706
36 43 40 0.0 0.0 43.0 0.0 726.0 14.0 4.0 0.5081669691470053
36 43 41 0.0 0.0 10.0 0.0 179.0 1.0 0.0 0.639853747714808
36 43 42 0.0 0.0 8.0 0.0 183.0 3.0 0.0 0.639853747714808
36 43 43 0.0 0.0 1.0 0.0 19.0 1.0 0.0 0.6934125804853887
36 44 37 0.0 0.0 0.0 0.0 6.0 0.0 0.0 0.6979062811565303
36 44 38 0.0 0.0 0.0 0.0 8.0 0.0 0.0 0.697211155378486
36 44 39 0.0 0.0 39.0 0.0 1039.0 10.0 6.0 0.4563233376792698
36 44 40 0.0 0.0 0.0 0.0 29.0 0.0 0.0 0.6899950714637751
36 44 41 0.0 0.0 43.0 0.0 1076.0 6.0 7.0 0.44972695149373587
36 44 42 0.0 0.0 21.0 0.0 444.0 5.0 0.0 0.5691056910569106
36 45 39 0.0 0.0 0.0 0.0 2.0 0.0 0.0 0.6993006993006992
36 45 40 0.0 0.0 0.0 0.0 1.0 0.0 0.0 0.6996501749125437
36 45 41 0.0 0.0 0.0 0.0 1.0 0.0 0.0 0.6996501749125437
37 35 39 0.0 0.0 0.0 0.0 1.0 0.0 0.0 0.6996501749125437
37 35 41 0.0 0.0 0.0 0.0 2.0 0.0 0.0 0.6993006993006992
37 35 42 0.0 0.0 0.0 0.0 1.0 0.0 0.0 0.6996501749125437
37 35 43 0.0 0.0 0.0 0.0 1.0 0.0 0.0 0.6996501749125437
37 36 36 0.0 0.0 0.0 0.0 5.0 0.0 0.0 0.6982543640897755
37 36 37 0.0 0.0 0.0 0.0 8.0 0.0 0.0 0.697211155378486
37 36 38 0.0 0.0 0.0 0.0 24.0 0.0 0.0 0.6916996047430829
37 36 39 0.0 0.0 0.0 0.0 68.0 0.0 0.0 0.6769825918762088
37 36 40 0.0 0.0 10.0 0.0 400.0 1.0 1.0 0.58115400581154
37 36 41 0.0 0.0 8.0 0.0 351.0 0.0 1.0 0.5934718100890207
37 36 42 0.0 0.0 2.0 0.0 121.0 3.0 0.0 0.6603773584905659
37 36 43 0.0 0.0 91.0 0.0 2031.0 9.0 30.0 0.34038414782397275
37 36 44 0.0 0.0 0.0 0.0 8.0 0.0 0.0 0.697211155378486
37 37 35 0.0 0.0 0.0 0.0 1.0 0.0 0.0 0.6996501749125437
37 37 36 0.0 0.0 0.0 0.0 3.0 0.0 0.0 0.6989515726410384
37 37 37 0.0 0.0 1.0 0.0 75.0 0.0 0.0 0.6743737957610789
37 37 38 0.0 0.0 10.0 0.0 398.0 5.0 0.0 0.5826050769870994
37 37 39 0.0 0.0 347.0 0.0 7164.0 30.0 804.0 0.1476170392239561
37 37 40 0.0 0.0 661.0 0.0 11032.0 29.0 3929.0 0.10229431535876077
37 37 41 0.0 0.0 304.0 0.0 6176.0 27.0 503.0 0.16548463356973991
37 37 42 0.0 0.0 65.0 0.0 1375.0 16.0 6.0 0.4087591240875912
37 37 43 0.0 0.0 50.0 0.0 1285.0 10.0 7.0 0.42117930204572795
37 37 44 0.0 0.0 0.0 0.0 3.0 0.0 0.0 0.6989515726410384
37 38 36 0.0 0.0 0.0 0.0 15.0 0.0 0.0 0.694789081885856
37 38 37 0.0 0.0 1.0 0.0 285.0 2.0 2.0 0.6132282084975909
37 38 38 0.0 0.0 283.0 0.0 6646.0 23.0 777.0 0.15712682379349044
37 38 39 0.0 0.0 253.0 0.0 5633.0 22.0 421.0 0.1779133307917143
37 38 40 0.0 0.0 173.0 0.0 4047.0 16.0 176.0 0.22569724326938573
37 38 41 0.0 0.0 417.0 0.0 8530.0 18.0 1694.0 0.12801755669348935
37 38 42 0.0 0.0 60.0 0.0 1750.0 9.0 23.0 0.3684210526315789
37 38 43 0.0 0.0 159.0 0.0 3067.0 18.0 56.0 0.2688172043010752
37 38 44 0.0 0.0 82.0 0.0 1770.0 9.0 14.0 0.36420395421435997
37 39 36 0.0 0.0 1.0 0.0 31.0 0.0 0.0 0.6893156080748399
37 39 37 0.0 0.0 252.0 0.0 5325.0 24.0 306.0 0.1853322742917659
37 39 38 0.0 0.0 427.0 0.0 8465.0 25.0 1486.0 0.12866464479367704
37 39 39 0.0 0.0 615.0 0.0 10898.0 20.0 3738.0 0.10361160449970395
37 39 40 0.0 0.0 516.0 0.0 9652.0 20.0 2187.0 0.11515051817733178
37 39 41 0.0 0.0 427.0 0.0 8578.0 19.0 1611.0 0.12733060482037287
37 39 42 0.0 0.0 104.0 0.0 2676.0 15.0 65.0 0.29387069689336687
37 39 43 0.0 0.0 27.0 0.0 758.0 4.0 1.0 0.5034160373966199
37 39 44 0.0 0.0 2.0 0.0 62.0 0.0 0.0 0.6782945736434108
37 39 45 0.0 0.0 0.0 0.0 1.0 0.0 0.0 0.6996501749125437
37 40 36 0.0 0.0 18.0 0.0 388.0 3.0 1.0 0.5826050769870994
37 40 37 0.0 0.0 109.0 0.0 1989.0 12.0 17.0 0.3426333822809593
37 40 38 0.0 0.0 261.0 0.0 6531.0 21.0 703.0 0.1595078044890053
37 40 39 0.0 0.0 1121.0 0.0 12821.0 32.0 11981.0 0.08783487044356608
37 40 40 0.0 0.0 680.0 0.0 11309.0 22.0 5005.0 0.10007863321180926
37 40 41 0.0 0.0 587.0 0.0 10504.0 24.0 3558.0 0.10703363914373087
37 40 42 0.0 0.0 279.0 0.0 5786.0 16.0 424.0 0.17389144205688728
37 40 43 0.0 0.0 141.0 0.0 3048.0 20.0 70.0 0.2708454246469336
37 40 44 0.0 0.0 0.0 0.0 21.0 0.0 0.0 0.6927263730826323
37 40 45 0.0 0.0 0.0 0.0 1.0 0.0 0.0 0.6996501749125437
37 41 35 0.0 0.0 0.0 0.0 1.0 0.0 0.0 0.6996501749125437
37 41 36 0.0 0.0 109.0 0.0 2280.0 21.0 28.0 0.32058621479276384
37 41 37 0.0 0.0 148.0 0.0 3290.0 21.0 84.0 0.2583979328165374
37 41 38 0.0 0.0 189.0 0.0 4930.0 16.0 328.0 0.197072072072072
37 41 39 0.0 0.0 590.0 0.0 10498.0 20.0 3521.0 0.10705000764642911
37 41 40 0.0 0.0 602.0 0.0 10094.0 22.0 2489.0 0.1103404791929382
37 41 41 0.0 0.0 418.0 0.0 8864.0 25.0 1819.0 0.12423462596503682
37 41 42 0.0 0.0 127.0 0.0 3623.0 16.0 143.0 0.24402998082621571
37 41 43 0.0 0.0 46.0 0.0 1327.0 10.0 11.0 0.4164187983343247
37 41 44 0.0 0.0 0.0 0.0 7.0 1.0 0.0 0.6979062811565303
37 42 35 0.0 0.0 1.0 0.0 31.0 0.0 0.0 0.6889763779527558
37 42 36 0.0 0.0 0.0 0.0 11.0 0.0 0.0 0.6961710591745399
37 42 37 0.0 0.0 48.0 0.0 1038.0 10.0 7.0 0.45513654096228867
37 42 38 0.0 0.0 92.0 0.0 2845.0 12.0 88.0 0.2842639593908629
37 42 39 0.0 0.0 553.0 0.0 10084.0 18.0 2989.0 0.11078578776608371
37 42 40 0.0 0.0 850.0 0.0 12170.0 23.0 7297.0 0.09314703925482366
37 42 41 0.0 0.0 413.0 0.0 8977.0 23.0 1978.0 0.12304447178766037
37 42 42 0.0 0.0 536.0 0.0 9776.0 16.0 2423.0 0.11380263371809461
37 42 43 0.0 0.0 25.0 0.0 715.0 7.0 5.0 0.5122575923893158
37 42 44 0.0 0.0 0.0 0.0 7.0 0.0 0.0 0.6975585450921773
37 43 35 0.0 0.0 0.0 0.0 3.0 0.0 0.0 0.6989515726410384
37 43 36 0.0 0.0 0.0 0.0 4.0 0.0 0.0 0.6986027944111775
37 43 37 0.0 0.0 31.0 0.0 619.0 8.0 0.0 0.5299015897047691
37 43 38 0.0 0.0 323.0 0.0 7237.0 29.0 940.0 0.14681208053691275
37 43 39 0.0 0.0 432.0 0.0 9009.0 21.0 2073.0 0.12246326102169348
37 43 40 0.0 0.0 405.0 0.0 8373.0 15.0 1473.0 0.12997864636523998
37 43 41 0.0 0.0 240.0 0.0 5963.0 16.0 546.0 0.17094017094017094
37 43 42 0.0 0.0 61.0 0.0 1630.0 10.0 13.0 0.38033143167617495
37 43 43 0.0 0.0 56.0 0.0 1268.0 12.0 9.0 0.4227053140096617
37 43 44 0.0 0.0 0.0 0.0 1.0 0.0 0.0 0.6996501749125437
37 44 37 0.0 0.0 0.0 0.0 19.0 0.0 0.0 0.6934125804853887
37 44 38 0.0 0.0 3.0 0.0 83.0 2.0 0.0 0.6717850287907868
37 44 39 0.0 0.0 35.0 0.0 941.0 2.0 12.0 0.47058823529411764
37 44 40 0.0 0.0 28.0 0.0 898.0 4.0 5.0 0.47895997263085865
37 44 41 0.0 0.0 142.0 0.0 3188.0 20.0 75.0 0.263653483992467
37 44 42 0.0 0.0 44.0 0.0 901.0 7.0 2.0 0.4766768811712631
37 44 43 0.0 0.0 0.0 0.0 4.0 0.0 0.0 0.6986027944111775
37 44 44 0.0 0.0 0.0 0.0 1.0 0.0 0.0 0.6996501749125437
37 45 39 0.0 0.0 0.0 0.0 4.0 0.0 0.0 0.6986027944111775
37 45 40 0.0 0.0 0.0 0.0 5.0 0.0 0.0 0.6982543640897755
37 45 41 0.0 0.0 1.0 0.0 5.0 1.0 0.0 0.6982543640897755
37 45 42 0.0 0.0 0.0 0.0 2.0 0.0 0.0 0.6993006993006992
37 46 40 0.0 0.0 0.0 0.0 1.0 0.0 0.0 0.6996501749125437
38 34 40 0.0 0.0 0.0 0.0 1.0 0.0 0.0 0.6996501749125437
38 35 37 0.0 0.0 0.0 0.0 1.0 0.0 0.0 0.6996501749125437
38 35 39 0.0 0.0 0.0 0.0 9.0 0.0 0.0 0.6968641114982577
38 35 40 0.0 0.0 1.0 0.0 12.0 0.0 0.0 0.695479384003974
38 35 41 0.0 0.0 0.0 0.0 22.0 0.0 0.0 0.6923837784371908
38 35 42 0.0 0.0 0.0 0.0 8.0 1.0 0.0 0.6975585450921773
38 35 44 0.0 0.0 0.0 0.0 1.0 0.0 0.0 0.6996501749125437
38 36 36 0.0 0.0 0.0 0.0 19.0 0.0 0.0 0.6934125804853887
38 36 37 0.0 0.0 75.0 0.0 1395.0 9.0 6.0 0.4045073678127708
38 36 38 0.0 0.0 24.0 0.0 654.0 10.0 3.0 0.5247376311844076
38 36 39 0.0 0.0 22.0 0.0 614.0 3.0 3.0 0.5317128750474742
38 36 40 0.0 0.0 147.0 0.0 3361.0 18.0 99.0 0.2549626661810235
38 36 41 0.0 0.0 101.0 0.0 2541.0 13.0 62.0 0.3024411319939511
38 36 42 0.0 0.0 6.0 0.0 412.0 3.0 4.0 0.5804311774461027
38 36 43 0.0 0.0 17.0 0.0 419.0 4.0 2.0 0.575657894736842
38 36 44 0.0 0.0 0.0 0.0 17.0 0.0 0.0 0.694100148735746
38 37 35 0.0 0.0 0.0 0.0 5.0 0.0 0.0 0.6982543640897755
38 37 36 0.0 0.0 97.0 0.0 2195.0 17.0 33.0 0.3274087932647333
38 37 37 0.0 0.0 12.0 0.0 579.0 3.0 2.0 0.5409582689335393
38 37 38 0.0 0.0 371.0 0.0 7570.0 16.0 941.0 0.14097271171080453
38 37 39 0.0 0.0 238.0 0.0 5284.0 18.0 335.0 0.18656716417910446
38 37 40 0.0 0.0 603.0 0.0 10670.0 19.0 3659.0 0.10544550726820816
38 37 41 0.0 0.0 359.0 0.0 7557.0 22.0 1067.0 0.1414427157001414
38 37 42 0.0 0.0 566.0 0.0 10153.0 19.0 3171.0 0.11019283746556473
38 37 43 0.0 0.0 383.0 0.0 7822.0 28.0 1168.0 0.1374570446735395
38 37 44 0.0 0.0 34.0 0.0 692.0 5.0 1.0 0.5145167217934582
38 37 45 0.0 0.0 0.0 0.0 27.0 0.0 0.0 0.6906758756783422
38 38 35 0.0 0.0 1.0 0.0 16.0 1.0 0.0 0.6944444444444444
38 38 36 0.0 0.0 56.0 0.0 1310.0 5.0 11.0 0.41654269562630164
38 38 37 0.0 0.0 116.0 0.0 3262.0 19.0 112.0 0.2610966057441253
38 38 38 0.0 0.0 724.0 0.0 11575.0 23.0 6371.0 0.09796375341123784
38 38 39 0.0 0.0 895.0 0.0 12317.0 31.0 8175.0 0.0920447074293228
38 38 40 0.0 0.0 1279.0 0.0 12908.0 38.0 15831.0 0.08650519031141868
38 38 41 0.0 0.0 1154.0 0.0 12927.0 41.0 12495.0 0.08710801393728222
38 38 42 0.0 0.0 763.0 0.0 11687.0 26.0 4575.0 0.09692605926336195
38 38 43 0.0 0.0 152.0 0.0 2966.0 27.0 58.0 0.27494108405341705
38 38 44 0.0 0.0 5.0 0.0 213.0 0.0 0.0 0.6311992786293958
38 38 45 0.0 0.0 53.0 0.0 824.0 15.0 3.0 0.48916841369671554
38 39 35 0.0 0.0 2.0 0.0 41.0 1.0 0.0 0.6856023506366307
38 39 36 0.0 0.0 23.0 0.0 522.0 4.0 0.0 0.5509641873278236
38 39 37 0.0 0.0 336.0 0.0 7260.0 14.0 834.0 0.1459245361684386
38 39 38 0.0 0.0 1134.0 0.0 12946.0 26.0 12965.0 0.08702679181948156
38 39 39 0.0 0.0 1556.0 0.0 12283.0 52.0 23255.0 0.08846761453396523
38 39 40 0.0 0.0 1651.0 0.0 12986.0 43.0 21759.0 0.08412955952166334
38 39 41 0.0 0.0 1438.0 0.0 13000.0 50.0 18812.0 0.08520479581279289
38 39 42 0.0 0.0 718.0 0.0 11406.0 31.0 5264.0 0.09922041105598865
38 39 43 0.0 0.0 593.0 0.0 10333.0 28.0 3045.0 0.10844306738962045
38 39 44 0.0 0.0 49.0 0.0 1035.0 11.0 1.0 0.4555808656036446
38 39 45 0.0 0.0 3.0 0.0 33.0 2.0 0.0 0.6882989183874139
38 40 35 0.0 0.0 0.0 0.0 5.0 0.0 0.0 0.6982543640897755
38 40 36 0.0 0.0 8.0 0.0 299.0 3.0 0.0 0.6076388888888887
38 40 37 0.0 0.0 408.0 0.0 8087.0 19.0 1104.0 0.13354955642468758
38 40 38 0.0 0.0 1133.0 0.0 12956.0 44.0 12754.0 0.08712427655734643
38 40 39 0.0 0.0 2052.0 0.0 12050.0 47.0 33032.0 0.08684324793747285
38 40 40 0.0 0.0 1856.0 0.0 12573.0 45.0 26961.0 0.08521516829995739
38 40 41 0.0 0.0 1114.0 0.0 12771.0 46.0 12214.0 0.08825012607160866
38 40 42 0.0 0.0 1029.0 0.0 12689.0 29.0 10621.0 0.08907552331869949
38 40 43 0.0 0.0 354.0 0.0 7586.0 15.0 943.0 0.14097271171080453
38 40 44 0.0 0.0 0.0 0.0 87.0 0.0 1.0 0.670819357930043
38 40 45 0.0 0.0 5.0 0.0 75.0 1.0 0.0 0.6734006734006733
38 41 35 0.0 0.0 0.0 0.0 1.0 0.0 0.0 0.6996501749125437
38 41 36 0.0 0.0 1.0 0.0 122.0 1.0 0.0 0.6597549481621111
38 41 37 0.0 0.0 294.0 0.0 6385.0 16.0 572.0 0.16160683366039474
38 41 38 0.0 0.0 885.0 0.0 12270.0 34.0 7095.0 0.0925252792280748
38 41 39 0.0 0.0 1670.0 0.0 12380.0 46.0 24605.0 0.08714054525084028
38 41 40 0.0 0.0 1846.0 0.0 12517.0 52.0 27028.0 0.08558503484533561
38 41 41 0.0 0.0 1205.0 0.0 13056.0 51.0 14016.0 0.08616975441619991
38 41 42 0.0 0.0 724.0 0.0 11348.0 34.0 3992.0 0.09964412811387899
38 41 43 0.0 0.0 114.0 0.0 2570.0 15.0 62.0 0.2998500749625187
38 41 44 0.0 0.0 90.0 0.0 2107.0 12.0 30.0 0.334448160535117
38 41 45 0.0 0.0 0.0 0.0 2.0 0.0 0.0 0.6993006993006992
38 42 35 0.0 0.0 0.0 0.0 5.0 0.0 0.0 0.6986027944111775
38 42 36 0.0 0.0 105.0 0.0 2458.0 10.0 45.0 0.3075571177504393
38 42 37 0.0 0.0 258.0 0.0 5571.0 17.0 419.0 0.17918853193395617
38 42 38 0.0 0.0 740.0 0.0 11604.0 24.0 5879.0 0.09756097560975609
38 42 39 0.0 0.0 1251.0 0.0 12607.0 39.0 17164.0 0.0882445635045698
38 42 40 0.0 0.0 1195.0 0.0 12820.0 43.0 14216.0 0.08752188047011751
38 42 41 0.0 0.0 1384.0 0.0 12667.0 36.0 19061.0 0.08721111318756618
38 42 42 0.0 0.0 592.0 0.0 10171.0 20.0 2913.0 0.1097867001254705
38 42 43 0.0 0.0 24.0 0.0 575.0 4.0 1.0 0.5394990366088631
38 42 44 0.0 0.0 3.0 0.0 41.0 2.0 0.0 0.6856023506366307
38 43 34 0.0 0.0 0.0 0.0 1.0 0.0 0.0 0.6996501749125437
38 43 35 0.0 0.0 0.0 0.0 2.0 0.0 0.0 0.6993006993006992
38 43 36 0.0 0.0 7.0 0.0 156.0 2.0 1.0 0.6478482184173993
38 43 37 0.0 0.0 127.0 0.0 3369.0 18.0 102.0 0.2555677254472435
38 43 38 0.0 0.0 389.0 0.0 8372.0 27.0 1253.0 0.13032954757028484
38 43 39 0.0 0.0 419.0 0.0 8360.0 22.0 1296.0 0.1300631735414344
38 43 40 0.0 0.0 635.0 0.0 10958.0 20.0 4274.0 0.10305483989694515
38 43 41 0.0 0.0 522.0 0.0 10038.0 29.0 2719.0 0.11162494020092488
38 43 42 0.0 0.0 348.0 0.0 7051.0 28.0 747.0 0.14933333333333332
38 43 43 0.0 0.0 18.0 0.0 574.0 3.0 5.0 0.5407493240633449
38 43 44 0.0 0.0 0.0 0.0 2.0 0.0 0.0 0.6993006993006992
38 44 34 0.0 0.0 0.0 0.0 1.0 0.0 0.0 0.6996501749125437
38 44 36 0.0 0.0 0.0 0.0 1.0 0.0 0.0 0.6996501749125437
38 44 37 0.0 0.0 0.0 0.0 29.0 0.0 0.0 0.6899950714637751
38 44 38 0.0 0.0 35.0 0.0 765.0 7.0 1.0 0.5014326647564469
38 44 39 0.0 0.0 116.0 0.0 2563.0 20.0 50.0 0.300493668169135
38 44 40 0.0 0.0 189.0 0.0 4531.0 21.0 212.0 0.20892404118788238
38 44 41 0.0 0.0 299.0 0.0 6172.0 16.0 516.0 0.16548463356973991
38 44 42 0.0 0.0 6.0 0.0 219.0 2.0 1.0 0.6297795771479981
38 44 43 0.0 0.0 2.0 0.0 78.0 0.0 0.0 0.6730769230769229
38 45 38 0.0 0.0 0.0 0.0 4.0 0.0 0.0 0.6986027944111775
38 45 39 0.0 0.0 9.0 0.0 171.0 3.0 0.0 0.6430868167202571
38 45 40 0.0 0.0 76.0 0.0 1650.0 13.0 16.0 0.3770535954753568
38 45 41 0.0 0.0 153.0 0.0 3139.0 14.0 67.0 0.26515151515151514
38 45 42 0.0 0.0 1.0 0.0 26.0 0.0 0.0 0.6906758756783422
38 45 43 0.0 0.0 0.0 0.0 9.0 0.0 0.0 0.6968641114982577
38 46 41 0.0 0.0 0.0 0.0 2.0 0.0 0.0 0.6993006993006992
38 46 42 0.0 0.0 0.0 0.0 4.0 0.0 0.0 0.6986027944111775
39 35 37 0.0 0.0 0.0 0.0 7.0 0.0 0.0 0.6975585450921773
39 35 38 0.0 0.0 0.0 0.0 10.0 0.0 0.0 0.6965174129353233
39 35 39 0.0 0.0 22.0 0.0 334.0 8.0 0.0 0.5962521294718909
39 35 40 0.0 0.0 1.0 0.0 25.0 0.0 0.0 0.6910167818361302
39 35 41 0.0 0.0 35.0 0.0 620.0 8.0 1.0 0.528900642236494
39 35 42 0.0 0.0 15.0 0.0 328.0 2.0 0.0 0.5980350277659119
39 35 43 0.0 0.0 2.0 0.0 37.0 0.0 0.0 0.6866110838646394
39 36 35 0.0 0.0 0.0 0.0 3.0 0.0 0.0 0.6989515726410384
39 36 36 0.0 0.0 24.0 0.0 757.0 6.0 5.0 0.5045045045045045
39 36 37 0.0 0.0 55.0 0.0 977.0 6.0 4.0 0.4626569729015201
39 36 38 0.0 0.0 237.0 0.0 4631.0 21.0 228.0 0.20443925233644855
39 36 39 0.0 0.0 13.0 0.0 460.0 4.0 0.0 0.5670311867152693
39 36 40 0.0 0.0 153.0 0.0 3501.0 21.0 102.0 0.24849130280440182
39 36 41 0.0 0.0 318.0 0.0 6815.0 20.0 769.0 0.15354244351831542
39 36 42 0.0 0.0 124.0 0.0 3162.0 16.0 66.0 0.2656546489563567
39 36 43 0.0 0.0 20.0 0.0 650.0 3.0 4.0 0.5249343832020996
39 36 44 0.0 0.0 0.0 0.0 17.0 0.0 0.0 0.694100148735746
39 36 45 0.0 0.0 0.0 0.0 4.0 0.0 0.0 0.6986027944111775
39 37 35 0.0 0.0 0.0 0.0 4.0 0.0 0.0 0.6986027944111775
39 37 36 0.0 0.0 15.0 0.0 619.0 5.0 2.0 0.5325218714340052
39 37 37 0.0 0.0 618.0 0.0 10389.0 30.0 2845.0 0.10775032709920726
39 37 38 0.0 0.0 455.0 0.0 9170.0 31.0 1936.0 0.1206584504007584
39 37 39 0.0 0.0 486.0 0.0 8608.0 25.0 1316.0 0.12643366747945453
39 37 40 0.0 0.0 804.0 0.0 11914.0 24.0 6262.0 0.0951216197852969
39 37 41 0.0 0.0 1145.0 0.0 13083.0 36.0 13009.0 0.08629191321499012
39 37 42 0.0 0.0 885.0 0.0 12408.0 31.0 7226.0 0.09152719665271965
39 37 43 0.0 0.0 250.0 0.0 5400.0 20.0 396.0 0.18341412288746228
39 37 44 0.0 0.0 5.0 0.0 158.0 2.0 0.0 0.6478482184173993
39 37 45 0.0 0.0 0.0 0.0 11.0 0.0 0.0 0.6961710591745399
39 38 35 0.0 0.0 4.0 0.0 75.0 2.0 0.0 0.6740491092922483
39 38 36 0.0 0.0 135.0 0.0 3372.0 22.0 95.0 0.2551950419248997
39 38 37 0.0 0.0 758.0 0.0 11705.0 32.0 7538.0 0.09692605926336195
39 38 38 0.0 0.0 917.0 0.0 12379.0 22.0 7609.0 0.09154515137644673
39 38 39 0.0 0.0 1226.0 0.0 12969.0 27.0 14329.0 0.08641441886303314
39 38 40 0.0 0.0 2021.0 0.0 12151.0 54.0 31941.0 0.08661758336942398
39 38 41 0.0 0.0 1778.0 0.0 12732.0 40.0 25656.0 0.08478168715557438
39 38 42 0.0 0.0 840.0 0.0 12075.0 36.0 7400.0 0.09391561011605286
39 38 43 0.0 0.0 282.0 0.0 6143.0 24.0 456.0 0.1665278934221482
39 38 44 0.0 0.0 470.0 0.0 9026.0 28.0 1750.0 0.12200435729847493
39 38 45 0.0 0.0 0.0 0.0 17.0 0.0 0.0 0.694100148735746
39 39 35 0.0 0.0 0.0 0.0 37.0 0.0 0.0 0.6872852233676975
39 39 36 0.0 0.0 359.0 0.0 7148.0 25.0 827.0 0.14750816563059738
39 39 37 0.0 0.0 860.0 0.0 12238.0 23.0 6393.0 0.09270295325122499
39 39 38 0.0 0.0 1341.0 0.0 13043.0 50.0 15968.0 0.0855327468230694
39 39 39 0.0 0.0 2336.0 2.0 11888.0 62.0 38436.0 0.08638775762063432
39 39 40 0.0 0.0 3067.0 0.0 9813.0 75.0 62850.0 0.09420631182289213
39 39 41 0.0 0.0 2618.0 0.0 10879.0 68.0 48741.0 0.09041591320072331
39 39 42 0.0 0.0 1069.0 0.0 13183.0 27.0 9846.0 0.08611674970781817
39 39 43 0.0 0.0 490.0 0.0 9302.0 27.0 1758.0 0.11896668932698842
39 39 44 0.0 0.0 40.0 0.0 804.0 7.0 5.0 0.4938271604938271
39 39 45 0.0 0.0 0.0 0.0 19.0 0.0 0.0 0.6934125804853887
39 40 35 0.0 0.0 0.0 0.0 33.0 0.0 0.0 0.6886374815543531
39 40 36 0.0 0.0 95.0 0.0 2299.0 13.0 40.0 0.31948881789137373
39 40 37 0.0 0.0 466.0 0.0 9630.0 24.0 2423.0 0.11586526524869652
39 40 38 0.0 0.0 1611.0 0.0 12554.0 46.0 23156.0 0.08662294270511074
39 40 39 2.0 0.0 3148.0 0.0 9184.0 73.0 68403.0 0.09766306243460061
39 40 40 1.0 0.0 2858.0 1.0 11029.0 54.0 51149.0 0.0880281690140845
39 40 41 1.0 1.0 2031.0 1.0 12364.0 56.0 31646.0 0.08538667967797023
39 40 42 0.0 0.0 1263.0 0.0 12951.0 44.0 14626.0 0.08640375239153242
39 40 43 0.0 0.0 245.0 0.0 5492.0 20.0 398.0 0.18130018130018127
39 40 44 0.0 0.0 147.0 0.0 3613.0 17.0 118.0 0.24364775495997212
39 40 45 0.0 0.0 0.0 0.0 1.0 0.0 0.0 0.6996501749125437
39 41 35 0.0 0.0 2.0 0.0 65.0 1.0 0.0 0.6776379477250725
39 41 36 0.0 0.0 112.0 0.0 2411.0 17.0 35.0 0.31062791213667623
39 41 37 0.0 0.0 526.0 0.0 9775.0 29.0 2584.0 0.11400651465798045
39 41 38 0.0 0.0 1333.0 0.0 13065.0 34.0 15125.0 0.08535544445799291
39 41 39 0.0 1.0 2522.0 0.0 11585.0 57.0 41819.0 0.08690254500310365
39 41 40 0.0 0.0 2772.0 0.0 10686.0 61.0 51335.0 0.09060902206976894
39 41 41 0.0 0.0 2361.0 0.0 11343.0 57.0 42263.0 0.08911521323997454
39 41 42 0.0 0.0 950.0 0.0 12569.0 41.0 8662.0 0.0903400658191908
39 41 43 0.0 0.0 719.0 0.0 11545.0 28.0 5091.0 0.09821804405780832
39 41 44 0.0 0.0 36.0 0.0 876.0 10.0 6.0 0.48242591316333555
39 41 45 0.0 0.0 0.0 0.0 9.0 0.0 0.0 0.6968641114982577
39 42 35 0.0 0.0 3.0 0.0 71.0 1.0 0.0 0.6753497346840327
39 42 36 0.0 0.0 93.0 0.0 2660.0 13.0 65.0 0.2953586497890295
39 42 37 0.0 0.0 488.0 0.0 9028.0 31.0 1747.0 0.12177089675567536
39 42 38 0.0 0.0 997.0 0.0 12642.0 31.0 9435.0 0.08953696597595291
39 42 39 0.0 0.0 1052.0 0.0 12761.0 29.0 11042.0 0.0885459490228322
39 42 40 0.0 0.0 1557.0 0.0 12791.0 36.0 20865.0 0.08561643835616438
39 42 41 0.0 0.0 1142.0 0.0 12820.0 41.0 12029.0 0.08775228782750406
39 42 42 0.0 0.0 507.0 0.0 10037.0 23.0 3088.0 0.11166945840312673
39 42 43 0.0 0.0 130.0 0.0 2767.0 16.0 53.0 0.2867677181482998
39 42 44 0.0 0.0 21.0 0.0 535.0 3.0 0.0 0.5483744614179396
39 42 45 0.0 0.0 0.0 0.0 4.0 0.0 0.0 0.6986027944111775
39 43 35 0.0 0.0 115.0 0.0 2415.0 15.0 37.0 0.31000885739592554
39 43 36 0.0 0.0 3.0 0.0 89.0 1.0 0.0 0.669536107125777
39 43 37 0.0 0.0 150.0 0.0 3580.0 14.0 111.0 0.2449265220433869
39 43 38 0.0 0.0 365.0 0.0 7179.0 27.0 793.0 0.14704337779644994
39 43 39 0.0 0.0 637.0 0.0 11067.0 35.0 4205.0 0.10235414534288638
39 43 40 0.0 0.0 1032.0 0.0 12673.0 30.0 11652.0 0.08918333545674607
39 43 41 0.0 0.0 408.0 0.0 8453.0 16.0 1567.0 0.12904415153470364
39 43 42 0.0 0.0 605.0 0.0 10787.0 26.0 3960.0 0.1044698156853966
39 43 43 0.0 0.0 19.0 0.0 477.0 7.0 1.0 0.562700964630225
39 43 44 0.0 0.0 0.0 0.0 11.0 0.0 0.0 0.6961710591745399
39 43 45 0.0 0.0 0.0 0.0 5.0 0.0 0.0 0.6982543640897755
39 44 34 0.0 0.0 0.0 0.0 1.0 0.0 0.0 0.6996501749125437
39 44 36 0.0 0.0 0.0 0.0 8.0 0.0 0.0 0.697211155378486
39 44 37 0.0 0.0 2.0 0.0 26.0 0.0 0.0 0.690335305719921
39 44 38 0.0 0.0 14.0 0.0 301.0 2.0 1.0 0.6052745352356247
39 44 39 0.0 0.0 396.0 0.0 7749.0 36.0 1085.0 0.13840830449826988
39 44 40 0.0 0.0 411.0 0.0 7898.0 29.0 1010.0 0.13612056392805055
39 44 41 0.0 0.0 563.0 0.0 10085.0 29.0 3022.0 0.11082963901203291
39 44 42 0.0 0.0 296.0 0.0 6472.0 17.0 704.0 0.15987210231814544
39 44 43 0.0 0.0 17.0 0.0 277.0 4.0 0.0 0.6113537117903929
39 44 44 0.0 0.0 0.0 0.0 1.0 0.0 0.0 0.6996501749125437
39 45 38 0.0 0.0 0.0 0.0 7.0 0.0 0.0 0.6975585450921773
39 45 39 0.0 0.0 3.0 0.0 106.0 2.0 0.0 0.6644518272425248
39 45 40 0.0 0.0 2.0 0.0 84.0 1.0 0.0 0.6714628297362109
39 45 41 0.0 0.0 15.0 0.0 354.0 2.0 1.0 0.5914659907055343
39 45 42 0.0 0.0 37.0 0.0 789.0 9.0 1.0 0.49698260560880364
39 45 43 0.0 0.0 0.0 0.0 9.0 0.0 0.0 0.697211155378486
39 46 41 0.0 0.0 0.0 0.0 2.0 0.0 0.0 0.6993006993006992
39 46 42 0.0 0.0 0.0 0.0 1.0 0.0 0.0 0.6996501749125437
40 34 37 0.0 0.0 0.0 0.0 2.0 0.0 0.0 0.6993006993006992
40 34 39 0.0 0.0 0.0 0.0 4.0 0.0 0.0 0.6986027944111775
40 35 37 0.0 0.0 0.0 0.0 1.0 0.0 0.0 0.6996501749125437
40 35 38 0.0 0.0 2.0 0.0 65.0 1.0 0.0 0.6776379477250725
40 35 39 0.0 0.0 15.0 0.0 261.0 9.0 0.0 0.6175562417291574
40 35 40 0.0 0.0 36.0 0.0 966.0 10.0 8.0 0.4680708793045803
40 35 41 0.0 0.0 1.0 0.0 74.0 1.0 0.0 0.6750241080038573
40 35 42 0.0 0.0 0.0 0.0 32.0 0.0 0.0 0.6889763779527558
40 35 43 0.0 0.0 0.0 0.0 3.0 0.0 0.0 0.6989515726410384
40 36 35 0.0 0.0 0.0 0.0 2.0 0.0 0.0 0.6993006993006992
40 36 36 0.0 0.0 0.0 0.0 24.0 0.0 0.0 0.6916996047430829
40 36 37 0.0 0.0 34.0 0.0 698.0 13.0 2.0 0.514895182052225
40 36 38 0.0 0.0 204.0 0.0 4639.0 18.0 199.0 0.20512820512820507
40 36 39 0.0 0.0 332.0 0.0 6692.0 24.0 560.0 0.1554691837867851
40 36 40 0.0 0.0 166.0 0.0 4397.0 22.0 230.0 0.21390374331550796
40 36 41 0.0 0.0 333.0 0.0 7360.0 22.0 986.0 0.14461315979754158
40 36 42 0.0 0.0 198.0 0.0 4414.0 16.0 194.0 0.21218551076083658
40 36 43 0.0 0.0 115.0 0.0 2495.0 20.0 37.0 0.3050108932461873
40 36 44 0.0 0.0 1.0 0.0 35.0 1.0 0.0 0.6879606879606879
40 37 36 0.0 0.0 133.0 0.0 3033.0 10.0 56.0 0.27158098933074676
40 37 37 0.0 0.0 304.0 0.0 6198.0 18.0 482.0 0.1649970536240424
40 37 38 0.0 0.0 850.0 0.0 12154.0 31.0 7082.0 0.09333333333333332
40 37 39 0.0 0.0 618.0 0.0 10715.0 24.0 3313.0 0.1050972149238045
40 37 40 0.0 0.0 626.0 0.0 10960.0 33.0 3803.0 0.10312315851502651
40 37 41 0.0 0.0 996.0 0.0 12375.0 23.0 11322.0 0.09103322712790167
40 37 42 0.0 0.0 681.0 0.0 11257.0 23.0 3889.0 0.10053138015223322
40 37 43 0.0 0.0 432.0 0.0 8214.0 23.0 1217.0 0.13173990778206454
40 37 44 0.0 0.0 198.0 0.0 4385.0 11.0 163.0 0.21299254526091585
40 37 45 0.0 0.0 0.0 0.0 16.0 0.0 0.0 0.6944444444444444
40 38 35 0.0 0.0 0.0 0.0 14.0 0.0 0.0 0.6951340615690167
40 38 36 0.0 0.0 24.0 0.0 885.0 8.0 5.0 0.48259220958290233
40 38 37 0.0 0.0 330.0 0.0 7043.0 30.0 823.0 0.14978067829250025
40 38 38 0.0 0.0 1633.0 0.0 12097.0 49.0 26380.0 0.08897362567524625
40 38 39 0.0 0.0 1164.0 0.0 13231.0 45.0 10854.0 0.08540230586225828
40 38 40 0.0 0.0 1688.0 0.0 12805.0 44.0 23203.0 0.08486905916585838
40 38 41 0.0 0.0 1732.0 0.0 12621.0 47.0 25445.0 0.08559550012227927
40 38 42 0.0 0.0 1794.0 0.0 12596.0 55.0 26415.0 0.08550662676357416
40 38 43 0.0 0.0 673.0 0.0 11220.0 31.0 5084.0 0.10082823190493337
40 38 44 0.0 0.0 28.0 0.0 865.0 6.0 7.0 0.48510048510048503
40 38 45 0.0 0.0 1.0 0.0 44.0 0.0 0.0 0.6845965770171147
40 39 35 0.0 0.0 3.0 0.0 111.0 1.0 0.0 0.6625650733554187
40 39 36 0.0 0.0 315.0 0.0 6851.0 23.0 672.0 0.1530221882172915
40 39 37 0.0 0.0 663.0 0.0 10965.0 18.0 3974.0 0.1027824682475589
40 39 38 0.0 0.0 1349.0 0.0 13033.0 42.0 15908.0 0.0855014046659338
40 39 39 0.0 0.0 2619.0 0.0 10836.0 53.0 49394.0 0.09049188804860707
40 39 40 0.0 0.0 3153.0 1.0 10714.0 57.0 56340.0 0.08819453193901977
40 39 41 0.0 0.0 3136.0 0.0 10083.0 73.0 60323.0 0.0920447074293228
40 39 42 0.0 0.0 1733.0 0.0 13076.0 56.0 23696.0 0.08336807002917881
40 39 43 0.0 0.0 796.0 0.0 11908.0 31.0 6224.0 0.09523161689680973
40 39 44 0.0 0.0 31.0 0.0 1179.0 8.0 15.0 0.4372267332916926
40 39 45 0.0 0.0 1.0 0.0 81.0 0.0 0.0 0.6724303554274734
40 40 35 0.0 0.0 42.0 0.0 762.0 12.0 0.0 0.5014326647564469
40 40 36 0.0 0.0 482.0 0.0 9023.0 19.0 1830.0 0.12178148921363952
40 40 37 0.0 0.0 984.0 0.0 12356.0 32.0 11989.0 0.09127061738053327
40 40 38 0.0 0.0 1464.0 0.0 12895.0 46.0 18822.0 0.0856269113149847
40 40 39 1.0 0.0 2509.0 0.0 11498.0 56.0 40777.0 0.08741804558226662
40 40 40 8.0 12.0 3489.0 18.0 5886.0 63.0 108460.0 0.12252756870295815
40 40 41 0.0 0.0 2417.0 1.0 12049.0 62.0 37642.0 0.08511673151750972
40 40 42 0.0 0.0 1424.0 0.0 13232.0 40.0 15827.0 0.08406388855530202
40 40 43 0.0 0.0 504.0 0.0 9520.0 14.0 2354.0 0.11646285666749853
40 40 44 0.0 0.0 58.0 0.0 1301.0 12.0 11.0 0.4182850313713773
40 40 45 0.0 0.0 0.0 0.0 24.0 0.0 0.0 0.6916996047430829
40 41 35 0.0 0.0 6.0 0.0 111.0 0.0 0.0 0.6613131790269249
40 41 36 0.0 0.0 239.0 0.0 5433.0 16.0 399.0 0.1827199164708953
40 41 37 0.0 0.0 941.0 0.0 12554.0 36.0 8976.0 0.09043343453265291
40 41 38 0.0 0.0 1775.0 0.0 12663.0 35.0 25491.0 0.08513225904530251
40 41 39 0.0 0.0 2382.0 1.0 12165.0 53.0 36724.0 0.08456659619450316
40 41 40 0.0 5.0 2653.0 15.0 11286.0 71.0 45454.0 0.08772479478664075
40 41 41 0.0 0.0 2512.0 1.0 10815.0 50.0 46813.0 0.09120521172638436
40 41 42 0.0 0.0 1119.0 0.0 12940.0 34.0 10587.0 0.08716767324575056
40 41 43 0.0 0.0 681.0 0.0 11186.0 31.0 5100.0 0.10105384726432798
40 41 44 0.0 0.0 5.0 0.0 412.0 3.0 2.0 0.5806719203649937
40 41 45 0.0 0.0 0.0 0.0 11.0 0.0 0.0 0.6961710591745399
40 42 35 0.0 0.0 1.0 0.0 36.0 0.0 0.0 0.6872852233676975
40 42 36 0.0 0.0 607.0 0.0 10187.0 26.0 2631.0 0.10949475989363365
40 42 37 0.0 0.0 496.0 0.0 9684.0 30.0 2595.0 0.11515999012914369
40 42 38 0.0 0.0 874.0 0.0 12356.0 35.0 7637.0 0.0920326058374967
40 42 39 0.0 0.0 1828.0 0.0 11880.0 40.0 30307.0 0.08906418983395889
40 42 40 0.0 0.0 1229.0 2.0 13199.0 30.0 12662.0 0.08517887563884156
40 42 41 0.0 0.0 1694.0 0.0 12548.0 46.0 24029.0 0.08620158857213224
40 42 42 0.0 0.0 682.0 0.0 11152.0 31.0 3917.0 0.10128047457136655
40 42 43 0.0 0.0 251.0 0.0 5886.0 25.0 482.0 0.1724562700172456
40 42 44 0.0 0.0 217.0 0.0 5323.0 13.0 400.0 0.1859476690131491
40 42 45 0.0 0.0 1.0 0.0 6.0 0.0 0.0 0.6975585450921773
40 43 35 0.0 0.0 1.0 0.0 43.0 0.0 0.0 0.684931506849315
40 43 36 0.0 0.0 37.0 0.0 1137.0 4.0 5.0 0.4416403785488959
40 43 37 0.0 0.0 242.0 0.0 5320.0 13.0 343.0 0.18547959724430307
40 43 38 0.0 0.0 175.0 0.0 4415.0 15.0 229.0 0.21292775665399238
40 43 39 0.0 0.0 720.0 0.0 11608.0 24.0 4738.0 0.09773123909249562
40 43 40 0.0 0.0 939.0 0.0 12454.0 31.0 9118.0 0.09099772505687358
40 43 41 0.0 0.0 654.0 0.0 10617.0 21.0 3366.0 0.10551703346397347
40 43 42 0.0 0.0 335.0 0.0 7211.0 23.0 861.0 0.14688909873045847
40 43 43 0.0 0.0 146.0 0.0 2996.0 18.0 62.0 0.27322404371584696
40 43 44 0.0 0.0 0.0 0.0 16.0 0.0 0.0 0.6944444444444444
40 43 45 0.0 0.0 5.0 0.0 142.0 1.0 0.0 0.6523765144454798
40 44 34 0.0 0.0 0.0 0.0 5.0 0.0 0.0 0.6982543640897755
40 44 35 0.0 0.0 0.0 0.0 2.0 0.0 0.0 0.6993006993006992
40 44 36 0.0 0.0 0.0 0.0 16.0 0.0 0.0 0.6944444444444444
40 44 37 0.0 0.0 0.0 0.0 30.0 0.0 0.0 0.689655172413793
40 44 38 0.0 0.0 18.0 0.0 565.0 8.0 0.0 0.5436893203883495
40 44 39 0.0 0.0 312.0 0.0 6881.0 13.0 782.0 0.15240583496625296
40 44 40 0.0 0.0 274.0 0.0 6200.0 22.0 559.0 0.1656412683388547
40 44 41 0.0 0.0 57.0 0.0 1475.0 8.0 13.0 0.39738858927050796
40 44 42 0.0 0.0 140.0 0.0 3514.0 19.0 111.0 0.24849130280440182
40 44 43 0.0 0.0 14.0 0.0 345.0 3.0 3.0 0.5942275042444821
40 45 37 0.0 0.0 0.0 0.0 2.0 0.0 0.0 0.6993006993006992
40 45 38 0.0 0.0 0.0 0.0 26.0 0.0 0.0 0.6910167818361302
40 45 39 0.0 0.0 0.0 0.0 38.0 0.0 0.0 0.6869479882237487
40 45 40 0.0 0.0 3.0 0.0 86.0 1.0 0.0 0.6704980842911876
40 45 41 0.0 0.0 0.0 0.0 40.0 0.0 0.0 0.6862745098039215
40 45 42 0.0 0.0 0.0 0.0 27.0 0.0 0.0 0.6906758756783422
40 45 43 0.0 0.0 0.0 0.0 5.0 0.0 0.0 0.6982543640897755
41 35 37 0.0 0.0 0.0 0.0 2.0 0.0 0.0 0.6993006993006992
41 35 38 0.0 0.0 117.0 0.0 2618.0 14.0 32.0 0.2964845404489623
41 35 39 0.0 0.0 17.0 0.0 491.0 3.0 2.0 0.558882235528942
41 35 40 0.0 0.0 19.0 0.0 657.0 5.0 3.0 0.5245410266017234
41 35 41 0.0 0.0 0.0 0.0 25.0 0.0 0.0 0.6913580246913579
41 35 42 0.0 0.0 0.0 0.0 19.0 0.0 0.0 0.6934125804853887
41 35 43 0.0 0.0 0.0 0.0 4.0 0.0 0.0 0.6986027944111775
41 35 44 0.0 0.0 0.0 0.0 2.0 0.0 0.0 0.6993006993006992
41 36 36 0.0 0.0 0.0 0.0 10.0 0.0 0.0 0.6965174129353233
41 36 37 0.0 0.0 1.0 0.0 94.0 0.0 0.0 0.6685768863419292
41 36 38 0.0 0.0 81.0 0.0 1691.0 8.0 17.0 0.37184594953519245
41 36 39 0.0 0.0 650.0 0.0 10886.0 18.0 4232.0 0.10342789598108747
41 36 40 0.0 0.0 274.0 0.0 6242.0 26.0 553.0 0.16482222745467387
41 36 41 0.0 0.0 133.0 0.0 2886.0 11.0 62.0 0.27955271565495204
41 36 42 0.0 0.0 56.0 0.0 1402.0 15.0 10.0 0.4066221318617484
41 36 43 0.0 0.0 132.0 0.0 3607.0 19.0 140.0 0.244798041615667
41 36 44 0.0 0.0 3.0 0.0 99.0 2.0 0.0 0.6666666666666665
41 36 45 0.0 0.0 0.0 0.0 3.0 0.0 0.0 0.6989515726410384
41 37 35 0.0 0.0 0.0 0.0 3.0 0.0 0.0 0.6989515726410384
41 37 36 0.0 0.0 6.0 0.0 117.0 2.0 0.0 0.66006600660066
41 37 37 0.0 0.0 262.0 0.0 5786.0 21.0 374.0 0.17436791630340018
41 37 38 0.0 0.0 244.0 0.0 6243.0 29.0 608.0 0.165406427221172
41 37 39 1.0 0.0 882.0 0.0 12248.0 27.0 8135.0 0.09250693802035151
41 37 40 0.0 0.0 712.0 0.0 11512.0 22.0 4938.0 0.09849444209933866
41 37 41 0.0 0.0 761.0 0.0 11805.0 28.0 5850.0 0.09614724263443444
41 37 42 0.0 0.0 883.0 0.0 12445.0 30.0 7369.0 0.09135995823544765
41 37 43 0.0 0.0 676.0 0.0 10746.0 25.0 3746.0 0.10438413361169102
41 37 44 0.0 0.0 19.0 0.0 564.0 7.0 3.0 0.5434782608695652
41 37 45 0.0 0.0 2.0 0.0 28.0 0.0 0.0 0.689655172413793
41 38 35 0.0 0.0 4.0 0.0 98.0 0.0 0.0 0.6660323501427211
41 38 36 0.0 0.0 26.0 0.0 722.0 7.0 1.0 0.511135450894487
41 38 37 0.0 0.0 593.0 0.0 10353.0 25.0 2902.0 0.10822510822510821
41 38 38 0.0 0.0 846.0 0.0 12228.0 33.0 7217.0 0.09293063391968137
41 38 39 0.0 0.0 1415.0 0.0 12937.0 39.0 18639.0 0.08563214875527554
41 38 40 0.0 0.0 1946.0 0.0 12472.0 51.0 28770.0 0.08529823920063363
41 38 41 0.0 0.0 1797.0 0.0 12533.0 48.0 26985.0 0.08578957043936514
41 38 42 0.0 0.0 1789.0 0.0 11828.0 48.0 29759.0 0.08964015879113842
41 38 43 0.0 0.0 782.0 0.0 11978.0 29.0 5868.0 0.09490238611713664
41 38 44 0.0 0.0 254.0 0.0 6249.0 16.0 649.0 0.16480282519128894
41 38 45 0.0 0.0 3.0 0.0 73.0 0.0 0.0 0.6743737957610789
41 39 35 0.0 0.0 0.0 0.0 56.0 0.0 0.0 0.6809338521400777
41 39 36 0.0 0.0 390.0 0.0 7623.0 18.0 974.0 0.13993003498250875
41 39 37 0.0 0.0 405.0 0.0 8104.0 17.0 1203.0 0.13323182337266842
41 39 38 0.0 0.0 1283.0 0.0 13119.0 32.0 15316.0 0.08535544445799291
41 39 39 0.0 0.0 2240.0 1.0 12211.0 57.0 34848.0 0.08510638297872339
41 39 40 1.0 0.0 3305.0 0.0 9400.0 71.0 66753.0 0.09508931603613394
41 39 41 0.0 0.0 3377.0 0.0 7946.0 58.0 81259.0 0.10504201680672268
41 39 42 0.0 0.0 1959.0 0.0 12364.0 51.0 29363.0 0.08577905765578088
41 39 43 0.0 0.0 748.0 0.0 11705.0 26.0 5771.0 0.09692605926336195
41 39 44 0.0 0.0 256.0 0.0 6186.0 18.0 554.0 0.16613266880265812
41 39 45 0.0 0.0 0.0 0.0 42.0 0.0 0.0 0.6856023506366307
41 40 35 0.0 0.0 13.0 0.0 313.0 3.0 0.0 0.6029285099052539
41 40 36 0.0 0.0 535.0 0.0 10123.0 23.0 3215.0 0.11062821019359935
41 40 37 0.0 0.0 595.0 0.0 10689.0 21.0 3676.0 0.1053978769856207
41 40 38 0.0 0.0 1581.0 0.0 12802.0 35.0 21927.0 0.08549618320610686
41 40 39 0.0 0.0 2852.0 1.0 10361.0 63.0 54943.0 0.0919781880296958
41 40 40 0.0 0.0 2232.0 2.0 13151.0 45.0 29617.0 0.08044127786715696
41 40 41 0.0 0.0 2678.0 0.0 10959.0 63.0 48767.0 0.08955414827608264
41 40 42 0.0 0.0 2167.0 0.0 11783.0 58.0 36481.0 0.08775228782750406
41 40 43 0.0 0.0 1051.0 0.0 12555.0 35.0 12124.0 0.08971483498878563
41 40 44 0.0 0.0 481.0 0.0 9004.0 23.0 1760.0 0.12200435729847493
41 40 45 0.0 0.0 1.0 0.0 70.0 0.0 0.0 0.6760019314340897
41 41 35 0.0 0.0 9.0 0.0 213.0 4.0 0.0 0.6311992786293958
41 41 36 0.0 0.0 143.0 0.0 3421.0 21.0 122.0 0.25266197437285687
41 41 37 0.0 0.0 885.0 0.0 12333.0 45.0 8495.0 0.09208103130755063
41 41 38 0.0 0.0 1226.0 0.0 12818.0 33.0 15092.0 0.0872437215678943
41 41 39 0.0 0.0 2401.0 0.0 11522.0 49.0 41193.0 0.08784038147822812
41 41 40 0.0 0.0 2937.0 1.0 9795.0 69.0 59996.0 0.09508931603613394
41 41 41 0.0 5.0 1893.0 19.0 13211.0 36.0 25454.0 0.08171365201657618
41 41 42 0.0 0.0 981.0 0.0 12588.0 38.0 9044.0 0.09000900090009
41 41 43 0.0 0.0 656.0 0.0 10933.0 35.0 3832.0 0.10320678215997049
41 41 44 0.0 0.0 192.0 0.0 4765.0 19.0 254.0 0.2017581784118749
41 41 45 0.0 0.0 0.0 0.0 28.0 0.0 0.0 0.690335305719921
41 42 35 0.0 0.0 0.0 0.0 30.0 0.0 0.0 0.689655172413793
41 42 36 0.0 0.0 365.0 0.0 7868.0 25.0 1216.0 0.13702652442008414
41 42 37 0.0 0.0 576.0 0.0 9916.0 26.0 2438.0 0.11222444889779558
41 42 38 0.0 0.0 622.0 0.0 10894.0 35.0 3766.0 0.10371906949177655
41 42 39 0.0 0.0 947.0 0.0 12474.0 38.0 7835.0 0.09085009733939
41 42 40 0.0 0.0 1144.0 0.0 12857.0 45.0 13017.0 0.08756567425569176
41 42 41 0.0 0.0 1171.0 1.0 12912.0 37.0 12839.0 0.08710801393728222
41 42 42 0.0 0.0 533.0 0.0 9746.0 23.0 2626.0 0.1141645600587132
41 42 43 0.0 0.0 264.0 0.0 5848.0 23.0 463.0 0.17296763034346424
41 42 44 0.0 0.0 44.0 0.0 1071.0 9.0 2.0 0.4507405022537025
41 42 45 0.0 0.0 5.0 0.0 175.0 1.0 0.0 0.6424965580541532
41 43 35 0.0 0.0 8.0 0.0 159.0 1.0 0.0 0.6463527239150507
41 43 36 0.0 0.0 0.0 0.0 81.0 0.0 0.0 0.6727534839019701
41 43 37 0.0 0.0 157.0 0.0 3242.0 20.0 80.0 0.2601263470828688
41 43 38 0.0 0.0 223.0 0.0 5441.0 23.0 390.0 0.18317414627763964
41 43 39 0.0 0.0 665.0 0.0 11093.0 34.0 4257.0 0.10191453738079638
41 43 40 0.0 0.0 389.0 0.0 8036.0 15.0 1156.0 0.1344602381867076
41 43 41 0.0 0.0 519.0 0.0 9697.0 26.0 2180.0 0.11476350520534469
41 43 42 0.0 0.0 636.0 0.0 10778.0 36.0 3557.0 0.10455563853622105
41 43 43 0.0 0.0 55.0 0.0 1074.0 12.0 4.0 0.44914982354828353
41 43 44 0.0 0.0 0.0 0.0 8.0 0.0 0.0 0.697211155378486
41 43 45 0.0 0.0 0.0 0.0 3.0 0.0 0.0 0.6989515726410384
41 44 35 0.0 0.0 1.0 0.0 19.0 0.0 0.0 0.6930693069306929
41 44 36 0.0 0.0 4.0 0.0 140.0 1.0 0.0 0.6532897806812878
41 44 37 0.0 0.0 0.0 0.0 24.0 0.0 0.0 0.6916996047430829
41 44 38 0.0 0.0 277.0 0.0 6193.0 24.0 486.0 0.16571969696969696
41 44 39 0.0 0.0 96.0 0.0 2469.0 14.0 49.0 0.3075571177504393
41 44 40 0.0 0.0 21.0 0.0 643.0 4.0 2.0 0.5263157894736842
41 44 41 0.0 0.0 238.0 0.0 5165.0 16.0 310.0 0.18947083502503717
41 44 42 0.0 0.0 3.0 0.0 143.0 1.0 0.0 0.6526806526806526
41 44 43 0.0 0.0 2.0 0.0 104.0 1.0 0.0 0.6650831353919239
41 44 44 0.0 0.0 0.0 0.0 2.0 0.0 0.0 0.6993006993006992
41 45 37 0.0 0.0 4.0 0.0 49.0 2.0 0.0 0.68259385665529
41 45 38 0.0 0.0 0.0 0.0 18.0 0.0 0.0 0.694100148735746
41 45 39 0.0 0.0 1.0 0.0 46.0 0.0 0.0 0.6839276990718123
41 45 40 0.0 0.0 5.0 0.0 132.0 0.0 0.0 0.6551240056153486
41 45 41 0.0 0.0 0.0 0.0 5.0 0.0 0.0 0.6982543640897755
41 45 42 0.0 0.0 0.0 0.0 4.0 0.0 0.0 0.6986027944111775
42 34 39 0.0 0.0 0.0 0.0 1.0 0.0 0.0 0.6996501749125437
42 35 38 0.0 0.0 2.0 0.0 80.0 0.0 0.0 0.6727534839019701
42 35 39 0.0 0.0 21.0 0.0 389.0 4.0 0.0 0.5818786367414795
42 35 40 0.0 0.0 0.0 0.0 54.0 0.0 0.0 0.6815968841285296
42 35 41 0.0 0.0 6.0 0.0 148.0 1.0 0.0 0.6502554575011611
42 35 42 0.0 0.0 0.0 0.0 8.0 0.0 0.0 0.697211155378486
42 35 43 0.0 0.0 0.0 0.0 10.0 0.0 0.0 0.6965174129353233
42 35 44 0.0 0.0 0.0 0.0 5.0 0.0 0.0 0.6982543640897755
42 36 36 0.0 0.0 3.0 0.0 38.0 1.0 0.0 0.6862745098039215
42 36 37 0.0 0.0 0.0 0.0 7.0 0.0 0.0 0.6975585450921773
42 36 38 0.0 0.0 51.0 0.0 1352.0 9.0 12.0 0.412492634060106
42 36 39 0.0 0.0 467.0 0.0 8954.0 18.0 1840.0 0.1225812100516592
42 36 40 0.0 0.0 137.0 0.0 3401.0 12.0 108.0 0.2533478103510677
42 36 41 0.0 0.0 369.0 0.0 7502.0 22.0 849.0 0.1420887039480361
42 36 42 0.0 0.0 138.0 0.0 3362.0 18.0 97.0 0.2551950419248997
42 36 43 0.0 0.0 147.0 0.0 3354.0 23.0 97.0 0.2555210804891403
42 36 44 0.0 0.0 0.0 0.0 111.0 1.0 0.0 0.6635071090047392
42 36 45 0.0 0.0 0.0 0.0 1.0 0.0 0.0 0.6996501749125437
42 37 35 0.0 0.0 1.0 0.0 11.0 0.0 0.0 0.6958250497017892
42 37 36 0.0 0.0 0.0 0.0 26.0 0.0 0.0 0.6910167818361302
42 37 37 0.0 0.0 14.0 0.0 390.0 3.0 0.0 0.5835764902042517
42 37 38 0.0 0.0 248.0 0.0 5613.0 25.0 395.0 0.1786625829504849
42 37 39 0.0 0.0 780.0 0.0 11770.0 24.0 5272.0 0.09624639076034647
42 37 40 0.0 0.0 1204.0 0.0 12701.0 41.0 14231.0 0.08802263439170072
42 37 41 0.0 0.0 1075.0 0.0 12814.0 28.0 10151.0 0.08806693086745926
42 37 42 0.0 0.0 475.0 0.0 9209.0 26.0 1962.0 0.11997600479904018
42 37 43 0.0 0.0 626.0 0.0 11001.0 17.0 5004.0 0.10275983558426305
42 37 44 0.0 0.0 167.0 0.0 3509.0 13.0 91.0 0.24713150926743158
42 37 45 0.0 0.0 32.0 0.0 511.0 14.0 1.0 0.55357848952155
42 38 35 0.0 0.0 0.0 0.0 11.0 0.0 0.0 0.6961710591745399
42 38 36 0.0 0.0 132.0 0.0 2764.0 13.0 70.0 0.28659160696008185
42 38 37 0.0 0.0 49.0 0.0 1311.0 16.0 13.0 0.4186602870813396
42 38 38 0.0 0.0 649.0 0.0 11389.0 20.0 4738.0 0.09970799800584004
42 38 39 0.0 0.0 977.0 0.0 12412.0 40.0 10624.0 0.09105098855358999
42 38 40 0.0 0.0 1860.0 0.0 11847.0 51.0 31012.0 0.0891606164819768
42 38 41 0.0 0.0 2103.0 0.0 11879.0 51.0 34244.0 0.0875821082264623
42 38 42 0.0 0.0 944.0 0.0 12348.0 34.0 9029.0 0.09156311314584696
42 38 43 0.0 0.0 350.0 0.0 7922.0 18.0 1203.0 0.13638577691183632
42 38 44 0.0 0.0 143.0 0.0 3086.0 17.0 60.0 0.2684563758389261
42 38 45 0.0 0.0 1.0 0.0 11.0 0.0 0.0 0.6958250497017892
42 39 35 0.0 0.0 14.0 0.0 357.0 2.0 1.0 0.5912162162162161
42 39 36 0.0 0.0 112.0 0.0 2350.0 16.0 21.0 0.3148897885739991
42 39 37 0.0 0.0 553.0 0.0 10083.0 21.0 2693.0 0.11087352498614081
42 39 38 0.0 0.0 732.0 0.0 11754.0 23.0 5170.0 0.09670511846377011
42 39 39 0.0 0.0 1463.0 0.0 13268.0 31.0 17560.0 0.08361204013377925
42 39 40 0.0 0.0 2038.0 0.0 12152.0 48.0 31944.0 0.08646779074794639
42 39 41 0.0 0.0 1819.0 0.0 12737.0 56.0 25750.0 0.0846279393096778
42 39 42 0.0 0.0 1969.0 0.0 11835.0 60.0 33401.0 0.08864686886595327
42 39 43 0.0 0.0 511.0 0.0 9702.0 18.0 2283.0 0.11477291359239218
42 39 44 0.0 0.0 223.0 0.0 5107.0 17.0 285.0 0.191309100847226
42 39 45 0.0 0.0 0.0 0.0 38.0 0.0 0.0 0.6869479882237487
42 40 35 0.0 0.0 14.0 0.0 401.0 3.0 0.0 0.5804311774461027
42 40 36 0.0 0.0 43.0 0.0 1432.0 7.0 18.0 0.40369088811995385
42 40 37 0.0 0.0 476.0 0.0 8629.0 18.0 1401.0 0.12622847353710215
42 40 38 0.0 0.0 1331.0 0.0 12368.0 50.0 19090.0 0.08926294312675337
42 40 39 0.0 0.0 1438.0 0.0 13121.0 27.0 18150.0 0.08447474808423339
42 40 40 0.0 0.0 1797.0 0.0 12436.0 44.0 27577.0 0.08622282441337685
42 40 41 0.0 0.0 1849.0 0.0 12607.0 45.0 27328.0 0.08506501397496657
42 40 42 0.0 0.0 1720.0 0.0 12573.0 51.0 24568.0 0.0859106529209622
42 40 43 0.0 0.0 749.0 0.0 11663.0 32.0 5970.0 0.09723572718433116
42 40 44 0.0 0.0 413.0 0.0 8324.0 17.0 1336.0 0.13052396046988624
42 40 45 0.0 0.0 11.0 0.0 276.0 3.0 0.0 0.6129597197898423
42 41 35 0.0 0.0 2.0 0.0 44.0 1.0 0.0 0.6845965770171147
42 41 36 0.0 0.0 32.0 0.0 776.0 8.0 1.0 0.4999999999999999
42 41 37 0.0 0.0 293.0 0.0 6344.0 24.0 586.0 0.16248839368616522
42 41 38 0.0 0.0 936.0 0.0 12562.0 36.0 9367.0 0.09039839865693806
42 41 39 0.0 0.0 1290.0 0.0 13161.0 42.0 13769.0 0.08516333110286513
42 41 40 0.0 0.0 1231.0 0.0 12885.0 47.0 14512.0 0.0869403216791902
42 41 41 0.0 0.0 724.0 1.0 11406.0 32.0 4105.0 0.09915014164305949
42 41 42 0.0 0.0 1023.0 0.0 12519.0 32.0 11881.0 0.09006690684508491
42 41 43 0.0 0.0 586.0 0.0 10449.0 20.0 2991.0 0.10750211164862165
42 41 44 0.0 0.0 190.0 0.0 4477.0 16.0 186.0 0.2104630186410102
42 41 45 0.0 0.0 1.0 0.0 50.0 0.0 0.0 0.68259385665529
42 42 35 0.0 0.0 0.0 0.0 12.0 0.0 0.0 0.6958250497017892
42 42 36 0.0 0.0 119.0 0.0 2799.0 13.0 48.0 0.28542303771661565
42 42 37 0.0 0.0 69.0 0.0 1849.0 7.0 26.0 0.3579647149066734
42 42 38 0.0 0.0 915.0 0.0 12314.0 28.0 9016.0 0.09191176470588233
42 42 39 0.0 0.0 990.0 0.0 12371.0 31.0 10607.0 0.09107468123861565
42 42 40 0.0 0.0 557.0 0.0 10503.0 26.0 3717.0 0.10728791478274197
42 42 41 0.0 0.0 1156.0 0.0 12766.0 43.0 12663.0 0.08796179944709724
42 42 42 0.0 0.0 431.0 0.0 7869.0 28.0 1094.0 0.1362000194571456
42 42 43 0.0 0.0 25.0 0.0 837.0 8.0 3.0 0.49088359046283303
42 42 44 0.0 0.0 11.0 0.0 136.0 5.0 0.0 0.65359477124183
42 42 45 0.0 0.0 0.0 0.0 3.0 0.0 0.0 0.6989515726410384
42 43 35 0.0 0.0 0.0 0.0 13.0 0.0 0.0 0.695479384003974
42 43 36 0.0 0.0 0.0 0.0 15.0 0.0 0.0 0.694789081885856
42 43 37 0.0 0.0 50.0 0.0 1341.0 10.0 11.0 0.41407867494824013
42 43 38 0.0 0.0 169.0 0.0 4265.0 18.0 187.0 0.21810250817884402
42 43 39 0.0 0.0 272.0 0.0 5760.0 20.0 450.0 0.17460713394861557
42 43 40 0.0 0.0 78.0 0.0 1888.0 6.0 25.0 0.3537139969681657
42 43 41 0.0 0.0 429.0 0.0 8419.0 23.0 1317.0 0.12924667651403246
42 43 42 0.0 0.0 233.0 0.0 5810.0 20.0 477.0 0.17438963627304432
42 43 43 0.0 0.0 0.0 0.0 59.0 1.0 0.0 0.6802721088435373
42 43 44 0.0 0.0 0.0 0.0 8.0 0.0 0.0 0.697211155378486
42 43 45 0.0 0.0 1.0 0.0 9.0 0.0 0.0 0.6965174129353233
42 44 36 0.0 0.0 0.0 0.0 4.0 0.0 0.0 0.6986027944111775
42 44 37 0.0 0.0 0.0 0.0 14.0 0.0 0.0 0.6951340615690167
42 44 38 0.0 0.0 3.0 0.0 110.0 1.0 0.0 0.6628787878787878
42 44 39 0.0 0.0 0.0 0.0 54.0 0.0 0.0 0.6815968841285296
42 44 40 0.0 0.0 236.0 0.0 4895.0 16.0 251.0 0.19657399606852008
42 44 41 0.0 0.0 9.0 0.0 346.0 2.0 0.0 0.5949851253718657
42 44 42 0.0 0.0 0.0 0.0 68.0 0.0 0.0 0.6769825918762088
42 44 43 0.0 0.0 0.0 0.0 33.0 0.0 0.0 0.6886374815543531
42 45 37 0.0 0.0 1.0 0.0 15.0 0.0 0.0 0.6944444444444444
42 45 38 0.0 0.0 0.0 0.0 6.0 0.0 0.0 0.6979062811565303
42 45 39 0.0 0.0 2.0 0.0 26.0 0.0 0.0 0.690335305719921
42 45 40 0.0 0.0 12.0 0.0 204.0 5.0 0.0 0.6331976481230212
42 45 41 0.0 0.0 0.0 0.0 5.0 0.0 0.0 0.6982543640897755
42 45 42 0.0 0.0 0.0 0.0 1.0 0.0 0.0 0.6996501749125437
43 35 38 0.0 0.0 4.0 0.0 71.0 0.0 0.0 0.6746987951807227
43 35 39 0.0 0.0 1.0 0.0 44.0 1.0 0.0 0.684931506849315
43 35 40 0.0 0.0 17.0 0.0 391.0 4.0 0.0 0.5823627287853577
43 35 41 0.0 0.0 0.0 0.0 12.0 0.0 0.0 0.6958250497017892
43 35 42 0.0 0.0 0.0 0.0 24.0 0.0 0.0 0.6916996047430829
43 35 43 0.0 0.0 0.0 0.0 4.0 0.0 0.0 0.6986027944111775
43 36 37 0.0 0.0 0.0 0.0 10.0 0.0 0.0 0.6965174129353233
43 36 38 0.0 0.0 1.0 0.0 86.0 0.0 0.0 0.670819357930043
43 36 39 0.0 0.0 288.0 0.0 6413.0 25.0 614.0 0.16117890858853326
43 36 40 0.0 0.0 90.0 0.0 1895.0 15.0 18.0 0.3527336860670193
43 36 41 0.0 0.0 178.0 0.0 4204.0 13.0 219.0 0.21978021978021975
43 36 42 0.0 0.0 255.0 0.0 5485.0 22.0 300.0 0.18139414356050787
43 36 43 0.0 0.0 20.0 0.0 527.0 2.0 2.0 0.5500982318271119
43 36 44 0.0 0.0 94.0 0.0 1967.0 10.0 23.0 0.34559368057269807
43 37 35 0.0 0.0 0.0 0.0 3.0 0.0 0.0 0.6989515726410384
43 37 36 0.0 0.0 0.0 0.0 1.0 0.0 0.0 0.6996501749125437
43 37 37 0.0 0.0 0.0 0.0 40.0 0.0 0.0 0.6862745098039215
43 37 38 0.0 0.0 226.0 0.0 4890.0 21.0 294.0 0.1972942502818489
43 37 39 0.0 0.0 314.0 0.0 6402.0 20.0 547.0 0.16086406986096746
43 37 40 0.0 0.0 489.0 0.0 9167.0 21.0 2014.0 0.12020262728599637
43 37 41 0.0 0.0 545.0 0.0 9766.0 22.0 2583.0 0.11383964872336964
43 37 42 0.0 0.0 234.0 0.0 5300.0 26.0 362.0 0.18641810918774962
43 37 43 0.0 0.0 413.0 0.0 8703.0 25.0 1705.0 0.12610340479192936
43 37 44 0.0 0.0 19.0 0.0 512.0 4.0 0.0 0.5540166204986148
43 37 45 0.0 0.0 0.0 0.0 6.0 0.0 0.0 0.6979062811565303
43 38 35 0.0 0.0 0.0 0.0 2.0 0.0 0.0 0.6993006993006992
43 38 36 0.0 0.0 20.0 0.0 427.0 6.0 0.0 0.5735354362965996
43 38 37 0.0 0.0 2.0 0.0 151.0 3.0 0.0 0.6514657980456026
43 38 38 0.0 0.0 385.0 0.0 7884.0 19.0 1087.0 0.13649215170127715
43 38 39 0.0 0.0 466.0 0.0 8759.0 23.0 1457.0 0.12486621476988939
43 38 40 0.0 0.0 706.0 0.0 11334.0 27.0 4724.0 0.0997506234413965
43 38 41 0.0 0.0 743.0 0.0 11660.0 24.0 6128.0 0.0972830241122924
43 38 42 0.0 0.0 621.0 0.0 10858.0 24.0 4272.0 0.10392695419790661
43 38 43 0.0 0.0 639.0 0.0 10759.0 30.0 3310.0 0.1046337817638266
43 38 44 0.0 0.0 36.0 0.0 1016.0 10.0 5.0 0.46022353714661396
43 38 45 0.0 0.0 0.0 0.0 5.0 0.0 0.0 0.6982543640897755
43 39 35 0.0 0.0 0.0 0.0 4.0 0.0 0.0 0.6986027944111775
43 39 36 0.0 0.0 11.0 0.0 213.0 0.0 1.0 0.6294964028776977
43 39 37 0.0 0.0 137.0 0.0 3287.0 16.0 96.0 0.25878003696857665
43 39 38 0.0 0.0 391.0 0.0 8163.0 26.0 1273.0 0.13291559859489221
43 39 39 0.0 0.0 639.0 0.0 11018.0 22.0 4443.0 0.10257161696827605
43 39 40 0.0 0.0 949.0 0.0 12584.0 31.0 9683.0 0.09018294254058232
43 39 41 0.0 0.0 751.0 0.0 11279.0 26.0 4366.0 0.09981462997290744
43 39 42 0.0 0.0 868.0 0.0 12292.0 31.0 7950.0 0.09239704329461455
43 39 43 0.0 0.0 632.0 0.0 11188.0 24.0 5124.0 0.1013464601129289
43 39 44 0.0 0.0 124.0 0.0 2359.0 22.0 25.0 0.31397174254317106
43 39 45 0.0 0.0 0.0 0.0 20.0 0.0 0.0 0.6930693069306929
43 40 35 0.0 0.0 0.0 0.0 6.0 0.0 0.0 0.6979062811565303
43 40 36 0.0 0.0 0.0 0.0 129.0 1.0 0.0 0.6578947368421051
43 40 37 0.0 0.0 345.0 0.0 7106.0 20.0 748.0 0.1483365119728756
43 40 38 0.0 0.0 667.0 0.0 11143.0 26.0 4516.0 0.10146398028699811
43 40 39 0.0 0.0 689.0 0.0 11296.0 23.0 4427.0 0.10013589871969099
43 40 40 0.0 0.0 817.0 0.0 11825.0 31.0 5770.0 0.09568723942314263
43 40 41 0.0 0.0 1095.0 0.0 12832.0 35.0 10778.0 0.08789552988448016
43 40 42 0.0 0.0 636.0 0.0 10710.0 28.0 3768.0 0.10501050105010501
43 40 43 0.0 0.0 554.0 0.0 10091.0 31.0 2737.0 0.11085596642647874
43 40 44 0.0 0.0 88.0 0.0 2489.0 8.0 48.0 0.30641278179032605
43 40 45 0.0 0.0 11.0 0.0 229.0 2.0 0.0 0.6255585344057193
43 41 35 0.0 0.0 5.0 0.0 145.0 1.0 0.0 0.6514657980456026
43 41 36 0.0 0.0 20.0 0.0 460.0 3.0 0.0 0.5651998385143318
43 41 37 0.0 0.0 809.0 0.0 12012.0 26.0 6997.0 0.09446693657219972
43 41 38 0.0 0.0 261.0 0.0 5968.0 20.0 467.0 0.17046146353342256
43 41 39 0.0 0.0 715.0 0.0 11496.0 37.0 4403.0 0.09869580542826928
43 41 40 0.0 0.0 1064.0 0.0 12833.0 41.0 10036.0 0.0881445570736007
43 41 41 0.0 0.0 255.0 0.0 6595.0 12.0 728.0 0.158335218276408
43 41 42 0.0 0.0 483.0 0.0 9313.0 23.0 2130.0 0.11882532676964859
43 41 43 0.0 0.0 308.0 0.0 7050.0 19.0 961.0 0.14982876712328763
43 41 44 0.0 0.0 52.0 0.0 1183.0 12.0 8.0 0.4343779087806391
43 41 45 0.0 0.0 4.0 0.0 86.0 1.0 0.0 0.6701771182383915
43 42 35 0.0 0.0 0.0 0.0 8.0 0.0 0.0 0.697211155378486
43 42 36 0.0 0.0 0.0 0.0 63.0 0.0 0.0 0.6786233640329616
43 42 37 0.0 0.0 144.0 0.0 3294.0 17.0 98.0 0.2581596902083717
43 42 38 0.0 0.0 388.0 0.0 7461.0 19.0 872.0 0.14233428222854816
43 42 39 0.0 0.0 522.0 0.0 9600.0 23.0 2319.0 0.11553061561313747
43 42 40 0.0 0.0 280.0 0.0 6647.0 15.0 802.0 0.15705631590756114
43 42 41 0.0 0.0 260.0 0.0 5251.0 19.0 300.0 0.18674136321195142
43 42 42 0.0 0.0 22.0 0.0 962.0 5.0 3.0 0.4701141705842847
43 42 43 0.0 0.0 104.0 0.0 2283.0 17.0 33.0 0.3205128205128205
43 42 44 0.0 0.0 3.0 0.0 84.0 1.0 0.0 0.6711409395973154
43 42 45 0.0 0.0 0.0 0.0 2.0 0.0 0.0 0.6993006993006992
43 43 35 0.0 0.0 0.0 0.0 4.0 0.0 0.0 0.6986027944111775
43 43 36 0.0 0.0 0.0 0.0 22.0 0.0 0.0 0.6923837784371908
43 43 37 0.0 0.0 13.0 0.0 255.0 3.0 0.0 0.6181015452538631
43 43 38 0.0 0.0 34.0 0.0 1236.0 7.0 9.0 0.4290530186944529
43 43 39 0.0 0.0 106.0 0.0 2279.0 16.0 38.0 0.3205128205128205
43 43 40 0.0 0.0 91.0 0.0 2198.0 15.0 27.0 0.3277153558052434
43 43 41 0.0 0.0 188.0 0.0 4291.0 23.0 191.0 0.21678538247135332
43 43 42 0.0 0.0 16.0 0.0 477.0 4.0 2.0 0.5624748895138609
43 43 43 0.0 0.0 0.0 0.0 16.0 0.0 0.0 0.6944444444444444
43 43 44 0.0 0.0 0.0 0.0 1.0 0.0 0.0 0.6996501749125437
43 44 37 0.0 0.0 2.0 0.0 10.0 0.0 0.0 0.6958250497017892
43 44 38 0.0 0.0 0.0 0.0 3.0 0.0 0.0 0.6989515726410384
43 44 39 0.0 0.0 0.0 0.0 10.0 0.0 0.0 0.6965174129353233
43 44 40 0.0 0.0 0.0 0.0 25.0 0.0 0.0 0.6920415224913494
43 44 41 0.0 0.0 11.0 0.0 293.0 4.0 0.0 0.608695652173913
43 44 42 0.0 0.0 0.0 0.0 15.0 0.0 0.0 0.694789081885856
43 44 43 0.0 0.0 0.0 0.0 1.0 0.0 0.0 0.6996501749125437
43 45 40 0.0 0.0 0.0 0.0 2.0 0.0 0.0 0.6993006993006992
43 45 41 0.0 0.0 0.0 0.0 4.0 0.0 0.0 0.6986027944111775
44 35 38 0.0 0.0 0.0 0.0 3.0 0.0 0.0 0.6989515726410384
44 35 39 0.0 0.0 2.0 0.0 35.0 0.0 0.0 0.6872852233676975
44 35 40 0.0 0.0 0.0 0.0 7.0 0.0 0.0 0.6975585450921773
44 35 41 0.0 0.0 0.0 0.0 13.0 0.0 0.0 0.695479384003974
44 35 42 0.0 0.0 0.0 0.0 7.0 1.0 0.0 0.6979062811565303
44 35 43 0.0 0.0 0.0 0.0 3.0 0.0 0.0 0.6989515726410384
44 35 44 0.0 0.0 0.0 0.0 1.0 0.0 0.0 0.6996501749125437
44 36 37 0.0 0.0 0.0 0.0 4.0 0.0 0.0 0.6986027944111775
44 36 38 0.0 0.0 0.0 0.0 14.0 0.0 0.0 0.6951340615690167
44 36 39 0.0 0.0 0.0 0.0 30.0 0.0 0.0 0.689655172413793
44 36 40 0.0 0.0 0.0 0.0 44.0 0.0 0.0 0.684931506849315
44 36 41 0.0 0.0 53.0 0.0 1743.0 8.0 22.0 0.36949063077329103
44 36 42 0.0 0.0 1.0 0.0 28.0 0.0 0.0 0.6899950714637751
44 36 43 0.0 0.0 1.0 0.0 24.0 0.0 0.0 0.6913580246913579
44 36 44 0.0 0.0 0.0 0.0 13.0 0.0 0.0 0.695479384003974
44 37 37 0.0 0.0 0.0 0.0 18.0 0.0 0.0 0.6937561942517343
44 37 38 0.0 0.0 2.0 0.0 101.0 1.0 0.0 0.6663493574488338
44 37 39 0.0 0.0 9.0 0.0 181.0 2.0 0.0 0.639853747714808
44 37 40 0.0 0.0 140.0 0.0 2539.0 14.0 26.0 0.30010718113612
44 37 41 0.0 0.0 56.0 0.0 1303.0 9.0 9.0 0.41766109785202854
44 37 42 0.0 0.0 15.0 0.0 421.0 5.0 0.0 0.5758946935417523
44 37 43 0.0 0.0 138.0 0.0 2728.0 17.0 50.0 0.2887788778877887
44 37 44 0.0 0.0 52.0 0.0 1242.0 13.0 8.0 0.42669917708015836
44 37 45 0.0 0.0 0.0 0.0 1.0 0.0 0.0 0.6996501749125437
44 38 37 0.0 0.0 9.0 0.0 134.0 1.0 0.0 0.65359477124183
44 38 38 0.0 0.0 83.0 0.0 2426.0 13.0 52.0 0.311318656882366
44 38 39 0.0 0.0 53.0 0.0 1134.0 9.0 6.0 0.4405286343612334
44 38 40 0.0 0.0 172.0 0.0 3734.0 19.0 97.0 0.23777173913043476
44 38 41 0.0 0.0 515.0 0.0 9489.0 22.0 1987.0 0.1167347619444676
44 38 42 0.0 0.0 122.0 0.0 2799.0 9.0 65.0 0.2850162866449511
44 38 43 0.0 0.0 145.0 0.0 3275.0 22.0 80.0 0.25935531678399404
44 38 44 0.0 0.0 0.0 0.0 98.0 0.0 0.0 0.6673021925643469
44 38 45 0.0 0.0 0.0 0.0 1.0 0.0 0.0 0.6996501749125437
44 39 35 0.0 0.0 4.0 0.0 169.0 3.0 0.0 0.6451612903225805
44 39 36 0.0 0.0 2.0 0.0 87.0 0.0 0.0 0.6701771182383915
44 39 37 0.0 0.0 30.0 0.0 798.0 6.0 5.0 0.49627791563275425
44 39 38 0.0 0.0 10.0 0.0 326.0 1.0 0.0 0.5998286203941731
44 39 39 0.0 0.0 73.0 0.0 1591.0 18.0 13.0 0.38408779149519884
44 39 40 0.0 0.0 145.0 0.0 3229.0 17.0 88.0 0.261291526689063
44 39 41 0.0 0.0 500.0 0.0 8915.0 27.0 1496.0 0.12285012285012284
44 39 42 0.0 0.0 136.0 0.0 3080.0 15.0 82.0 0.269179004037685
44 39 43 0.0 0.0 11.0 0.0 422.0 2.0 0.0 0.5758946935417523
44 39 44 0.0 0.0 3.0 0.0 207.0 2.0 0.0 0.6340579710144926
44 39 45 0.0 0.0 0.0 0.0 6.0 0.0 0.0 0.6979062811565303
44 40 35 0.0 0.0 0.0 0.0 11.0 0.0 0.0 0.6961710591745399
44 40 36 0.0 0.0 320.0 0.0 7146.0 19.0 892.0 0.1480384900074019
44 40 37 0.0 0.0 8.0 0.0 297.0 3.0 0.0 0.6081668114682883
44 40 38 0.0 0.0 104.0 0.0 2186.0 20.0 27.0 0.32802249297094654
44 40 39 0.0 0.0 148.0 0.0 3157.0 19.0 72.0 0.2648004539436353
44 40 40 0.0 0.0 375.0 0.0 7751.0 22.0 961.0 0.13843567685157715
44 40 41 0.0 0.0 69.0 0.0 1534.0 9.0 16.0 0.38953811908736774
44 40 42 0.0 0.0 293.0 0.0 6537.0 22.0 592.0 0.15887426236949612
44 40 43 0.0 0.0 189.0 0.0 4109.0 17.0 145.0 0.22282349196243828
44 40 44 0.0 0.0 435.0 0.0 7985.0 25.0 1056.0 0.13456362937331795
44 40 45 0.0 0.0 0.0 0.0 8.0 0.0 0.0 0.697211155378486
44 41 35 0.0 0.0 0.0 0.0 31.0 0.0 0.0 0.6893156080748399
44 41 36 0.0 0.0 1.0 0.0 116.0 1.0 0.0 0.662251655629139
44 41 37 0.0 0.0 127.0 0.0 2694.0 16.0 48.0 0.2912419388391928
44 41 38 0.0 0.0 22.0 0.0 746.0 6.0 2.0 0.506879073135409
44 41 39 0.0 0.0 73.0 0.0 1803.0 7.0 23.0 0.3617571059431524
44 41 40 0.0 0.0 188.0 0.0 4681.0 18.0 263.0 0.2043795620437956
44 41 41 0.0 0.0 462.0 0.0 9658.0 21.0 2612.0 0.11560693641618495
44 41 42 0.0 0.0 173.0 0.0 3486.0 13.0 89.0 0.2479192491588454
44 41 43 0.0 0.0 3.0 0.0 139.0 2.0 0.0 0.6548175865294666
44 41 44 0.0 0.0 41.0 0.0 968.0 8.0 4.0 0.4665111629456847
44 41 45 0.0 0.0 0.0 0.0 6.0 0.0 0.0 0.6979062811565303
44 42 35 0.0 0.0 0.0 0.0 13.0 0.0 0.0 0.695479384003974
44 42 36 0.0 0.0 370.0 0.0 8273.0 22.0 1441.0 0.13171511901401825
44 42 37 0.0 0.0 4.0 0.0 153.0 3.0 0.0 0.649953574744661
44 42 38 0.0 0.0 7.0 0.0 195.0 2.0 0.0 0.6363636363636362
44 42 39 0.0 0.0 57.0 0.0 1430.0 13.0 11.0 0.4029936672423718
44 42 40 0.0 0.0 87.0 0.0 1809.0 11.0 17.0 0.3603603603603603
44 42 41 0.0 0.0 21.0 0.0 584.0 6.0 1.0 0.5390835579514823
44 42 42 0.0 0.0 3.0 0.0 109.0 2.0 0.0 0.6635071090047392
44 42 43 0.0 0.0 0.0 0.0 24.0 0.0 0.0 0.6916996047430829
44 42 44 0.0 0.0 0.0 0.0 10.0 0.0 0.0 0.6965174129353233
44 43 35 0.0 0.0 0.0 0.0 9.0 0.0 0.0 0.6968641114982577
44 43 36 0.0 0.0 0.0 0.0 18.0 1.0 0.0 0.694100148735746
44 43 37 0.0 0.0 1.0 0.0 41.0 0.0 0.0 0.6856023506366307
44 43 38 0.0 0.0 0.0 0.0 14.0 0.0 0.0 0.6951340615690167
44 43 39 0.0 0.0 0.0 0.0 23.0 0.0 0.0 0.6920415224913494
44 43 40 0.0 0.0 0.0 0.0 29.0 0.0 0.0 0.6899950714637751
44 43 41 0.0 0.0 0.0 0.0 17.0 0.0 0.0 0.694100148735746
44 43 42 0.0 0.0 27.0 0.0 576.0 7.0 2.0 0.5392912172573189
44 44 37 0.0 0.0 0.0 0.0 1.0 0.0 0.0 0.6996501749125437
44 44 39 0.0 0.0 0.0 0.0 2.0 0.0 0.0 0.6993006993006992
44 44 40 0.0 0.0 0.0 0.0 2.0 0.0 0.0 0.6993006993006992
44 44 41 0.0 0.0 0.0 0.0 1.0 0.0 0.0 0.6996501749125437
44 44 42 0.0 0.0 0.0 0.0 1.0 0.0 0.0 0.6996501749125437
45 35 42 0.0 0.0 0.0 0.0 1.0 0.0 0.0 0.6996501749125437
45 36 42 0.0 0.0 0.0 0.0 2.0 0.0 0.0 0.6993006993006992
45 37 40 0.0 0.0 54.0 0.0 918.0 8.0 2.0 0.4723346828609986
45 37 41 0.0 0.0 0.0 0.0 25.0 0.0 0.0 0.6913580246913579
45 37 42 0.0 0.0 66.0 0.0 1432.0 11.0 8.0 0.4013761467889908
45 37 43 0.0 0.0 0.0 0.0 8.0 0.0 0.0 0.697211155378486
45 37 44 0.0 0.0 9.0 0.0 118.0 2.0 0.0 0.6588235294117646
45 38 37 0.0 0.0 0.0 0.0 1.0 0.0 0.0 0.6996501749125437
45 38 39 0.0 0.0 0.0 0.0 1.0 0.0 0.0 0.6996501749125437
45 38 40 0.0 0.0 0.0 0.0 36.0 0.0 0.0 0.6876227897838899
45 38 41 0.0 0.0 4.0 0.0 104.0 1.0 0.0 0.6644518272425248
45 38 42 0.0 0.0 4.0 0.0 80.0 1.0 0.0 0.6721075372059528
45 38 43 0.0 0.0 24.0 0.0 428.0 2.0 1.0 0.5714285714285713
45 38 44 0.0 0.0 0.0 0.0 1.0 0.0 0.0 0.6996501749125437
45 39 35 0.0 0.0 7.0 0.0 91.0 4.0 0.0 0.6685768863419292
45 39 36 0.0 0.0 0.0 0.0 8.0 0.0 0.0 0.697211155378486
45 39 37 0.0 0.0 2.0 0.0 46.0 2.0 0.0 0.6842619745845552
45 39 38 0.0 0.0 1.0 0.0 11.0 1.0 0.0 0.6961710591745399
45 39 39 0.0 0.0 0.0 0.0 17.0 1.0 0.0 0.6944444444444444
45 39 40 0.0 0.0 0.0 0.0 18.0 0.0 0.0 0.6937561942517343
45 39 41 0.0 0.0 9.0 0.0 156.0 2.0 0.0 0.6472491909385112
45 39 42 0.0 0.0 3.0 0.0 69.0 0.0 0.0 0.6756756756756755
45 39 43 0.0 0.0 1.0 0.0 33.0 1.0 0.0 0.6886374815543531
45 39 44 0.0 0.0 0.0 0.0 15.0 0.0 0.0 0.694789081885856
45 39 45 0.0 0.0 0.0 0.0 10.0 0.0 0.0 0.6965174129353233
45 40 35 0.0 0.0 0.0 0.0 13.0 0.0 0.0 0.695479384003974
45 40 36 0.0 0.0 0.0 0.0 15.0 0.0 0.0 0.694789081885856
45 40 37 0.0 0.0 13.0 0.0 260.0 4.0 1.0 0.6170118995152049
45 40 38 0.0 0.0 0.0 0.0 4.0 0.0 0.0 0.6986027944111775
45 40 39 0.0 0.0 0.0 0.0 11.0 0.0 0.0 0.6961710591745399
45 40 40 0.0 0.0 0.0 0.0 51.0 0.0 0.0 0.6829268292682925
45 40 41 0.0 0.0 0.0 0.0 87.0 0.0 0.0 0.670819357930043
45 40 42 0.0 0.0 53.0 0.0 1030.0 12.0 6.0 0.45587756431129917
45 40 43 0.0 0.0 0.0 0.0 21.0 0.0 0.0 0.6927263730826323
45 40 44 0.0 0.0 0.0 0.0 12.0 0.0 0.0 0.6958250497017892
45 40 45 0.0 0.0 53.0 0.0 1159.0 9.0 8.0 0.43695380774032455
45 41 35 0.0 0.0 0.0 0.0 25.0 1.0 0.0 0.6920415224913494
45 41 36 0.0 0.0 0.0 0.0 12.0 0.0 0.0 0.6958250497017892
45 41 37 0.0 0.0 0.0 0.0 22.0 0.0 0.0 0.6927263730826323
45 41 38 0.0 0.0 0.0 0.0 2.0 0.0 0.0 0.6993006993006992
45 41 39 0.0 0.0 6.0 0.0 170.0 2.0 0.0 0.6439742410303587
45 41 40 0.0 0.0 2.0 0.0 42.0 1.0 0.0 0.6852667645619186
45 41 41 0.0 0.0 1.0 0.0 94.0 2.0 0.0 0.668896321070234
45 41 42 0.0 0.0 0.0 0.0 14.0 0.0 0.0 0.6951340615690167
45 41 43 0.0 0.0 10.0 0.0 192.0 6.0 0.0 0.6375227686703095
45 41 44 0.0 0.0 0.0 0.0 7.0 0.0 0.0 0.6975585450921773
45 41 45 0.0 0.0 0.0 0.0 7.0 0.0 0.0 0.6975585450921773
45 42 35 0.0 0.0 0.0 0.0 5.0 0.0 0.0 0.6982543640897755
45 42 36 0.0 0.0 19.0 0.0 705.0 4.0 2.0 0.5147058823529411
45 42 37 0.0 0.0 0.0 0.0 9.0 0.0 0.0 0.6968641114982577
45 42 38 0.0 0.0 0.0 0.0 3.0 0.0 0.0 0.6989515726410384
45 42 39 0.0 0.0 0.0 0.0 2.0 0.0 0.0 0.6993006993006992
45 42 40 0.0 0.0 0.0 0.0 19.0 0.0 0.0 0.6934125804853887
45 42 41 0.0 0.0 0.0 0.0 38.0 0.0 0.0 0.6869479882237487
45 42 42 0.0 0.0 9.0 0.0 243.0 3.0 0.0 0.622498888394842
45 43 35 0.0 0.0 1.0 0.0 24.0 0.0 0.0 0.6913580246913579
45 43 36 0.0 0.0 0.0 0.0 12.0 0.0 0.0 0.6958250497017892
45 43 37 0.0 0.0 33.0 0.0 625.0 4.0 2.0 0.527306967984934
45 43 40 0.0 0.0 0.0 0.0 2.0 0.0 0.0 0.6993006993006992
46 36 41 0.0 0.0 0.0 0.0 1.0 0.0 0.0 0.6996501749125437
46 37 42 0.0 0.0 0.0 0.0 1.0 0.0 0.0 0.6996501749125437
46 41 36 0.0 0.0 0.0 0.0 1.0 0.0 0.0 0.6996501749125437
46 43 35 0.0 0.0 0.0 0.0 1.0 0.0 0.0 0.6996501749125437
