37 38 39 0.0 0.0 0.0 0.0 1.0 0.0 0.0 0.6996501749125437
37 39 39 0.0 0.0 0.0 0.0 2.0 0.0 0.0 0.6993006993006992
37 39 40 0.0 0.0 0.0 0.0 7.0 0.0 0.0 0.6975585450921773
37 39 41 0.0 0.0 0.0 0.0 1.0 0.0 0.0 0.0
37 39 42 0.0 0.0 0.0 0.0 1.0 0.0 0.0 0.6996501749125437
37 40 38 0.0 0.0 0.0 0.0 4.0 0.0 0.0 0.6986027944111775
37 40 39 0.0 0.0 4.0 0.0 36.0 2.0 0.0 0.6872852233676975
37 40 40 0.0 0.0 0.0 0.0 2.0 0.0 0.0 0.6993006993006992
37 40 41 0.0 0.0 0.0 0.0 2.0 0.0 0.0 0.6993006993006992
37 41 38 0.0 0.0 0.0 0.0 3.0 0.0 0.0 0.6989515726410384
37 41 39 0.0 0.0 0.0 0.0 3.0 0.0 0.0 0.6989515726410384
37 41 41 0.0 0.0 0.0 0.0 2.0 0.0 0.0 0.6993006993006992
38 37 39 0.0 0.0 0.0 0.0 8.0 0.0 0.0 0.697211155378486
38 37 40 0.0 0.0 0.0 0.0 5.0 0.0 0.0 0.6982543640897755
38 37 41 0.0 0.0 0.0 0.0 1.0 0.0 0.0 0.6996501749125437
38 38 38 0.0 0.0 0.0 0.0 9.0 0.0 0.0 0.6968641114982577
38 38 39 0.0 0.0 0.0 0.0 56.0 0.0 0.0 0.6809338521400777
38 38 40 0.0 0.0 10.0 0.0 203.0 4.0 0.0 0.6337709370755997
38 38 41 0.0 0.0 1.0 0.0 44.0 0.0 0.0 0.6845965770171147
38 38 42 0.0 0.0 0.0 0.0 19.0 0.0 0.0 0.6934125804853887
38 39 38 0.0 0.0 7.0 0.0 196.0 1.0 0.0 0.6357856494096276
38 39 39 0.0 0.0 83.0 0.0 2268.0 13.0 47.0 0.32272936837252186
38 39 40 0.0 0.0 35.0 0.0 718.0 7.0 2.0 0.5098324836125272
38 39 41 0.0 0.0 32.0 0.0 1045.0 6.0 7.0 0.4557291666666666
38 39 42 0.0 0.0 0.0 0.0 20.0 0.0 0.0 0.6930693069306929
38 40 38 0.0 0.0 2.0 0.0 95.0 0.0 0.0 0.6676204101096804
38 40 39 0.0 0.0 178.0 0.0 4229.0 13.0 178.0 0.21878418502891073
38 40 40 0.0 0.0 115.0 0.0 2717.0 15.0 54.0 0.2906373261365995
38 40 41 0.0 0.0 2.0 0.0 122.0 3.0 0.0 0.6603773584905659
38 40 42 0.0 0.0 2.0 0.0 50.0 0.0 0.0 0.6822612085769979
38 41 38 0.0 0.0 1.0 0.0 26.0 0.0 0.0 0.6906758756783422
38 41 39 0.0 0.0 81.0 0.0 2426.0 16.0 51.0 0.31166518254674974
38 41 40 0.0 0.0 96.0 0.0 1900.0 12.0 11.0 0.35140562248995977
38 41 41 0.0 0.0 2.0 0.0 64.0 1.0 0.0 0.6779661016949151
38 41 42 0.0 0.0 0.0 0.0 12.0 0.0 0.0 0.6958250497017892
38 42 38 0.0 0.0 0.0 0.0 4.0 0.0 0.0 0.6986027944111775
38 42 39 0.0 0.0 19.0 0.0 815.0 4.0 5.0 0.49469964664310945
38 42 40 0.0 0.0 9.0 0.0 156.0 2.0 0.0 0.6475485661424606
38 42 41 0.0 0.0 19.0 0.0 308.0 4.0 1.0 0.6026689625484287
38 42 42 0.0 0.0 0.0 0.0 6.0 0.0 0.0 0.6979062811565303
38 43 40 0.0 0.0 0.0 0.0 1.0 0.0 0.0 0.6996501749125437
39 37 39 0.0 0.0 0.0 0.0 2.0 0.0 0.0 0.6993006993006992
39 37 40 0.0 0.0 0.0 0.0 4.0 0.0 0.0 0.6989515726410384
39 37 41 0.0 0.0 1.0 0.0 6.0 1.0 0.0 0.6979062811565303
39 37 42 0.0 0.0 0.0 0.0 2.0 0.0 0.0 0.6993006993006992
39 38 37 0.0 0.0 1.0 0.0 25.0 0.0 0.0 0.6910167818361302
39 38 38 0.0 0.0 0.0 0.0 17.0 0.0 0.0 0.694100148735746
39 38 39 0.0 0.0 7.0 0.0 169.0 4.0 0.0 0.6445672191528544
39 38 40 0.0 0.0 170.0 0.0 4119.0 8.0 146.0 0.22289444355994262
39 38 41 0.0 0.0 99.0 0.0 1911.0 16.0 12.0 0.3505257886830245
39 38 42 0.0 0.0 0.0 0.0 58.0 0.0 0.0 0.6802721088435373
39 39 37 0.0 0.0 0.0 0.0 3.0 0.0 0.0 0.6989515726410384
39 39 38 0.0 0.0 8.0 0.0 209.0 2.0 0.0 0.6320541760722347
39 39 39 0.0 0.0 268.0 1.0 6068.0 25.0 483.0 0.16826923076923073
39 39 40 0.0 0.0 664.0 1.0 11077.0 19.0 4061.0 0.10189228529839882
39 39 41 0.0 0.0 434.0 0.0 8587.0 32.0 1439.0 0.12731902510003634
39 39 42 0.0 0.0 0.0 0.0 72.0 0.0 0.0 0.6756756756756755
39 40 38 0.0 0.0 67.0 0.0 1533.0 13.0 16.0 0.39029829941455246
39 40 39 2.0 0.0 748.0 0.0 11676.0 25.0 6299.0 0.09717498438259178
39 40 40 0.0 0.0 431.0 7.0 8969.0 30.0 2096.0 0.12303365849371647
39 40 41 0.0 0.0 170.0 1.0 4113.0 24.0 143.0 0.22357074417119127
39 40 42 0.0 0.0 2.0 0.0 55.0 1.0 0.0 0.6809338521400777
39 41 38 0.0 0.0 3.0 0.0 67.0 1.0 0.0 0.6766553890768486
39 41 39 0.0 0.0 316.0 0.0 6296.0 26.0 577.0 0.16292330967066215
39 41 40 0.0 0.0 442.0 1.0 9049.0 22.0 2213.0 0.12194059750892777
39 41 41 0.0 0.0 336.0 0.0 6659.0 20.0 650.0 0.15595410493483347
39 41 42 0.0 0.0 0.0 0.0 20.0 0.0 0.0 0.6930693069306929
39 42 38 0.0 0.0 0.0 0.0 17.0 0.0 0.0 0.694100148735746
39 42 39 0.0 0.0 1.0 0.0 83.0 0.0 0.0 0.6717850287907868
39 42 40 0.0 0.0 45.0 0.0 1501.0 12.0 9.0 0.39615166949632136
39 42 41 0.0 0.0 4.0 0.0 183.0 2.0 0.0 0.6407322654462241
39 42 42 0.0 0.0 1.0 0.0 29.0 0.0 0.0 0.689655172413793
39 43 38 0.0 0.0 0.0 0.0 4.0 0.0 0.0 0.6986027944111775
39 43 39 0.0 0.0 0.0 0.0 1.0 0.0 0.0 0.6996501749125437
39 43 40 0.0 0.0 0.0 0.0 2.0 0.0 0.0 0.6993006993006992
39 43 41 0.0 0.0 0.0 0.0 1.0 0.0 0.0 0.6996501749125437
40 37 39 0.0 0.0 0.0 0.0 9.0 0.0 0.0 0.6968641114982577
40 37 40 0.0 0.0 0.0 0.0 8.0 0.0 0.0 0.697211155378486
40 37 41 0.0 0.0 4.0 0.0 60.0 1.0 0.0 0.6786233640329616
40 37 42 0.0 0.0 0.0 0.0 3.0 0.0 0.0 0.6989515726410384
40 37 43 0.0 0.0 0.0 0.0 1.0 0.0 0.0 0.6996501749125437
40 38 37 0.0 0.0 0.0 0.0 2.0 0.0 0.0 0.6993006993006992
40 38 38 0.0 0.0 127.0 0.0 2873.0 12.0 65.0 0.2806173581880136
40 38 39 0.0 0.0 2.0 0.0 205.0 1.0 0.0 0.6346328195829555
40 38 40 0.0 0.0 54.0 0.0 1441.0 9.0 20.0 0.4016064257028112
40 38 41 0.0 0.0 74.0 0.0 1937.0 9.0 19.0 0.34982508745627183
40 38 42 0.0 0.0 88.0 0.0 1652.0 18.0 17.0 0.3762429454447729
40 38 43 0.0 0.0 0.0 0.0 4.0 0.0 0.0 0.6986027944111775
40 39 37 0.0 0.0 0.0 0.0 2.0 0.0 0.0 0.6993006993006992
40 39 38 0.0 0.0 6.0 0.0 222.0 1.0 0.0 0.6286484059272563
40 39 39 0.0 0.0 430.0 0.0 8966.0 23.0 2115.0 0.1230012300123001
40 39 40 0.0 0.0 490.0 1.0 9544.0 30.0 2315.0 0.11649192877350639
40 39 41 0.0 0.0 590.0 1.0 10627.0 22.0 3445.0 0.10602847621932747
40 39 42 0.0 0.0 41.0 0.0 934.0 3.0 4.0 0.47106325706594876
40 39 43 0.0 0.0 0.0 0.0 9.0 0.0 0.0 0.6968641114982577
40 40 37 0.0 0.0 2.0 0.0 71.0 0.0 0.0 0.6753497346840327
40 40 38 0.0 0.0 25.0 0.0 551.0 9.0 0.0 0.5453837164004673
40 40 39 0.0 0.0 287.0 0.0 6169.0 23.0 580.0 0.1658964332266856
40 40 40 11.0 6.0 1672.0 46.0 12281.0 32.0 25547.0 0.0873689465801298
40 40 41 1.0 0.0 233.0 0.0 5758.0 15.0 445.0 0.1754605840330868
40 40 42 0.0 0.0 18.0 0.0 457.0 6.0 1.0 0.5670311867152693
40 40 43 0.0 0.0 0.0 0.0 3.0 0.0 0.0 0.6989515726410384
40 41 38 0.0 0.0 87.0 0.0 1926.0 18.0 22.0 0.35043804755944924
40 41 39 0.0 0.0 221.0 2.0 4752.0 15.0 216.0 0.20103388856978746
40 41 40 0.0 0.0 351.0 4.0 7661.0 24.0 1162.0 0.14001400140014
40 41 41 0.0 0.0 390.0 0.0 8076.0 23.0 1221.0 0.13392003061029267
40 41 42 0.0 0.0 2.0 0.0 83.0 1.0 0.0 0.6717850287907868
40 41 43 0.0 0.0 0.0 0.0 1.0 0.0 0.0 0.6996501749125437
40 42 37 0.0 0.0 0.0 0.0 2.0 0.0 0.0 0.6993006993006992
40 42 38 0.0 0.0 0.0 0.0 18.0 0.0 0.0 0.6937561942517343
40 42 39 0.0 0.0 189.0 0.0 4430.0 10.0 231.0 0.21176826501285734
40 42 40 0.0 0.0 7.0 3.0 273.0 0.0 0.0 0.6132282084975909
40 42 41 0.0 0.0 62.0 0.0 1129.0 10.0 5.0 0.440251572327044
40 42 42 0.0 0.0 0.0 0.0 10.0 0.0 0.0 0.6965174129353233
40 43 38 0.0 0.0 0.0 0.0 2.0 0.0 0.0 0.6993006993006992
40 43 39 0.0 0.0 0.0 0.0 1.0 0.0 0.0 0.6996501749125437
40 43 40 0.0 0.0 0.0 0.0 2.0 0.0 0.0 0.6993006993006992
41 37 38 0.0 0.0 0.0 0.0 1.0 0.0 0.0 0.6996501749125437
41 37 39 0.0 0.0 1.0 0.0 3.0 0.0 0.0 0.6986027944111775
41 37 40 0.0 0.0 0.0 0.0 4.0 0.0 0.0 0.6986027944111775
41 37 41 0.0 0.0 0.0 0.0 8.0 0.0 0.0 0.697211155378486
41 37 42 0.0 0.0 0.0 0.0 7.0 0.0 0.0 0.6975585450921773
41 37 43 0.0 0.0 0.0 0.0 1.0 0.0 0.0 0.6996501749125437
41 38 38 0.0 0.0 0.0 0.0 24.0 1.0 0.0 0.6920415224913494
41 38 39 0.0 0.0 31.0 0.0 973.0 2.0 3.0 0.46666666666666656
41 38 40 0.0 0.0 132.0 0.0 3362.0 16.0 103.0 0.2555210804891403
41 38 41 0.0 0.0 120.0 0.0 2715.0 26.0 47.0 0.29118136439267883
41 38 42 0.0 0.0 180.0 0.0 4085.0 18.0 157.0 0.22407170294494236
41 38 43 0.0 0.0 0.0 0.0 9.0 0.0 0.0 0.6968641114982577
41 39 37 0.0 0.0 0.0 0.0 2.0 0.0 0.0 0.6993006993006992
41 39 38 0.0 0.0 5.0 0.0 122.0 2.0 0.0 0.6588235294117646
41 39 39 0.0 0.0 203.0 3.0 4972.0 19.0 296.0 0.19550342130987292
41 39 40 0.0 0.0 716.0 0.0 11513.0 26.0 5542.0 0.09842519685039368
41 39 41 1.0 0.0 1051.0 0.0 12623.0 42.0 10541.0 0.08936550491510276
41 39 42 0.0 0.0 122.0 0.0 2959.0 20.0 70.0 0.2765158996642307
41 39 43 0.0 0.0 0.0 0.0 12.0 0.0 0.0 0.6961710591745399
41 40 38 0.0 0.0 43.0 0.0 1127.0 7.0 5.0 0.4426177679418273
41 40 39 0.0 0.0 536.0 0.0 9943.0 19.0 2482.0 0.112260444230615
41 40 40 0.0 0.0 85.0 17.0 2316.0 7.0 31.0 0.31738834731353427
41 40 41 0.0 0.0 414.0 0.0 8330.0 23.0 1402.0 0.13052396046988624
41 40 42 0.0 0.0 254.0 0.0 5590.0 16.0 416.0 0.17875383043922366
41 40 43 0.0 0.0 9.0 0.0 127.0 3.0 0.0 0.6563525550867322
41 41 38 0.0 0.0 11.0 0.0 395.0 3.0 1.0 0.5828476269775186
41 41 39 0.0 0.0 302.0 0.0 6660.0 23.0 681.0 0.15644206056542628
41 41 40 0.0 0.0 654.0 0.0 10818.0 17.0 3836.0 0.10391923990498812
41 41 41 0.0 0.0 59.0 3.0 1494.0 10.0 20.0 0.3948110547095318
41 41 42 0.0 0.0 0.0 0.0 39.0 0.0 0.0 0.6866110838646394
41 41 43 0.0 0.0 0.0 0.0 1.0 0.0 0.0 0.6996501749125437
41 42 38 0.0 0.0 0.0 0.0 14.0 0.0 0.0 0.6951340615690167
41 42 39 0.0 0.0 0.0 0.0 55.0 0.0 0.0 0.6812652068126519
41 42 40 0.0 0.0 11.0 0.0 320.0 1.0 1.0 0.6008583690987124
41 42 41 0.0 0.0 1.0 0.0 84.0 1.0 0.0 0.6717850287907868
41 42 42 0.0 0.0 0.0 0.0 16.0 0.0 0.0 0.6944444444444444
41 43 38 0.0 0.0 0.0 0.0 3.0 0.0 0.0 0.6989515726410384
41 43 39 0.0 0.0 0.0 0.0 3.0 0.0 0.0 0.6989515726410384
41 43 40 0.0 0.0 0.0 0.0 1.0 0.0 0.0 0.6996501749125437
42 37 39 0.0 0.0 0.0 0.0 4.0 0.0 0.0 0.6986027944111775
42 37 40 0.0 0.0 12.0 0.0 261.0 4.0 0.0 0.6170118995152049
42 37 41 0.0 0.0 1.0 0.0 23.0 0.0 0.0 0.6916996047430829
42 37 42 0.0 0.0 0.0 0.0 3.0 0.0 0.0 0.6989515726410384
42 37 43 0.0 0.0 0.0 0.0 1.0 0.0 0.0 0.6996501749125437
42 38 38 0.0 0.0 0.0 0.0 3.0 0.0 0.0 0.6989515726410384
42 38 39 0.0 0.0 4.0 0.0 157.0 2.0 1.0 0.6484483557202407
42 38 40 0.0 0.0 173.0 0.0 4238.0 23.0 176.0 0.21912662388480197
42 38 41 0.0 0.0 216.0 0.0 4512.0 20.0 189.0 0.208706022659511
42 38 42 0.0 0.0 0.0 0.0 74.0 0.0 0.0 0.6753497346840327
42 38 43 0.0 0.0 0.0 0.0 7.0 0.0 0.0 0.6975585450921773
42 39 38 0.0 0.0 0.0 0.0 8.0 0.0 0.0 0.697211155378486
42 39 39 0.0 0.0 13.0 0.0 315.0 4.0 0.0 0.6024096385542168
42 39 40 0.0 0.0 169.0 0.0 3601.0 11.0 117.0 0.24309776002778255
42 39 41 0.0 0.0 76.0 0.0 1931.0 12.0 23.0 0.3503503503503503
42 39 42 0.0 0.0 205.0 0.0 4242.0 20.0 216.0 0.21779713752333538
42 39 43 0.0 0.0 0.0 0.0 8.0 0.0 0.0 0.697211155378486
42 40 38 0.0 0.0 45.0 0.0 1101.0 12.0 5.0 0.44671346522016586
42 40 39 0.0 0.0 8.0 0.0 168.0 2.0 0.0 0.6439742410303587
42 40 40 0.0 0.0 124.0 1.0 2735.0 12.0 38.0 0.2887788778877887
42 40 41 0.0 0.0 91.0 0.0 2201.0 12.0 43.0 0.3271028037383177
42 40 42 0.0 0.0 83.0 0.0 1783.0 14.0 14.0 0.3634475597092419
42 40 43 0.0 0.0 0.0 0.0 6.0 0.0 0.0 0.6979062811565303
42 41 37 0.0 0.0 0.0 0.0 1.0 0.0 0.0 0.6996501749125437
42 41 38 0.0 0.0 0.0 0.0 41.0 0.0 0.0 0.6859382655560998
42 41 39 0.0 0.0 0.0 0.0 54.0 0.0 0.0 0.6815968841285296
42 41 40 0.0 0.0 15.0 0.0 347.0 5.0 1.0 0.593975392448027
42 41 41 0.0 0.0 0.0 0.0 54.0 0.0 0.0 0.6815968841285296
42 41 42 0.0 0.0 8.0 0.0 176.0 1.0 0.0 0.6413192853870818
42 41 43 0.0 0.0 0.0 0.0 3.0 0.0 0.0 0.6989515726410384
42 42 38 0.0 0.0 1.0 0.0 147.0 1.0 0.0 0.6520726595249184
42 42 39 0.0 0.0 1.0 0.0 29.0 0.0 0.0 0.689655172413793
42 42 40 0.0 0.0 0.0 0.0 39.0 0.0 0.0 0.6866110838646394
42 42 41 0.0 0.0 3.0 0.0 119.0 2.0 0.0 0.6603773584905659
43 37 39 0.0 0.0 0.0 0.0 2.0 0.0 0.0 0.6993006993006992
43 38 40 0.0 0.0 0.0 0.0 8.0 0.0 0.0 0.697211155378486
43 38 41 0.0 0.0 0.0 0.0 21.0 0.0 0.0 0.6927263730826323
43 38 42 0.0 0.0 0.0 0.0 2.0 0.0 0.0 0.6993006993006992
43 38 43 0.0 0.0 0.0 0.0 1.0 0.0 0.0 0.6996501749125437
43 39 39 0.0 0.0 0.0 0.0 3.0 0.0 0.0 0.6989515726410384
43 39 40 0.0 0.0 0.0 0.0 9.0 0.0 0.0 0.6968641114982577
43 39 41 0.0 0.0 0.0 0.0 1.0 0.0 0.0 0.6996501749125437
43 39 42 0.0 0.0 0.0 0.0 1.0 0.0 0.0 0.6996501749125437
43 39 43 0.0 0.0 0.0 0.0 10.0 0.0 0.0 0.6965174129353233
43 40 37 0.0 0.0 0.0 0.0 1.0 0.0 0.0 0.6996501749125437
43 40 39 0.0 0.0 0.0 0.0 7.0 0.0 0.0 0.6975585450921773
43 40 40 0.0 0.0 0.0 0.0 4.0 0.0 0.0 0.6986027944111775
43 40 41 0.0 0.0 3.0 0.0 50.0 1.0 0.0 0.6822612085769979
43 40 42 0.0 0.0 0.0 0.0 5.0 0.0 0.0 0.6982543640897755
43 41 40 0.0 0.0 0.0 0.0 1.0 0.0 0.0 0.6996501749125437
43 41 43 0.0 0.0 0.0 0.0 1.0 0.0 0.0 0.6996501749125437
