34 38 39 0.0 0.0 0.0 0.0 3.0 0.0 0.0 0.6989515726410384
34 38 40 0.0 0.0 1.0 0.0 2.0 0.0 0.0 0.6989515726410384
34 39 37 0.0 0.0 0.0 0.0 3.0 0.0 0.0 0.6989515726410384
34 39 38 0.0 0.0 0.0 0.0 1.0 0.0 0.0 0.0
34 39 39 0.0 0.0 0.0 0.0 1.0 0.0 0.0 0.6996501749125437
34 39 40 0.0 0.0 0.0 0.0 2.0 0.0 0.0 0.6993006993006992
34 39 41 0.0 0.0 0.0 0.0 1.0 0.0 0.0 0.6996501749125437
34 40 36 0.0 0.0 0.0 0.0 1.0 0.0 0.0 0.6996501749125437
34 40 37 0.0 0.0 0.0 0.0 1.0 0.0 0.0 0.6996501749125437
34 40 39 0.0 0.0 0.0 0.0 4.0 0.0 0.0 0.6986027944111775
34 41 37 0.0 0.0 0.0 0.0 1.0 0.0 0.0 0.6996501749125437
34 42 38 0.0 0.0 0.0 0.0 1.0 0.0 0.0 0.6996501749125437
35 36 39 0.0 0.0 0.0 0.0 2.0 0.0 0.0 0.6993006993006992
35 36 40 0.0 0.0 0.0 0.0 1.0 0.0 0.0 0.6996501749125437
35 37 39 0.0 0.0 0.0 0.0 11.0 0.0 0.0 0.6961710591745399
35 37 40 0.0 0.0 0.0 0.0 21.0 0.0 0.0 0.6927263730826323
35 37 41 0.0 0.0 0.0 0.0 11.0 0.0 0.0 0.6965174129353233
35 37 42 0.0 0.0 0.0 0.0 1.0 0.0 0.0 0.6996501749125437
35 38 37 0.0 0.0 0.0 0.0 1.0 0.0 0.0 0.6996501749125437
35 38 38 0.0 0.0 0.0 0.0 11.0 0.0 0.0 0.6961710591745399
35 38 39 0.0 0.0 1.0 0.0 84.0 1.0 0.0 0.6717850287907868
35 38 40 0.0 0.0 98.0 0.0 2402.0 18.0 41.0 0.3122212310437109
35 38 41 0.0 0.0 76.0 0.0 1763.0 16.0 17.0 0.3662045513994245
35 39 37 0.0 0.0 1.0 0.0 59.0 1.0 0.0 0.6799417192812044
35 39 38 0.0 0.0 88.0 0.0 2072.0 12.0 29.0 0.33734939759036137
35 39 39 0.0 0.0 9.0 0.0 351.0 3.0 1.0 0.593975392448027
35 39 40 0.0 0.0 1.0 0.0 100.0 1.0 0.0 0.6666666666666665
35 39 41 0.0 0.0 10.0 0.0 270.0 2.0 0.0 0.6145741878841088
35 39 42 0.0 0.0 0.0 0.0 1.0 0.0 0.0 0.6996501749125437
35 39 43 0.0 0.0 0.0 0.0 1.0 0.0 0.0 0.6996501749125437
35 40 36 0.0 0.0 0.0 0.0 1.0 0.0 0.0 0.6996501749125437
35 40 37 0.0 0.0 23.0 0.0 625.0 7.0 0.0 0.5301022340022719
35 40 38 0.0 0.0 148.0 0.0 3391.0 17.0 114.0 0.25339366515837103
35 40 39 0.0 0.0 3.0 0.0 187.0 1.0 0.0 0.639561443581544
35 40 40 0.0 0.0 15.0 0.0 535.0 3.0 1.0 0.5496662740478994
35 40 41 0.0 0.0 2.0 0.0 51.0 0.0 0.0 0.6819288845591815
35 40 42 0.0 0.0 0.0 0.0 15.0 0.0 0.0 0.694789081885856
35 40 43 0.0 0.0 0.0 0.0 3.0 0.0 0.0 0.6993006993006992
35 41 36 0.0 0.0 0.0 0.0 1.0 0.0 0.0 0.6996501749125437
35 41 37 0.0 0.0 38.0 0.0 1033.0 6.0 6.0 0.4569190600522193
35 41 38 0.0 0.0 51.0 0.0 1223.0 9.0 12.0 0.4287901990811638
35 41 39 0.0 0.0 7.0 0.0 405.0 3.0 0.0 0.58115400581154
35 41 40 0.0 0.0 16.0 0.0 320.0 3.0 1.0 0.6000857265323617
35 41 41 0.0 0.0 0.0 0.0 23.0 0.0 0.0 0.6920415224913494
35 41 42 0.0 0.0 1.0 0.0 75.0 1.0 0.0 0.6746987951807227
35 41 43 0.0 0.0 1.0 0.0 11.0 1.0 0.0 0.6961710591745399
35 41 44 0.0 0.0 0.0 0.0 5.0 0.0 0.0 0.6982543640897755
35 42 36 0.0 0.0 0.0 0.0 4.0 0.0 0.0 0.6986027944111775
35 42 37 0.0 0.0 0.0 0.0 31.0 0.0 0.0 0.6893156080748399
35 42 38 0.0 0.0 0.0 0.0 31.0 0.0 0.0 0.6893156080748399
35 42 39 0.0 0.0 0.0 0.0 58.0 1.0 0.0 0.6806028196402526
35 42 40 0.0 0.0 5.0 0.0 81.0 1.0 0.0 0.6714628297362109
35 42 41 0.0 0.0 0.0 0.0 20.0 0.0 0.0 0.6930693069306929
35 42 42 0.0 0.0 2.0 0.0 30.0 1.0 0.0 0.6893156080748399
35 42 43 0.0 0.0 0.0 0.0 9.0 0.0 0.0 0.6968641114982577
35 42 44 0.0 0.0 0.0 0.0 4.0 0.0 0.0 0.6986027944111775
35 43 37 0.0 0.0 0.0 0.0 4.0 0.0 0.0 0.6986027944111775
35 43 38 0.0 0.0 0.0 0.0 9.0 0.0 0.0 0.6968641114982577
35 43 39 0.0 0.0 2.0 0.0 37.0 0.0 0.0 0.6866110838646394
35 43 40 0.0 0.0 1.0 0.0 20.0 0.0 0.0 0.6927263730826323
35 43 41 0.0 0.0 0.0 0.0 5.0 0.0 0.0 0.6982543640897755
35 43 42 0.0 0.0 0.0 0.0 8.0 1.0 0.0 0.6975585450921773
35 43 43 0.0 0.0 2.0 0.0 26.0 0.0 0.0 0.690335305719921
35 44 38 0.0 0.0 0.0 0.0 1.0 0.0 0.0 0.6996501749125437
35 44 39 0.0 0.0 0.0 0.0 1.0 0.0 0.0 0.6996501749125437
35 44 40 0.0 0.0 17.0 0.0 268.0 3.0 0.0 0.6134969325153373
35 44 41 0.0 0.0 0.0 0.0 1.0 0.0 0.0 0.6996501749125437
35 44 42 0.0 0.0 8.0 0.0 165.0 4.0 0.0 0.6454587367450437
35 45 39 0.0 0.0 0.0 0.0 4.0 0.0 0.0 0.6986027944111775
35 45 40 0.0 0.0 0.0 0.0 1.0 0.0 0.0 0.6996501749125437
35 45 43 0.0 0.0 0.0 0.0 1.0 0.0 0.0 0.6996501749125437
36 35 40 0.0 0.0 0.0 0.0 2.0 0.0 0.0 0.6993006993006992
36 35 43 0.0 0.0 0.0 0.0 3.0 0.0 0.0 0.6989515726410384
36 35 44 0.0 0.0 0.0 0.0 2.0 0.0 0.0 0.6993006993006992
36 36 38 0.0 0.0 0.0 0.0 23.0 0.0 0.0 0.6920415224913494
36 36 39 0.0 0.0 1.0 0.0 137.0 2.0 0.0 0.6554307116104868
36 36 40 0.0 0.0 2.0 0.0 112.0 0.0 0.0 0.662251655629139
36 36 41 0.0 0.0 48.0 0.0 832.0 11.0 2.0 0.48797490414778655
36 36 42 0.0 0.0 11.0 0.0 204.0 2.0 0.0 0.632625395390872
36 36 43 0.0 0.0 0.0 0.0 13.0 0.0 0.0 0.6958250497017892
36 36 44 0.0 0.0 0.0 0.0 2.0 0.0 0.0 0.6993006993006992
36 37 37 0.0 0.0 1.0 0.0 20.0 0.0 0.0 0.6927263730826323
36 37 38 0.0 0.0 68.0 0.0 1439.0 8.0 11.0 0.40011431837667905
36 37 39 0.0 0.0 80.0 0.0 1335.0 12.0 7.0 0.41152263374485587
36 37 40 0.0 0.0 109.0 0.0 2577.0 16.0 46.0 0.29952931108258446
36 37 41 0.0 0.0 16.0 0.0 437.0 6.0 1.0 0.5721291377196566
36 37 42 0.0 0.0 78.0 0.0 1553.0 15.0 13.0 0.3871681415929203
36 37 43 0.0 0.0 1.0 0.0 31.0 0.0 0.0 0.6889763779527558
36 37 44 0.0 0.0 1.0 0.0 9.0 0.0 0.0 0.6965174129353233
36 38 36 0.0 0.0 0.0 0.0 12.0 0.0 0.0 0.6958250497017892
36 38 37 0.0 0.0 13.0 0.0 263.0 5.0 0.0 0.6164685160722148
36 38 38 0.0 0.0 19.0 0.0 514.0 10.0 0.0 0.5553351844506148
36 38 39 0.0 0.0 129.0 0.0 2492.0 15.0 38.0 0.303951367781155
36 38 40 0.0 0.0 473.0 0.0 9231.0 27.0 2061.0 0.1198014718466541
36 38 41 0.0 0.0 124.0 0.0 3038.0 18.0 93.0 0.27210884353741494
36 38 42 0.0 0.0 0.0 0.0 57.0 0.0 0.0 0.6806028196402526
36 38 43 0.0 0.0 1.0 0.0 19.0 1.0 0.0 0.6934125804853887
36 38 44 0.0 0.0 0.0 0.0 13.0 0.0 0.0 0.695479384003974
36 38 45 0.0 0.0 0.0 0.0 3.0 0.0 0.0 0.6989515726410384
36 39 36 0.0 0.0 0.0 0.0 15.0 0.0 0.0 0.694789081885856
36 39 37 0.0 0.0 60.0 0.0 1671.0 7.0 24.0 0.37604082728981997
36 39 38 0.0 0.0 103.0 0.0 2462.0 11.0 57.0 0.3072870939420544
36 39 39 0.0 0.0 568.0 0.0 10014.0 27.0 2739.0 0.11139401654996817
36 39 40 0.0 0.0 319.0 0.0 7428.0 12.0 1062.0 0.14372241043014064
36 39 41 0.0 0.0 31.0 0.0 706.0 5.0 3.0 0.5124450951683748
36 39 42 0.0 0.0 8.0 0.0 225.0 3.0 0.0 0.6278026905829596
36 39 43 0.0 0.0 2.0 0.0 57.0 0.0 0.0 0.6799417192812044
36 39 44 0.0 0.0 0.0 0.0 6.0 0.0 0.0 0.6979062811565303
36 39 45 0.0 0.0 0.0 0.0 3.0 0.0 0.0 0.6989515726410384
36 40 36 0.0 0.0 3.0 0.0 75.0 0.0 0.0 0.6737247353224253
36 40 37 0.0 0.0 112.0 0.0 2176.0 14.0 28.0 0.3275620028076743
36 40 38 0.0 0.0 752.0 0.0 11558.0 34.0 5130.0 0.09791579241852007
36 40 39 0.0 0.0 515.0 0.0 9787.0 24.0 2782.0 0.11388595135442933
36 40 40 0.0 0.0 118.0 0.0 3280.0 12.0 127.0 0.2598849081121218
36 40 41 0.0 0.0 173.0 0.0 4156.0 14.0 183.0 0.22172949002217293
36 40 42 0.0 0.0 43.0 0.0 1088.0 5.0 4.0 0.44785668586052463
36 40 43 0.0 0.0 66.0 0.0 1630.0 15.0 17.0 0.3801248981808308
36 40 44 0.0 0.0 0.0 0.0 5.0 0.0 0.0 0.6982543640897755
36 41 35 0.0 0.0 0.0 0.0 6.0 0.0 0.0 0.6979062811565303
36 41 36 0.0 0.0 0.0 0.0 16.0 0.0 0.0 0.694789081885856
36 41 37 0.0 0.0 151.0 0.0 3443.0 28.0 103.0 0.2514367816091954
36 41 38 0.0 0.0 636.0 0.0 10747.0 29.0 3260.0 0.10471987433615079
36 41 39 0.0 0.0 49.0 0.0 1632.0 12.0 16.0 0.38178347422961545
36 41 40 0.0 0.0 461.0 0.0 8792.0 20.0 1546.0 0.12453300124533
36 41 41 0.0 0.0 227.0 0.0 4963.0 21.0 286.0 0.19517635577861422
36 41 42 0.0 0.0 182.0 0.0 4673.0 17.0 236.0 0.20464844321005699
36 41 43 0.0 0.0 13.0 0.0 328.0 3.0 0.0 0.5988023952095808
36 41 44 0.0 0.0 0.0 0.0 5.0 0.0 0.0 0.6982543640897755
36 42 35 0.0 0.0 0.0 0.0 1.0 0.0 0.0 0.6996501749125437
36 42 36 0.0 0.0 0.0 0.0 12.0 0.0 0.0 0.6958250497017892
36 42 37 0.0 0.0 2.0 0.0 96.0 1.0 0.0 0.6676204101096804
36 42 38 0.0 0.0 239.0 0.0 5298.0 21.0 343.0 0.18619497273573613
36 42 39 0.0 0.0 66.0 0.0 1645.0 13.0 13.0 0.3786854206113064
36 42 40 0.0 0.0 207.0 0.0 5043.0 22.0 332.0 0.19358407079646014
36 42 41 0.0 0.0 141.0 0.0 3409.0 20.0 104.0 0.2530730296456977
36 42 42 0.0 0.0 142.0 0.0 3201.0 12.0 75.0 0.26261489401613203
36 42 43 0.0 0.0 202.0 0.0 4987.0 16.0 331.0 0.19514914970727623
36 42 44 0.0 0.0 0.0 0.0 4.0 0.0 0.0 0.6986027944111775
36 43 36 0.0 0.0 4.0 0.0 109.0 1.0 0.0 0.6628787878787878
36 43 37 0.0 0.0 2.0 0.0 59.0 1.0 0.0 0.6796116504854368
36 43 38 0.0 0.0 99.0 0.0 1793.0 16.0 15.0 0.36110394635027077
36 43 39 0.0 0.0 72.0 0.0 1945.0 10.0 25.0 0.3494757863205192
36 43 40 0.0 0.0 130.0 0.0 3093.0 17.0 60.0 0.2688688304205876
36 43 41 0.0 0.0 69.0 0.0 1540.0 14.0 12.0 0.38942976356050063
36 43 42 0.0 0.0 64.0 0.0 1330.0 8.0 8.0 0.41346721795629054
36 43 43 0.0 0.0 17.0 0.0 344.0 4.0 0.0 0.593975392448027
36 43 44 0.0 0.0 0.0 0.0 4.0 0.0 0.0 0.6986027944111775
36 44 37 0.0 0.0 0.0 0.0 12.0 0.0 0.0 0.6958250497017892
36 44 38 0.0 0.0 11.0 0.0 222.0 1.0 0.0 0.6272401433691756
36 44 39 0.0 0.0 119.0 0.0 2981.0 21.0 71.0 0.2755905511811023
36 44 40 0.0 0.0 6.0 0.0 155.0 0.0 0.0 0.6478482184173993
36 44 41 0.0 0.0 157.0 0.0 3240.0 14.0 80.0 0.25998142989786444
36 44 42 0.0 0.0 82.0 0.0 2089.0 19.0 28.0 0.33718689788053946
36 44 43 0.0 0.0 0.0 0.0 4.0 0.0 0.0 0.6986027944111775
36 44 44 0.0 0.0 0.0 0.0 1.0 0.0 0.0 0.6996501749125437
36 45 38 0.0 0.0 0.0 0.0 2.0 0.0 0.0 0.6993006993006992
36 45 39 0.0 0.0 0.0 0.0 8.0 0.0 0.0 0.697211155378486
36 45 40 0.0 0.0 1.0 0.0 45.0 0.0 0.0 0.6842619745845552
36 45 41 0.0 0.0 2.0 0.0 20.0 0.0 0.0 0.6923837784371908
36 45 42 0.0 0.0 0.0 0.0 5.0 0.0 0.0 0.6982543640897755
37 35 37 0.0 0.0 0.0 0.0 1.0 0.0 0.0 0.6996501749125437
37 35 38 0.0 0.0 0.0 0.0 4.0 0.0 0.0 0.6986027944111775
37 35 39 0.0 0.0 1.0 0.0 11.0 0.0 0.0 0.6958250497017892
37 35 40 0.0 0.0 0.0 0.0 4.0 0.0 0.0 0.6986027944111775
37 35 41 0.0 0.0 0.0 0.0 13.0 0.0 0.0 0.695479384003974
37 35 42 0.0 0.0 0.0 0.0 14.0 0.0 0.0 0.6951340615690167
37 35 43 0.0 0.0 0.0 0.0 3.0 0.0 0.0 0.6989515726410384
37 35 44 0.0 0.0 0.0 0.0 7.0 0.0 0.0 0.6975585450921773
37 36 36 0.0 0.0 0.0 0.0 12.0 0.0 0.0 0.6958250497017892
37 36 37 0.0 0.0 0.0 0.0 27.0 0.0 0.0 0.6906758756783422
37 36 38 0.0 0.0 1.0 0.0 121.0 1.0 0.0 0.66006600660066
37 36 39 0.0 0.0 19.0 0.0 449.0 6.0 1.0 0.5686433793663687
37 36 40 0.0 0.0 60.0 0.0 1573.0 8.0 9.0 0.3862068965517241
37 36 41 0.0 0.0 41.0 0.0 1227.0 5.0 17.0 0.4290530186944529
37 36 42 0.0 0.0 11.0 0.0 514.0 3.0 0.0 0.5551149881046787
37 36 43 0.0 0.0 204.0 0.0 4643.0 25.0 220.0 0.20512820512820507
37 36 44 0.0 0.0 1.0 0.0 74.0 1.0 0.0 0.6750241080038573
37 37 35 0.0 0.0 0.0 0.0 8.0 1.0 0.0 0.6975585450921773
37 37 36 0.0 0.0 1.0 0.0 19.0 1.0 0.0 0.6934125804853887
37 37 37 0.0 0.0 25.0 0.0 537.0 4.0 0.0 0.5473025801407349
37 37 38 0.0 0.0 58.0 0.0 1465.0 9.0 13.0 0.39840637450199196
37 37 39 0.0 0.0 511.0 0.0 9619.0 20.0 2307.0 0.11549249298795577
37 37 40 0.0 0.0 856.0 0.0 12225.0 29.0 7491.0 0.0928813109533603
37 37 41 0.0 0.0 454.0 0.0 9002.0 17.0 1593.0 0.12235623142807199
37 37 42 0.0 0.0 178.0 0.0 3942.0 23.0 141.0 0.22962112514351318
37 37 43 0.0 0.0 143.0 0.0 3470.0 11.0 119.0 0.2498215560314061
37 37 44 0.0 0.0 0.0 0.0 25.0 0.0 0.0 0.6913580246913579
37 37 45 0.0 0.0 0.0 0.0 1.0 0.0 0.0 0.6996501749125437
37 37 46 0.0 0.0 0.0 0.0 2.0 0.0 0.0 0.6993006993006992
37 38 35 0.0 0.0 0.0 0.0 5.0 0.0 0.0 0.6982543640897755
37 38 36 0.0 0.0 0.0 0.0 43.0 0.0 0.0 0.6852667645619186
37 38 37 0.0 0.0 26.0 0.0 879.0 3.0 9.0 0.48259220958290233
37 38 38 0.0 0.0 415.0 0.0 8829.0 21.0 2033.0 0.1246105919003115
37 38 39 0.0 0.0 411.0 0.0 8349.0 17.0 1415.0 0.13024467392315564
37 38 40 0.0 0.0 362.0 0.0 7064.0 29.0 787.0 0.14890448840672194
37 38 41 0.0 0.0 610.0 0.0 10594.0 28.0 3779.0 0.10604453870625662
37 38 42 0.0 0.0 156.0 0.0 3991.0 17.0 165.0 0.22845953002610964
37 38 43 0.0 0.0 325.0 0.0 6270.0 24.0 438.0 0.16326530612244894
37 38 44 0.0 0.0 201.0 0.0 4414.0 26.0 200.0 0.21237864077669902
37 38 45 0.0 0.0 4.0 0.0 72.0 1.0 0.0 0.6746987951807227
37 38 46 0.0 0.0 0.0 0.0 1.0 0.0 0.0 0.6996501749125437
37 39 35 0.0 0.0 0.0 0.0 3.0 0.0 0.0 0.6989515726410384
37 39 36 0.0 0.0 4.0 0.0 157.0 2.0 1.0 0.6484483557202407
37 39 37 0.0 0.0 454.0 0.0 8253.0 22.0 1227.0 0.13101253977166386
37 39 38 0.0 0.0 634.0 0.0 10705.0 26.0 3523.0 0.10499475026248688
37 39 39 0.0 0.0 821.0 0.0 12137.0 30.0 7169.0 0.09358288770053474
37 39 40 0.0 0.0 687.0 0.0 11474.0 25.0 4776.0 0.09891895711156644
37 39 41 0.0 0.0 633.0 0.0 10779.0 25.0 3689.0 0.10444643390032825
37 39 42 0.0 0.0 229.0 0.0 5449.0 16.0 373.0 0.1826007564888483
37 39 43 0.0 0.0 90.0 0.0 2505.0 10.0 49.0 0.30534351145038163
37 39 44 0.0 0.0 11.0 0.0 315.0 1.0 0.0 0.6021505376344085
37 39 45 0.0 0.0 0.0 0.0 5.0 0.0 0.0 0.6982543640897755
37 40 35 0.0 0.0 0.0 0.0 7.0 0.0 0.0 0.6975585450921773
37 40 36 0.0 0.0 83.0 0.0 1943.0 14.0 27.0 0.34886618489907795
37 40 37 0.0 0.0 252.0 0.0 5033.0 17.0 236.0 0.19251925192519248
37 40 38 0.0 0.0 448.0 0.0 8940.0 21.0 1923.0 0.12308774397749252
37 40 39 0.0 0.0 1415.0 0.0 12936.0 51.0 18164.0 0.08567931456548346
37 40 40 0.0 0.0 909.0 0.0 12244.0 24.0 8992.0 0.09234219378668952
37 40 41 0.0 0.0 787.0 0.0 11902.0 29.0 6789.0 0.09536135140657992
37 40 42 0.0 0.0 443.0 0.0 8644.0 22.0 1436.0 0.1264450867052023
37 40 43 0.0 0.0 286.0 0.0 5984.0 21.0 464.0 0.16969696969696968
37 40 44 0.0 0.0 1.0 0.0 70.0 1.0 0.0 0.6763285024154588
37 40 45 0.0 0.0 0.0 0.0 1.0 0.0 0.0 0.6996501749125437
37 40 46 0.0 0.0 0.0 0.0 1.0 0.0 0.0 0.6996501749125437
37 41 35 0.0 0.0 0.0 0.0 5.0 0.0 0.0 0.6982543640897755
37 41 36 0.0 0.0 219.0 0.0 4986.0 22.0 253.0 0.19479615973285094
37 41 37 0.0 0.0 292.0 0.0 6366.0 19.0 505.0 0.16199953714417956
37 41 38 0.0 0.0 334.0 0.0 7522.0 26.0 1055.0 0.14233428222854816
37 41 39 0.0 0.0 840.0 0.0 12010.0 26.0 6765.0 0.09428244326217251
37 41 40 0.0 0.0 824.0 0.0 11991.0 34.0 5449.0 0.09455626097528029
37 41 41 0.0 0.0 610.0 0.0 10728.0 23.0 4119.0 0.10506566604127579
37 41 42 0.0 0.0 258.0 0.0 6239.0 20.0 596.0 0.16511381059087152
37 41 43 0.0 0.0 158.0 0.0 3509.0 15.0 113.0 0.24756852343059238
37 41 44 0.0 0.0 3.0 0.0 63.0 2.0 0.0 0.6782945736434108
37 41 45 0.0 0.0 0.0 0.0 1.0 0.0 0.0 0.6996501749125437
37 42 35 0.0 0.0 33.0 0.0 628.0 10.0 5.0 0.5281026027913994
37 42 36 0.0 0.0 0.0 0.0 53.0 0.0 0.0 0.6819288845591815
37 42 37 0.0 0.0 147.0 0.0 3427.0 13.0 77.0 0.25175328178385176
37 42 38 0.0 0.0 186.0 0.0 5120.0 14.0 393.0 0.1919912232583653
37 42 39 0.0 0.0 752.0 0.0 11729.0 25.0 5832.0 0.09673184550542388
37 42 40 0.0 0.0 1117.0 0.0 12777.0 28.0 12130.0 0.08807247106190234
37 42 41 0.0 0.0 619.0 0.0 10853.0 27.0 4211.0 0.10400416016640664
37 42 42 0.0 0.0 729.0 0.0 11410.0 34.0 5130.0 0.09909399773499432
37 42 43 0.0 0.0 82.0 0.0 2390.0 11.0 48.0 0.3139013452914797
37 42 44 0.0 0.0 6.0 0.0 154.0 0.0 0.0 0.648148148148148
37 42 45 0.0 0.0 0.0 0.0 2.0 0.0 0.0 0.6993006993006992
37 43 35 0.0 0.0 0.0 0.0 10.0 0.0 0.0 0.6965174129353233
37 43 36 0.0 0.0 2.0 0.0 79.0 2.0 0.0 0.6734006734006733
37 43 37 0.0 0.0 136.0 0.0 2851.0 25.0 55.0 0.2822011691191292
37 43 38 0.0 0.0 461.0 0.0 9528.0 18.0 2424.0 0.11685168182956344
37 43 39 0.0 0.0 609.0 0.0 10773.0 38.0 4333.0 0.10481395522946768
37 43 40 0.0 0.0 574.0 0.0 10459.0 31.0 3446.0 0.10755992624462199
37 43 41 0.0 0.0 379.0 0.0 8334.0 14.0 1572.0 0.13081666978134926
37 43 42 0.0 0.0 183.0 0.0 4138.0 22.0 155.0 0.2222222222222222
37 43 43 0.0 0.0 198.0 0.0 3910.0 9.0 149.0 0.22954582718478433
37 43 44 0.0 0.0 0.0 0.0 4.0 0.0 0.0 0.6986027944111775
37 44 36 0.0 0.0 0.0 0.0 3.0 0.0 0.0 0.6989515726410384
37 44 37 0.0 0.0 0.0 0.0 46.0 0.0 0.0 0.6842619745845552
37 44 38 0.0 0.0 12.0 0.0 508.0 3.0 1.0 0.5562177195073499
37 44 39 0.0 0.0 122.0 0.0 2952.0 12.0 69.0 0.2764067127344521
37 44 40 0.0 0.0 112.0 0.0 2770.0 14.0 49.0 0.28753337440952964
37 44 41 0.0 0.0 291.0 0.0 6046.0 19.0 491.0 0.16822879115597208
37 44 42 0.0 0.0 161.0 0.0 3272.0 19.0 86.0 0.258636615555145
37 44 43 0.0 0.0 1.0 0.0 27.0 0.0 0.0 0.690335305719921
37 44 44 0.0 0.0 0.0 0.0 5.0 0.0 0.0 0.6982543640897755
37 45 37 0.0 0.0 0.0 0.0 1.0 0.0 0.0 0.6996501749125437
37 45 38 0.0 0.0 0.0 0.0 9.0 0.0 0.0 0.6968641114982577
37 45 39 0.0 0.0 0.0 0.0 14.0 0.0 0.0 0.6951340615690167
37 45 40 0.0 0.0 0.0 0.0 42.0 0.0 0.0 0.6856023506366307
37 45 41 0.0 0.0 6.0 0.0 118.0 1.0 0.0 0.6594441827602449
37 45 42 0.0 0.0 0.0 0.0 22.0 0.0 0.0 0.6923837784371908
37 46 39 0.0 0.0 0.0 0.0 2.0 0.0 0.0 0.6993006993006992
37 46 40 0.0 0.0 0.0 0.0 3.0 0.0 0.0 0.6989515726410384
37 46 41 0.0 0.0 0.0 0.0 2.0 0.0 0.0 0.6993006993006992
37 46 42 0.0 0.0 3.0 0.0 80.0 1.0 0.0 0.6724303554274734
38 34 40 0.0 0.0 0.0 0.0 1.0 0.0 0.0 0.6996501749125437
38 35 36 0.0 0.0 0.0 0.0 2.0 0.0 0.0 0.6993006993006992
38 35 37 0.0 0.0 0.0 0.0 14.0 0.0 0.0 0.6951340615690167
38 35 38 0.0 0.0 0.0 0.0 16.0 0.0 0.0 0.6944444444444444
38 35 39 0.0 0.0 1.0 0.0 58.0 1.0 0.0 0.6802721088435373
38 35 40 0.0 0.0 9.0 0.0 203.0 3.0 0.0 0.6337709370755997
38 35 41 0.0 0.0 8.0 0.0 202.0 1.0 0.0 0.6337709370755997
38 35 42 0.0 0.0 0.0 0.0 23.0 0.0 0.0 0.6920415224913494
38 35 43 0.0 0.0 0.0 0.0 5.0 0.0 0.0 0.6982543640897755
38 35 44 0.0 0.0 0.0 0.0 2.0 0.0 0.0 0.6993006993006992
38 36 35 0.0 0.0 0.0 0.0 2.0 0.0 0.0 0.6993006993006992
38 36 36 0.0 0.0 0.0 0.0 50.0 0.0 0.0 0.6829268292682925
38 36 37 0.0 0.0 211.0 0.0 4155.0 21.0 147.0 0.2205766503860091
38 36 38 0.0 0.0 90.0 0.0 2196.0 13.0 44.0 0.3275620028076743
38 36 39 0.0 0.0 111.0 0.0 2432.0 20.0 39.0 0.309529073623701
38 36 40 0.0 0.0 276.0 0.0 6224.0 26.0 498.0 0.16517225106182157
38 36 41 0.0 0.0 195.0 0.0 5082.0 19.0 358.0 0.1928640308582449
38 36 42 0.0 0.0 54.0 0.0 1608.0 8.0 17.0 0.3831417624521072
38 36 43 0.0 0.0 109.0 0.0 2155.0 16.0 31.0 0.329489291598023
38 36 44 0.0 0.0 2.0 0.0 92.0 0.0 0.0 0.6685768863419292
38 37 35 0.0 0.0 0.0 0.0 13.0 0.0 0.0 0.695479384003974
38 37 36 0.0 0.0 209.0 0.0 4896.0 27.0 267.0 0.19779598756710934
38 37 37 0.0 0.0 49.0 0.0 1759.0 8.0 17.0 0.3683241252302025
38 37 38 0.0 0.0 559.0 0.0 10023.0 28.0 2546.0 0.11144722177997134
38 37 39 0.0 0.0 368.0 0.0 7970.0 17.0 1232.0 0.13555383423702555
38 37 40 0.0 0.0 820.0 0.0 12063.0 32.0 6998.0 0.09414296281352967
38 37 41 0.0 0.0 542.0 0.0 9957.0 34.0 2728.0 0.112260444230615
38 37 42 0.0 0.0 784.0 0.0 11670.0 34.0 6191.0 0.09695290858725761
38 37 43 0.0 0.0 527.0 0.0 9972.0 29.0 2892.0 0.11215252743731474
38 37 44 0.0 0.0 136.0 0.0 2861.0 16.0 62.0 0.280955247842665
38 37 45 0.0 0.0 0.0 0.0 52.0 0.0 0.0 0.6822612085769979
38 37 46 0.0 0.0 0.0 0.0 1.0 0.0 0.0 0.6996501749125437
38 38 35 0.0 0.0 4.0 0.0 111.0 0.0 0.0 0.6619385342789597
38 38 36 0.0 0.0 177.0 0.0 3884.0 15.0 128.0 0.23159636062861866
38 38 37 0.0 0.0 234.0 0.0 5794.0 16.0 476.0 0.17469428500124778
38 38 38 0.0 0.0 956.0 0.0 12424.0 38.0 10670.0 0.09106283335501494
38 38 39 0.0 0.0 1180.0 0.0 12864.0 40.0 13264.0 0.08728179551122194
38 38 40 0.0 0.0 1657.0 0.0 12606.0 49.0 23076.0 0.08612204724409449
38 38 41 0.0 0.0 1475.0 0.0 13140.0 35.0 18899.0 0.08420546132563454
38 38 42 0.0 0.0 1049.0 0.0 13014.0 38.0 8655.0 0.0872437215678943
38 38 43 0.0 0.0 323.0 0.0 6182.0 21.0 455.0 0.16491930733890917
38 38 44 0.0 0.0 49.0 0.0 1156.0 9.0 9.0 0.43818466353677615
38 38 45 0.0 0.0 191.0 0.0 3519.0 20.0 64.0 0.2460456942003515
38 38 46 0.0 0.0 1.0 0.0 1.0 0.0 0.0 0.6993006993006992
38 39 35 0.0 0.0 25.0 0.0 640.0 6.0 0.0 0.5265137269650243
38 39 36 0.0 0.0 75.0 0.0 1953.0 12.0 26.0 0.348605577689243
38 39 37 0.0 0.0 488.0 0.0 9641.0 25.0 2250.0 0.11562603237528904
38 39 38 0.0 0.0 1456.0 0.0 12738.0 41.0 19619.0 0.08639308855291576
38 39 39 0.0 0.0 1962.0 0.0 11964.0 61.0 31790.0 0.08790104853393607
38 39 40 0.0 0.0 2100.0 0.0 12567.0 57.0 30530.0 0.08402856971370265
38 39 41 0.0 0.0 1815.0 0.0 12584.0 49.0 26788.0 0.08539709649871903
38 39 42 0.0 0.0 992.0 0.0 12576.0 29.0 9243.0 0.08992228145674096
38 39 43 0.0 0.0 769.0 0.0 11887.0 26.0 6057.0 0.09556966345825652
38 39 44 0.0 0.0 166.0 0.0 3544.0 17.0 121.0 0.2458728486125746
38 39 45 0.0 0.0 40.0 0.0 850.0 14.0 2.0 0.4867872044506258
38 39 46 0.0 0.0 0.0 0.0 2.0 0.0 0.0 0.6993006993006992
38 40 35 0.0 0.0 2.0 0.0 38.0 1.0 0.0 0.6866110838646394
38 40 36 0.0 0.0 67.0 0.0 1639.0 12.0 12.0 0.3789929615592853
38 40 37 0.0 0.0 600.0 0.0 10482.0 28.0 3040.0 0.10712372790573112
38 40 38 0.0 0.0 1447.0 0.0 12885.0 40.0 19222.0 0.08572128337007102
38 40 39 0.0 0.0 2483.0 0.0 11329.0 62.0 43182.0 0.08842849924204144
38 40 40 0.0 0.0 2332.0 2.0 12057.0 57.0 36528.0 0.08540230586225828
38 40 41 0.0 2.0 1472.0 0.0 13054.0 29.0 18676.0 0.0846279393096778
38 40 42 0.0 0.0 1327.0 0.0 12793.0 51.0 16537.0 0.08690793966105903
38 40 43 0.0 0.0 491.0 0.0 9771.0 34.0 2581.0 0.11440712592955789
38 40 44 0.0 0.0 3.0 0.0 203.0 1.0 1.0 0.6352087114337567
38 40 45 0.0 0.0 15.0 0.0 552.0 2.0 1.0 0.5458089668615984
38 41 35 0.0 0.0 0.0 0.0 13.0 0.0 0.0 0.6961710591745399
38 41 36 0.0 0.0 27.0 0.0 706.0 3.0 3.0 0.5128205128205128
38 41 37 0.0 0.0 467.0 0.0 9056.0 29.0 1800.0 0.12167564748826697
38 41 38 0.0 0.0 1116.0 0.0 12706.0 31.0 12090.0 0.08852355358836546
38 41 39 0.0 0.0 2087.0 0.0 11979.0 54.0 33280.0 0.08715139442231075
38 41 40 0.0 0.0 2319.0 0.0 12137.0 64.0 36310.0 0.08511673151750972
38 41 41 0.0 0.0 1562.0 0.0 12843.0 38.0 20967.0 0.08532423208191126
38 41 42 0.0 0.0 968.0 0.0 12693.0 25.0 7829.0 0.08940545373267768
38 41 43 0.0 0.0 236.0 0.0 5408.0 21.0 349.0 0.18360655737704917
38 41 44 0.0 0.0 210.0 0.0 4741.0 14.0 232.0 0.20178725857595847
38 41 45 0.0 0.0 1.0 0.0 12.0 0.0 0.0 0.695479384003974
38 42 34 0.0 0.0 0.0 0.0 1.0 0.0 0.0 0.6996501749125437
38 42 35 0.0 0.0 0.0 0.0 25.0 0.0 0.0 0.6913580246913579
38 42 36 0.0 0.0 194.0 0.0 4992.0 27.0 322.0 0.19544883428730978
38 42 37 0.0 0.0 394.0 0.0 8263.0 21.0 1398.0 0.13150479053165506
38 42 38 0.0 0.0 976.0 0.0 12585.0 41.0 10220.0 0.0900842931600283
38 42 39 0.0 0.0 1562.0 0.0 12425.0 42.0 24197.0 0.08753829800537735
38 42 40 0.0 0.0 1495.0 0.0 12629.0 47.0 21068.0 0.08682170542635657
38 42 41 0.0 0.0 1688.0 0.0 12277.0 38.0 26663.0 0.08764241893076248
38 42 42 0.0 0.0 807.0 0.0 11941.0 33.0 5869.0 0.09499898215376262
38 42 43 0.0 0.0 86.0 0.0 2345.0 12.0 44.0 0.3168137587689522
38 42 44 0.0 0.0 36.0 0.0 763.0 12.0 1.0 0.5023322569070685
38 42 45 0.0 0.0 0.0 0.0 2.0 0.0 0.0 0.6993006993006992
38 43 34 0.0 0.0 0.0 0.0 3.0 0.0 0.0 0.6989515726410384
38 43 35 0.0 0.0 0.0 0.0 7.0 0.0 0.0 0.6975585450921773
38 43 36 0.0 0.0 31.0 0.0 820.0 3.0 5.0 0.49157303370786515
38 43 37 0.0 0.0 268.0 0.0 6002.0 22.0 494.0 0.16961473225102977
38 43 38 0.0 0.0 551.0 0.0 10233.0 24.0 3180.0 0.10963194988253719
38 43 39 0.0 0.0 599.0 0.0 10617.0 36.0 3242.0 0.10609275538041829
38 43 40 0.0 0.0 809.0 0.0 12048.0 26.0 7872.0 0.09420631182289213
38 43 41 0.0 0.0 694.0 0.0 11450.0 17.0 5643.0 0.099009900990099
38 43 42 0.0 0.0 511.0 0.0 9625.0 31.0 2198.0 0.11555922410235245
38 43 43 0.0 0.0 89.0 0.0 2096.0 14.0 37.0 0.3356509230400383
38 43 44 0.0 0.0 0.0 0.0 12.0 0.0 0.0 0.6958250497017892
38 43 45 0.0 0.0 0.0 0.0 2.0 0.0 0.0 0.6993006993006992
38 44 34 0.0 0.0 0.0 0.0 2.0 0.0 0.0 0.6993006993006992
38 44 35 0.0 0.0 0.0 0.0 2.0 0.0 0.0 0.6993006993006992
38 44 36 0.0 0.0 0.0 0.0 9.0 0.0 0.0 0.6968641114982577
38 44 37 0.0 0.0 2.0 0.0 83.0 2.0 0.0 0.6721075372059528
38 44 38 0.0 0.0 117.0 0.0 2787.0 16.0 54.0 0.28635712824708526
38 44 39 0.0 0.0 244.0 0.0 5440.0 20.0 336.0 0.182648401826484
38 44 40 0.0 0.0 348.0 0.0 7332.0 18.0 906.0 0.14480761274306989
38 44 41 0.0 0.0 462.0 0.0 8973.0 20.0 1675.0 0.12252756870295815
38 44 42 0.0 0.0 46.0 0.0 1192.0 9.0 16.0 0.4334365325077399
38 44 43 0.0 0.0 24.0 0.0 541.0 7.0 4.0 0.5473025801407349
38 44 44 0.0 0.0 0.0 0.0 1.0 0.0 0.0 0.6996501749125437
38 45 38 0.0 0.0 2.0 0.0 36.0 1.0 0.0 0.6872852233676975
38 45 39 0.0 0.0 70.0 0.0 1411.0 12.0 13.0 0.40357451715191694
38 45 40 0.0 0.0 231.0 0.0 4433.0 18.0 161.0 0.21055797864340497
38 45 41 0.0 0.0 287.0 0.0 6039.0 17.0 477.0 0.1683501683501683
38 45 42 0.0 0.0 37.0 0.0 665.0 8.0 1.0 0.5198663200891199
38 45 43 0.0 0.0 1.0 0.0 33.0 0.0 0.0 0.6882989183874139
38 46 39 0.0 0.0 0.0 0.0 3.0 0.0 0.0 0.6989515726410384
38 46 40 0.0 0.0 1.0 0.0 49.0 0.0 0.0 0.6829268292682925
38 46 41 0.0 0.0 3.0 0.0 17.0 0.0 0.0 0.6930693069306929
38 46 42 0.0 0.0 0.0 0.0 9.0 1.0 0.0 0.697211155378486
39 34 40 0.0 0.0 0.0 0.0 1.0 0.0 0.0 0.6996501749125437
39 34 42 0.0 0.0 0.0 0.0 1.0 0.0 0.0 0.6996501749125437
39 35 36 0.0 0.0 0.0 0.0 4.0 0.0 0.0 0.6986027944111775
39 35 37 0.0 0.0 0.0 0.0 30.0 0.0 0.0 0.689655172413793
39 35 38 0.0 0.0 0.0 0.0 24.0 0.0 0.0 0.6916996047430829
39 35 39 0.0 0.0 89.0 0.0 1954.0 17.0 21.0 0.347739692001987
39 35 40 0.0 0.0 6.0 0.0 205.0 1.0 0.0 0.6334841628959276
39 35 41 0.0 0.0 156.0 0.0 2963.0 22.0 64.0 0.2747252747252747
39 35 42 0.0 0.0 88.0 0.0 1885.0 13.0 25.0 0.3534460994698308
39 35 43 0.0 0.0 16.0 0.0 329.0 2.0 1.0 0.5975245411865129
39 35 44 0.0 0.0 0.0 0.0 3.0 0.0 0.0 0.6989515726410384
39 36 35 0.0 0.0 0.0 0.0 7.0 0.0 0.0 0.6975585450921773
39 36 36 0.0 0.0 67.0 0.0 2118.0 11.0 34.0 0.33540967896502155
39 36 37 0.0 0.0 174.0 0.0 3696.0 14.0 97.0 0.23911187019641328
39 36 38 0.0 0.0 394.0 0.0 7686.0 14.0 973.0 0.13899920571882443
39 36 39 0.0 0.0 82.0 0.0 2056.0 10.0 30.0 0.33906514894647605
39 36 40 0.0 0.0 293.0 0.0 6411.0 20.0 582.0 0.16119746689694875
39 36 41 0.0 0.0 507.0 0.0 9282.0 20.0 2195.0 0.11886568177958906
39 36 42 0.0 0.0 242.0 0.0 5782.0 14.0 399.0 0.17462891355868776
39 36 43 0.0 0.0 85.0 0.0 2290.0 10.0 41.0 0.3205128205128205
39 36 44 0.0 0.0 0.0 0.0 54.0 1.0 0.0 0.6819288845591815
39 36 45 0.0 0.0 0.0 0.0 8.0 0.0 0.0 0.697211155378486
39 37 35 0.0 0.0 1.0 0.0 34.0 0.0 0.0 0.6879606879606879
39 37 36 0.0 0.0 70.0 0.0 1965.0 11.0 30.0 0.34791252485089463
39 37 37 0.0 0.0 828.0 0.0 11982.0 25.0 5952.0 0.09453072248480755
39 37 38 0.0 0.0 626.0 0.0 10843.0 20.0 4289.0 0.10396554284865586
39 37 39 0.0 0.0 724.0 0.0 11042.0 22.0 3512.0 0.10178857059764432
39 37 40 0.0 0.0 1028.0 0.0 12689.0 36.0 10747.0 0.08914358484559057
39 37 41 0.0 0.0 1431.0 0.0 12851.0 39.0 19616.0 0.08595812611285072
39 37 42 0.0 0.0 1123.0 0.0 12929.0 40.0 12270.0 0.08718938780594132
39 37 43 0.0 0.0 427.0 0.0 8204.0 22.0 1309.0 0.1319385543304118
39 37 44 0.0 0.0 24.0 0.0 805.0 3.0 8.0 0.49557522123893794
39 37 45 0.0 0.0 0.0 0.0 24.0 0.0 0.0 0.6916996047430829
39 38 35 0.0 0.0 22.0 0.0 611.0 6.0 1.0 0.5329272934906736
39 38 36 0.0 0.0 257.0 0.0 6083.0 18.0 529.0 0.16810758885686838
39 38 37 0.0 0.0 992.0 0.0 12280.0 31.0 12066.0 0.0916350307631889
39 38 38 0.0 0.0 1195.0 0.0 13083.0 40.0 12724.0 0.0860479409956976
39 38 39 0.0 0.0 1592.0 0.0 13017.0 49.0 21252.0 0.08430687703239792
39 38 40 0.0 0.0 2481.0 0.0 11589.0 65.0 42057.0 0.08717852917367207
39 38 41 0.0 0.0 2201.0 0.0 12026.0 53.0 35057.0 0.08623875816188246
39 38 42 0.0 0.0 1109.0 0.0 12715.0 41.0 12262.0 0.08857395925597873
39 38 43 0.0 0.0 427.0 0.0 8881.0 23.0 1571.0 0.12403650217063877
39 38 44 0.0 0.0 652.0 0.0 10906.0 27.0 4103.0 0.10333628579864186
39 38 45 0.0 0.0 8.0 0.0 172.0 4.0 0.0 0.6433823529411764
39 39 34 0.0 0.0 0.0 0.0 2.0 0.0 0.0 0.6993006993006992
39 39 35 0.0 0.0 4.0 0.0 142.0 1.0 0.0 0.6529850746268656
39 39 36 0.0 0.0 549.0 0.0 9702.0 20.0 2298.0 0.11437908496732026
39 39 37 0.0 0.0 1092.0 0.0 12925.0 30.0 11264.0 0.08736349453978158
39 39 38 0.0 0.0 1758.0 0.0 12867.0 48.0 23397.0 0.08421052631578946
39 39 39 1.0 0.0 2853.0 1.0 11089.0 79.0 49525.0 0.0878293601003764
39 39 40 0.0 0.0 3476.0 0.0 8822.0 64.0 75492.0 0.0978541972461033
39 39 41 0.0 0.0 3053.0 0.0 9909.0 77.0 60462.0 0.0936204360037448
39 39 42 0.0 0.0 1402.0 0.0 13463.0 35.0 16020.0 0.08301707779886147
39 39 43 0.0 0.0 673.0 0.0 11238.0 39.0 4213.0 0.1008500216107189
39 39 44 0.0 0.0 145.0 0.0 3014.0 19.0 62.0 0.2723205602022952
39 39 45 0.0 0.0 0.0 0.0 48.0 0.0 0.0 0.6835937499999999
39 39 46 0.0 0.0 0.0 0.0 2.0 0.0 0.0 0.6993006993006992
39 40 34 0.0 0.0 0.0 0.0 1.0 0.0 0.0 0.6996501749125437
39 40 35 0.0 0.0 7.0 0.0 151.0 1.0 0.0 0.6493506493506492
39 40 36 0.0 0.0 226.0 0.0 5052.0 16.0 294.0 0.19267822736030824
39 40 37 0.0 0.0 671.0 0.0 11368.0 25.0 4989.0 0.09969379762159081
39 40 38 0.0 0.0 2034.0 0.0 12124.0 48.0 31815.0 0.08664438668151997
39 40 39 1.0 0.0 3465.0 0.0 8246.0 74.0 81066.0 0.10210035005834305
39 40 40 1.0 0.0 3405.0 1.0 10144.0 58.0 63552.0 0.08995116936520174
39 40 41 1.0 2.0 2566.0 2.0 11679.0 59.0 41800.0 0.08610086100861007
39 40 42 0.0 0.0 1603.0 0.0 12821.0 41.0 21797.0 0.08515815085158149
39 40 43 0.0 0.0 409.0 0.0 8271.0 21.0 1333.0 0.13125820363772733
39 40 44 0.0 0.0 313.0 0.0 6462.0 17.0 581.0 0.15974440894568687
39 40 45 0.0 0.0 0.0 0.0 13.0 0.0 0.0 0.695479384003974
39 41 34 0.0 0.0 0.0 0.0 3.0 0.0 0.0 0.6989515726410384
39 41 35 0.0 0.0 79.0 0.0 1171.0 20.0 9.0 0.4334365325077399
39 41 36 0.0 0.0 259.0 0.0 5344.0 19.0 298.0 0.1844289289948623
39 41 37 0.0 0.0 717.0 0.0 11492.0 38.0 5343.0 0.09875846501128667
39 41 38 0.0 0.0 1717.0 0.0 13001.0 35.0 22562.0 0.08372204281784475
39 41 39 0.0 3.0 3001.0 2.0 10840.0 58.0 53344.0 0.08832250331209386
39 41 40 0.0 0.0 3199.0 0.0 9805.0 53.0 63346.0 0.09315943571998934
39 41 41 0.0 0.0 2828.0 0.0 10526.0 59.0 53541.0 0.09108653220559532
39 41 42 0.0 0.0 1279.0 0.0 13005.0 32.0 14207.0 0.08595284872298624
39 41 43 0.0 0.0 943.0 0.0 12499.0 42.0 9215.0 0.09076763485477178
39 41 44 0.0 0.0 153.0 0.0 3174.0 10.0 66.0 0.26325686348251215
39 41 45 0.0 0.0 0.0 0.0 27.0 0.0 0.0 0.6906758756783422
39 42 35 0.0 0.0 49.0 0.0 793.0 15.0 4.0 0.49522461973823834
39 42 36 0.0 0.0 215.0 0.0 5095.0 9.0 344.0 0.1915708812260536
39 42 37 0.0 0.0 702.0 0.0 11158.0 25.0 4078.0 0.10106114199090449
39 42 38 0.0 0.0 1283.0 0.0 12979.0 32.0 15005.0 0.08614324390844202
39 42 39 0.0 0.0 1376.0 0.0 13083.0 39.0 17083.0 0.08511673151750972
39 42 40 0.0 0.0 2003.0 0.0 12546.0 54.0 29020.0 0.08453085376162298
39 42 41 0.0 0.0 1449.0 0.0 13082.0 54.0 18438.0 0.08476115517345764
39 42 42 0.0 0.0 747.0 0.0 11690.0 24.0 5965.0 0.09701337398655671
39 42 43 0.0 0.0 277.0 0.0 5692.0 24.0 406.0 0.17603420093046646
39 42 44 0.0 0.0 102.0 0.0 2213.0 16.0 31.0 0.3255813953488371
39 42 45 0.0 0.0 26.0 0.0 480.0 6.0 0.0 0.5599999999999999
39 43 34 0.0 0.0 0.0 0.0 4.0 0.0 0.0 0.6986027944111775
39 43 35 0.0 0.0 223.0 0.0 5079.0 18.0 303.0 0.19212295869356383
39 43 36 0.0 0.0 7.0 0.0 382.0 3.0 0.0 0.5867560771165129
39 43 37 0.0 0.0 286.0 0.0 6327.0 21.0 566.0 0.1628664495114006
39 43 38 0.0 0.0 508.0 0.0 9738.0 24.0 2284.0 0.11445389143230868
39 43 39 0.0 0.0 860.0 0.0 12254.0 28.0 7861.0 0.09270295325122499
39 43 40 0.0 0.0 1292.0 0.0 12614.0 39.0 17735.0 0.08799497171590194
39 43 41 0.0 0.0 590.0 0.0 10530.0 30.0 3623.0 0.10682130321989927
39 43 42 0.0 0.0 819.0 0.0 12112.0 22.0 7357.0 0.0937834941050375
39 43 43 0.0 0.0 97.0 0.0 2210.0 13.0 47.0 0.3260363297624592
39 43 44 0.0 0.0 5.0 0.0 77.0 1.0 0.0 0.6727534839019701
39 43 45 0.0 0.0 0.0 0.0 7.0 0.0 0.0 0.6975585450921773
39 44 34 0.0 0.0 0.0 0.0 4.0 0.0 0.0 0.6986027944111775
39 44 35 0.0 0.0 0.0 0.0 6.0 0.0 0.0 0.6979062811565303
39 44 36 0.0 0.0 2.0 0.0 44.0 1.0 0.0 0.6845965770171147
39 44 37 0.0 0.0 21.0 0.0 436.0 7.0 1.0 0.5714285714285713
39 44 38 0.0 0.0 87.0 0.0 1772.0 14.0 26.0 0.36391993761372493
39 44 39 0.0 0.0 606.0 0.0 10227.0 35.0 2883.0 0.10928108656623214
39 44 40 0.0 0.0 596.0 0.0 10291.0 34.0 2821.0 0.10878856165980262
39 44 41 0.0 0.0 740.0 0.0 11578.0 26.0 5923.0 0.0978336827393431
39 44 42 0.0 0.0 428.0 0.0 8846.0 19.0 1864.0 0.12423462596503682
39 44 43 0.0 0.0 67.0 0.0 1725.0 5.0 16.0 0.36968576709796663
39 44 44 0.0 0.0 0.0 0.0 6.0 0.0 0.0 0.6979062811565303
39 45 37 0.0 0.0 0.0 0.0 1.0 0.0 0.0 0.6996501749125437
39 45 38 0.0 0.0 3.0 0.0 56.0 1.0 0.0 0.6802721088435373
39 45 39 0.0 0.0 35.0 0.0 756.0 5.0 0.0 0.5025125628140703
39 45 40 0.0 0.0 36.0 0.0 821.0 8.0 3.0 0.4914004914004913
39 45 41 0.0 0.0 83.0 0.0 1928.0 13.0 24.0 0.3501750875437718
39 45 42 0.0 0.0 114.0 0.0 2846.0 12.0 40.0 0.28294260307194824
39 45 43 0.0 0.0 0.0 0.0 25.0 0.0 0.0 0.6913580246913579
39 46 39 0.0 0.0 0.0 0.0 1.0 0.0 0.0 0.6996501749125437
39 46 40 0.0 0.0 0.0 0.0 10.0 0.0 0.0 0.6968641114982577
39 46 41 0.0 0.0 0.0 0.0 5.0 0.0 0.0 0.6982543640897755
39 46 42 0.0 0.0 0.0 0.0 4.0 0.0 0.0 0.6986027944111775
39 46 43 0.0 0.0 0.0 0.0 1.0 0.0 0.0 0.6996501749125437
40 34 37 0.0 0.0 0.0 0.0 4.0 0.0 0.0 0.6986027944111775
40 34 38 0.0 0.0 0.0 0.0 2.0 0.0 0.0 0.6993006993006992
40 34 39 0.0 0.0 0.0 0.0 7.0 0.0 0.0 0.6975585450921773
40 34 40 0.0 0.0 0.0 0.0 3.0 0.0 0.0 0.6989515726410384
40 34 41 0.0 0.0 0.0 0.0 2.0 0.0 0.0 0.6993006993006992
40 34 42 0.0 0.0 0.0 0.0 1.0 0.0 0.0 0.6996501749125437
40 35 36 0.0 0.0 0.0 0.0 5.0 0.0 0.0 0.6982543640897755
40 35 37 0.0 0.0 1.0 0.0 39.0 0.0 0.0 0.6862745098039215
40 35 38 0.0 0.0 14.0 0.0 316.0 4.0 0.0 0.6018916595012896
40 35 39 0.0 0.0 79.0 0.0 1886.0 9.0 24.0 0.35389282103134473
40 35 40 0.0 0.0 91.0 0.0 2703.0 8.0 65.0 0.2925198495612202
40 35 41 0.0 0.0 12.0 0.0 443.0 2.0 1.0 0.5707297187117814
40 35 42 0.0 0.0 1.0 0.0 97.0 1.0 0.0 0.6676204101096804
40 35 43 0.0 0.0 0.0 0.0 13.0 0.0 0.0 0.695479384003974
40 35 44 0.0 0.0 3.0 0.0 52.0 0.0 0.0 0.6812652068126519
40 36 35 0.0 0.0 0.0 0.0 6.0 0.0 0.0 0.6979062811565303
40 36 36 0.0 0.0 8.0 0.0 148.0 2.0 0.0 0.649953574744661
40 36 37 0.0 0.0 119.0 0.0 2746.0 18.0 62.0 0.2887788778877887
40 36 38 0.0 0.0 340.0 0.0 7429.0 23.0 916.0 0.14361920393926955
40 36 39 0.0 0.0 458.0 0.0 9226.0 27.0 1828.0 0.12000685753471625
40 36 40 0.0 0.0 291.0 0.0 6920.0 17.0 833.0 0.15224010439321442
40 36 41 0.0 0.0 479.0 0.0 9676.0 32.0 2497.0 0.11540680900173109
40 36 42 0.0 0.0 350.0 0.0 7309.0 11.0 870.0 0.14495754814661418
40 36 43 0.0 0.0 263.0 0.0 5402.0 19.0 324.0 0.18310227569971227
40 36 44 0.0 0.0 57.0 0.0 1071.0 8.0 3.0 0.4487179487179487
40 36 45 0.0 0.0 0.0 0.0 1.0 0.0 0.0 0.6996501749125437
40 37 35 0.0 0.0 0.0 0.0 7.0 0.0 0.0 0.6975585450921773
40 37 36 0.0 0.0 292.0 0.0 5911.0 17.0 422.0 0.17094017094017094
40 37 37 0.0 0.0 512.0 0.0 9076.0 26.0 1606.0 0.12100259291270525
40 37 38 0.0 0.0 1081.0 0.0 12758.0 35.0 11875.0 0.08842291416661403
40 37 39 0.0 0.0 860.0 0.0 12420.0 34.0 6519.0 0.09169504846738276
40 37 40 0.0 0.0 852.0 0.0 12180.0 27.0 7341.0 0.09312225621923638
40 37 41 0.0 0.0 1262.0 0.0 12579.0 39.0 17133.0 0.08837268021714428
40 37 42 0.0 0.0 890.0 0.0 12435.0 20.0 7617.0 0.09122898475172683
40 37 43 0.0 0.0 612.0 0.0 10590.0 30.0 3070.0 0.10617321401486424
40 37 44 0.0 0.0 317.0 0.0 7114.0 20.0 799.0 0.14866730381225443
40 37 45 0.0 0.0 3.0 0.0 67.0 0.0 0.0 0.6763285024154588
40 38 35 0.0 0.0 10.0 0.0 248.0 2.0 0.0 0.6205673758865247
40 38 36 0.0 0.0 97.0 0.0 2507.0 13.0 60.0 0.3048116699325059
40 38 37 0.0 0.0 486.0 0.0 9431.0 22.0 2300.0 0.11760752688172041
40 38 38 0.0 0.0 1998.0 0.0 11551.0 55.0 35260.0 0.09009009009009007
40 38 39 0.0 0.0 1520.0 0.0 13541.0 48.0 17287.0 0.08208255159474671
40 38 40 0.0 0.0 2196.0 0.0 12471.0 65.0 32039.0 0.08402856971370265
40 38 41 0.0 0.0 2204.0 1.0 12145.0 64.0 34501.0 0.0856478649210816
40 38 42 0.0 0.0 2206.0 0.0 11946.0 55.0 35763.0 0.08666047663262147
40 38 43 0.0 0.0 918.0 0.0 12325.0 34.0 8977.0 0.0918574896660324
40 38 44 0.0 0.0 117.0 0.0 2801.0 12.0 57.0 0.2853648593558907
40 38 45 0.0 0.0 29.0 0.0 588.0 8.0 0.0 0.5366040628593329
40 38 46 0.0 0.0 0.0 0.0 1.0 0.0 0.0 0.6996501749125437
40 39 34 0.0 0.0 0.0 0.0 2.0 0.0 0.0 0.6993006993006992
40 39 35 0.0 0.0 22.0 0.0 542.0 5.0 4.0 0.5470887065259866
40 39 36 0.0 0.0 472.0 0.0 9306.0 17.0 2033.0 0.11890606420927466
40 39 37 0.0 0.0 904.0 0.0 12296.0 34.0 7585.0 0.09221446449743116
40 39 38 0.0 0.0 1747.0 0.0 12969.0 45.0 23339.0 0.08373205741626794
40 39 39 0.0 0.0 3074.0 0.0 9825.0 71.0 61406.0 0.09394081728511038
40 39 40 0.0 0.0 3693.0 0.0 9728.0 67.0 69446.0 0.09064422143088377
40 39 41 1.0 0.0 3586.0 0.0 9157.0 86.0 73159.0 0.09502477431616099
40 39 42 0.0 0.0 2177.0 0.0 12443.0 57.0 32791.0 0.0842713537591043
40 39 43 0.0 0.0 1038.0 0.0 12657.0 39.0 10785.0 0.08930280028066592
40 39 44 0.0 0.0 86.0 0.0 2807.0 8.0 67.0 0.28670899037476955
40 39 45 0.0 0.0 10.0 0.0 358.0 2.0 0.0 0.5917159763313609
40 40 34 0.0 0.0 0.0 0.0 4.0 0.0 0.0 0.6986027944111775
40 40 35 0.0 0.0 152.0 0.0 3148.0 10.0 69.0 0.2647003214218188
40 40 36 0.0 0.0 682.0 0.0 11061.0 34.0 4115.0 0.10200364298724952
40 40 37 0.0 0.0 1256.0 0.0 12373.0 41.0 17954.0 0.08950834345630074
40 40 38 0.0 0.0 1880.0 0.0 12613.0 51.0 26932.0 0.08482278097546196
40 40 39 1.0 0.0 3102.0 0.0 10982.0 71.0 52153.0 0.08701056556867619
40 40 40 7.0 12.0 3506.0 21.0 5105.0 59.0 119764.0 0.13149243918474687
40 40 41 0.0 1.0 3070.0 0.0 11546.0 65.0 49051.0 0.08420546132563454
40 40 42 0.0 0.0 1800.0 0.0 13206.0 57.0 23410.0 0.08229968843689377
40 40 43 0.0 0.0 761.0 0.0 11486.0 40.0 4932.0 0.0984113594826374
40 40 44 0.0 0.0 171.0 0.0 3634.0 14.0 125.0 0.24167098221992056
40 40 45 0.0 0.0 12.0 0.0 264.0 3.0 0.0 0.6159260888693356
40 40 46 0.0 0.0 1.0 0.0 25.0 0.0 0.0 0.6910167818361302
40 41 34 0.0 0.0 0.0 0.0 2.0 0.0 0.0 0.6993006993006992
40 41 35 0.0 0.0 37.0 0.0 874.0 7.0 0.0 0.4822597313124354
40 41 36 0.0 0.0 397.0 0.0 8178.0 17.0 1292.0 0.13247539742619227
40 41 37 0.0 0.0 1195.0 0.0 12756.0 29.0 14416.0 0.08776879192527114
40 41 38 0.0 0.0 2238.0 0.0 12099.0 67.0 34831.0 0.08571603502112288
40 41 39 0.0 0.0 2860.0 2.0 11357.0 57.0 47795.0 0.08632383771118508
40 41 40 0.0 5.0 3182.0 14.0 10654.0 64.0 57338.0 0.08828351620633118
40 41 41 0.0 0.0 2937.0 1.0 9906.0 77.0 58349.0 0.09438414346389805
40 41 42 0.0 0.0 1471.0 2.0 13248.0 42.0 16711.0 0.08372704981759464
40 41 43 0.0 0.0 909.0 0.0 12239.0 34.0 8919.0 0.09243364584708834
40 41 44 0.0 0.0 33.0 0.0 1205.0 11.0 8.0 0.4339739615623062
40 41 45 0.0 0.0 0.0 0.0 33.0 0.0 0.0 0.6886374815543531
40 42 34 0.0 0.0 0.0 0.0 1.0 0.0 0.0 0.6996501749125437
40 42 35 0.0 0.0 16.0 0.0 317.0 6.0 0.0 0.6016330038676406
40 42 36 0.0 0.0 822.0 0.0 12129.0 31.0 5413.0 0.09371443871745096
40 42 37 0.0 0.0 693.0 0.0 11473.0 20.0 5309.0 0.09881422924901184
40 42 38 0.0 0.0 1204.0 0.0 12980.0 32.0 12683.0 0.086446434084594
40 42 39 0.0 0.0 2213.0 0.0 11311.0 57.0 39709.0 0.09022362570084422
40 42 40 0.0 0.0 1618.0 2.0 13382.0 37.0 19393.0 0.08235294117647059
40 42 41 0.0 0.0 2113.0 0.0 12108.0 55.0 32835.0 0.08635045950780237
40 42 42 0.0 0.0 947.0 0.0 12549.0 39.0 7653.0 0.09042759333419453
40 42 43 0.0 0.0 427.0 0.0 8560.0 30.0 1466.0 0.12773722627737225
40 42 44 0.0 0.0 328.0 0.0 7790.0 23.0 1244.0 0.13857270117786794
40 42 45 0.0 0.0 8.0 0.0 145.0 2.0 0.0 0.6508600650860064
40 43 34 0.0 0.0 0.0 0.0 3.0 0.0 0.0 0.6989515726410384
40 43 35 0.0 0.0 10.0 0.0 227.0 3.0 1.0 0.6266786034019695
40 43 36 0.0 0.0 131.0 0.0 3197.0 12.0 100.0 0.2633063757758134
40 43 37 0.0 0.0 367.0 0.0 7967.0 29.0 1258.0 0.13576415826221874
40 43 38 0.0 0.0 320.0 0.0 7092.0 11.0 850.0 0.14884116521369337
40 43 39 0.0 0.0 918.0 0.0 12667.0 33.0 8689.0 0.08986456126837408
40 43 40 0.0 0.0 1183.0 0.0 12625.0 36.0 14551.0 0.08857395925597873
40 43 41 0.0 0.0 868.0 0.0 12327.0 25.0 6710.0 0.09214769959849929
40 43 42 0.0 0.0 510.0 0.0 9541.0 22.0 2412.0 0.11623080116230801
40 43 43 0.0 0.0 324.0 0.0 6020.0 29.0 464.0 0.16826923076923073
40 43 44 0.0 0.0 3.0 0.0 57.0 1.0 0.0 0.6799417192812044
40 43 45 0.0 0.0 24.0 0.0 841.0 3.0 3.0 0.48916841369671554
40 44 34 0.0 0.0 0.0 0.0 6.0 0.0 0.0 0.6979062811565303
40 44 35 0.0 0.0 0.0 0.0 8.0 0.0 0.0 0.697211155378486
40 44 36 0.0 0.0 0.0 0.0 54.0 0.0 0.0 0.6815968841285296
40 44 37 0.0 0.0 0.0 0.0 76.0 1.0 0.0 0.6750241080038573
40 44 38 0.0 0.0 101.0 0.0 2242.0 19.0 40.0 0.32384917881101083
40 44 39 0.0 0.0 426.0 0.0 9194.0 25.0 2114.0 0.1206584504007584
40 44 40 0.0 0.0 457.0 0.0 8738.0 24.0 1697.0 0.12529085376767496
40 44 41 0.0 0.0 178.0 0.0 4035.0 24.0 147.0 0.2262077880109872
40 44 42 0.0 0.0 257.0 0.0 6155.0 18.0 562.0 0.16672621174228888
40 44 43 0.0 0.0 63.0 0.0 1675.0 8.0 22.0 0.3753351206434316
40 44 44 0.0 0.0 0.0 0.0 3.0 0.0 0.0 0.6989515726410384
40 45 37 0.0 0.0 0.0 0.0 10.0 0.0 0.0 0.6965174129353233
40 45 38 0.0 0.0 14.0 0.0 270.0 5.0 0.0 0.6143045195261079
40 45 39 0.0 0.0 16.0 0.0 379.0 5.0 0.0 0.5857740585774057
40 45 40 0.0 0.0 35.0 0.0 754.0 8.0 4.0 0.5034160373966199
40 45 41 0.0 0.0 6.0 0.0 209.0 1.0 0.0 0.632625395390872
40 45 42 0.0 0.0 2.0 0.0 68.0 1.0 0.0 0.6766553890768486
40 45 43 0.0 0.0 0.0 0.0 25.0 0.0 0.0 0.6913580246913579
40 45 44 0.0 0.0 0.0 0.0 2.0 0.0 0.0 0.6993006993006992
40 46 41 0.0 0.0 0.0 0.0 1.0 0.0 0.0 0.6996501749125437
40 46 42 0.0 0.0 0.0 0.0 5.0 0.0 0.0 0.6986027944111775
40 46 43 0.0 0.0 0.0 0.0 2.0 0.0 0.0 0.6993006993006992
41 34 37 0.0 0.0 2.0 0.0 42.0 0.0 0.0 0.684931506849315
41 34 38 0.0 0.0 0.0 0.0 1.0 0.0 0.0 0.6996501749125437
41 34 39 0.0 0.0 0.0 0.0 4.0 0.0 0.0 0.6986027944111775
41 34 40 0.0 0.0 0.0 0.0 3.0 0.0 0.0 0.6989515726410384
41 35 37 0.0 0.0 3.0 0.0 74.0 1.0 0.0 0.6743737957610789
41 35 38 0.0 0.0 229.0 0.0 5274.0 22.0 339.0 0.18704074816299265
41 35 39 0.0 0.0 89.0 0.0 2096.0 9.0 29.0 0.3352490421455938
41 35 40 0.0 0.0 66.0 0.0 2046.0 12.0 43.0 0.3413801511826383
41 35 41 0.0 0.0 24.0 0.0 425.0 3.0 0.0 0.5723630417007358
41 35 42 0.0 0.0 10.0 0.0 177.0 4.0 1.0 0.6413192853870818
41 35 43 0.0 0.0 1.0 0.0 66.0 0.0 0.0 0.6773101112723753
41 35 44 0.0 0.0 0.0 0.0 9.0 0.0 0.0 0.6968641114982577
41 36 35 0.0 0.0 0.0 0.0 2.0 0.0 0.0 0.6993006993006992
41 36 36 0.0 0.0 10.0 0.0 161.0 2.0 0.0 0.6454587367450437
41 36 37 0.0 0.0 18.0 0.0 607.0 5.0 1.0 0.5345551737304314
41 36 38 0.0 0.0 211.0 0.0 4413.0 11.0 210.0 0.21164021164021163
41 36 39 0.0 0.0 876.0 0.0 12054.0 31.0 7906.0 0.0938274914549963
41 36 40 0.0 0.0 433.0 0.0 8793.0 26.0 1649.0 0.12492192379762647
41 36 41 0.0 0.0 292.0 0.0 6015.0 18.0 442.0 0.16887816646562123
41 36 42 0.0 0.0 154.0 0.0 3797.0 12.0 109.0 0.23565056387813493
41 36 43 0.0 0.0 233.0 0.0 6028.0 19.0 562.0 0.16979987871437233
41 36 44 0.0 0.0 18.0 0.0 641.0 3.0 0.0 0.5271084337349397
41 36 45 0.0 0.0 0.0 0.0 12.0 0.0 0.0 0.6958250497017892
41 37 35 0.0 0.0 0.0 0.0 18.0 0.0 0.0 0.694100148735746
41 37 36 0.0 0.0 39.0 0.0 993.0 10.0 5.0 0.46326935804103236
41 37 37 0.0 0.0 424.0 0.0 8426.0 23.0 1447.0 0.1292108906322104
41 37 38 0.0 0.0 393.0 0.0 8592.0 16.0 1724.0 0.12752778283840405
41 37 39 1.0 0.0 1120.0 0.0 12783.0 37.0 13231.0 0.0880281690140845
41 37 40 0.0 0.0 972.0 0.0 12606.0 34.0 9018.0 0.08990495761623427
41 37 41 0.0 0.0 1000.0 0.0 12605.0 29.0 10279.0 0.08966886568884903
41 37 42 0.0 0.0 1115.0 0.0 12983.0 43.0 12408.0 0.08703220191470844
41 37 43 0.0 0.0 907.0 0.0 12417.0 24.0 7126.0 0.09140171051772539
41 37 44 0.0 0.0 89.0 0.0 2018.0 15.0 30.0 0.3423820004891171
41 37 45 0.0 0.0 24.0 0.0 430.0 8.0 0.0 0.5723630417007358
41 37 46 0.0 0.0 0.0 0.0 1.0 0.0 0.0 0.6996501749125437
41 38 34 0.0 0.0 0.0 0.0 1.0 0.0 0.0 0.6996501749125437
41 38 35 0.0 0.0 52.0 0.0 1007.0 8.0 5.0 0.45901639344262285
41 38 36 0.0 0.0 81.0 0.0 2317.0 16.0 41.0 0.31956174389408804
41 38 37 0.0 0.0 794.0 0.0 11833.0 21.0 6013.0 0.09575268449490458
41 38 38 0.0 0.0 1131.0 0.0 12887.0 28.0 12090.0 0.08741804558226662
41 38 39 0.0 0.0 1788.0 0.0 12644.0 46.0 26375.0 0.08509603695599319
41 38 40 0.0 0.0 2440.0 0.0 11942.0 64.0 38550.0 0.08542836221625578
41 38 41 0.0 0.0 2306.0 0.0 12048.0 47.0 36539.0 0.08560073372057474
41 38 42 0.0 0.0 2200.0 0.0 11409.0 59.0 38900.0 0.08972058446552166
41 38 43 0.0 0.0 1016.0 0.0 12695.0 40.0 10411.0 0.08913223403578022
41 38 44 0.0 0.0 382.0 0.0 8505.0 16.0 1797.0 0.12866464479367704
41 38 45 0.0 0.0 28.0 0.0 651.0 7.0 4.0 0.5243445692883895
41 38 46 0.0 0.0 0.0 0.0 1.0 0.0 0.0 0.6996501749125437
41 39 34 0.0 0.0 0.0 0.0 3.0 0.0 0.0 0.6989515726410384
41 39 35 0.0 0.0 1.0 0.0 172.0 0.0 1.0 0.6442705936493326
41 39 36 0.0 0.0 596.0 0.0 10076.0 28.0 2636.0 0.11068068622025456
41 39 37 0.0 0.0 580.0 0.0 10428.0 22.0 3025.0 0.10770887828896751
41 39 38 0.0 0.0 1631.0 0.0 12820.0 57.0 22609.0 0.0851996105160662
41 39 39 0.0 0.0 2673.0 0.0 11436.0 63.0 45730.0 0.086848635235732
41 39 40 1.0 0.0 3733.0 1.0 8654.0 93.0 79640.0 0.09748624747580252
41 39 41 0.0 0.0 3566.0 0.0 7167.0 76.0 93717.0 0.10996779514570733
41 39 42 0.0 0.0 2465.0 0.0 11764.0 63.0 39260.0 0.08628659476117102
41 39 43 0.0 0.0 990.0 0.0 12608.0 35.0 10117.0 0.08980115458627325
41 39 44 0.0 0.0 431.0 0.0 8740.0 23.0 1619.0 0.12551551013089474
41 39 45 0.0 0.0 0.0 0.0 110.0 0.0 0.0 0.6635071090047392
41 40 34 0.0 0.0 0.0 0.0 3.0 0.0 0.0 0.6989515726410384
41 40 35 0.0 0.0 82.0 0.0 1786.0 12.0 15.0 0.3628823224468636
41 40 36 0.0 0.0 695.0 0.0 11545.0 28.0 6078.0 0.0983767830791933
41 40 37 0.0 0.0 819.0 0.0 12152.0 42.0 6995.0 0.09358288770053474
41 40 38 0.0 0.0 1949.0 0.0 12289.0 51.0 30538.0 0.08623875816188246
41 40 39 0.0 0.0 3271.0 0.0 9530.0 69.0 67209.0 0.09456264775413711
41 40 40 0.0 0.0 2796.0 3.0 12437.0 55.0 40336.0 0.08123005512039454
41 40 41 0.0 0.0 3205.0 0.0 10128.0 63.0 60820.0 0.09119927040583675
41 40 42 0.0 0.0 2565.0 0.0 10923.0 58.0 47153.0 0.09035755776429584
41 40 43 0.0 0.0 1333.0 0.0 12557.0 30.0 18259.0 0.0880281690140845
41 40 44 0.0 0.0 658.0 0.0 11008.0 24.0 4015.0 0.10247401551749376
41 40 45 0.0 0.0 17.0 0.0 421.0 3.0 2.0 0.5751848808545603
41 41 34 0.0 0.0 0.0 0.0 1.0 0.0 0.0 0.6996501749125437
41 41 35 0.0 0.0 49.0 0.0 1234.0 14.0 13.0 0.42826552462526757
41 41 36 0.0 0.0 273.0 0.0 6204.0 18.0 550.0 0.165406427221172
41 41 37 0.0 0.0 1164.0 0.0 12781.0 40.0 13588.0 0.08785691873235017
41 41 38 0.0 0.0 1590.0 0.0 12717.0 39.0 22031.0 0.08581060373889059
41 41 39 0.0 0.0 2845.0 0.0 10728.0 63.0 52422.0 0.08988764044943819
41 41 40 0.0 0.0 3340.0 0.0 8869.0 86.0 72371.0 0.09864712514092445
41 41 41 0.0 5.0 2377.0 23.0 12447.0 47.0 35212.0 0.08304662474789416
41 41 42 0.0 0.0 1325.0 0.0 13061.0 41.0 14581.0 0.08549618320610686
41 41 43 0.0 0.0 883.0 0.0 12273.0 32.0 7319.0 0.09247638549441838
41 41 44 0.0 0.0 319.0 0.0 7345.0 21.0 975.0 0.14504765851636964
41 41 45 0.0 0.0 25.0 0.0 441.0 7.0 1.0 0.5693371289141926
41 42 35 0.0 0.0 10.0 0.0 229.0 3.0 1.0 0.626118067978533
41 42 36 0.0 0.0 515.0 0.0 9941.0 25.0 2969.0 0.11253114701390562
41 42 37 0.0 0.0 797.0 0.0 11901.0 30.0 5176.0 0.09527050017012588
41 42 38 0.0 0.0 861.0 0.0 12277.0 32.0 7212.0 0.09250693802035151
41 42 39 0.0 0.0 1252.0 0.0 13086.0 38.0 13230.0 0.08569504805043765
41 42 40 0.0 0.0 1508.0 0.0 12896.0 41.0 19732.0 0.08532943255927347
41 42 41 0.0 0.0 1510.0 0.0 12837.0 48.0 19568.0 0.08563214875527554
41 42 42 0.0 0.0 762.0 0.0 11685.0 15.0 5390.0 0.09692605926336195
41 42 43 0.0 0.0 403.0 0.0 8481.0 35.0 1505.0 0.12892531540657517
41 42 44 0.0 0.0 143.0 0.0 3334.0 18.0 78.0 0.2565512186182884
41 42 45 0.0 0.0 17.0 0.0 632.0 3.0 1.0 0.5291005291005291
41 43 35 0.0 0.0 42.0 0.0 1062.0 6.0 6.0 0.4519044544867656
41 43 36 0.0 0.0 9.0 0.0 310.0 5.0 1.0 0.6050129645635263
41 43 37 0.0 0.0 302.0 0.0 6294.0 21.0 511.0 0.16309412861136996
41 43 38 0.0 0.0 371.0 0.0 8058.0 19.0 1288.0 0.13439569933762116
41 43 39 0.0 0.0 841.0 0.0 12098.0 32.0 7814.0 0.09378977691431634
41 43 40 0.0 0.0 603.0 0.0 10396.0 23.0 3017.0 0.10779180782260547
41 43 41 0.0 0.0 726.0 0.0 11472.0 22.0 4832.0 0.0986540765273765
41 43 42 0.0 0.0 833.0 0.0 12075.0 30.0 6915.0 0.09396603798912678
41 43 43 0.0 0.0 163.0 0.0 3528.0 14.0 77.0 0.24660912453760783
41 43 44 0.0 0.0 0.0 0.0 36.0 1.0 0.0 0.6879606879606879
41 43 45 0.0 0.0 0.0 0.0 11.0 0.0 0.0 0.6961710591745399
41 44 35 0.0 0.0 9.0 0.0 176.0 2.0 1.0 0.6413192853870818
41 44 36 0.0 0.0 23.0 0.0 681.0 4.0 1.0 0.5187106335679881
41 44 37 0.0 0.0 4.0 0.0 124.0 1.0 0.0 0.6582040432534085
41 44 38 0.0 0.0 446.0 0.0 8653.0 18.0 1614.0 0.12619433928249502
41 44 39 0.0 0.0 205.0 0.0 4911.0 10.0 324.0 0.1969334646223097
41 44 40 0.0 0.0 109.0 0.0 2436.0 16.0 48.0 0.3091872791519434
41 44 41 0.0 0.0 391.0 0.0 8023.0 27.0 1100.0 0.13465422718091755
41 44 42 0.0 0.0 13.0 0.0 527.0 5.0 0.0 0.5522682445759368
41 44 43 0.0 0.0 9.0 0.0 379.0 4.0 2.0 0.587248322147651
41 44 44 0.0 0.0 0.0 0.0 6.0 0.0 0.0 0.6979062811565303
41 45 35 0.0 0.0 6.0 0.0 76.0 1.0 0.0 0.6727534839019701
41 45 37 0.0 0.0 24.0 0.0 494.0 4.0 1.0 0.5568814638027048
41 45 38 0.0 0.0 1.0 0.0 71.0 1.0 0.0 0.6763285024154588
41 45 39 0.0 0.0 8.0 0.0 195.0 1.0 0.0 0.6357856494096276
41 45 40 0.0 0.0 31.0 0.0 795.0 3.0 3.0 0.49592631951824295
41 45 41 0.0 0.0 3.0 0.0 83.0 1.0 0.0 0.6717850287907868
41 45 42 0.0 0.0 0.0 0.0 17.0 0.0 0.0 0.694100148735746
41 45 43 0.0 0.0 0.0 0.0 6.0 0.0 0.0 0.6979062811565303
42 34 37 0.0 0.0 0.0 0.0 6.0 0.0 0.0 0.6979062811565303
42 34 38 0.0 0.0 0.0 0.0 7.0 0.0 0.0 0.6975585450921773
42 34 39 0.0 0.0 0.0 0.0 4.0 0.0 0.0 0.6986027944111775
42 34 40 0.0 0.0 0.0 0.0 2.0 0.0 0.0 0.6993006993006992
42 35 37 0.0 0.0 0.0 0.0 2.0 0.0 0.0 0.6993006993006992
42 35 38 0.0 0.0 20.0 0.0 472.0 7.0 1.0 0.5633802816901408
42 35 39 0.0 0.0 68.0 0.0 1746.0 10.0 19.0 0.3680336487907465
42 35 40 0.0 0.0 4.0 0.0 152.0 1.0 0.0 0.6496519721577725
42 35 41 0.0 0.0 34.0 0.0 899.0 9.0 3.0 0.47895997263085865
42 35 42 0.0 0.0 0.0 0.0 39.0 0.0 0.0 0.6866110838646394
42 35 43 0.0 0.0 4.0 0.0 84.0 2.0 0.0 0.6711409395973154
42 35 44 0.0 0.0 0.0 0.0 24.0 0.0 0.0 0.6916996047430829
42 35 45 0.0 0.0 0.0 0.0 2.0 0.0 0.0 0.6993006993006992
42 36 36 0.0 0.0 22.0 0.0 549.0 5.0 1.0 0.5455962587685113
42 36 37 0.0 0.0 0.0 0.0 37.0 0.0 0.0 0.6872852233676975
42 36 38 0.0 0.0 140.0 0.0 3520.0 16.0 101.0 0.24796315975912148
42 36 39 0.0 0.0 628.0 0.0 10764.0 23.0 4131.0 0.10454783063251437
42 36 40 0.0 0.0 297.0 0.0 6288.0 18.0 557.0 0.16337962422686425
42 36 41 0.0 0.0 532.0 0.0 9949.0 28.0 2413.0 0.11232349165596918
42 36 42 0.0 0.0 262.0 0.0 6101.0 18.0 484.0 0.1677249311129747
42 36 43 0.0 0.0 291.0 0.0 6179.0 23.0 505.0 0.16566086853626788
42 36 44 0.0 0.0 1.0 0.0 221.0 1.0 1.0 0.6303466906798738
42 36 45 0.0 0.0 0.0 0.0 6.0 1.0 0.0 0.6982543640897755
42 36 46 0.0 0.0 0.0 0.0 1.0 0.0 0.0 0.6996501749125437
42 37 34 0.0 0.0 1.0 0.0 6.0 0.0 0.0 0.6975585450921773
42 37 35 0.0 0.0 10.0 0.0 146.0 1.0 0.0 0.6496519721577725
42 37 36 0.0 0.0 1.0 0.0 92.0 1.0 0.0 0.6692160611854684
42 37 37 0.0 0.0 87.0 0.0 1827.0 14.0 15.0 0.3591585428424833
42 37 38 0.0 0.0 397.0 0.0 8227.0 33.0 1407.0 0.13203810242384229
42 37 39 0.0 0.0 1018.0 0.0 12801.0 33.0 9466.0 0.08850676444556832
42 37 40 0.0 0.0 1507.0 0.0 12585.0 56.0 21072.0 0.08709717556302102
42 37 41 0.0 0.0 1341.0 0.0 12982.0 34.0 16143.0 0.08574753475837568
42 37 42 0.0 0.0 694.0 0.0 11207.0 22.0 4417.0 0.1007411671583795
42 37 43 0.0 0.0 827.0 0.0 11848.0 27.0 8723.0 0.09539384028345597
42 37 44 0.0 0.0 312.0 0.0 6453.0 10.0 573.0 0.1598538479104818
42 37 45 0.0 0.0 124.0 0.0 2520.0 16.0 46.0 0.3024411319939511
42 38 35 0.0 0.0 5.0 0.0 58.0 0.0 0.0 0.6786233640329616
42 38 36 0.0 0.0 250.0 0.0 5679.0 20.0 403.0 0.1769240490332364
42 38 37 0.0 0.0 125.0 0.0 3354.0 19.0 113.0 0.2565042139978013
42 38 38 0.0 0.0 864.0 0.0 12231.0 26.0 8586.0 0.09278897136797455
42 38 39 0.0 0.0 1281.0 0.0 12768.0 41.0 16386.0 0.0872437215678943
42 38 40 0.0 0.0 2252.0 0.0 11286.0 50.0 40470.0 0.09002057613168724
42 38 41 0.0 0.0 2497.0 0.0 11213.0 59.0 44421.0 0.0891662951404369
42 38 42 0.0 0.0 1211.0 0.0 12970.0 44.0 14341.0 0.08660686668728734
42 38 43 0.0 0.0 535.0 0.0 10074.0 30.0 2962.0 0.11124354390147
42 38 44 0.0 0.0 268.0 0.0 5960.0 23.0 452.0 0.1705445243025947
42 38 45 0.0 0.0 7.0 0.0 127.0 4.0 0.0 0.6572769953051641
42 39 35 0.0 0.0 68.0 0.0 1693.0 12.0 15.0 0.3733333333333333
42 39 36 0.0 0.0 222.0 0.0 5139.0 27.0 276.0 0.19083969465648853
42 39 37 0.0 0.0 762.0 0.0 11748.0 35.0 5622.0 0.09660502346121998
42 39 38 0.0 0.0 1009.0 0.0 12685.0 36.0 9448.0 0.08931989281612861
42 39 39 0.0 0.0 1883.0 0.0 12815.0 44.0 25580.0 0.08385241974125539
42 39 40 0.0 0.0 2524.0 0.0 11571.0 55.0 42128.0 0.0869619231008137
42 39 41 0.0 0.0 2287.0 0.0 12328.0 59.0 35171.0 0.08430687703239792
42 39 42 0.0 0.0 2409.0 0.0 11187.0 53.0 43375.0 0.08977236293683871
42 39 43 0.0 0.0 717.0 0.0 11625.0 20.0 4891.0 0.09764943851572852
42 39 44 0.0 0.0 367.0 0.0 7832.0 19.0 1137.0 0.13743005791695295
42 39 45 0.0 0.0 2.0 0.0 150.0 1.0 0.0 0.6508600650860064
42 40 35 0.0 0.0 71.0 0.0 1639.0 16.0 21.0 0.3788903924221921
42 40 36 0.0 0.0 104.0 0.0 3372.0 21.0 119.0 0.25659824046920815
42 40 37 0.0 0.0 673.0 0.0 11051.0 27.0 3575.0 0.1020705745115194
42 40 38 0.0 0.0 1628.0 0.0 12196.0 42.0 26607.0 0.08842291416661403
42 40 39 0.0 0.0 1794.0 0.0 12796.0 40.0 26083.0 0.08433734939759036
42 40 40 0.0 0.0 2208.0 0.0 11923.0 52.0 36846.0 0.08679479231246125
42 40 41 0.0 0.0 2326.0 0.0 11940.0 62.0 37021.0 0.08609556607834695
42 40 42 0.0 0.0 2099.0 0.0 12112.0 42.0 33439.0 0.08629723232447759
42 40 43 0.0 0.0 990.0 0.0 12616.0 49.0 10248.0 0.08988186954288648
42 40 44 0.0 0.0 601.0 0.0 10556.0 24.0 3263.0 0.10649627263045792
42 40 45 0.0 0.0 47.0 0.0 1239.0 6.0 7.0 0.42682926829268286
42 41 34 0.0 0.0 0.0 0.0 1.0 0.0 0.0 0.6996501749125437
42 41 35 0.0 0.0 11.0 0.0 292.0 4.0 1.0 0.6089604175728577
42 41 36 0.0 0.0 119.0 0.0 2746.0 13.0 58.0 0.288481351741191
42 41 37 0.0 0.0 450.0 0.0 9009.0 24.0 1826.0 0.12230278675635536
42 41 38 0.0 0.0 1250.0 0.0 12840.0 31.0 14830.0 0.08698353525939732
42 41 39 0.0 0.0 1636.0 0.0 13015.0 52.0 20863.0 0.08414978662018392
42 41 40 0.0 0.0 1584.0 0.0 12788.0 45.0 21474.0 0.08552752153460809
42 41 41 0.0 0.0 1016.0 1.0 13043.0 33.0 7918.0 0.08723284939871642
42 41 42 0.0 0.0 1321.0 0.0 12676.0 53.0 17951.0 0.08762596232083619
42 41 43 0.0 0.0 799.0 0.0 12104.0 27.0 6025.0 0.0939786534201517
42 41 44 0.0 0.0 343.0 0.0 7208.0 20.0 816.0 0.1467966865890741
42 41 45 0.0 0.0 9.0 0.0 219.0 1.0 0.0 0.6292134831460673
42 42 35 0.0 0.0 0.0 0.0 39.0 0.0 0.0 0.6866110838646394
42 42 36 0.0 0.0 264.0 0.0 5553.0 20.0 368.0 0.17951019361456594
42 42 37 0.0 0.0 193.0 0.0 4389.0 12.0 230.0 0.21299254526091585
42 42 38 0.0 0.0 1169.0 0.0 12701.0 37.0 14336.0 0.08825012607160866
42 42 39 0.0 0.0 1288.0 0.0 12698.0 43.0 16411.0 0.08759854836691276
42 42 40 0.0 0.0 771.0 0.0 11847.0 36.0 6976.0 0.09587727708533077
42 42 41 0.0 0.0 1447.0 0.0 12818.0 33.0 19160.0 0.08602679120068821
42 42 42 0.0 0.0 620.0 0.0 10436.0 27.0 2939.0 0.10730436115582126
42 42 43 0.0 0.0 99.0 0.0 2664.0 19.0 54.0 0.2950474183350895
42 42 44 0.0 0.0 69.0 0.0 1401.0 12.0 9.0 0.40497541220711597
42 42 45 0.0 0.0 1.0 0.0 20.0 0.0 0.0 0.6927263730826323
42 42 46 0.0 0.0 0.0 0.0 1.0 0.0 0.0 0.6996501749125437
42 43 35 0.0 0.0 0.0 0.0 30.0 0.0 0.0 0.689655172413793
42 43 36 0.0 0.0 0.0 0.0 69.0 0.0 0.0 0.6766553890768486
42 43 37 0.0 0.0 141.0 0.0 3549.0 14.0 120.0 0.2466525722339675
42 43 38 0.0 0.0 286.0 0.0 6886.0 12.0 780.0 0.15270506108202442
42 43 39 0.0 0.0 459.0 0.0 8618.0 32.0 1476.0 0.12658227848101264
42 43 40 0.0 0.0 184.0 0.0 4471.0 16.0 220.0 0.2108116247553079
42 43 41 0.0 0.0 606.0 0.0 10608.0 26.0 3357.0 0.10600439161050956
42 43 42 0.0 0.0 377.0 0.0 8306.0 16.0 1462.0 0.13113525665043085
42 43 43 0.0 0.0 19.0 0.0 418.0 6.0 1.0 0.5758946935417523
42 43 44 0.0 0.0 0.0 0.0 25.0 0.0 0.0 0.6913580246913579
42 43 45 0.0 0.0 11.0 0.0 229.0 4.0 0.0 0.626118067978533
42 44 36 0.0 0.0 1.0 0.0 53.0 1.0 0.0 0.6819288845591815
42 44 37 0.0 0.0 0.0 0.0 47.0 0.0 0.0 0.6839276990718123
42 44 38 0.0 0.0 25.0 0.0 607.0 3.0 1.0 0.5325218714340052
42 44 39 0.0 0.0 6.0 0.0 224.0 0.0 0.0 0.6278026905829596
42 44 40 0.0 0.0 402.0 0.0 7808.0 29.0 1017.0 0.13737611618094395
42 44 41 0.0 0.0 53.0 0.0 1551.0 11.0 20.0 0.3898635477582845
42 44 42 0.0 0.0 6.0 0.0 280.0 2.0 0.0 0.6132282084975909
42 44 43 0.0 0.0 0.0 0.0 72.0 1.0 0.0 0.6760019314340897
42 44 44 0.0 0.0 0.0 0.0 2.0 0.0 0.0 0.6993006993006992
42 45 37 0.0 0.0 4.0 0.0 96.0 1.0 0.0 0.6673021925643469
42 45 38 0.0 0.0 0.0 0.0 14.0 0.0 0.0 0.6951340615690167
42 45 39 0.0 0.0 29.0 0.0 546.0 7.0 0.0 0.5451713395638628
42 45 40 0.0 0.0 47.0 0.0 1186.0 7.0 10.0 0.4339739615623062
42 45 41 0.0 0.0 0.0 0.0 24.0 0.0 0.0 0.6920415224913494
42 45 42 0.0 0.0 0.0 0.0 7.0 0.0 0.0 0.6975585450921773
42 46 40 0.0 0.0 0.0 0.0 1.0 0.0 0.0 0.6996501749125437
43 34 38 0.0 0.0 0.0 0.0 1.0 0.0 0.0 0.6996501749125437
43 35 37 0.0 0.0 0.0 0.0 2.0 0.0 0.0 0.6993006993006992
43 35 38 0.0 0.0 20.0 0.0 552.0 5.0 4.0 0.5455962587685113
43 35 39 0.0 0.0 6.0 0.0 222.0 2.0 0.0 0.6289308176100628
43 35 40 0.0 0.0 74.0 0.0 1781.0 11.0 26.0 0.3640145605824232
43 35 41 0.0 0.0 0.0 0.0 43.0 0.0 0.0 0.6852667645619186
43 35 42 0.0 0.0 1.0 0.0 55.0 0.0 0.0 0.6809338521400777
43 35 43 0.0 0.0 0.0 0.0 21.0 0.0 0.0 0.6927263730826323
43 35 44 0.0 0.0 0.0 0.0 6.0 0.0 0.0 0.6979062811565303
43 36 37 0.0 0.0 0.0 0.0 23.0 0.0 0.0 0.6920415224913494
43 36 38 0.0 0.0 19.0 0.0 578.0 4.0 1.0 0.5399151561897415
43 36 39 0.0 0.0 419.0 0.0 8934.0 22.0 1739.0 0.12347856764861524
43 36 40 0.0 0.0 198.0 0.0 4651.0 17.0 216.0 0.20488804331918628
43 36 41 0.0 0.0 323.0 0.0 6939.0 25.0 845.0 0.15143320713899402
43 36 42 0.0 0.0 421.0 0.0 8156.0 34.0 1283.0 0.13260087137715473
43 36 43 0.0 0.0 107.0 0.0 2252.0 12.0 26.0 0.32198712051517936
43 36 44 0.0 0.0 228.0 0.0 4771.0 19.0 262.0 0.20042949176807442
43 36 45 0.0 0.0 0.0 0.0 7.0 0.0 0.0 0.6975585450921773
43 37 35 0.0 0.0 0.0 0.0 6.0 0.0 0.0 0.6979062811565303
43 37 36 0.0 0.0 0.0 0.0 15.0 0.0 0.0 0.694789081885856
43 37 37 0.0 0.0 0.0 0.0 106.0 1.0 0.0 0.6650831353919239
43 37 38 0.0 0.0 374.0 0.0 7537.0 20.0 1087.0 0.14148559878726627
43 37 39 0.0 0.0 516.0 0.0 9198.0 19.0 1817.0 0.11959678797198016
43 37 40 0.0 0.0 700.0 0.0 11166.0 29.0 4424.0 0.10106843777071901
43 37 41 0.0 0.0 729.0 0.0 11549.0 31.0 5376.0 0.0980529485922398
43 37 42 0.0 0.0 406.0 0.0 8015.0 26.0 1325.0 0.1346153846153846
43 37 43 0.0 0.0 576.0 0.0 10589.0 31.0 3751.0 0.10639914880680953
43 37 44 0.0 0.0 68.0 0.0 1966.0 12.0 25.0 0.3479990057171265
43 37 45 0.0 0.0 0.0 0.0 25.0 0.0 0.0 0.6913580246913579
43 37 46 0.0 0.0 0.0 0.0 1.0 0.0 0.0 0.6996501749125437
43 38 35 0.0 0.0 0.0 0.0 10.0 0.0 0.0 0.6965174129353233
43 38 36 0.0 0.0 85.0 0.0 2005.0 19.0 21.0 0.3438958486858265
43 38 37 0.0 0.0 8.0 0.0 457.0 2.0 1.0 0.5684125050751115
43 38 38 0.0 0.0 540.0 0.0 10048.0 25.0 2921.0 0.11127891264605357
43 38 39 0.0 0.0 654.0 0.0 10986.0 17.0 3649.0 0.10264682161448785
43 38 40 0.0 0.0 952.0 0.0 12608.0 25.0 8569.0 0.08997429305912595
43 38 41 0.0 0.0 995.0 0.0 12481.0 34.0 10553.0 0.09049773755656108
43 38 42 0.0 0.0 840.0 0.0 12053.0 29.0 7789.0 0.09404809888485825
43 38 43 0.0 0.0 855.0 0.0 12117.0 30.0 6693.0 0.09353911939600454
43 38 44 0.0 0.0 112.0 0.0 2982.0 15.0 70.0 0.27553631174965554
43 38 45 0.0 0.0 0.0 0.0 16.0 0.0 0.0 0.6944444444444444
43 38 46 0.0 0.0 0.0 0.0 1.0 0.0 0.0 0.6996501749125437
43 39 35 0.0 0.0 2.0 0.0 53.0 0.0 0.0 0.6812652068126519
43 39 36 0.0 0.0 72.0 0.0 1472.0 12.0 13.0 0.3964882469555366
43 39 37 0.0 0.0 266.0 0.0 6061.0 23.0 485.0 0.16853256289876006
43 39 38 0.0 0.0 583.0 0.0 10421.0 21.0 3140.0 0.10771716549973069
43 39 39 0.0 0.0 843.0 0.0 12192.0 33.0 8118.0 0.09318423855165069
43 39 40 0.0 0.0 1254.0 0.0 12709.0 24.0 15263.0 0.08764790584110686
43 39 41 0.0 0.0 1028.0 0.0 12799.0 46.0 8306.0 0.08856835579173783
43 39 42 0.0 0.0 1169.0 0.0 12805.0 35.0 12927.0 0.08766437069505321
43 39 43 0.0 0.0 846.0 0.0 12126.0 34.0 8911.0 0.09355162044771131
43 39 44 0.0 0.0 275.0 0.0 5501.0 26.0 309.0 0.18050541516245483
43 39 45 0.0 0.0 0.0 0.0 68.0 1.0 0.0 0.6776379477250725
43 40 35 0.0 0.0 0.0 0.0 9.0 0.0 0.0 0.6968641114982577
43 40 36 0.0 0.0 9.0 0.0 367.0 5.0 3.0 0.5904681568958244
43 40 37 0.0 0.0 511.0 0.0 9677.0 22.0 2171.0 0.11499917857729586
43 40 38 0.0 0.0 889.0 0.0 12227.0 34.0 8327.0 0.09266000397114302
43 40 39 0.0 0.0 929.0 0.0 12493.0 29.0 8240.0 0.09079118028534369
43 40 40 0.0 0.0 1060.0 0.0 12949.0 32.0 10228.0 0.08751640932674876
43 40 41 0.0 0.0 1407.0 0.0 13062.0 38.0 16854.0 0.08498755539367449
43 40 42 0.0 0.0 857.0 0.0 12087.0 36.0 7225.0 0.09380234505862646
43 40 43 0.0 0.0 789.0 0.0 11814.0 23.0 5638.0 0.09587727708533077
43 40 44 0.0 0.0 209.0 0.0 5046.0 12.0 292.0 0.1932100469224399
43 40 45 0.0 0.0 52.0 0.0 1362.0 9.0 10.0 0.41116005873715117
43 41 35 0.0 0.0 33.0 0.0 870.0 5.0 5.0 0.48309178743961345
43 41 36 0.0 0.0 89.0 0.0 2107.0 17.0 26.0 0.3349282296650717
43 41 37 0.0 0.0 1024.0 0.0 12480.0 38.0 11554.0 0.0903400658191908
43 41 38 0.0 0.0 441.0 0.0 8656.0 28.0 1596.0 0.12639942217407002
43 41 39 0.0 0.0 954.0 0.0 12591.0 35.0 8255.0 0.0901539055959817
43 41 40 0.0 0.0 1346.0 0.0 13039.0 38.0 15981.0 0.08539709649871903
43 41 41 0.0 0.0 428.0 0.0 8912.0 18.0 1898.0 0.12357666166475416
43 41 42 0.0 0.0 684.0 0.0 11356.0 27.0 4530.0 0.09985022466300547
43 41 43 0.0 0.0 491.0 0.0 9449.0 17.0 2420.0 0.11728239926279634
43 41 44 0.0 0.0 188.0 0.0 3741.0 23.0 112.0 0.23704707077548254
43 41 45 0.0 0.0 18.0 0.0 552.0 7.0 1.0 0.5462348809988293
43 42 35 0.0 0.0 0.0 0.0 20.0 0.0 0.0 0.6934125804853887
43 42 36 0.0 0.0 1.0 0.0 168.0 1.0 0.0 0.6457564575645756
43 42 37 0.0 0.0 282.0 0.0 6075.0 17.0 532.0 0.16780534579887327
43 42 38 0.0 0.0 569.0 0.0 9958.0 22.0 2522.0 0.11181215557862789
43 42 39 0.0 0.0 753.0 0.0 11491.0 37.0 4990.0 0.09838369641602247
43 42 40 0.0 0.0 439.0 0.0 8971.0 20.0 2090.0 0.12281779103430122
43 42 41 0.0 0.0 453.0 0.0 8309.0 23.0 1200.0 0.1302567919612951
43 42 42 0.0 0.0 99.0 0.0 2755.0 13.0 65.0 0.289077018377039
43 42 43 0.0 0.0 248.0 0.0 5131.0 20.0 294.0 0.19016571583808747
43 42 44 0.0 0.0 30.0 0.0 706.0 7.0 0.0 0.5130084279956026
43 42 45 0.0 0.0 3.0 0.0 17.0 1.0 0.0 0.6934125804853887
43 43 35 0.0 0.0 0.0 0.0 17.0 0.0 0.0 0.694100148735746
43 43 36 0.0 0.0 0.0 0.0 56.0 0.0 1.0 0.6812652068126519
43 43 37 0.0 0.0 81.0 0.0 1811.0 6.0 23.0 0.3601749421147414
43 43 38 0.0 0.0 133.0 0.0 3176.0 16.0 84.0 0.2645002833931607
43 43 39 0.0 0.0 268.0 0.0 5361.0 18.0 284.0 0.18389596742414288
43 43 40 0.0 0.0 210.0 0.0 4819.0 22.0 281.0 0.19974318733057495
43 43 41 0.0 0.0 338.0 0.0 6991.0 13.0 816.0 0.15018236429950652
43 43 42 0.0 0.0 87.0 0.0 1831.0 17.0 34.0 0.3588823378620866
43 43 43 0.0 0.0 0.0 0.0 34.0 0.0 0.0 0.6882989183874139
43 43 44 0.0 0.0 0.0 0.0 4.0 0.0 0.0 0.6986027944111775
43 44 37 0.0 0.0 29.0 0.0 493.0 9.0 0.0 0.5571030640668523
43 44 38 0.0 0.0 0.0 0.0 15.0 0.0 0.0 0.694789081885856
43 44 39 0.0 0.0 0.0 0.0 27.0 0.0 0.0 0.6906758756783422
43 44 40 0.0 0.0 5.0 0.0 146.0 2.0 0.0 0.6517690875232773
43 44 41 0.0 0.0 74.0 0.0 1566.0 8.0 17.0 0.3853564547206165
43 44 42 0.0 0.0 1.0 0.0 49.0 0.0 0.0 0.6829268292682925
43 44 43 0.0 0.0 0.0 0.0 9.0 0.0 0.0 0.6968641114982577
43 45 39 0.0 0.0 0.0 0.0 5.0 0.0 0.0 0.6982543640897755
43 45 40 0.0 0.0 1.0 0.0 25.0 1.0 0.0 0.6913580246913579
43 45 41 0.0 0.0 0.0 0.0 11.0 0.0 0.0 0.6961710591745399
43 45 42 0.0 0.0 0.0 0.0 4.0 0.0 0.0 0.6986027944111775
43 46 39 0.0 0.0 0.0 0.0 1.0 0.0 0.0 0.6996501749125437
43 46 41 0.0 0.0 0.0 0.0 1.0 0.0 0.0 0.6996501749125437
44 35 38 0.0 0.0 0.0 0.0 12.0 0.0 0.0 0.6958250497017892
44 35 39 0.0 0.0 34.0 0.0 596.0 6.0 0.0 0.5335365853658536
44 35 40 0.0 0.0 6.0 0.0 94.0 2.0 0.0 0.6673021925643469
44 35 41 0.0 0.0 2.0 0.0 52.0 1.0 0.0 0.6819288845591815
44 35 42 0.0 0.0 0.0 0.0 16.0 0.0 0.0 0.6944444444444444
44 35 43 0.0 0.0 0.0 0.0 13.0 0.0 0.0 0.695479384003974
44 35 44 0.0 0.0 0.0 0.0 5.0 1.0 0.0 0.6986027944111775
44 35 45 0.0 0.0 1.0 0.0 24.0 0.0 0.0 0.6913580246913579
44 36 37 0.0 0.0 0.0 0.0 9.0 0.0 0.0 0.6968641114982577
44 36 38 0.0 0.0 1.0 0.0 36.0 0.0 0.0 0.6872852233676975
44 36 39 0.0 0.0 0.0 0.0 86.0 0.0 0.0 0.6711409395973154
44 36 40 0.0 0.0 15.0 0.0 285.0 3.0 0.0 0.6094906399651718
44 36 41 0.0 0.0 149.0 0.0 3890.0 18.0 156.0 0.23244230449941886
44 36 42 0.0 0.0 10.0 0.0 318.0 4.0 0.0 0.6024096385542168
44 36 43 0.0 0.0 12.0 0.0 312.0 3.0 0.0 0.6031882809133993
44 36 44 0.0 0.0 6.0 0.0 148.0 1.0 0.0 0.6502554575011611
44 36 45 0.0 0.0 0.0 0.0 3.0 0.0 0.0 0.6989515726410384
44 37 35 0.0 0.0 0.0 0.0 2.0 0.0 0.0 0.6993006993006992
44 37 37 0.0 0.0 2.0 0.0 67.0 0.0 0.0 0.6766553890768486
44 37 38 0.0 0.0 22.0 0.0 584.0 2.0 1.0 0.5376344086021504
44 37 39 0.0 0.0 84.0 0.0 1552.0 14.0 11.0 0.3864200938448799
44 37 40 0.0 0.0 293.0 0.0 5825.0 16.0 334.0 0.17275419545903256
44 37 41 0.0 0.0 176.0 0.0 3793.0 21.0 137.0 0.23537323470073973
44 37 42 0.0 0.0 87.0 0.0 2062.0 7.0 27.0 0.33800096571704485
44 37 43 0.0 0.0 284.0 0.0 5798.0 24.0 364.0 0.17367572261506015
44 37 44 0.0 0.0 144.0 0.0 3355.0 11.0 107.0 0.2550555656768081
44 37 45 0.0 0.0 0.0 0.0 8.0 0.0 0.0 0.697211155378486
44 38 34 0.0 0.0 0.0 0.0 1.0 0.0 0.0 0.6996501749125437
44 38 35 0.0 0.0 0.0 0.0 1.0 0.0 0.0 0.6996501749125437
44 38 36 0.0 0.0 0.0 0.0 2.0 0.0 0.0 0.6993006993006992
44 38 37 0.0 0.0 36.0 0.0 918.0 15.0 6.0 0.47635250085062936
44 38 38 0.0 0.0 180.0 0.0 4679.0 18.0 294.0 0.20464844321005699
44 38 39 0.0 0.0 166.0 0.0 3629.0 12.0 106.0 0.24213075060532682
44 38 40 0.0 0.0 352.0 0.0 6840.0 26.0 670.0 0.15265510849416639
44 38 41 0.0 0.0 699.0 0.0 11468.0 25.0 4423.0 0.09892594686263424
44 38 42 0.0 0.0 264.0 0.0 5695.0 16.0 392.0 0.17618927762396172
44 38 43 0.0 0.0 272.0 0.0 6114.0 28.0 506.0 0.1674440856356895
44 38 44 0.0 0.0 1.0 0.0 190.0 0.0 0.0 0.639269406392694
44 38 45 0.0 0.0 0.0 0.0 2.0 0.0 0.0 0.6993006993006992
44 39 34 0.0 0.0 0.0 0.0 1.0 0.0 0.0 0.6996501749125437
44 39 35 0.0 0.0 17.0 0.0 645.0 4.0 3.0 0.5267118133935288
44 39 36 0.0 0.0 32.0 0.0 657.0 10.0 1.0 0.522583053378126
44 39 37 0.0 0.0 110.0 0.0 2607.0 12.0 63.0 0.29755579171094576
44 39 38 0.0 0.0 70.0 0.0 1658.0 20.0 17.0 0.377256804095931
44 39 39 0.0 0.0 213.0 0.0 4504.0 19.0 183.0 0.20898641588296757
44 39 40 0.0 0.0 285.0 0.0 6195.0 13.0 470.0 0.1652112343639367
44 39 41 0.0 0.0 719.0 0.0 11350.0 38.0 3705.0 0.09967250462765198
44 39 42 0.0 0.0 317.0 0.0 6095.0 18.0 493.0 0.16674606955693183
44 39 43 0.0 0.0 42.0 0.0 1570.0 6.0 21.0 0.38845726970033284
44 39 44 0.0 0.0 19.0 0.0 694.0 6.0 0.0 0.5171776874769116
44 39 45 0.0 0.0 0.0 0.0 27.0 0.0 0.0 0.6906758756783422
44 39 46 0.0 0.0 0.0 0.0 2.0 0.0 0.0 0.6993006993006992
44 40 35 0.0 0.0 0.0 0.0 33.0 0.0 0.0 0.6886374815543531
44 40 36 0.0 0.0 470.0 0.0 9397.0 24.0 2336.0 0.11812352345595678
44 40 37 0.0 0.0 70.0 0.0 1622.0 10.0 12.0 0.38033143167617495
44 40 38 0.0 0.0 231.0 0.0 5064.0 19.0 285.0 0.19236053860950808
44 40 39 0.0 0.0 297.0 0.0 6056.0 30.0 468.0 0.1681479702137881
44 40 40 0.0 0.0 541.0 0.0 9973.0 25.0 2620.0 0.11195521791283486
44 40 41 0.0 0.0 186.0 0.0 4094.0 16.0 178.0 0.22346368715083795
44 40 42 0.0 0.0 445.0 0.0 9031.0 17.0 1811.0 0.12206818379980816
44 40 43 0.0 0.0 337.0 0.0 7038.0 18.0 738.0 0.14950875694147797
44 40 44 0.0 0.0 634.0 0.0 10459.0 32.0 2887.0 0.10701727564592568
44 40 45 0.0 0.0 0.0 0.0 28.0 0.0 0.0 0.690335305719921
44 40 46 0.0 0.0 0.0 0.0 2.0 0.0 0.0 0.6993006993006992
44 41 35 0.0 0.0 0.0 0.0 63.0 0.0 0.0 0.6786233640329616
44 41 36 0.0 0.0 28.0 0.0 709.0 5.0 1.0 0.5126327352618087
44 41 37 0.0 0.0 235.0 0.0 5500.0 20.0 341.0 0.18132366273798728
44 41 38 0.0 0.0 91.0 0.0 2409.0 15.0 34.0 0.31215161649944256
44 41 39 0.0 0.0 224.0 0.0 4519.0 18.0 209.0 0.20817843866170999
44 41 40 0.0 0.0 330.0 0.0 7294.0 22.0 924.0 0.1457422444305642
44 41 41 0.0 0.0 636.0 0.0 10990.0 30.0 5200.0 0.10282776349614395
44 41 42 0.0 0.0 326.0 0.0 6547.0 26.0 560.0 0.15820996722793534
44 41 43 0.0 0.0 26.0 0.0 751.0 7.0 4.0 0.5054151624548735
44 41 44 0.0 0.0 124.0 0.0 3001.0 12.0 71.0 0.27381185214159975
44 41 45 0.0 0.0 1.0 0.0 61.0 0.0 0.0 0.6789524733268669
44 42 35 0.0 0.0 0.0 0.0 40.0 1.0 0.0 0.6866110838646394
44 42 36 0.0 0.0 516.0 0.0 10054.0 20.0 3276.0 0.11142948105698822
44 42 37 0.0 0.0 22.0 0.0 691.0 4.0 2.0 0.5167958656330748
44 42 38 0.0 0.0 35.0 0.0 1087.0 6.0 4.0 0.4492939666238767
44 42 39 0.0 0.0 155.0 0.0 3586.0 17.0 134.0 0.24458420684835777
44 42 40 0.0 0.0 211.0 0.0 4604.0 15.0 215.0 0.20576131687242794
44 42 41 0.0 0.0 85.0 0.0 2166.0 17.0 29.0 0.33057851239669417
44 42 42 0.0 0.0 18.0 0.0 591.0 5.0 2.0 0.5376344086021504
44 42 43 0.0 0.0 5.0 0.0 120.0 1.0 0.0 0.6591337099811675
44 42 44 0.0 0.0 0.0 0.0 39.0 1.0 0.0 0.6869479882237487
44 42 45 0.0 0.0 5.0 0.0 98.0 0.0 0.0 0.6657156443176413
44 43 35 0.0 0.0 0.0 0.0 21.0 0.0 0.0 0.6927263730826323
44 43 36 0.0 0.0 1.0 0.0 62.0 0.0 0.0 0.6786233640329616
44 43 37 0.0 0.0 17.0 0.0 363.0 5.0 0.0 0.5894736842105263
44 43 38 0.0 0.0 1.0 0.0 66.0 1.0 0.0 0.6776379477250725
44 43 39 0.0 0.0 5.0 0.0 149.0 1.0 0.0 0.6502554575011611
44 43 40 0.0 0.0 7.0 0.0 165.0 1.0 0.0 0.64486411791801
44 43 41 0.0 0.0 0.0 0.0 57.0 0.0 0.0 0.6809338521400777
44 43 42 0.0 0.0 104.0 0.0 2359.0 16.0 48.0 0.31481897908702494
44 43 43 0.0 0.0 2.0 0.0 6.0 0.0 0.0 0.697211155378486
44 43 44 0.0 0.0 0.0 0.0 6.0 0.0 0.0 0.6979062811565303
44 44 37 0.0 0.0 0.0 0.0 3.0 0.0 0.0 0.6989515726410384
44 44 38 0.0 0.0 0.0 0.0 2.0 0.0 0.0 0.6993006993006992
44 44 39 0.0 0.0 0.0 0.0 13.0 0.0 0.0 0.695479384003974
44 44 40 0.0 0.0 0.0 0.0 6.0 0.0 0.0 0.6979062811565303
44 44 41 0.0 0.0 15.0 0.0 199.0 1.0 0.0 0.632625395390872
44 44 42 0.0 0.0 0.0 0.0 4.0 0.0 0.0 0.6986027944111775
45 35 41 0.0 0.0 0.0 0.0 1.0 0.0 0.0 0.6996501749125437
45 35 42 0.0 0.0 0.0 0.0 4.0 0.0 0.0 0.6986027944111775
45 36 39 0.0 0.0 1.0 0.0 31.0 2.0 0.0 0.689655172413793
45 36 40 0.0 0.0 0.0 0.0 8.0 0.0 0.0 0.6975585450921773
45 36 41 0.0 0.0 6.0 0.0 81.0 1.0 0.0 0.6711409395973154
45 36 42 0.0 0.0 0.0 0.0 7.0 0.0 0.0 0.6975585450921773
45 36 43 0.0 0.0 0.0 0.0 6.0 0.0 0.0 0.6979062811565303
45 36 44 0.0 0.0 0.0 0.0 1.0 0.0 0.0 0.6996501749125437
45 37 37 0.0 0.0 0.0 0.0 3.0 0.0 0.0 0.6989515726410384
45 37 38 0.0 0.0 0.0 0.0 1.0 0.0 0.0 0.6996501749125437
45 37 39 0.0 0.0 13.0 0.0 171.0 3.0 0.0 0.6419073819348922
45 37 40 0.0 0.0 171.0 0.0 3566.0 13.0 94.0 0.24449877750611246
45 37 41 0.0 0.0 12.0 0.0 210.0 2.0 1.0 0.6306306306306305
45 37 42 0.0 0.0 155.0 0.0 3866.0 19.0 125.0 0.2331778814123917
45 37 43 0.0 0.0 0.0 0.0 27.0 0.0 0.0 0.6906758756783422
45 37 44 0.0 0.0 27.0 0.0 818.0 5.0 4.0 0.49295774647887314
45 37 45 0.0 0.0 0.0 0.0 2.0 0.0 0.0 0.6993006993006992
45 38 34 0.0 0.0 0.0 0.0 1.0 0.0 0.0 0.6996501749125437
45 38 36 0.0 0.0 0.0 0.0 1.0 0.0 0.0 0.6996501749125437
45 38 37 0.0 0.0 0.0 0.0 5.0 0.0 0.0 0.6982543640897755
45 38 38 0.0 0.0 0.0 0.0 7.0 0.0 0.0 0.6975585450921773
45 38 39 0.0 0.0 0.0 0.0 27.0 0.0 0.0 0.6910167818361302
45 38 40 0.0 0.0 0.0 0.0 79.0 0.0 0.0 0.6734006734006733
45 38 41 0.0 0.0 45.0 0.0 971.0 13.0 3.0 0.4662004662004661
45 38 42 0.0 0.0 23.0 0.0 636.0 8.0 0.0 0.5283018867924527
45 38 43 0.0 0.0 94.0 0.0 2137.0 15.0 25.0 0.3320683111954459
45 38 44 0.0 0.0 0.0 0.0 9.0 0.0 0.0 0.6968641114982577
45 38 45 0.0 0.0 4.0 0.0 36.0 0.0 0.0 0.6862745098039215
45 39 35 0.0 0.0 69.0 0.0 1323.0 8.0 13.0 0.41346721795629054
45 39 36 0.0 0.0 0.0 0.0 26.0 0.0 0.0 0.6913580246913579
45 39 37 0.0 0.0 20.0 0.0 480.0 7.0 0.0 0.5617977528089887
45 39 38 0.0 0.0 7.0 0.0 184.0 2.0 0.0 0.639561443581544
45 39 39 0.0 0.0 0.0 0.0 61.0 1.0 0.0 0.6796116504854368
45 39 40 0.0 0.0 7.0 0.0 215.0 1.0 1.0 0.6303466906798738
45 39 41 0.0 0.0 51.0 0.0 1253.0 8.0 11.0 0.42475728155339804
45 39 42 0.0 0.0 26.0 0.0 650.0 6.0 3.0 0.5243445692883895
45 39 43 0.0 0.0 18.0 0.0 377.0 5.0 1.0 0.5857740585774057
45 39 44 0.0 0.0 0.0 0.0 46.0 0.0 0.0 0.6845965770171147
45 39 45 0.0 0.0 0.0 0.0 23.0 0.0 0.0 0.6920415224913494
45 39 46 0.0 0.0 0.0 0.0 1.0 0.0 0.0 0.6996501749125437
45 40 34 0.0 0.0 0.0 0.0 1.0 0.0 0.0 0.0
45 40 35 0.0 0.0 0.0 0.0 31.0 0.0 0.0 0.6893156080748399
45 40 36 0.0 0.0 0.0 0.0 46.0 0.0 0.0 0.6842619745845552
45 40 37 0.0 0.0 44.0 0.0 1293.0 8.0 16.0 0.42054671072394106
45 40 38 0.0 0.0 1.0 0.0 18.0 0.0 0.0 0.6934125804853887
45 40 39 0.0 0.0 2.0 0.0 62.0 1.0 0.0 0.6786233640329616
45 40 40 0.0 0.0 7.0 0.0 253.0 2.0 0.0 0.6200177147918511
45 40 41 0.0 0.0 0.0 0.0 202.0 0.0 0.0 0.6357856494096276
45 40 42 0.0 0.0 156.0 0.0 3453.0 19.0 112.0 0.25040243248077265
45 40 43 0.0 0.0 0.0 0.0 59.0 0.0 0.0 0.6799417192812044
45 40 44 0.0 0.0 5.0 0.0 127.0 2.0 0.0 0.6572769953051641
45 40 45 0.0 0.0 160.0 0.0 3638.0 23.0 100.0 0.2423403150424095
45 40 46 0.0 0.0 0.0 0.0 1.0 0.0 0.0 0.6996501749125437
45 41 35 0.0 0.0 1.0 0.0 56.0 0.0 0.0 0.6806028196402526
45 41 36 0.0 0.0 13.0 0.0 270.0 6.0 0.0 0.6148440931049626
45 41 37 0.0 0.0 0.0 0.0 61.0 0.0 0.0 0.6796116504854368
45 41 38 0.0 0.0 0.0 0.0 14.0 1.0 0.0 0.695479384003974
45 41 39 0.0 0.0 14.0 0.0 625.0 3.0 4.0 0.5313092979127134
45 41 40 0.0 0.0 27.0 0.0 633.0 6.0 0.0 0.5275056518462696
45 41 41 0.0 0.0 32.0 0.0 676.0 5.0 4.0 0.5179430262671106
45 41 42 0.0 0.0 8.0 0.0 171.0 4.0 0.0 0.6436781609195401
45 41 43 0.0 0.0 66.0 0.0 1287.0 12.0 5.0 0.4190362167015863
45 41 44 0.0 0.0 1.0 0.0 29.0 1.0 0.0 0.6899950714637751
45 41 45 0.0 0.0 0.0 0.0 17.0 0.0 0.0 0.694100148735746
45 42 35 0.0 0.0 0.0 0.0 23.0 0.0 0.0 0.6920415224913494
45 42 36 0.0 0.0 87.0 0.0 2283.0 14.0 42.0 0.3213957759412305
45 42 37 0.0 0.0 0.0 0.0 24.0 0.0 0.0 0.6916996047430829
45 42 38 0.0 0.0 0.0 0.0 10.0 0.0 0.0 0.6965174129353233
45 42 39 0.0 0.0 0.0 0.0 13.0 0.0 0.0 0.695479384003974
45 42 40 0.0 0.0 0.0 0.0 51.0 1.0 0.0 0.6829268292682925
45 42 41 0.0 0.0 1.0 0.0 78.0 0.0 0.0 0.6734006734006733
45 42 42 0.0 0.0 57.0 0.0 1438.0 11.0 9.0 0.401836969001148
45 42 43 0.0 0.0 0.0 0.0 5.0 0.0 0.0 0.6982543640897755
45 42 44 0.0 0.0 0.0 0.0 1.0 0.0 0.0 0.6996501749125437
45 42 45 0.0 0.0 0.0 0.0 1.0 0.0 0.0 0.6996501749125437
45 43 35 0.0 0.0 5.0 0.0 170.0 2.0 0.0 0.6442705936493326
45 43 36 0.0 0.0 0.0 0.0 24.0 0.0 0.0 0.6916996047430829
45 43 37 0.0 0.0 136.0 0.0 2803.0 20.0 50.0 0.28461069323033134
45 43 38 0.0 0.0 0.0 0.0 3.0 0.0 0.0 0.6989515726410384
45 43 39 0.0 0.0 1.0 0.0 4.0 0.0 0.0 0.6982543640897755
45 43 40 0.0 0.0 0.0 0.0 8.0 0.0 0.0 0.697211155378486
45 43 41 0.0 0.0 0.0 0.0 2.0 0.0 0.0 0.6993006993006992
45 44 37 0.0 0.0 0.0 0.0 1.0 0.0 0.0 0.6996501749125437
45 44 42 0.0 0.0 0.0 0.0 1.0 0.0 0.0 0.6996501749125437
46 36 39 0.0 0.0 0.0 0.0 1.0 0.0 0.0 0.6996501749125437
46 36 40 0.0 0.0 1.0 0.0 11.0 1.0 0.0 0.6961710591745399
46 36 41 0.0 0.0 0.0 0.0 2.0 0.0 0.0 0.6993006993006992
46 36 43 0.0 0.0 0.0 0.0 3.0 0.0 0.0 0.6989515726410384
46 37 40 0.0 0.0 0.0 0.0 1.0 0.0 0.0 0.6996501749125437
46 37 41 0.0 0.0 0.0 0.0 4.0 0.0 0.0 0.6986027944111775
46 37 42 0.0 0.0 0.0 0.0 3.0 0.0 0.0 0.6989515726410384
46 37 43 0.0 0.0 0.0 0.0 2.0 0.0 0.0 0.6993006993006992
46 37 44 0.0 0.0 0.0 0.0 1.0 0.0 0.0 0.6996501749125437
46 38 36 0.0 0.0 0.0 0.0 1.0 0.0 0.0 0.6996501749125437
46 38 40 0.0 0.0 0.0 0.0 1.0 0.0 0.0 0.6996501749125437
46 38 41 0.0 0.0 0.0 0.0 1.0 0.0 0.0 0.6996501749125437
46 38 42 0.0 0.0 0.0 0.0 4.0 0.0 0.0 0.6986027944111775
46 38 43 0.0 0.0 0.0 0.0 1.0 0.0 0.0 0.6996501749125437
46 38 44 0.0 0.0 0.0 0.0 1.0 0.0 0.0 0.6996501749125437
46 39 36 0.0 0.0 0.0 0.0 1.0 0.0 0.0 0.6996501749125437
46 39 37 0.0 0.0 0.0 0.0 1.0 0.0 0.0 0.6996501749125437
46 39 41 0.0 0.0 0.0 0.0 1.0 0.0 0.0 0.6996501749125437
46 39 42 0.0 0.0 0.0 0.0 1.0 0.0 0.0 0.6996501749125437
46 39 45 0.0 0.0 0.0 0.0 2.0 0.0 0.0 0.6993006993006992
46 39 46 0.0 0.0 0.0 0.0 1.0 0.0 0.0 0.6996501749125437
46 40 35 0.0 0.0 0.0 0.0 2.0 0.0 0.0 0.6996501749125437
46 40 43 0.0 0.0 0.0 0.0 1.0 0.0 0.0 0.6996501749125437
46 40 44 0.0 0.0 0.0 0.0 1.0 0.0 0.0 0.6996501749125437
46 40 45 0.0 0.0 1.0 0.0 4.0 0.0 0.0 0.6982543640897755
46 40 46 0.0 0.0 0.0 0.0 1.0 0.0 0.0 0.6996501749125437
46 41 36 0.0 0.0 0.0 0.0 1.0 0.0 0.0 0.6996501749125437
46 41 41 0.0 0.0 2.0 0.0 37.0 2.0 0.0 0.6872852233676975
46 41 42 0.0 0.0 0.0 0.0 1.0 0.0 0.0 0.6996501749125437
46 41 43 0.0 0.0 0.0 0.0 1.0 0.0 0.0 0.6996501749125437
46 41 44 0.0 0.0 0.0 0.0 1.0 0.0 0.0 0.6996501749125437
46 41 46 0.0 0.0 0.0 0.0 1.0 0.0 0.0 0.6996501749125437
46 42 35 0.0 0.0 0.0 0.0 1.0 0.0 0.0 0.6996501749125437
46 42 36 0.0 0.0 0.0 0.0 1.0 0.0 0.0 0.6996501749125437
46 42 37 0.0 0.0 0.0 0.0 3.0 0.0 0.0 0.6989515726410384
46 42 40 0.0 0.0 0.0 0.0 2.0 0.0 0.0 0.6993006993006992
46 43 35 0.0 0.0 0.0 0.0 1.0 0.0 0.0 0.6996501749125437
46 43 37 0.0 0.0 0.0 0.0 3.0 0.0 0.0 0.6989515726410384
46 43 38 0.0 0.0 0.0 0.0 2.0 0.0 0.0 0.6993006993006992
46 43 41 0.0 0.0 0.0 0.0 1.0 0.0 0.0 0.6996501749125437
46 44 36 0.0 0.0 0.0 0.0 1.0 0.0 0.0 0.6996501749125437
46 44 37 0.0 0.0 0.0 0.0 2.0 0.0 0.0 0.6993006993006992
