35 39 38 0.0 0.0 0.0 0.0 1.0 0.0 0.0 0.6996501749125437
35 40 38 0.0 0.0 0.0 0.0 3.0 0.0 0.0 0.6989515726410384
35 40 39 0.0 0.0 0.0 0.0 3.0 0.0 0.0 0.6989515726410384
35 40 40 0.0 0.0 0.0 0.0 2.0 0.0 0.0 0.6993006993006992
35 41 40 0.0 0.0 0.0 0.0 1.0 0.0 0.0 0.6996501749125437
36 36 39 0.0 0.0 0.0 0.0 5.0 0.0 0.0 0.6982543640897755
36 36 40 0.0 0.0 0.0 0.0 1.0 0.0 0.0 0.6996501749125437
36 36 41 0.0 0.0 0.0 0.0 1.0 0.0 0.0 0.6996501749125437
36 37 39 0.0 0.0 0.0 0.0 1.0 0.0 0.0 0.6996501749125437
36 37 40 0.0 0.0 0.0 0.0 2.0 0.0 0.0 0.6993006993006992
36 37 41 0.0 0.0 0.0 0.0 1.0 0.0 0.0 0.6996501749125437
36 38 38 0.0 0.0 0.0 0.0 2.0 0.0 0.0 0.6993006993006992
36 38 39 0.0 0.0 0.0 0.0 3.0 0.0 0.0 0.6989515726410384
36 38 40 0.0 0.0 17.0 0.0 370.0 5.0 1.0 0.5877413937867337
36 38 41 0.0 0.0 0.0 0.0 2.0 0.0 0.0 0.6993006993006992
36 38 42 0.0 0.0 0.0 0.0 1.0 0.0 0.0 0.6996501749125437
36 39 37 0.0 0.0 0.0 0.0 1.0 0.0 0.0 0.6996501749125437
36 39 38 0.0 0.0 0.0 0.0 19.0 0.0 0.0 0.6934125804853887
36 39 39 0.0 0.0 26.0 0.0 841.0 5.0 2.0 0.48916841369671554
36 39 40 0.0 0.0 4.0 0.0 37.0 0.0 0.0 0.6859382655560998
36 39 41 0.0 0.0 0.0 0.0 1.0 0.0 0.0 0.6996501749125437
36 40 37 0.0 0.0 0.0 0.0 4.0 0.0 0.0 0.6986027944111775
36 40 38 0.0 0.0 72.0 0.0 1638.0 18.0 24.0 0.37909558624424583
36 40 39 0.0 0.0 32.0 0.0 765.0 7.0 3.0 0.5017921146953404
36 40 40 0.0 0.0 0.0 0.0 16.0 0.0 0.0 0.694789081885856
36 40 41 0.0 0.0 0.0 0.0 3.0 0.0 0.0 0.6989515726410384
36 41 37 0.0 0.0 0.0 0.0 1.0 0.0 0.0 0.6996501749125437
36 41 38 0.0 0.0 26.0 0.0 525.0 6.0 1.0 0.5500982318271119
36 41 39 0.0 0.0 0.0 0.0 20.0 0.0 0.0 0.6930693069306929
36 41 40 0.0 0.0 4.0 0.0 227.0 2.0 1.0 0.6280843427545983
36 41 41 0.0 0.0 0.0 0.0 13.0 0.0 0.0 0.695479384003974
36 41 42 0.0 0.0 0.0 0.0 1.0 0.0 0.0 0.6996501749125437
36 41 43 0.0 0.0 0.0 0.0 1.0 0.0 0.0 0.6996501749125437
36 42 38 0.0 0.0 1.0 0.0 2.0 0.0 0.0 0.6989515726410384
36 42 39 0.0 0.0 0.0 0.0 4.0 0.0 0.0 0.6986027944111775
36 42 40 0.0 0.0 0.0 0.0 7.0 0.0 0.0 0.6975585450921773
36 42 41 0.0 0.0 0.0 0.0 10.0 0.0 0.0 0.6965174129353233
36 42 42 0.0 0.0 0.0 0.0 2.0 0.0 0.0 0.6996501749125437
36 43 39 0.0 0.0 0.0 0.0 13.0 0.0 0.0 0.695479384003974
36 43 40 0.0 0.0 0.0 0.0 2.0 0.0 0.0 0.6993006993006992
36 43 41 0.0 0.0 0.0 0.0 2.0 0.0 0.0 0.6993006993006992
36 44 39 0.0 0.0 0.0 0.0 1.0 0.0 0.0 0.6996501749125437
37 36 39 0.0 0.0 0.0 0.0 2.0 0.0 0.0 0.6993006993006992
37 36 40 0.0 0.0 0.0 0.0 5.0 0.0 0.0 0.6982543640897755
37 36 41 0.0 0.0 0.0 0.0 7.0 0.0 0.0 0.6975585450921773
37 37 37 0.0 0.0 0.0 0.0 4.0 0.0 0.0 0.6986027944111775
37 37 38 0.0 0.0 0.0 0.0 13.0 0.0 0.0 0.695479384003974
37 37 39 0.0 0.0 20.0 0.0 319.0 4.0 0.0 0.5995717344753746
37 37 40 0.0 0.0 153.0 0.0 3626.0 26.0 119.0 0.24335129497653393
37 37 41 0.0 0.0 10.0 0.0 155.0 3.0 0.0 0.6478482184173993
37 37 42 0.0 0.0 0.0 0.0 9.0 0.0 0.0 0.6968641114982577
37 38 37 0.0 0.0 0.0 0.0 26.0 1.0 0.0 0.6913580246913579
37 38 38 0.0 0.0 16.0 0.0 429.0 3.0 0.0 0.5733005733005732
37 38 39 0.0 0.0 3.0 0.0 212.0 1.0 1.0 0.6323396567299006
37 38 40 0.0 0.0 1.0 0.0 186.0 2.0 0.0 0.6407322654462241
37 38 41 0.0 0.0 51.0 0.0 1412.0 10.0 21.0 0.40544454097885885
37 38 42 0.0 0.0 0.0 0.0 93.0 0.0 0.0 0.668896321070234
37 38 43 0.0 0.0 0.0 0.0 4.0 0.0 0.0 0.6986027944111775
37 39 37 0.0 0.0 4.0 0.0 72.0 1.0 0.0 0.6746987951807227
37 39 38 0.0 0.0 42.0 0.0 1139.0 8.0 4.0 0.441222817522849
37 39 39 0.0 0.0 143.0 0.0 3188.0 12.0 82.0 0.2631578947368421
37 39 40 0.0 0.0 62.0 0.0 1614.0 15.0 14.0 0.3824091778202677
37 39 41 0.0 0.0 50.0 0.0 1411.0 12.0 8.0 0.40603248259860786
37 39 42 0.0 0.0 0.0 0.0 75.0 1.0 0.0 0.6750241080038573
37 39 43 0.0 0.0 0.0 0.0 14.0 0.0 0.0 0.6951340615690167
37 40 37 0.0 0.0 0.0 0.0 25.0 0.0 0.0 0.6913580246913579
37 40 38 0.0 0.0 10.0 0.0 434.0 4.0 0.0 0.5737704918032785
37 40 39 0.0 0.0 446.0 0.0 8725.0 20.0 1697.0 0.12540308133285558
37 40 40 0.0 0.0 188.0 0.0 4740.0 24.0 226.0 0.20272227048942942
37 40 41 0.0 0.0 135.0 0.0 3220.0 17.0 76.0 0.26217228464419473
37 40 42 0.0 0.0 2.0 0.0 72.0 0.0 0.0 0.6750241080038573
37 40 43 0.0 0.0 0.0 0.0 7.0 0.0 0.0 0.6975585450921773
37 41 37 0.0 0.0 1.0 0.0 22.0 0.0 0.0 0.6923837784371908
37 41 38 0.0 0.0 6.0 0.0 324.0 2.0 0.0 0.6016330038676406
37 41 39 0.0 0.0 121.0 0.0 3451.0 9.0 117.0 0.25170801869830994
37 41 40 0.0 0.0 69.0 0.0 1610.0 12.0 21.0 0.38167938931297707
37 41 41 0.0 0.0 51.0 0.0 1812.0 11.0 20.0 0.3632589517384535
37 41 42 0.0 0.0 1.0 0.0 87.0 1.0 0.0 0.670819357930043
37 41 43 0.0 0.0 0.0 0.0 12.0 0.0 0.0 0.6958250497017892
37 42 38 0.0 0.0 0.0 0.0 101.0 0.0 0.0 0.6663493574488338
37 42 39 0.0 0.0 103.0 0.0 2880.0 16.0 87.0 0.28180354267310787
37 42 40 0.0 0.0 308.0 0.0 6136.0 18.0 457.0 0.1661129568106312
37 42 41 0.0 0.0 67.0 0.0 1749.0 7.0 16.0 0.3676470588235293
37 42 42 0.0 0.0 87.0 0.0 1814.0 16.0 14.0 0.3602676273803396
37 42 43 0.0 0.0 0.0 0.0 2.0 0.0 0.0 0.6993006993006992
37 43 37 0.0 0.0 0.0 0.0 2.0 0.0 0.0 0.6993006993006992
37 43 38 0.0 0.0 24.0 0.0 519.0 3.0 2.0 0.5511811023622046
37 43 39 0.0 0.0 85.0 0.0 1862.0 13.0 15.0 0.3557814485387547
37 43 40 0.0 0.0 41.0 0.0 988.0 10.0 6.0 0.4637297118251076
37 43 41 0.0 0.0 9.0 0.0 196.0 1.0 0.0 0.6352087114337567
37 43 42 0.0 0.0 0.0 0.0 26.0 0.0 0.0 0.6910167818361302
37 44 39 0.0 0.0 0.0 0.0 2.0 0.0 0.0 0.6993006993006992
37 44 40 0.0 0.0 0.0 0.0 1.0 0.0 0.0 0.6996501749125437
37 44 41 0.0 0.0 0.0 0.0 3.0 0.0 0.0 0.6989515726410384
38 36 36 0.0 0.0 0.0 0.0 1.0 0.0 0.0 0.6996501749125437
38 36 39 0.0 0.0 0.0 0.0 1.0 0.0 0.0 0.6996501749125437
38 36 40 0.0 0.0 0.0 0.0 12.0 0.0 0.0 0.6958250497017892
38 36 41 0.0 0.0 0.0 0.0 43.0 0.0 0.0 0.6856023506366307
38 36 42 0.0 0.0 0.0 0.0 12.0 0.0 0.0 0.6958250497017892
38 36 43 0.0 0.0 0.0 0.0 2.0 0.0 0.0 0.6993006993006992
38 37 36 0.0 0.0 0.0 0.0 8.0 0.0 0.0 0.697211155378486
38 37 37 0.0 0.0 0.0 0.0 13.0 0.0 0.0 0.695479384003974
38 37 38 0.0 0.0 19.0 0.0 216.0 5.0 0.0 0.6278026905829596
38 37 39 0.0 0.0 0.0 0.0 267.0 2.0 1.0 0.6181015452538631
38 37 40 0.0 0.0 153.0 0.0 3251.0 20.0 69.0 0.2600780234070221
38 37 41 0.0 0.0 26.0 0.0 606.0 9.0 1.0 0.5337399923751428
38 37 42 0.0 0.0 121.0 0.0 2792.0 15.0 49.0 0.2858309514087382
38 37 43 0.0 0.0 32.0 0.0 560.0 10.0 1.0 0.5422153369481022
38 37 44 0.0 0.0 0.0 0.0 1.0 0.0 0.0 0.6996501749125437
38 38 36 0.0 0.0 0.0 0.0 3.0 0.0 0.0 0.6989515726410384
38 38 37 0.0 0.0 1.0 0.0 66.0 0.0 0.0 0.6773101112723753
38 38 38 0.0 0.0 242.0 0.0 5725.0 15.0 438.0 0.1759457081814754
38 38 39 0.0 0.0 309.0 0.0 6756.0 24.0 675.0 0.15483300154833
38 38 40 0.0 0.0 567.0 0.0 10119.0 28.0 2774.0 0.11046236389458733
38 38 41 0.0 0.0 455.0 0.0 8885.0 19.0 1684.0 0.12358757062146891
38 38 42 0.0 0.0 164.0 0.0 3460.0 14.0 116.0 0.249554367201426
38 38 43 0.0 0.0 0.0 0.0 34.0 0.0 0.0 0.6882989183874139
38 38 44 0.0 0.0 0.0 0.0 3.0 0.0 0.0 0.6989515726410384
38 39 36 0.0 0.0 0.0 0.0 13.0 0.0 0.0 0.695479384003974
38 39 37 0.0 0.0 17.0 0.0 346.0 5.0 0.0 0.5937234944868531
38 39 38 0.0 0.0 469.0 0.0 9010.0 19.0 1905.0 0.12199372603694666
38 39 39 0.0 0.0 745.0 0.0 11654.0 34.0 6118.0 0.09732360097323599
38 39 40 0.0 0.0 742.0 0.0 11534.0 29.0 4958.0 0.09810104407539764
38 39 41 0.0 0.0 610.0 0.0 10680.0 28.0 4190.0 0.10546139359698681
38 39 42 0.0 0.0 189.0 0.0 4937.0 14.0 282.0 0.1967120977940143
38 39 43 0.0 0.0 114.0 0.0 2377.0 23.0 24.0 0.31333930170098473
38 39 44 0.0 0.0 0.0 0.0 4.0 0.0 0.0 0.6986027944111775
38 40 35 0.0 0.0 0.0 0.0 1.0 0.0 0.0 0.6996501749125437
38 40 37 0.0 0.0 18.0 0.0 338.0 6.0 0.0 0.5962521294718909
38 40 38 0.0 0.0 476.0 0.0 9165.0 16.0 1766.0 0.12027491408934705
38 40 39 0.0 0.0 1064.0 0.0 12797.0 36.0 10635.0 0.08822788001008318
38 40 40 0.0 0.0 869.0 0.0 12101.0 31.0 7654.0 0.0936204360037448
38 40 41 0.0 0.0 406.0 0.0 8796.0 18.0 1764.0 0.1250893495353824
38 40 42 0.0 0.0 402.0 0.0 8105.0 16.0 1272.0 0.1333079413445058
38 40 43 0.0 0.0 13.0 0.0 328.0 2.0 1.0 0.5985463873450192
38 40 44 0.0 0.0 0.0 0.0 2.0 0.0 0.0 0.6993006993006992
38 41 36 0.0 0.0 0.0 0.0 1.0 0.0 0.0 0.6996501749125437
38 41 37 0.0 0.0 7.0 0.0 278.0 2.0 0.0 0.6132282084975909
38 41 38 0.0 0.0 273.0 0.0 6064.0 17.0 542.0 0.16816816816816815
38 41 39 0.0 0.0 758.0 0.0 11659.0 30.0 6831.0 0.09718847622353348
38 41 40 0.0 0.0 934.0 0.0 12436.0 31.0 7507.0 0.09108653220559532
38 41 41 0.0 0.0 541.0 0.0 9519.0 30.0 2146.0 0.11622115224970944
38 41 42 0.0 0.0 152.0 0.0 2797.0 11.0 64.0 0.28340080971659914
38 41 43 0.0 0.0 0.0 0.0 27.0 0.0 0.0 0.6906758756783422
38 41 44 0.0 0.0 0.0 0.0 1.0 0.0 0.0 0.6996501749125437
38 42 37 0.0 0.0 1.0 0.0 47.0 0.0 0.0 0.6835937499999999
38 42 38 0.0 0.0 235.0 0.0 5228.0 12.0 331.0 0.1877682403433476
38 42 39 0.0 0.0 571.0 0.0 10389.0 26.0 3587.0 0.10812480691998763
38 42 40 0.0 0.0 490.0 0.0 9610.0 25.0 2433.0 0.11585567692816948
38 42 41 0.0 0.0 709.0 0.0 11118.0 29.0 4055.0 0.1013464601129289
38 42 42 0.0 0.0 100.0 0.0 2037.0 21.0 24.0 0.34030140982012635
38 42 43 0.0 0.0 0.0 0.0 6.0 0.0 0.0 0.6979062811565303
38 43 37 0.0 0.0 2.0 0.0 36.0 0.0 0.0 0.6869479882237487
38 43 38 0.0 0.0 44.0 0.0 971.0 3.0 5.0 0.4648074369189906
38 43 39 0.0 0.0 33.0 0.0 723.0 6.0 0.0 0.5092761004001454
38 43 40 0.0 0.0 172.0 0.0 4030.0 15.0 145.0 0.22628091158881522
38 43 41 0.0 0.0 96.0 0.0 2139.0 14.0 24.0 0.3315963998105163
38 43 42 0.0 0.0 10.0 0.0 223.0 4.0 0.0 0.6280843427545983
38 43 43 0.0 0.0 0.0 0.0 3.0 0.0 0.0 0.6989515726410384
38 44 38 0.0 0.0 0.0 0.0 5.0 0.0 0.0 0.6982543640897755
38 44 39 0.0 0.0 0.0 0.0 19.0 0.0 0.0 0.6934125804853887
38 44 40 0.0 0.0 3.0 0.0 72.0 1.0 0.0 0.6750241080038573
38 44 41 0.0 0.0 4.0 0.0 69.0 0.0 0.0 0.6753497346840327
38 44 42 0.0 0.0 0.0 0.0 3.0 0.0 0.0 0.6989515726410384
39 36 37 0.0 0.0 0.0 0.0 13.0 0.0 0.0 0.695479384003974
39 36 38 0.0 0.0 0.0 0.0 3.0 0.0 0.0 0.6989515726410384
39 36 39 0.0 0.0 0.0 0.0 9.0 0.0 0.0 0.6968641114982577
39 36 40 0.0 0.0 1.0 0.0 59.0 1.0 0.0 0.6799417192812044
39 36 41 0.0 0.0 10.0 0.0 299.0 4.0 1.0 0.6073752711496745
39 36 42 0.0 0.0 1.0 0.0 43.0 0.0 0.0 0.684931506849315
39 36 43 0.0 0.0 0.0 0.0 4.0 0.0 0.0 0.6986027944111775
39 37 36 0.0 0.0 0.0 0.0 4.0 0.0 0.0 0.6986027944111775
39 37 37 0.0 0.0 96.0 0.0 1891.0 14.0 26.0 0.35237855524792344
39 37 38 0.0 0.0 64.0 0.0 1510.0 14.0 10.0 0.3932584269662921
39 37 39 0.0 0.0 18.0 0.0 664.0 4.0 3.0 0.5227781926811051
39 37 40 0.0 0.0 242.0 0.0 5392.0 9.0 338.0 0.18348623853211005
39 37 41 0.0 0.0 496.0 0.0 9122.0 20.0 1740.0 0.120627261761158
39 37 42 0.0 0.0 295.0 0.0 5918.0 27.0 447.0 0.17094017094017094
39 37 43 0.0 0.0 4.0 0.0 253.0 1.0 1.0 0.6205673758865247
39 37 44 0.0 0.0 0.0 0.0 1.0 0.0 0.0 0.6996501749125437
39 38 36 0.0 0.0 1.0 0.0 43.0 0.0 0.0 0.6856023506366307
39 38 37 0.0 0.0 286.0 0.0 6676.0 13.0 801.0 0.1563721657544957
39 38 38 0.0 0.0 295.0 0.0 6192.0 24.0 474.0 0.16532829475673122
39 38 39 0.0 0.0 501.0 0.0 9643.0 24.0 2310.0 0.11536876802636999
39 38 40 0.0 0.0 1030.0 0.0 12707.0 31.0 10220.0 0.0889905924230867
39 38 41 0.0 0.0 828.0 0.0 12044.0 24.0 7011.0 0.0940986691759645
39 38 42 0.0 0.0 268.0 0.0 6492.0 19.0 648.0 0.16010978956999083
39 38 43 0.0 0.0 4.0 0.0 176.0 2.0 0.0 0.6427915518824608
39 38 44 0.0 0.0 60.0 0.0 1114.0 9.0 7.0 0.44233807266982617
39 39 36 0.0 0.0 13.0 0.0 297.0 4.0 0.0 0.6071118820468342
39 39 37 0.0 0.0 264.0 0.0 5075.0 22.0 258.0 0.19117847876553323
39 39 38 0.0 0.0 581.0 0.0 10164.0 21.0 2709.0 0.10992462311557787
39 39 39 0.0 0.0 1163.0 3.0 12544.0 33.0 14381.0 0.08907552331869949
39 39 40 0.0 0.0 1891.0 1.0 12058.0 47.0 30598.0 0.08775228782750406
39 39 41 0.0 0.0 1484.0 0.0 12562.0 41.0 20662.0 0.08728723735893758
39 39 42 0.0 0.0 347.0 0.0 7579.0 24.0 939.0 0.1412856998688061
39 39 43 0.0 0.0 40.0 0.0 1039.0 9.0 9.0 0.4561746497230368
39 39 44 0.0 0.0 0.0 0.0 1.0 0.0 0.0 0.6996501749125437
39 40 36 0.0 0.0 0.0 0.0 27.0 0.0 0.0 0.6906758756783422
39 40 37 0.0 0.0 88.0 0.0 2324.0 14.0 44.0 0.3183265120509322
39 40 38 0.0 0.0 747.0 0.0 11720.0 27.0 5916.0 0.09683220362429104
39 40 39 2.0 0.0 2005.0 0.0 11681.0 57.0 35167.0 0.08931989281612861
39 40 40 1.0 0.0 1511.0 1.0 12405.0 41.0 21993.0 0.08794522268986744
39 40 41 1.0 0.0 942.0 0.0 12428.0 36.0 10141.0 0.0910924588457284
39 40 42 0.0 0.0 515.0 0.0 9614.0 24.0 2346.0 0.11553061561313747
39 40 43 0.0 0.0 3.0 0.0 175.0 1.0 0.0 0.6430868167202571
39 40 44 0.0 0.0 0.0 0.0 11.0 0.0 0.0 0.6961710591745399
39 41 36 0.0 0.0 0.0 0.0 8.0 0.0 0.0 0.697211155378486
39 41 37 0.0 0.0 92.0 0.0 2306.0 7.0 37.0 0.31890660592255116
39 41 38 0.0 0.0 547.0 0.0 9889.0 31.0 2408.0 0.11275773195876287
39 41 39 0.0 0.0 1337.0 0.0 13023.0 54.0 15524.0 0.08560596795890912
39 41 40 0.0 0.0 1561.0 1.0 12516.0 26.0 22261.0 0.08695652173913042
39 41 41 0.0 0.0 1295.0 0.0 12799.0 43.0 16406.0 0.08698893997763141
39 41 42 0.0 0.0 316.0 0.0 7154.0 21.0 799.0 0.14800718892060472
39 41 43 0.0 0.0 223.0 0.0 4537.0 18.0 208.0 0.2075919335705812
39 41 44 0.0 0.0 0.0 0.0 8.0 0.0 0.0 0.697211155378486
39 42 36 0.0 0.0 0.0 0.0 11.0 0.0 0.0 0.6961710591745399
39 42 37 0.0 0.0 39.0 0.0 1037.0 6.0 6.0 0.4560260586319217
39 42 38 0.0 0.0 397.0 0.0 7437.0 20.0 888.0 0.14263881813550686
39 42 39 0.0 0.0 380.0 1.0 8182.0 28.0 1439.0 0.13280212483399734
39 42 40 0.0 0.0 700.0 0.0 11235.0 28.0 4967.0 0.10056748796781839
39 42 41 0.0 0.0 400.0 0.0 8622.0 13.0 1731.0 0.12707633657075426
39 42 42 0.0 0.0 111.0 0.0 3168.0 14.0 141.0 0.26585643752373717
39 42 43 0.0 0.0 0.0 0.0 29.0 0.0 0.0 0.6899950714637751
39 42 44 0.0 0.0 0.0 0.0 7.0 0.0 0.0 0.6975585450921773
39 43 36 0.0 0.0 0.0 0.0 1.0 0.0 0.0 0.6996501749125437
39 43 37 0.0 0.0 0.0 0.0 11.0 0.0 0.0 0.6961710591745399
39 43 38 0.0 0.0 10.0 0.0 383.0 3.0 1.0 0.5857740585774057
39 43 39 0.0 0.0 167.0 0.0 3731.0 11.0 126.0 0.23785253143051305
39 43 40 0.0 0.0 452.0 0.0 8573.0 20.0 1446.0 0.12716868017076935
39 43 41 0.0 0.0 47.0 0.0 1234.0 12.0 7.0 0.42826552462526757
39 43 42 0.0 0.0 163.0 0.0 3657.0 25.0 102.0 0.2415042263239606
39 43 43 0.0 0.0 0.0 0.0 3.0 0.0 0.0 0.6989515726410384
39 44 38 0.0 0.0 0.0 0.0 8.0 0.0 0.0 0.697211155378486
39 44 39 0.0 0.0 12.0 0.0 283.0 3.0 1.0 0.6108202443280977
39 44 40 0.0 0.0 11.0 0.0 216.0 4.0 0.0 0.6297795771479981
39 44 41 0.0 0.0 114.0 0.0 2694.0 10.0 45.0 0.2917274432173369
39 44 42 0.0 0.0 14.0 0.0 377.0 6.0 0.0 0.5870020964360586
39 44 43 0.0 0.0 0.0 0.0 2.0 0.0 0.0 0.6993006993006992
40 35 39 0.0 0.0 0.0 0.0 1.0 0.0 0.0 0.6996501749125437
40 35 40 0.0 0.0 0.0 0.0 1.0 0.0 0.0 0.6996501749125437
40 36 36 0.0 0.0 0.0 0.0 1.0 0.0 0.0 0.6996501749125437
40 36 37 0.0 0.0 0.0 0.0 2.0 0.0 0.0 0.6993006993006992
40 36 38 0.0 0.0 2.0 0.0 69.0 0.0 0.0 0.6760019314340897
40 36 39 0.0 0.0 4.0 0.0 111.0 1.0 0.0 0.662251655629139
40 36 40 0.0 0.0 3.0 0.0 75.0 0.0 0.0 0.6737247353224253
40 36 41 0.0 0.0 17.0 0.0 693.0 2.0 5.0 0.5171776874769116
40 36 42 0.0 0.0 1.0 0.0 25.0 0.0 0.0 0.6910167818361302
40 36 43 0.0 0.0 0.0 0.0 5.0 0.0 0.0 0.6982543640897755
40 37 36 0.0 0.0 0.0 0.0 5.0 0.0 0.0 0.6982543640897755
40 37 37 0.0 0.0 7.0 0.0 141.0 3.0 0.0 0.6526806526806526
40 37 38 0.0 0.0 284.0 0.0 5914.0 28.0 446.0 0.17131669114047965
40 37 39 0.0 0.0 120.0 0.0 2452.0 12.0 34.0 0.3070848870366308
40 37 40 0.0 0.0 141.0 0.0 3413.0 26.0 95.0 0.2530730296456977
40 37 41 0.0 0.0 402.0 0.0 8384.0 21.0 1467.0 0.12995451591942817
40 37 42 0.0 0.0 156.0 0.0 2962.0 20.0 59.0 0.27461749705766964
40 37 43 0.0 0.0 24.0 0.0 586.0 3.0 3.0 0.5370157268891445
40 37 44 0.0 0.0 1.0 0.0 37.0 0.0 0.0 0.6869479882237487
40 38 36 0.0 0.0 0.0 0.0 18.0 0.0 0.0 0.6937561942517343
40 38 37 0.0 0.0 13.0 0.0 418.0 3.0 2.0 0.5766062602965403
40 38 38 0.0 0.0 828.0 0.0 12046.0 45.0 7891.0 0.09425070688030159
40 38 39 0.0 0.0 396.0 0.0 7952.0 19.0 1147.0 0.1355013550135501
40 38 40 1.0 0.0 766.0 0.0 11746.0 29.0 5798.0 0.09653175205129973
40 38 41 0.0 0.0 821.0 0.0 12057.0 31.0 6865.0 0.09414296281352967
40 38 42 0.0 0.0 903.0 0.0 12356.0 34.0 7065.0 0.09180327868852459
40 38 43 0.0 0.0 182.0 0.0 4743.0 19.0 278.0 0.20272227048942942
40 38 44 0.0 0.0 0.0 0.0 22.0 0.0 0.0 0.6923837784371908
40 39 36 0.0 0.0 5.0 0.0 137.0 1.0 0.0 0.6539000467071461
40 39 37 0.0 0.0 134.0 0.0 3376.0 24.0 92.0 0.2552415679124886
40 39 38 0.0 0.0 530.0 0.0 10042.0 26.0 2847.0 0.1115271249900422
40 39 39 0.0 0.0 1441.0 1.0 12377.0 39.0 21522.0 0.08856275303643724
40 39 40 0.0 0.0 1770.0 1.0 12669.0 45.0 24694.0 0.08509603695599319
40 39 41 0.0 0.0 1835.0 1.0 12269.0 57.0 28432.0 0.08697272783748523
40 39 42 0.0 0.0 836.0 0.0 12103.0 27.0 5609.0 0.09377093101138645
40 39 43 0.0 0.0 240.0 0.0 5710.0 13.0 432.0 0.17636684303350966
40 39 44 0.0 0.0 0.0 0.0 26.0 0.0 0.0 0.6910167818361302
40 40 36 0.0 0.0 48.0 0.0 1070.0 13.0 5.0 0.4507405022537025
40 40 37 0.0 0.0 415.0 0.0 8817.0 18.0 1927.0 0.12479942948832232
40 40 38 0.0 0.0 626.0 0.0 10877.0 24.0 4029.0 0.1037113860285947
40 40 39 1.0 0.0 1205.0 0.0 12882.0 37.0 15151.0 0.0870430241233524
40 40 40 8.0 9.0 3110.0 18.0 8742.0 60.0 71655.0 0.10062531445410766
40 40 41 0.0 0.0 1123.0 1.0 12696.0 38.0 13512.0 0.08856275303643724
40 40 42 0.0 0.0 519.0 0.0 9866.0 20.0 2840.0 0.11308562197092083
40 40 43 0.0 0.0 71.0 0.0 2186.0 11.0 26.0 0.32979976442873965
40 40 44 0.0 0.0 0.0 0.0 20.0 0.0 0.0 0.6930693069306929
40 41 36 0.0 0.0 5.0 0.0 112.0 4.0 0.0 0.6625650733554187
40 41 37 0.0 0.0 351.0 0.0 7249.0 32.0 919.0 0.14621409921671016
40 41 38 0.0 0.0 865.0 0.0 12121.0 32.0 6676.0 0.09348914858096827
40 41 39 0.0 0.0 1173.0 3.0 13071.0 24.0 12398.0 0.08614324390844202
40 41 40 0.0 4.0 1373.0 23.0 12822.0 37.0 18056.0 0.08626532750015403
40 41 41 0.0 0.0 1440.0 0.0 12570.0 54.0 19274.0 0.08754377188594296
40 41 42 0.0 0.0 403.0 0.0 7733.0 18.0 1109.0 0.1382716049382716
40 41 43 0.0 0.0 210.0 0.0 4995.0 10.0 287.0 0.19439044709802833
40 41 44 0.0 0.0 0.0 0.0 19.0 0.0 0.0 0.6934125804853887
40 42 35 0.0 0.0 0.0 0.0 1.0 0.0 0.0 0.6996501749125437
40 42 36 0.0 0.0 87.0 0.0 1539.0 15.0 5.0 0.3877042370534477
40 42 37 0.0 0.0 87.0 0.0 2469.0 14.0 53.0 0.30816640986132504
40 42 38 0.0 0.0 283.0 0.0 6207.0 14.0 544.0 0.16515276630883563
40 42 39 0.0 0.0 913.0 0.0 12229.0 35.0 10113.0 0.09251305094825876
40 42 40 0.0 0.0 453.0 3.0 8683.0 37.0 1679.0 0.12603528988116672
40 42 41 0.0 0.0 814.0 0.0 12085.0 22.0 6041.0 0.09397234528124579
40 42 42 0.0 0.0 142.0 0.0 3228.0 21.0 82.0 0.2617311647036829
40 42 43 0.0 0.0 8.0 0.0 153.0 3.0 0.0 0.6487488415199257
40 42 44 0.0 0.0 8.0 0.0 221.0 3.0 0.0 0.6292134831460673
40 43 36 0.0 0.0 0.0 0.0 1.0 0.0 0.0 0.6996501749125437
40 43 37 0.0 0.0 3.0 0.0 109.0 2.0 0.0 0.6635071090047392
40 43 38 0.0 0.0 1.0 0.0 138.0 0.0 0.0 0.6545114539504441
40 43 39 0.0 0.0 196.0 0.0 4025.0 21.0 142.0 0.22580645161290316
40 43 40 0.0 0.0 371.0 0.0 7446.0 19.0 865.0 0.14275517487508918
40 43 41 0.0 0.0 125.0 0.0 2609.0 15.0 38.0 0.29673590504451036
40 43 42 0.0 0.0 18.0 0.0 453.0 6.0 1.0 0.5679513184584178
40 43 43 0.0 0.0 0.0 0.0 11.0 0.0 0.0 0.6965174129353233
40 44 38 0.0 0.0 0.0 0.0 1.0 0.0 0.0 0.6996501749125437
40 44 39 0.0 0.0 14.0 0.0 292.0 8.0 0.0 0.609225413402959
40 44 40 0.0 0.0 6.0 0.0 117.0 0.0 0.0 0.6594441827602449
40 44 41 0.0 0.0 0.0 0.0 16.0 0.0 0.0 0.6944444444444444
40 44 42 0.0 0.0 2.0 0.0 16.0 0.0 0.0 0.6937561942517343
40 44 43 0.0 0.0 0.0 0.0 3.0 0.0 0.0 0.6989515726410384
40 45 40 0.0 0.0 0.0 0.0 1.0 0.0 0.0 0.6996501749125437
40 45 41 0.0 0.0 0.0 0.0 2.0 0.0 0.0 0.6993006993006992
41 35 39 0.0 0.0 0.0 0.0 1.0 0.0 0.0 0.6996501749125437
41 35 40 0.0 0.0 0.0 0.0 6.0 0.0 0.0 0.6979062811565303
41 36 37 0.0 0.0 0.0 0.0 4.0 0.0 0.0 0.6986027944111775
41 36 38 0.0 0.0 0.0 0.0 25.0 0.0 0.0 0.6913580246913579
41 36 39 0.0 0.0 143.0 0.0 4013.0 10.0 178.0 0.2276792974467393
41 36 40 0.0 0.0 8.0 0.0 173.0 0.0 0.0 0.6422018348623851
41 36 41 0.0 0.0 0.0 0.0 47.0 0.0 0.0 0.6839276990718123
41 36 42 0.0 0.0 0.0 0.0 40.0 0.0 0.0 0.6866110838646394
41 36 43 0.0 0.0 4.0 0.0 122.0 2.0 1.0 0.6591337099811675
41 37 36 0.0 0.0 0.0 0.0 1.0 0.0 0.0 0.6996501749125437
41 37 37 0.0 0.0 3.0 0.0 71.0 2.0 0.0 0.6756756756756755
41 37 38 0.0 0.0 14.0 0.0 545.0 1.0 0.0 0.5475166210402814
41 37 39 0.0 0.0 298.0 0.0 6748.0 12.0 812.0 0.1548158796859449
41 37 40 0.0 0.0 188.0 0.0 4592.0 14.0 219.0 0.20691693762932303
41 37 41 0.0 0.0 241.0 0.0 5143.0 25.0 326.0 0.1902173913043478
41 37 42 0.0 0.0 316.0 0.0 6039.0 21.0 422.0 0.16792611251049536
41 37 43 0.0 0.0 146.0 0.0 3074.0 19.0 80.0 0.269179004037685
41 37 44 0.0 0.0 0.0 0.0 14.0 0.0 0.0 0.6951340615690167
41 38 37 0.0 0.0 103.0 0.0 2147.0 18.0 28.0 0.330812854442344
41 38 38 0.0 0.0 271.0 0.0 6044.0 20.0 504.0 0.16873568759792693
41 38 39 0.0 0.0 628.0 0.0 10745.0 23.0 4019.0 0.10472770795930579
41 38 40 0.0 0.0 933.0 0.0 12383.0 21.0 8551.0 0.09136592051164914
41 38 41 0.0 0.0 839.0 0.0 12119.0 27.0 7889.0 0.09360791655522865
41 38 42 0.0 0.0 898.0 0.0 12107.0 33.0 9816.0 0.09332089054792693
41 38 43 0.0 0.0 230.0 0.0 5278.0 20.0 361.0 0.18689093578961416
41 38 44 0.0 0.0 19.0 0.0 406.0 5.0 1.0 0.5787515502273666
41 39 36 0.0 0.0 21.0 0.0 336.0 9.0 0.0 0.5965061780997016
41 39 37 0.0 0.0 33.0 0.0 718.0 8.0 1.0 0.5103900838497994
41 39 38 0.0 0.0 550.0 0.0 9947.0 14.0 2514.0 0.11204481792717084
41 39 39 0.0 0.0 1071.0 2.0 12619.0 40.0 11747.0 0.08922880815806246
41 39 40 0.0 0.0 1993.0 0.0 11557.0 41.0 33619.0 0.08997429305912595
41 39 41 1.0 0.0 2400.0 0.0 10676.0 65.0 45694.0 0.09290596589023822
41 39 42 0.0 0.0 956.0 0.0 12684.0 35.0 8662.0 0.08961720650364868
41 39 43 0.0 0.0 219.0 0.0 5171.0 24.0 330.0 0.1900108577633007
41 39 44 0.0 0.0 8.0 0.0 272.0 0.0 0.0 0.6140350877192982
41 40 35 0.0 0.0 0.0 0.0 1.0 0.0 0.0 0.6996501749125437
41 40 36 0.0 0.0 118.0 0.0 2895.0 14.0 82.0 0.28005601120224044
41 40 37 0.0 0.0 137.0 0.0 3121.0 15.0 77.0 0.26707363601678746
41 40 38 0.0 0.0 701.0 0.0 11426.0 19.0 5269.0 0.0991150442477876
41 40 39 0.0 0.0 1619.0 0.0 12220.0 35.0 25046.0 0.08829465186680119
41 40 40 0.0 0.0 970.0 9.0 12775.0 34.0 7976.0 0.08895101340618844
41 40 41 0.0 0.0 1501.0 1.0 12684.0 44.0 20280.0 0.08647313156269301
41 40 42 0.0 0.0 1121.0 0.0 12659.0 31.0 13015.0 0.08870865543023697
41 40 43 0.0 0.0 439.0 0.0 8730.0 25.0 1844.0 0.12551551013089474
41 40 44 0.0 0.0 54.0 0.0 1155.0 8.0 4.0 0.437363323961262
41 41 36 0.0 0.0 1.0 0.0 65.0 0.0 0.0 0.6776379477250725
41 41 37 0.0 0.0 346.0 0.0 7060.0 24.0 726.0 0.14915832090347322
41 41 38 0.0 0.0 528.0 0.0 9882.0 38.0 2719.0 0.1130673558391213
41 41 39 0.0 0.0 1282.0 1.0 12642.0 48.0 15559.0 0.08793417498900821
41 41 40 0.0 0.0 1717.0 0.0 11728.0 43.0 29258.0 0.09059729502361999
41 41 41 0.0 1.0 899.0 10.0 12211.0 29.0 6059.0 0.09261096778461334
41 41 42 0.0 0.0 354.0 0.0 7142.0 22.0 779.0 0.14771048744460855
41 41 43 0.0 0.0 154.0 0.0 3290.0 12.0 90.0 0.25768452052273144
41 41 44 0.0 0.0 1.0 0.0 25.0 0.0 0.0 0.6910167818361302
41 41 45 0.0 0.0 0.0 0.0 1.0 0.0 0.0 0.6996501749125437
41 42 36 0.0 0.0 27.0 0.0 464.0 8.0 0.0 0.5638340716874747
41 42 37 0.0 0.0 84.0 0.0 1891.0 8.0 17.0 0.3527336860670193
41 42 38 0.0 0.0 136.0 0.0 3367.0 9.0 96.0 0.254730713245997
41 42 39 0.0 0.0 297.0 0.0 6438.0 23.0 598.0 0.16058729066299607
41 42 40 0.0 0.0 449.0 0.0 9226.0 18.0 2053.0 0.11997600479904018
41 42 41 0.0 0.0 487.0 0.0 9063.0 31.0 1707.0 0.1214329083181542
41 42 42 0.0 0.0 76.0 0.0 2202.0 14.0 40.0 0.3281762775433661
41 42 43 0.0 0.0 6.0 0.0 67.0 2.0 0.0 0.6760019314340897
41 42 44 0.0 0.0 0.0 0.0 2.0 0.0 0.0 0.6993006993006992
41 43 37 0.0 0.0 0.0 0.0 6.0 0.0 0.0 0.6979062811565303
41 43 38 0.0 0.0 5.0 0.0 190.0 0.0 1.0 0.6378132118451024
41 43 39 0.0 0.0 185.0 0.0 3661.0 28.0 90.0 0.24063251976624264
41 43 40 0.0 0.0 21.0 0.0 692.0 10.0 4.0 0.5179430262671106
41 43 41 0.0 0.0 69.0 0.0 1617.0 9.0 21.0 0.38064165307232184
41 43 42 0.0 0.0 137.0 0.0 2714.0 16.0 55.0 0.28943560057887113
41 43 43 0.0 0.0 0.0 0.0 2.0 0.0 0.0 0.6993006993006992
41 44 38 0.0 0.0 5.0 0.0 94.0 4.0 0.0 0.6682577565632457
41 44 39 0.0 0.0 0.0 0.0 1.0 0.0 0.0 0.6996501749125437
41 44 40 0.0 0.0 0.0 0.0 15.0 1.0 0.0 0.6951340615690167
41 44 41 0.0 0.0 3.0 0.0 31.0 2.0 0.0 0.6889763779527558
41 44 42 0.0 0.0 0.0 0.0 1.0 0.0 0.0 0.6996501749125437
41 44 43 0.0 0.0 0.0 0.0 3.0 0.0 0.0 0.6989515726410384
42 35 38 0.0 0.0 0.0 0.0 2.0 0.0 0.0 0.6993006993006992
42 35 39 0.0 0.0 0.0 0.0 1.0 0.0 0.0 0.6996501749125437
42 35 40 0.0 0.0 0.0 0.0 1.0 0.0 0.0 0.6996501749125437
42 36 38 0.0 0.0 0.0 0.0 12.0 0.0 0.0 0.6958250497017892
42 36 39 0.0 0.0 58.0 0.0 1209.0 10.0 9.0 0.42984341418483263
42 36 40 0.0 0.0 1.0 0.0 74.0 0.0 0.0 0.6746987951807227
42 36 41 0.0 0.0 13.0 0.0 350.0 0.0 0.0 0.5924672027084215
42 36 42 0.0 0.0 0.0 0.0 19.0 0.0 0.0 0.6934125804853887
42 36 43 0.0 0.0 0.0 0.0 14.0 0.0 0.0 0.6951340615690167
42 36 44 0.0 0.0 0.0 0.0 6.0 0.0 0.0 0.6979062811565303
42 37 37 0.0 0.0 0.0 0.0 9.0 0.0 0.0 0.6968641114982577
42 37 38 0.0 0.0 3.0 0.0 133.0 0.0 0.0 0.6554307116104868
42 37 39 0.0 0.0 227.0 0.0 4460.0 20.0 157.0 0.20992652571599937
42 37 40 0.0 0.0 519.0 0.0 9467.0 21.0 2426.0 0.11688094840540991
42 37 41 0.0 0.0 397.0 0.0 7767.0 20.0 1117.0 0.1379310344827586
42 37 42 0.0 0.0 63.0 0.0 1618.0 8.0 18.0 0.38126361655773416
42 37 43 0.0 0.0 182.0 0.0 4961.0 23.0 351.0 0.19657399606852008
42 37 44 0.0 0.0 0.0 0.0 8.0 0.0 0.0 0.697211155378486
42 38 36 0.0 0.0 0.0 0.0 2.0 0.0 0.0 0.6993006993006992
42 38 37 0.0 0.0 0.0 0.0 32.0 0.0 0.0 0.6889763779527558
42 38 38 0.0 0.0 184.0 0.0 4518.0 18.0 232.0 0.20945541591861155
42 38 39 0.0 0.0 362.0 0.0 8135.0 26.0 1480.0 0.13365155131264914
42 38 40 0.0 0.0 921.0 0.0 12264.0 26.0 10235.0 0.09214769959849929
42 38 41 0.0 0.0 1088.0 0.0 12720.0 37.0 11471.0 0.08858516831181978
42 38 42 0.0 0.0 326.0 0.0 7165.0 15.0 920.0 0.14769490452579384
42 38 43 0.0 0.0 29.0 0.0 1009.0 3.0 7.0 0.46128500823723223
42 38 44 0.0 0.0 0.0 0.0 12.0 0.0 0.0 0.6958250497017892
42 39 37 0.0 0.0 93.0 0.0 2386.0 10.0 37.0 0.31319910514541377
42 39 38 0.0 0.0 203.0 0.0 4395.0 19.0 183.0 0.21283064761325626
42 39 39 0.0 0.0 620.0 0.0 10422.0 25.0 3129.0 0.10751036707111042
42 39 40 0.0 0.0 981.0 0.0 12543.0 31.0 10369.0 0.09022362570084422
42 39 41 0.0 0.0 842.0 0.0 12125.0 32.0 6985.0 0.0935891436593355
42 39 42 0.0 0.0 1053.0 0.0 12789.0 32.0 11265.0 0.08840058091810316
42 39 43 0.0 0.0 76.0 0.0 1899.0 10.0 16.0 0.35317860746720475
42 39 44 0.0 0.0 2.0 0.0 81.0 1.0 0.0 0.6724303554274734
42 40 36 0.0 0.0 0.0 0.0 16.0 0.0 0.0 0.6944444444444444
42 40 37 0.0 0.0 37.0 0.0 780.0 5.0 2.0 0.4976892996800568
42 40 38 0.0 0.0 623.0 0.0 10931.0 29.0 4456.0 0.10336680448907264
42 40 39 0.0 0.0 642.0 0.0 10919.0 24.0 3499.0 0.10329054153755349
42 40 40 0.0 0.0 863.0 0.0 12185.0 31.0 8129.0 0.09314703925482366
42 40 41 0.0 0.0 923.0 0.0 12529.0 26.0 7511.0 0.09062661833247021
42 40 42 0.0 0.0 811.0 0.0 12025.0 24.0 6544.0 0.09436505796710702
42 40 43 0.0 0.0 228.0 0.0 5341.0 13.0 302.0 0.18525870054254331
42 40 44 0.0 0.0 30.0 0.0 543.0 4.0 1.0 0.544959128065395
42 41 36 0.0 0.0 0.0 0.0 7.0 0.0 0.0 0.6975585450921773
42 41 37 0.0 0.0 8.0 0.0 313.0 3.0 0.0 0.6042296072507551
42 41 38 0.0 0.0 342.0 0.0 7430.0 20.0 1004.0 0.14344262295081966
42 41 39 0.0 0.0 521.0 0.0 9336.0 29.0 1844.0 0.1182632201385369
42 41 40 0.0 0.0 475.0 0.0 9479.0 20.0 2605.0 0.11721366376423306
42 41 41 0.0 0.0 130.0 1.0 3400.0 8.0 120.0 0.25348542458808615
42 41 42 0.0 0.0 417.0 0.0 8736.0 19.0 1828.0 0.12568453182511893
42 41 43 0.0 0.0 112.0 0.0 2394.0 15.0 28.0 0.31166518254674974
42 41 44 0.0 0.0 1.0 0.0 14.0 0.0 0.0 0.694789081885856
42 42 36 0.0 0.0 0.0 0.0 13.0 0.0 0.0 0.695479384003974
42 42 37 0.0 0.0 0.0 0.0 63.0 0.0 0.0 0.6789524733268669
42 42 38 0.0 0.0 334.0 0.0 7341.0 22.0 919.0 0.1449725587656622
42 42 39 0.0 0.0 381.0 0.0 8107.0 24.0 1403.0 0.13374092472296523
42 42 40 0.0 0.0 130.0 0.0 3486.0 25.0 148.0 0.2503576537911301
42 42 41 0.0 0.0 463.0 0.0 9004.0 17.0 1833.0 0.12214273250741578
42 42 42 0.0 0.0 24.0 0.0 457.0 9.0 0.0 0.5663430420711973
42 42 43 0.0 0.0 0.0 0.0 31.0 0.0 0.0 0.6893156080748399
42 43 36 0.0 0.0 0.0 0.0 1.0 0.0 0.0 0.6996501749125437
42 43 37 0.0 0.0 0.0 0.0 7.0 0.0 0.0 0.6975585450921773
42 43 38 0.0 0.0 4.0 0.0 110.0 0.0 0.0 0.662251655629139
42 43 39 0.0 0.0 5.0 0.0 120.0 1.0 0.0 0.6591337099811675
42 43 40 0.0 0.0 0.0 0.0 74.0 0.0 1.0 0.6750241080038573
42 43 41 0.0 0.0 28.0 0.0 617.0 5.0 0.0 0.5303030303030303
42 43 42 0.0 0.0 11.0 0.0 357.0 5.0 1.0 0.5924672027084215
42 43 43 0.0 0.0 0.0 0.0 1.0 0.0 0.0 0.6996501749125437
42 44 38 0.0 0.0 0.0 0.0 1.0 0.0 0.0 0.6996501749125437
42 44 40 0.0 0.0 1.0 0.0 3.0 0.0 0.0 0.6986027944111775
42 44 41 0.0 0.0 0.0 0.0 1.0 0.0 0.0 0.6996501749125437
43 36 38 0.0 0.0 0.0 0.0 2.0 0.0 0.0 0.6993006993006992
43 36 39 0.0 0.0 12.0 0.0 215.0 5.0 0.0 0.63006300630063
43 36 40 0.0 0.0 0.0 0.0 17.0 0.0 0.0 0.694100148735746
43 36 41 0.0 0.0 3.0 0.0 79.0 0.0 0.0 0.6724303554274734
43 36 42 0.0 0.0 1.0 0.0 11.0 2.0 0.0 0.6965174129353233
43 36 43 0.0 0.0 0.0 0.0 2.0 0.0 0.0 0.6993006993006992
43 36 44 0.0 0.0 0.0 0.0 1.0 0.0 0.0 0.6996501749125437
43 37 38 0.0 0.0 1.0 0.0 28.0 0.0 0.0 0.6899950714637751
43 37 39 0.0 0.0 7.0 0.0 151.0 5.0 1.0 0.6505576208178437
43 37 40 0.0 0.0 65.0 0.0 1408.0 13.0 19.0 0.4046242774566473
43 37 41 0.0 0.0 85.0 0.0 1977.0 11.0 33.0 0.34559368057269807
43 37 42 0.0 0.0 6.0 0.0 233.0 2.0 1.0 0.6258381761287437
43 37 43 0.0 0.0 56.0 0.0 1267.0 13.0 11.0 0.4229607250755286
43 37 44 0.0 0.0 0.0 0.0 2.0 0.0 0.0 0.6993006993006992
43 38 38 0.0 0.0 19.0 0.0 269.0 5.0 0.0 0.6132282084975909
43 38 39 0.0 0.0 22.0 0.0 857.0 6.0 9.0 0.487634970393591
43 38 40 0.0 0.0 190.0 0.0 4139.0 21.0 178.0 0.22190521477254713
43 38 41 0.0 0.0 221.0 0.0 5608.0 15.0 395.0 0.17909684022003322
43 38 42 0.0 0.0 153.0 0.0 4097.0 18.0 174.0 0.2245028864656831
43 38 43 0.0 0.0 132.0 0.0 2698.0 21.0 58.0 0.2911208151382823
43 38 44 0.0 0.0 0.0 0.0 10.0 0.0 0.0 0.6965174129353233
43 39 36 0.0 0.0 0.0 0.0 1.0 0.0 0.0 0.6996501749125437
43 39 37 0.0 0.0 0.0 0.0 38.0 0.0 0.0 0.6869479882237487
43 39 38 0.0 0.0 26.0 0.0 727.0 7.0 2.0 0.5098324836125272
43 39 39 0.0 0.0 174.0 0.0 4056.0 26.0 147.0 0.22562449637389198
43 39 40 0.0 0.0 362.0 0.0 7585.0 22.0 1084.0 0.1409301389168512
43 39 41 0.0 0.0 169.0 0.0 3773.0 22.0 130.0 0.23636670606111762
43 39 42 0.0 0.0 320.0 0.0 6674.0 17.0 629.0 0.1558499387732383
43 39 43 0.0 0.0 221.0 0.0 4833.0 16.0 248.0 0.19886363636363635
43 39 44 0.0 0.0 0.0 0.0 11.0 0.0 0.0 0.6961710591745399
43 40 36 0.0 0.0 0.0 0.0 8.0 0.0 0.0 0.697211155378486
43 40 37 0.0 0.0 14.0 0.0 273.0 4.0 0.0 0.6132282084975909
43 40 38 0.0 0.0 174.0 0.0 3894.0 22.0 148.0 0.23140495867768593
43 40 39 0.0 0.0 181.0 0.0 3532.0 20.0 109.0 0.2460024600246002
43 40 40 0.0 0.0 201.0 0.0 4940.0 15.0 291.0 0.1964360881156166
43 40 41 0.0 0.0 388.0 0.0 8101.0 24.0 1297.0 0.13370260720084037
43 40 42 0.0 0.0 142.0 0.0 3239.0 14.0 66.0 0.26085336314514623
43 40 43 0.0 0.0 108.0 0.0 2267.0 26.0 26.0 0.32176511146862785
43 40 44 0.0 0.0 1.0 0.0 40.0 1.0 0.0 0.6862745098039215
43 41 36 0.0 0.0 0.0 0.0 5.0 0.0 0.0 0.6982543640897755
43 41 37 0.0 0.0 291.0 0.0 5945.0 27.0 510.0 0.17046146353342256
43 41 38 0.0 0.0 7.0 0.0 206.0 3.0 0.0 0.6334841628959276
43 41 39 0.0 0.0 175.0 0.0 3434.0 24.0 90.0 0.2506265664160401
43 41 40 0.0 0.0 447.0 0.0 7877.0 27.0 842.0 0.13588275259633115
43 41 41 0.0 0.0 15.0 0.0 650.0 3.0 2.0 0.5261180007515971
43 41 42 0.0 0.0 64.0 0.0 1881.0 11.0 24.0 0.355691056910569
43 41 43 0.0 0.0 22.0 0.0 552.0 7.0 3.0 0.5453837164004673
43 41 44 0.0 0.0 0.0 0.0 6.0 0.0 0.0 0.6979062811565303
43 42 36 0.0 0.0 0.0 0.0 1.0 0.0 0.0 0.6996501749125437
43 42 37 0.0 0.0 1.0 0.0 74.0 0.0 0.0 0.6746987951807227
43 42 38 0.0 0.0 11.0 0.0 215.0 5.0 0.0 0.6303466906798738
43 42 39 0.0 0.0 77.0 0.0 1913.0 11.0 19.0 0.35184719778838897
43 42 40 0.0 0.0 21.0 0.0 858.0 6.0 4.0 0.48729550991994425
43 42 41 0.0 0.0 2.0 0.0 69.0 1.0 0.0 0.6763285024154588
43 42 42 0.0 0.0 0.0 0.0 33.0 0.0 0.0 0.6886374815543531
43 42 43 0.0 0.0 0.0 0.0 17.0 0.0 0.0 0.694100148735746
43 43 35 0.0 0.0 0.0 0.0 1.0 0.0 0.0 0.6996501749125437
43 43 37 0.0 0.0 0.0 0.0 10.0 0.0 0.0 0.6965174129353233
43 43 38 0.0 0.0 0.0 0.0 16.0 0.0 0.0 0.6944444444444444
43 43 39 0.0 0.0 0.0 0.0 37.0 0.0 0.0 0.6872852233676975
43 43 40 0.0 0.0 0.0 0.0 22.0 0.0 0.0 0.6923837784371908
43 43 41 0.0 0.0 1.0 0.0 30.0 0.0 0.0 0.6893156080748399
43 43 42 0.0 0.0 0.0 0.0 16.0 0.0 0.0 0.6944444444444444
44 36 40 0.0 0.0 0.0 0.0 1.0 0.0 0.0 0.6996501749125437
44 37 39 0.0 0.0 0.0 0.0 1.0 0.0 0.0 0.6996501749125437
44 37 40 0.0 0.0 0.0 0.0 7.0 0.0 0.0 0.6975585450921773
44 37 41 0.0 0.0 0.0 0.0 9.0 0.0 0.0 0.6968641114982577
44 37 42 0.0 0.0 0.0 0.0 4.0 0.0 0.0 0.6986027944111775
44 37 43 0.0 0.0 1.0 0.0 6.0 1.0 0.0 0.6979062811565303
44 38 38 0.0 0.0 2.0 0.0 45.0 1.0 0.0 0.6842619745845552
44 38 39 0.0 0.0 0.0 0.0 22.0 0.0 0.0 0.6923837784371908
44 38 40 0.0 0.0 0.0 0.0 23.0 0.0 0.0 0.6920415224913494
44 38 41 0.0 0.0 58.0 0.0 1273.0 11.0 12.0 0.4218137993371497
44 38 42 0.0 0.0 0.0 0.0 13.0 0.0 0.0 0.695479384003974
44 38 43 0.0 0.0 0.0 0.0 8.0 0.0 0.0 0.697211155378486
44 38 44 0.0 0.0 0.0 0.0 3.0 0.0 0.0 0.6989515726410384
44 39 38 0.0 0.0 0.0 0.0 7.0 0.0 0.0 0.6975585450921773
44 39 39 0.0 0.0 0.0 0.0 10.0 0.0 0.0 0.6965174129353233
44 39 40 0.0 0.0 0.0 0.0 50.0 0.0 0.0 0.6829268292682925
44 39 41 0.0 0.0 32.0 0.0 590.0 6.0 3.0 0.5353728489483747
44 39 42 0.0 0.0 0.0 0.0 37.0 0.0 0.0 0.6872852233676975
44 39 43 0.0 0.0 0.0 0.0 5.0 0.0 0.0 0.6982543640897755
44 39 44 0.0 0.0 0.0 0.0 2.0 0.0 0.0 0.6993006993006992
44 40 36 0.0 0.0 19.0 0.0 352.0 5.0 1.0 0.5917159763313609
44 40 37 0.0 0.0 0.0 0.0 5.0 0.0 0.0 0.6982543640897755
44 40 38 0.0 0.0 0.0 0.0 7.0 0.0 0.0 0.6975585450921773
44 40 39 0.0 0.0 1.0 0.0 56.0 1.0 0.0 0.6809338521400777
44 40 40 0.0 0.0 26.0 0.0 436.0 5.0 1.0 0.5698005698005697
44 40 41 0.0 0.0 0.0 0.0 33.0 0.0 0.0 0.6886374815543531
44 40 42 0.0 0.0 5.0 0.0 115.0 1.0 0.0 0.6606890042472864
44 40 43 0.0 0.0 1.0 0.0 33.0 1.0 0.0 0.6886374815543531
44 40 44 0.0 0.0 13.0 0.0 246.0 5.0 0.0 0.6211180124223601
44 41 36 0.0 0.0 0.0 0.0 4.0 0.0 0.0 0.6986027944111775
44 41 37 0.0 0.0 0.0 0.0 14.0 0.0 0.0 0.6951340615690167
44 41 38 0.0 0.0 0.0 0.0 13.0 0.0 0.0 0.695479384003974
44 41 39 0.0 0.0 0.0 0.0 18.0 0.0 0.0 0.6937561942517343
44 41 40 0.0 0.0 2.0 0.0 31.0 0.0 0.0 0.6886374815543531
44 41 41 0.0 0.0 104.0 0.0 2333.0 22.0 44.0 0.31710079275198183
44 41 42 0.0 0.0 0.0 0.0 16.0 0.0 0.0 0.6944444444444444
44 41 43 0.0 0.0 0.0 0.0 1.0 0.0 0.0 0.6996501749125437
44 41 44 0.0 0.0 0.0 0.0 2.0 0.0 0.0 0.6993006993006992
44 42 36 0.0 0.0 54.0 0.0 1483.0 9.0 12.0 0.3968253968253968
44 42 37 0.0 0.0 0.0 0.0 5.0 0.0 0.0 0.6982543640897755
44 42 38 0.0 0.0 0.0 0.0 7.0 0.0 0.0 0.6975585450921773
44 42 39 0.0 0.0 0.0 0.0 4.0 0.0 0.0 0.6989515726410384
44 42 40 0.0 0.0 0.0 0.0 10.0 0.0 0.0 0.6965174129353233
44 42 41 0.0 0.0 0.0 0.0 5.0 0.0 0.0 0.6982543640897755
44 42 43 0.0 0.0 0.0 0.0 1.0 0.0 0.0 0.6996501749125437
44 42 44 0.0 0.0 0.0 0.0 1.0 0.0 0.0 0.6996501749125437
45 40 40 0.0 0.0 0.0 0.0 1.0 0.0 0.0 0.6996501749125437
45 40 42 0.0 0.0 0.0 0.0 1.0 0.0 0.0 0.6996501749125437
45 41 36 0.0 0.0 0.0 0.0 2.0 0.0 0.0 0.6993006993006992
45 41 37 0.0 0.0 0.0 0.0 1.0 0.0 0.0 0.6996501749125437
45 42 41 0.0 0.0 0.0 0.0 6.0 0.0 0.0 0.6979062811565303
