38 38 42 0.0 0.0 0.0 0.0 1.0 0.0 0.0 0.6996501749125437
38 39 38 0.0 0.0 0.0 0.0 3.0 0.0 0.0 0.6989515726410384
38 39 39 0.0 0.0 1.0 0.0 13.0 0.0 0.0 0.6951340615690167
38 40 38 0.0 0.0 0.0 0.0 2.0 0.0 0.0 0.6993006993006992
38 40 39 0.0 0.0 2.0 0.0 33.0 1.0 0.0 0.6882989183874139
38 40 40 0.0 0.0 1.0 0.0 12.0 0.0 0.0 0.695479384003974
38 40 41 0.0 0.0 0.0 0.0 1.0 0.0 0.0 0.6996501749125437
38 41 38 0.0 0.0 0.0 0.0 2.0 0.0 0.0 0.6993006993006992
38 41 39 0.0 0.0 2.0 0.0 11.0 1.0 0.0 0.6958250497017892
38 41 40 0.0 0.0 0.0 0.0 12.0 0.0 0.0 0.6958250497017892
39 38 39 0.0 0.0 0.0 0.0 1.0 0.0 0.0 0.6996501749125437
39 38 40 0.0 0.0 0.0 0.0 4.0 0.0 0.0 0.6986027944111775
39 38 41 0.0 0.0 0.0 0.0 4.0 0.0 0.0 0.6986027944111775
39 38 42 0.0 0.0 0.0 0.0 1.0 0.0 0.0 0.6996501749125437
39 39 38 0.0 0.0 0.0 0.0 6.0 0.0 0.0 0.6979062811565303
39 39 39 0.0 0.0 4.0 0.0 121.0 1.0 0.0 0.6591337099811675
39 39 40 0.0 0.0 147.0 0.0 3165.0 11.0 82.0 0.26395173453996984
39 39 41 0.0 0.0 31.0 0.0 859.0 4.0 4.0 0.48510048510048503
39 39 42 0.0 0.0 0.0 0.0 4.0 0.0 0.0 0.6986027944111775
39 40 38 0.0 0.0 0.0 0.0 5.0 0.0 0.0 0.6982543640897755
39 40 39 2.0 0.0 252.0 0.0 5487.0 18.0 394.0 0.18120631633445508
39 40 40 0.0 0.0 70.0 5.0 1989.0 12.0 24.0 0.3455083909180651
39 40 41 0.0 0.0 0.0 0.0 83.0 0.0 0.0 0.6721075372059528
39 40 42 0.0 0.0 0.0 0.0 1.0 0.0 0.0 0.6996501749125437
39 41 38 0.0 0.0 0.0 0.0 7.0 0.0 0.0 0.6975585450921773
39 41 39 0.0 0.0 5.0 0.0 172.0 2.0 0.0 0.6436781609195401
39 41 40 0.0 0.0 74.0 0.0 1958.0 13.0 33.0 0.34825870646766166
39 41 41 0.0 0.0 3.0 0.0 69.0 0.0 0.0 0.6756756756756755
39 42 40 0.0 0.0 0.0 0.0 1.0 0.0 0.0 0.6996501749125437
39 42 41 0.0 0.0 0.0 0.0 2.0 0.0 0.0 0.6993006993006992
40 38 39 0.0 0.0 0.0 0.0 7.0 0.0 0.0 0.6975585450921773
40 38 40 0.0 0.0 0.0 0.0 16.0 0.0 0.0 0.6944444444444444
40 38 41 0.0 0.0 0.0 0.0 22.0 0.0 0.0 0.6923837784371908
40 38 42 0.0 0.0 0.0 0.0 5.0 0.0 0.0 0.6982543640897755
40 39 38 0.0 0.0 0.0 0.0 2.0 0.0 0.0 0.6993006993006992
40 39 39 0.0 0.0 73.0 0.0 2033.0 15.0 23.0 0.34229828850855737
40 39 40 0.0 0.0 72.0 0.0 1866.0 14.0 24.0 0.35668789808917195
40 39 41 0.0 0.0 125.0 0.0 3077.0 22.0 71.0 0.27027027027027023
40 39 42 0.0 0.0 0.0 0.0 12.0 0.0 0.0 0.6958250497017892
40 40 38 0.0 0.0 0.0 0.0 1.0 0.0 0.0 0.6996501749125437
40 40 39 0.0 0.0 7.0 0.0 230.0 2.0 0.0 0.6266786034019695
40 40 40 13.0 3.0 840.0 79.0 11968.0 32.0 6677.0 0.09396603798912678
40 40 41 0.0 0.0 6.0 0.0 161.0 2.0 1.0 0.6466512702078521
40 40 42 0.0 0.0 0.0 0.0 12.0 0.0 0.0 0.6958250497017892
40 41 38 0.0 0.0 0.0 0.0 3.0 0.0 0.0 0.6989515726410384
40 41 39 0.0 0.0 2.0 0.0 74.0 2.0 0.0 0.6753497346840327
40 41 40 0.0 0.0 22.0 4.0 525.0 3.0 1.0 0.5494505494505494
40 41 41 0.0 0.0 31.0 0.0 658.0 8.0 1.0 0.5221932114882506
40 42 39 0.0 0.0 0.0 0.0 2.0 0.0 0.0 0.6993006993006992
40 42 41 0.0 0.0 0.0 0.0 1.0 0.0 0.0 0.6996501749125437
41 38 39 0.0 0.0 0.0 0.0 4.0 0.0 0.0 0.6986027944111775
41 38 40 0.0 0.0 1.0 0.0 14.0 1.0 1.0 0.6951340615690167
41 38 41 0.0 0.0 0.0 0.0 7.0 0.0 0.0 0.6975585450921773
41 38 42 0.0 0.0 0.0 0.0 11.0 0.0 0.0 0.6961710591745399
41 39 39 0.0 0.0 0.0 0.0 33.0 0.0 0.0 0.6886374815543531
41 39 40 0.0 0.0 204.0 0.0 4608.0 21.0 225.0 0.20609450905343735
41 39 41 0.0 0.0 384.0 0.0 7733.0 25.0 1136.0 0.13864131511190333
41 39 42 0.0 0.0 1.0 0.0 31.0 0.0 0.0 0.6889763779527558
41 40 38 0.0 0.0 0.0 0.0 3.0 0.0 0.0 0.6989515726410384
41 40 39 0.0 0.0 76.0 0.0 1645.0 11.0 21.0 0.377256804095931
41 40 40 0.0 0.0 0.0 4.0 92.0 0.0 0.0 0.6679389312977099
41 40 41 0.0 0.0 32.0 0.0 778.0 7.0 3.0 0.49946485907955757
41 40 42 0.0 0.0 1.0 0.0 18.0 0.0 0.0 0.6934125804853887
41 41 39 0.0 0.0 9.0 0.0 370.0 8.0 1.0 0.5904681568958244
41 41 40 0.0 0.0 149.0 0.0 2797.0 20.0 51.0 0.2841485691089912
41 41 41 0.0 0.0 0.0 0.0 60.0 0.0 0.0 0.6796116504854368
41 42 40 0.0 0.0 0.0 0.0 2.0 0.0 0.0 0.6993006993006992
41 42 41 0.0 0.0 0.0 0.0 1.0 0.0 0.0 0.6996501749125437
42 38 39 0.0 0.0 0.0 0.0 3.0 0.0 0.0 0.6989515726410384
42 38 40 0.0 0.0 0.0 0.0 17.0 0.0 0.0 0.694100148735746
42 38 41 0.0 0.0 0.0 0.0 23.0 0.0 0.0 0.6920415224913494
42 38 42 0.0 0.0 0.0 0.0 2.0 0.0 0.0 0.6993006993006992
42 39 39 0.0 0.0 0.0 0.0 4.0 0.0 0.0 0.6986027944111775
42 39 40 0.0 0.0 0.0 0.0 4.0 0.0 0.0 0.6986027944111775
42 39 41 0.0 0.0 0.0 0.0 17.0 0.0 0.0 0.694100148735746
42 39 42 0.0 0.0 1.0 0.0 13.0 1.0 0.0 0.695479384003974
42 40 40 0.0 0.0 0.0 0.0 11.0 0.0 0.0 0.6961710591745399
42 40 41 0.0 0.0 0.0 0.0 8.0 0.0 0.0 0.697211155378486
42 40 42 0.0 0.0 0.0 0.0 7.0 0.0 0.0 0.6975585450921773
42 41 41 0.0 0.0 0.0 0.0 1.0 0.0 0.0 0.6996501749125437
42 42 39 0.0 0.0 0.0 0.0 1.0 0.0 0.0 0.6996501749125437
42 42 40 0.0 0.0 0.0 0.0 1.0 0.0 0.0 0.6996501749125437
