38 40 39 0.0 0.0 0.0 0.0 1.0 0.0 0.0 0.6996501749125437
39 39 39 0.0 0.0 0.0 0.0 7.0 0.0 0.0 0.6975585450921773
39 39 40 0.0 0.0 18.0 0.0 256.0 7.0 1.0 0.6175562417291574
39 39 41 0.0 0.0 3.0 0.0 88.0 0.0 0.0 0.669536107125777
39 40 39 1.0 0.0 69.0 0.0 1349.0 10.0 7.0 0.4106776180698152
39 40 40 0.0 0.0 5.0 4.0 211.0 1.0 1.0 0.6309148264984226
39 40 41 0.0 0.0 0.0 0.0 19.0 0.0 0.0 0.6934125804853887
39 41 39 0.0 0.0 0.0 0.0 9.0 0.0 0.0 0.6968641114982577
39 41 40 0.0 0.0 7.0 0.0 245.0 1.0 0.0 0.6219458018658373
39 41 41 0.0 0.0 0.0 0.0 8.0 0.0 0.0 0.697211155378486
40 38 40 0.0 0.0 0.0 0.0 2.0 0.0 0.0 0.6993006993006992
40 38 41 0.0 0.0 0.0 0.0 4.0 0.0 0.0 0.6986027944111775
40 39 39 0.0 0.0 6.0 0.0 290.0 2.0 1.0 0.6102877070619005
40 39 40 0.0 0.0 8.0 0.0 221.0 1.0 0.0 0.6283662477558347
40 39 41 0.0 0.0 11.0 0.0 251.0 2.0 1.0 0.6194690265486725
40 39 42 0.0 0.0 0.0 0.0 3.0 0.0 0.0 0.6989515726410384
40 40 39 0.0 0.0 0.0 0.0 19.0 0.0 0.0 0.6934125804853887
40 40 40 13.0 2.0 526.0 88.0 9446.0 20.0 2160.0 0.11598044901002401
40 40 41 0.0 0.0 0.0 0.0 38.0 0.0 0.0 0.6869479882237487
40 41 39 0.0 0.0 0.0 0.0 11.0 0.0 0.0 0.6961710591745399
40 41 40 0.0 0.0 0.0 2.0 26.0 0.0 0.0 0.690335305719921
40 41 41 0.0 0.0 0.0 0.0 23.0 0.0 0.0 0.6920415224913494
40 42 41 0.0 0.0 0.0 0.0 1.0 0.0 0.0 0.6996501749125437
41 38 41 0.0 0.0 0.0 0.0 2.0 0.0 0.0 0.6993006993006992
41 38 42 0.0 0.0 0.0 0.0 2.0 0.0 0.0 0.6993006993006992
41 39 39 0.0 0.0 0.0 0.0 3.0 0.0 0.0 0.6989515726410384
41 39 40 0.0 0.0 40.0 0.0 1029.0 9.0 3.0 0.4575163398692809
41 39 41 0.0 0.0 156.0 0.0 3537.0 13.0 149.0 0.2464354867100862
41 39 42 0.0 0.0 0.0 0.0 1.0 0.0 0.0 0.6996501749125437
41 40 39 0.0 0.0 1.0 0.0 24.0 0.0 0.0 0.6913580246913579
41 40 40 0.0 0.0 0.0 1.0 23.0 0.0 0.0 0.6916996047430829
41 40 41 0.0 0.0 1.0 0.0 33.0 0.0 0.0 0.6882989183874139
41 41 39 0.0 0.0 1.0 0.0 56.0 1.0 0.0 0.6809338521400777
41 41 40 0.0 0.0 5.0 0.0 90.0 6.0 0.0 0.6701771182383915
41 41 41 0.0 0.0 0.0 0.0 14.0 0.0 0.0 0.6951340615690167
42 38 40 0.0 0.0 0.0 0.0 1.0 0.0 0.0 0.6996501749125437
42 38 41 0.0 0.0 0.0 0.0 6.0 0.0 0.0 0.6979062811565303
42 38 42 0.0 0.0 0.0 0.0 1.0 0.0 0.0 0.6996501749125437
42 40 40 0.0 0.0 0.0 0.0 1.0 0.0 0.0 0.6996501749125437
42 40 41 0.0 0.0 0.0 0.0 1.0 0.0 0.0 0.6996501749125437
