35 37 40 0.0 0.0 0.0 0.0 1.0 0.0 0.0 0.6996501749125437
35 37 41 0.0 0.0 0.0 0.0 3.0 0.0 0.0 0.6989515726410384
35 38 39 0.0 0.0 0.0 0.0 7.0 0.0 0.0 0.6975585450921773
35 38 40 0.0 0.0 9.0 0.0 211.0 4.0 0.0 0.6317689530685919
35 38 41 0.0 0.0 0.0 0.0 3.0 0.0 0.0 0.6989515726410384
35 39 37 0.0 0.0 0.0 0.0 10.0 0.0 0.0 0.6965174129353233
35 39 38 0.0 0.0 5.0 0.0 98.0 1.0 0.0 0.6660323501427211
35 39 39 0.0 0.0 0.0 0.0 23.0 0.0 0.0 0.6920415224913494
35 39 40 0.0 0.0 0.0 0.0 11.0 0.0 0.0 0.6961710591745399
35 39 41 0.0 0.0 0.0 0.0 1.0 0.0 0.0 0.6996501749125437
35 40 37 0.0 0.0 0.0 0.0 17.0 0.0 0.0 0.694100148735746
35 40 38 0.0 0.0 15.0 0.0 347.0 5.0 0.0 0.593975392448027
35 40 39 0.0 0.0 0.0 0.0 40.0 0.0 0.0 0.6862745098039215
35 40 40 0.0 0.0 1.0 0.0 41.0 0.0 0.0 0.6856023506366307
35 40 41 0.0 0.0 0.0 0.0 2.0 0.0 0.0 0.6993006993006992
35 41 37 0.0 0.0 0.0 0.0 7.0 0.0 0.0 0.6975585450921773
35 41 38 0.0 0.0 2.0 0.0 47.0 1.0 0.0 0.6835937499999999
35 41 39 0.0 0.0 1.0 0.0 20.0 0.0 0.0 0.6927263730826323
35 41 40 0.0 0.0 0.0 0.0 12.0 0.0 0.0 0.6958250497017892
35 41 42 0.0 0.0 0.0 0.0 1.0 0.0 0.0 0.6996501749125437
35 42 37 0.0 0.0 0.0 0.0 7.0 0.0 0.0 0.6975585450921773
35 42 38 0.0 0.0 0.0 0.0 8.0 0.0 0.0 0.697211155378486
35 42 39 0.0 0.0 0.0 0.0 11.0 0.0 0.0 0.6961710591745399
35 42 41 0.0 0.0 0.0 0.0 2.0 0.0 0.0 0.6993006993006992
36 36 38 0.0 0.0 0.0 0.0 8.0 0.0 0.0 0.697211155378486
36 36 39 0.0 0.0 0.0 0.0 31.0 1.0 0.0 0.689655172413793
36 36 40 0.0 0.0 0.0 0.0 34.0 0.0 0.0 0.6882989183874139
36 36 41 0.0 0.0 0.0 0.0 18.0 0.0 0.0 0.6937561942517343
36 36 42 0.0 0.0 0.0 0.0 1.0 0.0 0.0 0.6996501749125437
36 37 37 0.0 0.0 0.0 0.0 2.0 0.0 0.0 0.6993006993006992
36 37 38 0.0 0.0 1.0 0.0 29.0 0.0 0.0 0.689655172413793
36 37 39 0.0 0.0 0.0 0.0 29.0 1.0 0.0 0.690335305719921
36 37 40 0.0 0.0 5.0 0.0 87.0 3.0 0.0 0.6701771182383915
36 37 41 0.0 0.0 0.0 0.0 61.0 0.0 0.0 0.6792819019893255
36 37 42 0.0 0.0 2.0 0.0 31.0 1.0 0.0 0.6889763779527558
36 38 36 0.0 0.0 0.0 0.0 1.0 0.0 0.0 0.6996501749125437
36 38 37 0.0 0.0 0.0 0.0 8.0 0.0 0.0 0.697211155378486
36 38 38 0.0 0.0 0.0 0.0 38.0 0.0 0.0 0.6869479882237487
36 38 39 0.0 0.0 1.0 0.0 64.0 0.0 0.0 0.6779661016949151
36 38 40 0.0 0.0 205.0 0.0 5000.0 18.0 310.0 0.19476905954368387
36 38 41 0.0 0.0 19.0 0.0 348.0 11.0 1.0 0.5942275042444821
36 38 42 0.0 0.0 0.0 0.0 11.0 1.0 0.0 0.6965174129353233
36 38 44 0.0 0.0 0.0 0.0 1.0 0.0 0.0 0.6996501749125437
36 39 37 0.0 0.0 3.0 0.0 96.0 0.0 0.0 0.6669842782277274
36 39 38 0.0 0.0 4.0 0.0 239.0 0.0 0.0 0.6241640659830583
36 39 39 0.0 0.0 260.0 0.0 5780.0 18.0 504.0 0.17449831733765422
36 39 40 0.0 0.0 129.0 0.0 3366.0 19.0 83.0 0.2556143874383786
36 39 41 0.0 0.0 0.0 0.0 75.0 0.0 0.0 0.6746987951807227
36 39 42 0.0 0.0 0.0 0.0 38.0 0.0 0.0 0.6869479882237487
36 39 43 0.0 0.0 0.0 0.0 2.0 0.0 0.0 0.6993006993006992
36 40 36 0.0 0.0 0.0 0.0 1.0 0.0 0.0 0.6996501749125437
36 40 37 0.0 0.0 4.0 0.0 81.0 1.0 0.0 0.6717850287907868
36 40 38 0.0 0.0 455.0 0.0 8142.0 22.0 1276.0 0.1323001323001323
36 40 39 0.0 0.0 255.0 0.0 5973.0 23.0 492.0 0.1705445243025947
36 40 40 0.0 0.0 17.0 0.0 665.0 5.0 2.0 0.522973477773627
36 40 41 0.0 0.0 28.0 0.0 481.0 7.0 1.0 0.5597760895641744
36 40 42 0.0 0.0 2.0 0.0 50.0 1.0 0.0 0.6829268292682925
36 40 43 0.0 0.0 2.0 0.0 29.0 0.0 0.0 0.6893156080748399
36 41 36 0.0 0.0 0.0 0.0 1.0 0.0 0.0 0.6996501749125437
36 41 37 0.0 0.0 19.0 0.0 397.0 7.0 0.0 0.58115400581154
36 41 38 0.0 0.0 324.0 0.0 6515.0 27.0 526.0 0.15874815738745884
36 41 39 0.0 0.0 2.0 0.0 207.0 1.0 0.0 0.6340579710144926
36 41 40 0.0 0.0 195.0 0.0 3902.0 11.0 123.0 0.22996057818659657
36 41 41 0.0 0.0 41.0 0.0 989.0 13.0 3.0 0.4640371229698375
36 41 42 0.0 0.0 42.0 0.0 886.0 9.0 3.0 0.4797806716929403
36 41 43 0.0 0.0 0.0 0.0 4.0 0.0 0.0 0.6986027944111775
36 42 37 0.0 0.0 0.0 0.0 10.0 0.0 0.0 0.6965174129353233
36 42 38 0.0 0.0 49.0 0.0 1179.0 10.0 10.0 0.4349176762969866
36 42 39 0.0 0.0 2.0 0.0 145.0 0.0 0.0 0.6520726595249184
36 42 40 0.0 0.0 45.0 0.0 1270.0 15.0 9.0 0.42437102152167316
36 42 41 0.0 0.0 13.0 0.0 249.0 4.0 0.0 0.6200177147918511
36 42 42 0.0 0.0 11.0 0.0 203.0 2.0 0.0 0.6329113924050632
36 42 43 0.0 0.0 52.0 0.0 1288.0 10.0 10.0 0.4204204204204203
36 43 37 0.0 0.0 0.0 0.0 3.0 0.0 0.0 0.6989515726410384
36 43 38 0.0 0.0 2.0 0.0 49.0 0.0 0.0 0.68259385665529
36 43 39 0.0 0.0 4.0 0.0 186.0 2.0 0.0 0.639853747714808
36 43 40 0.0 0.0 7.0 0.0 119.0 0.0 1.0 0.6585136406396989
36 43 41 0.0 0.0 1.0 0.0 47.0 0.0 0.0 0.6835937499999999
36 43 42 0.0 0.0 2.0 0.0 39.0 1.0 0.0 0.6862745098039215
36 43 43 0.0 0.0 0.0 0.0 8.0 0.0 0.0 0.697211155378486
36 44 37 0.0 0.0 0.0 0.0 3.0 0.0 0.0 0.6989515726410384
36 44 38 0.0 0.0 0.0 0.0 4.0 0.0 0.0 0.6986027944111775
36 44 39 0.0 0.0 14.0 0.0 344.0 3.0 2.0 0.5942275042444821
36 44 40 0.0 0.0 0.0 0.0 12.0 0.0 0.0 0.6958250497017892
36 44 41 0.0 0.0 17.0 0.0 395.0 3.0 0.0 0.58115400581154
36 44 42 0.0 0.0 3.0 0.0 132.0 2.0 0.0 0.6563525550867322
37 35 39 0.0 0.0 0.0 0.0 1.0 0.0 0.0 0.6996501749125437
37 35 41 0.0 0.0 0.0 0.0 1.0 0.0 0.0 0.6996501749125437
37 36 36 0.0 0.0 0.0 0.0 2.0 0.0 0.0 0.6993006993006992
37 36 37 0.0 0.0 0.0 0.0 6.0 0.0 0.0 0.6979062811565303
37 36 38 0.0 0.0 0.0 0.0 15.0 0.0 0.0 0.694789081885856
37 36 39 0.0 0.0 0.0 0.0 43.0 0.0 0.0 0.6852667645619186
37 36 40 0.0 0.0 3.0 0.0 145.0 1.0 0.0 0.6520726595249184
37 36 41 0.0 0.0 2.0 0.0 121.0 1.0 0.0 0.6597549481621111
37 36 42 0.0 0.0 1.0 0.0 56.0 1.0 0.0 0.6809338521400777
37 36 43 0.0 0.0 39.0 0.0 754.0 10.0 4.0 0.5030542579949694
37 36 44 0.0 0.0 0.0 0.0 5.0 0.0 0.0 0.6982543640897755
37 37 35 0.0 0.0 0.0 0.0 1.0 0.0 0.0 0.6996501749125437
37 37 36 0.0 0.0 0.0 0.0 1.0 0.0 0.0 0.6996501749125437
37 37 37 0.0 0.0 0.0 0.0 44.0 0.0 0.0 0.6852667645619186
37 37 38 0.0 0.0 2.0 0.0 149.0 0.0 0.0 0.6508600650860064
37 37 39 0.0 0.0 236.0 0.0 5183.0 19.0 338.0 0.18903591682419654
37 37 40 0.0 0.0 536.0 0.0 9629.0 30.0 2371.0 0.11530225662987975
37 37 41 0.0 0.0 193.0 0.0 4192.0 14.0 188.0 0.2197112366603892
37 37 42 0.0 0.0 18.0 0.0 418.0 4.0 0.0 0.5758946935417523
37 37 43 0.0 0.0 19.0 0.0 494.0 8.0 1.0 0.558882235528942
37 37 44 0.0 0.0 0.0 0.0 1.0 0.0 0.0 0.6996501749125437
37 38 36 0.0 0.0 0.0 0.0 6.0 0.0 0.0 0.6979062811565303
37 38 37 0.0 0.0 1.0 0.0 161.0 1.0 2.0 0.6478482184173993
37 38 38 0.0 0.0 200.0 0.0 5034.0 26.0 328.0 0.19417475728155337
37 38 39 0.0 0.0 161.0 0.0 3711.0 18.0 129.0 0.23907103825136608
37 38 40 0.0 0.0 84.0 0.0 2330.0 4.0 38.0 0.31753232025402583
37 38 41 0.0 0.0 301.0 0.0 6922.0 20.0 864.0 0.1520086862106406
37 38 42 0.0 0.0 17.0 0.0 830.0 7.0 2.0 0.49295774647887314
37 38 43 0.0 0.0 72.0 0.0 1196.0 9.0 8.0 0.42957962565204044
37 38 44 0.0 0.0 30.0 0.0 590.0 6.0 3.0 0.5355776587605202
37 39 36 0.0 0.0 0.0 0.0 2.0 0.0 0.0 0.6993006993006992
37 39 37 0.0 0.0 160.0 0.0 3335.0 16.0 87.0 0.2555210804891403
37 39 38 0.0 0.0 302.0 0.0 6802.0 14.0 697.0 0.154015401540154
37 39 39 0.0 0.0 481.0 0.0 9548.0 14.0 2147.0 0.11646285666749853
37 39 40 0.0 0.0 389.0 0.0 8025.0 18.0 1123.0 0.13460244207287758
37 39 41 0.0 0.0 301.0 0.0 6935.0 18.0 790.0 0.15177797051170855
37 39 42 0.0 0.0 46.0 0.0 1265.0 9.0 6.0 0.4241139048773099
37 39 43 0.0 0.0 7.0 0.0 230.0 2.0 0.0 0.6263982102908277
37 39 44 0.0 0.0 0.0 0.0 5.0 0.0 0.0 0.6986027944111775
37 40 36 0.0 0.0 3.0 0.0 95.0 2.0 1.0 0.6679389312977099
37 40 37 0.0 0.0 33.0 0.0 667.0 12.0 0.0 0.5208333333333333
37 40 38 0.0 0.0 184.0 0.0 4789.0 13.0 326.0 0.20117833021985917
37 40 39 0.0 0.0 926.0 0.0 12387.0 38.0 8678.0 0.09148532967392013
37 40 40 0.0 0.0 547.0 0.0 10190.0 24.0 3180.0 0.11001100110011
37 40 41 0.0 0.0 464.0 0.0 9229.0 16.0 2031.0 0.11978097193702941
37 40 42 0.0 0.0 178.0 0.0 3783.0 22.0 140.0 0.23580933131211046
37 40 43 0.0 0.0 76.0 0.0 1415.0 17.0 7.0 0.4029936672423718
37 40 44 0.0 0.0 0.0 0.0 13.0 0.0 0.0 0.695479384003974
37 40 45 0.0 0.0 0.0 0.0 1.0 0.0 0.0 0.6996501749125437
37 41 35 0.0 0.0 0.0 0.0 1.0 0.0 0.0 0.6996501749125437
37 41 36 0.0 0.0 46.0 0.0 849.0 12.0 1.0 0.48560527228581335
37 41 37 0.0 0.0 65.0 0.0 1655.0 13.0 16.0 0.37756202804746486
37 41 38 0.0 0.0 122.0 0.0 3382.0 17.0 104.0 0.25514853289593586
37 41 39 0.0 0.0 471.0 0.0 9170.0 29.0 2052.0 0.12051304123267624
37 41 40 0.0 0.0 446.0 0.0 8333.0 19.0 1292.0 0.13005109150023222
37 41 41 0.0 0.0 311.0 0.0 7295.0 15.0 968.0 0.14586372160866845
37 41 42 0.0 0.0 71.0 0.0 2075.0 13.0 33.0 0.3386550556361877
37 41 43 0.0 0.0 19.0 0.0 528.0 1.0 1.0 0.5500982318271119
37 41 44 0.0 0.0 0.0 0.0 3.0 0.0 0.0 0.6989515726410384
37 42 36 0.0 0.0 0.0 0.0 5.0 0.0 0.0 0.6982543640897755
37 42 37 0.0 0.0 13.0 0.0 288.0 2.0 0.0 0.609225413402959
37 42 38 0.0 0.0 45.0 0.0 1632.0 4.0 24.0 0.3811598148652327
37 42 39 0.0 0.0 439.0 0.0 8631.0 21.0 1706.0 0.12659372456822496
37 42 40 0.0 0.0 698.0 0.0 11433.0 23.0 4813.0 0.09914312017562495
37 42 41 0.0 0.0 323.0 0.0 7484.0 24.0 1047.0 0.1430468989475835
37 42 42 0.0 0.0 421.0 0.0 8198.0 21.0 1275.0 0.1319883096068634
37 42 43 0.0 0.0 10.0 0.0 171.0 4.0 0.0 0.6430868167202571
37 42 44 0.0 0.0 0.0 0.0 2.0 0.0 0.0 0.6993006993006992
37 43 35 0.0 0.0 0.0 0.0 2.0 0.0 0.0 0.6993006993006992
37 43 37 0.0 0.0 4.0 0.0 89.0 1.0 0.0 0.6692160611854684
37 43 38 0.0 0.0 230.0 0.0 5604.0 25.0 384.0 0.17916560020476063
37 43 39 0.0 0.0 325.0 0.0 7559.0 20.0 1123.0 0.1418583443104671
37 43 40 0.0 0.0 305.0 0.0 6642.0 10.0 704.0 0.15654702001565468
37 43 41 0.0 0.0 165.0 0.0 4322.0 9.0 184.0 0.2160827288161753
37 43 42 0.0 0.0 18.0 0.0 715.0 6.0 2.0 0.5133846718005133
37 43 43 0.0 0.0 17.0 0.0 420.0 6.0 2.0 0.5761316872427983
37 44 37 0.0 0.0 0.0 0.0 9.0 0.0 0.0 0.6968641114982577
37 44 38 0.0 0.0 0.0 0.0 21.0 0.0 0.0 0.6927263730826323
37 44 39 0.0 0.0 12.0 0.0 376.0 2.0 2.0 0.5867560771165129
37 44 40 0.0 0.0 9.0 0.0 369.0 3.0 1.0 0.5894736842105263
37 44 41 0.0 0.0 69.0 0.0 1530.0 13.0 10.0 0.39040713887339645
37 44 42 0.0 0.0 11.0 0.0 189.0 1.0 0.0 0.6366530241018644
37 44 43 0.0 0.0 0.0 0.0 2.0 0.0 0.0 0.6996501749125437
37 44 44 0.0 0.0 0.0 0.0 1.0 0.0 0.0 0.6996501749125437
37 45 39 0.0 0.0 0.0 0.0 1.0 0.0 0.0 0.6996501749125437
37 45 40 0.0 0.0 0.0 0.0 2.0 0.0 0.0 0.6993006993006992
37 45 41 0.0 0.0 0.0 0.0 1.0 0.0 0.0 0.6996501749125437
37 45 42 0.0 0.0 0.0 0.0 1.0 0.0 0.0 0.6996501749125437
38 35 39 0.0 0.0 0.0 0.0 2.0 0.0 0.0 0.6993006993006992
38 35 40 0.0 0.0 0.0 0.0 2.0 0.0 0.0 0.6993006993006992
38 35 41 0.0 0.0 0.0 0.0 5.0 0.0 0.0 0.6982543640897755
38 35 42 0.0 0.0 0.0 0.0 2.0 0.0 0.0 0.6993006993006992
38 36 36 0.0 0.0 0.0 0.0 5.0 0.0 0.0 0.6982543640897755
38 36 37 0.0 0.0 18.0 0.0 304.0 4.0 0.0 0.6039689387402932
38 36 38 0.0 0.0 5.0 0.0 206.0 1.0 0.0 0.6337709370755997
38 36 39 0.0 0.0 3.0 0.0 223.0 1.0 0.0 0.6292134831460673
38 36 40 0.0 0.0 78.0 0.0 1786.0 6.0 21.0 0.36278828712101574
38 36 41 0.0 0.0 45.0 0.0 1232.0 8.0 9.0 0.42826552462526757
38 36 42 0.0 0.0 3.0 0.0 180.0 1.0 1.0 0.6416131989000916
38 36 43 0.0 0.0 3.0 0.0 89.0 1.0 0.0 0.669536107125777
38 36 44 0.0 0.0 0.0 0.0 10.0 0.0 0.0 0.6965174129353233
38 37 36 0.0 0.0 37.0 0.0 930.0 3.0 2.0 0.4723346828609986
38 37 37 0.0 0.0 4.0 0.0 219.0 2.0 1.0 0.6303466906798738
38 37 38 0.0 0.0 284.0 0.0 5646.0 28.0 357.0 0.17712550607287447
38 37 39 0.0 0.0 145.0 0.0 3468.0 15.0 101.0 0.25004465083050537
38 37 40 0.0 0.0 495.0 0.0 9517.0 28.0 2096.0 0.11676396997497913
38 37 41 0.0 0.0 254.0 0.0 5824.0 15.0 460.0 0.17356806347632034
38 37 42 0.0 0.0 443.0 0.0 8776.0 15.0 1834.0 0.12486621476988939
38 37 43 0.0 0.0 288.0 0.0 6078.0 20.0 517.0 0.1676847526649898
38 37 44 0.0 0.0 11.0 0.0 127.0 2.0 0.0 0.6554307116104868
38 37 45 0.0 0.0 0.0 0.0 12.0 0.0 0.0 0.6961710591745399
38 38 35 0.0 0.0 0.0 0.0 3.0 0.0 0.0 0.6989515726410384
38 38 36 0.0 0.0 18.0 0.0 486.0 2.0 1.0 0.559552358113509
38 38 37 0.0 0.0 64.0 0.0 1861.0 12.0 33.0 0.3578732106339468
38 38 38 0.0 0.0 602.0 0.0 10740.0 19.0 4192.0 0.10498687664041995
38 38 39 0.0 0.0 707.0 0.0 11621.0 21.0 5555.0 0.09774488584793688
38 38 40 0.0 0.0 1107.0 0.0 12878.0 32.0 11774.0 0.08755472170106315
38 38 41 0.0 0.0 992.0 0.0 12597.0 42.0 8935.0 0.08992805755395683
38 38 42 0.0 0.0 624.0 0.0 10393.0 20.0 2648.0 0.10759299108515216
38 38 43 0.0 0.0 57.0 0.0 1267.0 11.0 9.0 0.4224502112251055
38 38 44 0.0 0.0 1.0 0.0 70.0 1.0 0.0 0.6763285024154588
38 38 45 0.0 0.0 7.0 0.0 143.0 2.0 0.0 0.6517690875232773
38 39 35 0.0 0.0 0.0 0.0 4.0 0.0 0.0 0.6986027944111775
38 39 36 0.0 0.0 4.0 0.0 148.0 2.0 0.0 0.6511627906976742
38 39 37 0.0 0.0 228.0 0.0 5389.0 10.0 355.0 0.18399264029438817
38 39 38 0.0 0.0 975.0 0.0 12492.0 21.0 9449.0 0.09051529061873666
38 39 39 0.0 0.0 1318.0 0.0 12467.0 43.0 18374.0 0.0886580963840162
38 39 40 0.0 0.0 1388.0 0.0 13227.0 55.0 16833.0 0.08431195423065341
38 39 41 0.0 0.0 1234.0 0.0 12951.0 45.0 14370.0 0.08654262224145391
38 39 42 0.0 0.0 571.0 0.0 10337.0 35.0 3330.0 0.10866190624029803
38 39 43 0.0 0.0 476.0 0.0 8790.0 26.0 1708.0 0.12448870709585629
38 39 44 0.0 0.0 15.0 0.0 241.0 2.0 0.0 0.6211180124223601
38 39 45 0.0 0.0 0.0 0.0 5.0 0.0 0.0 0.6982543640897755
38 40 35 0.0 0.0 0.0 0.0 4.0 0.0 0.0 0.6986027944111775
38 40 36 0.0 0.0 2.0 0.0 112.0 2.0 0.0 0.6628787878787878
38 40 37 0.0 0.0 301.0 0.0 6155.0 30.0 490.0 0.166073546856465
38 40 38 0.0 0.0 957.0 0.0 12724.0 31.0 9233.0 0.0892458723784025
38 40 39 0.0 0.0 1807.0 0.0 12491.0 43.0 27031.0 0.08584217303329449
38 40 40 0.0 0.0 1608.0 0.0 12819.0 44.0 21436.0 0.0852411105698977
38 40 41 0.0 0.0 925.0 0.0 12459.0 31.0 8738.0 0.09097998440343123
38 40 42 0.0 0.0 858.0 0.0 12295.0 30.0 7564.0 0.09245195800039621
38 40 43 0.0 0.0 266.0 0.0 5747.0 19.0 407.0 0.17499999999999996
38 40 44 0.0 0.0 0.0 0.0 45.0 0.0 1.0 0.684931506849315
38 40 45 0.0 0.0 1.0 0.0 12.0 0.0 0.0 0.695479384003974
38 41 36 0.0 0.0 1.0 0.0 49.0 0.0 0.0 0.6829268292682925
38 41 37 0.0 0.0 193.0 0.0 4397.0 14.0 215.0 0.21273362710834218
38 41 38 0.0 0.0 706.0 0.0 11343.0 43.0 4745.0 0.09989297181591152
38 41 39 0.0 0.0 1410.0 0.0 12578.0 37.0 19459.0 0.08748359682559519
38 41 40 0.0 0.0 1588.0 0.0 12770.0 43.0 21561.0 0.08558503484533561
38 41 41 0.0 0.0 1025.0 0.0 12821.0 31.0 10301.0 0.0883894185238967
38 41 42 0.0 0.0 589.0 0.0 9961.0 27.0 2245.0 0.11164274322169059
38 41 43 0.0 0.0 48.0 0.0 1047.0 15.0 5.0 0.45454545454545453
38 41 44 0.0 0.0 38.0 0.0 892.0 6.0 3.0 0.4786324786324786
38 41 45 0.0 0.0 0.0 0.0 1.0 0.0 0.0 0.6996501749125437
38 42 35 0.0 0.0 0.0 0.0 1.0 0.0 0.0 0.6996501749125437
38 42 36 0.0 0.0 49.0 0.0 1123.0 9.0 7.0 0.4426177679418273
38 42 37 0.0 0.0 164.0 0.0 3730.0 19.0 133.0 0.23825731790333557
38 42 38 0.0 0.0 619.0 0.0 10797.0 35.0 3751.0 0.10451661067562523
38 42 39 0.0 0.0 1065.0 0.0 12715.0 38.0 13002.0 0.08877615726062142
38 42 40 0.0 0.0 1000.0 0.0 12478.0 37.0 10591.0 0.0904392764857881
38 42 41 0.0 0.0 1217.0 0.0 12765.0 29.0 14650.0 0.08757662955085699
38 42 42 0.0 0.0 459.0 0.0 8793.0 32.0 1612.0 0.12457732692649935
38 42 43 0.0 0.0 4.0 0.0 178.0 1.0 0.0 0.6419073819348922
38 42 44 0.0 0.0 0.0 0.0 17.0 0.0 0.0 0.694100148735746
38 43 34 0.0 0.0 0.0 0.0 1.0 0.0 0.0 0.6996501749125437
38 43 36 0.0 0.0 2.0 0.0 19.0 1.0 0.0 0.6930693069306929
38 43 37 0.0 0.0 69.0 0.0 1892.0 8.0 25.0 0.35416139640779154
38 43 38 0.0 0.0 294.0 0.0 6702.0 24.0 574.0 0.15600624024960996
38 43 39 0.0 0.0 320.0 0.0 6547.0 16.0 547.0 0.158156348847718
38 43 40 0.0 0.0 509.0 0.0 9670.0 25.0 2640.0 0.11504642945188592
38 43 41 0.0 0.0 411.0 0.0 8644.0 28.0 1477.0 0.12684606324182293
38 43 42 0.0 0.0 243.0 0.0 5091.0 18.0 263.0 0.191309100847226
38 43 43 0.0 0.0 5.0 0.0 130.0 0.0 0.0 0.6557377049180326
38 43 44 0.0 0.0 0.0 0.0 1.0 0.0 0.0 0.6996501749125437
38 44 37 0.0 0.0 0.0 0.0 9.0 0.0 0.0 0.6968641114982577
38 44 38 0.0 0.0 10.0 0.0 156.0 0.0 0.0 0.6463527239150507
38 44 39 0.0 0.0 51.0 0.0 1043.0 9.0 10.0 0.4538087520259319
38 44 40 0.0 0.0 127.0 0.0 2708.0 11.0 58.0 0.2900953170327393
38 44 41 0.0 0.0 196.0 0.0 4155.0 16.0 159.0 0.22092472778917466
38 44 42 0.0 0.0 1.0 0.0 86.0 0.0 0.0 0.670819357930043
38 44 43 0.0 0.0 0.0 0.0 19.0 0.0 0.0 0.6934125804853887
38 45 38 0.0 0.0 0.0 0.0 2.0 0.0 0.0 0.6993006993006992
38 45 39 0.0 0.0 2.0 0.0 12.0 0.0 0.0 0.6951340615690167
38 45 40 0.0 0.0 26.0 0.0 488.0 3.0 1.0 0.5575467941059339
38 45 41 0.0 0.0 63.0 0.0 1458.0 5.0 7.0 0.39806653397782193
38 45 42 0.0 0.0 0.0 0.0 12.0 0.0 0.0 0.6958250497017892
38 45 43 0.0 0.0 0.0 0.0 4.0 0.0 0.0 0.6986027944111775
38 46 42 0.0 0.0 0.0 0.0 1.0 0.0 0.0 0.6996501749125437
39 35 37 0.0 0.0 0.0 0.0 3.0 0.0 0.0 0.6993006993006992
39 35 38 0.0 0.0 0.0 0.0 3.0 0.0 0.0 0.6989515726410384
39 35 39 0.0 0.0 2.0 0.0 27.0 0.0 0.0 0.6899950714637751
39 35 40 0.0 0.0 0.0 0.0 2.0 0.0 0.0 0.6993006993006992
39 35 41 0.0 0.0 6.0 0.0 132.0 1.0 0.0 0.6551240056153486
39 35 42 0.0 0.0 2.0 0.0 119.0 1.0 0.0 0.6603773584905659
39 35 43 0.0 0.0 0.0 0.0 1.0 0.0 0.0 0.6996501749125437
39 36 36 0.0 0.0 11.0 0.0 250.0 5.0 0.0 0.6205673758865247
39 36 37 0.0 0.0 9.0 0.0 190.0 5.0 1.0 0.6381039197812214
39 36 38 0.0 0.0 128.0 0.0 2732.0 18.0 48.0 0.289077018377039
39 36 39 0.0 0.0 2.0 0.0 147.0 2.0 0.0 0.6523765144454798
39 36 40 0.0 0.0 75.0 0.0 1894.0 16.0 14.0 0.35416139640779154
39 36 41 0.0 0.0 218.0 0.0 5020.0 30.0 295.0 0.19409399694995144
39 36 42 0.0 0.0 73.0 0.0 1576.0 14.0 14.0 0.3851444291609353
39 36 43 0.0 0.0 7.0 0.0 194.0 0.0 0.0 0.6363636363636362
39 36 44 0.0 0.0 0.0 0.0 6.0 0.0 0.0 0.6979062811565303
39 36 45 0.0 0.0 0.0 0.0 3.0 0.0 0.0 0.6989515726410384
39 37 36 0.0 0.0 7.0 0.0 238.0 1.0 0.0 0.623885918003565
39 37 37 0.0 0.0 481.0 0.0 8789.0 25.0 1530.0 0.12432288429091552
39 37 38 0.0 0.0 355.0 0.0 7628.0 28.0 1008.0 0.14050582095543956
39 37 39 0.0 0.0 345.0 0.0 6571.0 17.0 521.0 0.15732104730868632
39 37 40 0.0 0.0 669.0 0.0 10913.0 29.0 4003.0 0.10312315851502651
39 37 41 0.0 0.0 986.0 0.0 12794.0 28.0 9375.0 0.08873114463176573
39 37 42 0.0 0.0 749.0 0.0 11629.0 36.0 4739.0 0.0974794596852806
39 37 43 0.0 0.0 154.0 0.0 3558.0 20.0 124.0 0.2458728486125746
39 37 44 0.0 0.0 0.0 0.0 51.0 0.0 0.0 0.68259385665529
39 37 45 0.0 0.0 0.0 0.0 6.0 0.0 0.0 0.6982543640897755
39 38 35 0.0 0.0 1.0 0.0 15.0 0.0 0.0 0.6944444444444444
39 38 36 0.0 0.0 69.0 0.0 1786.0 15.0 20.0 0.3645833333333333
39 38 37 0.0 0.0 631.0 0.0 11055.0 28.0 5188.0 0.10233918128654969
39 38 38 0.0 0.0 743.0 0.0 11702.0 35.0 4941.0 0.09702682098551527
39 38 39 0.0 0.0 1035.0 0.0 12738.0 50.0 10579.0 0.08883812424646233
39 38 40 0.0 0.0 1733.0 0.0 12567.0 45.0 26024.0 0.08583690987124462
39 38 41 0.0 0.0 1522.0 0.0 12866.0 36.0 20343.0 0.08536064874093041
39 38 42 0.0 0.0 654.0 0.0 11309.0 19.0 4986.0 0.10030090270812436
39 38 43 0.0 0.0 184.0 0.0 4092.0 16.0 145.0 0.22349936143039587
39 38 44 0.0 0.0 358.0 0.0 7365.0 27.0 854.0 0.14431501907019895
39 38 45 0.0 0.0 0.0 0.0 9.0 0.0 0.0 0.6968641114982577
39 39 35 0.0 0.0 0.0 0.0 14.0 0.0 0.0 0.6951340615690167
39 39 36 0.0 0.0 250.0 0.0 5192.0 15.0 354.0 0.18845066630771296
39 39 37 0.0 0.0 704.0 0.0 11284.0 29.0 4031.0 0.10014306151645207
39 39 38 0.0 0.0 1122.0 0.0 13020.0 31.0 11828.0 0.08671415298854133
39 39 39 0.0 0.0 2044.0 1.0 12212.0 62.0 31844.0 0.08613264427217915
39 39 40 0.0 0.0 2782.0 0.0 10227.0 58.0 54955.0 0.0932525144874442
39 39 41 0.0 0.0 2330.0 0.0 11416.0 59.0 41373.0 0.0888437618987181
39 39 42 0.0 0.0 901.0 0.0 12519.0 27.0 6758.0 0.09076763485477178
39 39 43 0.0 0.0 378.0 0.0 7451.0 23.0 818.0 0.14263881813550686
39 39 44 0.0 0.0 9.0 0.0 206.0 2.0 1.0 0.632625395390872
39 39 45 0.0 0.0 0.0 0.0 9.0 0.0 0.0 0.6968641114982577
39 40 35 0.0 0.0 0.0 0.0 16.0 0.0 0.0 0.6944444444444444
39 40 36 0.0 0.0 36.0 0.0 1044.0 6.0 3.0 0.45528455284552843
39 40 37 0.0 0.0 355.0 0.0 8130.0 17.0 1332.0 0.13370260720084037
39 40 38 0.0 0.0 1383.0 0.0 12750.0 30.0 18147.0 0.08673564215352207
39 40 39 2.0 0.0 2894.0 0.0 9841.0 85.0 60395.0 0.09516688192509005
39 40 40 1.0 0.0 2517.0 1.0 11537.0 55.0 43452.0 0.08712969878018421
39 40 41 1.0 1.0 1723.0 0.0 12523.0 54.0 25772.0 0.0862493839329719
39 40 42 0.0 0.0 1052.0 0.0 12883.0 47.0 10740.0 0.0879396984924623
39 40 43 0.0 0.0 152.0 0.0 3569.0 12.0 109.0 0.24518388791593695
39 40 44 0.0 0.0 75.0 0.0 2073.0 11.0 34.0 0.33840947546531297
39 41 35 0.0 0.0 0.0 0.0 13.0 0.0 0.0 0.695479384003974
39 41 36 0.0 0.0 50.0 0.0 829.0 7.0 3.0 0.487634970393591
39 41 37 0.0 0.0 396.0 0.0 8176.0 18.0 1457.0 0.13250047321597577
39 41 38 0.0 0.0 1114.0 0.0 12915.0 35.0 11101.0 0.08735259250015598
39 41 39 0.0 0.0 2221.0 0.0 12116.0 49.0 34767.0 0.08562167451532016
39 41 40 0.0 0.0 2446.0 0.0 11180.0 60.0 43882.0 0.08956560680698611
39 41 41 0.0 0.0 2106.0 1.0 11826.0 52.0 35422.0 0.08793417498900821
39 41 42 0.0 0.0 780.0 0.0 11859.0 28.0 5890.0 0.09566108643662452
39 41 43 0.0 0.0 580.0 0.0 10487.0 28.0 3201.0 0.10730436115582126
39 41 44 0.0 0.0 10.0 0.0 183.0 2.0 0.0 0.639269406392694
39 42 35 0.0 0.0 0.0 0.0 18.0 0.0 0.0 0.6937561942517343
39 42 36 0.0 0.0 51.0 0.0 1309.0 9.0 7.0 0.417785735601313
39 42 37 0.0 0.0 371.0 0.0 7287.0 19.0 817.0 0.14509275572598193
39 42 38 0.0 0.0 830.0 0.0 12158.0 46.0 6517.0 0.09353287012292891
39 42 39 0.0 0.0 881.0 1.0 12234.0 22.0 7874.0 0.09258034651501124
39 42 40 0.0 0.0 1304.0 0.0 12892.0 37.0 16208.0 0.0864250879683931
39 42 41 0.0 0.0 943.0 0.0 12340.0 33.0 8665.0 0.09162303664921465
39 42 42 0.0 0.0 384.0 0.0 8602.0 17.0 1874.0 0.12756264236902048
39 42 43 0.0 0.0 46.0 0.0 1273.0 11.0 9.0 0.42334442092530994
39 42 44 0.0 0.0 6.0 0.0 140.0 2.0 0.0 0.6529850746268656
39 42 45 0.0 0.0 0.0 0.0 3.0 0.0 0.0 0.6989515726410384
39 43 35 0.0 0.0 45.0 0.0 948.0 5.0 8.0 0.46838407494145196
39 43 36 0.0 0.0 0.0 0.0 17.0 0.0 0.0 0.694100148735746
39 43 37 0.0 0.0 81.0 0.0 1984.0 7.0 20.0 0.3449975357318876
39 43 38 0.0 0.0 254.0 0.0 5152.0 22.0 314.0 0.1895734597156398
39 43 39 0.0 0.0 521.0 0.0 9846.0 24.0 2542.0 0.1132961074694505
39 43 40 0.0 0.0 898.0 0.0 12324.0 24.0 8427.0 0.09192987064153917
39 43 41 0.0 0.0 295.0 0.0 6822.0 24.0 776.0 0.15393073117097306
39 43 42 0.0 0.0 492.0 0.0 9636.0 25.0 2365.0 0.115549686365137
39 43 43 0.0 0.0 3.0 0.0 115.0 1.0 0.0 0.6613131790269249
39 43 44 0.0 0.0 0.0 0.0 3.0 0.0 0.0 0.6989515726410384
39 43 45 0.0 0.0 0.0 0.0 3.0 0.0 0.0 0.6989515726410384
39 44 36 0.0 0.0 0.0 0.0 2.0 0.0 0.0 0.6993006993006992
39 44 37 0.0 0.0 0.0 0.0 8.0 0.0 0.0 0.697211155378486
39 44 38 0.0 0.0 3.0 0.0 90.0 3.0 0.0 0.6701771182383915
39 44 39 0.0 0.0 291.0 0.0 5790.0 24.0 468.0 0.173697270471464
39 44 40 0.0 0.0 299.0 0.0 5762.0 38.0 410.0 0.17447657028913258
39 44 41 0.0 0.0 445.0 0.0 8601.0 17.0 1718.0 0.12686905301313997
39 44 42 0.0 0.0 197.0 0.0 4717.0 23.0 291.0 0.2031045988684172
39 44 43 0.0 0.0 1.0 0.0 48.0 1.0 0.0 0.6835937499999999
39 45 38 0.0 0.0 0.0 0.0 3.0 0.0 0.0 0.6989515726410384
39 45 39 0.0 0.0 1.0 0.0 26.0 0.0 0.0 0.6906758756783422
39 45 40 0.0 0.0 0.0 0.0 39.0 0.0 0.0 0.6866110838646394
39 45 41 0.0 0.0 2.0 0.0 111.0 0.0 0.0 0.6625650733554187
39 45 42 0.0 0.0 8.0 0.0 244.0 3.0 1.0 0.622498888394842
39 45 43 0.0 0.0 0.0 0.0 2.0 0.0 0.0 0.6993006993006992
40 34 39 0.0 0.0 0.0 0.0 3.0 0.0 0.0 0.6989515726410384
40 35 37 0.0 0.0 0.0 0.0 1.0 0.0 0.0 0.6996501749125437
40 35 38 0.0 0.0 1.0 0.0 14.0 0.0 0.0 0.694789081885856
40 35 39 0.0 0.0 2.0 0.0 34.0 1.0 0.0 0.6879606879606879
40 35 40 0.0 0.0 15.0 0.0 285.0 0.0 1.0 0.608695652173913
40 35 41 0.0 0.0 0.0 0.0 19.0 0.0 0.0 0.6934125804853887
40 35 42 0.0 0.0 0.0 0.0 12.0 0.0 0.0 0.6958250497017892
40 36 36 0.0 0.0 0.0 0.0 12.0 0.0 0.0 0.6958250497017892
40 36 37 0.0 0.0 8.0 0.0 141.0 3.0 0.0 0.6526806526806526
40 36 38 0.0 0.0 125.0 0.0 2831.0 16.0 48.0 0.28340080971659914
40 36 39 0.0 0.0 218.0 0.0 4637.0 26.0 189.0 0.20491803278688522
40 36 40 0.0 0.0 108.0 0.0 2774.0 11.0 67.0 0.28741531513036334
40 36 41 0.0 0.0 251.0 0.0 5670.0 14.0 418.0 0.17701352889113667
40 36 42 0.0 0.0 111.0 0.0 2577.0 11.0 39.0 0.29933718195424414
40 36 43 0.0 0.0 49.0 0.0 1041.0 10.0 8.0 0.45454545454545453
40 36 44 0.0 0.0 0.0 0.0 10.0 0.0 0.0 0.6965174129353233
40 37 36 0.0 0.0 73.0 0.0 1458.0 17.0 6.0 0.39840637450199196
40 37 37 0.0 0.0 195.0 0.0 4178.0 19.0 168.0 0.22029897718332023
40 37 38 0.0 0.0 716.0 0.0 11274.0 27.0 4655.0 0.10012873694750392
40 37 39 0.0 0.0 493.0 0.0 9317.0 20.0 1829.0 0.11862396204033213
40 37 40 0.0 0.0 489.0 0.0 9632.0 27.0 2229.0 0.11558784676354027
40 37 41 0.0 0.0 816.0 0.0 11993.0 26.0 8117.0 0.09454349000540246
40 37 42 0.0 0.0 550.0 0.0 9927.0 20.0 2222.0 0.112260444230615
40 37 43 0.0 0.0 314.0 0.0 6364.0 24.0 519.0 0.16170016170016166
40 37 44 0.0 0.0 106.0 0.0 2571.0 15.0 42.0 0.3002358996354278
40 37 45 0.0 0.0 0.0 0.0 9.0 0.0 0.0 0.6968641114982577
40 38 35 0.0 0.0 0.0 0.0 3.0 0.0 0.0 0.6989515726410384
40 38 36 0.0 0.0 9.0 0.0 310.0 5.0 0.0 0.6052745352356247
40 38 37 0.0 0.0 222.0 0.0 5254.0 15.0 331.0 0.18764240718402359
40 38 38 0.0 0.0 1432.0 0.0 12424.0 33.0 21169.0 0.0881778673552938
40 38 39 0.0 0.0 960.0 0.0 12711.0 40.0 7490.0 0.0894340104765555
40 38 40 0.0 0.0 1436.0 0.0 12919.0 38.0 18239.0 0.08559550012227927
40 38 41 0.0 0.0 1461.0 0.0 12931.0 43.0 20130.0 0.08543357539513027
40 38 42 0.0 0.0 1541.0 0.0 12854.0 53.0 21015.0 0.08541272649624793
40 38 43 0.0 0.0 532.0 0.0 10251.0 25.0 3171.0 0.10960620057934704
40 38 44 0.0 0.0 4.0 0.0 381.0 4.0 3.0 0.5879882402351952
40 38 45 0.0 0.0 0.0 0.0 17.0 0.0 0.0 0.694100148735746
40 39 35 0.0 0.0 0.0 0.0 36.0 0.0 0.0 0.6876227897838899
40 39 36 0.0 0.0 234.0 0.0 4978.0 18.0 243.0 0.19457956914523972
40 39 37 0.0 0.0 529.0 0.0 9602.0 33.0 2279.0 0.11562603237528904
40 39 38 0.0 0.0 1106.0 0.0 12766.0 31.0 11877.0 0.08821120282275849
40 39 39 0.0 0.0 2331.0 0.0 11374.0 59.0 42080.0 0.08911521323997454
40 39 40 0.0 0.0 2844.0 1.0 11284.0 68.0 48181.0 0.08686480114165165
40 39 41 0.0 0.0 2824.0 0.0 10625.0 73.0 52375.0 0.09067944815078696
40 39 42 0.0 0.0 1507.0 0.0 13189.0 40.0 18502.0 0.08388256440982624
40 39 43 0.0 0.0 643.0 0.0 10996.0 32.0 4121.0 0.1027824682475589
40 39 44 0.0 0.0 11.0 0.0 555.0 3.0 5.0 0.5464480874316939
40 39 45 0.0 0.0 0.0 0.0 23.0 0.0 0.0 0.6920415224913494
40 40 35 0.0 0.0 7.0 0.0 70.0 2.0 0.0 0.6746987951807227
40 40 36 0.0 0.0 370.0 0.0 7245.0 22.0 903.0 0.14580295771714225
40 40 37 0.0 0.0 832.0 0.0 12112.0 37.0 8781.0 0.09379606056545625
40 40 38 0.0 0.0 1229.0 0.0 12782.0 40.0 14461.0 0.08751640932674876
40 40 39 1.0 0.0 2157.0 0.0 11946.0 54.0 33912.0 0.08693492300049675
40 40 40 8.0 12.0 3457.0 14.0 6501.0 67.0 100486.0 0.1166375072898442
40 40 41 0.0 0.0 2050.0 2.0 12255.0 55.0 30989.0 0.08592119798698906
40 40 42 0.0 0.0 1167.0 0.0 12974.0 26.0 11754.0 0.0866658412777021
40 40 43 0.0 0.0 380.0 0.0 8042.0 14.0 1266.0 0.1344086021505376
40 40 44 0.0 0.0 14.0 0.0 430.0 2.0 2.0 0.5733005733005732
40 40 45 0.0 0.0 0.0 0.0 15.0 0.0 0.0 0.694789081885856
40 41 35 0.0 0.0 0.0 0.0 34.0 0.0 0.0 0.6882989183874139
40 41 36 0.0 0.0 152.0 0.0 3641.0 15.0 148.0 0.24221453287197225
40 41 37 0.0 0.0 794.0 0.0 11852.0 21.0 6192.0 0.09559576647319903
40 41 38 0.0 0.0 1514.0 0.0 12853.0 39.0 20158.0 0.0855170728727628
40 41 39 0.0 0.0 2082.0 0.0 12612.0 59.0 30118.0 0.08388256440982624
40 41 40 0.0 4.0 2315.0 15.0 11917.0 50.0 38137.0 0.08610086100861007
40 41 41 0.0 0.0 2233.0 3.0 11450.0 56.0 39700.0 0.08918901700961966
40 41 42 0.0 0.0 902.0 0.0 12503.0 17.0 7287.0 0.09085599325069764
40 41 43 0.0 0.0 543.0 0.0 10092.0 26.0 3289.0 0.11083841342728207
40 41 44 0.0 0.0 2.0 0.0 219.0 1.0 0.0 0.6306306306306305
40 41 45 0.0 0.0 0.0 0.0 3.0 0.0 0.0 0.6989515726410384
40 42 35 0.0 0.0 0.0 0.0 17.0 0.0 0.0 0.694100148735746
40 42 36 0.0 0.0 479.0 0.0 8559.0 14.0 1361.0 0.12685755708590066
40 42 37 0.0 0.0 391.0 0.0 8226.0 20.0 1471.0 0.13202565069784986
40 42 38 0.0 0.0 734.0 0.0 11642.0 23.0 5031.0 0.0973777561382764
40 42 39 0.0 0.0 1589.0 0.0 12160.0 37.0 24742.0 0.08880431335236282
40 42 40 0.0 0.0 1015.0 2.0 12844.0 34.0 8961.0 0.08830022075055186
40 42 41 0.0 0.0 1443.0 1.0 12815.0 27.0 18922.0 0.0860162202015237
40 42 42 0.0 0.0 533.0 0.0 9793.0 33.0 2219.0 0.11380263371809461
40 42 43 0.0 0.0 161.0 0.0 4122.0 16.0 192.0 0.22328548644338117
40 42 44 0.0 0.0 132.0 0.0 3690.0 19.0 141.0 0.241254523522316
40 42 45 0.0 0.0 0.0 0.0 2.0 0.0 0.0 0.6993006993006992
40 43 35 0.0 0.0 0.0 0.0 18.0 0.0 0.0 0.6937561942517343
40 43 36 0.0 0.0 18.0 0.0 407.0 5.0 0.0 0.5785123966942147
40 43 37 0.0 0.0 146.0 0.0 3469.0 12.0 110.0 0.24977698483496874
40 43 38 0.0 0.0 96.0 0.0 2738.0 10.0 69.0 0.29027576197387517
40 43 39 0.0 0.0 587.0 0.0 10493.0 26.0 2818.0 0.10712372790573112
40 43 40 0.0 0.0 775.0 0.0 11832.0 31.0 6370.0 0.09591668950397368
40 43 41 0.0 0.0 513.0 0.0 9164.0 23.0 1863.0 0.12003772614250191
40 43 42 0.0 0.0 234.0 0.0 5373.0 26.0 347.0 0.1846478501714587
40 43 43 0.0 0.0 75.0 0.0 1253.0 18.0 2.0 0.42308854638863697
40 43 44 0.0 0.0 0.0 0.0 5.0 0.0 0.0 0.6982543640897755
40 43 45 0.0 0.0 2.0 0.0 24.0 0.0 0.0 0.6910167818361302
40 44 34 0.0 0.0 0.0 0.0 1.0 0.0 0.0 0.6996501749125437
40 44 36 0.0 0.0 0.0 0.0 4.0 0.0 0.0 0.6986027944111775
40 44 37 0.0 0.0 0.0 0.0 9.0 0.0 0.0 0.697211155378486
40 44 38 0.0 0.0 6.0 0.0 167.0 1.0 0.0 0.64486411791801
40 44 39 0.0 0.0 225.0 0.0 5091.0 21.0 307.0 0.1918859649122807
40 44 40 0.0 0.0 179.0 0.0 4407.0 20.0 204.0 0.2132520944402132
40 44 41 0.0 0.0 20.0 0.0 568.0 4.0 1.0 0.5417956656346749
40 44 42 0.0 0.0 73.0 0.0 1977.0 15.0 27.0 0.34696406443618333
40 44 43 0.0 0.0 2.0 0.0 98.0 0.0 2.0 0.6666666666666665
40 45 38 0.0 0.0 0.0 0.0 17.0 0.0 0.0 0.694100148735746
40 45 39 0.0 0.0 0.0 0.0 17.0 0.0 0.0 0.694100148735746
40 45 40 0.0 0.0 0.0 0.0 13.0 0.0 0.0 0.695479384003974
40 45 41 0.0 0.0 0.0 0.0 22.0 0.0 0.0 0.6923837784371908
40 45 42 0.0 0.0 0.0 0.0 11.0 0.0 0.0 0.6961710591745399
40 45 43 0.0 0.0 0.0 0.0 1.0 0.0 0.0 0.6996501749125437
41 35 38 0.0 0.0 57.0 0.0 1088.0 12.0 2.0 0.44685604851579946
41 35 39 0.0 0.0 6.0 0.0 147.0 2.0 0.0 0.6508600650860064
41 35 40 0.0 0.0 8.0 0.0 206.0 3.0 1.0 0.6331976481230212
41 35 41 0.0 0.0 0.0 0.0 8.0 0.0 0.0 0.697211155378486
41 35 42 0.0 0.0 0.0 0.0 4.0 0.0 0.0 0.6986027944111775
41 36 36 0.0 0.0 0.0 0.0 3.0 0.0 0.0 0.6993006993006992
41 36 37 0.0 0.0 0.0 0.0 57.0 0.0 0.0 0.6806028196402526
41 36 38 0.0 0.0 30.0 0.0 568.0 8.0 2.0 0.5405405405405405
41 36 39 0.0 0.0 531.0 0.0 9673.0 22.0 2596.0 0.11484823625922885
41 36 40 0.0 0.0 177.0 0.0 4423.0 19.0 195.0 0.21273362710834218
41 36 41 0.0 0.0 52.0 0.0 1330.0 12.0 7.0 0.4155535767289997
41 36 42 0.0 0.0 16.0 0.0 508.0 7.0 0.0 0.5562177195073499
41 36 43 0.0 0.0 78.0 0.0 2168.0 16.0 44.0 0.33089104230678323
41 36 44 0.0 0.0 0.0 0.0 32.0 0.0 0.0 0.6889763779527558
41 36 45 0.0 0.0 0.0 0.0 1.0 0.0 0.0 0.6996501749125437
41 37 36 0.0 0.0 1.0 0.0 25.0 0.0 0.0 0.6910167818361302
41 37 37 0.0 0.0 178.0 0.0 3810.0 17.0 110.0 0.23438807969194705
41 37 38 0.0 0.0 165.0 0.0 4612.0 18.0 254.0 0.2071005917159763
41 37 39 1.0 0.0 744.0 0.0 11465.0 27.0 5572.0 0.09859154929577464
41 37 40 0.0 0.0 567.0 0.0 10296.0 19.0 3042.0 0.10884776862074326
41 37 41 0.0 0.0 617.0 0.0 10799.0 19.0 3765.0 0.10439970171513795
41 37 42 0.0 0.0 728.0 0.0 11612.0 19.0 4835.0 0.09763581839737777
41 37 43 0.0 0.0 533.0 0.0 9394.0 29.0 2142.0 0.11760752688172041
41 37 44 0.0 0.0 2.0 0.0 182.0 4.0 0.0 0.6422018348623851
41 37 45 0.0 0.0 0.0 0.0 5.0 0.0 0.0 0.6982543640897755
41 38 35 0.0 0.0 1.0 0.0 19.0 0.0 0.0 0.6930693069306929
41 38 36 0.0 0.0 8.0 0.0 175.0 0.0 0.0 0.6413192853870818
41 38 37 0.0 0.0 467.0 0.0 8928.0 24.0 1533.0 0.12299042431696387
41 38 38 0.0 0.0 699.0 0.0 11409.0 34.0 4773.0 0.09942475676443434
41 38 39 0.0 0.0 1227.0 0.0 12979.0 33.0 14256.0 0.08632383771118508
41 38 40 0.0 0.0 1675.0 0.0 12838.0 51.0 23055.0 0.08483820143012967
41 38 41 0.0 0.0 1527.0 0.0 12636.0 38.0 21713.0 0.0866122246968572
41 38 42 0.0 0.0 1528.0 0.0 12066.0 42.0 24268.0 0.08973783731812063
41 38 43 0.0 0.0 637.0 0.0 10734.0 23.0 3867.0 0.10476689366160293
41 38 44 0.0 0.0 176.0 0.0 4658.0 14.0 261.0 0.20527859237536653
41 38 45 0.0 0.0 1.0 0.0 3.0 0.0 0.0 0.6986027944111775
41 39 35 0.0 0.0 0.0 0.0 32.0 0.0 0.0 0.6889763779527558
41 39 36 0.0 0.0 268.0 0.0 5652.0 23.0 378.0 0.17723762501582477
41 39 37 0.0 0.0 274.0 0.0 6141.0 18.0 554.0 0.1666269935729588
41 39 38 0.0 0.0 1100.0 0.0 12949.0 39.0 11321.0 0.08729812309035354
41 39 39 0.0 0.0 1918.0 1.0 12430.0 51.0 28613.0 0.08560596795890912
41 39 40 1.0 0.0 2994.0 0.0 9909.0 87.0 58406.0 0.09410499428648247
41 39 41 0.0 0.0 3170.0 0.0 8769.0 60.0 72894.0 0.10038001003800098
41 39 42 0.0 0.0 1689.0 0.0 12737.0 50.0 23633.0 0.08526187576126673
41 39 43 0.0 0.0 604.0 0.0 10838.0 19.0 3636.0 0.10418216996576869
41 39 44 0.0 0.0 182.0 0.0 4466.0 18.0 198.0 0.21116138763197584
41 39 45 0.0 0.0 0.0 0.0 19.0 0.0 0.0 0.6934125804853887
41 40 35 0.0 0.0 3.0 0.0 88.0 0.0 0.0 0.669536107125777
41 40 36 0.0 0.0 437.0 0.0 8917.0 28.0 1879.0 0.12351124834583149
41 40 37 0.0 0.0 482.0 0.0 9455.0 33.0 2117.0 0.11748909029875797
41 40 38 0.0 0.0 1343.0 0.0 12838.0 42.0 17095.0 0.08655867441572894
41 40 39 0.0 0.0 2543.0 1.0 10797.0 56.0 47270.0 0.09123492994460736
41 40 40 0.0 0.0 1896.0 3.0 13418.0 46.0 23466.0 0.08082674210495928
41 40 41 0.0 0.0 2414.0 0.0 11500.0 46.0 41388.0 0.08792865217937444
41 40 42 0.0 0.0 1903.0 0.0 12276.0 51.0 30090.0 0.08651588184402421
41 40 43 0.0 0.0 880.0 0.0 12248.0 30.0 8773.0 0.09247027741083222
41 40 44 0.0 0.0 360.0 0.0 7253.0 15.0 897.0 0.1457422444305642
41 40 45 0.0 0.0 0.0 0.0 21.0 0.0 0.0 0.6927263730826323
41 41 35 0.0 0.0 1.0 0.0 66.0 1.0 0.0 0.6776379477250725
41 41 36 0.0 0.0 68.0 0.0 1856.0 10.0 28.0 0.3577817531305903
41 41 37 0.0 0.0 750.0 0.0 11761.0 31.0 5833.0 0.09652509652509653
41 41 38 0.0 0.0 1044.0 0.0 12570.0 43.0 11257.0 0.08972058446552166
41 41 39 0.0 0.0 2098.0 1.0 11906.0 58.0 34437.0 0.08749999999999998
41 41 40 0.0 0.0 2667.0 0.0 10330.0 66.0 52284.0 0.09337690922430467
41 41 41 0.0 4.0 1649.0 16.0 13360.0 55.0 19904.0 0.08227067050596462
41 41 42 0.0 0.0 810.0 0.0 11968.0 32.0 6103.0 0.0948445227288124
41 41 43 0.0 0.0 499.0 0.0 9578.0 27.0 2242.0 0.11607661056297155
41 41 44 0.0 0.0 127.0 0.0 2899.0 10.0 69.0 0.27905122583217057
41 41 45 0.0 0.0 0.0 0.0 13.0 0.0 0.0 0.695479384003974
41 42 35 0.0 0.0 0.0 0.0 20.0 0.0 0.0 0.6930693069306929
41 42 36 0.0 0.0 279.0 0.0 6164.0 29.0 537.0 0.1663300463347986
41 42 37 0.0 0.0 441.0 0.0 8291.0 32.0 1288.0 0.1308044473512099
41 42 38 0.0 0.0 507.0 0.0 9437.0 24.0 2190.0 0.11740041928721172
41 42 39 0.0 0.0 771.0 0.0 11676.0 35.0 5214.0 0.09699321047526673
41 42 40 0.0 0.0 955.0 0.0 12475.0 31.0 9581.0 0.09075586671852716
41 42 41 0.0 0.0 992.0 1.0 12694.0 35.0 9219.0 0.08925725215173731
41 42 42 0.0 0.0 404.0 0.0 8311.0 26.0 1444.0 0.13095126742119537
41 42 43 0.0 0.0 170.0 0.0 4099.0 20.0 156.0 0.22399999999999998
41 42 44 0.0 0.0 12.0 0.0 331.0 3.0 0.0 0.5982905982905982
41 42 45 0.0 0.0 1.0 0.0 50.0 0.0 0.0 0.68259385665529
41 43 35 0.0 0.0 1.0 0.0 24.0 1.0 0.0 0.6916996047430829
41 43 36 0.0 0.0 0.0 0.0 38.0 0.0 0.0 0.6869479882237487
41 43 37 0.0 0.0 71.0 0.0 1523.0 7.0 16.0 0.39029829941455246
41 43 38 0.0 0.0 149.0 0.0 3652.0 11.0 132.0 0.24167098221992056
41 43 39 0.0 0.0 542.0 0.0 9975.0 28.0 2540.0 0.11199104071674265
41 43 40 0.0 0.0 293.0 0.0 6192.0 22.0 524.0 0.165406427221172
41 43 41 0.0 0.0 400.0 0.0 7964.0 26.0 1133.0 0.13535724644687228
41 43 42 0.0 0.0 504.0 0.0 9424.0 28.0 2064.0 0.11756802149815249
41 43 43 0.0 0.0 15.0 0.0 259.0 1.0 1.0 0.6159260888693356
41 43 44 0.0 0.0 0.0 0.0 6.0 0.0 0.0 0.6979062811565303
41 43 45 0.0 0.0 0.0 0.0 1.0 0.0 0.0 0.6996501749125437
41 44 36 0.0 0.0 1.0 0.0 38.0 1.0 0.0 0.6869479882237487
41 44 37 0.0 0.0 0.0 0.0 11.0 0.0 0.0 0.6961710591745399
41 44 38 0.0 0.0 189.0 0.0 4276.0 18.0 171.0 0.21718895439031954
41 44 39 0.0 0.0 41.0 0.0 1164.0 10.0 16.0 0.43818466353677615
41 44 40 0.0 0.0 4.0 0.0 282.0 0.0 0.0 0.612691466083151
41 44 41 0.0 0.0 142.0 0.0 3257.0 18.0 89.0 0.2600780234070221
41 44 42 0.0 0.0 0.0 0.0 43.0 0.0 0.0 0.6852667645619186
41 44 43 0.0 0.0 1.0 0.0 35.0 0.0 0.0 0.6876227897838899
41 44 44 0.0 0.0 0.0 0.0 1.0 0.0 0.0 0.6996501749125437
41 45 37 0.0 0.0 0.0 0.0 1.0 0.0 0.0 0.6996501749125437
41 45 38 0.0 0.0 0.0 0.0 6.0 0.0 0.0 0.6979062811565303
41 45 39 0.0 0.0 0.0 0.0 6.0 0.0 0.0 0.6979062811565303
41 45 40 0.0 0.0 2.0 0.0 25.0 0.0 0.0 0.6906758756783422
42 35 38 0.0 0.0 0.0 0.0 36.0 0.0 0.0 0.6876227897838899
42 35 39 0.0 0.0 2.0 0.0 64.0 0.0 0.0 0.6776379477250725
42 35 40 0.0 0.0 0.0 0.0 27.0 0.0 0.0 0.6906758756783422
42 35 41 0.0 0.0 2.0 0.0 29.0 2.0 0.0 0.6899950714637751
42 35 42 0.0 0.0 0.0 0.0 3.0 0.0 0.0 0.6989515726410384
42 35 43 0.0 0.0 0.0 0.0 2.0 0.0 0.0 0.6993006993006992
42 36 36 0.0 0.0 0.0 0.0 2.0 0.0 0.0 0.6993006993006992
42 36 37 0.0 0.0 0.0 0.0 2.0 0.0 0.0 0.6993006993006992
42 36 38 0.0 0.0 19.0 0.0 467.0 3.0 1.0 0.5638340716874747
42 36 39 0.0 0.0 348.0 0.0 7437.0 23.0 900.0 0.14322250639386186
42 36 40 0.0 0.0 67.0 0.0 1814.0 5.0 32.0 0.3614768912987348
42 36 41 0.0 0.0 254.0 0.0 5595.0 21.0 361.0 0.17870819504722998
42 36 42 0.0 0.0 79.0 0.0 1616.0 9.0 18.0 0.37960954446854656
42 36 43 0.0 0.0 78.0 0.0 1707.0 14.0 21.0 0.3712543092018032
42 36 44 0.0 0.0 0.0 0.0 55.0 0.0 0.0 0.6812652068126519
42 37 36 0.0 0.0 0.0 0.0 7.0 0.0 0.0 0.6975585450921773
42 37 37 0.0 0.0 4.0 0.0 105.0 0.0 0.0 0.6641366223908918
42 37 38 0.0 0.0 152.0 0.0 3802.0 15.0 147.0 0.23565056387813493
42 37 39 0.0 0.0 655.0 0.0 10775.0 38.0 3164.0 0.10441527446300715
42 37 40 0.0 0.0 998.0 0.0 12444.0 26.0 10577.0 0.09066183136899364
42 37 41 0.0 0.0 890.0 0.0 12336.0 29.0 7037.0 0.09198423127463862
42 37 42 0.0 0.0 346.0 0.0 7489.0 26.0 1026.0 0.1426533523537803
42 37 43 0.0 0.0 507.0 0.0 10049.0 23.0 3218.0 0.11158935118762951
42 37 44 0.0 0.0 83.0 0.0 1721.0 9.0 9.0 0.3689064558629775
42 37 45 0.0 0.0 4.0 0.0 70.0 1.0 0.0 0.6753497346840327
42 38 35 0.0 0.0 0.0 0.0 6.0 0.0 0.0 0.6979062811565303
42 38 36 0.0 0.0 55.0 0.0 1227.0 13.0 8.0 0.42826552462526757
42 38 37 0.0 0.0 15.0 0.0 495.0 4.0 0.0 0.5586592178770949
42 38 38 0.0 0.0 526.0 0.0 10196.0 28.0 2973.0 0.11019283746556473
42 38 39 0.0 0.0 796.0 0.0 11964.0 35.0 7642.0 0.09493456296195835
42 38 40 0.0 0.0 1614.0 0.0 12132.0 37.0 25396.0 0.0888719608963372
42 38 41 0.0 0.0 1840.0 0.0 12320.0 50.0 28074.0 0.08663366336633661
42 38 42 0.0 0.0 759.0 0.0 11735.0 34.0 6182.0 0.09666505558240696
42 38 43 0.0 0.0 252.0 0.0 6195.0 15.0 576.0 0.165994783021105
42 38 44 0.0 0.0 62.0 0.0 1409.0 11.0 8.0 0.4046242774566473
42 38 45 0.0 0.0 0.0 0.0 1.0 0.0 0.0 0.6996501749125437
42 39 35 0.0 0.0 3.0 0.0 103.0 1.0 0.0 0.6650831353919239
42 39 36 0.0 0.0 50.0 0.0 863.0 9.0 2.0 0.4822597313124354
42 39 37 0.0 0.0 439.0 0.0 8511.0 22.0 1536.0 0.1280761138047754
42 39 38 0.0 0.0 609.0 0.0 10544.0 22.0 3216.0 0.10650437428680105
42 39 39 0.0 0.0 1257.0 0.0 13199.0 42.0 13158.0 0.08513743614692287
42 39 40 0.0 0.0 1762.0 0.0 12460.0 48.0 26051.0 0.08638775762063432
42 39 41 0.0 0.0 1527.0 0.0 12759.0 47.0 20500.0 0.08605323006945724
42 39 42 0.0 0.0 1795.0 0.0 12365.0 46.0 27484.0 0.08663366336633661
42 39 43 0.0 0.0 388.0 0.0 8070.0 20.0 1157.0 0.1340610935554917
42 39 44 0.0 0.0 152.0 0.0 3156.0 20.0 86.0 0.2647003214218188
42 39 45 0.0 0.0 0.0 0.0 16.0 0.0 0.0 0.6944444444444444
42 40 35 0.0 0.0 6.0 0.0 84.0 2.0 0.0 0.6704980842911876
42 40 36 0.0 0.0 20.0 0.0 632.0 6.0 2.0 0.5291005291005291
42 40 37 0.0 0.0 332.0 0.0 6619.0 15.0 667.0 0.15654702001565468
42 40 38 0.0 0.0 1136.0 0.0 12532.0 32.0 14715.0 0.08930280028066592
42 40 39 0.0 0.0 1247.0 0.0 13180.0 44.0 13696.0 0.08525149190110826
42 40 40 0.0 0.0 1548.0 0.0 12588.0 39.0 22149.0 0.08674639073052852
42 40 41 0.0 0.0 1581.0 0.0 12796.0 40.0 21926.0 0.08544400366188586
42 40 42 0.0 0.0 1471.0 0.0 12748.0 43.0 19430.0 0.08634513383495744
42 40 43 0.0 0.0 604.0 0.0 10724.0 19.0 3822.0 0.10508932592703797
42 40 44 0.0 0.0 311.0 0.0 6556.0 22.0 602.0 0.1581920903954802
42 40 45 0.0 0.0 4.0 0.0 43.0 0.0 0.0 0.6839276990718123
42 41 35 0.0 0.0 0.0 0.0 14.0 0.0 0.0 0.6951340615690167
42 41 36 0.0 0.0 7.0 0.0 185.0 6.0 0.0 0.6404391582799633
42 41 37 0.0 0.0 190.0 0.0 4493.0 23.0 222.0 0.21021021021021016
42 41 38 0.0 0.0 778.0 0.0 11899.0 32.0 6452.0 0.09540684203352867
42 41 39 0.0 0.0 1053.0 0.0 12888.0 34.0 9901.0 0.08785691873235017
42 41 40 0.0 0.0 1031.0 0.0 12632.0 30.0 10741.0 0.08938262146459809
42 41 41 0.0 0.0 551.0 1.0 9875.0 22.0 2383.0 0.11280315848843765
42 41 42 0.0 0.0 851.0 0.0 12082.0 26.0 8662.0 0.09380234505862646
42 41 43 0.0 0.0 460.0 0.0 9000.0 23.0 1609.0 0.12236692596800977
42 41 44 0.0 0.0 118.0 0.0 2757.0 13.0 55.0 0.28794734677087613
42 41 45 0.0 0.0 0.0 0.0 12.0 0.0 0.0 0.6958250497017892
42 42 35 0.0 0.0 0.0 0.0 6.0 0.0 0.0 0.6979062811565303
42 42 36 0.0 0.0 63.0 0.0 1267.0 12.0 8.0 0.4218137993371497
42 42 37 0.0 0.0 24.0 0.0 878.0 7.0 4.0 0.4835924006908462
42 42 38 0.0 0.0 785.0 0.0 11804.0 31.0 6309.0 0.09598244892362538
42 42 39 0.0 0.0 820.0 0.0 11940.0 23.0 7609.0 0.0948445227288124
42 42 40 0.0 0.0 431.0 0.0 9372.0 29.0 2208.0 0.1188455008488964
42 42 41 0.0 0.0 987.0 0.0 12414.0 31.0 9179.0 0.09085009733939
42 42 42 0.0 0.0 299.0 0.0 5915.0 20.0 470.0 0.17077335935594043
42 42 43 0.0 0.0 4.0 0.0 334.0 0.0 0.0 0.5988023952095808
42 42 44 0.0 0.0 0.0 0.0 18.0 0.0 0.0 0.6937561942517343
42 42 45 0.0 0.0 0.0 0.0 2.0 0.0 0.0 0.6993006993006992
42 43 35 0.0 0.0 0.0 0.0 6.0 0.0 0.0 0.6979062811565303
42 43 36 0.0 0.0 0.0 0.0 4.0 0.0 0.0 0.6986027944111775
42 43 37 0.0 0.0 25.0 0.0 417.0 5.0 0.0 0.5744768157570782
42 43 38 0.0 0.0 97.0 0.0 2491.0 16.0 55.0 0.30614476273780883
42 43 39 0.0 0.0 167.0 0.0 3839.0 23.0 133.0 0.2339963229149256
42 43 40 0.0 0.0 25.0 0.0 797.0 4.0 2.0 0.49698260560880364
42 43 41 0.0 0.0 334.0 0.0 6538.0 19.0 555.0 0.15799571154497233
42 43 42 0.0 0.0 148.0 0.0 4092.0 8.0 189.0 0.2245749117741418
42 43 43 0.0 0.0 0.0 0.0 28.0 0.0 0.0 0.6906758756783422
42 43 44 0.0 0.0 0.0 0.0 2.0 0.0 0.0 0.6993006993006992
42 44 37 0.0 0.0 0.0 0.0 3.0 1.0 0.0 0.6993006993006992
42 44 38 0.0 0.0 0.0 0.0 51.0 0.0 0.0 0.68259385665529
42 44 39 0.0 0.0 0.0 0.0 30.0 1.0 0.0 0.6899950714637751
42 44 40 0.0 0.0 146.0 0.0 2998.0 20.0 51.0 0.2731707317073171
42 44 41 0.0 0.0 3.0 0.0 129.0 1.0 0.0 0.6569685593618019
42 44 42 0.0 0.0 0.0 0.0 32.0 0.0 0.0 0.6889763779527558
42 44 43 0.0 0.0 0.0 0.0 24.0 0.0 0.0 0.6916996047430829
42 45 39 0.0 0.0 0.0 0.0 3.0 0.0 0.0 0.6989515726410384
42 45 40 0.0 0.0 2.0 0.0 16.0 1.0 0.0 0.694100148735746
43 35 38 0.0 0.0 0.0 0.0 6.0 0.0 0.0 0.6979062811565303
43 35 39 0.0 0.0 0.0 0.0 13.0 0.0 0.0 0.695479384003974
43 35 40 0.0 0.0 3.0 0.0 59.0 1.0 0.0 0.6792819019893255
43 35 41 0.0 0.0 0.0 0.0 2.0 0.0 0.0 0.6993006993006992
43 35 42 0.0 0.0 0.0 0.0 10.0 0.0 0.0 0.6965174129353233
43 35 43 0.0 0.0 0.0 0.0 2.0 0.0 0.0 0.6993006993006992
43 36 37 0.0 0.0 0.0 0.0 5.0 0.0 0.0 0.6982543640897755
43 36 38 0.0 0.0 0.0 0.0 31.0 0.0 0.0 0.689655172413793
43 36 39 0.0 0.0 195.0 0.0 4581.0 19.0 248.0 0.20716188221367268
43 36 40 0.0 0.0 30.0 0.0 630.0 3.0 0.0 0.5269100489273615
43 36 41 0.0 0.0 107.0 0.0 2550.0 17.0 51.0 0.3015941404566997
43 36 42 0.0 0.0 174.0 0.0 3484.0 21.0 71.0 0.24831500532103576
43 36 43 0.0 0.0 5.0 0.0 132.0 3.0 0.0 0.6560449859418931
43 36 44 0.0 0.0 35.0 0.0 687.0 8.0 4.0 0.5158437730287397
43 37 37 0.0 0.0 0.0 0.0 20.0 0.0 0.0 0.6934125804853887
43 37 38 0.0 0.0 136.0 0.0 2973.0 14.0 93.0 0.2747252747252747
43 37 39 0.0 0.0 196.0 0.0 4338.0 14.0 211.0 0.21452650934722645
43 37 40 0.0 0.0 358.0 0.0 7475.0 25.0 1039.0 0.14260975858205152
43 37 41 0.0 0.0 430.0 0.0 8265.0 30.0 1367.0 0.13115982761851225
43 37 42 0.0 0.0 146.0 0.0 3430.0 13.0 124.0 0.2515271289974847
43 37 43 0.0 0.0 325.0 0.0 7171.0 22.0 856.0 0.14764817549040282
43 37 44 0.0 0.0 5.0 0.0 148.0 4.0 0.0 0.6514657980456026
43 37 45 0.0 0.0 0.0 0.0 2.0 0.0 0.0 0.6993006993006992
43 38 35 0.0 0.0 0.0 0.0 1.0 0.0 0.0 0.6996501749125437
43 38 36 0.0 0.0 4.0 0.0 88.0 2.0 0.0 0.6698564593301434
43 38 37 0.0 0.0 0.0 0.0 54.0 0.0 0.0 0.6815968841285296
43 38 38 0.0 0.0 286.0 0.0 5986.0 16.0 466.0 0.1694299891080721
43 38 39 0.0 0.0 346.0 0.0 6837.0 21.0 668.0 0.15277171540811868
43 38 40 0.0 0.0 568.0 0.0 10109.0 23.0 2846.0 0.11052340727875581
43 38 41 0.0 0.0 598.0 0.0 10679.0 26.0 4014.0 0.10551703346397347
43 38 42 0.0 0.0 495.0 0.0 9667.0 20.0 2623.0 0.11508425811755034
43 38 43 0.0 0.0 510.0 0.0 9201.0 27.0 1909.0 0.11973999315771466
43 38 44 0.0 0.0 9.0 0.0 325.0 1.0 0.0 0.6000857265323617
43 38 45 0.0 0.0 0.0 0.0 3.0 0.0 0.0 0.6989515726410384
43 39 35 0.0 0.0 0.0 0.0 2.0 0.0 0.0 0.6993006993006992
43 39 36 0.0 0.0 2.0 0.0 42.0 0.0 0.0 0.684931506849315
43 39 37 0.0 0.0 78.0 0.0 1671.0 16.0 12.0 0.3753351206434316
43 39 38 0.0 0.0 304.0 0.0 6423.0 16.0 538.0 0.1606057129746472
43 39 39 0.0 0.0 503.0 0.0 9904.0 29.0 2726.0 0.1129761136216914
43 39 40 0.0 0.0 812.0 0.0 12090.0 30.0 6703.0 0.09401020682245499
43 39 41 0.0 0.0 568.0 0.0 9971.0 22.0 2540.0 0.11166945840312673
43 39 42 0.0 0.0 745.0 0.0 11608.0 29.0 5323.0 0.0976222020779583
43 39 43 0.0 0.0 525.0 0.0 10233.0 32.0 3332.0 0.10994188785927436
43 39 44 0.0 0.0 44.0 0.0 821.0 12.0 2.0 0.4907115317209954
43 39 45 0.0 0.0 0.0 0.0 6.0 0.0 0.0 0.6979062811565303
43 40 35 0.0 0.0 0.0 0.0 1.0 0.0 0.0 0.6996501749125437
43 40 36 0.0 0.0 0.0 0.0 60.0 0.0 0.0 0.6796116504854368
43 40 37 0.0 0.0 243.0 0.0 5199.0 25.0 297.0 0.18873011593421404
43 40 38 0.0 0.0 551.0 0.0 9986.0 28.0 2730.0 0.11176752355101388
43 40 39 0.0 0.0 554.0 0.0 9987.0 17.0 2679.0 0.11166055192215663
43 40 40 0.0 0.0 635.0 0.0 10727.0 30.0 3626.0 0.10493179433368309
43 40 41 0.0 0.0 899.0 0.0 12386.0 26.0 7571.0 0.09159905783826222
43 40 42 0.0 0.0 490.0 0.0 9377.0 29.0 2179.0 0.1181933305192064
43 40 43 0.0 0.0 429.0 0.0 8691.0 22.0 1493.0 0.12603528988116672
43 40 44 0.0 0.0 43.0 0.0 1245.0 11.0 4.0 0.42735042735042733
43 40 45 0.0 0.0 3.0 0.0 32.0 0.0 0.0 0.6879606879606879
43 41 35 0.0 0.0 1.0 0.0 54.0 1.0 0.0 0.6815968841285296
43 41 36 0.0 0.0 4.0 0.0 86.0 0.0 0.0 0.6698564593301434
43 41 37 0.0 0.0 687.0 0.0 11280.0 30.0 4650.0 0.10030090270812436
43 41 38 0.0 0.0 168.0 0.0 4103.0 25.0 165.0 0.22407170294494236
43 41 39 0.0 0.0 597.0 0.0 10203.0 29.0 2607.0 0.10944340212632893
43 41 40 0.0 0.0 894.0 0.0 12361.0 37.0 6986.0 0.09183941222776174
43 41 41 0.0 0.0 186.0 0.0 4902.0 20.0 310.0 0.1981318992357769
43 41 42 0.0 0.0 354.0 0.0 7719.0 23.0 1164.0 0.13923421183490797
43 41 43 0.0 0.0 225.0 0.0 5281.0 16.0 438.0 0.18681611956231647
43 41 44 0.0 0.0 18.0 0.0 293.0 5.0 2.0 0.6073752711496745
43 41 45 0.0 0.0 1.0 0.0 3.0 0.0 0.0 0.6986027944111775
43 42 35 0.0 0.0 0.0 0.0 3.0 0.0 0.0 0.6989515726410384
43 42 36 0.0 0.0 0.0 0.0 30.0 0.0 0.0 0.689655172413793
43 42 37 0.0 0.0 69.0 0.0 1658.0 9.0 14.0 0.37654653039268415
43 42 38 0.0 0.0 271.0 0.0 5465.0 20.0 333.0 0.1814411612234318
43 42 39 0.0 0.0 409.0 0.0 8029.0 28.0 1239.0 0.1343441128490548
43 42 40 0.0 0.0 191.0 0.0 4893.0 11.0 361.0 0.19790783149561772
43 42 41 0.0 0.0 149.0 0.0 3284.0 11.0 69.0 0.2581596902083717
43 42 42 0.0 0.0 5.0 0.0 489.0 5.0 1.0 0.562700964630225
43 42 43 0.0 0.0 43.0 0.0 913.0 17.0 1.0 0.47651463580667114
43 42 44 0.0 0.0 1.0 0.0 13.0 0.0 0.0 0.6951340615690167
43 42 45 0.0 0.0 0.0 0.0 1.0 0.0 0.0 0.6996501749125437
43 43 35 0.0 0.0 0.0 0.0 3.0 0.0 0.0 0.6989515726410384
43 43 36 0.0 0.0 0.0 0.0 11.0 0.0 0.0 0.6961710591745399
43 43 37 0.0 0.0 1.0 0.0 87.0 0.0 0.0 0.6704980842911876
43 43 38 0.0 0.0 11.0 0.0 615.0 5.0 4.0 0.5341472720335749
43 43 39 0.0 0.0 40.0 0.0 989.0 10.0 2.0 0.4637297118251076
43 43 40 0.0 0.0 36.0 0.0 966.0 8.0 3.0 0.4676018704074816
43 43 41 0.0 0.0 101.0 0.0 2564.0 14.0 53.0 0.30101053536873784
43 43 42 0.0 0.0 3.0 0.0 159.0 3.0 0.0 0.6484483557202407
43 43 43 0.0 0.0 0.0 0.0 10.0 0.0 0.0 0.6965174129353233
43 43 44 0.0 0.0 0.0 0.0 1.0 0.0 0.0 0.6996501749125437
43 44 37 0.0 0.0 0.0 0.0 2.0 0.0 0.0 0.6993006993006992
43 44 40 0.0 0.0 0.0 0.0 6.0 0.0 0.0 0.6979062811565303
43 44 41 0.0 0.0 4.0 0.0 73.0 3.0 0.0 0.6750241080038573
43 44 42 0.0 0.0 0.0 0.0 6.0 0.0 0.0 0.6979062811565303
43 44 43 0.0 0.0 0.0 0.0 1.0 0.0 0.0 0.6996501749125437
43 45 40 0.0 0.0 0.0 0.0 1.0 0.0 0.0 0.6996501749125437
43 45 41 0.0 0.0 0.0 0.0 1.0 0.0 0.0 0.6996501749125437
44 35 38 0.0 0.0 0.0 0.0 1.0 0.0 0.0 0.6996501749125437
44 35 39 0.0 0.0 0.0 0.0 3.0 0.0 0.0 0.6989515726410384
44 35 40 0.0 0.0 0.0 0.0 1.0 0.0 0.0 0.6996501749125437
44 35 41 0.0 0.0 0.0 0.0 3.0 0.0 0.0 0.6989515726410384
44 35 42 0.0 0.0 0.0 0.0 4.0 0.0 0.0 0.6986027944111775
44 36 37 0.0 0.0 0.0 0.0 1.0 0.0 0.0 0.6996501749125437
44 36 38 0.0 0.0 0.0 0.0 3.0 0.0 0.0 0.6989515726410384
44 36 39 0.0 0.0 0.0 0.0 11.0 0.0 0.0 0.6961710591745399
44 36 40 0.0 0.0 0.0 0.0 19.0 0.0 0.0 0.6934125804853887
44 36 41 0.0 0.0 21.0 0.0 906.0 1.0 5.0 0.478468899521531
44 36 42 0.0 0.0 0.0 0.0 9.0 0.0 0.0 0.6968641114982577
44 36 43 0.0 0.0 0.0 0.0 15.0 0.0 0.0 0.694789081885856
44 36 44 0.0 0.0 0.0 0.0 3.0 0.0 0.0 0.6989515726410384
44 37 37 0.0 0.0 0.0 0.0 12.0 0.0 0.0 0.6958250497017892
44 37 38 0.0 0.0 1.0 0.0 17.0 1.0 0.0 0.6944444444444444
44 37 39 0.0 0.0 0.0 0.0 41.0 0.0 0.0 0.6859382655560998
44 37 40 0.0 0.0 60.0 0.0 880.0 9.0 1.0 0.47781569965870296
44 37 41 0.0 0.0 18.0 0.0 439.0 4.0 1.0 0.5707297187117814
44 37 42 0.0 0.0 3.0 0.0 146.0 0.0 0.0 0.6514657980456026
44 37 43 0.0 0.0 55.0 0.0 1159.0 14.0 8.0 0.43749999999999994
44 37 44 0.0 0.0 13.0 0.0 469.0 2.0 1.0 0.564516129032258
44 37 45 0.0 0.0 0.0 0.0 1.0 0.0 0.0 0.6996501749125437
44 38 37 0.0 0.0 0.0 0.0 7.0 0.0 0.0 0.6975585450921773
44 38 38 0.0 0.0 38.0 0.0 1257.0 11.0 6.0 0.4263093788063337
44 38 39 0.0 0.0 14.0 0.0 343.0 4.0 0.0 0.5949851253718657
44 38 40 0.0 0.0 86.0 0.0 1939.0 18.0 18.0 0.34938857000249557
44 38 41 0.0 0.0 398.0 0.0 7737.0 21.0 1023.0 0.13820335636722603
44 38 42 0.0 0.0 56.0 0.0 1268.0 10.0 6.0 0.4224502112251055
44 38 43 0.0 0.0 76.0 0.0 1565.0 11.0 15.0 0.3858875413450937
44 38 44 0.0 0.0 0.0 0.0 49.0 0.0 0.0 0.6832601268911663
44 39 35 0.0 0.0 1.0 0.0 48.0 1.0 0.0 0.6835937499999999
44 39 36 0.0 0.0 1.0 0.0 25.0 0.0 0.0 0.6910167818361302
44 39 37 0.0 0.0 9.0 0.0 272.0 5.0 0.0 0.6151142355008786
44 39 38 0.0 0.0 3.0 0.0 140.0 0.0 0.0 0.6532897806812878
44 39 39 0.0 0.0 22.0 0.0 599.0 7.0 3.0 0.5355776587605202
44 39 40 0.0 0.0 67.0 0.0 1640.0 15.0 12.0 0.37930100243836357
44 39 41 0.0 0.0 388.0 0.0 6888.0 21.0 644.0 0.15117157974300827
44 39 42 0.0 0.0 62.0 0.0 1411.0 13.0 13.0 0.4047412546978895
44 39 43 0.0 0.0 3.0 0.0 161.0 2.0 0.0 0.6475485661424606
44 39 44 0.0 0.0 2.0 0.0 90.0 0.0 0.0 0.6692160611854684
44 39 45 0.0 0.0 0.0 0.0 4.0 0.0 0.0 0.6986027944111775
44 40 35 0.0 0.0 0.0 0.0 3.0 0.0 0.0 0.6989515726410384
44 40 36 0.0 0.0 231.0 0.0 5371.0 14.0 377.0 0.1844289289948623
44 40 37 0.0 0.0 3.0 0.0 72.0 0.0 0.0 0.6750241080038573
44 40 38 0.0 0.0 40.0 0.0 728.0 6.0 1.0 0.506879073135409
44 40 39 0.0 0.0 55.0 0.0 1491.0 13.0 16.0 0.3962637984715538
44 40 40 0.0 0.0 265.0 0.0 5853.0 21.0 430.0 0.17279684028634903
44 40 41 0.0 0.0 20.0 0.0 531.0 1.0 2.0 0.5490196078431372
44 40 42 0.0 0.0 219.0 0.0 4680.0 15.0 202.0 0.2033405954974582
44 40 43 0.0 0.0 96.0 0.0 2362.0 9.0 24.0 0.3144654088050314
44 40 44 0.0 0.0 304.0 0.0 5921.0 22.0 397.0 0.1705653021442495
44 40 45 0.0 0.0 0.0 0.0 1.0 0.0 0.0 0.6996501749125437
44 41 35 0.0 0.0 0.0 0.0 13.0 0.0 0.0 0.6958250497017892
44 41 36 0.0 0.0 0.0 0.0 66.0 0.0 0.0 0.6779661016949151
44 41 37 0.0 0.0 52.0 0.0 1164.0 10.0 9.0 0.43668122270742354
44 41 38 0.0 0.0 5.0 0.0 316.0 0.0 0.0 0.6034482758620688
44 41 39 0.0 0.0 24.0 0.0 729.0 4.0 3.0 0.5098324836125272
44 41 40 0.0 0.0 121.0 0.0 2979.0 16.0 55.0 0.2753737214791503
44 41 41 0.0 0.0 369.0 0.0 8403.0 22.0 1446.0 0.13014781072789808
44 41 42 0.0 0.0 81.0 0.0 1672.0 15.0 15.0 0.37463205780037456
44 41 43 0.0 0.0 0.0 0.0 46.0 0.0 0.0 0.6845965770171147
44 41 44 0.0 0.0 12.0 0.0 239.0 2.0 1.0 0.622498888394842
44 41 45 0.0 0.0 0.0 0.0 4.0 0.0 0.0 0.6986027944111775
44 42 35 0.0 0.0 0.0 0.0 5.0 0.0 0.0 0.6982543640897755
44 42 36 0.0 0.0 281.0 0.0 6730.0 23.0 741.0 0.15567663738463247
44 42 37 0.0 0.0 1.0 0.0 68.0 0.0 0.0 0.6769825918762088
44 42 38 0.0 0.0 0.0 0.0 88.0 0.0 0.0 0.670819357930043
44 42 39 0.0 0.0 20.0 0.0 468.0 4.0 1.0 0.5636070853462157
44 42 40 0.0 0.0 30.0 0.0 553.0 10.0 1.0 0.544111931597357
44 42 41 0.0 0.0 7.0 0.0 132.0 2.0 0.0 0.6551240056153486
44 42 42 0.0 0.0 0.0 0.0 26.0 0.0 0.0 0.6910167818361302
44 42 43 0.0 0.0 0.0 0.0 13.0 0.0 0.0 0.695479384003974
44 42 44 0.0 0.0 0.0 0.0 8.0 0.0 0.0 0.697211155378486
44 43 35 0.0 0.0 0.0 0.0 5.0 0.0 0.0 0.6982543640897755
44 43 36 0.0 0.0 0.0 0.0 8.0 0.0 0.0 0.697211155378486
44 43 37 0.0 0.0 0.0 0.0 4.0 0.0 0.0 0.6986027944111775
44 43 38 0.0 0.0 0.0 0.0 5.0 0.0 0.0 0.6982543640897755
44 43 39 0.0 0.0 0.0 0.0 9.0 0.0 0.0 0.6968641114982577
44 43 40 0.0 0.0 0.0 0.0 21.0 0.0 0.0 0.6927263730826323
44 43 41 0.0 0.0 0.0 0.0 5.0 0.0 0.0 0.6982543640897755
44 43 42 0.0 0.0 5.0 0.0 68.0 3.0 0.0 0.6763285024154588
44 44 40 0.0 0.0 0.0 0.0 2.0 0.0 0.0 0.6993006993006992
45 35 42 0.0 0.0 0.0 0.0 1.0 0.0 0.0 0.6996501749125437
45 36 42 0.0 0.0 0.0 0.0 1.0 0.0 0.0 0.6996501749125437
45 37 40 0.0 0.0 10.0 0.0 165.0 2.0 0.0 0.6442705936493326
45 37 41 0.0 0.0 0.0 0.0 13.0 0.0 0.0 0.695479384003974
45 37 42 0.0 0.0 19.0 0.0 315.0 3.0 0.0 0.6006006006006005
45 37 43 0.0 0.0 0.0 0.0 1.0 0.0 0.0 0.6996501749125437
45 37 44 0.0 0.0 0.0 0.0 1.0 0.0 0.0 0.6996501749125437
45 38 37 0.0 0.0 0.0 0.0 1.0 0.0 0.0 0.6996501749125437
45 38 40 0.0 0.0 0.0 0.0 18.0 0.0 0.0 0.6937561942517343
45 38 41 0.0 0.0 0.0 0.0 16.0 0.0 0.0 0.6944444444444444
45 38 42 0.0 0.0 0.0 0.0 5.0 0.0 0.0 0.6982543640897755
45 38 43 0.0 0.0 5.0 0.0 66.0 0.0 0.0 0.6760019314340897
45 39 35 0.0 0.0 0.0 0.0 1.0 0.0 0.0 0.6996501749125437
45 39 36 0.0 0.0 0.0 0.0 4.0 0.0 0.0 0.6986027944111775
45 39 37 0.0 0.0 0.0 0.0 7.0 0.0 0.0 0.6975585450921773
45 39 39 0.0 0.0 0.0 0.0 4.0 0.0 0.0 0.6986027944111775
45 39 40 0.0 0.0 0.0 0.0 8.0 0.0 0.0 0.697211155378486
45 39 41 0.0 0.0 0.0 0.0 26.0 0.0 0.0 0.6910167818361302
45 39 42 0.0 0.0 0.0 0.0 14.0 0.0 0.0 0.6951340615690167
45 39 43 0.0 0.0 0.0 0.0 2.0 0.0 0.0 0.6993006993006992
45 39 44 0.0 0.0 0.0 0.0 7.0 0.0 0.0 0.6975585450921773
45 39 45 0.0 0.0 0.0 0.0 5.0 0.0 0.0 0.6982543640897755
45 40 35 0.0 0.0 0.0 0.0 3.0 0.0 0.0 0.6989515726410384
45 40 36 0.0 0.0 0.0 0.0 5.0 0.0 0.0 0.6982543640897755
45 40 37 0.0 0.0 2.0 0.0 66.0 2.0 0.0 0.6776379477250725
45 40 39 0.0 0.0 0.0 0.0 5.0 0.0 0.0 0.6982543640897755
45 40 40 0.0 0.0 0.0 0.0 25.0 0.0 0.0 0.6913580246913579
45 40 41 0.0 0.0 0.0 0.0 49.0 0.0 0.0 0.6832601268911663
45 40 42 0.0 0.0 15.0 0.0 230.0 2.0 0.0 0.6241640659830583
45 40 43 0.0 0.0 0.0 0.0 9.0 0.0 0.0 0.6968641114982577
45 40 44 0.0 0.0 0.0 0.0 6.0 0.0 0.0 0.6979062811565303
45 40 45 0.0 0.0 16.0 0.0 265.0 3.0 0.0 0.6145741878841088
45 41 35 0.0 0.0 0.0 0.0 8.0 0.0 0.0 0.697211155378486
45 41 36 0.0 0.0 0.0 0.0 5.0 0.0 0.0 0.6982543640897755
45 41 37 0.0 0.0 0.0 0.0 7.0 0.0 0.0 0.6975585450921773
45 41 39 0.0 0.0 1.0 0.0 48.0 0.0 0.0 0.6832601268911663
45 41 40 0.0 0.0 0.0 0.0 14.0 0.0 0.0 0.6951340615690167
45 41 41 0.0 0.0 0.0 0.0 33.0 1.0 0.0 0.6889763779527558
45 41 42 0.0 0.0 0.0 0.0 9.0 0.0 0.0 0.6968641114982577
45 41 43 0.0 0.0 2.0 0.0 26.0 1.0 0.0 0.6906758756783422
45 41 44 0.0 0.0 0.0 0.0 5.0 0.0 0.0 0.6982543640897755
45 41 45 0.0 0.0 0.0 0.0 2.0 0.0 0.0 0.6993006993006992
45 42 35 0.0 0.0 0.0 0.0 3.0 0.0 0.0 0.6989515726410384
45 42 36 0.0 0.0 6.0 0.0 342.0 2.0 0.0 0.5967604433077578
45 42 37 0.0 0.0 0.0 0.0 4.0 0.0 0.0 0.6986027944111775
45 42 39 0.0 0.0 0.0 0.0 2.0 0.0 0.0 0.6993006993006992
45 42 40 0.0 0.0 0.0 0.0 8.0 0.0 0.0 0.697211155378486
45 42 41 0.0 0.0 0.0 0.0 23.0 0.0 0.0 0.6920415224913494
45 42 42 0.0 0.0 4.0 0.0 61.0 1.0 0.0 0.6782945736434108
45 43 35 0.0 0.0 0.0 0.0 8.0 0.0 0.0 0.697211155378486
45 43 36 0.0 0.0 0.0 0.0 6.0 0.0 0.0 0.6979062811565303
45 43 37 0.0 0.0 10.0 0.0 114.0 3.0 0.0 0.66006600660066
