34 37 39 0.0 0.0 0.0 0.0 3.0 0.0 0.0 0.6989515726410384
34 37 40 0.0 0.0 0.0 0.0 4.0 0.0 0.0 0.6986027944111775
34 37 41 0.0 0.0 0.0 0.0 6.0 0.0 0.0 0.6979062811565303
34 37 42 0.0 0.0 0.0 0.0 1.0 0.0 0.0 0.6996501749125437
34 38 37 0.0 0.0 0.0 0.0 4.0 0.0 0.0 0.6986027944111775
34 38 38 0.0 0.0 0.0 0.0 8.0 0.0 0.0 0.697211155378486
34 38 39 0.0 0.0 2.0 0.0 68.0 0.0 0.0 0.6763285024154588
34 38 40 0.0 0.0 12.0 0.0 294.0 3.0 0.0 0.60790273556231
34 38 41 0.0 0.0 0.0 0.0 9.0 0.0 0.0 0.6968641114982577
34 38 42 0.0 0.0 0.0 0.0 2.0 0.0 0.0 0.6993006993006992
34 39 37 0.0 0.0 0.0 0.0 18.0 0.0 0.0 0.6937561942517343
34 39 38 0.0 0.0 2.0 0.0 37.0 0.0 0.0 0.6866110838646394
34 39 39 0.0 0.0 0.0 0.0 20.0 0.0 0.0 0.6930693069306929
34 39 40 0.0 0.0 0.0 0.0 10.0 0.0 0.0 0.6965174129353233
34 39 41 0.0 0.0 0.0 0.0 5.0 0.0 0.0 0.6982543640897755
34 39 42 0.0 0.0 0.0 0.0 6.0 0.0 0.0 0.6979062811565303
34 40 36 0.0 0.0 0.0 0.0 4.0 0.0 0.0 0.6986027944111775
34 40 37 0.0 0.0 0.0 0.0 22.0 0.0 0.0 0.6923837784371908
34 40 38 0.0 0.0 0.0 0.0 9.0 0.0 0.0 0.6968641114982577
34 40 39 0.0 0.0 0.0 0.0 18.0 0.0 0.0 0.694100148735746
34 40 40 0.0 0.0 0.0 0.0 1.0 0.0 0.0 0.6996501749125437
34 41 36 0.0 0.0 1.0 0.0 14.0 0.0 0.0 0.694789081885856
34 41 37 0.0 0.0 0.0 0.0 7.0 0.0 0.0 0.6975585450921773
34 41 38 0.0 0.0 5.0 0.0 80.0 1.0 0.0 0.6717850287907868
34 41 39 0.0 0.0 0.0 0.0 12.0 0.0 0.0 0.6958250497017892
34 41 40 0.0 0.0 0.0 0.0 3.0 0.0 0.0 0.6989515726410384
34 41 41 0.0 0.0 0.0 0.0 3.0 0.0 0.0 0.6989515726410384
34 41 43 0.0 0.0 0.0 0.0 2.0 0.0 0.0 0.6993006993006992
34 42 36 0.0 0.0 0.0 0.0 1.0 0.0 0.0 0.6996501749125437
34 42 37 0.0 0.0 0.0 0.0 1.0 0.0 0.0 0.0
34 42 38 0.0 0.0 0.0 0.0 3.0 0.0 0.0 0.6989515726410384
34 42 39 0.0 0.0 0.0 0.0 8.0 0.0 0.0 0.697211155378486
34 42 40 0.0 0.0 0.0 0.0 1.0 0.0 0.0 0.6996501749125437
34 42 41 0.0 0.0 0.0 0.0 3.0 0.0 0.0 0.6989515726410384
34 42 43 0.0 0.0 0.0 0.0 1.0 0.0 0.0 0.6996501749125437
34 43 38 0.0 0.0 0.0 0.0 1.0 0.0 0.0 0.6996501749125437
34 43 39 0.0 0.0 0.0 0.0 1.0 0.0 0.0 0.6996501749125437
34 43 40 0.0 0.0 0.0 0.0 1.0 0.0 0.0 0.6996501749125437
34 43 41 0.0 0.0 0.0 0.0 1.0 0.0 0.0 0.6996501749125437
34 44 40 0.0 0.0 0.0 0.0 2.0 0.0 0.0 0.6993006993006992
34 44 41 0.0 0.0 0.0 0.0 2.0 0.0 0.0 0.6993006993006992
34 45 39 0.0 0.0 0.0 0.0 1.0 0.0 0.0 0.6996501749125437
34 45 42 0.0 0.0 0.0 0.0 1.0 0.0 0.0 0.6996501749125437
34 45 43 0.0 0.0 0.0 0.0 1.0 0.0 0.0 0.6996501749125437
35 35 40 0.0 0.0 0.0 0.0 1.0 0.0 0.0 0.6996501749125437
35 35 41 0.0 0.0 1.0 0.0 17.0 1.0 0.0 0.694100148735746
35 35 42 0.0 0.0 0.0 0.0 5.0 0.0 0.0 0.6982543640897755
35 36 37 0.0 0.0 0.0 0.0 1.0 0.0 0.0 0.6996501749125437
35 36 38 0.0 0.0 0.0 0.0 9.0 0.0 0.0 0.6968641114982577
35 36 39 0.0 0.0 2.0 0.0 33.0 0.0 0.0 0.6879606879606879
35 36 40 0.0 0.0 1.0 0.0 17.0 0.0 0.0 0.6937561942517343
35 36 41 0.0 0.0 0.0 0.0 7.0 0.0 0.0 0.6975585450921773
35 36 42 0.0 0.0 0.0 0.0 6.0 0.0 0.0 0.6979062811565303
35 36 43 0.0 0.0 0.0 0.0 2.0 0.0 0.0 0.6993006993006992
35 37 36 0.0 0.0 0.0 0.0 1.0 0.0 0.0 0.6996501749125437
35 37 37 0.0 0.0 0.0 0.0 6.0 0.0 0.0 0.6979062811565303
35 37 38 0.0 0.0 0.0 0.0 12.0 0.0 0.0 0.6958250497017892
35 37 39 0.0 0.0 1.0 0.0 60.0 0.0 0.0 0.6792819019893255
35 37 40 0.0 0.0 1.0 0.0 62.0 0.0 0.0 0.6789524733268669
35 37 41 0.0 0.0 0.0 0.0 55.0 0.0 0.0 0.6812652068126519
35 37 42 0.0 0.0 2.0 0.0 48.0 2.0 0.0 0.6839276990718123
35 37 43 0.0 0.0 0.0 0.0 4.0 0.0 0.0 0.6989515726410384
35 38 36 0.0 0.0 0.0 0.0 5.0 0.0 0.0 0.6982543640897755
35 38 37 0.0 0.0 0.0 0.0 17.0 0.0 0.0 0.694100148735746
35 38 38 0.0 0.0 0.0 0.0 66.0 0.0 0.0 0.6776379477250725
35 38 39 0.0 0.0 15.0 0.0 482.0 4.0 0.0 0.5615724027276373
35 38 40 0.0 0.0 241.0 0.0 5778.0 22.0 439.0 0.17499999999999996
35 38 41 0.0 0.0 214.0 0.0 5072.0 14.0 322.0 0.19233411182854787
35 38 42 0.0 0.0 0.0 0.0 10.0 0.0 0.0 0.6965174129353233
35 38 43 0.0 0.0 0.0 0.0 5.0 0.0 0.0 0.6982543640897755
35 38 44 0.0 0.0 1.0 0.0 0.0 0.0 0.0 0.6996501749125437
35 39 36 0.0 0.0 2.0 0.0 67.0 1.0 0.0 0.6769825918762088
35 39 37 0.0 0.0 11.0 0.0 395.0 4.0 0.0 0.5828476269775186
35 39 38 0.0 0.0 285.0 0.0 5939.0 36.0 421.0 0.17089843749999994
35 39 39 0.0 0.0 65.0 0.0 2012.0 8.0 21.0 0.34414945919370693
35 39 40 0.0 0.0 26.0 0.0 810.0 2.0 2.0 0.494175785386516
35 39 41 0.0 0.0 84.0 0.0 1929.0 11.0 27.0 0.34973769672745436
35 39 42 0.0 0.0 4.0 0.0 39.0 3.0 0.0 0.6862745098039215
35 39 43 0.0 0.0 0.0 0.0 13.0 0.0 0.0 0.695479384003974
35 39 44 0.0 0.0 0.0 0.0 1.0 0.0 0.0 0.6996501749125437
35 40 36 0.0 0.0 3.0 0.0 32.0 1.0 0.0 0.6882989183874139
35 40 37 0.0 0.0 128.0 0.0 3067.0 17.0 77.0 0.27037466203167243
35 40 38 0.0 0.0 324.0 0.0 7026.0 23.0 802.0 0.15005359056806
35 40 39 0.0 0.0 61.0 0.0 1408.0 11.0 7.0 0.4048582995951417
35 40 40 0.0 0.0 104.0 0.0 2632.0 9.0 46.0 0.2961709329384387
35 40 41 0.0 0.0 34.0 0.0 974.0 8.0 7.0 0.46666666666666656
35 40 42 0.0 0.0 4.0 0.0 61.0 0.0 0.0 0.6782945736434108
35 40 43 0.0 0.0 0.0 0.0 25.0 0.0 0.0 0.6920415224913494
35 40 44 0.0 0.0 0.0 0.0 3.0 0.0 0.0 0.6989515726410384
35 41 36 0.0 0.0 0.0 0.0 15.0 0.0 0.0 0.694789081885856
35 41 37 0.0 0.0 131.0 0.0 3607.0 12.0 146.0 0.24441340782122903
35 41 38 0.0 0.0 192.0 0.0 4374.0 24.0 196.0 0.21393643031784837
35 41 39 0.0 0.0 77.0 0.0 2056.0 8.0 30.0 0.3394762366634335
35 41 40 0.0 0.0 110.0 0.0 2436.0 12.0 46.0 0.30864197530864196
35 41 41 0.0 0.0 3.0 0.0 163.0 2.0 0.0 0.6469500924214416
35 41 42 0.0 0.0 23.0 0.0 561.0 5.0 2.0 0.543056633048875
35 41 43 0.0 0.0 59.0 0.0 968.0 15.0 3.0 0.46496180670873455
35 41 44 0.0 0.0 0.0 0.0 20.0 0.0 0.0 0.6930693069306929
35 42 35 0.0 0.0 0.0 0.0 1.0 0.0 0.0 0.6996501749125437
35 42 36 0.0 0.0 0.0 0.0 8.0 0.0 0.0 0.697211155378486
35 42 37 0.0 0.0 21.0 0.0 370.0 4.0 0.0 0.5865102639296187
35 42 38 0.0 0.0 23.0 0.0 590.0 5.0 4.0 0.5368098159509201
35 42 39 0.0 0.0 28.0 0.0 569.0 8.0 1.0 0.5407493240633449
35 42 40 0.0 0.0 64.0 0.0 1357.0 8.0 10.0 0.4101963082332258
35 42 41 0.0 0.0 2.0 0.0 118.0 2.0 0.0 0.6613131790269249
35 42 42 0.0 0.0 7.0 0.0 326.0 0.0 1.0 0.6000857265323617
35 42 43 0.0 0.0 47.0 0.0 824.0 9.0 3.0 0.48916841369671554
35 42 44 0.0 0.0 6.0 0.0 154.0 2.0 0.0 0.6487488415199257
35 43 37 0.0 0.0 1.0 0.0 51.0 2.0 0.0 0.6829268292682925
35 43 38 0.0 0.0 6.0 0.0 109.0 4.0 0.0 0.6631927996210326
35 43 39 0.0 0.0 68.0 0.0 1193.0 11.0 11.0 0.43076923076923074
35 43 40 0.0 0.0 42.0 0.0 814.0 9.0 1.0 0.4917456972251492
35 43 41 0.0 0.0 13.0 0.0 313.0 3.0 0.0 0.6026689625484287
35 43 42 0.0 0.0 0.0 0.0 48.0 0.0 0.0 0.6835937499999999
35 43 43 0.0 0.0 72.0 0.0 1362.0 16.0 10.0 0.4095962551199532
35 43 44 0.0 0.0 0.0 0.0 2.0 0.0 0.0 0.6993006993006992
35 44 37 0.0 0.0 0.0 0.0 6.0 0.0 0.0 0.6979062811565303
35 44 38 0.0 0.0 6.0 0.0 109.0 1.0 0.0 0.662251655629139
35 44 39 0.0 0.0 38.0 0.0 700.0 6.0 2.0 0.5122575923893158
35 44 40 0.0 0.0 107.0 0.0 2418.0 20.0 41.0 0.3106968486462494
35 44 41 0.0 0.0 18.0 0.0 399.0 4.0 0.0 0.5804311774461027
35 44 42 0.0 0.0 74.0 0.0 1717.0 12.0 15.0 0.3704683778777454
35 44 43 0.0 0.0 15.0 0.0 303.0 5.0 0.0 0.6052745352356247
35 44 44 0.0 0.0 0.0 0.0 4.0 0.0 0.0 0.6986027944111775
35 45 38 0.0 0.0 0.0 0.0 2.0 0.0 0.0 0.6993006993006992
35 45 39 0.0 0.0 0.0 0.0 15.0 0.0 0.0 0.694789081885856
35 45 40 0.0 0.0 0.0 0.0 12.0 0.0 0.0 0.6958250497017892
35 45 41 0.0 0.0 0.0 0.0 13.0 0.0 0.0 0.695479384003974
35 45 42 0.0 0.0 0.0 0.0 4.0 0.0 0.0 0.6986027944111775
35 45 43 0.0 0.0 0.0 0.0 7.0 0.0 0.0 0.6975585450921773
36 35 39 0.0 0.0 0.0 0.0 3.0 0.0 0.0 0.6989515726410384
36 35 40 0.0 0.0 1.0 0.0 8.0 1.0 0.0 0.697211155378486
36 35 41 0.0 0.0 0.0 0.0 3.0 0.0 0.0 0.6989515726410384
36 35 42 0.0 0.0 0.0 0.0 11.0 0.0 0.0 0.6961710591745399
36 35 43 0.0 0.0 0.0 0.0 18.0 0.0 0.0 0.6937561942517343
36 35 44 0.0 0.0 0.0 0.0 9.0 0.0 0.0 0.6968641114982577
36 36 36 0.0 0.0 0.0 0.0 1.0 0.0 0.0 0.6996501749125437
36 36 37 0.0 0.0 0.0 0.0 6.0 0.0 0.0 0.6979062811565303
36 36 38 0.0 0.0 6.0 0.0 193.0 1.0 1.0 0.6369426751592355
36 36 39 0.0 0.0 21.0 0.0 714.0 7.0 2.0 0.5133846718005133
36 36 40 0.0 0.0 34.0 0.0 985.0 10.0 11.0 0.46527085410435354
36 36 41 0.0 0.0 236.0 0.0 4555.0 16.0 173.0 0.20658108307510697
36 36 42 0.0 0.0 113.0 0.0 2400.0 15.0 32.0 0.311249444197421
36 36 43 0.0 0.0 1.0 0.0 89.0 0.0 0.0 0.6698564593301434
36 36 44 0.0 0.0 0.0 0.0 15.0 0.0 0.0 0.694789081885856
36 36 45 0.0 0.0 0.0 0.0 1.0 0.0 0.0 0.6996501749125437
36 37 36 0.0 0.0 0.0 0.0 9.0 0.0 0.0 0.6968641114982577
36 37 37 0.0 0.0 9.0 0.0 199.0 3.0 0.0 0.6349206349206349
36 37 38 0.0 0.0 218.0 0.0 4880.0 14.0 269.0 0.1975169300225733
36 37 39 0.0 0.0 243.0 0.0 5237.0 14.0 281.0 0.18749162983795362
36 37 40 0.0 0.0 285.0 0.0 6203.0 19.0 511.0 0.16523073291632243
36 37 41 0.0 0.0 102.0 0.0 2404.0 7.0 49.0 0.31111111111111106
36 37 42 0.0 0.0 257.0 0.0 5353.0 15.0 322.0 0.1842832697117283
36 37 43 0.0 0.0 37.0 0.0 747.0 7.0 1.0 0.5041411595246669
36 37 44 0.0 0.0 3.0 0.0 156.0 0.0 0.0 0.6484483557202407
36 37 45 0.0 0.0 0.0 0.0 5.0 0.0 0.0 0.6982543640897755
36 38 36 0.0 0.0 2.0 0.0 57.0 1.0 0.0 0.6802721088435373
36 38 37 0.0 0.0 91.0 0.0 2152.0 11.0 36.0 0.330812854442344
36 38 38 0.0 0.0 159.0 0.0 3255.0 14.0 99.0 0.2592592592592592
36 38 39 0.0 0.0 344.0 0.0 6770.0 18.0 582.0 0.1538461538461538
36 38 40 0.0 0.0 718.0 0.0 11376.0 22.0 5489.0 0.09934009792095365
36 38 41 0.0 0.0 296.0 0.0 6554.0 13.0 687.0 0.1583889580269261
36 38 42 0.0 0.0 15.0 0.0 550.0 4.0 1.0 0.5468749999999999
36 38 43 0.0 0.0 15.0 0.0 430.0 5.0 0.0 0.5735354362965996
36 38 44 0.0 0.0 0.0 0.0 63.0 0.0 0.0 0.6786233640329616
36 38 45 0.0 0.0 2.0 0.0 45.0 0.0 0.0 0.6839276990718123
36 39 35 0.0 0.0 0.0 0.0 10.0 0.0 0.0 0.6965174129353233
36 39 36 0.0 0.0 26.0 0.0 429.0 5.0 0.0 0.5714285714285713
36 39 37 0.0 0.0 194.0 0.0 4707.0 19.0 247.0 0.20342923568730018
36 39 38 0.0 0.0 286.0 0.0 6117.0 20.0 513.0 0.1669250029808036
36 39 39 0.0 0.0 829.0 0.0 12139.0 32.0 6819.0 0.09362669698388282
36 39 40 0.0 0.0 545.0 0.0 10364.0 29.0 3297.0 0.10859447719515979
36 39 41 0.0 0.0 159.0 0.0 3560.0 17.0 123.0 0.24548483254427492
36 39 42 0.0 0.0 90.0 0.0 2189.0 15.0 30.0 0.32833020637898686
36 39 43 0.0 0.0 17.0 0.0 572.0 4.0 1.0 0.5417956656346749
36 39 44 0.0 0.0 0.0 0.0 47.0 0.0 0.0 0.6839276990718123
36 39 45 0.0 0.0 0.0 0.0 9.0 0.0 0.0 0.6968641114982577
36 40 35 0.0 0.0 0.0 0.0 10.0 0.0 0.0 0.6965174129353233
36 40 36 0.0 0.0 21.0 0.0 640.0 5.0 2.0 0.5271084337349397
36 40 37 0.0 0.0 322.0 0.0 6434.0 25.0 536.0 0.16032982134677048
36 40 38 0.0 0.0 1100.0 0.0 12654.0 38.0 11021.0 0.0889058233314282
36 40 39 0.0 0.0 776.0 0.0 11595.0 33.0 6839.0 0.0974794596852806
36 40 40 0.0 0.0 285.0 0.0 6702.0 18.0 808.0 0.15602362643486012
36 40 41 0.0 0.0 347.0 0.0 7601.0 27.0 1186.0 0.1410437235543018
36 40 42 0.0 0.0 173.0 0.0 4043.0 16.0 129.0 0.22573363431151236
36 40 43 0.0 0.0 209.0 0.0 4787.0 18.0 270.0 0.20051561157261527
36 40 44 0.0 0.0 2.0 0.0 57.0 1.0 0.0 0.6802721088435373
36 41 34 0.0 0.0 1.0 0.0 3.0 1.0 0.0 0.6989515726410384
36 41 35 0.0 0.0 0.0 0.0 24.0 0.0 0.0 0.6916996047430829
36 41 36 0.0 0.0 0.0 0.0 87.0 0.0 0.0 0.670819357930043
36 41 37 0.0 0.0 339.0 0.0 7190.0 21.0 844.0 0.14716703458425312
36 41 38 0.0 0.0 938.0 0.0 12489.0 35.0 8012.0 0.09082062925721698
36 41 39 0.0 0.0 223.0 0.0 4962.0 23.0 282.0 0.19539427773900903
36 41 40 0.0 0.0 732.0 0.0 11528.0 36.0 4664.0 0.09831460674157302
36 41 41 0.0 0.0 480.0 0.0 8826.0 24.0 1601.0 0.1239925604463732
36 41 42 0.0 0.0 390.0 0.0 8120.0 20.0 1345.0 0.13332063612989237
36 41 43 0.0 0.0 102.0 0.0 2279.0 16.0 41.0 0.32073310423825885
36 41 44 0.0 0.0 0.0 0.0 43.0 0.0 0.0 0.6852667645619186
36 41 45 0.0 0.0 0.0 0.0 1.0 0.0 0.0 0.6996501749125437
36 42 34 0.0 0.0 0.0 0.0 1.0 0.0 0.0 0.6996501749125437
36 42 35 0.0 0.0 0.0 0.0 12.0 0.0 0.0 0.6958250497017892
36 42 36 0.0 0.0 0.0 0.0 46.0 0.0 0.0 0.6842619745845552
36 42 37 0.0 0.0 29.0 0.0 969.0 7.0 4.0 0.4682274247491638
36 42 38 0.0 0.0 467.0 0.0 8743.0 24.0 1775.0 0.12499999999999997
36 42 39 0.0 0.0 240.0 0.0 5084.0 19.0 302.0 0.1916233232959211
36 42 40 0.0 0.0 414.0 0.0 8454.0 18.0 1605.0 0.12891344383057088
36 42 41 0.0 0.0 354.0 0.0 7221.0 29.0 836.0 0.14661221070269134
36 42 42 0.0 0.0 322.0 0.0 6908.0 17.0 772.0 0.15186028853454822
36 42 43 0.0 0.0 369.0 0.0 8272.0 23.0 1569.0 0.13176470588235292
36 42 44 0.0 0.0 3.0 0.0 61.0 0.0 0.0 0.6786233640329616
36 43 34 0.0 0.0 0.0 0.0 1.0 0.0 0.0 0.6996501749125437
36 43 35 0.0 0.0 0.0 0.0 2.0 0.0 0.0 0.6993006993006992
36 43 36 0.0 0.0 30.0 0.0 991.0 9.0 7.0 0.4648074369189906
36 43 37 0.0 0.0 37.0 0.0 887.0 5.0 6.0 0.4797806716929403
36 43 38 0.0 0.0 286.0 0.0 5682.0 19.0 374.0 0.17598994343180385
36 43 39 0.0 0.0 221.0 0.0 5254.0 14.0 331.0 0.18756698821007503
36 43 40 0.0 0.0 317.0 0.0 6868.0 15.0 664.0 0.1525885558583106
36 43 41 0.0 0.0 228.0 0.0 5101.0 22.0 298.0 0.19154467095361877
36 43 42 0.0 0.0 262.0 0.0 5204.0 18.0 278.0 0.18789424238357263
36 43 43 0.0 0.0 104.0 0.0 2513.0 11.0 47.0 0.30375352571056624
36 43 44 0.0 0.0 0.0 0.0 27.0 0.0 0.0 0.6906758756783422
36 44 36 0.0 0.0 0.0 0.0 4.0 0.0 0.0 0.6986027944111775
36 44 37 0.0 0.0 1.0 0.0 44.0 0.0 0.0 0.6845965770171147
36 44 38 0.0 0.0 91.0 0.0 2167.0 13.0 27.0 0.32979976442873965
36 44 39 0.0 0.0 279.0 0.0 6495.0 28.0 644.0 0.16005487595747112
36 44 40 0.0 0.0 55.0 0.0 1336.0 9.0 8.0 0.41407867494824013
36 44 41 0.0 0.0 386.0 0.0 7363.0 23.0 773.0 0.14381099126861838
36 44 42 0.0 0.0 260.0 0.0 5688.0 27.0 394.0 0.17665615141955834
36 44 43 0.0 0.0 8.0 0.0 158.0 2.0 0.0 0.6469500924214416
36 44 44 0.0 0.0 1.0 0.0 25.0 1.0 0.0 0.6913580246913579
36 45 37 0.0 0.0 2.0 0.0 17.0 1.0 0.0 0.6937561942517343
36 45 38 0.0 0.0 0.0 0.0 7.0 0.0 0.0 0.6975585450921773
36 45 39 0.0 0.0 0.0 0.0 26.0 0.0 0.0 0.6910167818361302
36 45 40 0.0 0.0 6.0 0.0 252.0 3.0 1.0 0.6208425720620842
36 45 41 0.0 0.0 22.0 0.0 550.0 6.0 0.0 0.5455962587685113
36 45 42 0.0 0.0 2.0 0.0 109.0 1.0 0.0 0.6635071090047392
36 45 43 0.0 0.0 0.0 0.0 15.0 0.0 0.0 0.694789081885856
36 46 41 0.0 0.0 3.0 0.0 6.0 2.0 0.0 0.6975585450921773
36 46 42 0.0 0.0 0.0 0.0 1.0 0.0 0.0 0.6996501749125437
36 47 42 0.0 0.0 0.0 0.0 1.0 0.0 0.0 0.6996501749125437
37 34 41 0.0 0.0 0.0 0.0 1.0 0.0 0.0 0.6996501749125437
37 35 36 0.0 0.0 0.0 0.0 6.0 0.0 0.0 0.6979062811565303
37 35 37 0.0 0.0 24.0 0.0 389.0 8.0 1.0 0.582120582120582
37 35 38 0.0 0.0 2.0 0.0 104.0 1.0 0.0 0.6650831353919239
37 35 39 0.0 0.0 42.0 0.0 840.0 7.0 3.0 0.48695652173913034
37 35 40 0.0 0.0 3.0 0.0 114.0 2.0 0.0 0.6619385342789597
37 35 41 0.0 0.0 0.0 0.0 40.0 0.0 0.0 0.6862745098039215
37 35 42 0.0 0.0 0.0 0.0 55.0 0.0 0.0 0.6812652068126519
37 35 43 0.0 0.0 0.0 0.0 13.0 0.0 0.0 0.695479384003974
37 35 44 0.0 0.0 0.0 0.0 26.0 0.0 0.0 0.6910167818361302
37 36 35 0.0 0.0 0.0 0.0 8.0 0.0 0.0 0.697211155378486
37 36 36 0.0 0.0 4.0 0.0 73.0 0.0 0.0 0.6740491092922483
37 36 37 0.0 0.0 0.0 0.0 99.0 1.0 0.0 0.6673021925643469
37 36 38 0.0 0.0 23.0 0.0 666.0 6.0 1.0 0.5221932114882506
37 36 39 0.0 0.0 114.0 0.0 2756.0 10.0 76.0 0.28806584362139914
37 36 40 0.0 0.0 215.0 0.0 4804.0 18.0 265.0 0.19980019980019975
37 36 41 0.0 0.0 138.0 0.0 3904.0 16.0 175.0 0.23232658479920343
37 36 42 0.0 0.0 83.0 0.0 2285.0 8.0 51.0 0.3210272873194221
37 36 43 0.0 0.0 391.0 0.0 8080.0 21.0 1338.0 0.1338816104045137
37 36 44 0.0 0.0 12.0 0.0 462.0 3.0 1.0 0.5668016194331983
37 36 45 0.0 0.0 0.0 0.0 3.0 0.0 0.0 0.6989515726410384
37 37 34 0.0 0.0 0.0 0.0 1.0 0.0 0.0 0.6996501749125437
37 37 35 0.0 0.0 0.0 0.0 28.0 0.0 0.0 0.690335305719921
37 37 36 0.0 0.0 47.0 0.0 1031.0 7.0 4.0 0.45587756431129917
37 37 37 0.0 0.0 155.0 0.0 3480.0 24.0 88.0 0.24942098699447707
37 37 38 0.0 0.0 231.0 0.0 4943.0 24.0 274.0 0.19564002235885966
37 37 39 0.0 0.0 800.0 0.0 11914.0 26.0 6111.0 0.09516041326808046
37 37 40 0.0 0.0 1175.0 0.0 12616.0 43.0 14454.0 0.08873114463176573
37 37 41 0.0 0.0 682.0 0.0 11309.0 20.0 4758.0 0.10006432706740045
37 37 42 0.0 0.0 354.0 0.0 7669.0 20.0 1015.0 0.13991605036977808
37 37 43 0.0 0.0 293.0 0.0 6878.0 17.0 844.0 0.1528885006006334
37 37 44 0.0 0.0 3.0 0.0 161.0 0.0 0.0 0.6469500924214416
37 37 45 0.0 0.0 13.0 0.0 231.0 5.0 0.0 0.6252791424743188
37 37 46 0.0 0.0 0.0 0.0 4.0 0.0 0.0 0.6986027944111775
37 38 34 0.0 0.0 0.0 0.0 1.0 0.0 0.0 0.6996501749125437
37 38 35 0.0 0.0 0.0 0.0 25.0 0.0 0.0 0.6913580246913579
37 38 36 0.0 0.0 3.0 0.0 231.0 1.0 0.0 0.6269592476489028
37 38 37 0.0 0.0 120.0 0.0 3279.0 20.0 120.0 0.26027142591559765
37 38 38 0.0 0.0 626.0 0.0 11042.0 27.0 5236.0 0.10244402165959314
37 38 39 0.0 0.0 681.0 0.0 11171.0 20.0 4302.0 0.1011268419531927
37 38 40 0.0 0.0 645.0 0.0 10741.0 17.0 3049.0 0.10460251046025103
37 38 41 0.0 0.0 909.0 0.0 12335.0 28.0 8433.0 0.09189969804384927
37 38 42 0.0 0.0 353.0 0.0 7519.0 20.0 1051.0 0.14197343068654295
37 38 43 0.0 0.0 544.0 0.0 10018.0 27.0 2235.0 0.11156267431667861
37 38 44 0.0 0.0 425.0 0.0 8140.0 30.0 1243.0 0.13278952859717347
37 38 45 0.0 0.0 54.0 0.0 1428.0 14.0 9.0 0.40369088811995385
37 38 46 0.0 0.0 1.0 0.0 17.0 0.0 0.0 0.6937561942517343
37 39 34 0.0 0.0 0.0 0.0 1.0 0.0 0.0 0.6996501749125437
37 39 35 0.0 0.0 14.0 0.0 292.0 4.0 1.0 0.6081668114682883
37 39 36 0.0 0.0 26.0 0.0 947.0 8.0 9.0 0.4723346828609986
37 39 37 0.0 0.0 726.0 0.0 11190.0 28.0 4197.0 0.10070493454179252
37 39 38 0.0 0.0 965.0 0.0 12469.0 35.0 8343.0 0.09079118028534369
37 39 39 0.0 0.0 1178.0 1.0 12806.0 31.0 14013.0 0.08759306763436149
37 39 40 0.0 0.0 1015.0 0.0 12773.0 34.0 10314.0 0.0886749429946795
37 39 41 0.0 0.0 965.0 0.0 12638.0 28.0 8587.0 0.08974934290659656
37 39 42 0.0 0.0 481.0 0.0 9077.0 20.0 1776.0 0.12127512127512126
37 39 43 0.0 0.0 247.0 0.0 5961.0 16.0 512.0 0.17089843749999994
37 39 44 0.0 0.0 100.0 0.0 2436.0 18.0 44.0 0.30987162461266043
37 39 45 0.0 0.0 5.0 0.0 75.0 1.0 0.0 0.6734006734006733
37 39 46 0.0 0.0 0.0 0.0 8.0 0.0 0.0 0.697211155378486
37 40 34 0.0 0.0 0.0 0.0 1.0 0.0 0.0 0.6996501749125437
37 40 35 0.0 0.0 0.0 0.0 35.0 0.0 0.0 0.6879606879606879
37 40 36 0.0 0.0 242.0 0.0 5525.0 17.0 369.0 0.180528691166989
37 40 37 0.0 0.0 485.0 0.0 9017.0 13.0 1536.0 0.12173913043478259
37 40 38 0.0 0.0 756.0 0.0 11553.0 34.0 5387.0 0.0979980400391992
37 40 39 0.0 0.0 1888.0 0.0 12404.0 50.0 28791.0 0.08588430157659038
37 40 40 0.0 0.0 1314.0 0.0 12900.0 32.0 16510.0 0.08630255208975464
37 40 41 0.0 0.0 1164.0 0.0 12761.0 36.0 13218.0 0.08793417498900821
37 40 42 0.0 0.0 704.0 0.0 11491.0 38.0 4502.0 0.09879331028156092
37 40 43 0.0 0.0 510.0 0.0 9504.0 18.0 2075.0 0.11655011655011653
37 40 44 0.0 0.0 43.0 0.0 1121.0 10.0 1.0 0.4438807863031071
37 40 45 0.0 0.0 1.0 0.0 38.0 1.0 0.0 0.6869479882237487
37 40 46 0.0 0.0 0.0 0.0 3.0 0.0 0.0 0.6989515726410384
37 41 35 0.0 0.0 2.0 0.0 49.0 1.0 0.0 0.6829268292682925
37 41 36 0.0 0.0 435.0 0.0 8554.0 23.0 1447.0 0.12759752096244986
37 41 37 0.0 0.0 525.0 0.0 9664.0 20.0 2357.0 0.1149614058137625
37 41 38 0.0 0.0 601.0 0.0 10534.0 27.0 3519.0 0.1067317221925745
37 41 39 0.0 0.0 1238.0 0.0 13055.0 32.0 13616.0 0.08583690987124462
37 41 40 0.0 0.0 1258.0 0.0 13328.0 41.0 11855.0 0.08444417636769407
37 41 41 0.0 0.0 913.0 0.0 12293.0 22.0 8960.0 0.0920447074293228
37 41 42 0.0 0.0 502.0 0.0 9545.0 27.0 2306.0 0.11631771352608838
37 41 43 0.0 0.0 325.0 0.0 7209.0 15.0 858.0 0.14699706005879878
37 41 44 0.0 0.0 77.0 0.0 1558.0 18.0 19.0 0.38695411829740184
37 41 45 0.0 0.0 0.0 0.0 14.0 0.0 0.0 0.6951340615690167
37 42 34 0.0 0.0 0.0 0.0 3.0 0.0 0.0 0.6989515726410384
37 42 35 0.0 0.0 118.0 0.0 3125.0 15.0 97.0 0.2676352513859682
37 42 36 0.0 0.0 2.0 0.0 222.0 0.0 0.0 0.6294964028776977
37 42 37 0.0 0.0 367.0 0.0 7212.0 23.0 811.0 0.1464741577735928
37 42 38 0.0 0.0 365.0 0.0 8406.0 28.0 1538.0 0.13023255813953488
37 42 39 0.0 0.0 1082.0 0.0 12700.0 37.0 11989.0 0.08873676871395067
37 42 40 0.0 0.0 1547.0 0.0 12700.0 49.0 20928.0 0.08622282441337685
37 42 41 0.0 0.0 920.0 0.0 12409.0 33.0 9103.0 0.09135399673735725
37 42 42 0.0 0.0 1035.0 0.0 12718.0 40.0 10627.0 0.08899624944377343
37 42 43 0.0 0.0 220.0 0.0 5583.0 21.0 449.0 0.17990233873040348
37 42 44 0.0 0.0 86.0 0.0 1687.0 18.0 23.0 0.3727369542066027
37 42 45 0.0 0.0 0.0 0.0 8.0 0.0 0.0 0.697211155378486
37 43 35 0.0 0.0 0.0 0.0 29.0 0.0 0.0 0.6899950714637751
37 43 36 0.0 0.0 9.0 0.0 439.0 3.0 2.0 0.5723630417007358
37 43 37 0.0 0.0 323.0 0.0 6718.0 18.0 684.0 0.15505593088935649
37 43 38 0.0 0.0 678.0 0.0 11501.0 36.0 5959.0 0.09885609377206608
37 43 39 0.0 0.0 880.0 0.0 11981.0 26.0 9183.0 0.09421265141318977
37 43 40 0.0 0.0 866.0 0.0 12128.0 30.0 8015.0 0.09342676009342675
37 43 41 0.0 0.0 625.0 0.0 10933.0 26.0 4363.0 0.10335154289089028
37 43 42 0.0 0.0 383.0 0.0 7889.0 19.0 1115.0 0.13649215170127715
37 43 43 0.0 0.0 419.0 0.0 7999.0 21.0 1110.0 0.13457656445256175
37 43 44 0.0 0.0 0.0 0.0 38.0 0.0 0.0 0.6869479882237487
37 43 45 0.0 0.0 0.0 0.0 2.0 0.0 0.0 0.6993006993006992
37 44 35 0.0 0.0 0.0 0.0 1.0 0.0 0.0 0.6996501749125437
37 44 36 0.0 0.0 3.0 0.0 34.0 1.0 0.0 0.6876227897838899
37 44 37 0.0 0.0 4.0 0.0 186.0 1.0 1.0 0.639561443581544
37 44 38 0.0 0.0 94.0 0.0 2356.0 14.0 33.0 0.31567080045095824
37 44 39 0.0 0.0 342.0 0.0 6837.0 23.0 710.0 0.15280506439641997
37 44 40 0.0 0.0 322.0 0.0 6594.0 25.0 610.0 0.15737410071942445
37 44 41 0.0 0.0 496.0 0.0 9493.0 20.0 2188.0 0.11682242990654203
37 44 42 0.0 0.0 362.0 0.0 7399.0 20.0 852.0 0.14363393864778903
37 44 43 0.0 0.0 22.0 0.0 546.0 7.0 0.0 0.5468749999999999
37 44 44 0.0 0.0 0.0 0.0 19.0 0.0 0.0 0.6934125804853887
37 45 37 0.0 0.0 4.0 0.0 61.0 2.0 0.0 0.6786233640329616
37 45 38 0.0 0.0 1.0 0.0 53.0 0.0 1.0 0.6815968841285296
37 45 39 0.0 0.0 4.0 0.0 96.0 0.0 0.0 0.6666666666666665
37 45 40 0.0 0.0 21.0 0.0 526.0 6.0 3.0 0.5511811023622046
37 45 41 0.0 0.0 80.0 0.0 1691.0 9.0 20.0 0.3721424774056353
37 45 42 0.0 0.0 3.0 0.0 136.0 1.0 1.0 0.6548175865294666
37 45 43 0.0 0.0 0.0 0.0 4.0 0.0 0.0 0.6986027944111775
37 45 44 0.0 0.0 0.0 0.0 2.0 0.0 0.0 0.6993006993006992
37 46 39 0.0 0.0 0.0 0.0 10.0 0.0 0.0 0.6965174129353233
37 46 40 0.0 0.0 0.0 0.0 38.0 0.0 0.0 0.6869479882237487
37 46 41 0.0 0.0 0.0 0.0 13.0 0.0 0.0 0.695479384003974
37 46 42 0.0 0.0 21.0 0.0 748.0 12.0 8.0 0.5076142131979694
37 46 43 0.0 0.0 0.0 0.0 4.0 0.0 0.0 0.6986027944111775
38 34 40 0.0 0.0 0.0 0.0 10.0 1.0 0.0 0.6968641114982577
38 34 41 0.0 0.0 0.0 0.0 12.0 0.0 0.0 0.6958250497017892
38 34 42 0.0 0.0 0.0 0.0 9.0 0.0 0.0 0.6968641114982577
38 34 43 0.0 0.0 0.0 0.0 8.0 0.0 0.0 0.697211155378486
38 35 35 0.0 0.0 0.0 0.0 2.0 0.0 0.0 0.6993006993006992
38 35 36 0.0 0.0 0.0 0.0 18.0 0.0 0.0 0.694100148735746
38 35 37 0.0 0.0 8.0 0.0 115.0 3.0 0.0 0.6603773584905659
38 35 38 0.0 0.0 17.0 0.0 309.0 5.0 1.0 0.6034482758620688
38 35 39 0.0 0.0 42.0 0.0 875.0 7.0 2.0 0.4810996563573882
38 35 40 0.0 0.0 79.0 0.0 1910.0 13.0 18.0 0.3520241387980889
38 35 41 0.0 0.0 59.0 0.0 1593.0 14.0 13.0 0.3848268279274326
38 35 42 0.0 0.0 4.0 0.0 237.0 0.0 0.0 0.6247211066488174
38 35 43 0.0 0.0 3.0 0.0 95.0 0.0 0.0 0.6673021925643469
38 35 44 0.0 0.0 6.0 0.0 63.0 2.0 0.0 0.6773101112723753
38 36 35 0.0 0.0 0.0 0.0 24.0 0.0 0.0 0.6916996047430829
38 36 36 0.0 0.0 9.0 0.0 251.0 2.0 0.0 0.6200177147918511
38 36 37 0.0 0.0 414.0 0.0 8122.0 20.0 1141.0 0.1330671989354624
38 36 38 0.0 0.0 220.0 0.0 5491.0 13.0 408.0 0.18170019467878
38 36 39 0.0 0.0 322.0 0.0 6452.0 18.0 537.0 0.15981735159817348
38 36 40 0.0 0.0 502.0 0.0 9586.0 32.0 2194.0 0.11599966857237548
38 36 41 0.0 0.0 371.0 0.0 8398.0 19.0 1615.0 0.13015991074748975
38 36 42 0.0 0.0 186.0 0.0 4655.0 20.0 290.0 0.20518833357760513
38 36 43 0.0 0.0 318.0 0.0 6146.0 20.0 494.0 0.16575893914278947
38 36 44 0.0 0.0 39.0 0.0 811.0 9.0 7.0 0.492784230904611
38 36 45 0.0 0.0 0.0 0.0 3.0 0.0 0.0 0.6989515726410384
38 37 35 0.0 0.0 0.0 0.0 50.0 0.0 0.0 0.6829268292682925
38 37 36 0.0 0.0 367.0 0.0 8226.0 23.0 1416.0 0.1323501607109094
38 37 37 0.0 0.0 180.0 0.0 4731.0 16.0 256.0 0.2031045988684172
38 37 38 0.0 0.0 813.0 0.0 12058.0 26.0 6703.0 0.09411764705882351
38 37 39 0.0 0.0 637.0 0.0 10792.0 26.0 3926.0 0.1043374571471158
38 37 40 0.0 0.0 1173.0 0.0 12829.0 42.0 13623.0 0.0874508089199825
38 37 41 0.0 0.0 839.0 0.0 12172.0 25.0 6747.0 0.0932773669131854
38 37 42 0.0 0.0 1112.0 0.0 12607.0 41.0 12329.0 0.08911521323997454
38 37 43 0.0 0.0 788.0 0.0 11862.0 37.0 6891.0 0.09567416114262282
38 37 44 0.0 0.0 289.0 0.0 6483.0 22.0 676.0 0.1598538479104818
38 37 45 0.0 0.0 0.0 0.0 150.0 0.0 0.0 0.6511627906976742
38 37 46 0.0 0.0 0.0 0.0 4.0 0.0 0.0 0.6986027944111775
38 38 34 0.0 0.0 0.0 0.0 1.0 0.0 0.0 0.6996501749125437
38 38 35 0.0 0.0 66.0 0.0 1553.0 11.0 14.0 0.3879190911609864
38 38 36 0.0 0.0 356.0 0.0 7652.0 29.0 1033.0 0.1402103154732098
38 38 37 0.0 0.0 466.0 0.0 9264.0 28.0 2062.0 0.11953551912568304
38 38 38 0.0 0.0 1318.0 0.0 12570.0 34.0 18522.0 0.08800603469952224
38 38 39 0.0 0.0 1655.0 0.0 12837.0 36.0 22607.0 0.08489479109817476
38 38 40 0.0 0.0 2161.0 0.0 12004.0 36.0 34845.0 0.08645177226133136
38 38 41 0.0 0.0 1976.0 0.0 12392.0 47.0 29885.0 0.0855170728727628
38 38 42 0.0 0.0 1457.0 0.0 13428.0 46.0 16671.0 0.08296296296296296
38 38 43 0.0 0.0 585.0 0.0 9945.0 33.0 2344.0 0.11186576108669595
38 38 44 0.0 0.0 208.0 0.0 4631.0 26.0 193.0 0.20536893061463984
38 38 45 0.0 0.0 423.0 0.0 7889.0 20.0 873.0 0.1359487279083317
38 38 46 0.0 0.0 40.0 0.0 872.0 9.0 4.0 0.4822597313124354
38 39 34 0.0 0.0 0.0 0.0 3.0 0.0 0.0 0.6989515726410384
38 39 35 0.0 0.0 142.0 0.0 3338.0 24.0 85.0 0.256457226598278
38 39 36 0.0 0.0 195.0 0.0 5101.0 23.0 323.0 0.1924134139637163
38 39 37 0.0 0.0 807.0 0.0 11975.0 34.0 5981.0 0.09479956663055253
38 39 38 0.0 0.0 1991.0 0.0 12257.0 58.0 30604.0 0.08620158857213224
38 39 39 0.0 0.0 2573.0 0.0 11098.0 49.0 45213.0 0.08933699189585859
38 39 40 0.0 0.0 2813.0 1.0 11852.0 75.0 44638.0 0.08407398510689405
38 39 41 0.0 0.0 2390.0 0.0 11840.0 67.0 39509.0 0.08629191321499012
38 39 42 0.0 0.0 1413.0 0.0 13136.0 40.0 17052.0 0.08459725663182065
38 39 43 0.0 0.0 1079.0 0.0 12797.0 27.0 12181.0 0.08812791136850055
38 39 44 0.0 0.0 365.0 0.0 7492.0 25.0 896.0 0.14231981295110296
38 39 45 0.0 0.0 165.0 0.0 3827.0 11.0 105.0 0.23407456946998825
38 39 46 0.0 0.0 0.0 0.0 11.0 0.0 0.0 0.6961710591745399
38 39 47 0.0 0.0 0.0 0.0 1.0 0.0 0.0 0.6996501749125437
38 40 34 0.0 0.0 0.0 0.0 7.0 0.0 0.0 0.6975585450921773
38 40 35 0.0 0.0 23.0 0.0 607.0 10.0 2.0 0.5345551737304314
38 40 36 0.0 0.0 235.0 0.0 5102.0 27.0 281.0 0.19141372709871476
38 40 37 0.0 0.0 934.0 0.0 12496.0 35.0 7638.0 0.0908265213442325
38 40 38 0.0 0.0 1996.0 0.0 12358.0 57.0 30226.0 0.08558503484533561
38 40 39 0.0 0.0 3201.0 0.0 10338.0 75.0 58717.0 0.09011328527291451
38 40 40 0.0 0.0 3081.0 1.0 11120.0 66.0 51510.0 0.08637176877043617
38 40 41 0.0 3.0 2076.0 7.0 12697.0 31.0 29665.0 0.08336310587114444
38 40 42 0.0 0.0 1819.0 0.0 12497.0 40.0 26706.0 0.0857685474483857
38 40 43 0.0 0.0 771.0 0.0 11761.0 41.0 6384.0 0.09648518263266712
38 40 44 0.0 0.0 69.0 0.0 1719.0 13.0 13.0 0.3708609271523178
38 40 45 0.0 0.0 119.0 0.0 2778.0 11.0 62.0 0.2864157119476268
38 40 46 0.0 0.0 3.0 0.0 25.0 1.0 0.0 0.6906758756783422
38 41 34 0.0 0.0 0.0 0.0 1.0 0.0 0.0 0.6996501749125437
38 41 35 0.0 0.0 0.0 0.0 59.0 0.0 0.0 0.6802721088435373
38 41 36 0.0 0.0 134.0 0.0 3360.0 16.0 83.0 0.2556143874383786
38 41 37 0.0 0.0 739.0 0.0 11620.0 30.0 5200.0 0.09763581839737777
38 41 38 0.0 0.0 1571.0 0.0 12879.0 43.0 20875.0 0.0850805226374962
38 41 39 0.0 0.0 2660.0 0.0 11134.0 68.0 47331.0 0.08857956342929452
38 41 40 0.0 0.0 2938.0 0.0 10987.0 58.0 51332.0 0.08794522268986744
38 41 41 0.0 0.0 2127.0 0.0 12316.0 51.0 32633.0 0.08512190673071075
38 41 42 0.0 0.0 1434.0 0.0 13338.0 36.0 15480.0 0.0834625014904018
38 41 43 0.0 0.0 496.0 0.0 9140.0 21.0 1870.0 0.12050266827336888
38 41 44 0.0 0.0 412.0 0.0 8371.0 18.0 1303.0 0.12994245405606086
38 41 45 0.0 0.0 25.0 0.0 440.0 5.0 0.0 0.5691056910569106
38 41 46 0.0 0.0 0.0 0.0 3.0 0.0 0.0 0.6989515726410384
38 42 34 0.0 0.0 0.0 0.0 12.0 0.0 0.0 0.6958250497017892
38 42 35 0.0 0.0 1.0 0.0 119.0 1.0 0.0 0.6606890042472864
38 42 36 0.0 0.0 356.0 0.0 8098.0 14.0 1511.0 0.13393284224624508
38 42 37 0.0 0.0 609.0 0.0 10811.0 23.0 4223.0 0.10435301132975551
38 42 38 0.0 0.0 1371.0 0.0 12761.0 45.0 18017.0 0.08680555555555555
38 42 39 0.0 0.0 2041.0 0.0 11538.0 44.0 36075.0 0.0898242012062107
38 42 40 0.0 0.0 2022.0 0.0 12197.0 58.0 32253.0 0.08635045950780237
38 42 41 0.0 0.0 2190.0 0.0 11450.0 54.0 38891.0 0.08947402057902472
38 42 42 0.0 0.0 1149.0 0.0 12967.0 34.0 12062.0 0.08688636504685657
38 42 43 0.0 0.0 211.0 0.0 5524.0 18.0 475.0 0.18132366273798728
38 42 44 0.0 0.0 163.0 0.0 3716.0 22.0 125.0 0.2390302202492743
38 42 45 0.0 0.0 0.0 0.0 19.0 0.0 0.0 0.6934125804853887
38 42 46 0.0 0.0 0.0 0.0 5.0 0.0 0.0 0.6982543640897755
38 43 34 0.0 0.0 0.0 0.0 9.0 0.0 0.0 0.6968641114982577
38 43 35 0.0 0.0 0.0 0.0 39.0 0.0 0.0 0.6869479882237487
38 43 36 0.0 0.0 158.0 0.0 3535.0 18.0 128.0 0.2466525722339675
38 43 37 0.0 0.0 479.0 0.0 9285.0 25.0 2131.0 0.11907799608743726
38 43 38 0.0 0.0 847.0 0.0 11988.0 30.0 7517.0 0.09437141894169193
38 43 39 0.0 0.0 891.0 0.0 12450.0 43.0 7846.0 0.09140767824497256
38 43 40 0.0 0.0 1163.0 0.0 12552.0 44.0 14621.0 0.0891662951404369
38 43 41 0.0 0.0 991.0 0.0 12359.0 37.0 11346.0 0.09122304033361568
38 43 42 0.0 0.0 788.0 0.0 11886.0 25.0 6019.0 0.09541334423771552
38 43 43 0.0 0.0 254.0 0.0 5622.0 26.0 439.0 0.17829852266938356
38 43 44 0.0 0.0 5.0 0.0 81.0 1.0 0.0 0.6714628297362109
38 43 45 0.0 0.0 1.0 0.0 20.0 0.0 0.0 0.6927263730826323
38 44 34 0.0 0.0 0.0 0.0 6.0 0.0 0.0 0.6979062811565303
38 44 35 0.0 0.0 0.0 0.0 7.0 0.0 0.0 0.6975585450921773
38 44 36 0.0 0.0 57.0 0.0 1002.0 15.0 3.0 0.4600722970752546
38 44 37 0.0 0.0 39.0 0.0 961.0 8.0 6.0 0.4679144385026737
38 44 38 0.0 0.0 275.0 0.0 6213.0 20.0 582.0 0.16507487324607945
38 44 39 0.0 0.0 472.0 0.0 9121.0 19.0 1791.0 0.12086678753345417
38 44 40 0.0 0.0 581.0 0.0 10398.0 22.0 3242.0 0.10793308148947652
38 44 41 0.0 0.0 700.0 0.0 11358.0 17.0 4987.0 0.09953785993601136
38 44 42 0.0 0.0 168.0 0.0 4084.0 16.0 182.0 0.22446689113355778
38 44 43 0.0 0.0 119.0 0.0 3072.0 7.0 77.0 0.2700617283950617
38 44 44 0.0 0.0 0.0 0.0 30.0 0.0 0.0 0.689655172413793
38 45 35 0.0 0.0 1.0 0.0 1.0 0.0 0.0 0.6993006993006992
38 45 37 0.0 0.0 0.0 0.0 7.0 0.0 0.0 0.6975585450921773
38 45 38 0.0 0.0 47.0 0.0 944.0 6.0 4.0 0.4690117252931323
38 45 39 0.0 0.0 233.0 0.0 5007.0 29.0 233.0 0.19404019404019401
38 45 40 0.0 0.0 455.0 0.0 8380.0 24.0 1252.0 0.12937806117734033
38 45 41 0.0 0.0 512.0 0.0 9581.0 23.0 2182.0 0.1159324279562769
38 45 42 0.0 0.0 153.0 0.0 3452.0 10.0 95.0 0.2502234137622877
38 45 43 0.0 0.0 11.0 0.0 398.0 4.0 0.0 0.582120582120582
38 45 44 0.0 0.0 0.0 0.0 4.0 0.0 0.0 0.6986027944111775
38 46 38 0.0 0.0 0.0 0.0 9.0 0.0 0.0 0.6968641114982577
38 46 39 0.0 0.0 0.0 0.0 24.0 0.0 0.0 0.6916996047430829
38 46 40 0.0 0.0 10.0 0.0 323.0 3.0 2.0 0.6008583690987124
38 46 41 0.0 0.0 66.0 0.0 1204.0 19.0 9.0 0.4306367271608735
38 46 42 0.0 0.0 0.0 0.0 32.0 0.0 0.0 0.6889763779527558
38 46 43 0.0 0.0 0.0 0.0 3.0 0.0 0.0 0.6989515726410384
38 47 40 0.0 0.0 0.0 0.0 2.0 0.0 0.0 0.6993006993006992
38 47 42 0.0 0.0 0.0 0.0 1.0 0.0 0.0 0.6996501749125437
39 34 38 0.0 0.0 0.0 0.0 5.0 0.0 0.0 0.6982543640897755
39 34 39 0.0 0.0 0.0 0.0 12.0 0.0 0.0 0.6958250497017892
39 34 40 0.0 0.0 16.0 0.0 237.0 4.0 0.0 0.622498888394842
39 34 41 0.0 0.0 4.0 0.0 75.0 1.0 0.0 0.6737247353224253
39 34 42 0.0 0.0 0.0 0.0 9.0 0.0 0.0 0.6968641114982577
39 34 43 0.0 0.0 11.0 0.0 234.0 3.0 0.0 0.6244424620874218
39 34 44 0.0 0.0 0.0 0.0 2.0 0.0 0.0 0.6993006993006992
39 35 35 0.0 0.0 0.0 0.0 6.0 0.0 0.0 0.6979062811565303
39 35 36 0.0 0.0 0.0 0.0 24.0 0.0 0.0 0.6916996047430829
39 35 37 0.0 0.0 2.0 0.0 129.0 1.0 0.0 0.6572769953051641
39 35 38 0.0 0.0 14.0 0.0 355.0 3.0 1.0 0.5917159763313609
39 35 39 0.0 0.0 225.0 0.0 5414.0 13.0 366.0 0.18348623853211005
39 35 40 0.0 0.0 58.0 0.0 1554.0 14.0 15.0 0.3891050583657587
39 35 41 0.0 0.0 340.0 0.0 6969.0 22.0 713.0 0.15066724063710718
39 35 42 0.0 0.0 276.0 0.0 5710.0 22.0 406.0 0.17568076295645627
39 35 43 0.0 0.0 104.0 0.0 2602.0 14.0 50.0 0.29831664180694645
39 35 44 0.0 0.0 12.0 0.0 259.0 4.0 0.0 0.6175562417291574
39 35 45 0.0 0.0 0.0 0.0 4.0 0.0 0.0 0.6986027944111775
39 36 35 0.0 0.0 7.0 0.0 173.0 0.0 0.0 0.6422018348623851
39 36 36 0.0 0.0 220.0 0.0 5307.0 18.0 346.0 0.18641810918774962
39 36 37 0.0 0.0 367.0 0.0 7547.0 29.0 936.0 0.14148559878726627
39 36 38 0.0 0.0 611.0 0.0 10786.0 28.0 3455.0 0.10455563853622105
39 36 39 0.0 0.0 303.0 0.0 5802.0 26.0 443.0 0.1732030186811827
39 36 40 0.0 0.0 518.0 0.0 9714.0 24.0 2402.0 0.11452879581151831
39 36 41 0.0 0.0 835.0 0.0 12017.0 31.0 5846.0 0.09436505796710702
39 36 42 0.0 0.0 453.0 0.0 9118.0 28.0 1931.0 0.12115967113803547
39 36 43 0.0 0.0 272.0 0.0 5854.0 17.0 449.0 0.17258382642998024
39 36 44 0.0 0.0 9.0 0.0 293.0 2.0 0.0 0.6089604175728577
39 36 45 0.0 0.0 1.0 0.0 44.0 0.0 0.0 0.6845965770171147
39 37 34 0.0 0.0 0.0 0.0 1.0 0.0 0.0 0.6996501749125437
39 37 35 0.0 0.0 85.0 0.0 1397.0 23.0 12.0 0.4048582995951417
39 37 36 0.0 0.0 184.0 0.0 5013.0 19.0 341.0 0.19498607242339833
39 37 37 0.0 0.0 1138.0 0.0 12916.0 39.0 12237.0 0.08721111318756618
39 37 38 0.0 0.0 914.0 0.0 12330.0 24.0 9389.0 0.09180327868852459
39 37 39 0.0 0.0 1056.0 0.0 12919.0 46.0 8806.0 0.08777979810646434
39 37 40 0.0 0.0 1412.0 0.0 12847.0 52.0 18951.0 0.08611145282322548
39 37 41 0.0 0.0 1932.0 0.0 12171.0 55.0 30650.0 0.08699975142928162
39 37 42 0.0 0.0 1518.0 0.0 12679.0 56.0 21255.0 0.08653192409914084
39 37 43 0.0 0.0 684.0 0.0 11337.0 29.0 4143.0 0.09995716121662143
39 37 44 0.0 0.0 126.0 0.0 3319.0 7.0 102.0 0.257494942063638
39 37 45 0.0 0.0 17.0 0.0 320.0 2.0 0.0 0.5995717344753746
39 37 46 0.0 0.0 0.0 0.0 11.0 0.0 0.0 0.6961710591745399
39 38 34 0.0 0.0 0.0 0.0 2.0 0.0 0.0 0.6993006993006992
39 38 35 0.0 0.0 136.0 0.0 3178.0 16.0 74.0 0.2642007926023778
39 38 36 0.0 0.0 468.0 0.0 9389.0 22.0 2184.0 0.11818335303055881
39 38 37 0.0 0.0 1340.0 0.0 12267.0 37.0 20248.0 0.08973208563004742
39 38 38 0.0 0.0 1623.0 0.0 13044.0 44.0 21963.0 0.08398320335932813
39 38 39 0.0 0.0 2185.0 0.0 12393.0 60.0 32955.0 0.08443908323281062
39 38 40 0.0 0.0 3097.0 0.0 10405.0 85.0 57776.0 0.09044511919374636
39 38 41 0.0 0.0 2850.0 0.0 11115.0 67.0 49508.0 0.08760402978537012
39 38 42 0.0 0.0 1618.0 0.0 12953.0 41.0 21151.0 0.08450534194483007
39 38 43 0.0 0.0 691.0 0.0 11484.0 32.0 4766.0 0.09881422924901184
39 38 44 0.0 0.0 932.0 0.0 12442.0 36.0 9017.0 0.09111024339450735
39 38 45 0.0 0.0 56.0 0.0 1557.0 11.0 19.0 0.3887808941960566
39 38 46 0.0 0.0 0.0 0.0 3.0 0.0 0.0 0.6989515726410384
39 39 34 0.0 0.0 0.0 0.0 12.0 0.0 0.0 0.6958250497017892
39 39 35 0.0 0.0 63.0 0.0 1623.0 5.0 17.0 0.38033143167617495
39 39 36 0.0 0.0 793.0 0.0 11970.0 16.0 6155.0 0.09483809781872374
39 39 37 0.0 0.0 1467.0 0.0 12869.0 55.0 19839.0 0.0857632933104631
39 39 38 0.0 0.0 2382.0 0.0 12278.0 63.0 35914.0 0.08400336013440536
39 39 39 1.0 0.0 3631.0 1.0 9927.0 75.0 66420.0 0.08999742864489585
39 39 40 0.0 1.0 4022.0 1.0 7604.0 61.0 93109.0 0.10261672652642378
39 39 41 0.0 0.0 3709.0 0.0 8852.0 83.0 77486.0 0.09622654477970993
39 39 42 0.0 0.0 1886.0 0.0 12936.0 42.0 26801.0 0.08315020490586209
39 39 43 0.0 0.0 977.0 0.0 12637.0 29.0 9522.0 0.08964015879113842
39 39 44 0.0 0.0 373.0 0.0 7113.0 27.0 716.0 0.1479446264398182
39 39 45 0.0 0.0 3.0 0.0 217.0 0.0 0.0 0.6309148264984226
39 39 46 0.0 0.0 0.0 0.0 25.0 0.0 0.0 0.6913580246913579
39 40 34 0.0 0.0 6.0 0.0 70.0 3.0 0.0 0.6753497346840327
39 40 35 0.0 0.0 87.0 0.0 1927.0 11.0 19.0 0.34973769672745436
39 40 36 0.0 0.0 452.0 0.0 8777.0 27.0 1572.0 0.12491077801570305
39 40 37 0.0 0.0 1055.0 0.0 12703.0 28.0 10570.0 0.08884940026654818
39 40 38 0.0 0.0 2703.0 0.0 11244.0 65.0 45796.0 0.08782385044852893
39 40 39 1.0 1.0 3921.0 4.0 6949.0 69.0 98098.0 0.10876320696084524
39 40 40 1.0 0.0 4158.0 0.0 8739.0 74.0 81800.0 0.09401020682245499
39 40 41 1.0 3.0 3330.0 9.0 10671.0 61.0 57693.0 0.08736349453978158
39 40 42 0.0 0.0 2163.0 0.0 12174.0 67.0 33560.0 0.08573703227386857
39 40 43 0.0 0.0 731.0 0.0 11187.0 24.0 4246.0 0.10056748796781839
39 40 44 0.0 0.0 540.0 0.0 9925.0 22.0 2448.0 0.11244076780981445
39 40 45 0.0 0.0 4.0 0.0 119.0 3.0 0.0 0.6603773584905659
39 40 46 0.0 0.0 0.0 0.0 1.0 0.0 0.0 0.6996501749125437
39 41 34 0.0 0.0 4.0 0.0 88.0 1.0 0.0 0.669536107125777
39 41 35 0.0 0.0 269.0 0.0 5238.0 21.0 277.0 0.1869907840256444
39 41 36 0.0 0.0 505.0 0.0 9246.0 24.0 1673.0 0.11926058437686342
39 41 37 0.0 0.0 1055.0 0.0 12830.0 40.0 11041.0 0.08823900163872431
39 41 38 0.0 1.0 2312.0 2.0 12268.0 49.0 34854.0 0.08440344848375232
39 41 39 0.0 3.0 3723.0 9.0 9531.0 83.0 70510.0 0.09170706144373116
39 41 40 0.0 0.0 3891.0 1.0 8698.0 75.0 80848.0 0.09591668950397368
39 41 41 0.0 0.0 3471.0 0.0 9285.0 71.0 70189.0 0.0948445227288124
39 41 42 0.0 0.0 1835.0 0.0 13013.0 42.0 23967.0 0.08301215535131928
39 41 43 0.0 0.0 1271.0 0.0 12586.0 45.0 16699.0 0.0883615248674577
39 41 44 0.0 0.0 349.0 0.0 7142.0 25.0 722.0 0.1478352692713833
39 41 45 0.0 0.0 12.0 0.0 289.0 2.0 0.0 0.6089604175728577
39 41 46 0.0 0.0 0.0 0.0 4.0 0.0 0.0 0.6986027944111775
39 42 34 0.0 0.0 0.0 0.0 10.0 0.0 0.0 0.6965174129353233
39 42 35 0.0 0.0 207.0 0.0 4161.0 23.0 182.0 0.2205766503860091
39 42 36 0.0 0.0 417.0 0.0 8663.0 31.0 1555.0 0.12662807525325612
39 42 37 0.0 0.0 1020.0 0.0 12818.0 36.0 9370.0 0.08840058091810316
39 42 38 0.0 0.0 1782.0 0.0 12790.0 46.0 24872.0 0.08442380751371885
39 42 39 0.0 0.0 1935.0 0.0 12712.0 43.0 27709.0 0.08404370272541721
39 42 40 0.0 0.0 2654.0 0.0 11849.0 54.0 42612.0 0.08476115517345764
39 42 41 0.0 0.0 1985.0 0.0 12633.0 60.0 29470.0 0.08430687703239792
39 42 42 0.0 0.0 1047.0 0.0 12673.0 33.0 11905.0 0.0891208861162391
39 42 43 0.0 0.0 532.0 0.0 9729.0 28.0 2003.0 0.1143603986276752
39 42 44 0.0 0.0 289.0 0.0 5998.0 22.0 464.0 0.16932752781809385
39 42 45 0.0 0.0 141.0 0.0 3120.0 21.0 85.0 0.2671245945430261
39 43 34 0.0 0.0 1.0 0.0 23.0 0.0 0.0 0.6916996047430829
39 43 35 0.0 0.0 432.0 0.0 8698.0 20.0 1567.0 0.12593325537465141
39 43 36 0.0 0.0 82.0 0.0 2087.0 21.0 39.0 0.33743070619426363
39 43 37 0.0 0.0 508.0 0.0 9628.0 22.0 2325.0 0.11541632316570484
39 43 38 0.0 0.0 750.0 0.0 11847.0 39.0 6180.0 0.09613403831628098
39 43 39 0.0 0.0 1229.0 0.0 12787.0 35.0 14866.0 0.08742350443362058
39 43 40 0.0 0.0 1713.0 0.0 12016.0 38.0 27827.0 0.0889001778003556
39 43 41 0.0 0.0 912.0 0.0 12410.0 33.0 8369.0 0.09145544813169584
39 43 42 0.0 0.0 1208.0 0.0 12890.0 36.0 13922.0 0.08700515816294822
39 43 43 0.0 0.0 266.0 0.0 5825.0 20.0 462.0 0.1733316825554042
39 43 44 0.0 0.0 74.0 0.0 1506.0 10.0 18.0 0.39215686274509803
39 43 45 0.0 0.0 4.0 0.0 97.0 1.0 0.0 0.6669842782277274
39 43 46 0.0 0.0 0.0 0.0 2.0 0.0 0.0 0.6993006993006992
39 44 34 0.0 0.0 0.0 0.0 16.0 0.0 0.0 0.6944444444444444
39 44 35 0.0 0.0 0.0 0.0 12.0 0.0 0.0 0.6958250497017892
39 44 36 0.0 0.0 42.0 0.0 1033.0 6.0 3.0 0.4561746497230368
39 44 37 0.0 0.0 154.0 0.0 3115.0 25.0 92.0 0.26686999618757146
39 44 38 0.0 0.0 260.0 0.0 5516.0 24.0 379.0 0.18050541516245483
39 44 39 0.0 0.0 878.0 0.0 12311.0 24.0 7308.0 0.09223268990052044
39 44 40 0.0 0.0 852.0 0.0 12322.0 33.0 7164.0 0.0922448441721025
39 44 41 0.0 0.0 1057.0 0.0 12639.0 31.0 11863.0 0.0892800204068618
39 44 42 0.0 0.0 664.0 0.0 11204.0 22.0 5032.0 0.10101738942203622
39 44 43 0.0 0.0 244.0 0.0 5175.0 16.0 322.0 0.18906144496961513
39 44 44 0.0 0.0 9.0 0.0 248.0 3.0 0.0 0.6213936972924988
39 44 45 0.0 0.0 0.0 0.0 3.0 0.0 0.0 0.6989515726410384
39 45 36 0.0 0.0 0.0 0.0 5.0 0.0 0.0 0.6982543640897755
39 45 37 0.0 0.0 0.0 0.0 12.0 0.0 0.0 0.6958250497017892
39 45 38 0.0 0.0 58.0 0.0 1312.0 11.0 8.0 0.4169148302561048
39 45 39 0.0 0.0 164.0 0.0 3642.0 13.0 114.0 0.24162927166033824
39 45 40 0.0 0.0 139.0 0.0 3530.0 15.0 118.0 0.24752475247524747
39 45 41 0.0 0.0 248.0 0.0 5508.0 27.0 421.0 0.18106570098292804
39 45 42 0.0 0.0 291.0 0.0 6384.0 26.0 599.0 0.1616814874696847
39 45 43 0.0 0.0 4.0 0.0 138.0 2.0 0.0 0.6548175865294666
39 45 44 0.0 0.0 3.0 0.0 108.0 1.0 0.0 0.6635071090047392
39 46 38 0.0 0.0 0.0 0.0 4.0 0.0 0.0 0.6986027944111775
39 46 39 0.0 0.0 0.0 0.0 15.0 0.0 0.0 0.694789081885856
39 46 40 0.0 0.0 13.0 0.0 224.0 4.0 0.0 0.6269592476489028
39 46 41 0.0 0.0 0.0 0.0 31.0 0.0 0.0 0.6893156080748399
39 46 42 0.0 0.0 1.0 0.0 42.0 0.0 0.0 0.6852667645619186
39 46 43 0.0 0.0 0.0 0.0 8.0 0.0 0.0 0.697211155378486
40 34 36 0.0 0.0 0.0 0.0 1.0 0.0 0.0 0.6996501749125437
40 34 37 0.0 0.0 0.0 0.0 15.0 0.0 0.0 0.694789081885856
40 34 38 0.0 0.0 3.0 0.0 77.0 2.0 0.0 0.6737247353224253
40 34 39 0.0 0.0 0.0 0.0 36.0 0.0 0.0 0.6876227897838899
40 34 40 0.0 0.0 6.0 0.0 150.0 2.0 0.0 0.649953574744661
40 34 41 0.0 0.0 0.0 0.0 17.0 0.0 0.0 0.694100148735746
40 34 42 0.0 0.0 0.0 0.0 8.0 0.0 0.0 0.6975585450921773
40 34 44 0.0 0.0 0.0 0.0 1.0 0.0 0.0 0.6996501749125437
40 35 35 0.0 0.0 0.0 0.0 6.0 0.0 0.0 0.6979062811565303
40 35 36 0.0 0.0 3.0 0.0 54.0 2.0 0.0 0.6812652068126519
40 35 37 0.0 0.0 26.0 0.0 546.0 7.0 2.0 0.5458089668615984
40 35 38 0.0 0.0 115.0 0.0 2452.0 14.0 39.0 0.30748956731825167
40 35 39 0.0 0.0 257.0 0.0 5600.0 25.0 350.0 0.17868538608806633
40 35 40 0.0 0.0 250.0 0.0 5899.0 19.0 521.0 0.17215937038858825
40 35 41 0.0 0.0 65.0 0.0 2046.0 10.0 37.0 0.3413801511826383
40 35 42 0.0 0.0 9.0 0.0 466.0 5.0 0.0 0.5668016194331983
40 35 43 0.0 0.0 4.0 0.0 135.0 2.0 0.0 0.6551240056153486
40 35 44 0.0 0.0 20.0 0.0 615.0 6.0 3.0 0.5325218714340052
40 35 45 0.0 0.0 0.0 0.0 4.0 0.0 0.0 0.6986027944111775
40 36 35 0.0 0.0 0.0 0.0 24.0 1.0 0.0 0.6920415224913494
40 36 36 0.0 0.0 67.0 0.0 1627.0 5.0 16.0 0.37950664136622386
40 36 37 0.0 0.0 287.0 0.0 6423.0 17.0 587.0 0.16095654173373186
40 36 38 0.0 0.0 547.0 0.0 10233.0 23.0 3137.0 0.10967489228358793
40 36 39 0.0 0.0 707.0 0.0 11474.0 20.0 5277.0 0.09867493656611219
40 36 40 0.0 0.0 505.0 0.0 9904.0 23.0 2800.0 0.11293965795417875
40 36 41 0.0 0.0 719.0 0.0 11677.0 29.0 6334.0 0.09732360097323599
40 36 42 0.0 0.0 582.0 0.0 10413.0 19.0 3196.0 0.10776691555692403
40 36 43 0.0 0.0 487.0 0.0 9153.0 22.0 1819.0 0.12041974883880954
40 36 44 0.0 0.0 234.0 0.0 4806.0 22.0 195.0 0.19940179461615154
40 36 45 0.0 0.0 18.0 0.0 306.0 1.0 0.0 0.6026689625484287
40 36 46 0.0 0.0 0.0 0.0 1.0 0.0 0.0 0.6996501749125437
40 37 34 0.0 0.0 0.0 0.0 4.0 0.0 0.0 0.6986027944111775
40 37 35 0.0 0.0 6.0 0.0 179.0 5.0 0.0 0.6422018348623851
40 37 36 0.0 0.0 501.0 0.0 9402.0 27.0 2062.0 0.11783519905731837
40 37 37 0.0 0.0 854.0 0.0 12034.0 25.0 4947.0 0.09406705637304306
40 37 38 0.0 0.0 1477.0 0.0 12805.0 45.0 20330.0 0.08597396217145663
40 37 39 0.0 0.0 1240.0 0.0 13081.0 43.0 13257.0 0.08583690987124462
40 37 40 0.0 0.0 1259.0 0.0 13092.0 39.0 14214.0 0.08567407135426228
40 37 41 0.0 0.0 1789.0 0.0 12437.0 49.0 26986.0 0.08635045950780237
40 37 42 0.0 0.0 1306.0 0.0 13147.0 42.0 14877.0 0.08513743614692287
40 37 43 0.0 0.0 947.0 0.0 12509.0 32.0 7831.0 0.09066770286898516
40 37 44 0.0 0.0 539.0 0.0 9945.0 23.0 2922.0 0.11227845055738231
40 37 45 0.0 0.0 70.0 0.0 1700.0 14.0 17.0 0.3727369542066027
40 37 46 0.0 0.0 0.0 0.0 5.0 0.0 0.0 0.6982543640897755
40 38 34 0.0 0.0 0.0 0.0 1.0 0.0 0.0 0.6996501749125437
40 38 35 0.0 0.0 94.0 0.0 2242.0 16.0 22.0 0.324074074074074
40 38 36 0.0 0.0 238.0 0.0 5876.0 18.0 505.0 0.17290354452266268
40 38 37 0.0 0.0 783.0 0.0 11860.0 28.0 6068.0 0.095654550423613
40 38 38 0.0 0.0 2511.0 0.0 10633.0 56.0 48762.0 0.09247638549441838
40 38 39 0.0 0.0 2205.0 0.0 13357.0 55.0 28582.0 0.07966313872766585
40 38 40 0.0 0.0 2949.0 0.0 11667.0 59.0 46540.0 0.08417002344736367
40 38 41 0.0 0.0 2872.0 0.0 11200.0 57.0 49294.0 0.08701597364659083
40 38 42 0.0 0.0 2822.0 0.0 11001.0 62.0 50232.0 0.08838383838383837
40 38 43 0.0 0.0 1322.0 0.0 12960.0 32.0 16322.0 0.08599508599508598
40 38 44 0.0 0.0 327.0 0.0 6606.0 17.0 608.0 0.15693307925120498
40 38 45 0.0 0.0 164.0 0.0 3587.0 11.0 108.0 0.2438174851967955
40 38 46 0.0 0.0 0.0 0.0 5.0 0.0 0.0 0.6982543640897755
40 39 34 0.0 0.0 0.0 0.0 12.0 0.0 0.0 0.6958250497017892
40 39 35 0.0 0.0 112.0 0.0 2949.0 12.0 72.0 0.27728263022380667
40 39 36 0.0 0.0 732.0 0.0 11705.0 29.0 5534.0 0.09698649116730168
40 39 37 0.0 0.0 1313.0 0.0 13157.0 39.0 14632.0 0.08500303582270795
40 39 38 0.0 0.0 2420.0 0.0 12303.0 46.0 35824.0 0.08367700675392982
40 39 39 0.0 0.0 3714.0 0.0 8677.0 73.0 78655.0 0.09719522354901415
40 39 40 0.0 0.0 4436.0 0.0 8464.0 82.0 87771.0 0.0939786534201517
40 39 41 1.0 0.0 4134.0 1.0 7923.0 66.0 91060.0 0.09946007388462631
40 39 42 0.0 0.0 2870.0 0.0 11443.0 62.0 47276.0 0.08574228319451248
40 39 43 0.0 0.0 1460.0 0.0 12883.0 49.0 19040.0 0.08568455841850785
40 39 44 0.0 0.0 254.0 0.0 6112.0 23.0 535.0 0.16784558206450062
40 39 45 0.0 0.0 65.0 0.0 1857.0 9.0 28.0 0.3578732106339468
40 39 46 0.0 0.0 0.0 0.0 9.0 0.0 0.0 0.6968641114982577
40 40 34 0.0 0.0 0.0 0.0 26.0 0.0 0.0 0.6910167818361302
40 40 35 0.0 0.0 369.0 0.0 7385.0 32.0 796.0 0.1439144736842105
40 40 36 0.0 0.0 941.0 0.0 12484.0 34.0 9227.0 0.09082062925721698
40 40 37 0.0 0.0 1709.0 0.0 12088.0 42.0 27942.0 0.08864125617323033
40 40 38 0.0 0.0 2522.0 0.0 12120.0 70.0 39968.0 0.08417002344736367
40 40 39 1.0 0.0 3991.0 1.0 9942.0 84.0 69708.0 0.08788449466415567
40 40 40 5.0 7.0 3344.0 15.0 4154.0 62.0 133642.0 0.1472134595162986
40 40 41 0.0 2.0 3941.0 4.0 10138.0 64.0 66585.0 0.08693492300049675
40 40 42 0.0 0.0 2500.0 0.0 12467.0 59.0 36160.0 0.08246936852026389
40 40 43 0.0 0.0 1137.0 0.0 13092.0 40.0 10679.0 0.08623875816188246
40 40 44 0.0 0.0 411.0 0.0 7804.0 18.0 1013.0 0.1372145447417426
40 40 45 0.0 0.0 62.0 0.0 1825.0 10.0 28.0 0.36110394635027077
40 40 46 0.0 0.0 18.0 0.0 397.0 3.0 1.0 0.5804311774461027
40 41 34 0.0 0.0 0.0 0.0 16.0 0.0 0.0 0.6944444444444444
40 41 35 0.0 0.0 164.0 0.0 3851.0 17.0 147.0 0.23333333333333328
40 41 36 0.0 0.0 635.0 0.0 10899.0 27.0 4066.0 0.10348141030379185
40 41 37 0.0 0.0 1629.0 0.0 12508.0 39.0 23753.0 0.08668193919881122
40 41 38 0.0 0.0 2905.0 0.0 11199.0 59.0 49351.0 0.08691873098652758
40 41 39 0.0 0.0 3579.0 0.0 10235.0 81.0 64565.0 0.08856275303643724
40 41 40 1.0 7.0 3943.0 16.0 9207.0 79.0 75040.0 0.09234828496042215
40 41 41 0.0 0.0 3526.0 0.0 8915.0 74.0 75066.0 0.09694619486185167
40 41 42 0.0 0.0 2040.0 3.0 13033.0 62.0 27354.0 0.08192404470712153
40 41 43 0.0 0.0 1296.0 0.0 12695.0 40.0 16268.0 0.08755472170106315
40 41 44 0.0 0.0 192.0 0.0 4309.0 12.0 167.0 0.21571648690292755
40 41 45 0.0 0.0 28.0 0.0 490.0 7.0 0.0 0.5575467941059339
40 41 46 0.0 0.0 0.0 0.0 3.0 0.0 0.0 0.6989515726410384
40 42 34 0.0 0.0 0.0 0.0 26.0 0.0 0.0 0.6910167818361302
40 42 35 0.0 0.0 122.0 0.0 2659.0 19.0 50.0 0.29380902413431265
40 42 36 0.0 0.0 1130.0 0.0 13066.0 33.0 11519.0 0.08641441886303314
40 42 37 0.0 0.0 983.0 0.0 12629.0 26.0 10819.0 0.08968609865470852
40 42 38 0.0 0.0 1721.0 0.0 13102.0 37.0 21942.0 0.08316008316008315
40 42 39 0.0 0.0 2813.0 1.0 10339.0 76.0 54114.0 0.0924397490921096
40 42 40 0.0 0.0 2299.0 2.0 12969.0 70.0 31349.0 0.08118765947575968
40 42 41 0.0 0.0 2707.0 0.0 11100.0 68.0 46905.0 0.08855154965211891
40 42 42 0.0 0.0 1363.0 0.0 13177.0 40.0 15093.0 0.0846279393096778
40 42 43 0.0 0.0 668.0 0.0 11192.0 26.0 4459.0 0.10109763142692084
40 42 44 0.0 0.0 526.0 0.0 10301.0 31.0 3673.0 0.10931521824002498
40 42 45 0.0 0.0 64.0 0.0 1604.0 14.0 15.0 0.38324664659184227
40 42 46 0.0 0.0 0.0 0.0 1.0 0.0 0.0 0.6996501749125437
40 43 34 0.0 0.0 0.0 0.0 33.0 0.0 0.0 0.6886374815543531
40 43 35 0.0 0.0 101.0 0.0 2230.0 18.0 28.0 0.32460004637143514
40 43 36 0.0 0.0 331.0 0.0 6899.0 17.0 752.0 0.15186028853454822
40 43 37 0.0 0.0 600.0 0.0 10675.0 20.0 3966.0 0.10550113036925395
40 43 38 0.0 0.0 581.0 0.0 10234.0 20.0 2942.0 0.10939209251445536
40 43 39 0.0 0.0 1296.0 0.0 12940.0 42.0 16287.0 0.08629723232447759
40 43 40 0.0 0.0 1596.0 0.0 12563.0 40.0 23897.0 0.08668193919881122
40 43 41 0.0 0.0 1250.0 0.0 13126.0 36.0 13403.0 0.08547008547008546
40 43 42 0.0 0.0 796.0 0.0 11900.0 22.0 6187.0 0.09525105456524696
40 43 43 0.0 0.0 571.0 0.0 9729.0 33.0 2248.0 0.1139693910778248
40 43 44 0.0 0.0 60.0 0.0 1361.0 11.0 3.0 0.41055718475073305
40 43 45 0.0 0.0 129.0 0.0 3104.0 15.0 86.0 0.2682506227246598
40 43 46 0.0 0.0 0.0 0.0 4.0 0.0 0.0 0.6986027944111775
40 44 34 0.0 0.0 4.0 0.0 44.0 1.0 0.0 0.6839276990718123
40 44 35 0.0 0.0 0.0 0.0 28.0 0.0 0.0 0.690335305719921
40 44 36 0.0 0.0 11.0 0.0 349.0 4.0 2.0 0.5942275042444821
40 44 37 0.0 0.0 33.0 0.0 748.0 10.0 3.0 0.5054151624548735
40 44 38 0.0 0.0 282.0 0.0 6058.0 21.0 509.0 0.1682085786375105
40 44 39 0.0 0.0 658.0 0.0 11284.0 23.0 5472.0 0.10040880728681056
40 44 40 0.0 0.0 727.0 0.0 11453.0 23.0 4897.0 0.09879331028156092
40 44 41 0.0 0.0 361.0 0.0 7797.0 19.0 1097.0 0.1379854129706288
40 44 42 0.0 0.0 475.0 0.0 9368.0 26.0 2230.0 0.11836320595197834
40 44 43 0.0 0.0 190.0 0.0 4834.0 14.0 284.0 0.19957234497505344
40 44 44 0.0 0.0 0.0 0.0 29.0 0.0 0.0 0.690335305719921
40 44 45 0.0 0.0 0.0 0.0 2.0 0.0 0.0 0.6993006993006992
40 44 46 0.0 0.0 0.0 0.0 2.0 0.0 0.0 0.6993006993006992
40 45 35 0.0 0.0 0.0 0.0 2.0 0.0 0.0 0.6993006993006992
40 45 36 0.0 0.0 1.0 0.0 2.0 0.0 0.0 0.6989515726410384
40 45 37 0.0 0.0 3.0 0.0 128.0 0.0 0.0 0.6572769953051641
40 45 38 0.0 0.0 130.0 0.0 2595.0 19.0 31.0 0.2974925626859328
40 45 39 0.0 0.0 113.0 0.0 2698.0 12.0 54.0 0.29178824510212586
40 45 40 0.0 0.0 167.0 0.0 3676.0 17.0 109.0 0.24021962937542896
40 45 41 0.0 0.0 61.0 0.0 1735.0 8.0 16.0 0.3695881731784582
40 45 42 0.0 0.0 32.0 0.0 687.0 7.0 1.0 0.5160339107998525
40 45 43 0.0 0.0 28.0 0.0 586.0 7.0 2.0 0.5370157268891445
40 45 44 0.0 0.0 0.0 0.0 17.0 0.0 0.0 0.694100148735746
40 46 36 0.0 0.0 0.0 0.0 2.0 0.0 0.0 0.6993006993006992
40 46 37 0.0 0.0 0.0 0.0 2.0 0.0 0.0 0.6993006993006992
40 46 38 0.0 0.0 0.0 0.0 4.0 0.0 0.0 0.6986027944111775
40 46 39 0.0 0.0 0.0 0.0 8.0 0.0 0.0 0.697211155378486
40 46 40 0.0 0.0 0.0 0.0 13.0 0.0 0.0 0.695479384003974
40 46 41 0.0 0.0 19.0 0.0 287.0 6.0 0.0 0.608695652173913
40 46 42 0.0 0.0 0.0 0.0 13.0 1.0 0.0 0.6958250497017892
40 46 43 0.0 0.0 0.0 0.0 10.0 0.0 0.0 0.6965174129353233
41 34 37 0.0 0.0 68.0 0.0 1075.0 14.0 4.0 0.4474272930648769
41 34 38 0.0 0.0 0.0 0.0 29.0 0.0 0.0 0.6899950714637751
41 34 39 0.0 0.0 0.0 0.0 24.0 0.0 0.0 0.6916996047430829
41 34 40 0.0 0.0 5.0 0.0 141.0 2.0 0.0 0.6532897806812878
41 34 41 0.0 0.0 0.0 0.0 10.0 0.0 0.0 0.6965174129353233
41 34 42 0.0 0.0 0.0 0.0 4.0 0.0 0.0 0.6986027944111775
41 35 36 0.0 0.0 0.0 0.0 4.0 0.0 0.0 0.6986027944111775
41 35 37 0.0 0.0 38.0 0.0 962.0 4.0 6.0 0.4672897196261681
41 35 38 0.0 0.0 457.0 0.0 8727.0 27.0 1702.0 0.12539184952978055
41 35 39 0.0 0.0 263.0 0.0 5795.0 18.0 427.0 0.1740860482467048
41 35 40 0.0 0.0 218.0 0.0 5253.0 16.0 353.0 0.18774306021188142
41 35 41 0.0 0.0 170.0 0.0 3507.0 20.0 97.0 0.2474372569812654
41 35 42 0.0 0.0 91.0 0.0 1941.0 15.0 19.0 0.348605577689243
41 35 43 0.0 0.0 7.0 0.0 288.0 1.0 0.0 0.6102877070619005
41 35 44 0.0 0.0 5.0 0.0 71.0 0.0 0.0 0.6743737957610789
41 35 45 0.0 0.0 0.0 0.0 3.0 0.0 0.0 0.6989515726410384
41 36 35 0.0 0.0 3.0 0.0 82.0 1.0 0.0 0.6717850287907868
41 36 36 0.0 0.0 122.0 0.0 2515.0 19.0 43.0 0.30316154179298394
41 36 37 0.0 0.0 137.0 0.0 3049.0 12.0 94.0 0.2705836876691147
41 36 38 0.0 0.0 420.0 0.0 8206.0 19.0 1332.0 0.1318764129615674
41 36 39 0.0 0.0 1177.0 0.0 12696.0 24.0 14693.0 0.0881112719491472
41 36 40 0.0 0.0 687.0 0.0 11295.0 34.0 4766.0 0.10025780578630764
41 36 41 0.0 0.0 570.0 0.0 9784.0 23.0 2183.0 0.1134246131410516
41 36 42 0.0 0.0 361.0 0.0 7549.0 26.0 927.0 0.14157144301749416
41 36 43 0.0 0.0 430.0 0.0 9094.0 18.0 2074.0 0.12152777777777775
41 36 44 0.0 0.0 98.0 0.0 2612.0 15.0 63.0 0.2981895633652822
41 36 45 0.0 0.0 1.0 0.0 73.0 0.0 0.0 0.6750241080038573
41 36 46 0.0 0.0 0.0 0.0 2.0 0.0 0.0 0.6993006993006992
41 37 34 0.0 0.0 0.0 0.0 1.0 0.0 0.0 0.6996501749125437
41 37 35 0.0 0.0 1.0 0.0 76.0 0.0 0.0 0.6740491092922483
41 37 36 0.0 0.0 186.0 0.0 4064.0 17.0 168.0 0.22453889334402563
41 37 37 0.0 0.0 689.0 0.0 11242.0 33.0 4400.0 0.10065425264217412
41 37 38 0.0 0.0 694.0 0.0 11181.0 35.0 4876.0 0.1010757346039997
41 37 39 1.0 0.0 1551.0 0.0 12686.0 50.0 22221.0 0.08626532750015403
41 37 40 0.0 0.0 1415.0 0.0 13217.0 37.0 16850.0 0.08415484491464294
41 37 41 0.0 0.0 1424.0 0.0 12850.0 44.0 18456.0 0.08607968519429414
41 37 42 0.0 0.0 1556.0 0.0 12791.0 36.0 21248.0 0.08563738683631024
41 37 43 0.0 0.0 1292.0 0.0 13085.0 42.0 14139.0 0.08550662676357416
41 37 44 0.0 0.0 274.0 0.0 5638.0 25.0 396.0 0.17743979721166028
41 37 45 0.0 0.0 151.0 0.0 3211.0 24.0 67.0 0.2622705133008617
41 37 46 0.0 0.0 0.0 0.0 9.0 0.0 0.0 0.6968641114982577
41 38 34 0.0 0.0 0.0 0.0 14.0 0.0 0.0 0.6951340615690167
41 38 35 0.0 0.0 212.0 0.0 4397.0 15.0 198.0 0.21224984839296543
41 38 36 0.0 0.0 221.0 0.0 5584.0 19.0 446.0 0.17969451931716077
41 38 37 0.0 0.0 1140.0 0.0 12848.0 33.0 12274.0 0.08759854836691276
41 38 38 0.0 0.0 1596.0 0.0 13008.0 53.0 20982.0 0.08437292834327728
41 38 39 0.0 0.0 2369.0 0.0 11851.0 54.0 39182.0 0.0862493839329719
41 38 40 0.0 0.0 3188.0 0.0 10828.0 68.0 53977.0 0.08741804558226662
41 38 41 0.0 0.0 2999.0 0.0 11000.0 71.0 51596.0 0.0875109388673584
41 38 42 0.0 0.0 2810.0 0.0 10434.0 59.0 53340.0 0.09179124049305007
41 38 43 0.0 0.0 1462.0 0.0 12896.0 41.0 18763.0 0.08556934172727827
41 38 44 0.0 0.0 606.0 0.0 10895.0 30.0 4700.0 0.10382675763868288
41 38 45 0.0 0.0 160.0 0.0 3506.0 21.0 105.0 0.24800708591674045
41 38 46 0.0 0.0 13.0 0.0 173.0 4.0 0.0 0.6416131989000916
41 39 34 0.0 0.0 0.0 0.0 21.0 0.0 0.0 0.6927263730826323
41 39 35 0.0 0.0 34.0 0.0 1013.0 8.0 7.0 0.46082949308755755
41 39 36 0.0 0.0 891.0 0.0 12339.0 45.0 6837.0 0.0920447074293228
41 39 37 0.0 0.0 916.0 0.0 12427.0 39.0 7665.0 0.0913897774006136
41 39 38 0.0 0.0 2241.0 0.0 12132.0 75.0 34545.0 0.08556934172727827
41 39 39 0.0 3.0 3441.0 6.0 10331.0 61.0 61926.0 0.08870303491098015
41 39 40 1.0 0.0 4218.0 0.0 7395.0 72.0 97527.0 0.10290334435869164
41 39 41 0.0 1.0 3808.0 1.0 5968.0 61.0 109962.0 0.11890606420927466
41 39 42 0.0 0.0 3162.0 0.0 10852.0 65.0 54540.0 0.08747813046738315
41 39 43 0.0 0.0 1445.0 0.0 12919.0 32.0 18075.0 0.08545965083628371
41 39 44 0.0 0.0 682.0 0.0 11231.0 27.0 4700.0 0.10070493454179252
41 39 45 0.0 0.0 21.0 0.0 570.0 6.0 4.0 0.5413766434648105
41 39 46 0.0 0.0 0.0 0.0 3.0 0.0 0.0 0.6989515726410384
41 40 34 0.0 0.0 0.0 0.0 31.0 0.0 0.0 0.6893156080748399
41 40 35 0.0 0.0 245.0 0.0 5448.0 18.0 301.0 0.18236290217532888
41 40 36 0.0 0.0 980.0 0.0 12377.0 28.0 11810.0 0.09116957541026308
41 40 37 0.0 0.0 1226.0 0.0 13019.0 30.0 13670.0 0.08615914825527723
41 40 38 0.0 0.0 2558.0 0.0 11424.0 56.0 44145.0 0.08764241893076248
41 40 39 0.0 0.0 3817.0 0.0 8237.0 70.0 84708.0 0.09967250462765198
41 40 40 0.0 1.0 3760.0 3.0 11271.0 86.0 57400.0 0.08229968843689377
41 40 41 0.0 0.0 3937.0 1.0 8895.0 69.0 78397.0 0.09440323668240053
41 40 42 0.0 0.0 3204.0 0.0 9718.0 73.0 62814.0 0.09397234528124579
41 40 43 0.0 0.0 1803.0 0.0 12162.0 44.0 28672.0 0.0876533934385174
41 40 44 0.0 0.0 950.0 0.0 12411.0 25.0 9080.0 0.091187390086628
41 40 45 0.0 0.0 117.0 0.0 2823.0 16.0 59.0 0.28420625253755577
41 40 46 0.0 0.0 0.0 0.0 1.0 0.0 0.0 0.6996501749125437
41 41 34 0.0 0.0 0.0 0.0 20.0 0.0 0.0 0.6930693069306929
41 41 35 0.0 0.0 160.0 0.0 4188.0 14.0 192.0 0.22106426654034422
41 41 36 0.0 0.0 498.0 0.0 9624.0 29.0 2236.0 0.11565468814539447
41 41 37 0.0 0.0 1569.0 0.0 12725.0 42.0 22630.0 0.08595284872298624
41 41 38 0.0 0.0 2145.0 0.0 12401.0 66.0 33600.0 0.08461259518916958
41 41 39 0.0 0.0 3536.0 0.0 9559.0 82.0 69000.0 0.09276437847866417
41 41 40 0.0 1.0 3784.0 1.0 7749.0 76.0 89570.0 0.10351966873706003
41 41 41 0.0 4.0 3130.0 12.0 11476.0 84.0 50467.0 0.0843221104619647
41 41 42 0.0 0.0 1875.0 0.0 12932.0 45.0 24643.0 0.08331845503779085
41 41 43 0.0 0.0 1234.0 0.0 12932.0 30.0 14277.0 0.08655867441572894
41 41 44 0.0 0.0 533.0 0.0 10178.0 17.0 3339.0 0.11014082290929117
41 41 45 0.0 0.0 133.0 0.0 3086.0 18.0 66.0 0.2690755333461464
41 41 46 0.0 0.0 3.0 0.0 70.0 1.0 0.0 0.6756756756756755
41 42 34 0.0 0.0 0.0 0.0 8.0 0.0 0.0 0.697211155378486
41 42 35 0.0 0.0 94.0 0.0 2200.0 10.0 30.0 0.3266448903406439
41 42 36 0.0 0.0 774.0 0.0 11746.0 27.0 6987.0 0.09644530173601543
41 42 37 0.0 0.0 1141.0 0.0 13091.0 34.0 11223.0 0.08623344625808438
41 42 38 0.0 0.0 1285.0 0.0 13211.0 36.0 14021.0 0.08486905916585838
41 42 39 0.0 0.0 1754.0 0.0 13173.0 55.0 22721.0 0.08275209835677975
41 42 40 0.0 0.0 2081.0 1.0 12543.0 51.0 30860.0 0.08416496332812311
41 42 41 0.0 0.0 2019.0 1.0 12398.0 43.0 30608.0 0.0852411105698977
41 42 42 0.0 0.0 1076.0 0.0 12942.0 32.0 11269.0 0.08743442418186359
41 42 43 0.0 0.0 644.0 0.0 10979.0 34.0 4552.0 0.10285042609462239
41 42 44 0.0 0.0 329.0 0.0 7055.0 23.0 747.0 0.1494130202774813
41 42 45 0.0 0.0 101.0 0.0 2571.0 16.0 76.0 0.30055817947617
41 42 46 0.0 0.0 0.0 0.0 5.0 0.0 0.0 0.6982543640897755
41 43 34 0.0 0.0 0.0 0.0 2.0 0.0 0.0 0.6993006993006992
41 43 35 0.0 0.0 187.0 0.0 4113.0 19.0 161.0 0.22289444355994262
41 43 36 0.0 0.0 77.0 0.0 2130.0 12.0 40.0 0.33388981636060094
41 43 37 0.0 0.0 560.0 0.0 9965.0 24.0 2388.0 0.11194626579241963
41 43 38 0.0 0.0 612.0 0.0 10806.0 26.0 3983.0 0.1044698156853966
41 43 39 0.0 0.0 1163.0 0.0 12648.0 26.0 14670.0 0.08847879668836503
41 43 40 0.0 0.0 905.0 0.0 12532.0 30.0 7500.0 0.09071470226138792
41 43 41 0.0 0.0 1076.0 0.0 12850.0 31.0 10471.0 0.08797285409073771
41 43 42 0.0 0.0 1175.0 0.0 12865.0 32.0 13473.0 0.08722197993894461
41 43 43 0.0 0.0 347.0 0.0 7286.0 21.0 854.0 0.14557554330872413
41 43 44 0.0 0.0 15.0 0.0 414.0 7.0 1.0 0.5780346820809247
41 43 45 0.0 0.0 0.0 0.0 34.0 0.0 0.0 0.6882989183874139
41 43 46 0.0 0.0 0.0 0.0 5.0 0.0 0.0 0.6982543640897755
41 44 34 0.0 0.0 0.0 0.0 1.0 0.0 0.0 0.6996501749125437
41 44 35 0.0 0.0 105.0 0.0 2186.0 16.0 29.0 0.3274087932647333
41 44 36 0.0 0.0 141.0 0.0 3193.0 15.0 88.0 0.2631084382634843
41 44 37 0.0 0.0 98.0 0.0 1917.0 15.0 16.0 0.3499125218695326
41 44 38 0.0 0.0 686.0 0.0 11270.0 17.0 4576.0 0.1003656176069969
41 44 39 0.0 0.0 369.0 0.0 8199.0 14.0 1447.0 0.1325506532853626
41 44 40 0.0 0.0 297.0 0.0 6200.0 25.0 500.0 0.1651917404129793
41 44 41 0.0 0.0 606.0 0.0 10763.0 27.0 3784.0 0.10483750187209824
41 44 42 0.0 0.0 82.0 0.0 2267.0 13.0 40.0 0.3228037814157251
41 44 43 0.0 0.0 82.0 0.0 2134.0 9.0 35.0 0.3327787021630615
41 44 44 0.0 0.0 2.0 0.0 47.0 1.0 0.0 0.6839276990718123
41 44 45 0.0 0.0 0.0 0.0 2.0 0.0 0.0 0.6993006993006992
41 44 46 0.0 0.0 0.0 0.0 1.0 0.0 0.0 0.6996501749125437
41 45 35 0.0 0.0 25.0 0.0 877.0 7.0 6.0 0.4835924006908462
41 45 37 0.0 0.0 151.0 0.0 3200.0 22.0 64.0 0.26261489401613203
41 45 38 0.0 0.0 47.0 0.0 967.0 10.0 5.0 0.46604527296937415
41 45 39 0.0 0.0 65.0 0.0 1667.0 8.0 13.0 0.37593984962406013
41 45 40 0.0 0.0 154.0 0.0 3539.0 16.0 138.0 0.24652227504842397
41 45 41 0.0 0.0 65.0 0.0 1451.0 10.0 15.0 0.3994293865905848
41 45 42 0.0 0.0 2.0 0.0 90.0 0.0 0.0 0.6692160611854684
41 45 43 0.0 0.0 14.0 0.0 257.0 4.0 0.0 0.6175562417291574
41 45 44 0.0 0.0 0.0 0.0 2.0 0.0 0.0 0.6993006993006992
41 46 36 0.0 0.0 0.0 0.0 2.0 0.0 0.0 0.6993006993006992
41 46 37 0.0 0.0 0.0 0.0 5.0 0.0 0.0 0.6982543640897755
41 46 38 0.0 0.0 0.0 0.0 6.0 0.0 0.0 0.6979062811565303
41 46 39 0.0 0.0 1.0 0.0 59.0 1.0 0.0 0.6799417192812044
41 46 40 0.0 0.0 0.0 0.0 3.0 0.0 0.0 0.6989515726410384
41 46 41 0.0 0.0 2.0 0.0 65.0 2.0 0.0 0.6779661016949151
41 46 43 0.0 0.0 0.0 0.0 1.0 0.0 0.0 0.6996501749125437
42 34 37 0.0 0.0 0.0 0.0 10.0 0.0 0.0 0.6965174129353233
42 34 38 0.0 0.0 0.0 0.0 29.0 0.0 0.0 0.6899950714637751
42 34 39 0.0 0.0 0.0 0.0 28.0 0.0 0.0 0.690335305719921
42 34 40 0.0 0.0 0.0 0.0 27.0 1.0 0.0 0.6910167818361302
42 34 41 0.0 0.0 2.0 0.0 17.0 0.0 0.0 0.6934125804853887
42 34 42 0.0 0.0 0.0 0.0 1.0 0.0 0.0 0.6996501749125437
42 35 35 0.0 0.0 0.0 0.0 1.0 0.0 0.0 0.6996501749125437
42 35 36 0.0 0.0 0.0 0.0 2.0 0.0 0.0 0.6993006993006992
42 35 37 0.0 0.0 11.0 0.0 141.0 2.0 0.0 0.6511627906976742
42 35 38 0.0 0.0 169.0 0.0 3266.0 10.0 89.0 0.2579694121982679
42 35 39 0.0 0.0 285.0 0.0 5521.0 22.0 341.0 0.17976373908577298
42 35 40 0.0 0.0 68.0 0.0 1517.0 12.0 14.0 0.3920470456454774
42 35 41 0.0 0.0 128.0 0.0 3395.0 15.0 121.0 0.25408348457350266
42 35 42 0.0 0.0 11.0 0.0 298.0 3.0 1.0 0.6071118820468342
42 35 43 0.0 0.0 68.0 0.0 1354.0 15.0 9.0 0.41091869680070436
42 35 44 0.0 0.0 3.0 0.0 98.0 2.0 0.0 0.6669842782277274
42 35 45 0.0 0.0 0.0 0.0 6.0 0.0 0.0 0.6979062811565303
42 36 35 0.0 0.0 0.0 0.0 5.0 0.0 0.0 0.6982543640897755
42 36 36 0.0 0.0 115.0 0.0 3053.0 11.0 89.0 0.2714230321830166
42 36 37 0.0 0.0 27.0 0.0 572.0 6.0 2.0 0.5399151561897415
42 36 38 0.0 0.0 315.0 0.0 7167.0 20.0 821.0 0.14785088182490227
42 36 39 0.0 0.0 917.0 0.0 12168.0 24.0 9119.0 0.09277052547876216
42 36 40 0.0 0.0 544.0 0.0 9816.0 26.0 2317.0 0.1133878674981777
42 36 41 0.0 0.0 787.0 0.0 11949.0 18.0 6364.0 0.0949603201519365
42 36 42 0.0 0.0 479.0 0.0 9469.0 22.0 2166.0 0.11731188201776435
42 36 43 0.0 0.0 525.0 0.0 9642.0 27.0 2307.0 0.11520737327188939
42 36 44 0.0 0.0 28.0 0.0 1006.0 4.0 6.0 0.46235138705416107
42 36 45 0.0 0.0 1.0 0.0 49.0 0.0 0.0 0.6829268292682925
42 36 46 0.0 0.0 0.0 0.0 5.0 0.0 0.0 0.6982543640897755
42 37 34 0.0 0.0 24.0 0.0 664.0 7.0 3.0 0.5221932114882506
42 37 35 0.0 0.0 62.0 0.0 1591.0 11.0 17.0 0.38440417353102685
42 37 36 0.0 0.0 21.0 0.0 634.0 5.0 2.0 0.5285013212533031
42 37 37 0.0 0.0 238.0 0.0 5383.0 17.0 367.0 0.1841136244082062
42 37 38 0.0 0.0 653.0 0.0 11045.0 27.0 4177.0 0.10230179028132991
42 37 39 0.0 0.0 1409.0 0.0 13008.0 48.0 17485.0 0.08534503779565958
42 37 40 0.0 0.0 1990.0 0.0 12019.0 55.0 32271.0 0.0874945315917755
42 37 41 0.0 0.0 1856.0 0.0 12558.0 51.0 26350.0 0.08531383302864107
42 37 42 0.0 0.0 1002.0 0.0 12849.0 24.0 9750.0 0.08829465186680119
42 37 43 0.0 0.0 1163.0 0.0 12352.0 31.0 15462.0 0.09018875217419313
42 37 44 0.0 0.0 541.0 0.0 9862.0 24.0 2435.0 0.11293965795417875
42 37 45 0.0 0.0 294.0 0.0 6224.0 23.0 562.0 0.16470588235294115
42 37 46 0.0 0.0 0.0 0.0 9.0 0.0 0.0 0.6968641114982577
42 38 34 0.0 0.0 7.0 0.0 114.0 0.0 1.0 0.66006600660066
42 38 35 0.0 0.0 73.0 0.0 1614.0 11.0 8.0 0.38064165307232184
42 38 36 0.0 0.0 454.0 0.0 9049.0 29.0 1841.0 0.12185568804943858
42 38 37 0.0 0.0 330.0 0.0 7071.0 28.0 813.0 0.14933333333333332
42 38 38 0.0 0.0 1262.0 0.0 12723.0 44.0 15628.0 0.08760951188986231
42 38 39 0.0 0.0 1772.0 0.0 12508.0 39.0 26413.0 0.08593174564203289
42 38 40 0.0 0.0 2799.0 0.0 10322.0 60.0 55136.0 0.09247027741083222
42 38 41 0.0 0.0 3122.0 0.0 9998.0 59.0 60105.0 0.09250082590023123
42 38 42 0.0 0.0 1707.0 0.0 12912.0 50.0 24031.0 0.08425106818318588
42 38 43 0.0 0.0 825.0 0.0 11980.0 27.0 7219.0 0.09460737937559129
42 38 44 0.0 0.0 477.0 0.0 9326.0 19.0 2052.0 0.11873462810618267
42 38 45 0.0 0.0 129.0 0.0 2391.0 20.0 36.0 0.31097290093291863
42 38 46 0.0 0.0 0.0 0.0 4.0 0.0 0.0 0.6986027944111775
42 39 34 0.0 0.0 0.0 0.0 4.0 0.0 0.0 0.6986027944111775
42 39 35 0.0 0.0 187.0 0.0 4778.0 20.0 250.0 0.2015548517132162
42 39 36 0.0 0.0 399.0 0.0 8585.0 19.0 1569.0 0.12753940056481733
42 39 37 0.0 0.0 1122.0 0.0 12829.0 31.0 11717.0 0.08778530223225482
42 39 38 0.0 0.0 1412.0 0.0 13103.0 41.0 17519.0 0.0848279205041202
42 39 39 0.0 0.0 2471.0 0.0 12187.0 56.0 38519.0 0.0839680921249925
42 39 40 0.0 0.0 3253.0 0.0 10614.0 73.0 57661.0 0.0881445570736007
42 39 41 0.0 0.0 3029.0 0.0 11249.0 80.0 50151.0 0.08604265257206072
42 39 42 0.0 0.0 2995.0 0.0 10219.0 66.0 58562.0 0.0920326058374967
42 39 43 0.0 0.0 1059.0 0.0 13017.0 36.0 10608.0 0.08711343413602139
42 39 44 0.0 0.0 600.0 0.0 10695.0 28.0 3641.0 0.10536614736208323
42 39 45 0.0 0.0 55.0 0.0 1239.0 8.0 10.0 0.42604990870359094
42 39 46 0.0 0.0 0.0 0.0 2.0 0.0 0.0 0.6993006993006992
42 40 34 0.0 0.0 3.0 0.0 46.0 0.0 0.0 0.6832601268911663
42 40 35 0.0 0.0 253.0 0.0 5294.0 22.0 322.0 0.185898287080069
42 40 36 0.0 0.0 267.0 0.0 6614.0 22.0 814.0 0.15790660951951271
42 40 37 0.0 0.0 984.0 0.0 12813.0 32.0 8645.0 0.08868617762574432
42 40 38 0.0 0.0 2114.0 0.0 11261.0 58.0 38655.0 0.09108653220559532
42 40 39 0.0 0.0 2455.0 0.0 12066.0 71.0 38970.0 0.08484848484848484
42 40 40 1.0 0.0 2858.0 1.0 10879.0 60.0 51649.0 0.08892276422764227
42 40 41 0.0 0.0 2993.0 0.0 11027.0 66.0 52189.0 0.08741804558226662
42 40 42 0.0 0.0 2693.0 0.0 11075.0 52.0 47442.0 0.0888437618987181
42 40 43 0.0 0.0 1370.0 0.0 12863.0 40.0 18254.0 0.0862493839329719
42 40 44 0.0 0.0 912.0 0.0 12385.0 45.0 7962.0 0.09164102899783988
42 40 45 0.0 0.0 167.0 0.0 4220.0 12.0 196.0 0.2195389681668496
42 40 46 0.0 0.0 0.0 0.0 12.0 0.0 0.0 0.6961710591745399
42 41 34 0.0 0.0 3.0 0.0 59.0 0.0 0.0 0.6789524733268669
42 41 35 0.0 0.0 93.0 0.0 2125.0 15.0 37.0 0.3330954080418748
42 41 36 0.0 0.0 318.0 0.0 6663.0 25.0 630.0 0.15628488501897742
42 41 37 0.0 0.0 724.0 0.0 11531.0 34.0 5176.0 0.09828699803426003
42 41 38 0.0 0.0 1685.0 0.0 12548.0 47.0 24525.0 0.08623344625808438
42 41 39 0.0 0.0 2227.0 0.0 12489.0 64.0 32929.0 0.08377213977979894
42 41 40 0.0 0.0 2197.0 0.0 12324.0 51.0 33315.0 0.08472524812394092
42 41 41 0.0 0.0 1520.0 0.0 13670.0 32.0 15912.0 0.08142848833827719
42 41 42 0.0 0.0 1849.0 0.0 12249.0 43.0 28436.0 0.08686480114165165
42 41 43 0.0 0.0 1190.0 0.0 13061.0 30.0 12582.0 0.08615914825527723
42 41 44 0.0 0.0 548.0 0.0 10294.0 22.0 3036.0 0.1091362644215778
42 41 45 0.0 0.0 98.0 0.0 2362.0 18.0 51.0 0.3151024082826918
42 41 46 0.0 0.0 0.0 0.0 11.0 0.0 0.0 0.6961710591745399
42 42 34 0.0 0.0 0.0 0.0 4.0 0.0 0.0 0.6986027944111775
42 42 35 0.0 0.0 3.0 0.0 145.0 1.0 1.0 0.6520726595249184
42 42 36 0.0 0.0 445.0 0.0 9011.0 20.0 1821.0 0.12229210342417889
42 42 37 0.0 0.0 399.0 0.0 8244.0 29.0 1377.0 0.13180192054227075
42 42 38 0.0 0.0 1560.0 0.0 12301.0 36.0 23537.0 0.08815565770417479
42 42 39 0.0 0.0 1758.0 0.0 12485.0 40.0 26369.0 0.08613794376422813
42 42 40 0.0 0.0 1165.0 0.0 12790.0 51.0 13520.0 0.08783487044356608
42 42 41 0.0 0.0 1933.0 0.0 12317.0 39.0 30071.0 0.08607968519429414
42 42 42 0.0 2.0 952.0 4.0 12486.0 34.0 7575.0 0.09062661833247021
42 42 43 0.0 0.0 293.0 0.0 6319.0 20.0 525.0 0.1628664495114006
42 42 44 0.0 0.0 251.0 0.0 5253.0 23.0 275.0 0.18706574024585781
42 42 45 0.0 0.0 10.0 0.0 285.0 3.0 0.0 0.6108202443280977
42 42 46 0.0 0.0 2.0 0.0 46.0 1.0 0.0 0.6839276990718123
42 43 34 0.0 0.0 0.0 0.0 3.0 0.0 0.0 0.6989515726410384
42 43 35 0.0 0.0 6.0 0.0 224.0 1.0 0.0 0.6280843427545983
42 43 36 0.0 0.0 25.0 0.0 530.0 3.0 1.0 0.5488043904351234
42 43 37 0.0 0.0 300.0 0.0 7034.0 20.0 817.0 0.15026296018031554
42 43 38 0.0 0.0 522.0 0.0 9883.0 23.0 2730.0 0.11295788284653863
42 43 39 0.0 0.0 703.0 0.0 11460.0 31.0 4474.0 0.09893992932862189
42 43 40 0.0 0.0 395.0 0.0 8136.0 22.0 1334.0 0.13311780926119612
42 43 41 0.0 0.0 903.0 0.0 12354.0 20.0 7974.0 0.09170105456212746
42 43 42 0.0 0.0 576.0 0.0 10776.0 30.0 4307.0 0.10497900419916015
42 43 43 0.0 0.0 129.0 0.0 2961.0 12.0 75.0 0.2756990941315478
42 43 44 0.0 0.0 9.0 0.0 274.0 1.0 0.0 0.6134969325153373
42 43 45 0.0 0.0 95.0 0.0 2191.0 12.0 33.0 0.3275620028076743
42 44 34 0.0 0.0 0.0 0.0 1.0 0.0 0.0 0.6996501749125437
42 44 35 0.0 0.0 5.0 0.0 47.0 2.0 0.0 0.6829268292682925
42 44 36 0.0 0.0 4.0 0.0 257.0 1.0 2.0 0.6194690265486725
42 44 37 0.0 0.0 7.0 0.0 270.0 2.0 2.0 0.6153846153846153
42 44 38 0.0 0.0 119.0 0.0 3037.0 7.0 86.0 0.2718974558166634
42 44 39 0.0 0.0 85.0 0.0 1941.0 14.0 34.0 0.3490401396160558
42 44 40 0.0 0.0 664.0 0.0 10869.0 27.0 3554.0 0.10348905972797161
42 44 41 0.0 0.0 190.0 0.0 4611.0 21.0 279.0 0.20645922430320007
42 44 42 0.0 0.0 87.0 0.0 1956.0 8.0 22.0 0.34679217240525134
42 44 43 0.0 0.0 32.0 0.0 596.0 9.0 2.0 0.5345551737304314
42 44 44 0.0 0.0 0.0 0.0 15.0 0.0 0.0 0.694789081885856
42 45 36 0.0 0.0 0.0 0.0 1.0 0.0 0.0 0.6996501749125437
42 45 37 0.0 0.0 66.0 0.0 1390.0 11.0 11.0 0.4063860667634252
42 45 38 0.0 0.0 0.0 0.0 47.0 0.0 0.0 0.6839276990718123
42 45 39 0.0 0.0 150.0 0.0 3447.0 20.0 89.0 0.2508960573476702
42 45 40 0.0 0.0 230.0 0.0 4546.0 13.0 229.0 0.20697811945594316
42 45 41 0.0 0.0 6.0 0.0 174.0 2.0 1.0 0.6427915518824608
42 45 42 0.0 0.0 13.0 0.0 311.0 0.0 0.0 0.6024096385542168
42 45 44 0.0 0.0 0.0 0.0 1.0 0.0 0.0 0.6996501749125437
42 46 36 0.0 0.0 0.0 0.0 1.0 0.0 0.0 0.6996501749125437
42 46 38 0.0 0.0 0.0 0.0 1.0 0.0 0.0 0.6996501749125437
42 46 39 0.0 0.0 0.0 0.0 7.0 0.0 0.0 0.6975585450921773
42 46 40 0.0 0.0 5.0 0.0 162.0 1.0 0.0 0.6463527239150507
42 46 41 0.0 0.0 0.0 0.0 3.0 0.0 0.0 0.6989515726410384
43 34 37 0.0 0.0 0.0 0.0 2.0 0.0 0.0 0.6993006993006992
43 34 38 0.0 0.0 0.0 0.0 10.0 0.0 0.0 0.6965174129353233
43 34 39 0.0 0.0 0.0 0.0 15.0 0.0 0.0 0.694789081885856
43 34 40 0.0 0.0 4.0 0.0 25.0 1.0 0.0 0.690335305719921
43 34 41 0.0 0.0 0.0 0.0 6.0 0.0 0.0 0.6979062811565303
43 35 37 0.0 0.0 0.0 0.0 15.0 0.0 0.0 0.694789081885856
43 35 38 0.0 0.0 153.0 0.0 3391.0 18.0 91.0 0.2533478103510677
43 35 39 0.0 0.0 49.0 0.0 1392.0 6.0 18.0 0.4075691411935953
43 35 40 0.0 0.0 223.0 0.0 5168.0 18.0 338.0 0.18980477223427328
43 35 41 0.0 0.0 25.0 0.0 542.0 8.0 2.0 0.5470887065259866
43 35 42 0.0 0.0 9.0 0.0 473.0 3.0 1.0 0.5649717514124293
43 35 43 0.0 0.0 8.0 0.0 233.0 3.0 0.0 0.6255585344057193
43 35 44 0.0 0.0 3.0 0.0 60.0 0.0 0.0 0.6786233640329616
43 35 45 0.0 0.0 0.0 0.0 8.0 0.0 0.0 0.6975585450921773
43 36 36 0.0 0.0 0.0 0.0 4.0 0.0 0.0 0.6989515726410384
43 36 37 0.0 0.0 9.0 0.0 195.0 0.0 0.0 0.6352087114337567
43 36 38 0.0 0.0 104.0 0.0 2733.0 21.0 68.0 0.2906373261365995
43 36 39 0.0 0.0 682.0 0.0 11346.0 23.0 4836.0 0.09979328533751514
43 36 40 0.0 0.0 416.0 0.0 8398.0 25.0 1303.0 0.12967765839199702
43 36 41 0.0 0.0 526.0 0.0 9938.0 31.0 2894.0 0.11245883203470158
43 36 42 0.0 0.0 634.0 0.0 10985.0 24.0 3989.0 0.10289578127296779
43 36 43 0.0 0.0 271.0 0.0 6138.0 31.0 481.0 0.16706443914081143
43 36 44 0.0 0.0 468.0 0.0 8649.0 20.0 1530.0 0.1260239445494644
43 36 45 0.0 0.0 12.0 0.0 260.0 2.0 0.0 0.6167400881057268
43 36 46 0.0 0.0 0.0 0.0 1.0 0.0 0.0 0.6996501749125437
43 37 34 0.0 0.0 0.0 0.0 3.0 1.0 0.0 0.6993006993006992
43 37 35 0.0 0.0 4.0 0.0 166.0 2.0 1.0 0.6457564575645756
43 37 36 0.0 0.0 3.0 0.0 71.0 1.0 0.0 0.6753497346840327
43 37 37 0.0 0.0 14.0 0.0 435.0 5.0 2.0 0.5733005733005732
43 37 38 0.0 0.0 599.0 0.0 10471.0 13.0 3586.0 0.1071073368525744
43 37 39 0.0 0.0 833.0 0.0 11987.0 29.0 5420.0 0.09446693657219972
43 37 40 0.0 0.0 1058.0 0.0 12810.0 39.0 9882.0 0.08831136062574907
43 37 41 0.0 0.0 1012.0 0.0 12838.0 31.0 10961.0 0.08829465186680119
43 37 42 0.0 0.0 625.0 0.0 10826.0 24.0 4093.0 0.10413567390657541
43 37 43 0.0 0.0 851.0 0.0 12067.0 43.0 8298.0 0.09398496240601503
43 37 44 0.0 0.0 200.0 0.0 5022.0 14.0 341.0 0.19417475728155337
43 37 45 0.0 0.0 6.0 0.0 144.0 5.0 0.0 0.6526806526806526
43 37 46 0.0 0.0 0.0 0.0 1.0 0.0 0.0 0.6996501749125437
43 38 34 0.0 0.0 0.0 0.0 2.0 0.0 0.0 0.6993006993006992
43 38 35 0.0 0.0 0.0 0.0 50.0 0.0 0.0 0.6829268292682925
43 38 36 0.0 0.0 245.0 0.0 5317.0 19.0 405.0 0.18552875695732837
43 38 37 0.0 0.0 73.0 0.0 1965.0 14.0 32.0 0.34791252485089463
43 38 38 0.0 0.0 789.0 0.0 12003.0 25.0 7015.0 0.09472259810554803
43 38 39 0.0 0.0 1015.0 0.0 12742.0 34.0 8748.0 0.08885503935008884
43 38 40 0.0 0.0 1338.0 0.0 13039.0 33.0 16185.0 0.08543357539513027
43 38 41 0.0 0.0 1446.0 0.0 12939.0 56.0 18581.0 0.08557457212713934
43 38 42 0.0 0.0 1216.0 0.0 12657.0 34.0 14705.0 0.08820564516129031
43 38 43 0.0 0.0 1184.0 0.0 12995.0 45.0 13389.0 0.08658544127651678
43 38 44 0.0 0.0 285.0 0.0 6457.0 21.0 604.0 0.16045845272206302
43 38 45 0.0 0.0 21.0 0.0 402.0 4.0 1.0 0.5787515502273666
43 38 46 0.0 0.0 19.0 0.0 313.0 3.0 0.0 0.6011163589523401
43 39 34 0.0 0.0 0.0 0.0 1.0 0.0 0.0 0.6996501749125437
43 39 35 0.0 0.0 15.0 0.0 531.0 4.0 2.0 0.5507474429583004
43 39 36 0.0 0.0 259.0 0.0 5408.0 20.0 308.0 0.1829347968117078
43 39 37 0.0 0.0 460.0 0.0 9366.0 20.0 2042.0 0.11844331641285953
43 39 38 0.0 0.0 895.0 0.0 12441.0 40.0 7630.0 0.09137784739899484
43 39 39 0.0 0.0 1227.0 0.0 12773.0 40.0 15213.0 0.08752188047011751
43 39 40 0.0 0.0 1719.0 0.0 12620.0 47.0 24965.0 0.08574753475837568
43 39 41 0.0 0.0 1488.0 0.0 13488.0 37.0 16138.0 0.08244994110718491
43 39 42 0.0 0.0 1611.0 0.0 12749.0 49.0 22081.0 0.08557457212713934
43 39 43 0.0 0.0 1216.0 0.0 12479.0 34.0 16002.0 0.08917197452229299
43 39 44 0.0 0.0 474.0 0.0 9170.0 21.0 1841.0 0.12028524787352862
43 39 45 0.0 0.0 3.0 0.0 207.0 2.0 0.0 0.6343452650657
43 39 46 0.0 0.0 0.0 0.0 1.0 0.0 0.0 0.6996501749125437
43 40 34 0.0 0.0 0.0 0.0 8.0 0.0 0.0 0.697211155378486
43 40 35 0.0 0.0 4.0 0.0 137.0 3.0 1.0 0.6548175865294666
43 40 36 0.0 0.0 84.0 0.0 2288.0 10.0 39.0 0.3208801283520513
43 40 37 0.0 0.0 781.0 0.0 11888.0 33.0 5982.0 0.09551750017056695
43 40 38 0.0 0.0 1216.0 0.0 12860.0 30.0 15463.0 0.08706467661691542
43 40 39 0.0 0.0 1284.0 0.0 13077.0 34.0 15555.0 0.08555365436323636
43 40 40 0.0 0.0 1451.0 0.0 13146.0 45.0 18546.0 0.08440853732063185
43 40 41 0.0 0.0 1889.0 0.0 12573.0 54.0 27395.0 0.08506501397496657
43 40 42 0.0 0.0 1262.0 0.0 13020.0 38.0 14109.0 0.08600565179997542
43 40 43 0.0 0.0 1154.0 0.0 13041.0 34.0 11688.0 0.08647313156269301
43 40 44 0.0 0.0 417.0 0.0 8541.0 19.0 1551.0 0.12784220619121542
43 40 45 0.0 0.0 182.0 0.0 4459.0 14.0 228.0 0.21112954305534606
43 40 46 0.0 0.0 0.0 0.0 4.0 0.0 0.0 0.6986027944111775
43 41 34 0.0 0.0 0.0 0.0 5.0 0.0 0.0 0.6982543640897755
43 41 35 0.0 0.0 158.0 0.0 3690.0 21.0 144.0 0.24021962937542896
43 41 36 0.0 0.0 257.0 0.0 5758.0 23.0 412.0 0.17504376094023502
43 41 37 0.0 0.0 1366.0 0.0 12508.0 33.0 19561.0 0.08820564516129031
43 41 38 0.0 0.0 729.0 0.0 11556.0 22.0 4723.0 0.0980186235384723
43 41 39 0.0 0.0 1333.0 0.0 13184.0 32.0 15752.0 0.08471499455403605
43 41 40 0.0 0.0 1765.0 0.0 12437.0 39.0 26272.0 0.08636644046884638
43 41 41 0.0 0.0 787.0 0.0 11686.0 24.0 5281.0 0.0967719637796364
43 41 42 0.0 0.0 1013.0 0.0 12686.0 34.0 10004.0 0.08922312153463768
43 41 43 0.0 0.0 756.0 0.0 11728.0 19.0 6055.0 0.09667173042397459
43 41 44 0.0 0.0 429.0 0.0 7874.0 18.0 1012.0 0.13597513597513594
43 41 45 0.0 0.0 92.0 0.0 2485.0 10.0 41.0 0.3065469673746441
43 41 46 0.0 0.0 0.0 0.0 4.0 0.0 0.0 0.6989515726410384
43 42 34 0.0 0.0 0.0 0.0 4.0 1.0 0.0 0.6989515726410384
43 42 35 0.0 0.0 3.0 0.0 122.0 2.0 0.0 0.6594441827602449
43 42 36 0.0 0.0 47.0 0.0 1287.0 9.0 10.0 0.4210526315789473
43 42 37 0.0 0.0 528.0 0.0 9563.0 24.0 2207.0 0.11589403973509933
43 42 38 0.0 0.0 867.0 0.0 12091.0 34.0 6581.0 0.09367054730362638
43 42 39 0.0 0.0 1081.0 0.0 13115.0 28.0 10642.0 0.08641441886303314
43 42 40 0.0 0.0 721.0 0.0 11469.0 34.0 5444.0 0.09867493656611219
43 42 41 0.0 0.0 717.0 0.0 11388.0 41.0 4118.0 0.09938240931355148
43 42 42 0.0 0.0 271.0 0.0 6274.0 19.0 606.0 0.16395362454619974
43 42 43 0.0 0.0 450.0 0.0 8809.0 24.0 1604.0 0.12449977767896842
43 42 44 0.0 0.0 161.0 0.0 3657.0 17.0 118.0 0.24121295658166778
43 42 45 0.0 0.0 58.0 0.0 1055.0 9.0 2.0 0.4510309278350515
43 42 46 0.0 0.0 0.0 0.0 1.0 0.0 0.0 0.6996501749125437
43 43 35 0.0 0.0 1.0 0.0 67.0 0.0 0.0 0.6769825918762088
43 43 36 0.0 0.0 4.0 0.0 196.0 2.0 2.0 0.6369426751592355
43 43 37 0.0 0.0 244.0 0.0 5370.0 18.0 364.0 0.18416206261510126
43 43 38 0.0 0.0 305.0 0.0 6804.0 22.0 764.0 0.15399846001539982
43 43 39 0.0 0.0 486.0 0.0 9128.0 29.0 1680.0 0.12072087608864361
43 43 40 0.0 0.0 422.0 0.0 8526.0 22.0 1480.0 0.12802926383173294
43 43 41 0.0 0.0 598.0 0.0 10328.0 19.0 2976.0 0.10832559579077684
43 43 42 0.0 0.0 306.0 0.0 5870.0 26.0 383.0 0.1717159327854777
43 43 43 0.0 0.0 9.0 0.0 272.0 1.0 2.0 0.6140350877192982
43 43 44 0.0 0.0 0.0 0.0 19.0 0.0 0.0 0.6934125804853887
43 43 45 0.0 0.0 0.0 0.0 4.0 0.0 0.0 0.6986027944111775
43 43 46 0.0 0.0 0.0 0.0 1.0 0.0 0.0 0.6996501749125437
43 44 36 0.0 0.0 0.0 0.0 12.0 0.0 0.0 0.6958250497017892
43 44 37 0.0 0.0 154.0 0.0 3198.0 17.0 81.0 0.2623196552370245
43 44 38 0.0 0.0 10.0 0.0 205.0 3.0 1.0 0.6329113924050632
43 44 39 0.0 0.0 21.0 0.0 447.0 6.0 0.0 0.5686433793663687
43 44 40 0.0 0.0 51.0 0.0 1404.0 10.0 23.0 0.4063860667634252
43 44 41 0.0 0.0 268.0 0.0 5279.0 25.0 291.0 0.18599707718878697
43 44 42 0.0 0.0 46.0 0.0 923.0 8.0 3.0 0.4728132387706855
43 44 43 0.0 0.0 0.0 0.0 32.0 0.0 0.0 0.6889763779527558
43 45 36 0.0 0.0 0.0 0.0 7.0 0.0 0.0 0.6975585450921773
43 45 37 0.0 0.0 0.0 0.0 2.0 0.0 0.0 0.6993006993006992
43 45 38 0.0 0.0 0.0 0.0 3.0 0.0 0.0 0.6989515726410384
43 45 39 0.0 0.0 0.0 0.0 25.0 0.0 0.0 0.6913580246913579
43 45 40 0.0 0.0 10.0 0.0 313.0 1.0 0.0 0.6029285099052539
43 45 41 0.0 0.0 2.0 0.0 85.0 1.0 0.0 0.6714628297362109
43 45 42 0.0 0.0 0.0 0.0 8.0 0.0 0.0 0.697211155378486
43 46 39 0.0 0.0 0.0 0.0 12.0 0.0 0.0 0.6958250497017892
43 46 40 0.0 0.0 0.0 0.0 5.0 0.0 0.0 0.6982543640897755
43 46 41 0.0 0.0 0.0 0.0 3.0 0.0 0.0 0.6989515726410384
44 34 37 0.0 0.0 0.0 0.0 7.0 0.0 0.0 0.6975585450921773
44 34 38 0.0 0.0 0.0 0.0 2.0 0.0 0.0 0.6993006993006992
44 34 39 0.0 0.0 0.0 0.0 2.0 0.0 0.0 0.6993006993006992
44 34 40 0.0 0.0 0.0 0.0 8.0 0.0 0.0 0.697211155378486
44 34 41 0.0 0.0 1.0 0.0 13.0 0.0 0.0 0.6951340615690167
44 35 37 0.0 0.0 0.0 0.0 2.0 0.0 0.0 0.6993006993006992
44 35 38 0.0 0.0 0.0 0.0 25.0 0.0 0.0 0.6913580246913579
44 35 39 0.0 0.0 252.0 0.0 4190.0 19.0 115.0 0.21779713752333538
44 35 40 0.0 0.0 78.0 0.0 1717.0 10.0 19.0 0.3698811096433288
44 35 41 0.0 0.0 40.0 0.0 711.0 10.0 4.0 0.5107624954396205
44 35 42 0.0 0.0 2.0 0.0 82.0 0.0 0.0 0.6717850287907868
44 35 43 0.0 0.0 2.0 0.0 82.0 0.0 0.0 0.6717850287907868
44 35 44 0.0 0.0 5.0 0.0 110.0 0.0 0.0 0.6619385342789597
44 35 45 0.0 0.0 3.0 0.0 195.0 1.0 0.0 0.6372325898953117
44 36 37 0.0 0.0 1.0 0.0 58.0 0.0 0.0 0.6799417192812044
44 36 38 0.0 0.0 21.0 0.0 572.0 8.0 0.0 0.5417956656346749
44 36 39 0.0 0.0 6.0 0.0 384.0 1.0 2.0 0.5860192549183758
44 36 40 0.0 0.0 146.0 0.0 2799.0 20.0 52.0 0.28420625253755577
44 36 41 0.0 0.0 326.0 0.0 7221.0 20.0 973.0 0.14676590837614004
44 36 42 0.0 0.0 62.0 0.0 1705.0 6.0 28.0 0.37224142515288483
44 36 43 0.0 0.0 119.0 0.0 2669.0 12.0 45.0 0.2931323283082077
44 36 44 0.0 0.0 24.0 0.0 905.0 4.0 9.0 0.478468899521531
44 36 45 0.0 0.0 2.0 0.0 40.0 4.0 0.0 0.6869479882237487
44 37 35 0.0 0.0 0.0 0.0 6.0 0.0 0.0 0.6979062811565303
44 37 36 0.0 0.0 0.0 0.0 3.0 0.0 0.0 0.6989515726410384
44 37 37 0.0 0.0 61.0 0.0 1236.0 11.0 8.0 0.4259202920596288
44 37 38 0.0 0.0 160.0 0.0 3373.0 17.0 83.0 0.2537151141718013
44 37 39 0.0 0.0 255.0 0.0 5340.0 30.0 316.0 0.18503832936822628
44 37 40 0.0 0.0 511.0 0.0 9486.0 11.0 1919.0 0.11671529804085035
44 37 41 0.0 0.0 368.0 0.0 7678.0 21.0 980.0 0.13951170901843546
44 37 42 0.0 0.0 275.0 0.0 5832.0 16.0 417.0 0.17301038062283733
44 37 43 0.0 0.0 465.0 0.0 9164.0 25.0 1952.0 0.12052341597796143
44 37 44 0.0 0.0 345.0 0.0 7165.0 27.0 775.0 0.14755480607082627
44 37 45 0.0 0.0 9.0 0.0 253.0 1.0 0.0 0.6191950464396283
44 38 34 0.0 0.0 0.0 0.0 9.0 0.0 0.0 0.6968641114982577
44 38 35 0.0 0.0 0.0 0.0 9.0 0.0 0.0 0.6968641114982577
44 38 36 0.0 0.0 1.0 0.0 50.0 0.0 0.0 0.68259385665529
44 38 37 0.0 0.0 150.0 0.0 3644.0 17.0 117.0 0.24221453287197225
44 38 38 0.0 0.0 363.0 0.0 7965.0 21.0 1368.0 0.1357246728065923
44 38 39 0.0 0.0 389.0 0.0 7713.0 21.0 951.0 0.1387099970276429
44 38 40 0.0 0.0 555.0 0.0 10308.0 22.0 2830.0 0.10887316276537833
44 38 41 0.0 0.0 988.0 0.0 12658.0 25.0 9733.0 0.08943972401456589
44 38 42 0.0 0.0 506.0 0.0 9355.0 21.0 1918.0 0.1181434599156118
44 38 43 0.0 0.0 508.0 0.0 9499.0 28.0 2208.0 0.11675423234092235
44 38 44 0.0 0.0 44.0 0.0 1057.0 18.0 8.0 0.4541031462860849
44 38 45 0.0 0.0 0.0 0.0 14.0 0.0 0.0 0.6951340615690167
44 39 34 0.0 0.0 0.0 0.0 3.0 0.0 0.0 0.6989515726410384
44 39 35 0.0 0.0 69.0 0.0 2437.0 14.0 66.0 0.3115958157133318
44 39 36 0.0 0.0 159.0 0.0 3511.0 18.0 122.0 0.24761230986911917
44 39 37 0.0 0.0 259.0 0.0 6202.0 17.0 526.0 0.16575893914278947
44 39 38 0.0 0.0 242.0 0.0 5215.0 17.0 337.0 0.18807092960773777
44 39 39 0.0 0.0 414.0 0.0 8369.0 29.0 1275.0 0.13007525782774318
44 39 40 0.0 0.0 501.0 0.0 9591.0 25.0 2271.0 0.11596123581545596
44 39 41 0.0 0.0 1023.0 0.0 12897.0 36.0 8842.0 0.0880281690140845
44 39 42 0.0 0.0 571.0 0.0 9944.0 21.0 2312.0 0.11199999999999999
44 39 43 0.0 0.0 181.0 0.0 4464.0 19.0 237.0 0.21122510561255275
44 39 44 0.0 0.0 120.0 0.0 2973.0 11.0 82.0 0.2756448119708604
44 39 45 0.0 0.0 5.0 0.0 198.0 0.0 0.0 0.6354970494779845
44 39 46 0.0 0.0 0.0 0.0 10.0 0.0 0.0 0.6965174129353233
44 40 34 0.0 0.0 0.0 0.0 1.0 0.0 0.0 0.6996501749125437
44 40 35 0.0 0.0 4.0 0.0 145.0 0.0 0.0 0.6514657980456026
44 40 36 0.0 0.0 727.0 0.0 11432.0 27.0 5836.0 0.09893992932862189
44 40 37 0.0 0.0 255.0 0.0 5398.0 22.0 312.0 0.18329405603561139
44 40 38 0.0 0.0 424.0 0.0 8746.0 31.0 1545.0 0.12558306422676713
44 40 39 0.0 0.0 531.0 0.0 9639.0 30.0 2198.0 0.11519789352423268
44 40 40 0.0 0.0 788.0 0.0 11937.0 32.0 6745.0 0.09517335146159074
44 40 41 0.0 0.0 396.0 0.0 7977.0 26.0 1151.0 0.13518733101583622
44 40 42 0.0 0.0 687.0 0.0 11365.0 25.0 5148.0 0.09965831435079725
44 40 43 0.0 0.0 559.0 0.0 10156.0 22.0 2927.0 0.11014082290929117
44 40 44 0.0 0.0 875.0 0.0 12283.0 32.0 7390.0 0.09237265769332276
44 40 45 0.0 0.0 17.0 0.0 434.0 2.0 1.0 0.5718954248366012
44 40 46 0.0 0.0 0.0 0.0 11.0 0.0 0.0 0.6961710591745399
44 41 35 0.0 0.0 63.0 0.0 1191.0 16.0 9.0 0.43236565781346503
44 41 36 0.0 0.0 194.0 0.0 3810.0 16.0 110.0 0.2338009352037408
44 41 37 0.0 0.0 430.0 0.0 8970.0 23.0 1691.0 0.1229256299938537
44 41 38 0.0 0.0 276.0 0.0 5946.0 30.0 466.0 0.17077335935594043
44 41 39 0.0 0.0 476.0 0.0 8519.0 21.0 1407.0 0.12743491716730382
44 41 40 0.0 0.0 582.0 0.0 10446.0 24.0 3234.0 0.10753514094784544
44 41 41 0.0 0.0 921.0 0.0 12043.0 27.0 10487.0 0.09354536950420954
44 41 42 0.0 0.0 546.0 0.0 9992.0 28.0 2449.0 0.11183895190925067
44 41 43 0.0 0.0 121.0 0.0 3151.0 12.0 90.0 0.26615969581749044
44 41 44 0.0 0.0 336.0 0.0 6762.0 18.0 677.0 0.15408320493066252
44 41 45 0.0 0.0 10.0 0.0 375.0 3.0 0.0 0.5877413937867337
44 41 46 0.0 0.0 0.0 0.0 12.0 0.0 0.0 0.6958250497017892
44 42 34 0.0 0.0 0.0 0.0 1.0 0.0 0.0 0.6996501749125437
44 42 35 0.0 0.0 0.0 0.0 101.0 1.0 0.0 0.6666666666666665
44 42 36 0.0 0.0 737.0 0.0 11507.0 29.0 7347.0 0.09833532345297463
44 42 37 0.0 0.0 97.0 0.0 2755.0 15.0 72.0 0.2893757751136833
44 42 38 0.0 0.0 175.0 0.0 4058.0 18.0 164.0 0.22518899790895927
44 42 39 0.0 0.0 404.0 0.0 7583.0 16.0 937.0 0.1403086790940068
44 42 40 0.0 0.0 384.0 0.0 8184.0 28.0 1284.0 0.13273916753579215
44 42 41 0.0 0.0 232.0 0.0 5760.0 23.0 409.0 0.1756366829757872
44 42 42 0.0 0.0 121.0 0.0 2934.0 18.0 76.0 0.2779432201707365
44 42 43 0.0 0.0 34.0 0.0 994.0 6.0 4.0 0.46326935804103236
44 42 44 0.0 0.0 2.0 0.0 113.0 1.0 0.0 0.662251655629139
44 42 45 0.0 0.0 60.0 0.0 1373.0 15.0 11.0 0.40935672514619875
44 43 35 0.0 0.0 6.0 0.0 162.0 4.0 0.0 0.6469500924214416
44 43 36 0.0 0.0 48.0 0.0 1200.0 6.0 4.0 0.43183220234423186
44 43 37 0.0 0.0 101.0 0.0 2552.0 21.0 37.0 0.30231051608723813
44 43 38 0.0 0.0 40.0 0.0 850.0 12.0 0.0 0.4864489228630993
44 43 39 0.0 0.0 79.0 0.0 1700.0 7.0 15.0 0.3711558854718982
44 43 40 0.0 0.0 84.0 0.0 1795.0 11.0 21.0 0.3621314019658561
44 43 41 0.0 0.0 7.0 0.0 281.0 2.0 0.0 0.6124234470691162
44 43 42 0.0 0.0 248.0 0.0 5861.0 25.0 487.0 0.17313875834776155
44 43 43 0.0 0.0 55.0 0.0 1195.0 11.0 6.0 0.43223217042296996
44 43 44 0.0 0.0 0.0 0.0 19.0 0.0 0.0 0.6934125804853887
44 44 34 0.0 0.0 0.0 0.0 1.0 0.0 0.0 0.6996501749125437
44 44 36 0.0 0.0 2.0 0.0 25.0 2.0 0.0 0.6913580246913579
44 44 37 0.0 0.0 8.0 0.0 95.0 2.0 0.0 0.6663493574488338
44 44 38 0.0 0.0 0.0 0.0 23.0 0.0 0.0 0.6920415224913494
44 44 39 0.0 0.0 1.0 0.0 49.0 1.0 0.0 0.6832601268911663
44 44 40 0.0 0.0 3.0 0.0 109.0 1.0 0.0 0.6635071090047392
44 44 41 0.0 0.0 93.0 0.0 2237.0 19.0 36.0 0.32475063790303865
44 44 42 0.0 0.0 0.0 0.0 26.0 0.0 0.0 0.6910167818361302
44 44 43 0.0 0.0 0.0 0.0 5.0 0.0 0.0 0.6982543640897755
44 45 36 0.0 0.0 0.0 0.0 2.0 0.0 0.0 0.6993006993006992
44 45 37 0.0 0.0 0.0 0.0 1.0 0.0 0.0 0.6996501749125437
44 45 40 0.0 0.0 5.0 0.0 55.0 3.0 0.0 0.6806028196402526
44 45 41 0.0 0.0 0.0 0.0 9.0 0.0 0.0 0.6968641114982577
44 45 42 0.0 0.0 0.0 0.0 5.0 0.0 0.0 0.6982543640897755
45 34 40 0.0 0.0 0.0 0.0 1.0 0.0 0.0 0.6996501749125437
45 35 38 0.0 0.0 0.0 0.0 1.0 0.0 0.0 0.6996501749125437
45 35 39 0.0 0.0 0.0 0.0 2.0 0.0 0.0 0.6993006993006992
45 35 40 0.0 0.0 1.0 0.0 10.0 0.0 0.0 0.6961710591745399
45 35 41 0.0 0.0 0.0 0.0 10.0 0.0 0.0 0.6965174129353233
45 35 42 0.0 0.0 0.0 0.0 17.0 0.0 0.0 0.694100148735746
45 35 43 0.0 0.0 0.0 0.0 2.0 0.0 0.0 0.6993006993006992
45 35 44 0.0 0.0 0.0 0.0 1.0 0.0 0.0 0.6996501749125437
45 36 37 0.0 0.0 0.0 0.0 1.0 0.0 0.0 0.6996501749125437
45 36 38 0.0 0.0 0.0 0.0 4.0 0.0 0.0 0.6986027944111775
45 36 39 0.0 0.0 45.0 0.0 915.0 5.0 4.0 0.4739336492890995
45 36 40 0.0 0.0 2.0 0.0 84.0 2.0 0.0 0.6721075372059528
45 36 41 0.0 0.0 71.0 0.0 1563.0 10.0 12.0 0.3863134657836644
45 36 42 0.0 0.0 0.0 0.0 37.0 0.0 0.0 0.6872852233676975
45 36 43 0.0 0.0 24.0 0.0 416.0 7.0 1.0 0.5754212905877516
45 36 44 0.0 0.0 0.0 0.0 16.0 0.0 0.0 0.6944444444444444
45 36 45 0.0 0.0 0.0 0.0 4.0 0.0 0.0 0.6986027944111775
45 37 36 0.0 0.0 2.0 0.0 113.0 2.0 0.0 0.6625650733554187
45 37 37 0.0 0.0 0.0 0.0 15.0 0.0 1.0 0.694789081885856
45 37 38 0.0 0.0 0.0 0.0 24.0 1.0 0.0 0.6920415224913494
45 37 39 0.0 0.0 140.0 0.0 2601.0 18.0 37.0 0.29642176582680496
45 37 40 0.0 0.0 371.0 0.0 7569.0 24.0 929.0 0.1410437235543018
45 37 41 0.0 0.0 103.0 0.0 2446.0 12.0 41.0 0.30864197530864196
45 37 42 0.0 0.0 331.0 0.0 7347.0 14.0 886.0 0.1448225923244026
45 37 43 0.0 0.0 29.0 0.0 450.0 5.0 0.0 0.5658852061438965
45 37 44 0.0 0.0 137.0 0.0 3335.0 20.0 128.0 0.2567865003668378
45 37 45 0.0 0.0 5.0 0.0 48.0 2.0 0.0 0.68259385665529
45 38 34 0.0 0.0 0.0 0.0 5.0 0.0 0.0 0.6982543640897755
45 38 35 0.0 0.0 0.0 0.0 4.0 0.0 0.0 0.6986027944111775
45 38 36 0.0 0.0 1.0 0.0 9.0 0.0 0.0 0.6965174129353233
45 38 37 0.0 0.0 3.0 0.0 97.0 0.0 0.0 0.6666666666666665
45 38 38 0.0 0.0 0.0 0.0 54.0 0.0 0.0 0.6815968841285296
45 38 39 0.0 0.0 9.0 0.0 257.0 2.0 0.0 0.618647812638091
45 38 40 0.0 0.0 21.0 0.0 588.0 5.0 1.0 0.5378409527468304
45 38 41 0.0 0.0 260.0 0.0 4758.0 27.0 201.0 0.20005715918833952
45 38 42 0.0 0.0 92.0 0.0 2654.0 17.0 61.0 0.29610829103214886
45 38 43 0.0 0.0 254.0 0.0 5632.0 22.0 405.0 0.17800381436745072
45 38 44 0.0 0.0 0.0 0.0 53.0 0.0 0.0 0.6819288845591815
45 38 45 0.0 0.0 36.0 0.0 899.0 7.0 5.0 0.47814207650273216
45 39 33 0.0 0.0 0.0 0.0 1.0 0.0 0.0 0.6996501749125437
45 39 34 0.0 0.0 33.0 0.0 869.0 5.0 5.0 0.48325854332067647
45 39 35 0.0 0.0 205.0 0.0 4644.0 20.0 250.0 0.20491803278688522
45 39 36 0.0 0.0 27.0 0.0 513.0 7.0 1.0 0.5527043031977891
45 39 37 0.0 0.0 102.0 0.0 2604.0 15.0 49.0 0.2984438286079727
45 39 38 0.0 0.0 54.0 0.0 1511.0 10.0 14.0 0.3940332113706726
45 39 39 0.0 0.0 0.0 0.0 193.0 0.0 0.0 0.6386861313868613
45 39 40 0.0 0.0 79.0 0.0 1976.0 18.0 26.0 0.34679217240525134
45 39 41 0.0 0.0 178.0 0.0 4352.0 19.0 206.0 0.21498771498771496
45 39 42 0.0 0.0 171.0 0.0 3581.0 16.0 122.0 0.24407252440725236
45 39 43 0.0 0.0 95.0 0.0 2434.0 16.0 40.0 0.310146211785556
45 39 44 0.0 0.0 5.0 0.0 210.0 1.0 1.0 0.6323396567299006
45 39 45 0.0 0.0 1.0 0.0 87.0 1.0 0.0 0.670819357930043
45 39 46 0.0 0.0 0.0 0.0 19.0 0.0 0.0 0.6934125804853887
45 40 34 0.0 0.0 0.0 0.0 5.0 0.0 0.0 0.6982543640897755
45 40 35 0.0 0.0 6.0 0.0 218.0 1.0 0.0 0.6297795771479981
45 40 36 0.0 0.0 7.0 0.0 238.0 2.0 1.0 0.6244424620874218
45 40 37 0.0 0.0 166.0 0.0 4204.0 20.0 175.0 0.22040302267002518
45 40 38 0.0 0.0 21.0 0.0 641.0 3.0 2.0 0.5267118133935288
45 40 39 0.0 0.0 12.0 0.0 531.0 2.0 0.0 0.5511811023622046
45 40 40 0.0 0.0 61.0 0.0 1772.0 8.0 22.0 0.3659174072138002
45 40 41 0.0 0.0 40.0 0.0 1061.0 4.0 9.0 0.45205037132709064
45 40 42 0.0 0.0 351.0 0.0 7297.0 17.0 826.0 0.1453035806953814
45 40 43 0.0 0.0 15.0 0.0 489.0 3.0 0.0 0.5597760895641744
45 40 44 0.0 0.0 45.0 0.0 1256.0 8.0 7.0 0.4250151791135397
45 40 45 0.0 0.0 339.0 0.0 7197.0 19.0 860.0 0.1470279353077084
45 40 46 0.0 0.0 0.0 0.0 14.0 0.0 0.0 0.6951340615690167
45 41 35 0.0 0.0 11.0 0.0 394.0 3.0 1.0 0.5828476269775186
45 41 36 0.0 0.0 110.0 0.0 2461.0 23.0 49.0 0.3078276165347405
45 41 37 0.0 0.0 4.0 0.0 235.0 4.0 0.0 0.6263982102908277
45 41 38 0.0 0.0 2.0 0.0 103.0 1.0 0.0 0.6653992395437262
45 41 39 0.0 0.0 116.0 0.0 2952.0 12.0 73.0 0.2768987341772151
45 41 40 0.0 0.0 165.0 0.0 3550.0 22.0 89.0 0.24591603723871416
45 41 41 0.0 0.0 146.0 0.0 3414.0 14.0 114.0 0.2524341868012982
45 41 42 0.0 0.0 108.0 0.0 2179.0 14.0 32.0 0.3277153558052434
45 41 43 0.0 0.0 227.0 0.0 4756.0 18.0 263.0 0.2008320183617845
45 41 44 0.0 0.0 3.0 0.0 158.0 1.0 0.0 0.6478482184173993
45 41 45 0.0 0.0 0.0 0.0 72.0 0.0 0.0 0.6756756756756755
45 41 46 0.0 0.0 0.0 0.0 6.0 0.0 0.0 0.6979062811565303
45 42 34 0.0 0.0 0.0 0.0 2.0 0.0 0.0 0.6993006993006992
45 42 35 0.0 0.0 2.0 0.0 74.0 1.0 0.0 0.6746987951807227
45 42 36 0.0 0.0 240.0 0.0 5604.0 23.0 432.0 0.17886802095311102
45 42 37 0.0 0.0 0.0 0.0 84.0 0.0 0.0 0.6717850287907868
45 42 38 0.0 0.0 0.0 0.0 52.0 0.0 0.0 0.6822612085769979
45 42 39 0.0 0.0 1.0 0.0 74.0 0.0 0.0 0.6746987951807227
45 42 40 0.0 0.0 13.0 0.0 396.0 3.0 1.0 0.5818786367414795
45 42 41 0.0 0.0 11.0 0.0 505.0 5.0 2.0 0.5575467941059339
45 42 42 0.0 0.0 194.0 0.0 4616.0 20.0 228.0 0.20606417427141593
45 42 43 0.0 0.0 4.0 0.0 112.0 1.0 0.0 0.6619385342789597
45 42 44 0.0 0.0 0.0 0.0 7.0 0.0 0.0 0.6975585450921773
45 42 45 0.0 0.0 0.0 0.0 2.0 0.0 0.0 0.6993006993006992
45 43 35 0.0 0.0 49.0 0.0 1212.0 8.0 8.0 0.4303719643406086
45 43 36 0.0 0.0 0.0 0.0 73.0 0.0 0.0 0.6753497346840327
45 43 37 0.0 0.0 315.0 0.0 6652.0 16.0 633.0 0.15630233337054816
45 43 38 0.0 0.0 10.0 0.0 219.0 4.0 0.0 0.6292134831460673
45 43 39 0.0 0.0 8.0 0.0 186.0 3.0 0.0 0.6389776357827475
45 43 40 0.0 0.0 0.0 0.0 36.0 1.0 0.0 0.6879606879606879
45 43 41 0.0 0.0 0.0 0.0 13.0 0.0 0.0 0.695479384003974
45 43 42 0.0 0.0 0.0 0.0 8.0 0.0 0.0 0.697211155378486
45 43 43 0.0 0.0 0.0 0.0 6.0 0.0 0.0 0.6979062811565303
45 44 36 0.0 0.0 0.0 0.0 5.0 0.0 0.0 0.6982543640897755
45 44 37 0.0 0.0 0.0 0.0 4.0 0.0 0.0 0.6986027944111775
45 44 38 0.0 0.0 1.0 0.0 4.0 1.0 0.0 0.6986027944111775
45 44 39 0.0 0.0 0.0 0.0 1.0 0.0 0.0 0.6996501749125437
45 44 41 0.0 0.0 0.0 0.0 4.0 0.0 0.0 0.6986027944111775
45 44 42 0.0 0.0 0.0 0.0 5.0 0.0 0.0 0.6982543640897755
45 44 43 0.0 0.0 0.0 0.0 3.0 0.0 0.0 0.6989515726410384
45 45 40 0.0 0.0 0.0 0.0 1.0 0.0 0.0 0.6996501749125437
45 45 41 0.0 0.0 0.0 0.0 1.0 0.0 0.0 0.6996501749125437
46 35 42 0.0 0.0 0.0 0.0 1.0 0.0 0.0 0.6996501749125437
46 36 39 0.0 0.0 0.0 0.0 9.0 0.0 0.0 0.6968641114982577
46 36 40 0.0 0.0 9.0 0.0 238.0 3.0 1.0 0.623885918003565
46 36 41 0.0 0.0 0.0 0.0 12.0 0.0 0.0 0.6958250497017892
46 36 42 0.0 0.0 0.0 0.0 15.0 1.0 0.0 0.6951340615690167
46 36 43 0.0 0.0 0.0 0.0 9.0 0.0 0.0 0.6968641114982577
46 36 44 0.0 0.0 0.0 0.0 2.0 0.0 0.0 0.6993006993006992
46 37 38 0.0 0.0 0.0 0.0 1.0 0.0 0.0 0.6996501749125437
46 37 39 0.0 0.0 5.0 0.0 133.0 2.0 0.0 0.6554307116104868
46 37 40 0.0 0.0 0.0 0.0 6.0 0.0 0.0 0.6979062811565303
46 37 41 0.0 0.0 0.0 0.0 25.0 0.0 0.0 0.6913580246913579
46 37 42 0.0 0.0 0.0 0.0 13.0 0.0 0.0 0.695479384003974
46 37 43 0.0 0.0 0.0 0.0 11.0 0.0 0.0 0.6961710591745399
46 37 44 0.0 0.0 0.0 0.0 5.0 0.0 0.0 0.6982543640897755
46 38 35 0.0 0.0 0.0 0.0 1.0 0.0 0.0 0.6996501749125437
46 38 36 0.0 0.0 0.0 0.0 4.0 0.0 0.0 0.6986027944111775
46 38 38 0.0 0.0 3.0 0.0 18.0 1.0 0.0 0.6930693069306929
46 38 39 0.0 0.0 0.0 0.0 3.0 0.0 0.0 0.6989515726410384
46 38 40 0.0 0.0 0.0 0.0 15.0 0.0 0.0 0.694789081885856
46 38 41 0.0 0.0 11.0 0.0 121.0 3.0 0.0 0.6578947368421051
46 38 42 0.0 0.0 0.0 0.0 23.0 0.0 0.0 0.6920415224913494
46 38 43 0.0 0.0 0.0 0.0 27.0 0.0 0.0 0.6906758756783422
46 38 44 0.0 0.0 0.0 0.0 7.0 0.0 0.0 0.6975585450921773
46 39 35 0.0 0.0 0.0 0.0 5.0 0.0 0.0 0.6982543640897755
46 39 36 0.0 0.0 0.0 0.0 6.0 0.0 0.0 0.6979062811565303
46 39 37 0.0 0.0 0.0 0.0 8.0 0.0 0.0 0.697211155378486
46 39 38 0.0 0.0 0.0 0.0 2.0 0.0 0.0 0.6993006993006992
46 39 39 0.0 0.0 0.0 0.0 2.0 0.0 0.0 0.6993006993006992
46 39 40 0.0 0.0 0.0 0.0 5.0 0.0 0.0 0.6986027944111775
46 39 41 0.0 0.0 1.0 0.0 16.0 1.0 0.0 0.694789081885856
46 39 42 0.0 0.0 2.0 0.0 14.0 1.0 0.0 0.694789081885856
46 39 43 0.0 0.0 13.0 0.0 234.0 5.0 0.0 0.6244424620874218
46 39 44 0.0 0.0 24.0 0.0 382.0 5.0 1.0 0.5830903790087463
46 39 45 0.0 0.0 0.0 0.0 11.0 0.0 0.0 0.6961710591745399
46 39 46 0.0 0.0 0.0 0.0 13.0 0.0 0.0 0.695479384003974
46 40 34 0.0 0.0 1.0 0.0 1.0 0.0 0.0 0.6996501749125437
46 40 35 0.0 0.0 0.0 0.0 7.0 0.0 0.0 0.6975585450921773
46 40 36 0.0 0.0 0.0 0.0 7.0 0.0 0.0 0.6975585450921773
46 40 37 0.0 0.0 0.0 0.0 2.0 0.0 0.0 0.6993006993006992
46 40 38 0.0 0.0 1.0 0.0 8.0 0.0 0.0 0.6968641114982577
46 40 39 0.0 0.0 2.0 0.0 5.0 1.0 0.0 0.6979062811565303
46 40 40 0.0 0.0 0.0 0.0 5.0 0.0 0.0 0.6982543640897755
46 40 41 0.0 0.0 3.0 0.0 114.0 2.0 0.0 0.6619385342789597
46 40 42 0.0 0.0 0.0 0.0 12.0 0.0 0.0 0.6958250497017892
46 40 43 0.0 0.0 1.0 0.0 14.0 0.0 0.0 0.694789081885856
46 40 44 0.0 0.0 0.0 0.0 13.0 0.0 0.0 0.695479384003974
46 40 45 0.0 0.0 5.0 0.0 164.0 0.0 0.0 0.6454587367450437
46 40 46 0.0 0.0 0.0 0.0 10.0 0.0 0.0 0.6965174129353233
46 41 35 0.0 0.0 0.0 0.0 4.0 0.0 0.0 0.6989515726410384
46 41 36 0.0 0.0 10.0 0.0 202.0 1.0 0.0 0.6331976481230212
46 41 37 0.0 0.0 0.0 0.0 5.0 0.0 0.0 0.6982543640897755
46 41 38 0.0 0.0 0.0 0.0 6.0 0.0 0.0 0.6979062811565303
46 41 39 0.0 0.0 0.0 0.0 2.0 0.0 0.0 0.6993006993006992
46 41 40 0.0 0.0 0.0 0.0 2.0 0.0 0.0 0.6993006993006992
46 41 41 0.0 0.0 19.0 0.0 465.0 2.0 1.0 0.56406124093473
46 41 42 0.0 0.0 0.0 0.0 13.0 0.0 0.0 0.695479384003974
46 41 43 0.0 0.0 0.0 0.0 11.0 1.0 0.0 0.6965174129353233
46 41 44 0.0 0.0 6.0 0.0 69.0 3.0 0.0 0.6756756756756755
46 41 45 0.0 0.0 0.0 0.0 3.0 0.0 0.0 0.6989515726410384
46 41 46 0.0 0.0 0.0 0.0 1.0 0.0 0.0 0.6996501749125437
46 42 35 0.0 0.0 0.0 0.0 7.0 0.0 0.0 0.6975585450921773
46 42 36 0.0 0.0 1.0 0.0 28.0 0.0 0.0 0.6899950714637751
46 42 37 0.0 0.0 0.0 0.0 23.0 1.0 0.0 0.6923837784371908
46 42 38 0.0 0.0 2.0 0.0 36.0 0.0 0.0 0.6869479882237487
46 42 39 0.0 0.0 1.0 0.0 4.0 0.0 0.0 0.6982543640897755
46 42 40 0.0 0.0 0.0 0.0 9.0 0.0 0.0 0.6968641114982577
46 42 41 0.0 0.0 0.0 0.0 4.0 0.0 0.0 0.6986027944111775
46 42 42 0.0 0.0 0.0 0.0 10.0 0.0 0.0 0.6965174129353233
46 42 43 0.0 0.0 0.0 0.0 5.0 0.0 0.0 0.6982543640897755
46 42 44 0.0 0.0 0.0 0.0 2.0 0.0 0.0 0.6996501749125437
46 43 35 0.0 0.0 0.0 0.0 7.0 0.0 0.0 0.6975585450921773
46 43 36 0.0 0.0 0.0 0.0 3.0 0.0 0.0 0.6989515726410384
46 43 37 0.0 0.0 3.0 0.0 105.0 1.0 0.0 0.6644518272425248
46 43 38 0.0 0.0 0.0 0.0 11.0 0.0 0.0 0.6961710591745399
46 43 41 0.0 0.0 0.0 0.0 5.0 0.0 0.0 0.6982543640897755
46 43 42 0.0 0.0 0.0 0.0 3.0 0.0 0.0 0.6989515726410384
46 44 36 0.0 0.0 0.0 0.0 3.0 0.0 0.0 0.6989515726410384
46 44 37 0.0 0.0 0.0 0.0 3.0 0.0 0.0 0.6989515726410384
46 44 38 0.0 0.0 0.0 0.0 5.0 0.0 0.0 0.6982543640897755
