37 39 40 0.0 0.0 0.0 0.0 1.0 0.0 0.0 0.6996501749125437
37 40 38 0.0 0.0 0.0 0.0 1.0 0.0 0.0 0.6996501749125437
37 40 40 0.0 0.0 0.0 0.0 1.0 0.0 0.0 0.6996501749125437
38 37 39 0.0 0.0 0.0 0.0 2.0 0.0 0.0 0.6993006993006992
38 37 40 0.0 0.0 0.0 0.0 1.0 0.0 0.0 0.6996501749125437
38 38 38 0.0 0.0 0.0 0.0 3.0 0.0 0.0 0.6989515726410384
38 38 39 0.0 0.0 0.0 0.0 16.0 0.0 0.0 0.6944444444444444
38 38 40 0.0 0.0 0.0 0.0 13.0 0.0 0.0 0.695479384003974
38 38 41 0.0 0.0 0.0 0.0 12.0 0.0 0.0 0.6958250497017892
38 38 42 0.0 0.0 0.0 0.0 5.0 0.0 0.0 0.6982543640897755
38 39 38 0.0 0.0 0.0 0.0 28.0 0.0 0.0 0.690335305719921
38 39 39 0.0 0.0 21.0 0.0 534.0 8.0 1.0 0.5498821681068342
38 39 40 0.0 0.0 1.0 0.0 51.0 0.0 0.0 0.6822612085769979
38 39 41 0.0 0.0 8.0 0.0 161.0 2.0 0.0 0.646054453161052
38 39 42 0.0 0.0 0.0 0.0 5.0 0.0 0.0 0.6982543640897755
38 40 38 0.0 0.0 0.0 0.0 24.0 0.0 0.0 0.6916996047430829
38 40 39 0.0 0.0 69.0 0.0 1471.0 9.0 8.0 0.3964882469555366
38 40 40 0.0 0.0 21.0 0.0 771.0 4.0 2.0 0.5021520803443327
38 40 41 0.0 0.0 0.0 0.0 40.0 2.0 0.0 0.6869479882237487
38 40 42 0.0 0.0 0.0 0.0 4.0 0.0 0.0 0.6986027944111775
38 41 38 0.0 0.0 0.0 0.0 9.0 0.0 0.0 0.6968641114982577
38 41 39 0.0 0.0 25.0 0.0 720.0 6.0 4.0 0.511135450894487
38 41 40 0.0 0.0 11.0 0.0 248.0 5.0 0.0 0.6211180124223601
38 41 41 0.0 0.0 0.0 0.0 8.0 0.0 0.0 0.697211155378486
38 41 42 0.0 0.0 0.0 0.0 2.0 0.0 0.0 0.6993006993006992
38 42 38 0.0 0.0 0.0 0.0 2.0 0.0 0.0 0.6993006993006992
38 42 39 0.0 0.0 4.0 0.0 219.0 0.0 0.0 0.6297795771479981
38 42 40 0.0 0.0 0.0 0.0 11.0 0.0 0.0 0.6961710591745399
38 42 41 0.0 0.0 0.0 0.0 8.0 0.0 0.0 0.697211155378486
39 37 39 0.0 0.0 0.0 0.0 1.0 0.0 0.0 0.6996501749125437
39 38 38 0.0 0.0 0.0 0.0 3.0 0.0 0.0 0.6989515726410384
39 38 39 0.0 0.0 0.0 0.0 24.0 0.0 0.0 0.6916996047430829
39 38 40 0.0 0.0 70.0 0.0 1436.0 7.0 10.0 0.40011431837667905
39 38 41 0.0 0.0 13.0 0.0 194.0 4.0 0.0 0.6354970494779845
39 38 42 0.0 0.0 0.0 0.0 29.0 0.0 0.0 0.6899950714637751
39 39 38 0.0 0.0 0.0 0.0 43.0 0.0 0.0 0.6852667645619186
39 39 39 0.0 0.0 132.0 1.0 3017.0 21.0 69.0 0.2730109204368174
39 39 40 0.0 0.0 463.0 2.0 8602.0 16.0 1625.0 0.12654795263490914
39 39 41 0.0 0.0 279.0 0.0 5553.0 19.0 369.0 0.1790052422963815
39 39 42 0.0 0.0 0.0 0.0 21.0 0.0 0.0 0.6927263730826323
39 40 38 0.0 0.0 9.0 0.0 166.0 3.0 0.0 0.6445672191528544
39 40 39 2.0 0.0 555.0 0.0 10029.0 29.0 3036.0 0.11135857461024497
39 40 40 0.0 0.0 256.0 7.0 6399.0 13.0 711.0 0.16183100219627788
39 40 41 0.0 0.0 52.0 1.0 1534.0 12.0 13.0 0.3916083916083915
39 40 42 0.0 0.0 0.0 0.0 14.0 0.0 0.0 0.6951340615690167
39 41 38 0.0 0.0 0.0 0.0 20.0 0.0 0.0 0.6930693069306929
39 41 39 0.0 0.0 148.0 0.0 3189.0 20.0 89.0 0.2633559066967644
39 41 40 0.0 0.0 274.0 0.0 6594.0 23.0 741.0 0.15824573301684183
39 41 41 0.0 0.0 167.0 0.0 3371.0 17.0 79.0 0.2534395365677045
39 41 42 0.0 0.0 0.0 0.0 7.0 0.0 0.0 0.6975585450921773
39 42 38 0.0 0.0 0.0 0.0 5.0 0.0 0.0 0.6982543640897755
39 42 39 0.0 0.0 0.0 0.0 16.0 0.0 0.0 0.6944444444444444
39 42 40 0.0 0.0 13.0 0.0 359.0 2.0 1.0 0.590717299578059
39 42 41 0.0 0.0 0.0 0.0 23.0 0.0 0.0 0.6923837784371908
39 42 42 0.0 0.0 0.0 0.0 5.0 0.0 0.0 0.6982543640897755
39 43 38 0.0 0.0 0.0 0.0 1.0 0.0 0.0 0.6996501749125437
40 37 40 0.0 0.0 0.0 0.0 1.0 0.0 0.0 0.6996501749125437
40 37 41 0.0 0.0 0.0 0.0 2.0 0.0 0.0 0.6993006993006992
40 37 42 0.0 0.0 0.0 0.0 1.0 0.0 0.0 0.6996501749125437
40 37 43 0.0 0.0 0.0 0.0 1.0 0.0 0.0 0.6996501749125437
40 38 38 0.0 0.0 32.0 0.0 622.0 7.0 1.0 0.528900642236494
40 38 39 0.0 0.0 0.0 0.0 58.0 0.0 0.0 0.6802721088435373
40 38 40 0.0 0.0 10.0 0.0 322.0 2.0 2.0 0.6008583690987124
40 38 41 0.0 0.0 15.0 0.0 365.0 4.0 1.0 0.5892255892255891
40 38 42 0.0 0.0 6.0 0.0 93.0 2.0 0.0 0.6676204101096804
40 38 43 0.0 0.0 0.0 0.0 1.0 0.0 0.0 0.6996501749125437
40 39 38 0.0 0.0 0.0 0.0 29.0 0.0 0.0 0.6899950714637751
40 39 39 0.0 0.0 267.0 0.0 6569.0 18.0 736.0 0.15869417365676713
40 39 40 0.0 0.0 298.0 0.0 6837.0 21.0 731.0 0.1534582922284336
40 39 41 0.0 0.0 392.0 0.0 8162.0 18.0 1386.0 0.13285253368760674
40 39 42 0.0 0.0 6.0 0.0 141.0 0.0 0.0 0.6520726595249184
40 39 43 0.0 0.0 0.0 0.0 1.0 0.0 0.0 0.6996501749125437
40 40 38 0.0 0.0 0.0 0.0 59.0 1.0 0.0 0.6802721088435373
40 40 39 0.0 0.0 137.0 0.0 3127.0 17.0 107.0 0.2669208770257388
40 40 40 13.0 5.0 1375.0 61.0 12801.0 40.0 17321.0 0.08613794376422813
40 40 41 0.0 0.0 122.0 0.0 2852.0 17.0 59.0 0.282428888440589
40 40 42 0.0 0.0 0.0 0.0 81.0 0.0 0.0 0.6727534839019701
40 41 38 0.0 0.0 16.0 0.0 249.0 3.0 0.0 0.6189213085764809
40 41 39 0.0 0.0 80.0 2.0 1719.0 15.0 20.0 0.3697834125726359
40 41 40 0.0 0.0 190.0 5.0 4685.0 22.0 265.0 0.2039924231385691
40 41 41 0.0 0.0 241.0 0.0 5037.0 30.0 280.0 0.19310344827586204
40 41 42 0.0 0.0 0.0 0.0 12.0 0.0 0.0 0.6958250497017892
40 42 38 0.0 0.0 0.0 0.0 3.0 0.0 0.0 0.6989515726410384
40 42 39 0.0 0.0 71.0 0.0 1833.0 13.0 24.0 0.35980467746080697
40 42 40 0.0 0.0 0.0 0.0 39.0 2.0 0.0 0.6872852233676975
40 42 41 0.0 0.0 5.0 0.0 38.0 0.0 0.0 0.6852667645619186
40 42 42 0.0 0.0 0.0 0.0 4.0 0.0 0.0 0.6986027944111775
41 37 40 0.0 0.0 0.0 0.0 1.0 0.0 0.0 0.6996501749125437
41 37 42 0.0 0.0 0.0 0.0 1.0 0.0 0.0 0.6996501749125437
41 38 38 0.0 0.0 0.0 0.0 8.0 0.0 0.0 0.697211155378486
41 38 39 0.0 0.0 4.0 0.0 155.0 1.0 0.0 0.6487488415199257
41 38 40 0.0 0.0 39.0 0.0 1177.0 14.0 8.0 0.4372267332916926
41 38 41 0.0 0.0 22.0 0.0 510.0 5.0 3.0 0.5540166204986148
41 38 42 0.0 0.0 53.0 0.0 1469.0 6.0 11.0 0.39817974971558584
41 39 38 0.0 0.0 0.0 0.0 13.0 0.0 0.0 0.695479384003974
41 39 39 0.0 0.0 97.0 2.0 2083.0 11.0 23.0 0.33581194531062597
41 39 40 0.0 0.0 510.0 0.0 9788.0 26.0 2469.0 0.11400651465798045
41 39 41 0.0 0.0 798.0 0.0 11643.0 31.0 5764.0 0.09706718435831657
41 39 42 0.0 0.0 31.0 0.0 906.0 8.0 3.0 0.47814207650273216
41 40 38 0.0 0.0 7.0 0.0 241.0 5.0 0.0 0.6241640659830583
41 40 39 0.0 0.0 344.0 0.0 7265.0 21.0 839.0 0.14584852588811334
41 40 40 0.0 0.0 16.0 15.0 581.0 4.0 1.0 0.5368098159509201
41 40 41 0.0 0.0 246.0 1.0 5299.0 21.0 337.0 0.18597236981934107
41 40 42 0.0 0.0 113.0 0.0 2674.0 22.0 53.0 0.29380902413431265
41 40 43 0.0 0.0 1.0 0.0 4.0 1.0 0.0 0.6986027944111775
41 41 38 0.0 0.0 2.0 0.0 50.0 0.0 0.0 0.6822612085769979
41 41 39 0.0 0.0 158.0 0.0 3683.0 15.0 120.0 0.2402608546421829
41 41 40 0.0 0.0 468.0 0.0 8601.0 25.0 1417.0 0.12663952962460423
41 41 41 0.0 0.0 9.0 1.0 334.0 4.0 2.0 0.5982905982905982
41 41 42 0.0 0.0 0.0 0.0 10.0 0.0 0.0 0.6965174129353233
41 42 38 0.0 0.0 0.0 0.0 3.0 0.0 0.0 0.6989515726410384
41 42 39 0.0 0.0 0.0 0.0 13.0 0.0 0.0 0.695479384003974
41 42 40 0.0 0.0 0.0 0.0 20.0 0.0 0.0 0.6930693069306929
41 42 41 0.0 0.0 0.0 0.0 24.0 0.0 0.0 0.6916996047430829
41 42 42 0.0 0.0 0.0 0.0 7.0 0.0 0.0 0.6975585450921773
42 37 40 0.0 0.0 0.0 0.0 2.0 0.0 0.0 0.6993006993006992
42 37 41 0.0 0.0 0.0 0.0 2.0 0.0 0.0 0.6993006993006992
42 38 39 0.0 0.0 0.0 0.0 20.0 0.0 0.0 0.6930693069306929
42 38 40 0.0 0.0 66.0 0.0 1548.0 12.0 14.0 0.38867295946696273
42 38 41 0.0 0.0 76.0 0.0 1543.0 17.0 6.0 0.38867295946696273
42 38 42 0.0 0.0 0.0 0.0 31.0 0.0 0.0 0.6893156080748399
42 39 38 0.0 0.0 0.0 0.0 4.0 0.0 0.0 0.6986027944111775
42 39 39 0.0 0.0 1.0 0.0 29.0 1.0 0.0 0.690335305719921
42 39 40 0.0 0.0 44.0 0.0 1047.0 8.0 8.0 0.4541031462860849
42 39 41 0.0 0.0 11.0 0.0 405.0 3.0 1.0 0.5801906340654785
42 39 42 0.0 0.0 69.0 0.0 1386.0 7.0 19.0 0.4059147579008408
42 40 38 0.0 0.0 6.0 0.0 80.0 0.0 0.0 0.6711409395973154
42 40 39 0.0 0.0 0.0 0.0 30.0 0.0 0.0 0.689655172413793
42 40 40 0.0 0.0 27.0 0.0 585.0 7.0 0.0 0.5374280230326295
42 40 41 0.0 0.0 19.0 0.0 447.0 1.0 1.0 0.5679513184584178
42 40 42 0.0 0.0 13.0 0.0 236.0 3.0 0.0 0.6233303650934995
42 40 43 0.0 0.0 0.0 0.0 1.0 0.0 0.0 0.6996501749125437
42 41 38 0.0 0.0 0.0 0.0 16.0 0.0 0.0 0.6944444444444444
42 41 39 0.0 0.0 0.0 0.0 18.0 0.0 0.0 0.6937561942517343
42 41 40 0.0 0.0 2.0 0.0 37.0 0.0 0.0 0.6866110838646394
42 41 41 0.0 0.0 0.0 0.0 15.0 0.0 0.0 0.694789081885856
42 41 42 0.0 0.0 0.0 0.0 3.0 0.0 0.0 0.6989515726410384
42 42 38 0.0 0.0 1.0 0.0 47.0 0.0 0.0 0.6835937499999999
42 42 39 0.0 0.0 0.0 0.0 12.0 0.0 0.0 0.6958250497017892
42 42 40 0.0 0.0 0.0 0.0 13.0 0.0 0.0 0.695479384003974
42 42 41 0.0 0.0 0.0 0.0 21.0 0.0 0.0 0.6927263730826323
43 39 43 0.0 0.0 0.0 0.0 1.0 0.0 0.0 0.6996501749125437
43 40 40 0.0 0.0 0.0 0.0 1.0 0.0 0.0 0.6996501749125437
