34 38 39 0.0 0.0 0.0 0.0 1.0 0.0 0.0 0.6996501749125437
34 38 40 0.0 0.0 0.0 0.0 1.0 0.0 0.0 0.6996501749125437
34 39 37 0.0 0.0 0.0 0.0 1.0 0.0 0.0 0.6996501749125437
34 41 37 0.0 0.0 0.0 0.0 1.0 0.0 0.0 0.6996501749125437
35 36 39 0.0 0.0 0.0 0.0 1.0 0.0 0.0 0.6996501749125437
35 37 39 0.0 0.0 0.0 0.0 6.0 0.0 0.0 0.6979062811565303
35 37 40 0.0 0.0 0.0 0.0 11.0 0.0 0.0 0.6961710591745399
35 37 41 0.0 0.0 0.0 0.0 9.0 0.0 0.0 0.6968641114982577
35 38 38 0.0 0.0 0.0 0.0 8.0 0.0 0.0 0.6979062811565303
35 38 39 0.0 0.0 0.0 0.0 40.0 0.0 0.0 0.6862745098039215
35 38 40 0.0 0.0 62.0 0.0 1475.0 12.0 10.0 0.3972758229284903
35 38 41 0.0 0.0 44.0 0.0 830.0 9.0 6.0 0.48882681564245806
35 39 37 0.0 0.0 0.0 0.0 28.0 0.0 0.0 0.690335305719921
35 39 38 0.0 0.0 48.0 0.0 1240.0 7.0 9.0 0.42656916514320525
35 39 39 0.0 0.0 5.0 0.0 164.0 1.0 0.0 0.6457564575645756
35 39 40 0.0 0.0 0.0 0.0 49.0 1.0 0.0 0.6835937499999999
35 39 41 0.0 0.0 6.0 0.0 98.0 2.0 0.0 0.6660323501427211
35 39 43 0.0 0.0 0.0 0.0 1.0 0.0 0.0 0.6996501749125437
35 40 37 0.0 0.0 9.0 0.0 308.0 2.0 0.0 0.6050129645635263
35 40 38 0.0 0.0 105.0 0.0 2332.0 15.0 44.0 0.3165988240615106
35 40 39 0.0 0.0 0.0 0.0 116.0 1.0 0.0 0.662251655629139
35 40 40 0.0 0.0 7.0 0.0 305.0 0.0 0.0 0.6055363321799306
35 40 41 0.0 0.0 0.0 0.0 16.0 0.0 0.0 0.6944444444444444
35 40 42 0.0 0.0 0.0 0.0 7.0 0.0 0.0 0.6975585450921773
35 41 37 0.0 0.0 19.0 0.0 491.0 4.0 0.0 0.5586592178770949
35 41 38 0.0 0.0 27.0 0.0 586.0 12.0 0.0 0.5384615384615384
35 41 39 0.0 0.0 5.0 0.0 209.0 3.0 0.0 0.6334841628959276
35 41 40 0.0 0.0 4.0 0.0 117.0 1.0 0.0 0.6603773584905659
35 41 41 0.0 0.0 0.0 0.0 10.0 0.0 0.0 0.6965174129353233
35 41 42 0.0 0.0 1.0 0.0 43.0 1.0 0.0 0.6852667645619186
35 41 43 0.0 0.0 0.0 0.0 3.0 0.0 0.0 0.6989515726410384
35 41 44 0.0 0.0 0.0 0.0 2.0 0.0 0.0 0.6993006993006992
35 42 36 0.0 0.0 0.0 0.0 3.0 0.0 0.0 0.6989515726410384
35 42 37 0.0 0.0 0.0 0.0 19.0 0.0 0.0 0.6934125804853887
35 42 38 0.0 0.0 0.0 0.0 22.0 0.0 0.0 0.6927263730826323
35 42 39 0.0 0.0 0.0 0.0 34.0 0.0 0.0 0.6882989183874139
35 42 40 0.0 0.0 1.0 0.0 17.0 0.0 0.0 0.6937561942517343
35 42 41 0.0 0.0 0.0 0.0 13.0 0.0 0.0 0.695479384003974
35 42 42 0.0 0.0 0.0 0.0 8.0 0.0 0.0 0.697211155378486
35 42 43 0.0 0.0 0.0 0.0 2.0 0.0 0.0 0.6993006993006992
35 42 44 0.0 0.0 0.0 0.0 2.0 0.0 0.0 0.6993006993006992
35 43 37 0.0 0.0 0.0 0.0 2.0 0.0 0.0 0.6993006993006992
35 43 38 0.0 0.0 0.0 0.0 5.0 0.0 0.0 0.6982543640897755
35 43 39 0.0 0.0 1.0 0.0 6.0 0.0 0.0 0.6975585450921773
35 43 40 0.0 0.0 0.0 0.0 4.0 0.0 0.0 0.6986027944111775
35 43 41 0.0 0.0 0.0 0.0 2.0 0.0 0.0 0.6993006993006992
35 43 42 0.0 0.0 0.0 0.0 2.0 0.0 0.0 0.6993006993006992
35 43 43 0.0 0.0 0.0 0.0 4.0 0.0 0.0 0.6986027944111775
35 44 38 0.0 0.0 0.0 0.0 1.0 0.0 0.0 0.6996501749125437
35 44 39 0.0 0.0 0.0 0.0 1.0 0.0 0.0 0.6996501749125437
35 44 40 0.0 0.0 6.0 0.0 60.0 1.0 0.0 0.6779661016949151
35 44 42 0.0 0.0 4.0 0.0 54.0 0.0 0.0 0.6802721088435373
35 45 40 0.0 0.0 0.0 0.0 1.0 0.0 0.0 0.6996501749125437
36 35 40 0.0 0.0 0.0 0.0 1.0 0.0 0.0 0.6996501749125437
36 35 43 0.0 0.0 0.0 0.0 2.0 0.0 0.0 0.6993006993006992
36 35 44 0.0 0.0 0.0 0.0 2.0 0.0 0.0 0.6993006993006992
36 36 38 0.0 0.0 0.0 0.0 17.0 0.0 0.0 0.694100148735746
36 36 39 0.0 0.0 0.0 0.0 80.0 1.0 0.0 0.6734006734006733
36 36 40 0.0 0.0 0.0 0.0 69.0 0.0 0.0 0.6766553890768486
36 36 41 0.0 0.0 23.0 0.0 314.0 3.0 0.0 0.5998286203941731
36 36 42 0.0 0.0 3.0 0.0 49.0 0.0 0.0 0.6822612085769979
36 36 43 0.0 0.0 0.0 0.0 6.0 0.0 0.0 0.6979062811565303
36 36 44 0.0 0.0 0.0 0.0 1.0 0.0 0.0 0.6996501749125437
36 37 37 0.0 0.0 0.0 0.0 8.0 0.0 0.0 0.697211155378486
36 37 38 0.0 0.0 30.0 0.0 641.0 9.0 3.0 0.5259203606311044
36 37 39 0.0 0.0 31.0 0.0 529.0 11.0 2.0 0.5496662740478994
36 37 40 0.0 0.0 69.0 0.0 1554.0 14.0 12.0 0.3879190911609864
36 37 41 0.0 0.0 3.0 0.0 226.0 4.0 0.0 0.6292134831460673
36 37 42 0.0 0.0 34.0 0.0 728.0 6.0 0.0 0.5079825834542815
36 37 43 0.0 0.0 0.0 0.0 5.0 0.0 0.0 0.6982543640897755
36 37 44 0.0 0.0 0.0 0.0 5.0 0.0 0.0 0.6982543640897755
36 38 36 0.0 0.0 0.0 0.0 9.0 0.0 0.0 0.6968641114982577
36 38 37 0.0 0.0 3.0 0.0 62.0 0.0 0.0 0.6779661016949151
36 38 38 0.0 0.0 6.0 0.0 221.0 1.0 0.0 0.6292134831460673
36 38 39 0.0 0.0 78.0 0.0 1274.0 15.0 8.0 0.41928721174004185
36 38 40 0.0 0.0 382.0 0.0 8172.0 32.0 1359.0 0.13289036544850497
36 38 41 0.0 0.0 76.0 0.0 2099.0 10.0 31.0 0.3361344537815126
36 38 42 0.0 0.0 0.0 0.0 34.0 0.0 0.0 0.6882989183874139
36 38 43 0.0 0.0 0.0 0.0 6.0 1.0 0.0 0.6982543640897755
36 38 44 0.0 0.0 0.0 0.0 6.0 0.0 0.0 0.6979062811565303
36 38 45 0.0 0.0 0.0 0.0 2.0 0.0 0.0 0.6993006993006992
36 39 36 0.0 0.0 0.0 0.0 7.0 0.0 0.0 0.6975585450921773
36 39 37 0.0 0.0 31.0 0.0 988.0 7.0 10.0 0.4648074369189906
36 39 38 0.0 0.0 62.0 0.0 1525.0 10.0 12.0 0.3913894324853228
36 39 39 0.0 0.0 479.0 0.0 9048.0 25.0 1884.0 0.12159110647906896
36 39 40 0.0 0.0 265.0 0.0 6362.0 21.0 663.0 0.16254499013119703
36 39 41 0.0 0.0 8.0 0.0 306.0 2.0 0.0 0.6057983556901773
36 39 42 0.0 0.0 1.0 0.0 114.0 0.0 0.0 0.6619385342789597
36 39 43 0.0 0.0 1.0 0.0 20.0 0.0 0.0 0.6927263730826323
36 39 44 0.0 0.0 0.0 0.0 4.0 0.0 0.0 0.6986027944111775
36 39 45 0.0 0.0 0.0 0.0 1.0 0.0 0.0 0.6996501749125437
36 40 36 0.0 0.0 1.0 0.0 29.0 1.0 0.0 0.6899950714637751
36 40 37 0.0 0.0 61.0 0.0 1159.0 10.0 5.0 0.4360012457178449
36 40 38 0.0 0.0 658.0 0.0 10918.0 25.0 3758.0 0.10322961215160004
36 40 39 0.0 0.0 441.0 0.0 8913.0 16.0 1908.0 0.12341325811001408
36 40 40 0.0 0.0 74.0 0.0 2285.0 9.0 50.0 0.3216172754422237
36 40 41 0.0 0.0 134.0 0.0 2959.0 22.0 68.0 0.27602523659305983
36 40 42 0.0 0.0 21.0 0.0 556.0 6.0 1.0 0.544959128065395
36 40 43 0.0 0.0 38.0 0.0 762.0 6.0 1.0 0.5010737294201861
36 40 44 0.0 0.0 0.0 0.0 2.0 0.0 0.0 0.6993006993006992
36 41 35 0.0 0.0 0.0 0.0 1.0 0.0 0.0 0.6996501749125437
36 41 36 0.0 0.0 0.0 0.0 7.0 0.0 0.0 0.6975585450921773
36 41 37 0.0 0.0 96.0 0.0 2295.0 15.0 28.0 0.319926873857404
36 41 38 0.0 0.0 547.0 0.0 9825.0 21.0 2201.0 0.11321365033155426
36 41 39 0.0 0.0 29.0 0.0 956.0 11.0 8.0 0.47090480995627304
36 41 40 0.0 0.0 376.0 0.0 7589.0 24.0 919.0 0.14073180538801766
36 41 41 0.0 0.0 168.0 0.0 3726.0 16.0 125.0 0.238135737370301
36 41 42 0.0 0.0 143.0 0.0 3502.0 12.0 117.0 0.24853541629682227
36 41 43 0.0 0.0 5.0 0.0 127.0 1.0 0.0 0.6569685593618019
36 41 44 0.0 0.0 0.0 0.0 4.0 0.0 0.0 0.6986027944111775
36 42 35 0.0 0.0 0.0 0.0 1.0 0.0 0.0 0.6996501749125437
36 42 36 0.0 0.0 0.0 0.0 7.0 0.0 0.0 0.6975585450921773
36 42 37 0.0 0.0 1.0 0.0 47.0 0.0 0.0 0.6835937499999999
36 42 38 0.0 0.0 177.0 0.0 4061.0 15.0 172.0 0.22479126525369297
36 42 39 0.0 0.0 32.0 0.0 878.0 5.0 3.0 0.4819277108433734
36 42 40 0.0 0.0 150.0 0.0 3869.0 10.0 160.0 0.2329063383796373
36 42 41 0.0 0.0 102.0 0.0 2368.0 12.0 35.0 0.3140421713772992
36 42 42 0.0 0.0 92.0 0.0 2013.0 10.0 16.0 0.34188034188034183
36 42 43 0.0 0.0 145.0 0.0 3887.0 20.0 154.0 0.23282887077997666
36 43 36 0.0 0.0 3.0 0.0 22.0 0.0 0.0 0.6913580246913579
36 43 37 0.0 0.0 0.0 0.0 16.0 0.0 0.0 0.6944444444444444
36 43 38 0.0 0.0 48.0 0.0 808.0 6.0 1.0 0.4912280701754385
36 43 39 0.0 0.0 42.0 0.0 1112.0 7.0 13.0 0.44486812837623124
36 43 40 0.0 0.0 88.0 0.0 1911.0 10.0 10.0 0.3509651541739784
36 43 41 0.0 0.0 38.0 0.0 731.0 7.0 2.0 0.506879073135409
36 43 42 0.0 0.0 33.0 0.0 632.0 11.0 1.0 0.5275056518462696
36 43 43 0.0 0.0 9.0 0.0 107.0 1.0 0.0 0.6619385342789597
36 43 44 0.0 0.0 0.0 0.0 3.0 0.0 0.0 0.6989515726410384
36 44 37 0.0 0.0 0.0 0.0 10.0 0.0 0.0 0.6965174129353233
36 44 38 0.0 0.0 3.0 0.0 72.0 0.0 0.0 0.6746987951807227
36 44 39 0.0 0.0 78.0 0.0 1962.0 8.0 24.0 0.34730836020838496
36 44 40 0.0 0.0 1.0 0.0 58.0 0.0 0.0 0.6799417192812044
36 44 41 0.0 0.0 99.0 0.0 2139.0 12.0 25.0 0.3312041637094866
36 44 42 0.0 0.0 51.0 0.0 1251.0 8.0 8.0 0.4250151791135397
36 44 43 0.0 0.0 0.0 0.0 4.0 0.0 0.0 0.6986027944111775
36 44 44 0.0 0.0 0.0 0.0 1.0 0.0 0.0 0.6996501749125437
36 45 38 0.0 0.0 0.0 0.0 1.0 0.0 0.0 0.6996501749125437
36 45 39 0.0 0.0 0.0 0.0 5.0 0.0 0.0 0.6982543640897755
36 45 40 0.0 0.0 1.0 0.0 13.0 2.0 0.0 0.6958250497017892
36 45 41 0.0 0.0 0.0 0.0 6.0 0.0 0.0 0.6979062811565303
37 35 38 0.0 0.0 0.0 0.0 2.0 0.0 0.0 0.6993006993006992
37 35 39 0.0 0.0 0.0 0.0 1.0 0.0 0.0 0.6996501749125437
37 35 40 0.0 0.0 0.0 0.0 1.0 0.0 0.0 0.6996501749125437
37 35 41 0.0 0.0 0.0 0.0 6.0 0.0 0.0 0.6979062811565303
37 35 42 0.0 0.0 0.0 0.0 8.0 0.0 0.0 0.697211155378486
37 35 43 0.0 0.0 0.0 0.0 2.0 0.0 0.0 0.6993006993006992
37 35 44 0.0 0.0 0.0 0.0 3.0 0.0 0.0 0.6989515726410384
37 36 36 0.0 0.0 0.0 0.0 10.0 0.0 0.0 0.6965174129353233
37 36 37 0.0 0.0 0.0 0.0 15.0 0.0 0.0 0.694789081885856
37 36 38 0.0 0.0 1.0 0.0 71.0 0.0 0.0 0.6756756756756755
37 36 39 0.0 0.0 8.0 0.0 188.0 3.0 0.0 0.6383948928408572
37 36 40 0.0 0.0 28.0 0.0 886.0 5.0 2.0 0.4812650395324853
37 36 41 0.0 0.0 18.0 0.0 735.0 3.0 5.0 0.5089058524173027
37 36 42 0.0 0.0 5.0 0.0 288.0 2.0 0.0 0.6110868616324747
37 36 43 0.0 0.0 146.0 0.0 3418.0 16.0 96.0 0.25234318673395817
37 36 44 0.0 0.0 1.0 0.0 37.0 0.0 0.0 0.6869479882237487
37 37 35 0.0 0.0 0.0 0.0 3.0 0.0 0.0 0.6989515726410384
37 37 36 0.0 0.0 0.0 0.0 6.0 0.0 0.0 0.6979062811565303
37 37 37 0.0 0.0 9.0 0.0 182.0 1.0 0.0 0.639269406392694
37 37 38 0.0 0.0 25.0 0.0 860.0 5.0 5.0 0.486111111111111
37 37 39 0.0 0.0 433.0 0.0 8564.0 20.0 1564.0 0.12743491716730382
37 37 40 0.0 0.0 766.0 0.0 11811.0 35.0 5754.0 0.0961076405574243
37 37 41 0.0 0.0 387.0 0.0 7833.0 26.0 996.0 0.1372549019607843
37 37 42 0.0 0.0 120.0 0.0 2714.0 14.0 51.0 0.29039618336444717
37 37 43 0.0 0.0 98.0 0.0 2372.0 10.0 48.0 0.3136200716845878
37 37 44 0.0 0.0 0.0 0.0 16.0 0.0 0.0 0.694789081885856
37 37 46 0.0 0.0 0.0 0.0 2.0 0.0 0.0 0.6993006993006992
37 38 35 0.0 0.0 0.0 0.0 3.0 0.0 0.0 0.6989515726410384
37 38 36 0.0 0.0 0.0 0.0 26.0 0.0 0.0 0.6910167818361302
37 38 37 0.0 0.0 8.0 0.0 494.0 2.0 3.0 0.5599999999999999
37 38 38 0.0 0.0 347.0 0.0 7923.0 20.0 1343.0 0.1365454013459475
37 38 39 0.0 0.0 338.0 0.0 7237.0 20.0 837.0 0.14642819788725028
37 38 40 0.0 0.0 263.0 0.0 5698.0 15.0 414.0 0.17616710708443437
37 38 41 0.0 0.0 516.0 0.0 9782.0 20.0 2698.0 0.11393229166666664
37 38 42 0.0 0.0 110.0 0.0 2948.0 10.0 70.0 0.27728263022380667
37 38 43 0.0 0.0 246.0 0.0 4804.0 26.0 209.0 0.19928825622775795
37 38 44 0.0 0.0 148.0 0.0 3144.0 19.0 89.0 0.26540284360189564
37 38 45 0.0 0.0 1.0 0.0 20.0 0.0 0.0 0.6927263730826323
37 39 36 0.0 0.0 1.0 0.0 77.0 1.0 0.0 0.6740491092922483
37 39 37 0.0 0.0 356.0 0.0 6950.0 19.0 727.0 0.15066724063710718
37 39 38 0.0 0.0 540.0 0.0 9779.0 25.0 2471.0 0.11379338372754612
37 39 39 0.0 0.0 728.0 0.0 11797.0 25.0 5420.0 0.09638554216867468
37 39 40 0.0 0.0 603.0 0.0 10697.0 31.0 3514.0 0.10537407797681769
37 39 41 0.0 0.0 538.0 0.0 9870.0 30.0 2636.0 0.11305822498586772
37 39 42 0.0 0.0 175.0 0.0 4149.0 18.0 187.0 0.22201078338090705
37 39 43 0.0 0.0 57.0 0.0 1596.0 8.0 12.0 0.38419319429198673
37 39 44 0.0 0.0 3.0 0.0 154.0 1.0 0.0 0.6493506493506492
37 39 45 0.0 0.0 0.0 0.0 1.0 0.0 0.0 0.6996501749125437
37 40 35 0.0 0.0 0.0 0.0 2.0 0.0 0.0 0.6993006993006992
37 40 36 0.0 0.0 45.0 0.0 1096.0 11.0 7.0 0.44714148834238254
37 40 37 0.0 0.0 184.0 0.0 3614.0 21.0 95.0 0.2421726344923023
37 40 38 0.0 0.0 358.0 0.0 7907.0 24.0 1260.0 0.1366253537620767
37 40 39 0.0 0.0 1300.0 0.0 12985.0 37.0 15198.0 0.08595284872298624
37 40 40 0.0 0.0 800.0 0.0 11922.0 21.0 7055.0 0.0950376756499898
37 40 41 0.0 0.0 686.0 0.0 11347.0 37.0 5209.0 0.09991435912075362
37 40 42 0.0 0.0 368.0 0.0 7431.0 16.0 875.0 0.14301767289815095
37 40 43 0.0 0.0 217.0 0.0 4594.0 22.0 228.0 0.20612485276796227
37 40 44 0.0 0.0 0.0 0.0 38.0 0.0 0.0 0.6869479882237487
37 40 45 0.0 0.0 0.0 0.0 1.0 0.0 0.0 0.6996501749125437
37 41 35 0.0 0.0 0.0 0.0 2.0 0.0 0.0 0.6993006993006992
37 41 36 0.0 0.0 164.0 0.0 3752.0 12.0 104.0 0.23708721422523282
37 41 37 0.0 0.0 235.0 0.0 4925.0 13.0 240.0 0.19580419580419575
37 41 38 0.0 0.0 261.0 0.0 6359.0 18.0 659.0 0.16273393002441006
37 41 39 0.0 0.0 725.0 0.0 11478.0 39.0 5126.0 0.09868884816015788
37 41 40 0.0 0.0 718.0 0.0 11335.0 28.0 3880.0 0.09967960128159485
37 41 41 0.0 0.0 526.0 0.0 9970.0 32.0 2948.0 0.11214354373598205
37 41 42 0.0 0.0 201.0 0.0 5059.0 21.0 338.0 0.19337016574585633
37 41 43 0.0 0.0 98.0 0.0 2384.0 13.0 39.0 0.31326918773774887
37 41 44 0.0 0.0 0.0 0.0 15.0 0.0 0.0 0.694789081885856
37 42 35 0.0 0.0 14.0 0.0 179.0 5.0 0.0 0.639853747714808
37 42 36 0.0 0.0 0.0 0.0 28.0 0.0 0.0 0.690335305719921
37 42 37 0.0 0.0 103.0 0.0 2226.0 15.0 32.0 0.32452480296708386
37 42 38 0.0 0.0 136.0 0.0 4052.0 10.0 222.0 0.22657387926849
37 42 39 0.0 0.0 647.0 0.0 11058.0 30.0 4399.0 0.10229431535876077
37 42 40 0.0 0.0 984.0 0.0 12561.0 31.0 9776.0 0.0900842931600283
37 42 41 0.0 0.0 526.0 0.0 10008.0 22.0 3088.0 0.11173184357541897
37 42 42 0.0 0.0 647.0 0.0 10883.0 22.0 3716.0 0.10349671028313742
37 42 43 0.0 0.0 53.0 0.0 1516.0 8.0 18.0 0.39303761931499154
37 42 44 0.0 0.0 3.0 0.0 44.0 1.0 0.0 0.6842619745845552
37 42 45 0.0 0.0 0.0 0.0 1.0 0.0 0.0 0.6996501749125437
37 43 35 0.0 0.0 0.0 0.0 5.0 0.0 0.0 0.6982543640897755
37 43 36 0.0 0.0 2.0 0.0 28.0 0.0 0.0 0.689655172413793
37 43 37 0.0 0.0 85.0 0.0 1732.0 11.0 13.0 0.36784025223331573
37 43 38 0.0 0.0 399.0 0.0 8592.0 23.0 1626.0 0.1274697259400892
37 43 39 0.0 0.0 537.0 0.0 10095.0 25.0 3150.0 0.11096140128398191
37 43 40 0.0 0.0 494.0 0.0 9593.0 34.0 2419.0 0.1160669872326314
37 43 41 0.0 0.0 315.0 0.0 7322.0 25.0 1019.0 0.14559068219633942
37 43 42 0.0 0.0 123.0 0.0 2911.0 13.0 63.0 0.27894002789400274
37 43 43 0.0 0.0 134.0 0.0 2600.0 12.0 58.0 0.296359017781541
37 43 44 0.0 0.0 0.0 0.0 2.0 0.0 0.0 0.6993006993006992
37 44 36 0.0 0.0 0.0 0.0 2.0 0.0 0.0 0.6993006993006992
37 44 37 0.0 0.0 0.0 0.0 33.0 0.0 0.0 0.6886374815543531
37 44 38 0.0 0.0 7.0 0.0 272.0 2.0 0.0 0.6148440931049626
37 44 39 0.0 0.0 80.0 0.0 1904.0 14.0 27.0 0.35264483627204024
37 44 40 0.0 0.0 64.0 0.0 1740.0 11.0 27.0 0.3691009754811494
37 44 41 0.0 0.0 221.0 0.0 4740.0 20.0 242.0 0.2016709881878421
37 44 42 0.0 0.0 101.0 0.0 2090.0 18.0 28.0 0.3354900551162233
37 44 43 0.0 0.0 0.0 0.0 8.0 0.0 0.0 0.697211155378486
37 44 44 0.0 0.0 0.0 0.0 3.0 0.0 0.0 0.6989515726410384
37 45 38 0.0 0.0 0.0 0.0 3.0 0.0 0.0 0.6989515726410384
37 45 39 0.0 0.0 0.0 0.0 11.0 0.0 0.0 0.6961710591745399
37 45 40 0.0 0.0 0.0 0.0 18.0 0.0 0.0 0.6937561942517343
37 45 41 0.0 0.0 3.0 0.0 45.0 1.0 0.0 0.6839276990718123
37 45 42 0.0 0.0 0.0 0.0 10.0 0.0 0.0 0.6965174129353233
37 46 39 0.0 0.0 0.0 0.0 1.0 0.0 0.0 0.6996501749125437
37 46 40 0.0 0.0 0.0 0.0 1.0 0.0 0.0 0.6996501749125437
37 46 42 0.0 0.0 1.0 0.0 30.0 1.0 0.0 0.689655172413793
38 34 40 0.0 0.0 0.0 0.0 1.0 0.0 0.0 0.6996501749125437
38 35 37 0.0 0.0 0.0 0.0 4.0 0.0 0.0 0.6986027944111775
38 35 38 0.0 0.0 0.0 0.0 9.0 0.0 0.0 0.6968641114982577
38 35 39 0.0 0.0 1.0 0.0 20.0 0.0 0.0 0.6927263730826323
38 35 40 0.0 0.0 2.0 0.0 80.0 1.0 0.0 0.6727534839019701
38 35 41 0.0 0.0 3.0 0.0 67.0 2.0 0.0 0.6773101112723753
38 35 42 0.0 0.0 0.0 0.0 16.0 0.0 0.0 0.6944444444444444
38 35 43 0.0 0.0 0.0 0.0 2.0 0.0 0.0 0.6993006993006992
38 35 44 0.0 0.0 0.0 0.0 2.0 0.0 0.0 0.6993006993006992
38 36 36 0.0 0.0 0.0 0.0 36.0 0.0 0.0 0.6879606879606879
38 36 37 0.0 0.0 145.0 0.0 2845.0 18.0 44.0 0.28152020912929815
38 36 38 0.0 0.0 48.0 0.0 1356.0 11.0 17.0 0.4126142057176539
38 36 39 0.0 0.0 57.0 0.0 1391.0 7.0 11.0 0.4066221318617484
38 36 40 0.0 0.0 208.0 0.0 4874.0 19.0 274.0 0.1981879954699886
38 36 41 0.0 0.0 149.0 0.0 3947.0 18.0 161.0 0.23033892727871008
38 36 42 0.0 0.0 34.0 0.0 961.0 8.0 9.0 0.4686976899899564
38 36 43 0.0 0.0 61.0 0.0 1155.0 10.0 9.0 0.43695380774032455
38 36 44 0.0 0.0 1.0 0.0 38.0 0.0 0.0 0.6866110838646394
38 37 35 0.0 0.0 0.0 0.0 8.0 0.0 0.0 0.697211155378486
38 37 36 0.0 0.0 156.0 0.0 3646.0 17.0 112.0 0.24187975120939875
38 37 37 0.0 0.0 32.0 0.0 1079.0 9.0 7.0 0.4513217279174725
38 37 38 0.0 0.0 480.0 0.0 8947.0 15.0 1732.0 0.12265638689328894
38 37 39 0.0 0.0 310.0 0.0 6846.0 19.0 732.0 0.1531728665207877
38 37 40 0.0 0.0 718.0 0.0 11531.0 26.0 5368.0 0.09831460674157302
38 37 41 0.0 0.0 459.0 0.0 8940.0 30.0 1871.0 0.12302284710017572
38 37 42 0.0 0.0 673.0 0.0 11108.0 25.0 4668.0 0.1016260162601626
38 37 43 0.0 0.0 457.0 0.0 9054.0 23.0 2009.0 0.12181327764726355
38 37 44 0.0 0.0 86.0 0.0 1785.0 7.0 22.0 0.3621314019658561
38 37 45 0.0 0.0 0.0 0.0 41.0 0.0 0.0 0.6862745098039215
38 37 46 0.0 0.0 0.0 0.0 1.0 0.0 0.0 0.6996501749125437
38 38 35 0.0 0.0 1.0 0.0 65.0 0.0 0.0 0.6776379477250725
38 38 36 0.0 0.0 124.0 0.0 2612.0 17.0 60.0 0.29642176582680496
38 38 37 0.0 0.0 178.0 0.0 4652.0 18.0 271.0 0.2055196711685261
38 38 38 0.0 0.0 845.0 0.0 12038.0 22.0 8629.0 0.09402283411685694
38 38 39 0.0 0.0 1027.0 0.0 12665.0 28.0 10824.0 0.08920038228735265
38 38 40 0.0 0.0 1464.0 0.0 12823.0 46.0 19618.0 0.08596340415080436
38 38 41 0.0 0.0 1323.0 0.0 13078.0 36.0 15892.0 0.08536585365853656
38 38 42 0.0 0.0 902.0 0.0 12484.0 20.0 6654.0 0.09097407238936903
38 38 43 0.0 0.0 242.0 0.0 4717.0 19.0 235.0 0.2016709881878421
38 38 44 0.0 0.0 22.0 0.0 586.0 6.0 1.0 0.5384615384615384
38 38 45 0.0 0.0 123.0 0.0 2080.0 15.0 16.0 0.33428844317096457
38 39 35 0.0 0.0 16.0 0.0 238.0 6.0 0.0 0.6227758007117437
38 39 36 0.0 0.0 41.0 0.0 1202.0 11.0 8.0 0.4333023831631074
38 39 37 0.0 0.0 415.0 0.0 8653.0 18.0 1502.0 0.1266166229537849
38 39 38 0.0 0.0 1309.0 0.0 12936.0 34.0 16492.0 0.08618566855454321
38 39 39 0.0 0.0 1779.0 0.0 12137.0 50.0 27770.0 0.08794522268986744
38 39 40 0.0 0.0 1897.0 0.0 12723.0 48.0 26464.0 0.0842713537591043
38 39 41 0.0 0.0 1637.0 0.0 12856.0 41.0 23003.0 0.08483306065563835
38 39 42 0.0 0.0 875.0 0.0 12090.0 39.0 7307.0 0.09370816599732261
38 39 43 0.0 0.0 687.0 0.0 11277.0 33.0 4541.0 0.10038001003800098
38 39 44 0.0 0.0 107.0 0.0 2266.0 15.0 29.0 0.32117458132599214
38 39 45 0.0 0.0 22.0 0.0 279.0 4.0 0.0 0.6094906399651718
38 40 35 0.0 0.0 0.0 0.0 16.0 0.0 0.0 0.6944444444444444
38 40 36 0.0 0.0 39.0 0.0 826.0 6.0 1.0 0.48968170689052104
38 40 37 0.0 0.0 521.0 0.0 9583.0 21.0 1985.0 0.11574074074074073
38 40 38 0.0 0.0 1295.0 0.0 12871.0 33.0 16202.0 0.08656937917388077
38 40 39 0.0 0.0 2261.0 0.0 11725.0 51.0 38412.0 0.08757115156064302
38 40 40 0.0 1.0 2120.0 0.0 12362.0 50.0 32048.0 0.0849463018020751
38 40 41 0.0 0.0 1285.0 0.0 13088.0 47.0 15586.0 0.0855170728727628
38 40 42 0.0 0.0 1186.0 0.0 12787.0 33.0 13716.0 0.08762596232083619
38 40 43 0.0 0.0 429.0 0.0 8914.0 16.0 1748.0 0.12353304508956145
38 40 44 0.0 0.0 0.0 0.0 126.0 0.0 1.0 0.6585136406396989
38 40 45 0.0 0.0 10.0 0.0 265.0 4.0 0.0 0.6164685160722148
38 41 35 0.0 0.0 0.0 0.0 7.0 0.0 0.0 0.6975585450921773
38 41 36 0.0 0.0 13.0 0.0 317.0 1.0 0.0 0.6011163589523401
38 41 37 0.0 0.0 386.0 0.0 7887.0 27.0 1138.0 0.13661202185792345
38 41 38 0.0 0.0 1000.0 0.0 12622.0 33.0 9722.0 0.08967460927491673
38 41 39 0.0 0.0 1885.0 0.0 12314.0 49.0 29210.0 0.08646245059288536
38 41 40 0.0 0.0 2119.0 0.0 12277.0 66.0 32010.0 0.08546486783468651
38 41 41 0.0 0.0 1404.0 0.0 13000.0 34.0 17774.0 0.08532423208191126
38 41 42 0.0 0.0 839.0 0.0 12124.0 31.0 5974.0 0.09360791655522865
38 41 43 0.0 0.0 181.0 0.0 4158.0 7.0 168.0 0.22109917877447882
38 41 44 0.0 0.0 154.0 0.0 3520.0 14.0 96.0 0.2472187886279357
38 41 45 0.0 0.0 0.0 0.0 6.0 0.0 0.0 0.6979062811565303
38 42 35 0.0 0.0 0.0 0.0 14.0 0.0 0.0 0.6951340615690167
38 42 36 0.0 0.0 149.0 0.0 3845.0 17.0 164.0 0.23403543965229015
38 42 37 0.0 0.0 344.0 0.0 7173.0 23.0 850.0 0.1473839351510685
38 42 38 0.0 0.0 882.0 0.0 12363.0 30.0 8050.0 0.0918574896660324
38 42 39 0.0 0.0 1421.0 0.0 12510.0 40.0 20916.0 0.08791760864104495
38 42 40 0.0 0.0 1363.0 0.0 12674.0 40.0 17895.0 0.08736349453978158
38 42 41 0.0 0.0 1549.0 0.0 12416.0 46.0 23152.0 0.08764790584110686
38 42 42 0.0 0.0 702.0 0.0 11270.0 29.0 4385.0 0.10025062656641602
38 42 43 0.0 0.0 60.0 0.0 1423.0 16.0 11.0 0.40380732621863275
38 42 44 0.0 0.0 14.0 0.0 260.0 6.0 0.0 0.6175562417291574
38 42 45 0.0 0.0 0.0 0.0 1.0 0.0 0.0 0.6996501749125437
38 43 34 0.0 0.0 0.0 0.0 2.0 0.0 0.0 0.6993006993006992
38 43 35 0.0 0.0 0.0 0.0 4.0 0.0 0.0 0.6986027944111775
38 43 36 0.0 0.0 13.0 0.0 437.0 3.0 2.0 0.5721291377196566
38 43 37 0.0 0.0 202.0 0.0 4807.0 16.0 258.0 0.20020020020020016
38 43 38 0.0 0.0 474.0 0.0 9504.0 26.0 2173.0 0.11702750146284374
38 43 39 0.0 0.0 514.0 0.0 9738.0 31.0 2199.0 0.11446324912108574
38 43 40 0.0 0.0 732.0 0.0 11678.0 25.0 6110.0 0.0972087210109707
38 43 41 0.0 0.0 627.0 0.0 10894.0 26.0 4199.0 0.10362694300518134
38 43 42 0.0 0.0 442.0 0.0 8642.0 22.0 1409.0 0.12645650799385783
38 43 43 0.0 0.0 47.0 0.0 1250.0 9.0 15.0 0.42604990870359094
38 43 44 0.0 0.0 0.0 0.0 8.0 0.0 0.0 0.697211155378486
38 44 34 0.0 0.0 0.0 0.0 1.0 0.0 0.0 0.6996501749125437
38 44 35 0.0 0.0 0.0 0.0 1.0 0.0 0.0 0.6996501749125437
38 44 36 0.0 0.0 0.0 0.0 3.0 0.0 0.0 0.6989515726410384
38 44 37 0.0 0.0 0.0 0.0 52.0 0.0 0.0 0.6822612085769979
38 44 38 0.0 0.0 72.0 0.0 1752.0 16.0 16.0 0.3676470588235293
38 44 39 0.0 0.0 177.0 0.0 4123.0 10.0 145.0 0.2225047679593134
38 44 40 0.0 0.0 261.0 0.0 6037.0 13.0 528.0 0.1688985402340451
38 44 41 0.0 0.0 396.0 0.0 7821.0 14.0 1012.0 0.13712047012732612
38 44 42 0.0 0.0 24.0 0.0 589.0 7.0 2.0 0.5372217958557175
38 44 43 0.0 0.0 9.0 0.0 227.0 2.0 0.0 0.6266786034019695
38 45 38 0.0 0.0 0.0 0.0 11.0 0.0 0.0 0.6961710591745399
38 45 39 0.0 0.0 35.0 0.0 650.0 4.0 2.0 0.5221932114882506
38 45 40 0.0 0.0 157.0 0.0 3043.0 22.0 62.0 0.27032245607260086
38 45 41 0.0 0.0 217.0 0.0 4767.0 20.0 221.0 0.20103388856978746
38 45 42 0.0 0.0 15.0 0.0 193.0 4.0 1.0 0.6352087114337567
38 45 43 0.0 0.0 0.0 0.0 13.0 0.0 0.0 0.695479384003974
38 46 39 0.0 0.0 0.0 0.0 3.0 0.0 0.0 0.6989515726410384
38 46 40 0.0 0.0 1.0 0.0 18.0 1.0 0.0 0.6937561942517343
38 46 41 0.0 0.0 0.0 0.0 5.0 0.0 0.0 0.6982543640897755
38 46 42 0.0 0.0 0.0 0.0 5.0 0.0 0.0 0.6982543640897755
39 34 42 0.0 0.0 0.0 0.0 1.0 0.0 0.0 0.6996501749125437
39 35 37 0.0 0.0 0.0 0.0 18.0 0.0 0.0 0.6937561942517343
39 35 38 0.0 0.0 0.0 0.0 16.0 0.0 0.0 0.6944444444444444
39 35 39 0.0 0.0 55.0 0.0 1071.0 10.0 4.0 0.4492939666238767
39 35 40 0.0 0.0 3.0 0.0 88.0 1.0 0.0 0.6698564593301434
39 35 41 0.0 0.0 95.0 0.0 1714.0 10.0 13.0 0.36851803106080544
39 35 42 0.0 0.0 45.0 0.0 1022.0 12.0 1.0 0.45841519318925994
39 35 43 0.0 0.0 7.0 0.0 130.0 2.0 0.0 0.6557377049180326
39 35 44 0.0 0.0 0.0 0.0 1.0 0.0 0.0 0.6996501749125437
39 36 35 0.0 0.0 0.0 0.0 4.0 0.0 0.0 0.6986027944111775
39 36 36 0.0 0.0 38.0 0.0 1435.0 5.0 13.0 0.40369088811995385
39 36 37 0.0 0.0 126.0 0.0 2384.0 13.0 23.0 0.311318656882366
39 36 38 0.0 0.0 331.0 0.0 6334.0 19.0 565.0 0.16181229773462782
39 36 39 0.0 0.0 46.0 0.0 1166.0 8.0 9.0 0.43709022791133306
39 36 40 0.0 0.0 233.0 0.0 5098.0 14.0 302.0 0.19128296215329962
39 36 41 0.0 0.0 417.0 0.0 8258.0 29.0 1456.0 0.13144305698995395
39 36 42 0.0 0.0 183.0 0.0 4625.0 19.0 196.0 0.20618556701030924
39 36 43 0.0 0.0 55.0 0.0 1425.0 11.0 16.0 0.40357451715191694
39 36 44 0.0 0.0 0.0 0.0 37.0 0.0 0.0 0.6872852233676975
39 36 45 0.0 0.0 0.0 0.0 6.0 0.0 0.0 0.6979062811565303
39 37 35 0.0 0.0 0.0 0.0 11.0 0.0 0.0 0.6961710591745399
39 37 36 0.0 0.0 36.0 0.0 1235.0 9.0 17.0 0.4291845493562231
39 37 37 0.0 0.0 714.0 0.0 11437.0 24.0 4388.0 0.099009900990099
39 37 38 0.0 0.0 534.0 0.0 10186.0 23.0 3112.0 0.11015815563773704
39 37 39 0.0 0.0 617.0 0.0 10120.0 21.0 2312.0 0.11000235719336843
39 37 40 0.0 0.0 922.0 0.0 12445.0 15.0 8572.0 0.09105098855358999
39 37 41 0.0 0.0 1285.0 0.0 13069.0 51.0 16499.0 0.08563738683631024
39 37 42 0.0 0.0 1023.0 0.0 12854.0 31.0 9838.0 0.08821676118462507
39 37 43 0.0 0.0 340.0 0.0 6933.0 29.0 825.0 0.15135135135135133
39 37 44 0.0 0.0 13.0 0.0 417.0 5.0 2.0 0.5773195876288658
39 37 45 0.0 0.0 0.0 0.0 19.0 0.0 0.0 0.6934125804853887
39 38 35 0.0 0.0 11.0 0.0 304.0 4.0 0.0 0.606060606060606
39 38 36 0.0 0.0 210.0 0.0 4894.0 23.0 274.0 0.19768426998023156
39 38 37 0.0 0.0 881.0 0.0 12115.0 33.0 9821.0 0.09342676009342675
39 38 38 0.0 0.0 1054.0 0.0 12909.0 41.0 10287.0 0.08781834148789361
39 38 39 0.0 0.0 1437.0 0.0 12961.0 49.0 18021.0 0.08541272649624793
39 38 40 0.0 0.0 2276.0 0.0 11886.0 48.0 37318.0 0.08657473254591552
39 38 41 0.0 0.0 2004.0 0.0 12301.0 45.0 30723.0 0.08573703227386857
39 38 42 0.0 0.0 980.0 0.0 12551.0 35.0 9904.0 0.09016551812970953
39 38 43 0.0 0.0 356.0 0.0 7742.0 31.0 971.0 0.13899920571882443
39 38 44 0.0 0.0 570.0 0.0 10133.0 26.0 2894.0 0.11027963765261913
39 38 45 0.0 0.0 2.0 0.0 49.0 1.0 0.0 0.6829268292682925
39 39 34 0.0 0.0 0.0 0.0 1.0 0.0 0.0 0.6996501749125437
39 39 35 0.0 0.0 0.0 0.0 69.0 0.0 0.0 0.6766553890768486
39 39 36 0.0 0.0 468.0 0.0 8588.0 26.0 1530.0 0.12675418741511996
39 39 37 0.0 0.0 983.0 0.0 12763.0 35.0 8893.0 0.08895666539585714
39 39 38 0.0 0.0 1569.0 0.0 12994.0 53.0 19884.0 0.0846279393096778
39 39 39 0.0 0.0 2605.0 1.0 11471.0 62.0 44386.0 0.08708092305778439
39 39 40 0.0 0.0 3277.0 0.0 9266.0 70.0 69797.0 0.09628610729023383
39 39 41 0.0 0.0 2822.0 0.0 10304.0 58.0 55166.0 0.09250082590023123
39 39 42 0.0 0.0 1238.0 0.0 13365.0 33.0 13110.0 0.08434243026688354
39 39 43 0.0 0.0 602.0 0.0 10542.0 22.0 2944.0 0.10662604722010662
39 39 44 0.0 0.0 83.0 0.0 1860.0 9.0 22.0 0.3558718861209964
39 39 45 0.0 0.0 0.0 0.0 33.0 0.0 0.0 0.6886374815543531
39 40 35 0.0 0.0 1.0 0.0 58.0 1.0 0.0 0.6802721088435373
39 40 36 0.0 0.0 161.0 0.0 3721.0 11.0 144.0 0.2385821404226312
39 40 37 0.0 0.0 581.0 0.0 10628.0 20.0 3716.0 0.10601241859760714
39 40 38 0.0 0.0 1825.0 0.0 12301.0 50.0 27798.0 0.08684324793747285
39 40 39 2.0 0.0 3319.0 0.0 8589.0 56.0 75415.0 0.10053859964093356
39 40 40 1.0 0.0 3165.0 1.0 10656.0 59.0 57913.0 0.08831693161746151
39 40 41 1.0 0.0 2319.0 1.0 11995.0 56.0 37004.0 0.08585796639273886
39 40 42 0.0 0.0 1453.0 0.0 12983.0 51.0 18397.0 0.08520998174071819
39 40 43 0.0 0.0 337.0 0.0 7104.0 22.0 799.0 0.14858841010401186
39 40 44 0.0 0.0 239.0 0.0 5195.0 14.0 319.0 0.1886284020479655
39 40 45 0.0 0.0 0.0 0.0 4.0 0.0 0.0 0.6986027944111775
39 41 35 0.0 0.0 27.0 0.0 412.0 6.0 0.0 0.5754212905877516
39 41 36 0.0 0.0 181.0 0.0 3986.0 21.0 128.0 0.2277904328018223
39 41 37 0.0 0.0 631.0 0.0 10884.0 21.0 3915.0 0.10363461396106298
39 41 38 0.0 0.0 1527.0 0.0 13077.0 47.0 19043.0 0.08435259384226064
39 41 39 0.0 2.0 2805.0 2.0 11088.0 65.0 48096.0 0.0880281690140845
39 41 40 0.0 0.0 2984.0 0.0 10191.0 85.0 57912.0 0.09237265769332276
39 41 41 0.0 0.0 2607.0 0.0 10967.0 54.0 48359.0 0.08985879332477534
39 41 42 0.0 0.0 1123.0 0.0 12947.0 40.0 11546.0 0.087173100871731
39 41 43 0.0 0.0 836.0 0.0 12241.0 33.0 7136.0 0.09286898839137643
39 41 44 0.0 0.0 91.0 0.0 1975.0 15.0 25.0 0.34567901234567894
39 41 45 0.0 0.0 0.0 0.0 14.0 0.0 0.0 0.6951340615690167
39 42 35 0.0 0.0 16.0 0.0 291.0 4.0 0.0 0.6081668114682883
39 42 36 0.0 0.0 156.0 0.0 3940.0 18.0 173.0 0.23030103635466354
39 42 37 0.0 0.0 600.0 0.0 10291.0 18.0 2893.0 0.10861132660977502
39 42 38 0.0 0.0 1142.0 0.0 12797.0 41.0 12413.0 0.0878679470281805
39 42 39 0.0 0.0 1230.0 0.0 12976.0 47.0 14194.0 0.08645177226133136
39 42 40 0.0 0.0 1766.0 0.0 12632.0 30.0 25255.0 0.08528784648187633
39 42 41 0.0 0.0 1313.0 0.0 13004.0 29.0 15376.0 0.08575803981623276
39 42 42 0.0 0.0 634.0 0.0 11029.0 19.0 4531.0 0.10249652243941722
39 42 43 0.0 0.0 202.0 0.0 4379.0 24.0 182.0 0.21347971942665442
39 42 44 0.0 0.0 53.0 0.0 1280.0 6.0 7.0 0.4209260372820204
39 42 45 0.0 0.0 13.0 0.0 110.0 2.0 0.0 0.66006600660066
39 43 34 0.0 0.0 0.0 0.0 3.0 0.0 0.0 0.6989515726410384
39 43 35 0.0 0.0 174.0 0.0 3858.0 14.0 137.0 0.23255813953488366
39 43 36 0.0 0.0 4.0 0.0 223.0 1.0 0.0 0.6289308176100628
39 43 37 0.0 0.0 224.0 0.0 5098.0 17.0 309.0 0.19164955509924708
39 43 38 0.0 0.0 423.0 0.0 8751.0 23.0 1467.0 0.12548176032983774
39 43 39 0.0 0.0 747.0 0.0 11816.0 30.0 6106.0 0.09618687736173136
39 43 40 0.0 0.0 1152.0 0.0 12626.0 41.0 14940.0 0.0887648998224702
39 43 41 0.0 0.0 511.0 0.0 9728.0 27.0 2488.0 0.11453816575308844
39 43 42 0.0 0.0 722.0 0.0 11629.0 34.0 5651.0 0.09764262798158738
39 43 43 0.0 0.0 55.0 0.0 1264.0 11.0 9.0 0.4232164449818621
39 43 44 0.0 0.0 1.0 0.0 17.0 0.0 0.0 0.6937561942517343
39 43 45 0.0 0.0 0.0 0.0 7.0 0.0 0.0 0.6975585450921773
39 44 34 0.0 0.0 0.0 0.0 2.0 0.0 0.0 0.6993006993006992
39 44 35 0.0 0.0 0.0 0.0 3.0 0.0 0.0 0.6989515726410384
39 44 36 0.0 0.0 0.0 0.0 13.0 0.0 0.0 0.695479384003974
39 44 37 0.0 0.0 9.0 0.0 152.0 0.0 0.0 0.6478482184173993
39 44 38 0.0 0.0 40.0 0.0 885.0 8.0 5.0 0.4799451491258141
39 44 39 0.0 0.0 514.0 0.0 9173.0 22.0 1955.0 0.11995544512038384
39 44 40 0.0 0.0 513.0 0.0 9336.0 19.0 1841.0 0.11821329055138054
39 44 41 0.0 0.0 655.0 0.0 10983.0 25.0 4504.0 0.10269953051643192
39 44 42 0.0 0.0 374.0 0.0 7828.0 23.0 1238.0 0.1374570446735395
39 44 43 0.0 0.0 42.0 0.0 914.0 13.0 3.0 0.4757050628610261
39 44 44 0.0 0.0 0.0 0.0 2.0 0.0 0.0 0.6993006993006992
39 45 38 0.0 0.0 1.0 0.0 20.0 1.0 0.0 0.6930693069306929
39 45 39 0.0 0.0 12.0 0.0 314.0 4.0 0.0 0.6029285099052539
39 45 40 0.0 0.0 15.0 0.0 319.0 3.0 0.0 0.6006006006006005
39 45 41 0.0 0.0 43.0 0.0 1037.0 12.0 2.0 0.4563233376792698
39 45 42 0.0 0.0 71.0 0.0 1773.0 14.0 14.0 0.36563071297989025
39 45 43 0.0 0.0 0.0 0.0 17.0 1.0 0.0 0.6944444444444444
39 46 39 0.0 0.0 0.0 0.0 1.0 0.0 0.0 0.6996501749125437
39 46 40 0.0 0.0 0.0 0.0 4.0 0.0 0.0 0.6989515726410384
39 46 41 0.0 0.0 0.0 0.0 4.0 0.0 0.0 0.6986027944111775
39 46 42 0.0 0.0 0.0 0.0 2.0 0.0 0.0 0.6993006993006992
40 34 37 0.0 0.0 0.0 0.0 4.0 0.0 0.0 0.6986027944111775
40 34 38 0.0 0.0 0.0 0.0 2.0 0.0 0.0 0.6993006993006992
40 34 39 0.0 0.0 0.0 0.0 5.0 0.0 0.0 0.6982543640897755
40 34 40 0.0 0.0 0.0 0.0 1.0 0.0 0.0 0.6996501749125437
40 34 41 0.0 0.0 0.0 0.0 1.0 0.0 0.0 0.6996501749125437
40 35 36 0.0 0.0 0.0 0.0 3.0 0.0 0.0 0.6989515726410384
40 35 37 0.0 0.0 1.0 0.0 9.0 0.0 0.0 0.6965174129353233
40 35 38 0.0 0.0 3.0 0.0 142.0 2.0 0.0 0.6532897806812878
40 35 39 0.0 0.0 45.0 0.0 970.0 11.0 3.0 0.46604527296937415
40 35 40 0.0 0.0 64.0 0.0 1841.0 9.0 30.0 0.3591585428424833
40 35 41 0.0 0.0 7.0 0.0 222.0 4.0 0.0 0.6292134831460673
40 35 42 0.0 0.0 0.0 0.0 56.0 0.0 0.0 0.6809338521400777
40 35 43 0.0 0.0 0.0 0.0 11.0 0.0 0.0 0.697211155378486
40 35 44 0.0 0.0 0.0 0.0 5.0 0.0 0.0 0.6982543640897755
40 36 35 0.0 0.0 0.0 0.0 5.0 0.0 0.0 0.6982543640897755
40 36 36 0.0 0.0 2.0 0.0 63.0 1.0 0.0 0.6786233640329616
40 36 37 0.0 0.0 69.0 0.0 1684.0 12.0 12.0 0.37423148890670943
40 36 38 0.0 0.0 273.0 0.0 6192.0 15.0 535.0 0.1655433368806905
40 36 39 0.0 0.0 399.0 0.0 8148.0 29.0 1148.0 0.1330166270783848
40 36 40 0.0 0.0 228.0 0.0 5827.0 26.0 499.0 0.17428109050168053
40 36 41 0.0 0.0 417.0 0.0 8714.0 30.0 1723.0 0.12598992080633548
40 36 42 0.0 0.0 277.0 0.0 6075.0 18.0 468.0 0.16784558206450062
40 36 43 0.0 0.0 198.0 0.0 4085.0 14.0 142.0 0.22342802425789973
40 36 44 0.0 0.0 28.0 0.0 353.0 7.0 0.0 0.5897219882055602
40 36 45 0.0 0.0 0.0 0.0 1.0 0.0 0.0 0.6996501749125437
40 37 35 0.0 0.0 0.0 0.0 2.0 0.0 0.0 0.6993006993006992
40 37 36 0.0 0.0 215.0 0.0 4564.0 17.0 190.0 0.2069475240206947
40 37 37 0.0 0.0 417.0 0.0 7777.0 20.0 1000.0 0.1374570446735395
40 37 38 0.0 0.0 971.0 0.0 12640.0 37.0 9571.0 0.08972058446552166
40 37 39 0.0 0.0 747.0 0.0 11778.0 21.0 4901.0 0.09641209283107223
40 37 40 0.0 0.0 753.0 0.0 11726.0 26.0 5602.0 0.09671848013816925
40 37 41 0.0 0.0 1146.0 0.0 12559.0 32.0 14377.0 0.08917197452229299
40 37 42 0.0 0.0 803.0 0.0 11940.0 39.0 5817.0 0.09505058048747368
40 37 43 0.0 0.0 535.0 0.0 9670.0 24.0 2117.0 0.11481056257175659
40 37 44 0.0 0.0 260.0 0.0 5929.0 23.0 432.0 0.1713796058269066
40 37 45 0.0 0.0 0.0 0.0 26.0 0.0 0.0 0.6910167818361302
40 38 35 0.0 0.0 5.0 0.0 62.0 2.0 0.0 0.6779661016949151
40 38 36 0.0 0.0 50.0 0.0 1663.0 8.0 14.0 0.3778677462887988
40 38 37 0.0 0.0 409.0 0.0 8445.0 21.0 1542.0 0.12912746725696364
40 38 38 0.0 0.0 1850.0 0.0 11768.0 46.0 31131.0 0.08959999999999999
40 38 39 0.0 0.0 1347.0 0.0 13459.0 32.0 14192.0 0.08327880554398905
40 38 40 0.0 0.0 1952.0 0.0 12662.0 57.0 27902.0 0.08437292834327728
40 38 41 0.0 0.0 1988.0 0.0 12344.0 63.0 30301.0 0.0858000858000858
40 38 42 0.0 0.0 2006.0 0.0 12205.0 54.0 31437.0 0.08638242734620842
40 38 43 0.0 0.0 808.0 0.0 11948.0 28.0 7055.0 0.09492812584757254
40 38 44 0.0 0.0 68.0 0.0 1757.0 14.0 20.0 0.36735764891104694
40 38 45 0.0 0.0 11.0 0.0 208.0 3.0 0.0 0.6317689530685919
40 39 35 0.0 0.0 9.0 0.0 257.0 2.0 0.0 0.6183745583038868
40 39 36 0.0 0.0 393.0 0.0 8292.0 24.0 1309.0 0.13115982761851225
40 39 37 0.0 0.0 803.0 0.0 11762.0 29.0 5863.0 0.09616705591427394
40 39 38 0.0 0.0 1574.0 0.0 13014.0 51.0 19809.0 0.08441871683550409
40 39 39 0.0 0.0 2864.0 0.0 10180.0 66.0 55950.0 0.09299236134174692
40 39 40 0.0 0.0 3432.0 1.0 10185.0 62.0 63471.0 0.08958280010238033
40 39 41 1.0 0.0 3404.0 0.0 9511.0 80.0 67366.0 0.0938841201716738
40 39 42 0.0 0.0 1960.0 0.0 12528.0 43.0 28612.0 0.08489479109817476
40 39 43 0.0 0.0 933.0 0.0 12489.0 27.0 8571.0 0.09073233959818534
40 39 44 0.0 0.0 53.0 0.0 1965.0 11.0 28.0 0.34938857000249557
40 39 45 0.0 0.0 7.0 0.0 145.0 2.0 0.0 0.6511627906976742
40 40 34 0.0 0.0 0.0 0.0 1.0 0.0 0.0 0.6996501749125437
40 40 35 0.0 0.0 103.0 0.0 1952.0 13.0 15.0 0.34636318654131615
40 40 36 0.0 0.0 582.0 0.0 10235.0 29.0 2945.0 0.10937499999999999
40 40 37 0.0 0.0 1145.0 0.0 12405.0 26.0 15137.0 0.08996851102114259
40 40 38 0.0 0.0 1688.0 0.0 12915.0 45.0 23035.0 0.08431703204047217
40 40 39 1.0 0.0 2793.0 0.0 11304.0 67.0 46891.0 0.08692952499223842
40 40 40 7.0 14.0 3528.0 21.0 5502.0 62.0 114835.0 0.1263195885590544
40 40 41 0.0 1.0 2783.0 1.0 11828.0 60.0 43717.0 0.0842713537591043
40 40 42 0.0 0.0 1627.0 0.0 13327.0 45.0 19799.0 0.08259099758126363
40 40 43 0.0 0.0 649.0 0.0 10676.0 26.0 3596.0 0.10513667768098527
40 40 44 0.0 0.0 107.0 0.0 2447.0 11.0 56.0 0.30816640986132504
40 40 45 0.0 0.0 4.0 0.0 68.0 1.0 0.0 0.6760019314340897
40 40 46 0.0 0.0 1.0 0.0 0.0 0.0 0.0 0.6996501749125437
40 41 35 0.0 0.0 12.0 0.0 390.0 2.0 0.0 0.5833333333333333
40 41 36 0.0 0.0 323.0 0.0 7024.0 23.0 801.0 0.1500696752063458
40 41 37 0.0 0.0 1076.0 0.0 12774.0 37.0 11751.0 0.0883336488106505
40 41 38 0.0 0.0 1998.0 0.0 12416.0 56.0 30450.0 0.08530863445250136
40 41 39 0.0 0.0 2648.0 0.0 11791.0 63.0 42707.0 0.08518405841192576
40 41 40 0.0 5.0 2981.0 14.0 10912.0 63.0 51932.0 0.0880281690140845
40 41 41 0.0 0.0 2719.0 1.0 10482.0 61.0 53067.0 0.09208708807472209
40 41 42 0.0 0.0 1294.0 0.0 13174.0 43.0 13799.0 0.08509086488786238
40 41 43 0.0 0.0 801.0 0.0 11830.0 30.0 7051.0 0.09573958831977022
40 41 44 0.0 0.0 13.0 0.0 722.0 3.0 3.0 0.5124450951683748
40 41 45 0.0 0.0 0.0 0.0 21.0 0.0 0.0 0.6927263730826323
40 42 35 0.0 0.0 4.0 0.0 116.0 0.0 0.0 0.6603773584905659
40 42 36 0.0 0.0 725.0 0.0 11234.0 35.0 4040.0 0.10043041606886657
40 42 37 0.0 0.0 607.0 0.0 10698.0 22.0 3969.0 0.10527107301300848
40 42 38 0.0 0.0 1050.0 0.0 12790.0 35.0 10239.0 0.08840058091810316
40 42 39 0.0 0.0 2051.0 0.0 11563.0 52.0 35367.0 0.08968609865470852
40 42 40 0.0 0.0 1427.0 2.0 13330.0 43.0 16181.0 0.08357211079274116
40 42 41 0.0 0.0 1890.0 0.0 12383.0 51.0 28693.0 0.08601093567610739
40 42 42 0.0 0.0 816.0 0.0 11998.0 29.0 5801.0 0.09458181326847723
40 42 43 0.0 0.0 346.0 0.0 7338.0 19.0 932.0 0.1448225923244026
40 42 44 0.0 0.0 282.0 0.0 6708.0 14.0 811.0 0.15591936741285217
40 42 45 0.0 0.0 3.0 0.0 50.0 0.0 0.0 0.6819288845591815
40 43 34 0.0 0.0 0.0 0.0 1.0 0.0 0.0 0.6996501749125437
40 43 35 0.0 0.0 3.0 0.0 111.0 3.0 0.0 0.6631927996210326
40 43 36 0.0 0.0 87.0 0.0 2172.0 8.0 39.0 0.3291794027745121
40 43 37 0.0 0.0 313.0 0.0 6795.0 17.0 774.0 0.1539645881447267
40 43 38 0.0 0.0 247.0 0.0 5856.0 24.0 501.0 0.17316017316017315
40 43 39 0.0 0.0 836.0 0.0 12187.0 32.0 6769.0 0.09320284934425137
40 43 40 0.0 0.0 1040.0 0.0 12553.0 32.0 12050.0 0.0898242012062107
40 43 41 0.0 0.0 778.0 0.0 11604.0 32.0 5083.0 0.09745231797299177
40 43 42 0.0 0.0 427.0 0.0 8608.0 23.0 1584.0 0.12706480304955525
40 43 43 0.0 0.0 231.0 0.0 4625.0 15.0 228.0 0.20458863071752154
40 43 44 0.0 0.0 0.0 0.0 28.0 0.0 0.0 0.690335305719921
40 43 45 0.0 0.0 17.0 0.0 450.0 9.0 0.0 0.5695687550854353
40 44 34 0.0 0.0 0.0 0.0 6.0 0.0 0.0 0.6979062811565303
40 44 35 0.0 0.0 0.0 0.0 4.0 0.0 0.0 0.6986027944111775
40 44 36 0.0 0.0 0.0 0.0 35.0 0.0 0.0 0.6879606879606879
40 44 37 0.0 0.0 0.0 0.0 48.0 0.0 0.0 0.6835937499999999
40 44 38 0.0 0.0 53.0 0.0 1333.0 9.0 5.0 0.41456914421083796
40 44 39 0.0 0.0 376.0 0.0 8324.0 26.0 1391.0 0.13106159895150718
40 44 40 0.0 0.0 362.0 0.0 7639.0 20.0 1091.0 0.14019627478469854
40 44 41 0.0 0.0 118.0 0.0 2777.0 17.0 51.0 0.28694404591104733
40 44 42 0.0 0.0 199.0 0.0 4970.0 19.0 307.0 0.19577681443154799
40 44 43 0.0 0.0 38.0 0.0 927.0 4.0 9.0 0.4728132387706855
40 44 44 0.0 0.0 0.0 0.0 1.0 0.0 0.0 0.6996501749125437
40 45 37 0.0 0.0 0.0 0.0 7.0 0.0 0.0 0.6975585450921773
40 45 38 0.0 0.0 4.0 0.0 62.0 2.0 0.0 0.6782945736434108
40 45 39 0.0 0.0 6.0 0.0 132.0 0.0 0.0 0.6551240056153486
40 45 40 0.0 0.0 13.0 0.0 301.0 1.0 2.0 0.6052745352356247
40 45 41 0.0 0.0 2.0 0.0 99.0 1.0 0.0 0.6666666666666665
40 45 42 0.0 0.0 0.0 0.0 41.0 0.0 0.0 0.6859382655560998
40 45 43 0.0 0.0 0.0 0.0 17.0 1.0 0.0 0.6944444444444444
40 46 42 0.0 0.0 0.0 0.0 2.0 0.0 0.0 0.6993006993006992
40 46 43 0.0 0.0 0.0 0.0 1.0 0.0 0.0 0.6996501749125437
41 34 37 0.0 0.0 1.0 0.0 10.0 1.0 0.0 0.6965174129353233
41 34 38 0.0 0.0 0.0 0.0 1.0 0.0 0.0 0.6996501749125437
41 34 39 0.0 0.0 0.0 0.0 1.0 0.0 0.0 0.6996501749125437
41 35 37 0.0 0.0 1.0 0.0 24.0 1.0 0.0 0.6916996047430829
41 35 38 0.0 0.0 171.0 0.0 4097.0 15.0 130.0 0.22374940067124816
41 35 39 0.0 0.0 45.0 0.0 1216.0 12.0 10.0 0.43090181594336713
41 35 40 0.0 0.0 38.0 0.0 1322.0 10.0 12.0 0.417785735601313
41 35 41 0.0 0.0 6.0 0.0 120.0 1.0 0.0 0.6588235294117646
41 35 42 0.0 0.0 2.0 0.0 56.0 1.0 0.0 0.6806028196402526
41 35 43 0.0 0.0 1.0 0.0 22.0 0.0 0.0 0.6920415224913494
41 35 44 0.0 0.0 0.0 0.0 3.0 0.0 0.0 0.6989515726410384
41 36 36 0.0 0.0 3.0 0.0 36.0 1.0 0.0 0.6869479882237487
41 36 37 0.0 0.0 10.0 0.0 267.0 2.0 0.0 0.6153846153846153
41 36 38 0.0 0.0 140.0 0.0 3203.0 13.0 74.0 0.262713454681929
41 36 39 0.0 0.0 778.0 0.0 11609.0 28.0 6111.0 0.09735744089012517
41 36 40 0.0 0.0 361.0 0.0 7730.0 32.0 1053.0 0.13916500994035783
41 36 41 0.0 0.0 224.0 0.0 4618.0 26.0 192.0 0.20539906103286384
41 36 42 0.0 0.0 109.0 0.0 2592.0 11.0 36.0 0.29863481228668937
41 36 43 0.0 0.0 186.0 0.0 4997.0 23.0 311.0 0.1954761239877129
41 36 44 0.0 0.0 11.0 0.0 289.0 4.0 0.0 0.6097560975609755
41 36 45 0.0 0.0 0.0 0.0 6.0 0.0 0.0 0.6979062811565303
41 37 35 0.0 0.0 0.0 0.0 8.0 0.0 0.0 0.697211155378486
41 37 36 0.0 0.0 20.0 0.0 431.0 6.0 1.0 0.5725971370143148
41 37 37 0.0 0.0 353.0 0.0 7260.0 18.0 875.0 0.145787774653754
41 37 38 0.0 0.0 318.0 0.0 7611.0 20.0 1090.0 0.14118596208148446
41 37 39 1.0 0.0 1020.0 0.0 12666.0 25.0 10756.0 0.08917197452229299
41 37 40 0.0 0.0 859.0 0.0 12176.0 37.0 7025.0 0.09321526066981822
41 37 41 0.0 0.0 892.0 0.0 12350.0 26.0 8078.0 0.0918514630625902
41 37 42 0.0 0.0 1005.0 0.0 12826.0 35.0 9964.0 0.08843408502305602
41 37 43 0.0 0.0 799.0 0.0 11744.0 28.0 5458.0 0.09638554216867468
41 37 44 0.0 0.0 34.0 0.0 1194.0 8.0 11.0 0.4349176762969866
41 37 45 0.0 0.0 8.0 0.0 148.0 2.0 0.0 0.649953574744661
41 38 35 0.0 0.0 22.0 0.0 398.0 3.0 0.0 0.5792304509722795
41 38 36 0.0 0.0 50.0 0.0 1498.0 12.0 15.0 0.3959276018099547
41 38 37 0.0 0.0 691.0 0.0 11289.0 30.0 4424.0 0.10022909507445589
41 38 38 0.0 0.0 981.0 0.0 12730.0 30.0 9707.0 0.0891606164819768
41 38 39 0.0 0.0 1623.0 0.0 12903.0 35.0 22706.0 0.08463817181548877
41 38 40 0.0 0.0 2206.0 0.0 12233.0 59.0 33982.0 0.08520998174071819
41 38 41 0.0 0.0 2080.0 0.0 12293.0 51.0 32083.0 0.0855327468230694
41 38 42 0.0 0.0 2002.0 0.0 11673.0 53.0 34600.0 0.08933699189585859
41 38 43 0.0 0.0 910.0 0.0 12429.0 38.0 8237.0 0.09138381201044385
41 38 44 0.0 0.0 326.0 0.0 7559.0 13.0 1199.0 0.14168606416354618
41 38 45 0.0 0.0 10.0 0.0 281.0 6.0 1.0 0.612691466083151
41 39 35 0.0 0.0 1.0 0.0 100.0 0.0 1.0 0.6663493574488338
41 39 36 0.0 0.0 504.0 0.0 8979.0 27.0 1785.0 0.12205754141238011
41 39 37 0.0 0.0 493.0 0.0 9545.0 24.0 2046.0 0.11646285666749853
41 39 38 0.0 0.0 1458.0 0.0 13028.0 45.0 19191.0 0.08496692359045942
41 39 39 0.0 0.0 2481.0 0.0 11840.0 45.0 40723.0 0.08571078731480347
41 39 40 1.0 0.0 3518.0 0.0 8945.0 87.0 73925.0 0.09686570262229294
41 39 41 0.0 0.0 3453.0 0.0 7549.0 80.0 88224.0 0.10784162686797102
41 39 42 0.0 0.0 2221.0 0.0 12083.0 72.0 34720.0 0.08597924215439413
41 39 43 0.0 0.0 884.0 0.0 12279.0 37.0 8041.0 0.09243364584708834
41 39 44 0.0 0.0 351.0 0.0 7678.0 21.0 1044.0 0.13983220135836993
41 39 45 0.0 0.0 0.0 0.0 73.0 0.0 0.0 0.6753497346840327
41 40 34 0.0 0.0 0.0 0.0 2.0 0.0 0.0 0.6993006993006992
41 40 35 0.0 0.0 43.0 0.0 967.0 7.0 0.0 0.4662004662004661
41 40 36 0.0 0.0 636.0 0.0 11028.0 24.0 4642.0 0.10248151672644754
41 40 37 0.0 0.0 717.0 0.0 11614.0 30.0 5330.0 0.09772441714365487
41 40 38 0.0 0.0 1759.0 0.0 12588.0 46.0 26507.0 0.08559026716390536
41 40 39 0.0 0.0 3094.0 1.0 9857.0 73.0 61645.0 0.09365174928088833
41 40 40 0.0 0.0 2547.0 3.0 12786.0 47.0 35338.0 0.0806498070165332
41 40 41 0.0 0.0 2984.0 0.0 10498.0 70.0 55297.0 0.09043343453265291
41 40 42 0.0 0.0 2383.0 0.0 11367.0 66.0 42254.0 0.08895666539585714
41 40 43 0.0 0.0 1204.0 0.0 12677.0 48.0 15376.0 0.08828351620633118
41 40 44 0.0 0.0 576.0 0.0 10247.0 33.0 2853.0 0.10934083099031551
41 40 45 0.0 0.0 5.0 0.0 168.0 2.0 1.0 0.64486411791801
41 41 34 0.0 0.0 0.0 0.0 1.0 0.0 0.0 0.6996501749125437
41 41 35 0.0 0.0 27.0 0.0 585.0 5.0 4.0 0.5372217958557175
41 41 36 0.0 0.0 210.0 0.0 4939.0 23.0 307.0 0.1964360881156166
41 41 37 0.0 0.0 1025.0 0.0 12722.0 27.0 11146.0 0.08895101340618844
41 41 38 0.0 0.0 1410.0 0.0 12721.0 37.0 18722.0 0.08677327383165984
41 41 39 0.0 0.0 2646.0 0.0 11046.0 62.0 47262.0 0.08926863482752023
41 41 40 0.0 0.0 3129.0 0.0 9303.0 65.0 66770.0 0.0969797727902466
41 41 41 0.0 5.0 2171.0 21.0 12687.0 49.0 30759.0 0.08290400900100668
41 41 42 0.0 0.0 1174.0 0.0 12864.0 39.0 11959.0 0.08734714250062389
41 41 43 0.0 0.0 770.0 0.0 11709.0 28.0 5631.0 0.09677865339416561
41 41 44 0.0 0.0 260.0 0.0 6257.0 19.0 557.0 0.16462841015992472
41 41 45 0.0 0.0 8.0 0.0 122.0 1.0 0.0 0.6575857209957726
41 42 35 0.0 0.0 4.0 0.0 95.0 3.0 0.0 0.6679389312977099
41 42 36 0.0 0.0 439.0 0.0 9088.0 18.0 2058.0 0.12152777777777775
41 42 37 0.0 0.0 693.0 0.0 11099.0 39.0 3817.0 0.10167768174885611
41 42 38 0.0 0.0 730.0 0.0 11701.0 21.0 5528.0 0.09702009702009701
41 42 39 0.0 0.0 1105.0 0.0 12920.0 41.0 10641.0 0.08741258741258741
41 42 40 0.0 0.0 1337.0 0.0 12894.0 39.0 16543.0 0.08624407072013798
41 42 41 0.0 0.0 1354.0 1.0 12920.0 43.0 16359.0 0.0860849781713091
41 42 42 0.0 0.0 642.0 0.0 10888.0 24.0 3998.0 0.10353498003253955
41 42 43 0.0 0.0 333.0 0.0 7360.0 19.0 934.0 0.1446280991735537
41 42 44 0.0 0.0 92.0 0.0 2193.0 13.0 25.0 0.3277153558052434
41 42 45 0.0 0.0 9.0 0.0 350.0 5.0 0.0 0.594732370433305
41 43 35 0.0 0.0 21.0 0.0 519.0 3.0 0.0 0.5518328734726053
41 43 36 0.0 0.0 3.0 0.0 147.0 1.0 0.0 0.6514657980456026
41 43 37 0.0 0.0 239.0 0.0 4956.0 16.0 251.0 0.1949317738791423
41 43 38 0.0 0.0 302.0 0.0 6952.0 18.0 796.0 0.15138408304498266
41 43 39 0.0 0.0 746.0 0.0 11789.0 28.0 6090.0 0.09635237439779765
41 43 40 0.0 0.0 500.0 0.0 9351.0 28.0 2089.0 0.11830319418624302
41 43 41 0.0 0.0 622.0 0.0 10769.0 20.0 3481.0 0.10459469555472542
41 43 42 0.0 0.0 738.0 0.0 11602.0 27.0 5282.0 0.09771759614713477
41 43 43 0.0 0.0 110.0 0.0 2284.0 11.0 31.0 0.31919744642042863
41 43 44 0.0 0.0 0.0 0.0 19.0 0.0 0.0 0.6934125804853887
41 43 45 0.0 0.0 0.0 0.0 5.0 0.0 0.0 0.6982543640897755
41 44 35 0.0 0.0 4.0 0.0 55.0 3.0 0.0 0.6809338521400777
41 44 36 0.0 0.0 11.0 0.0 324.0 3.0 0.0 0.6003430531732418
41 44 37 0.0 0.0 0.0 0.0 57.0 0.0 0.0 0.6806028196402526
41 44 38 0.0 0.0 378.0 0.0 7586.0 23.0 1005.0 0.14073180538801766
41 44 39 0.0 0.0 154.0 0.0 3813.0 14.0 152.0 0.2350965575146935
41 44 40 0.0 0.0 54.0 0.0 1428.0 5.0 13.0 0.4026459591601955
41 44 41 0.0 0.0 331.0 0.0 6829.0 20.0 650.0 0.15308911973756148
41 44 42 0.0 0.0 6.0 0.0 294.0 1.0 0.0 0.6089604175728577
41 44 43 0.0 0.0 4.0 0.0 217.0 3.0 1.0 0.6311992786293958
41 44 44 0.0 0.0 0.0 0.0 4.0 0.0 0.0 0.6986027944111775
41 45 35 0.0 0.0 1.0 0.0 0.0 0.0 0.0 0.6996501749125437
41 45 37 0.0 0.0 8.0 0.0 218.0 5.0 0.0 0.6303466906798738
41 45 38 0.0 0.0 1.0 0.0 35.0 1.0 0.0 0.6879606879606879
41 45 39 0.0 0.0 1.0 0.0 108.0 1.0 0.0 0.6641366223908918
41 45 40 0.0 0.0 14.0 0.0 376.0 5.0 0.0 0.5870020964360586
41 45 41 0.0 0.0 1.0 0.0 21.0 0.0 0.0 0.6923837784371908
41 45 42 0.0 0.0 0.0 0.0 11.0 0.0 0.0 0.6961710591745399
41 45 43 0.0 0.0 0.0 0.0 4.0 0.0 0.0 0.6986027944111775
42 34 37 0.0 0.0 0.0 0.0 3.0 0.0 0.0 0.6989515726410384
42 34 38 0.0 0.0 0.0 0.0 2.0 0.0 0.0 0.6993006993006992
42 34 39 0.0 0.0 0.0 0.0 3.0 0.0 0.0 0.6989515726410384
42 35 37 0.0 0.0 0.0 0.0 1.0 0.0 0.0 0.6996501749125437
42 35 38 0.0 0.0 5.0 0.0 191.0 0.0 1.0 0.6372325898953117
42 35 39 0.0 0.0 34.0 0.0 968.0 10.0 2.0 0.4679144385026737
42 35 40 0.0 0.0 0.0 0.0 90.0 1.0 0.0 0.6701771182383915
42 35 41 0.0 0.0 16.0 0.0 430.0 5.0 2.0 0.5735354362965996
42 35 42 0.0 0.0 0.0 0.0 17.0 0.0 0.0 0.6944444444444444
42 35 43 0.0 0.0 2.0 0.0 27.0 0.0 0.0 0.6899950714637751
42 35 44 0.0 0.0 0.0 0.0 14.0 0.0 0.0 0.6951340615690167
42 35 45 0.0 0.0 0.0 0.0 2.0 0.0 0.0 0.6993006993006992
42 36 36 0.0 0.0 11.0 0.0 231.0 1.0 0.0 0.6247211066488174
42 36 37 0.0 0.0 0.0 0.0 23.0 0.0 0.0 0.6920415224913494
42 36 38 0.0 0.0 87.0 0.0 2451.0 9.0 44.0 0.3093239063190455
42 36 39 0.0 0.0 548.0 0.0 10051.0 21.0 2975.0 0.11121703209405782
42 36 40 0.0 0.0 224.0 0.0 4959.0 15.0 300.0 0.19523079068470223
42 36 41 0.0 0.0 458.0 0.0 8955.0 26.0 1598.0 0.12287168685272949
42 36 42 0.0 0.0 200.0 0.0 4892.0 21.0 252.0 0.19799179748267567
42 36 43 0.0 0.0 223.0 0.0 4955.0 16.0 244.0 0.19553072625698323
42 36 44 0.0 0.0 0.0 0.0 157.0 0.0 1.0 0.6490496059341677
42 36 45 0.0 0.0 0.0 0.0 2.0 0.0 0.0 0.6993006993006992
42 37 35 0.0 0.0 2.0 0.0 42.0 1.0 0.0 0.6852667645619186
42 37 36 0.0 0.0 1.0 0.0 51.0 1.0 0.0 0.68259385665529
42 37 37 0.0 0.0 38.0 0.0 975.0 6.0 5.0 0.4655803126039241
42 37 38 0.0 0.0 323.0 0.0 7092.0 16.0 845.0 0.14884116521369337
42 37 39 0.0 0.0 912.0 0.0 12421.0 29.0 7394.0 0.09133015852306085
42 37 40 0.0 0.0 1374.0 0.0 12711.0 31.0 17853.0 0.0869943453675511
42 37 41 0.0 0.0 1207.0 0.0 13027.0 48.0 13281.0 0.08632383771118508
42 37 42 0.0 0.0 592.0 0.0 10438.0 34.0 3156.0 0.10760126047190838
42 37 43 0.0 0.0 737.0 0.0 11589.0 31.0 6902.0 0.09779267951941882
42 37 44 0.0 0.0 245.0 0.0 5158.0 24.0 286.0 0.18970189701897017
42 37 45 0.0 0.0 67.0 0.0 1442.0 9.0 14.0 0.39999999999999997
42 38 35 0.0 0.0 0.0 0.0 21.0 0.0 0.0 0.6927263730826323
42 38 36 0.0 0.0 198.0 0.0 4376.0 21.0 197.0 0.21364260643979854
42 38 37 0.0 0.0 84.0 0.0 2359.0 8.0 37.0 0.31567080045095824
42 38 38 0.0 0.0 764.0 0.0 11929.0 24.0 6764.0 0.09527698380291275
42 38 39 0.0 0.0 1139.0 0.0 12710.0 35.0 13646.0 0.08835037233371197
42 38 40 0.0 0.0 2058.0 0.0 11508.0 54.0 36106.0 0.0899107314880226
42 38 41 0.0 0.0 2330.0 0.0 11523.0 61.0 39780.0 0.0882556893399735
42 38 42 0.0 0.0 1093.0 0.0 12684.0 36.0 11829.0 0.08874239350912777
42 38 43 0.0 0.0 442.0 0.0 9167.0 21.0 2113.0 0.12063765618267985
42 38 44 0.0 0.0 216.0 0.0 4686.0 20.0 207.0 0.20337013364323064
42 38 45 0.0 0.0 1.0 0.0 47.0 0.0 0.0 0.6835937499999999
42 39 35 0.0 0.0 41.0 0.0 964.0 10.0 2.0 0.46744574290484137
42 39 36 0.0 0.0 176.0 0.0 3880.0 25.0 115.0 0.23221098026206666
42 39 37 0.0 0.0 666.0 0.0 11047.0 23.0 4210.0 0.1021524990879241
42 39 38 0.0 0.0 869.0 0.0 12381.0 30.0 7374.0 0.0918574896660324
42 39 39 0.0 0.0 1685.0 0.0 12990.0 40.0 21881.0 0.0839278220730172
42 39 40 0.0 0.0 2299.0 0.0 11764.0 50.0 37462.0 0.08710259441299073
42 39 41 0.0 0.0 2072.0 0.0 12481.0 66.0 30815.0 0.08459214501510573
42 39 42 0.0 0.0 2211.0 0.0 11464.0 63.0 38837.0 0.08933699189585859
42 39 43 0.0 0.0 621.0 0.0 10852.0 23.0 3533.0 0.10393466963622865
42 39 44 0.0 0.0 305.0 0.0 6692.0 28.0 665.0 0.15598885793871867
42 39 45 0.0 0.0 1.0 0.0 79.0 0.0 0.0 0.6730769230769229
42 40 35 0.0 0.0 33.0 0.0 885.0 5.0 4.0 0.4804392587508579
42 40 36 0.0 0.0 73.0 0.0 2388.0 13.0 56.0 0.31474820143884885
42 40 37 0.0 0.0 571.0 0.0 10083.0 29.0 2430.0 0.11078578776608371
42 40 38 0.0 0.0 1480.0 0.0 12337.0 43.0 23078.0 0.08851236011885943
42 40 39 0.0 0.0 1617.0 0.0 13020.0 38.0 22315.0 0.08413461538461538
42 40 40 0.0 0.0 2021.0 0.0 12181.0 49.0 32565.0 0.08631851532153645
42 40 41 0.0 0.0 2117.0 0.0 12258.0 51.0 32551.0 0.08545443447476041
42 40 42 0.0 0.0 1912.0 0.0 12288.0 58.0 29351.0 0.0864410965670536
42 40 43 0.0 0.0 881.0 0.0 12257.0 24.0 8198.0 0.09251305094825876
42 40 44 0.0 0.0 514.0 0.0 9616.0 17.0 2283.0 0.11544487507215302
42 40 45 0.0 0.0 22.0 0.0 643.0 8.0 2.0 0.5271084337349397
42 41 35 0.0 0.0 4.0 0.0 128.0 1.0 0.0 0.6569685593618019
42 41 36 0.0 0.0 72.0 0.0 1747.0 9.0 11.0 0.36735764891104694
42 41 37 0.0 0.0 379.0 0.0 7880.0 21.0 1163.0 0.1366386882685926
42 41 38 0.0 0.0 1125.0 0.0 12678.0 37.0 12260.0 0.08863564419119974
42 41 39 0.0 0.0 1479.0 0.0 13099.0 48.0 17513.0 0.0845359579735523
42 41 40 0.0 0.0 1418.0 0.0 12807.0 34.0 18236.0 0.08631851532153645
42 41 41 0.0 0.0 878.0 1.0 12411.0 32.0 6044.0 0.09161704076958313
42 41 42 0.0 0.0 1192.0 0.0 12583.0 39.0 15116.0 0.0887255212624374
42 41 43 0.0 0.0 700.0 0.0 11520.0 36.0 4477.0 0.09859154929577464
42 41 44 0.0 0.0 260.0 0.0 5948.0 16.0 457.0 0.17085672443251154
42 41 45 0.0 0.0 2.0 0.0 104.0 0.0 0.0 0.6650831353919239
42 42 35 0.0 0.0 0.0 0.0 27.0 0.0 0.0 0.6906758756783422
42 42 36 0.0 0.0 194.0 0.0 4298.0 21.0 161.0 0.21634986864472258
42 42 37 0.0 0.0 139.0 0.0 3165.0 28.0 103.0 0.2653525398028809
42 42 38 0.0 0.0 1072.0 0.0 12535.0 34.0 11809.0 0.08977811978966267
42 42 39 0.0 0.0 1144.0 0.0 12634.0 37.0 13683.0 0.08881558079045866
42 42 40 0.0 0.0 677.0 0.0 11340.0 39.0 5384.0 0.10003572704537333
42 42 41 0.0 0.0 1318.0 0.0 12905.0 29.0 16105.0 0.08624407072013798
42 42 42 0.0 0.0 547.0 0.0 9454.0 20.0 1959.0 0.11666666666666665
42 42 43 0.0 0.0 64.0 0.0 1642.0 14.0 18.0 0.37940379403794033
42 42 44 0.0 0.0 33.0 0.0 622.0 4.0 2.0 0.5281026027913994
42 42 45 0.0 0.0 0.0 0.0 13.0 0.0 0.0 0.695479384003974
42 43 35 0.0 0.0 0.0 0.0 18.0 0.0 0.0 0.6937561942517343
42 43 36 0.0 0.0 0.0 0.0 33.0 0.0 0.0 0.6886374815543531
42 43 37 0.0 0.0 97.0 0.0 2513.0 14.0 41.0 0.3046127067014795
42 43 38 0.0 0.0 232.0 0.0 5732.0 21.0 440.0 0.17621145374449337
42 43 39 0.0 0.0 371.0 0.0 7384.0 17.0 891.0 0.1436781609195402
42 43 40 0.0 0.0 134.0 0.0 3269.0 12.0 88.0 0.2596920793915785
42 43 41 0.0 0.0 540.0 0.0 9672.0 22.0 2322.0 0.11471648639790233
42 43 42 0.0 0.0 313.0 0.0 7213.0 18.0 926.0 0.14713610089332632
42 43 43 0.0 0.0 7.0 0.0 156.0 0.0 0.0 0.6472491909385112
42 43 44 0.0 0.0 0.0 0.0 16.0 0.0 0.0 0.694789081885856
42 43 45 0.0 0.0 4.0 0.0 77.0 0.0 0.0 0.6727534839019701
42 44 36 0.0 0.0 1.0 0.0 20.0 0.0 0.0 0.6927263730826323
42 44 37 0.0 0.0 0.0 0.0 29.0 0.0 0.0 0.690335305719921
42 44 38 0.0 0.0 12.0 0.0 292.0 5.0 0.0 0.609225413402959
42 44 39 0.0 0.0 2.0 0.0 114.0 0.0 0.0 0.661625708884688
42 44 40 0.0 0.0 331.0 0.0 6521.0 23.0 591.0 0.15846066779852858
42 44 41 0.0 0.0 31.0 0.0 847.0 8.0 1.0 0.48780487804878037
42 44 42 0.0 0.0 2.0 0.0 146.0 3.0 0.0 0.6526806526806526
42 44 43 0.0 0.0 0.0 0.0 56.0 0.0 0.0 0.6809338521400777
42 45 37 0.0 0.0 2.0 0.0 39.0 0.0 0.0 0.6859382655560998
42 45 38 0.0 0.0 0.0 0.0 7.0 0.0 0.0 0.6975585450921773
42 45 39 0.0 0.0 14.0 0.0 196.0 5.0 0.0 0.6352087114337567
42 45 40 0.0 0.0 20.0 0.0 598.0 5.0 3.0 0.535782625334864
42 45 41 0.0 0.0 0.0 0.0 14.0 0.0 0.0 0.6951340615690167
42 45 42 0.0 0.0 0.0 0.0 2.0 0.0 0.0 0.6993006993006992
43 35 37 0.0 0.0 0.0 0.0 1.0 0.0 0.0 0.6996501749125437
43 35 38 0.0 0.0 10.0 0.0 289.0 2.0 1.0 0.6094906399651718
43 35 39 0.0 0.0 2.0 0.0 106.0 0.0 0.0 0.6641366223908918
43 35 40 0.0 0.0 42.0 0.0 960.0 6.0 3.0 0.4672897196261681
43 35 41 0.0 0.0 0.0 0.0 29.0 0.0 0.0 0.6899950714637751
43 35 42 0.0 0.0 0.0 0.0 37.0 0.0 0.0 0.6872852233676975
43 35 43 0.0 0.0 0.0 0.0 11.0 0.0 0.0 0.6961710591745399
43 35 44 0.0 0.0 0.0 0.0 3.0 0.0 0.0 0.6989515726410384
43 36 37 0.0 0.0 0.0 0.0 14.0 0.0 0.0 0.6951340615690167
43 36 38 0.0 0.0 8.0 0.0 279.0 4.0 1.0 0.6132282084975909
43 36 39 0.0 0.0 358.0 0.0 7905.0 18.0 1134.0 0.13661202185792345
43 36 40 0.0 0.0 152.0 0.0 3424.0 20.0 92.0 0.251889168765743
43 36 41 0.0 0.0 264.0 0.0 5747.0 24.0 481.0 0.17528483786152496
43 36 42 0.0 0.0 341.0 0.0 6989.0 23.0 743.0 0.1503597894962947
43 36 43 0.0 0.0 61.0 0.0 1266.0 4.0 8.0 0.42117930204572795
43 36 44 0.0 0.0 171.0 0.0 3464.0 21.0 98.0 0.24937655860349126
43 36 45 0.0 0.0 0.0 0.0 3.0 0.0 0.0 0.6989515726410384
43 37 35 0.0 0.0 0.0 0.0 3.0 0.0 0.0 0.6989515726410384
43 37 36 0.0 0.0 0.0 0.0 7.0 0.0 0.0 0.6975585450921773
43 37 37 0.0 0.0 0.0 0.0 67.0 0.0 0.0 0.6773101112723753
43 37 38 0.0 0.0 305.0 0.0 6393.0 21.0 635.0 0.1612345963376713
43 37 39 0.0 0.0 430.0 0.0 8047.0 22.0 1122.0 0.13384321223709367
43 37 40 0.0 0.0 600.0 0.0 10356.0 23.0 3222.0 0.10814151089139502
43 37 41 0.0 0.0 656.0 0.0 11006.0 17.0 3918.0 0.10249652243941722
43 37 42 0.0 0.0 319.0 0.0 6870.0 21.0 768.0 0.15265510849416639
43 37 43 0.0 0.0 499.0 0.0 9800.0 23.0 2690.0 0.11389521640091115
43 37 44 0.0 0.0 47.0 0.0 1195.0 11.0 1.0 0.4333023831631074
43 37 45 0.0 0.0 0.0 0.0 16.0 0.0 0.0 0.6944444444444444
43 38 35 0.0 0.0 0.0 0.0 4.0 0.0 0.0 0.6986027944111775
43 38 36 0.0 0.0 47.0 0.0 1150.0 7.0 4.0 0.43887147335423193
43 38 37 0.0 0.0 4.0 0.0 268.0 1.0 0.0 0.6164685160722148
43 38 38 0.0 0.0 458.0 0.0 9173.0 16.0 1987.0 0.1204301075268817
43 38 39 0.0 0.0 563.0 0.0 10082.0 23.0 2516.0 0.11082963901203291
43 38 40 0.0 0.0 837.0 0.0 11992.0 23.0 6707.0 0.09437141894169193
43 38 41 0.0 0.0 890.0 0.0 12273.0 25.0 8357.0 0.09232392508572936
43 38 42 0.0 0.0 719.0 0.0 11638.0 23.0 6012.0 0.0975269940787182
43 38 43 0.0 0.0 751.0 0.0 11607.0 35.0 5003.0 0.09760858955588092
43 38 44 0.0 0.0 74.0 0.0 1949.0 9.0 24.0 0.34895314057826515
43 38 45 0.0 0.0 0.0 0.0 8.0 0.0 0.0 0.697211155378486
43 39 35 0.0 0.0 1.0 0.0 14.0 0.0 0.0 0.694789081885856
43 39 36 0.0 0.0 33.0 0.0 718.0 4.0 2.0 0.5096468875136512
43 39 37 0.0 0.0 195.0 0.0 4798.0 15.0 250.0 0.20063055316709658
43 39 38 0.0 0.0 496.0 0.0 9463.0 19.0 2155.0 0.11715481171548116
43 39 39 0.0 0.0 749.0 0.0 11819.0 24.0 6282.0 0.09611423863792391
43 39 40 0.0 0.0 1094.0 0.0 12665.0 35.0 12609.0 0.08878741755454084
43 39 41 0.0 0.0 902.0 0.0 12205.0 35.0 6375.0 0.09278282192325535
43 39 42 0.0 0.0 1018.0 0.0 12624.0 34.0 10530.0 0.08950834345630074
43 39 43 0.0 0.0 744.0 0.0 11795.0 36.0 7063.0 0.09630597784962508
43 39 44 0.0 0.0 210.0 0.0 4076.0 21.0 128.0 0.22342802425789973
43 39 45 0.0 0.0 0.0 0.0 39.0 0.0 0.0 0.6866110838646394
43 40 35 0.0 0.0 0.0 0.0 6.0 0.0 0.0 0.6979062811565303
43 40 36 0.0 0.0 2.0 0.0 216.0 1.0 2.0 0.6314839873703202
43 40 37 0.0 0.0 444.0 0.0 8598.0 16.0 1422.0 0.12690355329949238
43 40 38 0.0 0.0 786.0 0.0 11809.0 27.0 6481.0 0.09594298245614034
43 40 39 0.0 0.0 825.0 0.0 12089.0 29.0 6342.0 0.09393451422436928
43 40 40 0.0 0.0 957.0 0.0 12502.0 30.0 8105.0 0.09055627425614488
43 40 41 0.0 0.0 1237.0 0.0 12944.0 28.0 14010.0 0.08651053574738922
43 40 42 0.0 0.0 748.0 0.0 11558.0 24.0 5513.0 0.09791579241852007
43 40 43 0.0 0.0 680.0 0.0 11152.0 29.0 4190.0 0.10139784167451292
43 40 44 0.0 0.0 150.0 0.0 3806.0 15.0 142.0 0.23561090541905078
43 40 45 0.0 0.0 25.0 0.0 718.0 5.0 2.0 0.5113221329437544
43 41 35 0.0 0.0 17.0 0.0 427.0 6.0 0.0 0.5742411812961443
43 41 36 0.0 0.0 47.0 0.0 1162.0 11.0 2.0 0.43791054113231154
43 41 37 0.0 0.0 923.0 0.0 12274.0 39.0 9383.0 0.09222661396574439
43 41 38 0.0 0.0 357.0 0.0 7553.0 19.0 972.0 0.14145700717389106
43 41 39 0.0 0.0 846.0 0.0 12140.0 23.0 6372.0 0.09345794392523364
43 41 40 0.0 0.0 1210.0 0.0 13010.0 26.0 13116.0 0.08627064333251169
43 41 41 0.0 0.0 328.0 0.0 7890.0 19.0 1296.0 0.1372145447417426
43 41 42 0.0 0.0 585.0 0.0 10488.0 28.0 3357.0 0.10723039215686272
43 41 43 0.0 0.0 401.0 0.0 8438.0 18.0 1610.0 0.12933025404157042
43 41 44 0.0 0.0 124.0 0.0 2456.0 17.0 42.0 0.30688294607628225
43 41 45 0.0 0.0 10.0 0.0 274.0 3.0 0.0 0.6137658921525645
43 42 35 0.0 0.0 0.0 0.0 11.0 0.0 0.0 0.6965174129353233
43 42 36 0.0 0.0 1.0 0.0 106.0 0.0 0.0 0.664767331433998
43 42 37 0.0 0.0 213.0 0.0 4792.0 22.0 271.0 0.20037211965077997
43 42 38 0.0 0.0 478.0 0.0 8893.0 10.0 1663.0 0.12309856678097247
43 42 39 0.0 0.0 652.0 0.0 10735.0 22.0 3635.0 0.10462596218518794
43 42 40 0.0 0.0 361.0 0.0 7990.0 27.0 1398.0 0.13551447100958278
43 42 41 0.0 0.0 361.0 0.0 7035.0 23.0 681.0 0.1492855619535082
43 42 42 0.0 0.0 64.0 0.0 1821.0 10.0 17.0 0.36110394635027077
43 42 43 0.0 0.0 190.0 0.0 3795.0 18.0 135.0 0.2346237640355287
43 42 44 0.0 0.0 12.0 0.0 272.0 5.0 0.0 0.6143045195261079
43 42 45 0.0 0.0 0.0 0.0 4.0 0.0 0.0 0.6986027944111775
43 43 35 0.0 0.0 0.0 0.0 11.0 0.0 0.0 0.6965174129353233
43 43 36 0.0 0.0 0.0 0.0 41.0 1.0 0.0 0.6866110838646394
43 43 37 0.0 0.0 47.0 0.0 955.0 12.0 3.0 0.46838407494145196
43 43 38 0.0 0.0 78.0 0.0 2151.0 11.0 32.0 0.3319108582266477
43 43 39 0.0 0.0 192.0 0.0 3902.0 16.0 125.0 0.23030103635466354
43 43 40 0.0 0.0 157.0 0.0 3595.0 16.0 112.0 0.24398745207389327
43 43 41 0.0 0.0 272.0 0.0 5793.0 19.0 444.0 0.17389144205688728
43 43 42 0.0 0.0 35.0 0.0 1071.0 6.0 10.0 0.4516129032258064
43 43 43 0.0 0.0 0.0 0.0 23.0 0.0 0.0 0.6920415224913494
43 43 44 0.0 0.0 0.0 0.0 3.0 0.0 0.0 0.6989515726410384
43 44 37 0.0 0.0 10.0 0.0 165.0 2.0 0.0 0.6442705936493326
43 44 38 0.0 0.0 0.0 0.0 6.0 0.0 0.0 0.6979062811565303
43 44 39 0.0 0.0 0.0 0.0 17.0 0.0 0.0 0.694100148735746
43 44 40 0.0 0.0 1.0 0.0 70.0 0.0 0.0 0.6769825918762088
43 44 41 0.0 0.0 35.0 0.0 855.0 7.0 2.0 0.48560527228581335
43 44 42 0.0 0.0 0.0 0.0 33.0 0.0 0.0 0.6886374815543531
43 44 43 0.0 0.0 0.0 0.0 4.0 0.0 0.0 0.6986027944111775
43 45 40 0.0 0.0 0.0 0.0 5.0 0.0 0.0 0.6982543640897755
43 45 41 0.0 0.0 0.0 0.0 8.0 0.0 0.0 0.697211155378486
44 35 38 0.0 0.0 0.0 0.0 8.0 0.0 0.0 0.697211155378486
44 35 39 0.0 0.0 10.0 0.0 178.0 0.0 0.0 0.639853747714808
44 35 40 0.0 0.0 2.0 0.0 32.0 0.0 0.0 0.6882989183874139
44 35 41 0.0 0.0 0.0 0.0 22.0 1.0 0.0 0.6927263730826323
44 35 42 0.0 0.0 0.0 0.0 12.0 0.0 0.0 0.6958250497017892
44 35 43 0.0 0.0 0.0 0.0 7.0 0.0 0.0 0.6975585450921773
44 35 44 0.0 0.0 0.0 0.0 2.0 0.0 0.0 0.6993006993006992
44 35 45 0.0 0.0 0.0 0.0 2.0 0.0 0.0 0.6993006993006992
44 36 37 0.0 0.0 0.0 0.0 6.0 0.0 0.0 0.6979062811565303
44 36 38 0.0 0.0 0.0 0.0 23.0 0.0 0.0 0.6920415224913494
44 36 39 0.0 0.0 0.0 0.0 55.0 0.0 0.0 0.6812652068126519
44 36 40 0.0 0.0 2.0 0.0 112.0 0.0 0.0 0.662251655629139
44 36 41 0.0 0.0 105.0 0.0 2847.0 15.0 64.0 0.2835730200526635
44 36 42 0.0 0.0 3.0 0.0 108.0 3.0 0.0 0.6641366223908918
44 36 43 0.0 0.0 6.0 0.0 120.0 1.0 0.0 0.6588235294117646
44 36 44 0.0 0.0 2.0 0.0 49.0 2.0 0.0 0.6832601268911663
44 36 45 0.0 0.0 0.0 0.0 2.0 0.0 0.0 0.6993006993006992
44 37 37 0.0 0.0 0.0 0.0 24.0 0.0 0.0 0.6916996047430829
44 37 38 0.0 0.0 9.0 0.0 290.0 3.0 1.0 0.6094906399651718
44 37 39 0.0 0.0 37.0 0.0 724.0 9.0 3.0 0.508720930232558
44 37 40 0.0 0.0 221.0 0.0 4320.0 18.0 132.0 0.21455938697318003
44 37 41 0.0 0.0 126.0 0.0 2523.0 16.0 57.0 0.30211480362537757
44 37 42 0.0 0.0 54.0 0.0 1110.0 15.0 4.0 0.4445855827246744
44 37 43 0.0 0.0 215.0 0.0 4463.0 21.0 168.0 0.21027335536197053
44 37 44 0.0 0.0 87.0 0.0 2333.0 14.0 41.0 0.3178206583427923
44 37 45 0.0 0.0 0.0 0.0 4.0 0.0 0.0 0.6986027944111775
44 38 35 0.0 0.0 0.0 0.0 1.0 0.0 0.0 0.6996501749125437
44 38 37 0.0 0.0 16.0 0.0 466.0 5.0 1.0 0.5649717514124293
44 38 38 0.0 0.0 126.0 0.0 3611.0 17.0 139.0 0.2447552447552447
44 38 39 0.0 0.0 116.0 0.0 2350.0 16.0 36.0 0.31467745560800175
44 38 40 0.0 0.0 274.0 0.0 5469.0 21.0 330.0 0.18122977346278316
44 38 41 0.0 0.0 621.0 0.0 10708.0 19.0 3151.0 0.10510510510510508
44 38 42 0.0 0.0 194.0 0.0 4396.0 15.0 181.0 0.21289537712895376
44 38 43 0.0 0.0 224.0 0.0 4831.0 23.0 254.0 0.1989484155179764
44 38 44 0.0 0.0 0.0 0.0 129.0 1.0 0.0 0.6578947368421051
44 38 45 0.0 0.0 0.0 0.0 2.0 0.0 0.0 0.6993006993006992
44 39 35 0.0 0.0 8.0 0.0 365.0 5.0 2.0 0.5912162162162161
44 39 36 0.0 0.0 14.0 0.0 264.0 4.0 0.0 0.615655233069481
44 39 37 0.0 0.0 70.0 0.0 1628.0 10.0 22.0 0.37960954446854656
44 39 38 0.0 0.0 32.0 0.0 837.0 6.0 3.0 0.4893393918210415
44 39 39 0.0 0.0 157.0 0.0 3180.0 23.0 62.0 0.2634054562558795
44 39 40 0.0 0.0 223.0 0.0 4841.0 31.0 239.0 0.19903326698891097
44 39 41 0.0 0.0 626.0 0.0 10449.0 36.0 2550.0 0.10724682089780908
44 39 42 0.0 0.0 222.0 0.0 4663.0 21.0 259.0 0.20387359836901117
44 39 43 0.0 0.0 28.0 0.0 955.0 3.0 6.0 0.47027208599260995
44 39 44 0.0 0.0 9.0 0.0 398.0 1.0 0.0 0.582120582120582
44 39 45 0.0 0.0 0.0 0.0 17.0 0.0 0.0 0.694100148735746
44 39 46 0.0 0.0 0.0 0.0 1.0 0.0 0.0 0.6996501749125437
44 40 35 0.0 0.0 0.0 0.0 19.0 1.0 0.0 0.6937561942517343
44 40 36 0.0 0.0 407.0 0.0 8505.0 24.0 1582.0 0.1283932501834189
44 40 37 0.0 0.0 35.0 0.0 812.0 7.0 2.0 0.49313138429024295
44 40 38 0.0 0.0 183.0 0.0 3733.0 18.0 116.0 0.23732836073910826
44 40 39 0.0 0.0 238.0 0.0 4757.0 18.0 225.0 0.20057306590257878
44 40 40 0.0 0.0 465.0 0.0 9033.0 27.0 1774.0 0.12195121951219509
44 40 41 0.0 0.0 121.0 0.0 2862.0 13.0 73.0 0.28163347415007034
44 40 42 0.0 0.0 373.0 0.0 7985.0 19.0 1184.0 0.13535724644687228
44 40 43 0.0 0.0 273.0 0.0 5731.0 21.0 383.0 0.17526289434151227
44 40 44 0.0 0.0 544.0 0.0 9470.0 23.0 1903.0 0.11666666666666665
44 40 45 0.0 0.0 0.0 0.0 18.0 0.0 0.0 0.6937561942517343
44 41 35 0.0 0.0 0.0 0.0 47.0 0.0 0.0 0.6839276990718123
44 41 36 0.0 0.0 12.0 0.0 321.0 6.0 0.0 0.6016330038676406
44 41 37 0.0 0.0 185.0 0.0 4286.0 22.0 162.0 0.2169869807811531
44 41 38 0.0 0.0 57.0 0.0 1503.0 11.0 11.0 0.3944773175542406
44 41 39 0.0 0.0 145.0 0.0 3199.0 25.0 87.0 0.2631578947368421
44 41 40 0.0 0.0 260.0 0.0 6144.0 13.0 550.0 0.1667659321024419
44 41 41 0.0 0.0 553.0 0.0 10514.0 22.0 3901.0 0.10714832389407622
44 41 42 0.0 0.0 254.0 0.0 5180.0 23.0 273.0 0.1888574126534466
44 41 43 0.0 0.0 12.0 0.0 345.0 1.0 1.0 0.5942275042444821
44 41 44 0.0 0.0 84.0 0.0 2003.0 11.0 26.0 0.34347399411187435
44 41 45 0.0 0.0 1.0 0.0 28.0 0.0 0.0 0.6899950714637751
44 42 35 0.0 0.0 0.0 0.0 25.0 0.0 0.0 0.6913580246913579
44 42 36 0.0 0.0 457.0 0.0 9350.0 27.0 2333.0 0.11873462810618267
44 42 37 0.0 0.0 9.0 0.0 359.0 3.0 0.0 0.5919661733615221
44 42 38 0.0 0.0 20.0 0.0 574.0 4.0 0.0 0.5407493240633449
44 42 39 0.0 0.0 94.0 0.0 2515.0 9.0 48.0 0.3043478260869565
44 42 40 0.0 0.0 160.0 0.0 3331.0 10.0 72.0 0.25542784163473814
44 42 41 0.0 0.0 47.0 0.0 1277.0 10.0 10.0 0.42219541616405304
44 42 42 0.0 0.0 7.0 0.0 298.0 2.0 0.0 0.60790273556231
44 42 43 0.0 0.0 2.0 0.0 55.0 0.0 0.0 0.6806028196402526
44 42 44 0.0 0.0 0.0 0.0 21.0 0.0 0.0 0.6927263730826323
44 42 45 0.0 0.0 1.0 0.0 8.0 0.0 0.0 0.6968641114982577
44 43 35 0.0 0.0 0.0 0.0 14.0 0.0 0.0 0.6951340615690167
44 43 36 0.0 0.0 0.0 0.0 32.0 0.0 0.0 0.6889763779527558
44 43 37 0.0 0.0 8.0 0.0 122.0 0.0 0.0 0.6575857209957726
44 43 38 0.0 0.0 0.0 0.0 34.0 1.0 0.0 0.6886374815543531
44 43 39 0.0 0.0 3.0 0.0 55.0 0.0 0.0 0.6802721088435373
44 43 40 0.0 0.0 2.0 0.0 63.0 1.0 0.0 0.6782945736434108
44 43 41 0.0 0.0 0.0 0.0 33.0 0.0 0.0 0.6886374815543531
44 43 42 0.0 0.0 56.0 0.0 1426.0 12.0 11.0 0.40345821325648407
44 43 43 0.0 0.0 0.0 0.0 3.0 0.0 0.0 0.6989515726410384
44 43 44 0.0 0.0 0.0 0.0 2.0 0.0 0.0 0.6993006993006992
44 44 37 0.0 0.0 0.0 0.0 2.0 0.0 0.0 0.6993006993006992
44 44 38 0.0 0.0 0.0 0.0 1.0 0.0 0.0 0.6996501749125437
44 44 39 0.0 0.0 0.0 0.0 4.0 0.0 0.0 0.6986027944111775
44 44 40 0.0 0.0 0.0 0.0 3.0 0.0 0.0 0.6989515726410384
44 44 41 0.0 0.0 5.0 0.0 23.0 2.0 0.0 0.6910167818361302
44 44 42 0.0 0.0 0.0 0.0 3.0 0.0 0.0 0.6989515726410384
45 35 41 0.0 0.0 0.0 0.0 1.0 0.0 0.0 0.6996501749125437
45 35 42 0.0 0.0 0.0 0.0 3.0 0.0 0.0 0.6989515726410384
45 36 39 0.0 0.0 0.0 0.0 2.0 0.0 0.0 0.6993006993006992
45 36 40 0.0 0.0 0.0 0.0 2.0 0.0 0.0 0.6993006993006992
45 36 41 0.0 0.0 1.0 0.0 20.0 0.0 0.0 0.6927263730826323
45 36 42 0.0 0.0 0.0 0.0 4.0 0.0 0.0 0.6986027944111775
45 36 43 0.0 0.0 0.0 0.0 1.0 0.0 0.0 0.6996501749125437
45 36 44 0.0 0.0 0.0 0.0 1.0 0.0 0.0 0.6996501749125437
45 37 37 0.0 0.0 0.0 0.0 1.0 0.0 0.0 0.6996501749125437
45 37 38 0.0 0.0 0.0 0.0 1.0 0.0 0.0 0.6996501749125437
45 37 39 0.0 0.0 2.0 0.0 35.0 0.0 0.0 0.6872852233676975
45 37 40 0.0 0.0 119.0 0.0 2245.0 16.0 21.0 0.32198712051517936
45 37 41 0.0 0.0 3.0 0.0 71.0 0.0 0.0 0.6753497346840327
45 37 42 0.0 0.0 118.0 0.0 2713.0 13.0 49.0 0.29039618336444717
45 37 43 0.0 0.0 0.0 0.0 16.0 0.0 0.0 0.6944444444444444
45 37 44 0.0 0.0 16.0 0.0 432.0 3.0 1.0 0.5725971370143148
45 38 37 0.0 0.0 0.0 0.0 4.0 0.0 0.0 0.6986027944111775
45 38 38 0.0 0.0 0.0 0.0 2.0 0.0 0.0 0.6993006993006992
45 38 39 0.0 0.0 0.0 0.0 11.0 0.0 0.0 0.6961710591745399
45 38 40 0.0 0.0 0.0 0.0 61.0 0.0 0.0 0.6792819019893255
45 38 41 0.0 0.0 22.0 0.0 387.0 3.0 2.0 0.5818786367414795
45 38 42 0.0 0.0 12.0 0.0 257.0 4.0 0.0 0.6183745583038868
45 38 43 0.0 0.0 56.0 0.0 1216.0 10.0 10.0 0.4290530186944529
45 38 44 0.0 0.0 0.0 0.0 3.0 0.0 0.0 0.6989515726410384
45 39 35 0.0 0.0 39.0 0.0 553.0 9.0 2.0 0.5420054200542004
45 39 36 0.0 0.0 0.0 0.0 13.0 0.0 0.0 0.695479384003974
45 39 37 0.0 0.0 7.0 0.0 181.0 1.0 0.0 0.6401463191586647
45 39 38 0.0 0.0 3.0 0.0 61.0 2.0 0.0 0.6789524733268669
45 39 39 0.0 0.0 0.0 0.0 34.0 0.0 0.0 0.6882989183874139
45 39 40 0.0 0.0 3.0 0.0 56.0 0.0 1.0 0.6799417192812044
45 39 41 0.0 0.0 26.0 0.0 613.0 5.0 0.0 0.5315110098709187
45 39 42 0.0 0.0 13.0 0.0 271.0 2.0 0.0 0.6134969325153373
45 39 43 0.0 0.0 8.0 0.0 143.0 1.0 0.0 0.6511627906976742
45 39 44 0.0 0.0 0.0 0.0 25.0 0.0 0.0 0.6913580246913579
45 39 45 0.0 0.0 0.0 0.0 18.0 0.0 0.0 0.6937561942517343
45 40 35 0.0 0.0 0.0 0.0 23.0 0.0 0.0 0.6920415224913494
45 40 36 0.0 0.0 0.0 0.0 29.0 0.0 0.0 0.690335305719921
45 40 37 0.0 0.0 24.0 0.0 722.0 6.0 6.0 0.510948905109489
45 40 38 0.0 0.0 0.0 0.0 10.0 0.0 0.0 0.6965174129353233
45 40 39 0.0 0.0 1.0 0.0 18.0 0.0 0.0 0.6934125804853887
45 40 40 0.0 0.0 3.0 0.0 128.0 0.0 0.0 0.6569685593618019
45 40 41 0.0 0.0 0.0 0.0 138.0 0.0 0.0 0.6551240056153486
45 40 42 0.0 0.0 110.0 0.0 2288.0 14.0 42.0 0.31934306569343063
45 40 43 0.0 0.0 0.0 0.0 37.0 0.0 0.0 0.6876227897838899
45 40 44 0.0 0.0 1.0 0.0 40.0 0.0 0.0 0.6859382655560998
45 40 45 0.0 0.0 117.0 0.0 2429.0 15.0 48.0 0.30891438658428944
45 41 35 0.0 0.0 0.0 0.0 38.0 0.0 0.0 0.6869479882237487
45 41 36 0.0 0.0 6.0 0.0 67.0 2.0 0.0 0.6763285024154588
45 41 37 0.0 0.0 0.0 0.0 41.0 0.0 0.0 0.6862745098039215
45 41 38 0.0 0.0 0.0 0.0 5.0 0.0 0.0 0.6982543640897755
45 41 39 0.0 0.0 9.0 0.0 398.0 3.0 1.0 0.5823627287853577
45 41 40 0.0 0.0 12.0 0.0 242.0 3.0 0.0 0.6219458018658373
45 41 41 0.0 0.0 14.0 0.0 277.0 1.0 1.0 0.6113537117903929
45 41 42 0.0 0.0 1.0 0.0 61.0 1.0 0.0 0.6796116504854368
45 41 43 0.0 0.0 25.0 0.0 586.0 6.0 0.0 0.5374280230326295
45 41 44 0.0 0.0 0.0 0.0 8.0 0.0 0.0 0.697211155378486
45 41 45 0.0 0.0 0.0 0.0 9.0 0.0 0.0 0.6968641114982577
45 42 35 0.0 0.0 0.0 0.0 15.0 0.0 0.0 0.694789081885856
45 42 36 0.0 0.0 48.0 0.0 1436.0 9.0 11.0 0.40287769784172656
45 42 37 0.0 0.0 0.0 0.0 13.0 0.0 0.0 0.695479384003974
45 42 38 0.0 0.0 0.0 0.0 4.0 0.0 0.0 0.6986027944111775
45 42 39 0.0 0.0 0.0 0.0 10.0 0.0 0.0 0.6965174129353233
45 42 40 0.0 0.0 0.0 0.0 31.0 0.0 0.0 0.6893156080748399
45 42 41 0.0 0.0 0.0 0.0 58.0 0.0 0.0 0.6802721088435373
45 42 42 0.0 0.0 29.0 0.0 735.0 8.0 3.0 0.5079825834542815
45 42 43 0.0 0.0 0.0 0.0 3.0 0.0 0.0 0.6989515726410384
45 43 35 0.0 0.0 2.0 0.0 85.0 0.0 0.0 0.670819357930043
45 43 36 0.0 0.0 0.0 0.0 16.0 0.0 0.0 0.6944444444444444
45 43 37 0.0 0.0 84.0 0.0 1666.0 16.0 12.0 0.37493304767005886
45 43 38 0.0 0.0 0.0 0.0 2.0 0.0 0.0 0.6993006993006992
45 43 40 0.0 0.0 0.0 0.0 3.0 0.0 0.0 0.6989515726410384
45 43 41 0.0 0.0 0.0 0.0 2.0 0.0 0.0 0.6993006993006992
45 44 37 0.0 0.0 0.0 0.0 1.0 0.0 0.0 0.6996501749125437
45 44 42 0.0 0.0 0.0 0.0 1.0 0.0 0.0 0.6996501749125437
46 36 41 0.0 0.0 0.0 0.0 1.0 0.0 0.0 0.6996501749125437
46 36 43 0.0 0.0 0.0 0.0 1.0 0.0 0.0 0.6996501749125437
46 37 41 0.0 0.0 0.0 0.0 1.0 0.0 0.0 0.6996501749125437
46 37 42 0.0 0.0 0.0 0.0 1.0 0.0 0.0 0.6996501749125437
46 38 40 0.0 0.0 0.0 0.0 1.0 0.0 0.0 0.6996501749125437
46 38 42 0.0 0.0 0.0 0.0 1.0 0.0 0.0 0.6996501749125437
46 39 37 0.0 0.0 0.0 0.0 1.0 0.0 0.0 0.6996501749125437
46 39 41 0.0 0.0 0.0 0.0 1.0 0.0 0.0 0.6996501749125437
46 39 45 0.0 0.0 0.0 0.0 1.0 0.0 0.0 0.6996501749125437
46 40 35 0.0 0.0 0.0 0.0 1.0 0.0 0.0 0.6996501749125437
46 40 44 0.0 0.0 0.0 0.0 1.0 0.0 0.0 0.0
46 41 36 0.0 0.0 0.0 0.0 1.0 0.0 0.0 0.6996501749125437
46 41 41 0.0 0.0 1.0 0.0 4.0 1.0 0.0 0.6986027944111775
46 41 42 0.0 0.0 0.0 0.0 1.0 0.0 0.0 0.6996501749125437
46 41 46 0.0 0.0 0.0 0.0 1.0 0.0 0.0 0.6996501749125437
46 43 35 0.0 0.0 0.0 0.0 1.0 0.0 0.0 0.6996501749125437
46 43 37 0.0 0.0 0.0 0.0 1.0 0.0 0.0 0.6996501749125437
46 43 38 0.0 0.0 0.0 0.0 1.0 0.0 0.0 0.6996501749125437
