35 39 38 0.0 0.0 0.0 0.0 1.0 0.0 0.0 0.6996501749125437
35 40 38 0.0 0.0 0.0 0.0 3.0 0.0 0.0 0.6989515726410384
35 40 39 0.0 0.0 0.0 0.0 3.0 0.0 0.0 0.6989515726410384
35 40 40 0.0 0.0 0.0 0.0 3.0 0.0 0.0 0.6993006993006992
35 41 40 0.0 0.0 0.0 0.0 1.0 0.0 0.0 0.6996501749125437
36 36 39 0.0 0.0 0.0 0.0 5.0 0.0 0.0 0.6982543640897755
36 36 40 0.0 0.0 0.0 0.0 1.0 0.0 0.0 0.6996501749125437
36 36 41 0.0 0.0 0.0 0.0 1.0 0.0 0.0 0.6996501749125437
36 37 39 0.0 0.0 0.0 0.0 1.0 0.0 0.0 0.6996501749125437
36 37 40 0.0 0.0 0.0 0.0 2.0 0.0 0.0 0.6993006993006992
36 37 41 0.0 0.0 0.0 0.0 2.0 0.0 0.0 0.6993006993006992
36 38 38 0.0 0.0 0.0 0.0 2.0 0.0 0.0 0.6993006993006992
36 38 39 0.0 0.0 0.0 0.0 3.0 0.0 0.0 0.6989515726410384
36 38 40 0.0 0.0 20.0 0.0 462.0 5.0 1.0 0.5651998385143318
36 38 41 0.0 0.0 0.0 0.0 2.0 0.0 0.0 0.6993006993006992
36 38 42 0.0 0.0 0.0 0.0 1.0 0.0 0.0 0.6996501749125437
36 39 37 0.0 0.0 0.0 0.0 1.0 0.0 0.0 0.6996501749125437
36 39 38 0.0 0.0 0.0 0.0 21.0 0.0 0.0 0.6927263730826323
36 39 39 0.0 0.0 36.0 0.0 961.0 9.0 3.0 0.46838407494145196
36 39 40 0.0 0.0 5.0 0.0 67.0 3.0 0.0 0.6766553890768486
36 39 41 0.0 0.0 0.0 0.0 1.0 0.0 0.0 0.6996501749125437
36 40 37 0.0 0.0 0.0 0.0 5.0 0.0 0.0 0.6982543640897755
36 40 38 0.0 0.0 84.0 0.0 1891.0 13.0 27.0 0.3533568904593639
36 40 39 0.0 0.0 34.0 0.0 909.0 14.0 5.0 0.47781569965870296
36 40 40 0.0 0.0 0.0 0.0 18.0 0.0 0.0 0.6937561942517343
36 40 41 0.0 0.0 0.0 0.0 4.0 0.0 0.0 0.6986027944111775
36 41 37 0.0 0.0 0.0 0.0 1.0 0.0 0.0 0.6996501749125437
36 41 38 0.0 0.0 31.0 0.0 640.0 5.0 1.0 0.5251312828207051
36 41 39 0.0 0.0 0.0 0.0 21.0 0.0 0.0 0.6927263730826323
36 41 40 0.0 0.0 5.0 0.0 260.0 1.0 1.0 0.6183745583038868
36 41 41 0.0 0.0 0.0 0.0 15.0 0.0 0.0 0.694789081885856
36 41 42 0.0 0.0 0.0 0.0 1.0 0.0 0.0 0.6996501749125437
36 41 43 0.0 0.0 0.0 0.0 1.0 0.0 0.0 0.6996501749125437
36 42 38 0.0 0.0 2.0 0.0 9.0 2.0 0.0 0.6968641114982577
36 42 39 0.0 0.0 0.0 0.0 5.0 0.0 0.0 0.6982543640897755
36 42 40 0.0 0.0 1.0 0.0 8.0 0.0 0.0 0.6968641114982577
36 42 41 0.0 0.0 0.0 0.0 10.0 0.0 0.0 0.6965174129353233
36 42 42 0.0 0.0 0.0 0.0 2.0 0.0 0.0 0.6993006993006992
36 42 43 0.0 0.0 0.0 0.0 1.0 0.0 0.0 0.0
36 43 39 0.0 0.0 0.0 0.0 14.0 0.0 0.0 0.6951340615690167
36 43 40 0.0 0.0 0.0 0.0 3.0 0.0 0.0 0.6989515726410384
36 43 41 0.0 0.0 0.0 0.0 2.0 0.0 0.0 0.6993006993006992
36 44 39 0.0 0.0 0.0 0.0 2.0 0.0 0.0 0.6993006993006992
37 36 39 0.0 0.0 0.0 0.0 3.0 0.0 0.0 0.6989515726410384
37 36 40 0.0 0.0 0.0 0.0 7.0 0.0 0.0 0.6975585450921773
37 36 41 0.0 0.0 0.0 0.0 9.0 0.0 0.0 0.6968641114982577
37 37 37 0.0 0.0 0.0 0.0 4.0 0.0 0.0 0.6986027944111775
37 37 38 0.0 0.0 0.0 0.0 15.0 1.0 0.0 0.6951340615690167
37 37 39 0.0 0.0 25.0 0.0 426.0 7.0 0.0 0.5728314238952537
37 37 40 0.0 0.0 169.0 0.0 3926.0 15.0 149.0 0.23011176857330698
37 37 41 0.0 0.0 12.0 0.0 213.0 3.0 0.0 0.63006300630063
37 37 42 0.0 0.0 0.0 0.0 9.0 0.0 0.0 0.6968641114982577
37 38 37 0.0 0.0 0.0 0.0 27.0 0.0 0.0 0.6906758756783422
37 38 38 0.0 0.0 17.0 0.0 532.0 6.0 2.0 0.5505308690523003
37 38 39 0.0 0.0 5.0 0.0 241.0 3.0 1.0 0.6241640659830583
37 38 40 0.0 0.0 2.0 0.0 205.0 3.0 0.0 0.6352087114337567
37 38 41 0.0 0.0 65.0 0.0 1621.0 26.0 25.0 0.3825136612021858
37 38 42 0.0 0.0 0.0 0.0 99.0 0.0 0.0 0.6669842782277274
37 38 43 0.0 0.0 0.0 0.0 6.0 0.0 0.0 0.6979062811565303
37 39 37 0.0 0.0 4.0 0.0 94.0 0.0 0.0 0.6673021925643469
37 39 38 0.0 0.0 49.0 0.0 1317.0 9.0 9.0 0.4169148302561048
37 39 39 0.0 0.0 158.0 0.0 3511.0 15.0 106.0 0.24752475247524747
37 39 40 0.0 0.0 79.0 0.0 1837.0 11.0 23.0 0.35851472471190776
37 39 41 0.0 0.0 56.0 0.0 1598.0 5.0 12.0 0.3836667580158947
37 39 42 0.0 0.0 0.0 0.0 85.0 0.0 0.0 0.6717850287907868
37 39 43 0.0 0.0 0.0 0.0 14.0 0.0 0.0 0.6951340615690167
37 40 37 0.0 0.0 0.0 0.0 26.0 0.0 0.0 0.6910167818361302
37 40 38 0.0 0.0 15.0 0.0 503.0 3.0 0.0 0.5568814638027048
37 40 39 0.0 0.0 465.0 0.0 8970.0 30.0 1887.0 0.12268863377442817
37 40 40 0.0 0.0 202.0 0.0 5042.0 19.0 285.0 0.1937984496124031
37 40 41 0.0 0.0 153.0 0.0 3553.0 32.0 97.0 0.24673951357067322
37 40 42 0.0 0.0 3.0 0.0 88.0 0.0 0.0 0.6698564593301434
37 40 43 0.0 0.0 0.0 0.0 8.0 0.0 0.0 0.697211155378486
37 41 37 0.0 0.0 1.0 0.0 27.0 0.0 0.0 0.690335305719921
37 41 38 0.0 0.0 7.0 0.0 373.0 2.0 1.0 0.5887300252312867
37 41 39 0.0 0.0 132.0 0.0 3699.0 9.0 149.0 0.24042589730379527
37 41 40 0.0 0.0 80.0 0.0 1823.0 5.0 29.0 0.3590664272890484
37 41 41 0.0 0.0 59.0 0.0 2024.0 13.0 26.0 0.34398034398034394
37 41 42 0.0 0.0 1.0 0.0 103.0 0.0 0.0 0.6653992395437262
37 41 43 0.0 0.0 0.0 0.0 15.0 0.0 0.0 0.694789081885856
37 42 37 0.0 0.0 0.0 0.0 1.0 0.0 0.0 0.6996501749125437
37 42 38 0.0 0.0 0.0 0.0 110.0 2.0 0.0 0.6644518272425248
37 42 39 0.0 0.0 116.0 0.0 3152.0 17.0 110.0 0.2666158826890116
37 42 40 0.0 0.0 328.0 0.0 6422.0 22.0 545.0 0.16044006417602566
37 42 41 0.0 0.0 74.0 0.0 1957.0 7.0 20.0 0.34791252485089463
37 42 42 0.0 0.0 100.0 0.0 2077.0 12.0 22.0 0.3360537686029764
37 42 43 0.0 0.0 0.0 0.0 3.0 0.0 0.0 0.6993006993006992
37 43 37 0.0 0.0 0.0 0.0 2.0 0.0 0.0 0.6993006993006992
37 43 38 0.0 0.0 27.0 0.0 647.0 9.0 4.0 0.5253283302063789
37 43 39 0.0 0.0 89.0 0.0 2132.0 17.0 20.0 0.33301617507136055
37 43 40 0.0 0.0 51.0 0.0 1168.0 8.0 7.0 0.4360012457178449
37 43 41 0.0 0.0 14.0 0.0 262.0 3.0 0.0 0.6161971830985915
37 43 42 0.0 0.0 0.0 0.0 29.0 0.0 0.0 0.6899950714637751
37 44 39 0.0 0.0 0.0 0.0 2.0 0.0 0.0 0.6993006993006992
37 44 40 0.0 0.0 0.0 0.0 2.0 0.0 0.0 0.6993006993006992
37 44 41 0.0 0.0 1.0 0.0 5.0 1.0 0.0 0.6982543640897755
37 44 42 0.0 0.0 0.0 0.0 1.0 0.0 0.0 0.6996501749125437
38 36 36 0.0 0.0 0.0 0.0 1.0 0.0 0.0 0.6996501749125437
38 36 38 0.0 0.0 0.0 0.0 1.0 0.0 0.0 0.6996501749125437
38 36 39 0.0 0.0 0.0 0.0 2.0 0.0 0.0 0.6993006993006992
38 36 40 0.0 0.0 0.0 0.0 14.0 0.0 0.0 0.6951340615690167
38 36 41 0.0 0.0 0.0 0.0 47.0 0.0 0.0 0.6842619745845552
38 36 42 0.0 0.0 0.0 0.0 13.0 0.0 0.0 0.695479384003974
38 36 43 0.0 0.0 0.0 0.0 2.0 0.0 0.0 0.6993006993006992
38 37 36 0.0 0.0 0.0 0.0 9.0 0.0 0.0 0.6968641114982577
38 37 37 0.0 0.0 0.0 0.0 15.0 0.0 0.0 0.694789081885856
38 37 38 0.0 0.0 23.0 0.0 324.0 6.0 0.0 0.5982905982905982
38 37 39 0.0 0.0 1.0 0.0 286.0 2.0 1.0 0.612691466083151
38 37 40 0.0 0.0 167.0 0.0 3577.0 17.0 92.0 0.24445608521040682
38 37 41 0.0 0.0 28.0 0.0 727.0 7.0 3.0 0.5098324836125272
38 37 42 0.0 0.0 132.0 0.0 3104.0 19.0 59.0 0.2683534598428215
38 37 43 0.0 0.0 36.0 0.0 700.0 7.0 1.0 0.5130084279956026
38 37 44 0.0 0.0 0.0 0.0 1.0 0.0 0.0 0.6996501749125437
38 38 36 0.0 0.0 0.0 0.0 4.0 0.0 0.0 0.6986027944111775
38 38 37 0.0 0.0 1.0 0.0 82.0 1.0 0.0 0.6724303554274734
38 38 38 0.0 0.0 255.0 0.0 6042.0 18.0 501.0 0.16906170752324595
38 38 39 0.0 0.0 330.0 0.0 7048.0 20.0 781.0 0.1495406964323862
38 38 40 0.0 0.0 588.0 0.0 10334.0 29.0 3027.0 0.10849349039057656
38 38 41 0.0 0.0 470.0 0.0 9200.0 26.0 1863.0 0.12013042732109146
38 38 42 0.0 0.0 189.0 0.0 3777.0 21.0 139.0 0.23545240497813652
38 38 43 0.0 0.0 0.0 0.0 36.0 0.0 0.0 0.6876227897838899
38 38 44 0.0 0.0 0.0 0.0 3.0 0.0 0.0 0.6989515726410384
38 39 36 0.0 0.0 0.0 0.0 14.0 0.0 0.0 0.6951340615690167
38 39 37 0.0 0.0 18.0 0.0 439.0 6.0 2.0 0.5714285714285713
38 39 38 0.0 0.0 486.0 0.0 9294.0 24.0 2101.0 0.11902737629654818
38 39 39 0.0 0.0 763.0 0.0 11817.0 33.0 6536.0 0.09609444711373463
38 39 40 0.0 0.0 772.0 0.0 11707.0 39.0 5344.0 0.09684560044272274
38 39 41 0.0 0.0 634.0 0.0 10885.0 27.0 4489.0 0.10359627053426076
38 39 42 0.0 0.0 203.0 0.0 5214.0 21.0 335.0 0.18924033522573666
38 39 43 0.0 0.0 129.0 0.0 2651.0 16.0 36.0 0.29380902413431265
38 39 44 0.0 0.0 0.0 0.0 4.0 0.0 0.0 0.6986027944111775
38 40 35 0.0 0.0 0.0 0.0 1.0 0.0 0.0 0.6996501749125437
38 40 37 0.0 0.0 23.0 0.0 438.0 7.0 0.0 0.5704971475142624
38 40 38 0.0 0.0 494.0 0.0 9436.0 31.0 1994.0 0.11753840987322642
38 40 39 0.0 0.0 1113.0 0.0 12881.0 33.0 11209.0 0.08752188047011751
38 40 40 0.0 0.0 899.0 0.0 12221.0 32.0 8131.0 0.09264160931709897
38 40 41 0.0 0.0 426.0 0.0 9036.0 18.0 1943.0 0.12216404886561952
38 40 42 0.0 0.0 414.0 0.0 8416.0 14.0 1425.0 0.12933025404157042
38 40 43 0.0 0.0 18.0 0.0 410.0 2.0 1.0 0.5770816158285242
38 40 44 0.0 0.0 0.0 0.0 3.0 0.0 0.0 0.6989515726410384
38 41 36 0.0 0.0 0.0 0.0 1.0 0.0 0.0 0.6996501749125437
38 41 37 0.0 0.0 9.0 0.0 321.0 4.0 0.0 0.6018916595012896
38 41 38 0.0 0.0 296.0 0.0 6385.0 20.0 625.0 0.16156953260242352
38 41 39 0.0 0.0 784.0 0.0 11788.0 30.0 7252.0 0.09611423863792391
38 41 40 0.0 0.0 959.0 0.0 12555.0 31.0 7975.0 0.09030510223827645
38 41 41 0.0 0.0 566.0 0.0 9773.0 23.0 2381.0 0.11359948068808828
38 41 42 0.0 0.0 170.0 0.0 3118.0 23.0 82.0 0.2659069325735992
38 41 43 0.0 0.0 0.0 0.0 31.0 0.0 0.0 0.6893156080748399
38 41 44 0.0 0.0 0.0 0.0 3.0 0.0 0.0 0.6989515726410384
38 42 37 0.0 0.0 3.0 0.0 63.0 0.0 0.0 0.6776379477250725
38 42 38 0.0 0.0 253.0 0.0 5568.0 27.0 390.0 0.17960230917254646
38 42 39 0.0 0.0 590.0 0.0 10570.0 28.0 3887.0 0.10642341315089318
38 42 40 0.0 0.0 515.0 0.0 9807.0 28.0 2683.0 0.11372867587327375
38 42 41 0.0 0.0 724.0 0.0 11307.0 33.0 4371.0 0.09995002498750623
38 42 42 0.0 0.0 113.0 0.0 2328.0 18.0 37.0 0.3164556962025316
38 42 43 0.0 0.0 0.0 0.0 9.0 0.0 0.0 0.6968641114982577
38 43 37 0.0 0.0 2.0 0.0 52.0 1.0 0.0 0.6819288845591815
38 43 38 0.0 0.0 53.0 0.0 1149.0 9.0 6.0 0.43845912934544307
38 43 39 0.0 0.0 39.0 0.0 873.0 5.0 3.0 0.48159614723082206
38 43 40 0.0 0.0 179.0 0.0 4327.0 22.0 182.0 0.21584952204748686
38 43 41 0.0 0.0 106.0 0.0 2393.0 14.0 39.0 0.3120124804992199
38 43 42 0.0 0.0 11.0 0.0 272.0 3.0 0.0 0.6143045195261079
38 43 43 0.0 0.0 0.0 0.0 3.0 0.0 0.0 0.6989515726410384
38 44 38 0.0 0.0 0.0 0.0 6.0 0.0 0.0 0.6979062811565303
38 44 39 0.0 0.0 0.0 0.0 20.0 0.0 0.0 0.6930693069306929
38 44 40 0.0 0.0 3.0 0.0 94.0 1.0 0.0 0.6679389312977099
38 44 41 0.0 0.0 5.0 0.0 90.0 1.0 0.0 0.6685768863419292
38 44 42 0.0 0.0 0.0 0.0 3.0 0.0 0.0 0.6989515726410384
39 36 37 0.0 0.0 0.0 0.0 16.0 0.0 0.0 0.6944444444444444
39 36 38 0.0 0.0 1.0 0.0 11.0 1.0 0.0 0.6961710591745399
39 36 39 0.0 0.0 0.0 0.0 9.0 0.0 0.0 0.6968641114982577
39 36 40 0.0 0.0 1.0 0.0 69.0 0.0 0.0 0.6763285024154588
39 36 41 0.0 0.0 13.0 0.0 367.0 2.0 1.0 0.5887300252312867
39 36 42 0.0 0.0 1.0 0.0 52.0 1.0 0.0 0.6829268292682925
39 36 43 0.0 0.0 0.0 0.0 4.0 0.0 0.0 0.6986027944111775
39 37 36 0.0 0.0 0.0 0.0 4.0 0.0 0.0 0.6986027944111775
39 37 37 0.0 0.0 109.0 0.0 2177.0 11.0 35.0 0.3273322422258592
39 37 38 0.0 0.0 70.0 0.0 1713.0 11.0 13.0 0.3711558854718982
39 37 39 0.0 0.0 25.0 0.0 766.0 9.0 4.0 0.5034160373966199
39 37 40 0.0 0.0 255.0 0.0 5680.0 20.0 398.0 0.17683465959328024
39 37 41 0.0 0.0 525.0 0.0 9408.0 28.0 1945.0 0.11750881316098706
39 37 42 0.0 0.0 310.0 0.0 6242.0 22.0 523.0 0.1641073731098347
39 37 43 0.0 0.0 5.0 0.0 278.0 2.0 1.0 0.6137658921525645
39 37 44 0.0 0.0 0.0 0.0 1.0 0.0 0.0 0.6996501749125437
39 38 36 0.0 0.0 2.0 0.0 58.0 1.0 0.0 0.6799417192812044
39 38 37 0.0 0.0 293.0 0.0 6973.0 19.0 893.0 0.1513349908118041
39 38 38 0.0 0.0 310.0 0.0 6513.0 23.0 555.0 0.1590186278964107
39 38 39 0.0 0.0 533.0 0.0 9873.0 26.0 2538.0 0.1129761136216914
39 38 40 0.0 0.0 1067.0 0.0 12731.0 34.0 10827.0 0.08861320336730172
39 38 41 0.0 0.0 857.0 0.0 12146.0 29.0 7480.0 0.09330845107971207
39 38 42 0.0 0.0 281.0 0.0 6739.0 17.0 732.0 0.15545192094159446
39 38 43 0.0 0.0 7.0 0.0 207.0 0.0 0.0 0.6323396567299006
39 38 44 0.0 0.0 67.0 0.0 1325.0 9.0 9.0 0.4137115839243498
39 39 36 0.0 0.0 15.0 0.0 379.0 3.0 1.0 0.5855290673358426
39 39 37 0.0 0.0 281.0 0.0 5415.0 23.0 314.0 0.1823866597186034
39 39 38 0.0 0.0 606.0 0.0 10378.0 30.0 2988.0 0.10795805058605798
39 39 39 0.0 0.0 1195.0 3.0 12515.0 44.0 15070.0 0.08911521323997454
39 39 40 0.0 0.0 1934.0 0.0 12085.0 63.0 31589.0 0.08743988507900817
39 39 41 0.0 0.0 1527.0 0.0 12517.0 45.0 21503.0 0.08723828514456629
39 39 42 0.0 0.0 369.0 0.0 7868.0 21.0 1070.0 0.13699970642920048
39 39 43 0.0 0.0 46.0 0.0 1214.0 15.0 11.0 0.4314329738058551
39 39 44 0.0 0.0 0.0 0.0 3.0 0.0 0.0 0.6989515726410384
39 40 36 0.0 0.0 0.0 0.0 30.0 0.0 0.0 0.689655172413793
39 40 37 0.0 0.0 99.0 0.0 2548.0 12.0 59.0 0.30211480362537757
39 40 38 0.0 0.0 778.0 0.0 11878.0 32.0 6305.0 0.09564148107664981
39 40 39 2.0 0.0 2047.0 0.0 11584.0 53.0 36230.0 0.08954842011001661
39 40 40 1.0 0.0 1537.0 1.0 12449.0 35.0 22815.0 0.08757662955085699
39 40 41 1.0 0.0 974.0 0.0 12472.0 30.0 10685.0 0.09065009065009064
39 40 42 0.0 0.0 537.0 0.0 9801.0 27.0 2579.0 0.11358104819081616
39 40 43 0.0 0.0 4.0 0.0 198.0 1.0 0.0 0.6363636363636362
39 40 44 0.0 0.0 0.0 0.0 12.0 0.0 0.0 0.6958250497017892
39 41 36 0.0 0.0 0.0 0.0 9.0 0.0 0.0 0.6968641114982577
39 41 37 0.0 0.0 104.0 0.0 2579.0 27.0 51.0 0.30055817947617
39 41 38 0.0 0.0 569.0 0.0 10141.0 31.0 2647.0 0.11029701410226107
39 41 39 0.0 0.0 1369.0 0.0 13014.0 29.0 16272.0 0.08544400366188586
39 41 40 0.0 0.0 1582.0 1.0 12471.0 45.0 23131.0 0.08722741433021806
39 41 41 0.0 0.0 1323.0 0.0 12764.0 39.0 17149.0 0.08701597364659083
39 41 42 0.0 0.0 334.0 0.0 7447.0 23.0 901.0 0.14344262295081966
39 41 43 0.0 0.0 241.0 0.0 4863.0 20.0 247.0 0.1976005645730416
39 41 44 0.0 0.0 0.0 0.0 10.0 0.0 0.0 0.6965174129353233
39 42 36 0.0 0.0 0.0 0.0 14.0 0.0 0.0 0.6951340615690167
39 42 37 0.0 0.0 50.0 0.0 1217.0 11.0 8.0 0.42984341418483263
39 42 38 0.0 0.0 415.0 0.0 7798.0 30.0 1035.0 0.13736263736263735
39 42 39 0.0 0.0 400.0 1.0 8406.0 21.0 1598.0 0.12968967114404814
39 42 40 0.0 0.0 711.0 0.0 11376.0 23.0 5343.0 0.09944594402614007
39 42 41 0.0 0.0 420.0 0.0 8874.0 26.0 1898.0 0.12415750266051788
39 42 42 0.0 0.0 124.0 0.0 3415.0 10.0 162.0 0.2530730296456977
39 42 43 0.0 0.0 0.0 0.0 34.0 0.0 0.0 0.6882989183874139
39 42 44 0.0 0.0 0.0 0.0 9.0 0.0 0.0 0.6968641114982577
39 43 36 0.0 0.0 0.0 0.0 1.0 0.0 0.0 0.6996501749125437
39 43 37 0.0 0.0 0.0 0.0 12.0 0.0 0.0 0.6958250497017892
39 43 38 0.0 0.0 15.0 0.0 447.0 3.0 1.0 0.5691056910569106
39 43 39 0.0 0.0 180.0 0.0 4038.0 17.0 161.0 0.22566086395873625
39 43 40 0.0 0.0 469.0 0.0 8824.0 14.0 1619.0 0.1240804750509616
39 43 41 0.0 0.0 57.0 0.0 1436.0 11.0 11.0 0.4021832806664751
39 43 42 0.0 0.0 175.0 0.0 3978.0 16.0 120.0 0.2280501710376282
39 43 43 0.0 0.0 0.0 0.0 3.0 0.0 0.0 0.6989515726410384
39 44 38 0.0 0.0 0.0 0.0 8.0 0.0 0.0 0.697211155378486
39 44 39 0.0 0.0 17.0 0.0 369.0 4.0 2.0 0.5877413937867337
39 44 40 0.0 0.0 16.0 0.0 262.0 2.0 0.0 0.6151142355008786
39 44 41 0.0 0.0 124.0 0.0 2934.0 14.0 68.0 0.27750247770069375
39 44 42 0.0 0.0 16.0 0.0 467.0 6.0 1.0 0.5651998385143318
39 44 43 0.0 0.0 0.0 0.0 2.0 0.0 0.0 0.6993006993006992
39 45 41 0.0 0.0 0.0 0.0 1.0 0.0 0.0 0.6996501749125437
40 35 39 0.0 0.0 0.0 0.0 1.0 0.0 0.0 0.6996501749125437
40 35 40 0.0 0.0 0.0 0.0 1.0 0.0 0.0 0.6996501749125437
40 36 36 0.0 0.0 0.0 0.0 1.0 0.0 0.0 0.6996501749125437
40 36 37 0.0 0.0 0.0 0.0 2.0 0.0 0.0 0.6993006993006992
40 36 38 0.0 0.0 2.0 0.0 82.0 1.0 0.0 0.6721075372059528
40 36 39 0.0 0.0 9.0 0.0 148.0 3.0 0.0 0.649953574744661
40 36 40 0.0 0.0 3.0 0.0 100.0 0.0 0.0 0.6660323501427211
40 36 41 0.0 0.0 19.0 0.0 786.0 4.0 5.0 0.49982149232416984
40 36 42 0.0 0.0 2.0 0.0 36.0 0.0 0.0 0.6869479882237487
40 36 43 0.0 0.0 0.0 0.0 7.0 0.0 0.0 0.6975585450921773
40 37 36 0.0 0.0 0.0 0.0 5.0 0.0 0.0 0.6982543640897755
40 37 37 0.0 0.0 8.0 0.0 190.0 2.0 0.0 0.6375227686703095
40 37 38 0.0 0.0 303.0 0.0 6218.0 14.0 536.0 0.1645123384253819
40 37 39 0.0 0.0 137.0 0.0 2777.0 15.0 43.0 0.2857726066544192
40 37 40 0.0 0.0 156.0 0.0 3705.0 10.0 125.0 0.2392344497607655
40 37 41 0.0 0.0 421.0 0.0 8620.0 22.0 1652.0 0.12688055102410728
40 37 42 0.0 0.0 169.0 0.0 3292.0 18.0 77.0 0.25716385011021303
40 37 43 0.0 0.0 30.0 0.0 713.0 4.0 3.0 0.511135450894487
40 37 44 0.0 0.0 1.0 0.0 40.0 0.0 0.0 0.6859382655560998
40 38 36 0.0 0.0 0.0 0.0 19.0 0.0 0.0 0.6934125804853887
40 38 37 0.0 0.0 15.0 0.0 490.0 4.0 3.0 0.5597760895641744
40 38 38 0.0 0.0 847.0 0.0 12175.0 32.0 8332.0 0.09321526066981822
40 38 39 0.0 0.0 419.0 0.0 8280.0 30.0 1296.0 0.13111069488668287
40 38 40 1.0 0.0 778.0 0.0 11885.0 28.0 6164.0 0.09554357469460177
40 38 41 0.0 0.0 852.0 0.0 12194.0 33.0 7347.0 0.09311606252078482
40 38 42 0.0 0.0 929.0 0.0 12422.0 30.0 7578.0 0.09121709669012248
40 38 43 0.0 0.0 194.0 0.0 5037.0 15.0 331.0 0.19390581717451522
40 38 44 0.0 0.0 0.0 0.0 27.0 0.0 0.0 0.6906758756783422
40 39 36 0.0 0.0 8.0 0.0 180.0 3.0 0.0 0.6407322654462241
40 39 37 0.0 0.0 145.0 0.0 3638.0 10.0 115.0 0.24250822795773425
40 39 38 0.0 0.0 559.0 0.0 10273.0 21.0 3094.0 0.10917030567685589
40 39 39 0.0 0.0 1481.0 1.0 12319.0 51.0 22337.0 0.0886580963840162
40 39 40 0.0 0.0 1800.0 1.0 12633.0 54.0 25618.0 0.08520479581279289
40 39 41 0.0 0.0 1872.0 1.0 12186.0 46.0 29419.0 0.08715682002116665
40 39 42 0.0 0.0 864.0 0.0 12243.0 27.0 6036.0 0.09267840593141798
40 39 43 0.0 0.0 250.0 0.0 5973.0 18.0 497.0 0.1705860850493481
40 39 44 0.0 0.0 0.0 0.0 28.0 0.0 0.0 0.690335305719921
40 40 36 0.0 0.0 65.0 0.0 1276.0 11.0 7.0 0.4204204204204203
40 40 37 0.0 0.0 435.0 0.0 9063.0 19.0 2095.0 0.12190874259839775
40 40 38 0.0 0.0 654.0 0.0 10993.0 21.0 4382.0 0.10262424864389384
40 40 39 1.0 0.0 1230.0 0.0 12883.0 37.0 15866.0 0.086848635235732
40 40 40 8.0 9.0 3138.0 19.0 8642.0 69.0 73012.0 0.10131712259371833
40 40 41 0.0 0.0 1155.0 2.0 12742.0 38.0 14132.0 0.08806139136998363
40 40 42 0.0 0.0 551.0 0.0 10065.0 26.0 3093.0 0.11109347722583716
40 40 43 0.0 0.0 78.0 0.0 2401.0 8.0 34.0 0.31312905390292994
40 40 44 0.0 0.0 0.0 0.0 25.0 1.0 0.0 0.6920415224913494
40 41 35 0.0 0.0 0.0 0.0 1.0 0.0 0.0 0.6996501749125437
40 41 36 0.0 0.0 5.0 0.0 144.0 0.0 0.0 0.6514657980456026
40 41 37 0.0 0.0 368.0 0.0 7534.0 16.0 1028.0 0.1416000809143319
40 41 38 0.0 0.0 892.0 0.0 12317.0 29.0 7114.0 0.09213557091148403
40 41 39 0.0 0.0 1214.0 3.0 13137.0 37.0 13022.0 0.08564262555820638
40 41 40 0.0 4.0 1403.0 24.0 12822.0 41.0 18834.0 0.08621751447222563
40 41 41 0.0 0.0 1489.0 0.0 12573.0 48.0 20044.0 0.08723284939871642
40 41 42 0.0 0.0 429.0 0.0 8081.0 29.0 1232.0 0.13349861733574903
40 41 43 0.0 0.0 220.0 0.0 5301.0 25.0 335.0 0.18666666666666665
40 41 44 0.0 0.0 0.0 0.0 20.0 0.0 0.0 0.6930693069306929
40 42 35 0.0 0.0 0.0 0.0 1.0 0.0 0.0 0.6996501749125437
40 42 36 0.0 0.0 103.0 0.0 1816.0 21.0 9.0 0.3591585428424833
40 42 37 0.0 0.0 101.0 0.0 2687.0 13.0 69.0 0.2930709650408206
40 42 38 0.0 0.0 306.0 0.0 6559.0 20.0 636.0 0.1581920903954802
40 42 39 0.0 0.0 942.0 0.0 12273.0 34.0 10670.0 0.09206286578549351
40 42 40 0.0 0.0 474.0 3.0 8937.0 30.0 1880.0 0.12285012285012284
40 42 41 0.0 0.0 840.0 0.0 12233.0 33.0 6472.0 0.09293063391968137
40 42 42 0.0 0.0 155.0 0.0 3510.0 13.0 111.0 0.2476999292285916
40 42 43 0.0 0.0 9.0 0.0 201.0 2.0 0.0 0.6340579710144926
40 42 44 0.0 0.0 8.0 0.0 264.0 0.0 0.0 0.6161971830985915
40 43 36 0.0 0.0 0.0 0.0 1.0 0.0 0.0 0.6996501749125437
40 43 37 0.0 0.0 5.0 0.0 137.0 3.0 0.0 0.6545114539504441
40 43 38 0.0 0.0 3.0 0.0 156.0 0.0 0.0 0.6487488415199257
40 43 39 0.0 0.0 211.0 0.0 4353.0 17.0 181.0 0.21374045801526714
40 43 40 0.0 0.0 392.0 0.0 7741.0 24.0 993.0 0.13847675568743814
40 43 41 0.0 0.0 134.0 0.0 2914.0 15.0 48.0 0.27810885975367494
40 43 42 0.0 0.0 22.0 0.0 555.0 4.0 1.0 0.544111931597357
40 43 43 0.0 0.0 0.0 0.0 14.0 0.0 0.0 0.6951340615690167
40 44 37 0.0 0.0 0.0 0.0 1.0 0.0 0.0 0.0
40 44 38 0.0 0.0 0.0 0.0 3.0 0.0 0.0 0.6989515726410384
40 44 39 0.0 0.0 18.0 0.0 368.0 2.0 0.0 0.587248322147651
40 44 40 0.0 0.0 10.0 0.0 157.0 2.0 0.0 0.6466512702078521
40 44 41 0.0 0.0 0.0 0.0 21.0 0.0 0.0 0.6927263730826323
40 44 42 0.0 0.0 2.0 0.0 26.0 1.0 0.0 0.6906758756783422
40 44 43 0.0 0.0 0.0 0.0 4.0 0.0 0.0 0.6986027944111775
40 45 40 0.0 0.0 0.0 0.0 1.0 0.0 0.0 0.6996501749125437
40 45 41 0.0 0.0 0.0 0.0 3.0 0.0 0.0 0.6989515726410384
41 35 38 0.0 0.0 0.0 0.0 1.0 0.0 0.0 0.6996501749125437
41 35 39 0.0 0.0 0.0 0.0 1.0 0.0 0.0 0.6996501749125437
41 35 40 0.0 0.0 0.0 0.0 8.0 0.0 0.0 0.697211155378486
41 36 37 0.0 0.0 0.0 0.0 4.0 0.0 0.0 0.6986027944111775
41 36 38 0.0 0.0 0.0 0.0 26.0 0.0 0.0 0.6910167818361302
41 36 39 0.0 0.0 158.0 0.0 4274.0 14.0 209.0 0.21800062285892238
41 36 40 0.0 0.0 10.0 0.0 230.0 3.0 0.0 0.626118067978533
41 36 41 0.0 0.0 0.0 0.0 61.0 0.0 0.0 0.6792819019893255
41 36 42 0.0 0.0 0.0 0.0 45.0 0.0 0.0 0.6845965770171147
41 36 43 0.0 0.0 4.0 0.0 144.0 1.0 1.0 0.6520726595249184
41 37 36 0.0 0.0 0.0 0.0 1.0 0.0 0.0 0.6996501749125437
41 37 37 0.0 0.0 3.0 0.0 92.0 1.0 0.0 0.6685768863419292
41 37 38 0.0 0.0 17.0 0.0 633.0 8.0 1.0 0.5301022340022719
41 37 39 0.0 0.0 316.0 0.0 7007.0 20.0 933.0 0.15044057597249083
41 37 40 0.0 0.0 204.0 0.0 4881.0 21.0 259.0 0.19810386302532895
41 37 41 0.0 0.0 260.0 0.0 5475.0 16.0 379.0 0.18134715025906734
41 37 42 0.0 0.0 334.0 0.0 6379.0 14.0 491.0 0.16093803885504077
41 37 43 0.0 0.0 157.0 0.0 3387.0 7.0 99.0 0.25279884434814004
41 37 44 0.0 0.0 0.0 0.0 16.0 0.0 0.0 0.6944444444444444
41 38 37 0.0 0.0 118.0 0.0 2449.0 18.0 37.0 0.3078276165347405
41 38 38 0.0 0.0 283.0 0.0 6366.0 18.0 588.0 0.1620557934946174
41 38 39 0.0 0.0 646.0 0.0 10951.0 22.0 4336.0 0.10305483989694515
41 38 40 0.0 0.0 966.0 0.0 12430.0 27.0 9069.0 0.09095043201455205
41 38 41 0.0 0.0 866.0 0.0 12151.0 27.0 8380.0 0.09323388385721895
41 38 42 0.0 0.0 927.0 0.0 12145.0 38.0 10349.0 0.09298000929800092
41 38 43 0.0 0.0 240.0 0.0 5610.0 24.0 422.0 0.17879948914431668
41 38 44 0.0 0.0 23.0 0.0 505.0 10.0 1.0 0.5562177195073499
41 39 36 0.0 0.0 25.0 0.0 445.0 5.0 0.0 0.5679513184584178
41 39 37 0.0 0.0 41.0 0.0 882.0 9.0 2.0 0.4804392587508579
41 39 38 0.0 0.0 578.0 0.0 10192.0 36.0 2770.0 0.1097867001254705
41 39 39 0.0 0.0 1108.0 2.0 12714.0 41.0 12353.0 0.08857395925597873
41 39 40 0.0 0.0 2028.0 0.0 11508.0 53.0 34623.0 0.09007270153766968
41 39 41 1.0 0.0 2430.0 0.0 10702.0 62.0 46829.0 0.09258646914886581
41 39 42 0.0 0.0 980.0 0.0 12803.0 28.0 9171.0 0.08874239350912777
41 39 43 0.0 0.0 229.0 0.0 5482.0 15.0 390.0 0.1818890476809146
41 39 44 0.0 0.0 10.0 0.0 327.0 2.0 0.0 0.5998286203941731
41 40 35 0.0 0.0 0.0 0.0 1.0 0.0 0.0 0.6996501749125437
41 40 36 0.0 0.0 131.0 0.0 3166.0 16.0 98.0 0.2650511170011359
41 40 37 0.0 0.0 151.0 0.0 3453.0 19.0 89.0 0.2506265664160401
41 40 38 0.0 0.0 730.0 0.0 11575.0 38.0 5661.0 0.0980254866265229
41 40 39 0.0 0.0 1655.0 0.0 12192.0 45.0 25919.0 0.08835594824865887
41 40 40 0.0 0.0 1005.0 9.0 12859.0 31.0 8483.0 0.08823344047393962
41 40 41 0.0 0.0 1525.0 1.0 12709.0 39.0 21059.0 0.0862546978005052
41 40 42 0.0 0.0 1155.0 0.0 12672.0 31.0 13618.0 0.08841732979664013
41 40 43 0.0 0.0 450.0 0.0 8948.0 22.0 2022.0 0.1229256299938537
41 40 44 0.0 0.0 67.0 0.0 1353.0 10.0 7.0 0.41043682204632065
41 41 36 0.0 0.0 1.0 0.0 81.0 0.0 0.0 0.6727534839019701
41 41 37 0.0 0.0 363.0 0.0 7354.0 22.0 836.0 0.14431501907019895
41 41 38 0.0 0.0 546.0 0.0 10117.0 27.0 2950.0 0.11067193675889328
41 41 39 0.0 0.0 1310.0 0.0 12636.0 48.0 16321.0 0.08785691873235017
41 41 40 0.0 0.0 1757.0 0.0 11691.0 57.0 30254.0 0.09063248527222113
41 41 41 0.0 1.0 933.0 10.0 12345.0 25.0 6516.0 0.09156910196873569
41 41 42 0.0 0.0 369.0 0.0 7447.0 21.0 880.0 0.14284256708499132
41 41 43 0.0 0.0 167.0 0.0 3604.0 19.0 116.0 0.24335129497653393
41 41 44 0.0 0.0 1.0 0.0 36.0 0.0 0.0 0.6872852233676975
41 41 45 0.0 0.0 0.0 0.0 1.0 0.0 0.0 0.6996501749125437
41 42 36 0.0 0.0 31.0 0.0 599.0 4.0 1.0 0.5333333333333332
41 42 37 0.0 0.0 92.0 0.0 2155.0 14.0 25.0 0.33057851239669417
41 42 38 0.0 0.0 145.0 0.0 3670.0 20.0 119.0 0.2415875754961173
41 42 39 0.0 0.0 317.0 0.0 6771.0 23.0 684.0 0.15438906043228934
41 42 40 0.0 0.0 470.0 0.0 9489.0 28.0 2240.0 0.11718423035071564
41 42 41 0.0 0.0 502.0 0.0 9339.0 28.0 1893.0 0.11844331641285953
41 42 42 0.0 0.0 93.0 0.0 2449.0 15.0 52.0 0.3093922651933701
41 42 43 0.0 0.0 11.0 0.0 106.0 3.0 0.0 0.6625650733554187
41 42 44 0.0 0.0 0.0 0.0 2.0 0.0 0.0 0.6993006993006992
41 43 37 0.0 0.0 0.0 0.0 10.0 0.0 0.0 0.6965174129353233
41 43 38 0.0 0.0 8.0 0.0 231.0 3.0 1.0 0.626118067978533
41 43 39 0.0 0.0 204.0 0.0 4001.0 11.0 115.0 0.22598870056497172
41 43 40 0.0 0.0 28.0 0.0 806.0 3.0 7.0 0.4945249028611797
41 43 41 0.0 0.0 83.0 0.0 1860.0 15.0 24.0 0.35650623885918
41 43 42 0.0 0.0 155.0 0.0 3013.0 15.0 79.0 0.27163368257663945
41 43 43 0.0 0.0 0.0 0.0 2.0 0.0 0.0 0.6993006993006992
41 44 38 0.0 0.0 7.0 0.0 129.0 2.0 0.0 0.6560449859418931
41 44 39 0.0 0.0 0.0 0.0 2.0 0.0 0.0 0.6993006993006992
41 44 40 0.0 0.0 0.0 0.0 16.0 0.0 0.0 0.6944444444444444
41 44 41 0.0 0.0 4.0 0.0 51.0 2.0 0.0 0.6819288845591815
41 44 42 0.0 0.0 0.0 0.0 2.0 0.0 0.0 0.6993006993006992
41 44 43 0.0 0.0 0.0 0.0 3.0 0.0 0.0 0.6989515726410384
42 35 38 0.0 0.0 0.0 0.0 2.0 0.0 0.0 0.6993006993006992
42 35 39 0.0 0.0 0.0 0.0 3.0 0.0 0.0 0.6989515726410384
42 35 40 0.0 0.0 0.0 0.0 1.0 0.0 0.0 0.6996501749125437
42 36 38 0.0 0.0 0.0 0.0 12.0 0.0 0.0 0.6958250497017892
42 36 39 0.0 0.0 68.0 0.0 1415.0 13.0 12.0 0.40345821325648407
42 36 40 0.0 0.0 1.0 0.0 88.0 1.0 0.0 0.6704980842911876
42 36 41 0.0 0.0 17.0 0.0 435.0 3.0 0.0 0.5716619028174764
42 36 42 0.0 0.0 0.0 0.0 20.0 0.0 0.0 0.6930693069306929
42 36 43 0.0 0.0 0.0 0.0 14.0 0.0 0.0 0.6951340615690167
42 36 44 0.0 0.0 0.0 0.0 7.0 0.0 0.0 0.6975585450921773
42 37 37 0.0 0.0 0.0 0.0 9.0 0.0 0.0 0.6968641114982577
42 37 38 0.0 0.0 5.0 0.0 154.0 0.0 0.0 0.6484483557202407
42 37 39 0.0 0.0 244.0 0.0 4817.0 17.0 191.0 0.19880715705765406
42 37 40 0.0 0.0 544.0 0.0 9720.0 21.0 2634.0 0.11422976501305482
42 37 41 0.0 0.0 411.0 0.0 8079.0 21.0 1267.0 0.1336005344021376
42 37 42 0.0 0.0 75.0 0.0 1851.0 16.0 22.0 0.3580562659846547
42 37 43 0.0 0.0 193.0 0.0 5220.0 13.0 406.0 0.18906144496961513
42 37 44 0.0 0.0 0.0 0.0 12.0 0.0 0.0 0.6961710591745399
42 38 36 0.0 0.0 0.0 0.0 2.0 0.0 0.0 0.6993006993006992
42 38 37 0.0 0.0 0.0 0.0 38.0 0.0 0.0 0.6872852233676975
42 38 38 0.0 0.0 205.0 0.0 4802.0 15.0 271.0 0.20022883295194505
42 38 39 0.0 0.0 378.0 0.0 8436.0 19.0 1615.0 0.12965363956288198
42 38 40 0.0 0.0 963.0 0.0 12310.0 43.0 10788.0 0.09171907756813416
42 38 41 0.0 0.0 1116.0 0.0 12716.0 33.0 12107.0 0.08850116947973954
42 38 42 0.0 0.0 341.0 0.0 7457.0 25.0 1029.0 0.1432078559738134
42 38 43 0.0 0.0 33.0 0.0 1143.0 5.0 7.0 0.44150110375275925
42 38 44 0.0 0.0 0.0 0.0 16.0 0.0 0.0 0.6944444444444444
42 39 36 0.0 0.0 0.0 0.0 1.0 0.0 0.0 0.6996501749125437
42 39 37 0.0 0.0 101.0 0.0 2662.0 15.0 49.0 0.2947989050326384
42 39 38 0.0 0.0 214.0 0.0 4705.0 23.0 228.0 0.20298680585761925
42 39 39 0.0 0.0 647.0 0.0 10704.0 37.0 3428.0 0.10510510510510508
42 39 40 0.0 0.0 1007.0 0.0 12653.0 34.0 10928.0 0.08941687424155328
42 39 41 0.0 0.0 879.0 0.0 12246.0 44.0 7456.0 0.09264774005691216
42 39 42 0.0 0.0 1094.0 0.0 12845.0 28.0 11838.0 0.08784589320449268
42 39 43 0.0 0.0 85.0 0.0 2138.0 14.0 23.0 0.332699619771863
42 39 44 0.0 0.0 4.0 0.0 92.0 2.0 0.0 0.6685768863419292
42 39 45 0.0 0.0 0.0 0.0 1.0 0.0 0.0 0.6996501749125437
42 40 36 0.0 0.0 0.0 0.0 17.0 0.0 0.0 0.694100148735746
42 40 37 0.0 0.0 43.0 0.0 922.0 10.0 2.0 0.47377326565143824
42 40 38 0.0 0.0 656.0 0.0 11070.0 21.0 4770.0 0.10202594373997957
42 40 39 0.0 0.0 658.0 0.0 11129.0 26.0 3782.0 0.10156703424260011
42 40 40 0.0 0.0 889.0 0.0 12198.0 19.0 8669.0 0.09273365569318406
42 40 41 0.0 0.0 951.0 0.0 12631.0 34.0 8004.0 0.08989341209708487
42 40 42 0.0 0.0 831.0 0.0 12056.0 25.0 7024.0 0.09401652004566516
42 40 43 0.0 0.0 248.0 0.0 5646.0 26.0 372.0 0.1777100787001777
42 40 44 0.0 0.0 39.0 0.0 691.0 5.0 1.0 0.513950073421439
42 41 36 0.0 0.0 0.0 0.0 7.0 0.0 0.0 0.6975585450921773
42 41 37 0.0 0.0 12.0 0.0 370.0 3.0 3.0 0.5884825556956704
42 41 38 0.0 0.0 363.0 0.0 7712.0 33.0 1137.0 0.13931734500945364
42 41 39 0.0 0.0 549.0 0.0 9570.0 20.0 2069.0 0.11558784676354027
42 41 40 0.0 0.0 496.0 0.0 9703.0 19.0 2816.0 0.11481997867628965
42 41 41 0.0 0.0 148.0 1.0 3683.0 11.0 145.0 0.2405085036935234
42 41 42 0.0 0.0 435.0 0.0 8979.0 19.0 2015.0 0.12268863377442817
42 41 43 0.0 0.0 121.0 0.0 2686.0 10.0 39.0 0.2918490723368772
42 41 44 0.0 0.0 2.0 0.0 27.0 1.0 0.0 0.6906758756783422
42 42 36 0.0 0.0 0.0 0.0 14.0 0.0 0.0 0.6951340615690167
42 42 37 0.0 0.0 1.0 0.0 76.0 0.0 0.0 0.6740491092922483
42 42 38 0.0 0.0 356.0 0.0 7655.0 23.0 1016.0 0.14005602240896356
42 42 39 0.0 0.0 399.0 0.0 8369.0 23.0 1558.0 0.13022044460980373
42 42 40 0.0 0.0 143.0 0.0 3790.0 17.0 174.0 0.23656640757012498
42 42 41 0.0 0.0 498.0 0.0 9251.0 23.0 2035.0 0.11930123561994034
42 42 42 0.0 0.0 27.0 0.0 574.0 9.0 1.0 0.5403319181783095
42 42 43 0.0 0.0 0.0 0.0 33.0 0.0 0.0 0.6886374815543531
42 43 36 0.0 0.0 0.0 0.0 1.0 0.0 0.0 0.6996501749125437
42 43 37 0.0 0.0 0.0 0.0 8.0 0.0 0.0 0.697211155378486
42 43 38 0.0 0.0 4.0 0.0 138.0 2.0 0.0 0.6545114539504441
42 43 39 0.0 0.0 6.0 0.0 158.0 1.0 0.0 0.6472491909385112
42 43 40 0.0 0.0 0.0 0.0 82.0 0.0 1.0 0.6724303554274734
42 43 41 0.0 0.0 32.0 0.0 749.0 9.0 0.0 0.505050505050505
42 43 42 0.0 0.0 16.0 0.0 432.0 5.0 1.0 0.5730659025787964
42 43 43 0.0 0.0 0.0 0.0 1.0 0.0 0.0 0.6996501749125437
42 44 38 0.0 0.0 0.0 0.0 1.0 0.0 0.0 0.6996501749125437
42 44 40 0.0 0.0 3.0 0.0 13.0 2.0 0.0 0.6951340615690167
42 44 41 0.0 0.0 0.0 0.0 1.0 0.0 0.0 0.6996501749125437
43 36 38 0.0 0.0 0.0 0.0 3.0 0.0 0.0 0.6989515726410384
43 36 39 0.0 0.0 18.0 0.0 294.0 4.0 0.0 0.606585788561525
43 36 40 0.0 0.0 0.0 0.0 18.0 0.0 0.0 0.6937561942517343
43 36 41 0.0 0.0 3.0 0.0 101.0 0.0 0.0 0.6653992395437262
43 36 42 0.0 0.0 3.0 0.0 20.0 0.0 0.0 0.6920415224913494
43 36 43 0.0 0.0 0.0 0.0 2.0 0.0 0.0 0.6993006993006992
43 36 44 0.0 0.0 0.0 0.0 3.0 0.0 0.0 0.6989515726410384
43 37 38 0.0 0.0 2.0 0.0 38.0 0.0 0.0 0.6862745098039215
43 37 39 0.0 0.0 9.0 0.0 204.0 2.0 1.0 0.6331976481230212
43 37 40 0.0 0.0 77.0 0.0 1607.0 10.0 22.0 0.3811598148652327
43 37 41 0.0 0.0 97.0 0.0 2227.0 17.0 46.0 0.32512772875058055
43 37 42 0.0 0.0 7.0 0.0 291.0 1.0 1.0 0.6094906399651718
43 37 43 0.0 0.0 64.0 0.0 1480.0 11.0 15.0 0.39603960396039595
43 37 44 0.0 0.0 0.0 0.0 3.0 0.0 0.0 0.6993006993006992
43 38 38 0.0 0.0 25.0 0.0 375.0 5.0 0.0 0.5845511482254696
43 38 39 0.0 0.0 24.0 0.0 968.0 5.0 9.0 0.4686976899899564
43 38 40 0.0 0.0 203.0 0.0 4462.0 18.0 216.0 0.21058965102286398
43 38 41 0.0 0.0 231.0 0.0 5889.0 17.0 470.0 0.1726051041795093
43 38 42 0.0 0.0 167.0 0.0 4377.0 17.0 216.0 0.21432945499081443
43 38 43 0.0 0.0 144.0 0.0 3000.0 25.0 76.0 0.2734909161945692
43 38 44 0.0 0.0 0.0 0.0 13.0 0.0 0.0 0.695479384003974
43 39 36 0.0 0.0 0.0 0.0 1.0 0.0 0.0 0.6996501749125437
43 39 37 0.0 0.0 1.0 0.0 43.0 0.0 0.0 0.684931506849315
43 39 38 0.0 0.0 36.0 0.0 855.0 9.0 5.0 0.48577376821651624
43 39 39 0.0 0.0 187.0 0.0 4374.0 20.0 187.0 0.21393643031784837
43 39 40 0.0 0.0 376.0 0.0 7857.0 30.0 1208.0 0.13714733542319746
43 39 41 0.0 0.0 180.0 0.0 4099.0 19.0 168.0 0.22360645264334764
43 39 42 0.0 0.0 331.0 0.0 6972.0 14.0 735.0 0.15058621060557167
43 39 43 0.0 0.0 234.0 0.0 5130.0 13.0 309.0 0.19037258634756593
43 39 44 0.0 0.0 0.0 0.0 12.0 0.0 0.0 0.6958250497017892
43 40 36 0.0 0.0 0.0 0.0 10.0 0.0 0.0 0.6965174129353233
43 40 37 0.0 0.0 18.0 0.0 368.0 7.0 0.0 0.5887300252312867
43 40 38 0.0 0.0 190.0 0.0 4194.0 17.0 181.0 0.21978021978021975
43 40 39 0.0 0.0 197.0 0.0 3886.0 18.0 134.0 0.23079459281239692
43 40 40 0.0 0.0 220.0 0.0 5263.0 13.0 346.0 0.18731602890018728
43 40 41 0.0 0.0 406.0 0.0 8379.0 24.0 1445.0 0.13003901170351104
43 40 42 0.0 0.0 158.0 0.0 3548.0 18.0 89.0 0.2461322081575246
43 40 43 0.0 0.0 125.0 0.0 2538.0 20.0 40.0 0.30133448127421436
43 40 44 0.0 0.0 1.0 0.0 47.0 1.0 0.0 0.6839276990718123
43 41 36 0.0 0.0 0.0 0.0 5.0 0.0 0.0 0.6982543640897755
43 41 37 0.0 0.0 307.0 0.0 6269.0 19.0 583.0 0.16353229762878166
43 41 38 0.0 0.0 11.0 0.0 263.0 2.0 0.0 0.6161971830985915
43 41 39 0.0 0.0 192.0 0.0 3756.0 24.0 115.0 0.2362869198312236
43 41 40 0.0 0.0 461.0 0.0 8180.0 22.0 1000.0 0.1317027281279398
43 41 41 0.0 0.0 18.0 0.0 751.0 11.0 4.0 0.5077983315197678
43 41 42 0.0 0.0 73.0 0.0 2093.0 16.0 30.0 0.33734939759036137
43 41 43 0.0 0.0 26.0 0.0 661.0 11.0 3.0 0.5231689088191329
43 41 44 0.0 0.0 0.0 0.0 6.0 0.0 0.0 0.6979062811565303
43 42 36 0.0 0.0 0.0 0.0 3.0 0.0 0.0 0.6989515726410384
43 42 37 0.0 0.0 1.0 0.0 84.0 1.0 0.0 0.6717850287907868
43 42 38 0.0 0.0 15.0 0.0 293.0 5.0 0.0 0.60790273556231
43 42 39 0.0 0.0 88.0 0.0 2161.0 13.0 24.0 0.33057851239669417
43 42 40 0.0 0.0 25.0 0.0 961.0 4.0 8.0 0.46948356807511726
43 42 41 0.0 0.0 2.0 0.0 88.0 0.0 0.0 0.6698564593301434
43 42 42 0.0 0.0 0.0 0.0 38.0 0.0 0.0 0.6869479882237487
43 42 43 0.0 0.0 0.0 0.0 19.0 0.0 0.0 0.6934125804853887
43 43 35 0.0 0.0 0.0 0.0 1.0 0.0 0.0 0.6996501749125437
43 43 37 0.0 0.0 0.0 0.0 11.0 0.0 0.0 0.6961710591745399
43 43 38 0.0 0.0 0.0 0.0 17.0 0.0 0.0 0.694100148735746
43 43 39 0.0 0.0 0.0 0.0 40.0 0.0 0.0 0.6862745098039215
43 43 40 0.0 0.0 0.0 0.0 24.0 1.0 0.0 0.6920415224913494
43 43 41 0.0 0.0 1.0 0.0 40.0 0.0 0.0 0.6859382655560998
43 43 42 0.0 0.0 0.0 0.0 17.0 1.0 0.0 0.6944444444444444
44 36 40 0.0 0.0 0.0 0.0 1.0 0.0 0.0 0.6996501749125437
44 37 39 0.0 0.0 0.0 0.0 1.0 0.0 0.0 0.6996501749125437
44 37 40 0.0 0.0 0.0 0.0 8.0 0.0 0.0 0.697211155378486
44 37 41 0.0 0.0 0.0 0.0 9.0 0.0 0.0 0.6968641114982577
44 37 42 0.0 0.0 0.0 0.0 4.0 0.0 0.0 0.6986027944111775
44 37 43 0.0 0.0 2.0 0.0 12.0 0.0 0.0 0.6951340615690167
44 38 38 0.0 0.0 2.0 0.0 55.0 1.0 0.0 0.6809338521400777
44 38 39 0.0 0.0 0.0 0.0 24.0 0.0 0.0 0.6916996047430829
44 38 40 0.0 0.0 0.0 0.0 26.0 0.0 0.0 0.6910167818361302
44 38 41 0.0 0.0 69.0 0.0 1490.0 11.0 17.0 0.3945885005636978
44 38 42 0.0 0.0 0.0 0.0 15.0 0.0 0.0 0.6951340615690167
44 38 43 0.0 0.0 0.0 0.0 8.0 0.0 0.0 0.697211155378486
44 38 44 0.0 0.0 0.0 0.0 3.0 0.0 0.0 0.6989515726410384
44 39 38 0.0 0.0 0.0 0.0 9.0 0.0 0.0 0.6968641114982577
44 39 39 0.0 0.0 0.0 0.0 11.0 0.0 0.0 0.6961710591745399
44 39 40 0.0 0.0 0.0 0.0 56.0 1.0 0.0 0.6812652068126519
44 39 41 0.0 0.0 39.0 0.0 742.0 9.0 3.0 0.505050505050505
44 39 42 0.0 0.0 0.0 0.0 39.0 0.0 0.0 0.6866110838646394
44 39 43 0.0 0.0 0.0 0.0 5.0 0.0 0.0 0.6982543640897755
44 39 44 0.0 0.0 0.0 0.0 2.0 0.0 0.0 0.6993006993006992
44 40 36 0.0 0.0 24.0 0.0 463.0 9.0 2.0 0.5649717514124293
44 40 37 0.0 0.0 0.0 0.0 6.0 0.0 0.0 0.6979062811565303
44 40 38 0.0 0.0 0.0 0.0 10.0 0.0 0.0 0.6965174129353233
44 40 39 0.0 0.0 1.0 0.0 68.0 0.0 0.0 0.6766553890768486
44 40 40 0.0 0.0 30.0 0.0 561.0 7.0 2.0 0.5417956656346749
44 40 41 0.0 0.0 0.0 0.0 35.0 0.0 0.0 0.6879606879606879
44 40 42 0.0 0.0 9.0 0.0 151.0 3.0 0.0 0.6490496059341677
44 40 43 0.0 0.0 3.0 0.0 46.0 3.0 0.0 0.6842619745845552
44 40 44 0.0 0.0 15.0 0.0 332.0 3.0 0.0 0.5972696245733787
44 41 36 0.0 0.0 0.0 0.0 5.0 0.0 0.0 0.6982543640897755
44 41 37 0.0 0.0 0.0 0.0 16.0 0.0 0.0 0.6944444444444444
44 41 38 0.0 0.0 0.0 0.0 15.0 0.0 0.0 0.694789081885856
44 41 39 0.0 0.0 0.0 0.0 24.0 0.0 0.0 0.6916996047430829
44 41 40 0.0 0.0 2.0 0.0 44.0 0.0 0.0 0.6845965770171147
44 41 41 0.0 0.0 120.0 0.0 2615.0 12.0 47.0 0.2962962962962962
44 41 42 0.0 0.0 0.0 0.0 19.0 0.0 0.0 0.6934125804853887
44 41 43 0.0 0.0 0.0 0.0 1.0 0.0 0.0 0.6996501749125437
44 41 44 0.0 0.0 0.0 0.0 3.0 0.0 0.0 0.6989515726410384
44 42 36 0.0 0.0 58.0 0.0 1683.0 11.0 16.0 0.3753351206434316
44 42 37 0.0 0.0 0.0 0.0 6.0 0.0 0.0 0.6979062811565303
44 42 38 0.0 0.0 0.0 0.0 7.0 0.0 0.0 0.6975585450921773
44 42 39 0.0 0.0 0.0 0.0 4.0 0.0 0.0 0.6986027944111775
44 42 40 0.0 0.0 0.0 0.0 12.0 0.0 0.0 0.6958250497017892
44 42 41 0.0 0.0 0.0 0.0 5.0 0.0 0.0 0.6982543640897755
44 42 43 0.0 0.0 0.0 0.0 1.0 0.0 0.0 0.6996501749125437
44 42 44 0.0 0.0 0.0 0.0 1.0 0.0 0.0 0.6996501749125437
45 38 40 0.0 0.0 0.0 0.0 1.0 0.0 0.0 0.6996501749125437
45 40 40 0.0 0.0 0.0 0.0 1.0 0.0 0.0 0.6996501749125437
45 40 42 0.0 0.0 0.0 0.0 1.0 0.0 0.0 0.6996501749125437
45 41 36 0.0 0.0 0.0 0.0 2.0 0.0 0.0 0.6993006993006992
45 41 37 0.0 0.0 0.0 0.0 1.0 0.0 0.0 0.6996501749125437
45 42 41 0.0 0.0 0.0 0.0 6.0 0.0 0.0 0.6979062811565303
