35 39 38 0.0 0.0 0.0 0.0 1.0 0.0 0.0 0.6996501749125437
35 40 38 0.0 0.0 0.0 0.0 4.0 0.0 0.0 0.6986027944111775
35 40 39 0.0 0.0 0.0 0.0 4.0 0.0 0.0 0.6986027944111775
35 40 40 0.0 0.0 0.0 0.0 3.0 0.0 0.0 0.6989515726410384
35 41 38 0.0 0.0 0.0 0.0 1.0 0.0 0.0 0.6996501749125437
35 41 40 0.0 0.0 0.0 0.0 2.0 0.0 0.0 0.6993006993006992
36 36 39 0.0 0.0 0.0 0.0 6.0 0.0 0.0 0.6979062811565303
36 36 40 0.0 0.0 0.0 0.0 2.0 0.0 0.0 0.6993006993006992
36 36 41 0.0 0.0 0.0 0.0 1.0 0.0 0.0 0.6996501749125437
36 37 39 0.0 0.0 0.0 0.0 1.0 0.0 0.0 0.6996501749125437
36 37 40 0.0 0.0 0.0 0.0 4.0 0.0 0.0 0.6986027944111775
36 37 41 0.0 0.0 0.0 0.0 4.0 0.0 0.0 0.6986027944111775
36 38 38 0.0 0.0 0.0 0.0 2.0 0.0 0.0 0.6993006993006992
36 38 39 0.0 0.0 0.0 0.0 5.0 0.0 0.0 0.6982543640897755
36 38 40 0.0 0.0 32.0 0.0 697.0 7.0 3.0 0.5145167217934582
36 38 41 0.0 0.0 0.0 0.0 3.0 0.0 0.0 0.6989515726410384
36 38 42 0.0 0.0 0.0 0.0 1.0 0.0 0.0 0.6996501749125437
36 39 37 0.0 0.0 0.0 0.0 1.0 0.0 0.0 0.6996501749125437
36 39 38 0.0 0.0 0.0 0.0 27.0 0.0 0.0 0.6910167818361302
36 39 39 0.0 0.0 46.0 0.0 1252.0 5.0 10.0 0.4251442453689644
36 39 40 0.0 0.0 9.0 0.0 128.0 4.0 0.0 0.6563525550867322
36 39 41 0.0 0.0 0.0 0.0 3.0 0.0 0.0 0.6989515726410384
36 39 42 0.0 0.0 0.0 0.0 1.0 0.0 0.0 0.6996501749125437
36 40 37 0.0 0.0 0.0 0.0 6.0 0.0 0.0 0.6979062811565303
36 40 38 0.0 0.0 116.0 0.0 2422.0 10.0 40.0 0.30905077262693154
36 40 39 0.0 0.0 49.0 0.0 1243.0 9.0 13.0 0.4264392324093816
36 40 40 0.0 0.0 0.0 0.0 24.0 0.0 0.0 0.6916996047430829
36 40 41 0.0 0.0 0.0 0.0 4.0 0.0 0.0 0.6986027944111775
36 40 42 0.0 0.0 0.0 0.0 1.0 0.0 0.0 0.6996501749125437
36 41 37 0.0 0.0 0.0 0.0 1.0 0.0 0.0 0.6996501749125437
36 41 38 0.0 0.0 50.0 0.0 945.0 7.0 3.0 0.46854082998661306
36 41 39 0.0 0.0 0.0 0.0 26.0 0.0 0.0 0.6910167818361302
36 41 40 0.0 0.0 5.0 0.0 340.0 1.0 2.0 0.5972696245733787
36 41 41 0.0 0.0 1.0 0.0 24.0 1.0 0.0 0.6916996047430829
36 41 42 0.0 0.0 0.0 0.0 1.0 0.0 0.0 0.6996501749125437
36 41 43 0.0 0.0 0.0 0.0 1.0 0.0 0.0 0.6996501749125437
36 42 38 0.0 0.0 2.0 0.0 27.0 1.0 0.0 0.690335305719921
36 42 39 0.0 0.0 0.0 0.0 7.0 0.0 0.0 0.6975585450921773
36 42 40 0.0 0.0 2.0 0.0 27.0 2.0 0.0 0.6906758756783422
36 42 41 0.0 0.0 0.0 0.0 15.0 0.0 0.0 0.694789081885856
36 42 42 0.0 0.0 0.0 0.0 4.0 0.0 0.0 0.6986027944111775
36 42 43 0.0 0.0 0.0 0.0 1.0 0.0 0.0 0.6996501749125437
36 43 38 0.0 0.0 0.0 0.0 2.0 0.0 0.0 0.6993006993006992
36 43 39 0.0 0.0 0.0 0.0 14.0 0.0 0.0 0.6951340615690167
36 43 40 0.0 0.0 0.0 0.0 4.0 0.0 0.0 0.6986027944111775
36 43 41 0.0 0.0 0.0 0.0 4.0 0.0 0.0 0.6986027944111775
36 44 39 0.0 0.0 0.0 0.0 2.0 0.0 0.0 0.6993006993006992
37 36 39 0.0 0.0 0.0 0.0 3.0 0.0 0.0 0.6989515726410384
37 36 40 0.0 0.0 0.0 0.0 7.0 0.0 0.0 0.6975585450921773
37 36 41 0.0 0.0 0.0 0.0 12.0 0.0 0.0 0.6958250497017892
37 37 37 0.0 0.0 0.0 0.0 5.0 0.0 0.0 0.6982543640897755
37 37 38 0.0 0.0 0.0 0.0 21.0 0.0 0.0 0.6927263730826323
37 37 39 0.0 0.0 34.0 0.0 695.0 7.0 1.0 0.5145167217934582
37 37 40 0.0 0.0 190.0 0.0 4507.0 17.0 224.0 0.20945541591861155
37 37 41 0.0 0.0 18.0 0.0 379.0 6.0 0.0 0.5855290673358426
37 37 42 0.0 0.0 0.0 0.0 10.0 0.0 0.0 0.6965174129353233
37 37 43 0.0 0.0 0.0 0.0 2.0 0.0 0.0 0.6993006993006992
37 38 37 0.0 0.0 0.0 0.0 30.0 1.0 0.0 0.6899950714637751
37 38 38 0.0 0.0 24.0 0.0 745.0 9.0 4.0 0.5070626584570807
37 38 39 0.0 0.0 12.0 0.0 346.0 3.0 1.0 0.5944798301486198
37 38 40 0.0 0.0 2.0 0.0 251.0 1.0 0.0 0.6216696269982237
37 38 41 0.0 0.0 81.0 0.0 2095.0 22.0 37.0 0.3370245546461242
37 38 42 0.0 0.0 0.0 0.0 119.0 0.0 0.0 0.6606890042472864
37 38 43 0.0 0.0 0.0 0.0 11.0 1.0 0.0 0.6965174129353233
37 39 37 0.0 0.0 6.0 0.0 150.0 1.0 0.0 0.6496519721577725
37 39 38 0.0 0.0 62.0 0.0 1708.0 15.0 20.0 0.37283621837549924
37 39 39 0.0 0.0 183.0 0.0 4153.0 13.0 163.0 0.22127390548443177
37 39 40 0.0 0.0 102.0 0.0 2338.0 14.0 40.0 0.3164556962025316
37 39 41 0.0 0.0 74.0 0.0 2007.0 9.0 29.0 0.3438958486858265
37 39 42 0.0 0.0 0.0 0.0 107.0 0.0 0.0 0.6644518272425248
37 39 43 0.0 0.0 0.0 0.0 22.0 0.0 0.0 0.6923837784371908
37 40 37 0.0 0.0 0.0 0.0 28.0 0.0 0.0 0.690335305719921
37 40 38 0.0 0.0 27.0 0.0 720.0 9.0 2.0 0.5113221329437544
37 40 39 0.0 0.0 505.0 0.0 9399.0 24.0 2319.0 0.11772620248906826
37 40 40 0.0 0.0 236.0 0.0 5633.0 16.0 412.0 0.1782077393075356
37 40 41 0.0 0.0 169.0 0.0 4121.0 11.0 152.0 0.22296544035674468
37 40 42 0.0 0.0 8.0 0.0 161.0 1.0 0.0 0.6457564575645756
37 40 43 0.0 0.0 0.0 0.0 10.0 0.0 0.0 0.6965174129353233
37 41 37 0.0 0.0 2.0 0.0 39.0 0.0 0.0 0.6859382655560998
37 41 38 0.0 0.0 7.0 0.0 472.0 4.0 1.0 0.5656565656565656
37 41 39 0.0 0.0 155.0 0.0 4204.0 13.0 216.0 0.22047244094488186
37 41 40 0.0 0.0 102.0 0.0 2320.0 7.0 51.0 0.31717263253285
37 41 41 0.0 0.0 74.0 0.0 2460.0 12.0 42.0 0.30946065428824043
37 41 42 0.0 0.0 4.0 0.0 141.0 0.0 0.0 0.6529850746268656
37 41 43 0.0 0.0 0.0 0.0 22.0 0.0 0.0 0.6923837784371908
37 42 37 0.0 0.0 0.0 0.0 1.0 0.0 0.0 0.6996501749125437
37 42 38 0.0 0.0 2.0 0.0 145.0 1.0 0.0 0.6523765144454798
37 42 39 0.0 0.0 137.0 0.0 3666.0 9.0 156.0 0.24154589371980673
37 42 40 0.0 0.0 355.0 0.0 7055.0 22.0 773.0 0.14903129657228018
37 42 41 0.0 0.0 88.0 0.0 2411.0 12.0 38.0 0.31187346847850295
37 42 42 0.0 0.0 124.0 0.0 2651.0 12.0 41.0 0.29387069689336687
37 42 43 0.0 0.0 0.0 0.0 5.0 0.0 0.0 0.6982543640897755
37 43 37 0.0 0.0 0.0 0.0 2.0 0.0 0.0 0.6993006993006992
37 43 38 0.0 0.0 40.0 0.0 941.0 9.0 4.0 0.47122181083810155
37 43 39 0.0 0.0 104.0 0.0 2650.0 10.0 49.0 0.29510961214165254
37 43 40 0.0 0.0 65.0 0.0 1571.0 12.0 13.0 0.3863134657836644
37 43 41 0.0 0.0 19.0 0.0 437.0 2.0 0.0 0.5704971475142624
37 43 42 0.0 0.0 0.0 0.0 38.0 0.0 0.0 0.6872852233676975
37 43 43 0.0 0.0 0.0 0.0 1.0 0.0 0.0 0.6996501749125437
37 44 39 0.0 0.0 0.0 0.0 3.0 0.0 0.0 0.6989515726410384
37 44 40 0.0 0.0 0.0 0.0 3.0 0.0 0.0 0.6989515726410384
37 44 41 0.0 0.0 2.0 0.0 21.0 1.0 0.0 0.6923837784371908
37 44 42 0.0 0.0 0.0 0.0 1.0 0.0 0.0 0.6996501749125437
38 36 36 0.0 0.0 0.0 0.0 1.0 0.0 0.0 0.6996501749125437
38 36 38 0.0 0.0 0.0 0.0 2.0 0.0 0.0 0.6993006993006992
38 36 39 0.0 0.0 0.0 0.0 4.0 0.0 0.0 0.6986027944111775
38 36 40 0.0 0.0 1.0 0.0 25.0 0.0 0.0 0.6910167818361302
38 36 41 0.0 0.0 0.0 0.0 54.0 0.0 0.0 0.6815968841285296
38 36 42 0.0 0.0 0.0 0.0 18.0 0.0 0.0 0.6937561942517343
38 36 43 0.0 0.0 0.0 0.0 4.0 0.0 0.0 0.6986027944111775
38 37 36 0.0 0.0 0.0 0.0 11.0 0.0 0.0 0.6961710591745399
38 37 37 0.0 0.0 0.0 0.0 23.0 0.0 0.0 0.6920415224913494
38 37 38 0.0 0.0 33.0 0.0 602.0 9.0 1.0 0.5331302361005331
38 37 39 0.0 0.0 5.0 0.0 341.0 0.0 1.0 0.5972696245733787
38 37 40 0.0 0.0 189.0 0.0 4191.0 17.0 145.0 0.21995286724273366
38 37 41 0.0 0.0 40.0 0.0 1048.0 12.0 3.0 0.45528455284552843
38 37 42 0.0 0.0 161.0 0.0 3710.0 8.0 113.0 0.23870417732310312
38 37 43 0.0 0.0 49.0 0.0 1054.0 6.0 6.0 0.45205037132709064
38 37 44 0.0 0.0 0.0 0.0 1.0 0.0 0.0 0.6996501749125437
38 38 36 0.0 0.0 0.0 0.0 5.0 0.0 0.0 0.6982543640897755
38 38 37 0.0 0.0 2.0 0.0 115.0 1.0 0.0 0.661625708884688
38 38 38 0.0 0.0 284.0 0.0 6595.0 15.0 658.0 0.15792442188381273
38 38 39 0.0 0.0 377.0 0.0 7674.0 22.0 1023.0 0.13953951958536825
38 38 40 0.0 0.0 629.0 0.0 10740.0 23.0 3578.0 0.10479041916167663
38 38 41 0.0 0.0 510.0 0.0 9673.0 24.0 2293.0 0.11505588428665349
38 38 42 0.0 0.0 224.0 0.0 4469.0 15.0 209.0 0.20954946864241877
38 38 43 0.0 0.0 0.0 0.0 42.0 0.0 0.0 0.6856023506366307
38 38 44 0.0 0.0 0.0 0.0 6.0 0.0 0.0 0.6979062811565303
38 39 36 0.0 0.0 0.0 0.0 15.0 0.0 0.0 0.694789081885856
38 39 37 0.0 0.0 25.0 0.0 631.0 7.0 2.0 0.5287009063444108
38 39 38 0.0 0.0 530.0 0.0 9723.0 22.0 2562.0 0.11437908496732026
38 39 39 0.0 0.0 805.0 0.0 12048.0 22.0 7424.0 0.09421265141318977
38 39 40 0.0 0.0 830.0 0.0 11938.0 26.0 6187.0 0.09475465313028764
38 39 41 0.0 0.0 678.0 0.0 11253.0 28.0 5160.0 0.10054582016661877
38 39 42 0.0 0.0 231.0 0.0 5769.0 26.0 454.0 0.17554858934169276
38 39 43 0.0 0.0 162.0 0.0 3251.0 16.0 75.0 0.25940337224383914
38 39 44 0.0 0.0 0.0 0.0 7.0 0.0 0.0 0.6975585450921773
38 40 35 0.0 0.0 0.0 0.0 1.0 0.0 0.0 0.6996501749125437
38 40 36 0.0 0.0 0.0 0.0 3.0 0.0 0.0 0.6989515726410384
38 40 37 0.0 0.0 37.0 0.0 719.0 7.0 4.0 0.5096468875136512
38 40 38 0.0 0.0 535.0 0.0 9961.0 29.0 2434.0 0.11217948717948717
38 40 39 0.0 0.0 1154.0 0.0 12988.0 35.0 12457.0 0.08677327383165984
38 40 40 0.0 0.0 960.0 0.0 12371.0 33.0 9090.0 0.09140171051772539
38 40 41 0.0 0.0 475.0 0.0 9488.0 19.0 2361.0 0.11709601873536299
38 40 42 0.0 0.0 455.0 0.0 8922.0 22.0 1778.0 0.12319605772615275
38 40 43 0.0 0.0 33.0 0.0 648.0 3.0 4.0 0.522583053378126
38 40 44 0.0 0.0 0.0 0.0 4.0 0.0 0.0 0.6986027944111775
38 41 36 0.0 0.0 0.0 0.0 1.0 0.0 0.0 0.6996501749125437
38 41 37 0.0 0.0 15.0 0.0 473.0 4.0 1.0 0.5638340716874747
38 41 38 0.0 0.0 328.0 0.0 7021.0 18.0 791.0 0.1500375093773443
38 41 39 0.0 0.0 842.0 0.0 11980.0 22.0 8143.0 0.0944924406047516
38 41 40 0.0 0.0 1002.0 0.0 12771.0 22.0 9012.0 0.08874801901743264
38 41 41 0.0 0.0 597.0 0.0 10241.0 17.0 2859.0 0.10909374269461543
38 41 42 0.0 0.0 214.0 0.0 3825.0 14.0 127.0 0.23228803716608593
38 41 43 0.0 0.0 0.0 0.0 42.0 0.0 0.0 0.6856023506366307
38 41 44 0.0 0.0 1.0 0.0 7.0 0.0 0.0 0.697211155378486
38 42 37 0.0 0.0 10.0 0.0 133.0 3.0 0.0 0.6542056074766354
38 42 38 0.0 0.0 290.0 0.0 6192.0 29.0 542.0 0.16552376448332937
38 42 39 0.0 0.0 629.0 0.0 10850.0 17.0 4527.0 0.10384215991692626
38 42 40 0.0 0.0 564.0 0.0 10212.0 26.0 3203.0 0.10967489228358793
38 42 41 0.0 0.0 767.0 0.0 11596.0 29.0 5099.0 0.09747267283993594
38 42 42 0.0 0.0 143.0 0.0 2922.0 20.0 64.0 0.27750247770069375
38 42 43 0.0 0.0 0.0 0.0 16.0 0.0 0.0 0.694789081885856
38 42 44 0.0 0.0 0.0 0.0 2.0 0.0 0.0 0.6993006993006992
38 43 37 0.0 0.0 3.0 0.0 88.0 0.0 0.0 0.669536107125777
38 43 38 0.0 0.0 66.0 0.0 1562.0 10.0 11.0 0.38695411829740184
38 43 39 0.0 0.0 51.0 0.0 1216.0 13.0 5.0 0.43023970497848796
38 43 40 0.0 0.0 208.0 0.0 4944.0 25.0 279.0 0.19632590099565275
38 43 41 0.0 0.0 139.0 0.0 2989.0 20.0 72.0 0.27407987470634293
38 43 42 0.0 0.0 21.0 0.0 437.0 3.0 0.0 0.570264765784114
38 43 43 0.0 0.0 0.0 0.0 4.0 0.0 0.0 0.6986027944111775
38 44 38 0.0 0.0 0.0 0.0 8.0 0.0 0.0 0.697211155378486
38 44 39 0.0 0.0 0.0 0.0 22.0 0.0 0.0 0.6923837784371908
38 44 40 0.0 0.0 5.0 0.0 150.0 1.0 0.0 0.649953574744661
38 44 41 0.0 0.0 11.0 0.0 161.0 1.0 0.0 0.64486411791801
38 44 42 0.0 0.0 0.0 0.0 3.0 0.0 0.0 0.6989515726410384
38 45 41 0.0 0.0 1.0 0.0 2.0 0.0 0.0 0.6989515726410384
39 36 37 0.0 0.0 0.0 0.0 16.0 0.0 0.0 0.6944444444444444
39 36 38 0.0 0.0 2.0 0.0 23.0 0.0 0.0 0.6913580246913579
39 36 39 0.0 0.0 0.0 0.0 16.0 0.0 0.0 0.6944444444444444
39 36 40 0.0 0.0 1.0 0.0 88.0 0.0 0.0 0.6701771182383915
39 36 41 0.0 0.0 22.0 0.0 558.0 8.0 1.0 0.5443234836702955
39 36 42 0.0 0.0 2.0 0.0 76.0 1.0 0.0 0.6740491092922483
39 36 43 0.0 0.0 0.0 0.0 6.0 0.0 0.0 0.6979062811565303
39 37 36 0.0 0.0 0.0 0.0 7.0 0.0 0.0 0.6975585450921773
39 37 37 0.0 0.0 144.0 0.0 2771.0 22.0 52.0 0.28612303290414876
39 37 38 0.0 0.0 96.0 0.0 2198.0 18.0 33.0 0.3273322422258592
39 37 39 0.0 0.0 38.0 0.0 1061.0 10.0 7.0 0.4532211071544188
39 37 40 0.0 0.0 292.0 0.0 6322.0 23.0 539.0 0.16292330967066215
39 37 41 0.0 0.0 573.0 0.0 9941.0 31.0 2396.0 0.11204481792717084
39 37 42 0.0 0.0 351.0 0.0 6871.0 30.0 735.0 0.15215737419845665
39 37 43 0.0 0.0 8.0 0.0 370.0 0.0 2.0 0.5887300252312867
39 37 44 0.0 0.0 0.0 0.0 1.0 0.0 0.0 0.6996501749125437
39 38 36 0.0 0.0 3.0 0.0 97.0 1.0 0.0 0.6669842782277274
39 38 37 0.0 0.0 324.0 0.0 7455.0 18.0 1106.0 0.14328113806161086
39 38 38 0.0 0.0 344.0 0.0 7113.0 22.0 769.0 0.14835223058175268
39 38 39 0.0 0.0 570.0 0.0 10356.0 24.0 3036.0 0.10840947808579834
39 38 40 0.0 0.0 1106.0 0.0 12783.0 37.0 12057.0 0.08815010703941568
39 38 41 0.0 0.0 904.0 0.0 12359.0 21.0 8459.0 0.0917130691123485
39 38 42 0.0 0.0 315.0 0.0 7299.0 18.0 927.0 0.14581814394333922
39 38 43 0.0 0.0 15.0 0.0 343.0 5.0 0.0 0.5949851253718657
39 38 44 0.0 0.0 86.0 0.0 1816.0 9.0 17.0 0.3595274781715459
39 38 45 0.0 0.0 0.0 0.0 1.0 0.0 0.0 0.6996501749125437
39 39 36 0.0 0.0 22.0 0.0 578.0 8.0 1.0 0.5401234567901234
39 39 37 0.0 0.0 325.0 0.0 6147.0 21.0 458.0 0.16560208185474326
39 39 38 0.0 0.0 649.0 0.0 10783.0 26.0 3591.0 0.10425199195770347
39 39 39 0.0 0.0 1262.0 3.0 12549.0 44.0 16400.0 0.08853474988933156
39 39 40 0.0 0.0 2015.0 0.0 11960.0 41.0 33616.0 0.08753282480930348
39 39 41 0.0 0.0 1579.0 0.0 12489.0 45.0 23168.0 0.08714054525084028
39 39 42 0.0 0.0 418.0 0.0 8407.0 20.0 1341.0 0.12947378155923422
39 39 43 0.0 0.0 64.0 0.0 1606.0 14.0 22.0 0.38303693570451425
39 39 44 0.0 0.0 0.0 0.0 4.0 0.0 0.0 0.6986027944111775
39 40 36 0.0 0.0 1.0 0.0 35.0 0.0 0.0 0.6876227897838899
39 40 37 0.0 0.0 116.0 0.0 3104.0 16.0 93.0 0.2690238278247502
39 40 38 0.0 0.0 821.0 0.0 12122.0 26.0 7150.0 0.0937207122774133
39 40 39 2.0 0.0 2130.0 0.0 11366.0 59.0 38390.0 0.09038089089735313
39 40 40 1.0 0.0 1605.0 1.0 12468.0 47.0 24462.0 0.08720568082720817
39 40 41 1.0 0.0 1031.0 0.0 12583.0 33.0 11840.0 0.08969184444871547
39 40 42 0.0 0.0 579.0 0.0 10265.0 36.0 3108.0 0.10916179337231968
39 40 43 0.0 0.0 10.0 0.0 273.0 3.0 0.0 0.6143045195261079
39 40 44 0.0 0.0 3.0 0.0 42.0 1.0 0.0 0.684931506849315
39 41 36 0.0 0.0 0.0 0.0 15.0 0.0 0.0 0.694789081885856
39 41 37 0.0 0.0 125.0 0.0 3082.0 7.0 90.0 0.2692307692307692
39 41 38 0.0 0.0 617.0 0.0 10540.0 23.0 3196.0 0.10647197505513727
39 41 39 0.0 0.0 1442.0 0.0 12999.0 48.0 17825.0 0.08520998174071819
39 41 40 0.0 0.0 1655.0 1.0 12472.0 46.0 24922.0 0.08683247534577931
39 41 41 0.0 0.0 1393.0 0.0 12757.0 52.0 18581.0 0.08675714197186588
39 41 42 0.0 0.0 369.0 0.0 8015.0 21.0 1134.0 0.13501784164335998
39 41 43 0.0 0.0 271.0 0.0 5549.0 33.0 362.0 0.1796714579055441
39 41 44 0.0 0.0 0.0 0.0 11.0 0.0 0.0 0.6961710591745399
39 42 36 0.0 0.0 0.0 0.0 19.0 0.0 0.0 0.6934125804853887
39 42 37 0.0 0.0 69.0 0.0 1638.0 7.0 15.0 0.3782761415833558
39 42 38 0.0 0.0 444.0 0.0 8402.0 24.0 1310.0 0.1292586095466716
39 42 39 0.0 0.0 440.0 1.0 8969.0 19.0 1918.0 0.12280701754385963
39 42 40 0.0 0.0 765.0 0.0 11635.0 37.0 6093.0 0.0973371341166655
39 42 41 0.0 0.0 464.0 0.0 9317.0 22.0 2300.0 0.11896668932698842
39 42 42 0.0 0.0 141.0 0.0 3974.0 19.0 212.0 0.2296964725184577
39 42 43 0.0 0.0 0.0 0.0 46.0 0.0 0.0 0.6842619745845552
39 42 44 0.0 0.0 0.0 0.0 10.0 0.0 0.0 0.6965174129353233
39 43 36 0.0 0.0 0.0 0.0 1.0 0.0 0.0 0.6996501749125437
39 43 37 0.0 0.0 0.0 0.0 17.0 0.0 0.0 0.6944444444444444
39 43 38 0.0 0.0 27.0 0.0 658.0 8.0 3.0 0.5233644859813084
39 43 39 0.0 0.0 207.0 0.0 4677.0 24.0 224.0 0.2040221509763917
39 43 40 0.0 0.0 510.0 0.0 9431.0 34.0 1964.0 0.11752854264607117
39 43 41 0.0 0.0 67.0 0.0 1895.0 9.0 21.0 0.35416139640779154
39 43 42 0.0 0.0 204.0 0.0 4622.0 10.0 187.0 0.20539906103286384
39 43 43 0.0 0.0 0.0 0.0 4.0 0.0 0.0 0.6986027944111775
39 44 38 0.0 0.0 0.0 0.0 9.0 0.0 0.0 0.6968641114982577
39 44 39 0.0 0.0 32.0 0.0 582.0 7.0 3.0 0.5370157268891445
39 44 40 0.0 0.0 29.0 0.0 464.0 7.0 1.0 0.5631536604987931
39 44 41 0.0 0.0 143.0 0.0 3487.0 11.0 111.0 0.2491546538529987
39 44 42 0.0 0.0 24.0 0.0 652.0 6.0 1.0 0.5241482590789965
39 44 43 0.0 0.0 0.0 0.0 2.0 0.0 0.0 0.6993006993006992
39 45 41 0.0 0.0 0.0 0.0 1.0 0.0 0.0 0.6996501749125437
40 35 38 0.0 0.0 0.0 0.0 1.0 0.0 0.0 0.6996501749125437
40 35 39 0.0 0.0 0.0 0.0 2.0 0.0 0.0 0.6993006993006992
40 35 40 0.0 0.0 0.0 0.0 2.0 0.0 0.0 0.6993006993006992
40 36 36 0.0 0.0 0.0 0.0 2.0 0.0 0.0 0.6993006993006992
40 36 37 0.0 0.0 0.0 0.0 2.0 0.0 0.0 0.6993006993006992
40 36 38 0.0 0.0 3.0 0.0 114.0 0.0 0.0 0.6613131790269249
40 36 39 0.0 0.0 13.0 0.0 267.0 6.0 0.0 0.615655233069481
40 36 40 0.0 0.0 3.0 0.0 138.0 0.0 0.0 0.6539000467071461
40 36 41 0.0 0.0 32.0 0.0 1064.0 12.0 9.0 0.4539559014267185
40 36 42 0.0 0.0 5.0 0.0 83.0 0.0 0.0 0.6704980842911876
40 36 43 0.0 0.0 0.0 0.0 9.0 0.0 0.0 0.6968641114982577
40 37 36 0.0 0.0 0.0 0.0 5.0 0.0 0.0 0.6982543640897755
40 37 37 0.0 0.0 12.0 0.0 318.0 4.0 0.0 0.6021505376344085
40 37 38 0.0 0.0 335.0 0.0 6823.0 22.0 750.0 0.15315610983481015
40 37 39 0.0 0.0 172.0 0.0 3467.0 14.0 89.0 0.24888888888888885
40 37 40 0.0 0.0 185.0 0.0 4299.0 10.0 191.0 0.21624961383997526
40 37 41 0.0 0.0 468.0 0.0 9213.0 35.0 2003.0 0.12015104703055268
40 37 42 0.0 0.0 209.0 0.0 4040.0 20.0 121.0 0.22464698331193836
40 37 43 0.0 0.0 45.0 0.0 1036.0 6.0 7.0 0.4555808656036446
40 37 44 0.0 0.0 1.0 0.0 65.0 1.0 0.0 0.6779661016949151
40 38 36 0.0 0.0 0.0 0.0 26.0 0.0 0.0 0.6910167818361302
40 38 37 0.0 0.0 25.0 0.0 686.0 4.0 3.0 0.5173688100517368
40 38 38 0.0 0.0 906.0 0.0 12289.0 38.0 9310.0 0.09221446449743116
40 38 39 0.0 0.0 466.0 0.0 8901.0 24.0 1607.0 0.12334801762114536
40 38 40 1.0 0.0 838.0 0.0 12084.0 29.0 7054.0 0.0938337801608579
40 38 41 0.0 0.0 894.0 0.0 12425.0 36.0 8308.0 0.09144947416552354
40 38 42 0.0 0.0 985.0 0.0 12609.0 47.0 8566.0 0.08989341209708487
40 38 43 0.0 0.0 224.0 0.0 5573.0 15.0 456.0 0.1798330122029544
40 38 44 0.0 0.0 0.0 0.0 32.0 0.0 0.0 0.6889763779527558
40 39 36 0.0 0.0 18.0 0.0 281.0 0.0 0.0 0.609225413402959
40 39 37 0.0 0.0 183.0 0.0 4231.0 19.0 175.0 0.2186475089801655
40 39 38 0.0 0.0 603.0 0.0 10631.0 28.0 3716.0 0.1058681185722928
40 39 39 0.0 0.0 1559.0 1.0 12323.0 44.0 23965.0 0.08819453193901977
40 39 40 0.0 0.0 1889.0 1.0 12525.0 57.0 27537.0 0.08531383302864107
40 39 41 0.0 0.0 1953.0 1.0 11995.0 60.0 31481.0 0.08780732563973907
40 39 42 0.0 0.0 920.0 0.0 12509.0 22.0 6940.0 0.09077352006743175
40 39 43 0.0 0.0 292.0 0.0 6547.0 17.0 657.0 0.15865820489573887
40 39 44 0.0 0.0 1.0 0.0 41.0 0.0 0.0 0.6856023506366307
40 40 36 0.0 0.0 89.0 0.0 1773.0 19.0 20.0 0.36420395421435997
40 40 37 0.0 0.0 479.0 0.0 9469.0 15.0 2527.0 0.11716461628588165
40 40 38 0.0 0.0 695.0 0.0 11321.0 28.0 5096.0 0.09997857601942439
40 40 39 1.0 0.0 1291.0 0.0 12795.0 41.0 17348.0 0.08707009142359598
40 40 40 8.0 10.0 3163.0 21.0 8523.0 74.0 75719.0 0.10195907071589833
40 40 41 0.0 0.0 1215.0 2.0 12712.0 40.0 15527.0 0.08792313006343025
40 40 42 0.0 0.0 609.0 0.0 10527.0 25.0 3622.0 0.10671545087277992
40 40 43 0.0 0.0 98.0 0.0 2861.0 15.0 63.0 0.2832861189801699
40 40 44 0.0 0.0 0.0 0.0 32.0 0.0 0.0 0.6889763779527558
40 41 35 0.0 0.0 0.0 0.0 1.0 0.0 0.0 0.6996501749125437
40 41 36 0.0 0.0 11.0 0.0 224.0 3.0 0.0 0.6272401433691756
40 41 37 0.0 0.0 398.0 0.0 8061.0 18.0 1302.0 0.1339969372128637
40 41 38 0.0 0.0 951.0 0.0 12507.0 40.0 8108.0 0.09063835297164313
40 41 39 0.0 0.0 1274.0 2.0 13144.0 42.0 14338.0 0.08530343650987082
40 41 40 0.0 4.0 1478.0 20.0 12716.0 47.0 20488.0 0.08636644046884638
40 41 41 0.0 0.0 1550.0 1.0 12583.0 50.0 21690.0 0.08682170542635657
40 41 42 0.0 0.0 465.0 0.0 8716.0 27.0 1531.0 0.12548176032983774
40 41 43 0.0 0.0 239.0 0.0 5881.0 24.0 452.0 0.17283950617283947
40 41 44 0.0 0.0 0.0 0.0 24.0 0.0 0.0 0.6916996047430829
40 42 35 0.0 0.0 0.0 0.0 1.0 0.0 0.0 0.6996501749125437
40 42 36 0.0 0.0 135.0 0.0 2430.0 19.0 24.0 0.3079630444346678
40 42 37 0.0 0.0 121.0 0.0 3209.0 22.0 108.0 0.2637031456018082
40 42 38 0.0 0.0 343.0 0.0 7197.0 30.0 838.0 0.14713610089332632
40 42 39 0.0 0.0 986.0 0.0 12389.0 31.0 11807.0 0.09105098855358999
40 42 40 0.0 0.0 529.0 3.0 9496.0 25.0 2322.0 0.11652101539741988
40 42 41 0.0 0.0 894.0 0.0 12439.0 25.0 7406.0 0.09128251939753536
40 42 42 0.0 0.0 191.0 0.0 4131.0 17.0 176.0 0.22187004754358158
40 42 43 0.0 0.0 15.0 0.0 342.0 3.0 1.0 0.594732370433305
40 42 44 0.0 0.0 10.0 0.0 381.0 4.0 0.0 0.5865102639296187
40 43 36 0.0 0.0 0.0 0.0 1.0 0.0 0.0 0.6996501749125437
40 43 37 0.0 0.0 6.0 0.0 205.0 0.0 0.0 0.6331976481230212
40 43 38 0.0 0.0 8.0 0.0 232.0 2.0 0.0 0.6255585344057193
40 43 39 0.0 0.0 244.0 0.0 5040.0 14.0 270.0 0.19251925192519248
40 43 40 0.0 0.0 414.0 0.0 8356.0 25.0 1291.0 0.13022044460980373
40 43 41 0.0 0.0 156.0 0.0 3518.0 19.0 86.0 0.24752475247524747
40 43 42 0.0 0.0 31.0 0.0 833.0 6.0 2.0 0.4900245012250612
40 43 43 0.0 0.0 0.0 0.0 18.0 0.0 0.0 0.6937561942517343
40 44 37 0.0 0.0 0.0 0.0 1.0 0.0 0.0 0.6996501749125437
40 44 38 0.0 0.0 0.0 0.0 7.0 0.0 0.0 0.6975585450921773
40 44 39 0.0 0.0 24.0 0.0 571.0 5.0 0.0 0.5405405405405405
40 44 40 0.0 0.0 21.0 0.0 302.0 6.0 0.0 0.6042296072507551
40 44 41 0.0 0.0 0.0 0.0 28.0 0.0 0.0 0.6906758756783422
40 44 42 0.0 0.0 4.0 0.0 56.0 0.0 0.0 0.6799417192812044
40 44 43 0.0 0.0 0.0 0.0 4.0 0.0 0.0 0.6986027944111775
40 45 40 0.0 0.0 0.0 0.0 1.0 0.0 0.0 0.6996501749125437
40 45 41 0.0 0.0 0.0 0.0 3.0 0.0 0.0 0.6989515726410384
40 45 42 0.0 0.0 0.0 0.0 2.0 0.0 0.0 0.6993006993006992
41 35 38 0.0 0.0 0.0 0.0 2.0 0.0 0.0 0.6993006993006992
41 35 39 0.0 0.0 0.0 0.0 1.0 0.0 0.0 0.6996501749125437
41 35 40 0.0 0.0 0.0 0.0 11.0 0.0 0.0 0.6961710591745399
41 36 37 0.0 0.0 0.0 0.0 6.0 0.0 0.0 0.6979062811565303
41 36 38 0.0 0.0 0.0 0.0 33.0 0.0 0.0 0.6886374815543531
41 36 39 0.0 0.0 188.0 0.0 4811.0 17.0 291.0 0.20048689674924813
41 36 40 0.0 0.0 12.0 0.0 361.0 3.0 0.0 0.590717299578059
41 36 41 0.0 0.0 1.0 0.0 82.0 0.0 0.0 0.6724303554274734
41 36 42 0.0 0.0 0.0 0.0 61.0 0.0 0.0 0.6792819019893255
41 36 43 0.0 0.0 5.0 0.0 206.0 1.0 2.0 0.6334841628959276
41 36 44 0.0 0.0 0.0 0.0 2.0 0.0 0.0 0.6993006993006992
41 37 36 0.0 0.0 0.0 0.0 1.0 0.0 0.0 0.6996501749125437
41 37 37 0.0 0.0 5.0 0.0 140.0 2.0 0.0 0.6532897806812878
41 37 38 0.0 0.0 18.0 0.0 843.0 8.0 3.0 0.49088359046283303
41 37 39 0.0 0.0 340.0 0.0 7571.0 21.0 1174.0 0.1414427157001414
41 37 40 0.0 0.0 234.0 0.0 5504.0 17.0 352.0 0.18127670594328626
41 37 41 0.0 0.0 280.0 0.0 6066.0 15.0 540.0 0.16792611251049536
41 37 42 0.0 0.0 365.0 0.0 7083.0 24.0 694.0 0.14838367779544248
41 37 43 0.0 0.0 181.0 0.0 4044.0 17.0 158.0 0.22551546391752575
41 37 44 0.0 0.0 0.0 0.0 21.0 0.0 0.0 0.6927263730826323
41 38 37 0.0 0.0 148.0 0.0 3059.0 13.0 69.0 0.26954177897574116
41 38 38 0.0 0.0 323.0 0.0 6946.0 23.0 762.0 0.15140045420136258
41 38 39 0.0 0.0 689.0 0.0 11229.0 17.0 5040.0 0.10056748796781839
41 38 40 0.0 0.0 1032.0 0.0 12579.0 22.0 10094.0 0.08966312283847827
41 38 41 0.0 0.0 923.0 0.0 12343.0 31.0 9396.0 0.09177318911832184
41 38 42 0.0 0.0 972.0 0.0 12203.0 42.0 11479.0 0.09228132621448815
41 38 43 0.0 0.0 271.0 0.0 6229.0 15.0 556.0 0.16493873704052778
41 38 44 0.0 0.0 33.0 0.0 757.0 4.0 3.0 0.5025125628140703
41 39 35 0.0 0.0 0.0 0.0 1.0 0.0 0.0 0.6996501749125437
41 39 36 0.0 0.0 38.0 0.0 717.0 5.0 0.0 0.5092761004001454
41 39 37 0.0 0.0 61.0 0.0 1264.0 7.0 6.0 0.42206813385589387
41 39 38 0.0 0.0 622.0 0.0 10686.0 31.0 3285.0 0.10530274539300488
41 39 39 0.0 0.0 1169.0 3.0 12779.0 44.0 13676.0 0.08788449466415567
41 39 40 0.0 0.0 2136.0 0.0 11324.0 65.0 36730.0 0.09062075215224286
41 39 41 1.0 0.0 2486.0 0.0 10486.0 51.0 49284.0 0.09338936695350541
41 39 42 0.0 0.0 1041.0 0.0 12824.0 29.0 10314.0 0.0882445635045698
41 39 43 0.0 0.0 263.0 0.0 6070.0 16.0 523.0 0.16832992665624621
41 39 44 0.0 0.0 16.0 0.0 490.0 5.0 1.0 0.5597760895641744
41 40 35 0.0 0.0 0.0 0.0 1.0 0.0 0.0 0.6996501749125437
41 40 36 0.0 0.0 150.0 0.0 3744.0 20.0 153.0 0.238135737370301
41 40 37 0.0 0.0 181.0 0.0 4111.0 16.0 148.0 0.2230009557183816
41 40 38 0.0 0.0 788.0 0.0 11905.0 30.0 6433.0 0.0953483620513519
41 40 39 0.0 0.0 1732.0 0.0 11996.0 46.0 27798.0 0.0889792805389602
41 40 40 0.0 0.0 1073.0 10.0 13093.0 49.0 9576.0 0.08668730650154798
41 40 41 0.0 0.0 1598.0 1.0 12650.0 48.0 22756.0 0.08615914825527723
41 40 42 0.0 0.0 1228.0 0.0 12625.0 33.0 14970.0 0.08828351620633118
41 40 43 0.0 0.0 491.0 0.0 9466.0 25.0 2420.0 0.11725293132328307
41 40 44 0.0 0.0 90.0 0.0 1835.0 9.0 24.0 0.35741639009445997
41 41 35 0.0 0.0 0.0 0.0 1.0 0.0 0.0 0.6996501749125437
41 41 36 0.0 0.0 4.0 0.0 115.0 1.0 0.0 0.6610009442870631
41 41 37 0.0 0.0 396.0 0.0 7942.0 19.0 1082.0 0.13556696039508084
41 41 38 0.0 0.0 585.0 0.0 10515.0 22.0 3471.0 0.10694370177984874
41 41 39 0.0 0.0 1393.0 1.0 12650.0 47.0 17801.0 0.0873144567793439
41 41 40 0.0 0.0 1847.0 0.0 11467.0 55.0 32201.0 0.09149130832570905
41 41 41 0.0 1.0 995.0 10.0 12642.0 36.0 7484.0 0.08948545861297538
41 41 42 0.0 0.0 400.0 0.0 8134.0 24.0 1132.0 0.13311780926119612
41 41 43 0.0 0.0 193.0 0.0 4193.0 28.0 181.0 0.22005658597925176
41 41 44 0.0 0.0 4.0 0.0 56.0 1.0 0.0 0.6799417192812044
41 41 45 0.0 0.0 0.0 0.0 1.0 0.0 0.0 0.6996501749125437
41 42 36 0.0 0.0 47.0 0.0 879.0 7.0 4.0 0.4796163069544363
41 42 37 0.0 0.0 122.0 0.0 2682.0 16.0 39.0 0.29245874242740755
41 42 38 0.0 0.0 165.0 0.0 4282.0 18.0 178.0 0.21779713752333538
41 42 39 0.0 0.0 353.0 0.0 7428.0 19.0 881.0 0.14328113806161086
41 42 40 0.0 0.0 501.0 0.0 9962.0 25.0 2698.0 0.11245883203470158
41 42 41 0.0 0.0 542.0 0.0 9844.0 27.0 2313.0 0.11322280630812777
41 42 42 0.0 0.0 114.0 0.0 2991.0 15.0 91.0 0.2751031636863824
41 42 43 0.0 0.0 18.0 0.0 262.0 1.0 0.0 0.6143045195261079
41 42 44 0.0 0.0 0.0 0.0 6.0 0.0 0.0 0.6979062811565303
41 43 36 0.0 0.0 0.0 0.0 2.0 0.0 0.0 0.6993006993006992
41 43 37 0.0 0.0 0.0 0.0 10.0 0.0 0.0 0.6965174129353233
41 43 38 0.0 0.0 11.0 0.0 349.0 4.0 1.0 0.5942275042444821
41 43 39 0.0 0.0 249.0 0.0 4679.0 17.0 204.0 0.20242914979757085
41 43 40 0.0 0.0 37.0 0.0 1100.0 6.0 12.0 0.44728434504792325
41 43 41 0.0 0.0 109.0 0.0 2377.0 17.0 50.0 0.31319910514541377
41 43 42 0.0 0.0 180.0 0.0 3675.0 23.0 130.0 0.2399314481576692
41 43 43 0.0 0.0 0.0 0.0 4.0 0.0 0.0 0.6986027944111775
41 44 38 0.0 0.0 15.0 0.0 260.0 0.0 0.0 0.6153846153846153
41 44 39 0.0 0.0 0.0 0.0 3.0 0.0 0.0 0.6989515726410384
41 44 40 0.0 0.0 0.0 0.0 21.0 0.0 0.0 0.6927263730826323
41 44 41 0.0 0.0 7.0 0.0 108.0 1.0 0.0 0.662251655629139
41 44 42 0.0 0.0 0.0 0.0 3.0 0.0 0.0 0.6989515726410384
41 44 43 0.0 0.0 0.0 0.0 4.0 0.0 0.0 0.6986027944111775
42 35 38 0.0 0.0 0.0 0.0 4.0 0.0 0.0 0.6986027944111775
42 35 39 0.0 0.0 0.0 0.0 5.0 0.0 0.0 0.6982543640897755
42 35 40 0.0 0.0 0.0 0.0 1.0 0.0 0.0 0.6996501749125437
42 35 41 0.0 0.0 0.0 0.0 1.0 0.0 0.0 0.6996501749125437
42 36 38 0.0 0.0 0.0 0.0 14.0 0.0 0.0 0.6951340615690167
42 36 39 0.0 0.0 91.0 0.0 1919.0 16.0 31.0 0.35043804755944924
42 36 40 0.0 0.0 2.0 0.0 109.0 2.0 0.0 0.6638217164532954
42 36 41 0.0 0.0 29.0 0.0 624.0 7.0 0.0 0.5291005291005291
42 36 42 0.0 0.0 1.0 0.0 33.0 1.0 0.0 0.6886374815543531
42 36 43 0.0 0.0 2.0 0.0 23.0 1.0 0.0 0.6916996047430829
42 36 44 0.0 0.0 0.0 0.0 11.0 0.0 0.0 0.6961710591745399
42 37 37 0.0 0.0 0.0 0.0 11.0 0.0 0.0 0.6961710591745399
42 37 38 0.0 0.0 10.0 0.0 242.0 2.0 0.0 0.6222222222222221
42 37 39 0.0 0.0 274.0 0.0 5587.0 23.0 305.0 0.17852588625350674
42 37 40 0.0 0.0 591.0 0.0 10156.0 39.0 3115.0 0.11007154650522838
42 37 41 0.0 0.0 459.0 0.0 8627.0 28.0 1580.0 0.12653651482284886
42 37 42 0.0 0.0 96.0 0.0 2354.0 6.0 34.0 0.3151024082826918
42 37 43 0.0 0.0 215.0 0.0 5748.0 23.0 512.0 0.17630021407883137
42 37 44 0.0 0.0 1.0 0.0 16.0 0.0 0.0 0.694100148735746
42 38 36 0.0 0.0 0.0 0.0 7.0 1.0 0.0 0.6979062811565303
42 38 37 0.0 0.0 0.0 0.0 49.0 0.0 0.0 0.6832601268911663
42 38 38 0.0 0.0 232.0 0.0 5386.0 18.0 371.0 0.1841136244082062
42 38 39 0.0 0.0 415.0 0.0 8965.0 26.0 1953.0 0.12318521777386712
42 38 40 0.0 0.0 1017.0 0.0 12332.0 34.0 11976.0 0.09121709669012248
42 38 41 0.0 0.0 1176.0 0.0 12714.0 36.0 13412.0 0.08810018249323516
42 38 42 0.0 0.0 371.0 0.0 7982.0 31.0 1327.0 0.1354882415561792
42 38 43 0.0 0.0 44.0 0.0 1469.0 7.0 12.0 0.399315459212778
42 38 44 0.0 0.0 0.0 0.0 18.0 0.0 0.0 0.6937561942517343
42 39 36 0.0 0.0 0.0 0.0 6.0 0.0 0.0 0.6982543640897755
42 39 37 0.0 0.0 124.0 0.0 3151.0 17.0 81.0 0.2662609357170026
42 39 38 0.0 0.0 244.0 0.0 5348.0 15.0 321.0 0.18472093943792053
42 39 39 0.0 0.0 697.0 0.0 11139.0 30.0 4058.0 0.10119994217146161
42 39 40 0.0 0.0 1073.0 0.0 12694.0 23.0 12137.0 0.08879304877275321
42 39 41 0.0 0.0 941.0 0.0 12532.0 27.0 8376.0 0.09050943884147918
42 39 42 0.0 0.0 1160.0 0.0 12813.0 37.0 13165.0 0.08762596232083619
42 39 43 0.0 0.0 107.0 0.0 2645.0 16.0 41.0 0.295483326298016
42 39 44 0.0 0.0 6.0 0.0 152.0 2.0 0.0 0.6493506493506492
42 39 45 0.0 0.0 0.0 0.0 2.0 0.0 0.0 0.6993006993006992
42 40 36 0.0 0.0 0.0 0.0 24.0 0.0 0.0 0.6916996047430829
42 40 37 0.0 0.0 53.0 0.0 1285.0 12.0 4.0 0.4209260372820204
42 40 38 0.0 0.0 691.0 0.0 11394.0 29.0 5456.0 0.09949541610404376
42 40 39 0.0 0.0 710.0 0.0 11492.0 29.0 4455.0 0.0986540765273765
42 40 40 0.0 0.0 944.0 0.0 12281.0 27.0 9729.0 0.09190573097879602
42 40 41 0.0 0.0 1016.0 0.0 12772.0 24.0 9066.0 0.08860759493670885
42 40 42 0.0 0.0 875.0 0.0 12264.0 34.0 7947.0 0.09250693802035151
42 40 43 0.0 0.0 282.0 0.0 6283.0 20.0 523.0 0.16374269005847952
42 40 44 0.0 0.0 55.0 0.0 1083.0 7.0 3.0 0.44714148834238254
42 41 36 0.0 0.0 0.0 0.0 12.0 0.0 0.0 0.6958250497017892
42 41 37 0.0 0.0 17.0 0.0 512.0 2.0 3.0 0.5540166204986148
42 41 38 0.0 0.0 402.0 0.0 8291.0 15.0 1426.0 0.1310493307123467
42 41 39 0.0 0.0 602.0 0.0 10105.0 37.0 2540.0 0.11036657469452107
42 41 40 0.0 0.0 539.0 0.0 10121.0 17.0 3341.0 0.11061946902654865
42 41 41 0.0 0.0 179.0 1.0 4289.0 14.0 207.0 0.2168861347792409
42 41 42 0.0 0.0 472.0 0.0 9506.0 26.0 2418.0 0.11701771982614508
42 41 43 0.0 0.0 157.0 0.0 3316.0 16.0 78.0 0.25659824046920815
42 41 44 0.0 0.0 6.0 0.0 72.0 3.0 0.0 0.6746987951807227
42 42 36 0.0 0.0 0.0 0.0 18.0 0.0 0.0 0.6937561942517343
42 42 37 0.0 0.0 1.0 0.0 96.0 0.0 0.0 0.6676204101096804
42 42 38 0.0 0.0 392.0 0.0 8184.0 22.0 1303.0 0.1325506532853626
42 42 39 0.0 0.0 438.0 0.0 8915.0 21.0 1889.0 0.12348945929258179
42 42 40 0.0 0.0 173.0 0.0 4397.0 19.0 233.0 0.21367521367521367
42 42 41 0.0 0.0 531.0 0.0 9758.0 26.0 2465.0 0.11402508551881413
42 42 42 0.0 0.0 41.0 0.0 906.0 14.0 5.0 0.47732696897374693
42 42 43 0.0 0.0 0.0 0.0 36.0 0.0 0.0 0.6876227897838899
42 43 36 0.0 0.0 0.0 0.0 1.0 0.0 0.0 0.6996501749125437
42 43 37 0.0 0.0 0.0 0.0 11.0 0.0 0.0 0.6961710591745399
42 43 38 0.0 0.0 5.0 0.0 195.0 1.0 0.0 0.6366530241018644
42 43 39 0.0 0.0 8.0 0.0 235.0 6.0 0.0 0.6258381761287437
42 43 40 0.0 0.0 0.0 0.0 90.0 0.0 1.0 0.6698564593301434
42 43 41 0.0 0.0 48.0 0.0 1102.0 7.0 1.0 0.4452926208651399
42 43 42 0.0 0.0 22.0 0.0 590.0 9.0 3.0 0.5378409527468304
42 43 43 0.0 0.0 0.0 0.0 1.0 0.0 0.0 0.6996501749125437
42 44 38 0.0 0.0 0.0 0.0 3.0 0.0 0.0 0.6989515726410384
42 44 39 0.0 0.0 0.0 0.0 1.0 0.0 0.0 0.6996501749125437
42 44 40 0.0 0.0 6.0 0.0 58.0 0.0 0.0 0.6782945736434108
42 44 41 0.0 0.0 0.0 0.0 3.0 0.0 0.0 0.6989515726410384
42 44 42 0.0 0.0 0.0 0.0 1.0 0.0 0.0 0.6996501749125437
42 44 43 0.0 0.0 0.0 0.0 2.0 0.0 0.0 0.6993006993006992
43 36 38 0.0 0.0 0.0 0.0 3.0 0.0 0.0 0.6989515726410384
43 36 39 0.0 0.0 19.0 0.0 500.0 4.0 0.0 0.5566600397614313
43 36 40 0.0 0.0 0.0 0.0 25.0 0.0 0.0 0.6913580246913579
43 36 41 0.0 0.0 5.0 0.0 139.0 1.0 0.0 0.6532897806812878
43 36 42 0.0 0.0 4.0 0.0 60.0 2.0 0.0 0.6789524733268669
43 36 43 0.0 0.0 0.0 0.0 3.0 0.0 0.0 0.6989515726410384
43 36 44 0.0 0.0 0.0 0.0 4.0 0.0 0.0 0.6986027944111775
43 37 38 0.0 0.0 5.0 0.0 77.0 1.0 0.0 0.6727534839019701
43 37 39 0.0 0.0 11.0 0.0 326.0 6.0 2.0 0.6006006006006005
43 37 40 0.0 0.0 97.0 0.0 2127.0 19.0 35.0 0.3329369797859691
43 37 41 0.0 0.0 122.0 0.0 2780.0 12.0 71.0 0.2862400327131465
43 37 42 0.0 0.0 8.0 0.0 399.0 3.0 1.0 0.5823627287853577
43 37 43 0.0 0.0 88.0 0.0 1958.0 7.0 25.0 0.34653465346534645
43 37 44 0.0 0.0 0.0 0.0 5.0 0.0 0.0 0.6982543640897755
43 38 37 0.0 0.0 0.0 0.0 1.0 0.0 0.0 0.6996501749125437
43 38 38 0.0 0.0 41.0 0.0 646.0 10.0 1.0 0.5231689088191329
43 38 39 0.0 0.0 42.0 0.0 1250.0 8.0 12.0 0.4264392324093816
43 38 40 0.0 0.0 234.0 0.0 5077.0 20.0 292.0 0.19196489784725076
43 38 41 0.0 0.0 266.0 0.0 6411.0 14.0 625.0 0.16153224875966307
43 38 42 0.0 0.0 192.0 0.0 4945.0 21.0 291.0 0.19668446192750771
43 38 43 0.0 0.0 176.0 0.0 3636.0 19.0 116.0 0.2415875754961173
43 38 44 0.0 0.0 0.0 0.0 19.0 0.0 0.0 0.6934125804853887
43 39 36 0.0 0.0 0.0 0.0 1.0 0.0 0.0 0.6996501749125437
43 39 37 0.0 0.0 1.0 0.0 59.0 1.0 0.0 0.6799417192812044
43 39 38 0.0 0.0 48.0 0.0 1215.0 13.0 10.0 0.43076923076923074
43 39 39 0.0 0.0 212.0 0.0 4997.0 15.0 285.0 0.19455252918287935
43 39 40 0.0 0.0 419.0 0.0 8459.0 21.0 1523.0 0.12881854987118144
43 39 41 0.0 0.0 195.0 0.0 4744.0 33.0 237.0 0.20269292022585778
43 39 42 0.0 0.0 364.0 0.0 7669.0 21.0 949.0 0.1397205588822355
43 39 43 0.0 0.0 257.0 0.0 5746.0 19.0 419.0 0.17528483786152496
43 39 44 0.0 0.0 0.0 0.0 18.0 0.0 0.0 0.6937561942517343
43 40 36 0.0 0.0 0.0 0.0 10.0 0.0 0.0 0.6965174129353233
43 40 37 0.0 0.0 26.0 0.0 585.0 4.0 2.0 0.5372217958557175
43 40 38 0.0 0.0 231.0 0.0 4848.0 20.0 268.0 0.19835647492207423
43 40 39 0.0 0.0 230.0 0.0 4571.0 15.0 198.0 0.20627670546633264
43 40 40 0.0 0.0 255.0 0.0 5870.0 14.0 473.0 0.1724987678659438
43 40 41 0.0 0.0 451.0 0.0 8837.0 20.0 1817.0 0.12410247318500131
43 40 42 0.0 0.0 181.0 0.0 4200.0 11.0 150.0 0.2197112366603892
43 40 43 0.0 0.0 148.0 0.0 3141.0 17.0 76.0 0.2655035084392186
43 40 44 0.0 0.0 1.0 0.0 61.0 0.0 0.0 0.6789524733268669
43 41 35 0.0 0.0 0.0 0.0 1.0 0.0 0.0 0.6996501749125437
43 41 36 0.0 0.0 0.0 0.0 6.0 0.0 0.0 0.6979062811565303
43 41 37 0.0 0.0 328.0 0.0 6948.0 20.0 780.0 0.1512205659969756
43 41 38 0.0 0.0 15.0 0.0 416.0 4.0 0.0 0.5768438401318499
43 41 39 0.0 0.0 234.0 0.0 4440.0 18.0 190.0 0.21033653846153844
43 41 40 0.0 0.0 500.0 0.0 8819.0 31.0 1347.0 0.12393767705382433
43 41 41 0.0 0.0 28.0 0.0 973.0 4.0 8.0 0.4671338004671337
43 41 42 0.0 0.0 94.0 0.0 2564.0 22.0 52.0 0.3020496224379719
43 41 43 0.0 0.0 35.0 0.0 959.0 7.0 4.0 0.4686976899899564
43 41 44 0.0 0.0 0.0 0.0 7.0 0.0 0.0 0.6975585450921773
43 42 36 0.0 0.0 0.0 0.0 3.0 0.0 0.0 0.6989515726410384
43 42 37 0.0 0.0 1.0 0.0 104.0 0.0 0.0 0.6650831353919239
43 42 38 0.0 0.0 28.0 0.0 503.0 4.0 0.0 0.5540166204986148
43 42 39 0.0 0.0 105.0 0.0 2628.0 7.0 55.0 0.29623360135421073
43 42 40 0.0 0.0 30.0 0.0 1197.0 8.0 9.0 0.4349176762969866
43 42 41 0.0 0.0 4.0 0.0 132.0 1.0 0.0 0.6560449859418931
43 42 42 0.0 0.0 0.0 0.0 51.0 0.0 0.0 0.68259385665529
43 42 43 0.0 0.0 0.0 0.0 24.0 0.0 0.0 0.6916996047430829
43 43 35 0.0 0.0 0.0 0.0 1.0 0.0 0.0 0.6996501749125437
43 43 37 0.0 0.0 0.0 0.0 16.0 0.0 0.0 0.6944444444444444
43 43 38 0.0 0.0 1.0 0.0 28.0 0.0 0.0 0.6899950714637751
43 43 39 0.0 0.0 0.0 0.0 52.0 0.0 0.0 0.68259385665529
43 43 40 0.0 0.0 0.0 0.0 28.0 0.0 0.0 0.690335305719921
43 43 41 0.0 0.0 3.0 0.0 61.0 2.0 0.0 0.6789524733268669
43 43 42 0.0 0.0 0.0 0.0 21.0 0.0 0.0 0.6927263730826323
44 36 39 0.0 0.0 0.0 0.0 1.0 0.0 0.0 0.6996501749125437
44 36 40 0.0 0.0 0.0 0.0 2.0 0.0 0.0 0.6993006993006992
44 36 41 0.0 0.0 1.0 0.0 9.0 1.0 0.0 0.6968641114982577
44 37 39 0.0 0.0 0.0 0.0 2.0 0.0 0.0 0.6993006993006992
44 37 40 0.0 0.0 0.0 0.0 9.0 0.0 0.0 0.6968641114982577
44 37 41 0.0 0.0 0.0 0.0 14.0 0.0 0.0 0.6951340615690167
44 37 42 0.0 0.0 0.0 0.0 9.0 0.0 0.0 0.6968641114982577
44 37 43 0.0 0.0 2.0 0.0 32.0 0.0 0.0 0.6882989183874139
44 37 44 0.0 0.0 0.0 0.0 1.0 0.0 0.0 0.6996501749125437
44 38 38 0.0 0.0 2.0 0.0 80.0 1.0 0.0 0.6727534839019701
44 38 39 0.0 0.0 0.0 0.0 30.0 0.0 0.0 0.689655172413793
44 38 40 0.0 0.0 0.0 0.0 36.0 0.0 0.0 0.6876227897838899
44 38 41 0.0 0.0 98.0 0.0 2008.0 8.0 27.0 0.3416300634455831
44 38 42 0.0 0.0 0.0 0.0 20.0 0.0 0.0 0.6934125804853887
44 38 43 0.0 0.0 0.0 0.0 10.0 0.0 0.0 0.6968641114982577
44 38 44 0.0 0.0 0.0 0.0 6.0 0.0 0.0 0.6979062811565303
44 39 38 0.0 0.0 0.0 0.0 11.0 0.0 0.0 0.6961710591745399
44 39 39 0.0 0.0 0.0 0.0 16.0 0.0 0.0 0.6944444444444444
44 39 40 0.0 0.0 0.0 0.0 74.0 1.0 0.0 0.6760019314340897
44 39 41 0.0 0.0 55.0 0.0 1116.0 6.0 7.0 0.44219835754895764
44 39 42 0.0 0.0 0.0 0.0 43.0 0.0 0.0 0.6852667645619186
44 39 43 0.0 0.0 0.0 0.0 7.0 0.0 0.0 0.6975585450921773
44 39 44 0.0 0.0 0.0 0.0 5.0 0.0 0.0 0.6982543640897755
44 40 36 0.0 0.0 38.0 0.0 720.0 8.0 3.0 0.509090909090909
44 40 37 0.0 0.0 0.0 0.0 6.0 0.0 0.0 0.6979062811565303
44 40 38 0.0 0.0 0.0 0.0 11.0 0.0 0.0 0.6961710591745399
44 40 39 0.0 0.0 2.0 0.0 104.0 1.0 0.0 0.6650831353919239
44 40 40 0.0 0.0 44.0 0.0 869.0 7.0 7.0 0.48176187198898823
44 40 41 0.0 0.0 0.0 0.0 47.0 0.0 0.0 0.6839276990718123
44 40 42 0.0 0.0 12.0 0.0 275.0 2.0 0.0 0.612691466083151
44 40 43 0.0 0.0 4.0 0.0 108.0 2.0 0.0 0.6635071090047392
44 40 44 0.0 0.0 30.0 0.0 547.0 5.0 2.0 0.5443234836702955
44 41 36 0.0 0.0 0.0 0.0 5.0 0.0 0.0 0.6982543640897755
44 41 37 0.0 0.0 1.0 0.0 28.0 1.0 0.0 0.690335305719921
44 41 38 0.0 0.0 0.0 0.0 17.0 0.0 0.0 0.694100148735746
44 41 39 0.0 0.0 0.0 0.0 30.0 0.0 0.0 0.689655172413793
44 41 40 0.0 0.0 3.0 0.0 76.0 1.0 0.0 0.6737247353224253
44 41 41 0.0 0.0 138.0 0.0 3208.0 15.0 80.0 0.26261489401613203
44 41 42 0.0 0.0 1.0 0.0 25.0 1.0 0.0 0.6913580246913579
44 41 43 0.0 0.0 0.0 0.0 4.0 0.0 0.0 0.6986027944111775
44 41 44 0.0 0.0 0.0 0.0 3.0 0.0 0.0 0.6989515726410384
44 42 36 0.0 0.0 71.0 0.0 2076.0 13.0 25.0 0.33857315598548965
44 42 37 0.0 0.0 0.0 0.0 12.0 0.0 0.0 0.6958250497017892
44 42 38 0.0 0.0 0.0 0.0 9.0 0.0 0.0 0.6968641114982577
44 42 39 0.0 0.0 0.0 0.0 7.0 0.0 0.0 0.6975585450921773
44 42 40 0.0 0.0 0.0 0.0 14.0 0.0 0.0 0.6951340615690167
44 42 41 0.0 0.0 0.0 0.0 7.0 0.0 0.0 0.6975585450921773
44 42 43 0.0 0.0 0.0 0.0 1.0 0.0 0.0 0.6996501749125437
44 42 44 0.0 0.0 0.0 0.0 1.0 0.0 0.0 0.6996501749125437
44 43 35 0.0 0.0 0.0 0.0 2.0 0.0 0.0 0.6993006993006992
45 38 40 0.0 0.0 0.0 0.0 1.0 0.0 0.0 0.6996501749125437
45 40 40 0.0 0.0 0.0 0.0 1.0 0.0 0.0 0.6996501749125437
45 40 41 0.0 0.0 0.0 0.0 4.0 0.0 0.0 0.6986027944111775
45 40 42 0.0 0.0 0.0 0.0 1.0 0.0 0.0 0.6996501749125437
45 41 36 0.0 0.0 0.0 0.0 2.0 0.0 0.0 0.6993006993006992
45 41 37 0.0 0.0 0.0 0.0 1.0 0.0 0.0 0.6996501749125437
45 41 41 0.0 0.0 0.0 0.0 2.0 0.0 0.0 0.6993006993006992
45 42 41 0.0 0.0 0.0 0.0 6.0 0.0 0.0 0.6979062811565303
45 42 42 0.0 0.0 0.0 0.0 1.0 0.0 0.0 0.6996501749125437
45 43 35 0.0 0.0 0.0 0.0 1.0 0.0 0.0 0.6996501749125437
