35 39 38 0.0 0.0 0.0 0.0 1.0 0.0 0.0 0.6996501749125437
35 40 38 0.0 0.0 0.0 0.0 2.0 0.0 0.0 0.6993006993006992
35 40 39 0.0 0.0 0.0 0.0 2.0 0.0 0.0 0.6993006993006992
35 40 40 0.0 0.0 0.0 0.0 2.0 0.0 0.0 0.6993006993006992
35 41 40 0.0 0.0 0.0 0.0 1.0 0.0 0.0 0.6996501749125437
36 36 39 0.0 0.0 0.0 0.0 5.0 0.0 0.0 0.6982543640897755
36 36 40 0.0 0.0 0.0 0.0 1.0 0.0 0.0 0.6996501749125437
36 37 39 0.0 0.0 0.0 0.0 1.0 0.0 0.0 0.6996501749125437
36 37 40 0.0 0.0 0.0 0.0 1.0 0.0 0.0 0.6996501749125437
36 38 38 0.0 0.0 0.0 0.0 2.0 0.0 0.0 0.6993006993006992
36 38 39 0.0 0.0 0.0 0.0 3.0 0.0 0.0 0.6989515726410384
36 38 40 0.0 0.0 15.0 0.0 291.0 6.0 0.0 0.608695652173913
36 38 41 0.0 0.0 0.0 0.0 2.0 0.0 0.0 0.6993006993006992
36 39 37 0.0 0.0 0.0 0.0 1.0 0.0 0.0 0.6996501749125437
36 39 38 0.0 0.0 0.0 0.0 15.0 0.0 0.0 0.694789081885856
36 39 39 0.0 0.0 21.0 0.0 717.0 5.0 2.0 0.5122575923893158
36 39 40 0.0 0.0 3.0 0.0 19.0 0.0 0.0 0.6923837784371908
36 39 41 0.0 0.0 0.0 0.0 1.0 0.0 0.0 0.6996501749125437
36 40 37 0.0 0.0 0.0 0.0 4.0 0.0 0.0 0.6986027944111775
36 40 38 0.0 0.0 59.0 0.0 1425.0 14.0 19.0 0.40345821325648407
36 40 39 0.0 0.0 26.0 0.0 624.0 6.0 3.0 0.5295007564296519
36 40 40 0.0 0.0 0.0 0.0 14.0 0.0 0.0 0.6951340615690167
36 40 41 0.0 0.0 0.0 0.0 2.0 0.0 0.0 0.6993006993006992
36 41 38 0.0 0.0 24.0 0.0 408.0 6.0 1.0 0.5770816158285242
36 41 39 0.0 0.0 0.0 0.0 17.0 0.0 0.0 0.694100148735746
36 41 40 0.0 0.0 4.0 0.0 201.0 1.0 1.0 0.6352087114337567
36 41 41 0.0 0.0 0.0 0.0 13.0 0.0 0.0 0.695479384003974
36 41 42 0.0 0.0 0.0 0.0 1.0 0.0 0.0 0.6996501749125437
36 41 43 0.0 0.0 0.0 0.0 1.0 0.0 0.0 0.6996501749125437
36 42 38 0.0 0.0 0.0 0.0 2.0 0.0 0.0 0.6993006993006992
36 42 39 0.0 0.0 0.0 0.0 4.0 0.0 0.0 0.6986027944111775
36 42 40 0.0 0.0 0.0 0.0 6.0 0.0 0.0 0.6979062811565303
36 42 41 0.0 0.0 0.0 0.0 10.0 0.0 0.0 0.6965174129353233
36 42 42 0.0 0.0 0.0 0.0 1.0 0.0 0.0 0.6996501749125437
36 43 39 0.0 0.0 0.0 0.0 11.0 0.0 0.0 0.6961710591745399
36 43 40 0.0 0.0 0.0 0.0 2.0 0.0 0.0 0.6993006993006992
36 43 41 0.0 0.0 0.0 0.0 2.0 0.0 0.0 0.6993006993006992
36 44 39 0.0 0.0 0.0 0.0 1.0 0.0 0.0 0.6996501749125437
37 36 39 0.0 0.0 0.0 0.0 2.0 0.0 0.0 0.6993006993006992
37 36 40 0.0 0.0 0.0 0.0 3.0 0.0 0.0 0.6989515726410384
37 36 41 0.0 0.0 0.0 0.0 6.0 0.0 0.0 0.6979062811565303
37 37 37 0.0 0.0 0.0 0.0 3.0 0.0 0.0 0.6989515726410384
37 37 38 0.0 0.0 0.0 0.0 12.0 0.0 0.0 0.6958250497017892
37 37 39 0.0 0.0 16.0 0.0 232.0 0.0 0.0 0.6227758007117437
37 37 40 0.0 0.0 135.0 0.0 3328.0 12.0 91.0 0.25669233590025664
37 37 41 0.0 0.0 5.0 0.0 115.0 1.0 0.0 0.6606890042472864
37 37 42 0.0 0.0 0.0 0.0 7.0 0.0 0.0 0.6975585450921773
37 38 37 0.0 0.0 0.0 0.0 23.0 0.0 0.0 0.6920415224913494
37 38 38 0.0 0.0 12.0 0.0 356.0 3.0 0.0 0.5919661733615221
37 38 39 0.0 0.0 3.0 0.0 184.0 1.0 1.0 0.6407322654462241
37 38 40 0.0 0.0 0.0 0.0 162.0 1.0 0.0 0.6478482184173993
37 38 41 0.0 0.0 42.0 0.0 1223.0 9.0 15.0 0.4299754299754299
37 38 42 0.0 0.0 0.0 0.0 81.0 0.0 0.0 0.6727534839019701
37 38 43 0.0 0.0 0.0 0.0 3.0 0.0 0.0 0.6989515726410384
37 39 37 0.0 0.0 3.0 0.0 42.0 1.0 0.0 0.684931506849315
37 39 38 0.0 0.0 34.0 0.0 975.0 4.0 3.0 0.46589018302828616
37 39 39 0.0 0.0 126.0 0.0 2892.0 14.0 64.0 0.27972027972027974
37 39 40 0.0 0.0 53.0 0.0 1419.0 16.0 14.0 0.40532715691951354
37 39 41 0.0 0.0 35.0 0.0 1256.0 6.0 6.0 0.42604990870359094
37 39 42 0.0 0.0 0.0 0.0 65.0 0.0 0.0 0.6782945736434108
37 39 43 0.0 0.0 0.0 0.0 12.0 0.0 0.0 0.6958250497017892
37 40 37 0.0 0.0 0.0 0.0 21.0 0.0 0.0 0.6927263730826323
37 40 38 0.0 0.0 7.0 0.0 382.0 1.0 0.0 0.5862646566164154
37 40 39 0.0 0.0 417.0 0.0 8466.0 25.0 1544.0 0.12879484820607176
37 40 40 0.0 0.0 177.0 0.0 4474.0 17.0 192.0 0.21103406692794693
37 40 41 0.0 0.0 121.0 0.0 2946.0 16.0 55.0 0.27706313081337813
37 40 42 0.0 0.0 1.0 0.0 60.0 1.0 0.0 0.6796116504854368
37 40 43 0.0 0.0 0.0 0.0 6.0 0.0 0.0 0.6979062811565303
37 41 37 0.0 0.0 0.0 0.0 19.0 0.0 0.0 0.6934125804853887
37 41 38 0.0 0.0 5.0 0.0 290.0 1.0 0.0 0.6102877070619005
37 41 39 0.0 0.0 108.0 0.0 3218.0 15.0 97.0 0.2637031456018082
37 41 40 0.0 0.0 60.0 0.0 1391.0 10.0 17.0 0.40697674418604646
37 41 41 0.0 0.0 47.0 0.0 1649.0 7.0 11.0 0.37940379403794033
37 41 42 0.0 0.0 1.0 0.0 77.0 1.0 0.0 0.6743737957610789
37 41 43 0.0 0.0 0.0 0.0 12.0 0.0 0.0 0.6958250497017892
37 42 38 0.0 0.0 0.0 0.0 90.0 0.0 0.0 0.6698564593301434
37 42 39 0.0 0.0 93.0 0.0 2635.0 11.0 68.0 0.29673590504451036
37 42 40 0.0 0.0 292.0 0.0 5825.0 19.0 371.0 0.17288219313410716
37 42 41 0.0 0.0 62.0 0.0 1548.0 13.0 9.0 0.3891050583657587
37 42 42 0.0 0.0 76.0 0.0 1572.0 13.0 7.0 0.3851444291609353
37 42 43 0.0 0.0 0.0 0.0 2.0 0.0 0.0 0.6993006993006992
37 43 37 0.0 0.0 0.0 0.0 2.0 0.0 0.0 0.6993006993006992
37 43 38 0.0 0.0 20.0 0.0 427.0 8.0 2.0 0.5740057400574005
37 43 39 0.0 0.0 80.0 0.0 1624.0 15.0 12.0 0.37940379403794033
37 43 40 0.0 0.0 31.0 0.0 834.0 6.0 5.0 0.48968170689052104
37 43 41 0.0 0.0 7.0 0.0 155.0 0.0 0.0 0.6475485661424606
37 43 42 0.0 0.0 0.0 0.0 21.0 0.0 0.0 0.6927263730826323
37 44 39 0.0 0.0 0.0 0.0 2.0 0.0 0.0 0.6993006993006992
37 44 40 0.0 0.0 0.0 0.0 1.0 0.0 0.0 0.0
37 44 41 0.0 0.0 0.0 0.0 3.0 0.0 0.0 0.6989515726410384
38 36 39 0.0 0.0 0.0 0.0 1.0 0.0 0.0 0.6996501749125437
38 36 40 0.0 0.0 0.0 0.0 10.0 0.0 0.0 0.6965174129353233
38 36 41 0.0 0.0 0.0 0.0 35.0 0.0 0.0 0.6879606879606879
38 36 42 0.0 0.0 0.0 0.0 11.0 0.0 0.0 0.6961710591745399
38 36 43 0.0 0.0 0.0 0.0 2.0 0.0 0.0 0.6993006993006992
38 37 36 0.0 0.0 0.0 0.0 8.0 0.0 0.0 0.697211155378486
38 37 37 0.0 0.0 0.0 0.0 13.0 0.0 0.0 0.695479384003974
38 37 38 0.0 0.0 8.0 0.0 158.0 2.0 0.0 0.6469500924214416
38 37 39 0.0 0.0 0.0 0.0 250.0 1.0 1.0 0.622498888394842
38 37 40 0.0 0.0 140.0 0.0 2957.0 20.0 54.0 0.2756990941315478
38 37 41 0.0 0.0 23.0 0.0 484.0 4.0 0.0 0.5593288054334797
38 37 42 0.0 0.0 110.0 0.0 2513.0 15.0 33.0 0.30381944444444436
38 37 43 0.0 0.0 26.0 0.0 424.0 3.0 1.0 0.5721291377196566
38 38 36 0.0 0.0 0.0 0.0 2.0 0.0 0.0 0.6993006993006992
38 38 37 0.0 0.0 0.0 0.0 59.0 0.0 0.0 0.6799417192812044
38 38 38 0.0 0.0 229.0 0.0 5400.0 17.0 374.0 0.1838718150774888
38 38 39 0.0 0.0 291.0 0.0 6443.0 18.0 590.0 0.16053204907694069
38 38 40 0.0 0.0 544.0 0.0 9863.0 29.0 2546.0 0.1129852312162053
38 38 41 0.0 0.0 442.0 0.0 8634.0 32.0 1504.0 0.12670829939361028
38 38 42 0.0 0.0 144.0 0.0 3148.0 18.0 93.0 0.26540284360189564
38 38 43 0.0 0.0 0.0 0.0 27.0 0.0 0.0 0.6906758756783422
38 38 44 0.0 0.0 0.0 0.0 3.0 0.0 0.0 0.6989515726410384
38 39 36 0.0 0.0 0.0 0.0 10.0 0.0 0.0 0.6965174129353233
38 39 37 0.0 0.0 11.0 0.0 284.0 4.0 0.0 0.6110868616324747
38 39 38 0.0 0.0 449.0 0.0 8752.0 20.0 1716.0 0.1251228885512557
38 39 39 0.0 0.0 707.0 0.0 11483.0 22.0 5731.0 0.0987097229077064
38 39 40 0.0 0.0 726.0 0.0 11355.0 33.0 4578.0 0.0994671403197158
38 39 41 0.0 0.0 583.0 0.0 10509.0 30.0 3886.0 0.10711553175210405
38 39 42 0.0 0.0 172.0 0.0 4648.0 17.0 238.0 0.20576131687242794
38 39 43 0.0 0.0 102.0 0.0 2078.0 12.0 19.0 0.3358925143953934
38 39 44 0.0 0.0 0.0 0.0 3.0 0.0 0.0 0.6989515726410384
38 40 35 0.0 0.0 0.0 0.0 1.0 0.0 0.0 0.6996501749125437
38 40 37 0.0 0.0 13.0 0.0 257.0 5.0 0.0 0.6183745583038868
38 40 38 0.0 0.0 453.0 0.0 8946.0 32.0 1574.0 0.12308774397749252
38 40 39 0.0 0.0 1039.0 0.0 12661.0 38.0 10081.0 0.08918901700961966
38 40 40 0.0 0.0 837.0 0.0 11975.0 32.0 7204.0 0.09454987505909365
38 40 41 0.0 0.0 382.0 0.0 8566.0 18.0 1575.0 0.12798244812140047
38 40 42 0.0 0.0 377.0 0.0 7794.0 25.0 1133.0 0.13789027873534912
38 40 43 0.0 0.0 11.0 0.0 247.0 3.0 1.0 0.6208425720620842
38 40 44 0.0 0.0 0.0 0.0 1.0 0.0 0.0 0.6996501749125437
38 41 36 0.0 0.0 0.0 0.0 1.0 0.0 0.0 0.6996501749125437
38 41 37 0.0 0.0 7.0 0.0 226.0 4.0 0.0 0.6280843427545983
38 41 38 0.0 0.0 257.0 0.0 5757.0 14.0 450.0 0.17484700886724117
38 41 39 0.0 0.0 741.0 0.0 11487.0 33.0 6436.0 0.09844596019970465
38 41 40 0.0 0.0 904.0 0.0 12387.0 21.0 7005.0 0.09152719665271965
38 41 41 0.0 0.0 521.0 0.0 9235.0 24.0 1933.0 0.11919965942954447
38 41 42 0.0 0.0 131.0 0.0 2467.0 19.0 42.0 0.30567685589519644
38 41 43 0.0 0.0 0.0 0.0 22.0 0.0 0.0 0.6923837784371908
38 41 44 0.0 0.0 0.0 0.0 1.0 0.0 0.0 0.6996501749125437
38 42 37 0.0 0.0 1.0 0.0 34.0 0.0 0.0 0.6879606879606879
38 42 38 0.0 0.0 223.0 0.0 4946.0 19.0 280.0 0.19574944071588363
38 42 39 0.0 0.0 546.0 0.0 10203.0 31.0 3331.0 0.11001964636542239
38 42 40 0.0 0.0 475.0 0.0 9426.0 15.0 2203.0 0.1176767252248466
38 42 41 0.0 0.0 687.0 0.0 10930.0 19.0 3739.0 0.10287309868469394
38 42 42 0.0 0.0 88.0 0.0 1727.0 15.0 19.0 0.3684210526315789
38 42 43 0.0 0.0 0.0 0.0 5.0 0.0 0.0 0.6982543640897755
38 43 37 0.0 0.0 2.0 0.0 31.0 1.0 0.0 0.6889763779527558
38 43 38 0.0 0.0 37.0 0.0 810.0 15.0 4.0 0.49435028248587565
38 43 39 0.0 0.0 27.0 0.0 597.0 8.0 0.0 0.5351681957186544
38 43 40 0.0 0.0 154.0 0.0 3731.0 12.0 115.0 0.23833844058563156
38 43 41 0.0 0.0 85.0 0.0 1882.0 15.0 16.0 0.35425101214574894
38 43 42 0.0 0.0 6.0 0.0 173.0 3.0 0.0 0.6433823529411764
38 43 43 0.0 0.0 0.0 0.0 2.0 0.0 0.0 0.6993006993006992
38 44 38 0.0 0.0 0.0 0.0 2.0 0.0 0.0 0.6993006993006992
38 44 39 0.0 0.0 0.0 0.0 17.0 0.0 0.0 0.694100148735746
38 44 40 0.0 0.0 3.0 0.0 49.0 2.0 0.0 0.6829268292682925
38 44 41 0.0 0.0 3.0 0.0 49.0 2.0 0.0 0.6829268292682925
38 44 42 0.0 0.0 0.0 0.0 1.0 0.0 0.0 0.6996501749125437
39 36 37 0.0 0.0 0.0 0.0 12.0 0.0 0.0 0.6958250497017892
39 36 38 0.0 0.0 0.0 0.0 1.0 0.0 0.0 0.6996501749125437
39 36 39 0.0 0.0 0.0 0.0 7.0 0.0 0.0 0.6975585450921773
39 36 40 0.0 0.0 1.0 0.0 48.0 1.0 0.0 0.6835937499999999
39 36 41 0.0 0.0 9.0 0.0 243.0 5.0 1.0 0.6230529595015576
39 36 42 0.0 0.0 1.0 0.0 32.0 0.0 0.0 0.6886374815543531
39 36 43 0.0 0.0 0.0 0.0 3.0 0.0 0.0 0.6989515726410384
39 37 36 0.0 0.0 0.0 0.0 4.0 0.0 0.0 0.6986027944111775
39 37 37 0.0 0.0 82.0 0.0 1618.0 12.0 21.0 0.37960954446854656
39 37 38 0.0 0.0 53.0 0.0 1308.0 14.0 7.0 0.4182850313713773
39 37 39 0.0 0.0 15.0 0.0 569.0 3.0 3.0 0.5426356589147286
39 37 40 0.0 0.0 232.0 0.0 5062.0 24.0 294.0 0.19257221458046764
39 37 41 0.0 0.0 478.0 0.0 8873.0 30.0 1552.0 0.12353304508956145
39 37 42 0.0 0.0 275.0 0.0 5551.0 21.0 383.0 0.1792803175822768
39 37 43 0.0 0.0 2.0 0.0 229.0 0.0 1.0 0.6275212909009411
39 37 44 0.0 0.0 0.0 0.0 1.0 0.0 0.0 0.6996501749125437
39 38 36 0.0 0.0 1.0 0.0 33.0 0.0 0.0 0.6882989183874139
39 38 37 0.0 0.0 272.0 0.0 6425.0 14.0 697.0 0.16116035455278
39 38 38 0.0 0.0 282.0 0.0 5856.0 25.0 414.0 0.17243502894445126
39 38 39 0.0 0.0 470.0 0.0 9406.0 19.0 2094.0 0.11796427367711491
39 38 40 0.0 0.0 999.0 0.0 12667.0 25.0 9676.0 0.08941116362242942
39 38 41 0.0 0.0 804.0 0.0 11923.0 37.0 6572.0 0.0951216197852969
39 38 42 0.0 0.0 245.0 0.0 6205.0 15.0 573.0 0.16591609386110448
39 38 43 0.0 0.0 2.0 0.0 148.0 2.0 0.0 0.6517690875232773
39 38 44 0.0 0.0 49.0 0.0 913.0 10.0 7.0 0.4742547425474254
39 39 36 0.0 0.0 10.0 0.0 245.0 1.0 0.0 0.6211180124223601
39 39 37 0.0 0.0 249.0 0.0 4685.0 19.0 205.0 0.20245842371655817
39 39 38 0.0 0.0 563.0 0.0 9919.0 20.0 2461.0 0.11229646266142616
39 39 39 0.0 0.0 1124.0 3.0 12539.0 36.0 13710.0 0.08934269304403318
39 39 40 0.0 0.0 1855.0 1.0 12136.0 52.0 29595.0 0.0874617354907228
39 39 41 0.0 0.0 1450.0 0.0 12613.0 42.0 19840.0 0.08716224629560453
39 39 42 0.0 0.0 331.0 0.0 7327.0 16.0 807.0 0.1451679800912484
39 39 43 0.0 0.0 33.0 0.0 898.0 10.0 6.0 0.47928791509756924
39 39 44 0.0 0.0 0.0 0.0 1.0 0.0 0.0 0.6996501749125437
39 40 36 0.0 0.0 0.0 0.0 25.0 0.0 0.0 0.6913580246913579
39 40 37 0.0 0.0 78.0 0.0 2064.0 11.0 38.0 0.33873699491894504
39 40 38 0.0 0.0 732.0 0.0 11593.0 18.0 5503.0 0.09771759614713477
39 40 39 2.0 0.0 1975.0 1.0 11696.0 44.0 34145.0 0.08928571428571427
39 40 40 1.0 0.0 1474.0 2.0 12472.0 38.0 21135.0 0.08775228782750406
39 40 41 1.0 0.0 909.0 0.0 12376.0 35.0 9576.0 0.0916590284142988
39 40 42 0.0 0.0 498.0 0.0 9410.0 22.0 2110.0 0.11768661735036987
39 40 43 0.0 0.0 3.0 0.0 157.0 0.0 0.0 0.6484483557202407
39 40 44 0.0 0.0 0.0 0.0 11.0 0.0 0.0 0.6961710591745399
39 41 36 0.0 0.0 0.0 0.0 7.0 0.0 0.0 0.6975585450921773
39 41 37 0.0 0.0 82.0 0.0 2073.0 20.0 29.0 0.33857315598548965
39 41 38 0.0 0.0 529.0 0.0 9599.0 21.0 2187.0 0.11554015020219525
39 41 39 0.0 0.0 1317.0 0.0 13013.0 34.0 14785.0 0.08572653236176596
39 41 40 0.0 0.0 1518.0 1.0 12519.0 36.0 21425.0 0.08724915866882711
39 41 41 0.0 0.0 1262.0 0.0 12882.0 45.0 15650.0 0.08671952428146679
39 41 42 0.0 0.0 306.0 0.0 6892.0 23.0 688.0 0.15252206122671313
39 41 43 0.0 0.0 208.0 0.0 4220.0 26.0 164.0 0.21854511395566653
39 41 44 0.0 0.0 0.0 0.0 7.0 0.0 0.0 0.6975585450921773
39 42 36 0.0 0.0 0.0 0.0 10.0 0.0 0.0 0.6965174129353233
39 42 37 0.0 0.0 33.0 0.0 880.0 9.0 4.0 0.4819277108433734
39 42 38 0.0 0.0 375.0 0.0 7125.0 27.0 776.0 0.14772607365199955
39 42 39 0.0 0.0 365.0 1.0 7963.0 32.0 1284.0 0.13590913503543345
39 42 40 0.0 0.0 681.0 0.0 11020.0 31.0 4654.0 0.1022270901788974
39 42 41 0.0 0.0 374.0 0.0 8350.0 21.0 1580.0 0.13078000934142922
39 42 42 0.0 0.0 98.0 0.0 2930.0 8.0 118.0 0.27877339705296694
39 42 43 0.0 0.0 0.0 0.0 29.0 0.0 0.0 0.690335305719921
39 42 44 0.0 0.0 0.0 0.0 7.0 0.0 0.0 0.6975585450921773
39 43 37 0.0 0.0 0.0 0.0 10.0 0.0 0.0 0.6968641114982577
39 43 38 0.0 0.0 9.0 0.0 319.0 1.0 1.0 0.6016330038676406
39 43 39 0.0 0.0 155.0 0.0 3425.0 14.0 100.0 0.2515271289974847
39 43 40 0.0 0.0 434.0 0.0 8337.0 22.0 1294.0 0.13018411753766038
39 43 41 0.0 0.0 38.0 0.0 1063.0 6.0 6.0 0.4524886877828054
39 43 42 0.0 0.0 144.0 0.0 3360.0 17.0 81.0 0.2550555656768081
39 43 43 0.0 0.0 0.0 0.0 3.0 0.0 0.0 0.6993006993006992
39 44 38 0.0 0.0 0.0 0.0 5.0 0.0 0.0 0.6982543640897755
39 44 39 0.0 0.0 10.0 0.0 213.0 3.0 0.0 0.6306306306306305
39 44 40 0.0 0.0 9.0 0.0 161.0 2.0 0.0 0.6457564575645756
39 44 41 0.0 0.0 98.0 0.0 2463.0 7.0 38.0 0.3072870939420544
39 44 42 0.0 0.0 13.0 0.0 296.0 6.0 0.0 0.60790273556231
39 44 43 0.0 0.0 0.0 0.0 2.0 0.0 0.0 0.6993006993006992
40 35 39 0.0 0.0 0.0 0.0 1.0 0.0 0.0 0.6996501749125437
40 35 40 0.0 0.0 0.0 0.0 1.0 0.0 0.0 0.6996501749125437
40 36 37 0.0 0.0 0.0 0.0 2.0 0.0 0.0 0.6993006993006992
40 36 38 0.0 0.0 2.0 0.0 57.0 2.0 0.0 0.6806028196402526
40 36 39 0.0 0.0 4.0 0.0 82.0 1.0 0.0 0.6714628297362109
40 36 40 0.0 0.0 1.0 0.0 59.0 1.0 0.0 0.6802721088435373
40 36 41 0.0 0.0 15.0 0.0 619.0 0.0 4.0 0.5315110098709187
40 36 42 0.0 0.0 0.0 0.0 22.0 0.0 0.0 0.6927263730826323
40 36 43 0.0 0.0 0.0 0.0 4.0 0.0 0.0 0.6989515726410384
40 37 36 0.0 0.0 0.0 0.0 5.0 1.0 0.0 0.6986027944111775
40 37 37 0.0 0.0 3.0 0.0 105.0 3.0 0.0 0.6650831353919239
40 37 38 0.0 0.0 272.0 0.0 5605.0 27.0 377.0 0.17829852266938356
40 37 39 0.0 0.0 106.0 0.0 2155.0 12.0 21.0 0.3294117647058823
40 37 40 0.0 0.0 127.0 0.0 3166.0 16.0 71.0 0.2652519893899204
40 37 41 0.0 0.0 391.0 0.0 8088.0 21.0 1319.0 0.13371537726838584
40 37 42 0.0 0.0 135.0 0.0 2609.0 18.0 43.0 0.2961709329384387
40 37 43 0.0 0.0 22.0 0.0 476.0 5.0 3.0 0.5615724027276373
40 37 44 0.0 0.0 1.0 0.0 32.0 0.0 0.0 0.6886374815543531
40 38 36 0.0 0.0 0.0 0.0 15.0 0.0 0.0 0.694789081885856
40 38 37 0.0 0.0 9.0 0.0 357.0 1.0 2.0 0.5919661733615221
40 38 38 0.0 0.0 812.0 0.0 11932.0 33.0 7450.0 0.09501187648456055
40 38 39 0.0 0.0 377.0 0.0 7663.0 8.0 1012.0 0.1394839095347215
40 38 40 1.0 0.0 745.0 0.0 11602.0 32.0 5418.0 0.09760858955588092
40 38 41 0.0 0.0 792.0 0.0 11949.0 36.0 6425.0 0.09506348883004004
40 38 42 0.0 0.0 883.0 0.0 12253.0 26.0 6602.0 0.09247027741083222
40 38 43 0.0 0.0 169.0 0.0 4482.0 9.0 223.0 0.21068472535741153
40 38 44 0.0 0.0 0.0 0.0 19.0 0.0 0.0 0.6934125804853887
40 39 36 0.0 0.0 4.0 0.0 105.0 2.0 0.0 0.664767331433998
40 39 37 0.0 0.0 123.0 0.0 3082.0 14.0 79.0 0.2696975534579079
40 39 38 0.0 0.0 509.0 0.0 9859.0 21.0 2611.0 0.11332361988020073
40 39 39 0.0 0.0 1417.0 1.0 12357.0 45.0 20763.0 0.08873676871395067
40 39 40 0.0 0.0 1716.0 1.0 12790.0 43.0 23757.0 0.08474576271186439
40 39 41 0.0 0.0 1808.0 1.0 12268.0 49.0 27482.0 0.08710801393728222
40 39 42 0.0 0.0 810.0 0.0 11977.0 29.0 5227.0 0.09471618970299708
40 39 43 0.0 0.0 229.0 0.0 5450.0 19.0 354.0 0.1827676240208877
40 39 44 0.0 0.0 0.0 0.0 25.0 0.0 0.0 0.6913580246913579
40 40 36 0.0 0.0 40.0 0.0 900.0 8.0 3.0 0.4774897680763983
40 40 37 0.0 0.0 396.0 0.0 8603.0 21.0 1745.0 0.1274233184672795
40 40 38 0.0 0.0 591.0 0.0 10653.0 28.0 3745.0 0.10578012844729882
40 40 39 1.0 0.0 1168.0 0.0 12873.0 39.0 14451.0 0.08729267988527246
40 40 40 8.0 9.0 3071.0 21.0 8790.0 60.0 70330.0 0.10066148979004888
40 40 41 0.0 0.0 1090.0 1.0 12633.0 31.0 12902.0 0.0889171165449349
40 40 42 0.0 0.0 496.0 0.0 9672.0 24.0 2596.0 0.11513157894736842
40 40 43 0.0 0.0 63.0 0.0 1955.0 8.0 22.0 0.34912718204488774
40 40 44 0.0 0.0 0.0 0.0 17.0 0.0 0.0 0.694100148735746
40 41 36 0.0 0.0 4.0 0.0 74.0 3.0 0.0 0.6746987951807227
40 41 37 0.0 0.0 337.0 0.0 6961.0 25.0 798.0 0.15091085480219898
40 41 38 0.0 0.0 837.0 0.0 11953.0 22.0 6251.0 0.09466495368179051
40 41 39 0.0 0.0 1144.0 3.0 13019.0 40.0 11754.0 0.08662294270511074
40 41 40 0.0 4.0 1330.0 22.0 12832.0 39.0 17323.0 0.08647313156269301
40 41 41 0.0 0.0 1399.0 0.0 12578.0 33.0 18489.0 0.08763693270735524
40 41 42 0.0 0.0 374.0 0.0 7415.0 22.0 997.0 0.1432518162283843
40 41 43 0.0 0.0 199.0 0.0 4704.0 21.0 239.0 0.2033405954974582
40 41 44 0.0 0.0 0.0 0.0 15.0 0.0 0.0 0.694789081885856
40 42 35 0.0 0.0 0.0 0.0 1.0 0.0 0.0 0.6996501749125437
40 42 36 0.0 0.0 75.0 0.0 1278.0 20.0 5.0 0.4200420042004199
40 42 37 0.0 0.0 75.0 0.0 2240.0 14.0 41.0 0.3255813953488371
40 42 38 0.0 0.0 257.0 0.0 5905.0 23.0 459.0 0.17196904557179704
40 42 39 0.0 0.0 896.0 0.0 12167.0 28.0 9610.0 0.09297383450657457
40 42 40 0.0 0.0 426.0 3.0 8371.0 26.0 1501.0 0.12987012987012986
40 42 41 0.0 0.0 786.0 0.0 11909.0 27.0 5632.0 0.09530292716133422
40 42 42 0.0 0.0 128.0 0.0 2924.0 13.0 68.0 0.27783290335384003
40 42 43 0.0 0.0 5.0 0.0 114.0 0.0 0.0 0.6606890042472864
40 42 44 0.0 0.0 8.0 0.0 174.0 3.0 0.0 0.6424965580541532
40 43 37 0.0 0.0 2.0 0.0 99.0 1.0 0.0 0.6666666666666665
40 43 38 0.0 0.0 1.0 0.0 117.0 0.0 0.0 0.6610009442870631
40 43 39 0.0 0.0 181.0 0.0 3685.0 19.0 113.0 0.23943902856165553
40 43 40 0.0 0.0 354.0 0.0 7110.0 26.0 761.0 0.14828937612541043
40 43 41 0.0 0.0 110.0 0.0 2298.0 22.0 28.0 0.31919744642042863
40 43 42 0.0 0.0 13.0 0.0 370.0 3.0 1.0 0.588235294117647
40 43 43 0.0 0.0 0.0 0.0 9.0 0.0 0.0 0.6968641114982577
40 44 38 0.0 0.0 0.0 0.0 1.0 0.0 0.0 0.6996501749125437
40 44 39 0.0 0.0 12.0 0.0 219.0 4.0 0.0 0.6286484059272563
40 44 40 0.0 0.0 3.0 0.0 87.0 1.0 0.0 0.6701771182383915
40 44 41 0.0 0.0 0.0 0.0 14.0 0.0 0.0 0.6951340615690167
40 44 42 0.0 0.0 2.0 0.0 2.0 0.0 0.0 0.6986027944111775
40 44 43 0.0 0.0 0.0 0.0 3.0 0.0 0.0 0.6989515726410384
40 45 41 0.0 0.0 0.0 0.0 2.0 0.0 0.0 0.6993006993006992
41 35 39 0.0 0.0 0.0 0.0 1.0 0.0 0.0 0.6996501749125437
41 35 40 0.0 0.0 0.0 0.0 6.0 0.0 0.0 0.6979062811565303
41 36 37 0.0 0.0 0.0 0.0 3.0 0.0 0.0 0.6989515726410384
41 36 38 0.0 0.0 0.0 0.0 23.0 1.0 0.0 0.6923837784371908
41 36 39 0.0 0.0 136.0 0.0 3765.0 14.0 140.0 0.23781212841854932
41 36 40 0.0 0.0 6.0 0.0 131.0 3.0 0.0 0.6563525550867322
41 36 41 0.0 0.0 0.0 0.0 45.0 0.0 0.0 0.6845965770171147
41 36 42 0.0 0.0 0.0 0.0 37.0 0.0 0.0 0.6872852233676975
41 36 43 0.0 0.0 4.0 0.0 87.0 0.0 0.0 0.669536107125777
41 37 37 0.0 0.0 1.0 0.0 57.0 0.0 0.0 0.6802721088435373
41 37 38 0.0 0.0 10.0 0.0 475.0 4.0 0.0 0.5642885933091495
41 37 39 0.0 0.0 277.0 0.0 6475.0 25.0 707.0 0.16034818462948114
41 37 40 0.0 0.0 173.0 0.0 4294.0 14.0 184.0 0.21691973969631234
41 37 41 0.0 0.0 227.0 0.0 4778.0 20.0 267.0 0.20025747389500784
41 37 42 0.0 0.0 297.0 0.0 5643.0 20.0 362.0 0.17663386323492303
41 37 43 0.0 0.0 130.0 0.0 2775.0 17.0 57.0 0.28635712824708526
41 37 44 0.0 0.0 0.0 0.0 10.0 0.0 0.0 0.6965174129353233
41 38 37 0.0 0.0 94.0 0.0 1862.0 13.0 21.0 0.3550595992898808
41 38 38 0.0 0.0 252.0 0.0 5748.0 17.0 432.0 0.1751970967338255
41 38 39 0.0 0.0 604.0 0.0 10544.0 16.0 3713.0 0.10653679324252338
41 38 40 0.0 0.0 903.0 0.0 12298.0 31.0 8053.0 0.09211738386629818
41 38 41 0.0 0.0 821.0 0.0 12035.0 26.0 7440.0 0.0943078477601886
41 38 42 0.0 0.0 869.0 0.0 12121.0 34.0 9253.0 0.09337690922430467
41 38 43 0.0 0.0 213.0 0.0 4994.0 15.0 315.0 0.19463367162519113
41 38 44 0.0 0.0 18.0 0.0 313.0 2.0 1.0 0.6011163589523401
41 39 36 0.0 0.0 16.0 0.0 229.0 6.0 0.0 0.6252791424743188
41 39 37 0.0 0.0 26.0 0.0 568.0 5.0 1.0 0.5409582689335393
41 39 38 0.0 0.0 530.0 0.0 9708.0 21.0 2274.0 0.11453816575308844
41 39 39 0.0 0.0 1027.0 2.0 12556.0 29.0 11128.0 0.08987609937728701
41 39 40 0.0 0.0 1963.0 0.0 11643.0 44.0 32558.0 0.08962868117797694
41 39 41 1.0 0.0 2344.0 0.0 10779.0 51.0 44529.0 0.09258646914886581
41 39 42 0.0 0.0 931.0 0.0 12576.0 33.0 8149.0 0.09028180821564454
41 39 43 0.0 0.0 206.0 0.0 4884.0 11.0 276.0 0.19768426998023156
41 39 44 0.0 0.0 7.0 0.0 224.0 3.0 0.0 0.6283662477558347
41 40 35 0.0 0.0 0.0 0.0 1.0 0.0 0.0 0.6996501749125437
41 40 36 0.0 0.0 108.0 0.0 2634.0 16.0 60.0 0.29623360135421073
41 40 37 0.0 0.0 125.0 0.0 2834.0 19.0 59.0 0.2832288084159417
41 40 38 0.0 0.0 678.0 0.0 11314.0 20.0 4907.0 0.10005717552887364
41 40 39 0.0 0.0 1579.0 0.0 12310.0 38.0 24161.0 0.0880281690140845
41 40 40 0.0 0.0 925.0 10.0 12690.0 36.0 7481.0 0.08972633467922835
41 40 41 0.0 0.0 1465.0 1.0 12701.0 51.0 19477.0 0.08662830270404058
41 40 42 0.0 0.0 1086.0 0.0 12595.0 32.0 12401.0 0.08925156190233328
41 40 43 0.0 0.0 420.0 0.0 8479.0 24.0 1653.0 0.1286409997243407
41 40 44 0.0 0.0 49.0 0.0 965.0 7.0 2.0 0.4655803126039241
41 41 36 0.0 0.0 1.0 0.0 46.0 1.0 0.0 0.6842619745845552
41 41 37 0.0 0.0 326.0 0.0 6698.0 16.0 638.0 0.1553484243231247
41 41 38 0.0 0.0 506.0 0.0 9659.0 22.0 2478.0 0.11521685457986995
41 41 39 0.0 0.0 1251.0 1.0 12674.0 29.0 14833.0 0.08794522268986744
41 41 40 0.0 0.0 1691.0 0.0 11823.0 34.0 28325.0 0.09017713365539452
41 41 41 0.0 1.0 867.0 10.0 12039.0 30.0 5637.0 0.09390931043734906
41 41 42 0.0 0.0 330.0 0.0 6835.0 23.0 669.0 0.15303891560996938
41 41 43 0.0 0.0 138.0 0.0 2963.0 20.0 70.0 0.2754820936639118
41 41 44 0.0 0.0 1.0 0.0 19.0 1.0 0.0 0.6934125804853887
41 41 45 0.0 0.0 0.0 0.0 1.0 0.0 0.0 0.6996501749125437
41 42 36 0.0 0.0 19.0 0.0 353.0 4.0 0.0 0.5912162162162161
41 42 37 0.0 0.0 70.0 0.0 1644.0 9.0 13.0 0.3779697624190064
41 42 38 0.0 0.0 125.0 0.0 3138.0 14.0 73.0 0.2666666666666666
41 42 39 0.0 0.0 276.0 0.0 6103.0 21.0 516.0 0.16750418760469007
41 42 40 0.0 0.0 429.0 0.0 8981.0 18.0 1857.0 0.12281779103430122
41 42 41 0.0 0.0 466.0 0.0 8760.0 30.0 1553.0 0.12494422132976347
41 42 42 0.0 0.0 69.0 0.0 2008.0 11.0 29.0 0.34431874077717656
41 42 43 0.0 0.0 4.0 0.0 47.0 0.0 0.0 0.68259385665529
41 42 44 0.0 0.0 0.0 0.0 1.0 0.0 0.0 0.6996501749125437
41 43 37 0.0 0.0 0.0 0.0 5.0 0.0 0.0 0.6982543640897755
41 43 38 0.0 0.0 5.0 0.0 156.0 1.0 0.0 0.648148148148148
41 43 39 0.0 0.0 163.0 0.0 3313.0 17.0 74.0 0.256457226598278
41 43 40 0.0 0.0 17.0 0.0 585.0 4.0 2.0 0.5388760585065434
41 43 41 0.0 0.0 58.0 0.0 1382.0 8.0 14.0 0.4079254079254079
41 43 42 0.0 0.0 126.0 0.0 2396.0 18.0 36.0 0.3106968486462494
41 43 43 0.0 0.0 0.0 0.0 2.0 0.0 0.0 0.6993006993006992
41 44 38 0.0 0.0 4.0 0.0 67.0 2.0 0.0 0.6766553890768486
41 44 39 0.0 0.0 0.0 0.0 1.0 0.0 0.0 0.6996501749125437
41 44 40 0.0 0.0 0.0 0.0 10.0 0.0 0.0 0.6965174129353233
41 44 41 0.0 0.0 1.0 0.0 23.0 0.0 0.0 0.6916996047430829
41 44 42 0.0 0.0 0.0 0.0 1.0 0.0 0.0 0.6996501749125437
41 44 43 0.0 0.0 0.0 0.0 3.0 0.0 0.0 0.6989515726410384
42 35 38 0.0 0.0 0.0 0.0 2.0 0.0 0.0 0.6993006993006992
42 36 38 0.0 0.0 0.0 0.0 11.0 0.0 0.0 0.6961710591745399
42 36 39 0.0 0.0 53.0 0.0 1009.0 14.0 8.0 0.4593175853018372
42 36 40 0.0 0.0 1.0 0.0 60.0 0.0 0.0 0.6792819019893255
42 36 41 0.0 0.0 9.0 0.0 288.0 3.0 0.0 0.6102877070619005
42 36 42 0.0 0.0 0.0 0.0 15.0 0.0 0.0 0.694789081885856
42 36 43 0.0 0.0 0.0 0.0 14.0 0.0 0.0 0.6951340615690167
42 36 44 0.0 0.0 0.0 0.0 5.0 0.0 0.0 0.6982543640897755
42 37 37 0.0 0.0 0.0 0.0 7.0 0.0 0.0 0.6975585450921773
42 37 38 0.0 0.0 2.0 0.0 110.0 0.0 0.0 0.6628787878787878
42 37 39 0.0 0.0 210.0 0.0 4105.0 23.0 131.0 0.2225047679593134
42 37 40 0.0 0.0 497.0 0.0 9229.0 29.0 2215.0 0.11956614569988895
42 37 41 0.0 0.0 380.0 0.0 7463.0 32.0 986.0 0.1425661914460285
42 37 42 0.0 0.0 55.0 0.0 1412.0 5.0 15.0 0.4045073678127708
42 37 43 0.0 0.0 170.0 0.0 4703.0 19.0 291.0 0.20423048869438365
42 37 44 0.0 0.0 0.0 0.0 7.0 0.0 0.0 0.6975585450921773
42 38 36 0.0 0.0 0.0 0.0 2.0 0.0 0.0 0.6993006993006992
42 38 37 0.0 0.0 0.0 0.0 30.0 1.0 0.0 0.690335305719921
42 38 38 0.0 0.0 169.0 0.0 4236.0 13.0 193.0 0.21895527056615577
42 38 39 0.0 0.0 346.0 0.0 7909.0 29.0 1322.0 0.13677217663149666
42 38 40 0.0 0.0 900.0 0.0 12274.0 27.0 9689.0 0.09220839096357768
42 38 41 0.0 0.0 1058.0 0.0 12684.0 40.0 10876.0 0.088984936121528
42 38 42 0.0 0.0 314.0 0.0 6897.0 27.0 806.0 0.15232292460015232
42 38 43 0.0 0.0 25.0 0.0 881.0 8.0 7.0 0.48309178743961345
42 38 44 0.0 0.0 0.0 0.0 10.0 0.0 0.0 0.6965174129353233
42 39 37 0.0 0.0 79.0 0.0 2127.0 15.0 27.0 0.33404915294679066
42 39 38 0.0 0.0 192.0 0.0 4094.0 16.0 156.0 0.22328548644338117
42 39 39 0.0 0.0 594.0 0.0 10208.0 19.0 2850.0 0.10944340212632893
42 39 40 0.0 0.0 958.0 0.0 12499.0 31.0 9784.0 0.09060315816722753
42 39 41 0.0 0.0 811.0 0.0 12018.0 24.0 6528.0 0.09441596978688965
42 39 42 0.0 0.0 1030.0 0.0 12761.0 32.0 10669.0 0.08869741510390268
42 39 43 0.0 0.0 66.0 0.0 1653.0 16.0 10.0 0.3779697624190064
42 39 44 0.0 0.0 2.0 0.0 66.0 0.0 0.0 0.6769825918762088
42 40 36 0.0 0.0 0.0 0.0 12.0 0.0 0.0 0.6958250497017892
42 40 37 0.0 0.0 31.0 0.0 608.0 11.0 1.0 0.5329272934906736
42 40 38 0.0 0.0 599.0 0.0 10822.0 36.0 4135.0 0.10447761194029849
42 40 39 0.0 0.0 621.0 0.0 10679.0 24.0 3212.0 0.1053502897132967
42 40 40 0.0 0.0 832.0 0.0 12114.0 22.0 7659.0 0.09368935287425549
42 40 41 0.0 0.0 891.0 0.0 12425.0 37.0 7054.0 0.09144947416552354
42 40 42 0.0 0.0 781.0 0.0 11950.0 31.0 6130.0 0.0950570342205323
42 40 43 0.0 0.0 223.0 0.0 4994.0 15.0 257.0 0.1943364797334814
42 40 44 0.0 0.0 20.0 0.0 435.0 5.0 0.0 0.5714285714285713
42 41 36 0.0 0.0 0.0 0.0 6.0 0.0 0.0 0.6979062811565303
42 41 37 0.0 0.0 8.0 0.0 253.0 0.0 0.0 0.6191950464396283
42 41 38 0.0 0.0 324.0 0.0 7150.0 18.0 862.0 0.1479289940828402
42 41 39 0.0 0.0 495.0 0.0 9088.0 12.0 1647.0 0.1209294290403386
42 41 40 0.0 0.0 454.0 0.0 9278.0 32.0 2382.0 0.11955593509820664
42 41 41 0.0 0.0 116.0 1.0 3137.0 7.0 98.0 0.26686999618757146
42 41 42 0.0 0.0 398.0 0.0 8478.0 20.0 1671.0 0.12887784221669887
42 41 43 0.0 0.0 96.0 0.0 2124.0 14.0 17.0 0.33285782215882065
42 41 44 0.0 0.0 0.0 0.0 10.0 0.0 0.0 0.6965174129353233
42 42 36 0.0 0.0 0.0 0.0 11.0 0.0 0.0 0.6961710591745399
42 42 37 0.0 0.0 0.0 0.0 55.0 1.0 0.0 0.6815968841285296
42 42 38 0.0 0.0 313.0 0.0 7071.0 20.0 805.0 0.14942896787277188
42 42 39 0.0 0.0 368.0 0.0 7885.0 18.0 1224.0 0.13671874999999997
42 42 40 0.0 0.0 119.0 0.0 3180.0 14.0 127.0 0.26485054861899354
42 42 41 0.0 0.0 445.0 0.0 8762.0 19.0 1657.0 0.12495537308104246
42 42 42 0.0 0.0 15.0 0.0 363.0 5.0 0.0 0.5899705014749261
42 42 43 0.0 0.0 0.0 0.0 29.0 0.0 0.0 0.6899950714637751
42 43 36 0.0 0.0 0.0 0.0 1.0 0.0 0.0 0.6996501749125437
42 43 37 0.0 0.0 0.0 0.0 7.0 0.0 0.0 0.6975585450921773
42 43 38 0.0 0.0 3.0 0.0 81.0 1.0 0.0 0.6721075372059528
42 43 39 0.0 0.0 4.0 0.0 98.0 1.0 0.0 0.6663493574488338
42 43 40 0.0 0.0 0.0 0.0 71.0 1.0 1.0 0.6763285024154588
42 43 41 0.0 0.0 25.0 0.0 498.0 9.0 0.0 0.5568814638027048
42 43 42 0.0 0.0 9.0 0.0 295.0 2.0 0.0 0.6081668114682883
42 44 38 0.0 0.0 0.0 0.0 1.0 0.0 0.0 0.6996501749125437
42 44 40 0.0 0.0 0.0 0.0 2.0 0.0 0.0 0.6993006993006992
42 44 41 0.0 0.0 0.0 0.0 1.0 0.0 0.0 0.6996501749125437
43 36 38 0.0 0.0 0.0 0.0 1.0 0.0 0.0 0.6996501749125437
43 36 39 0.0 0.0 11.0 0.0 145.0 4.0 0.0 0.6505576208178437
43 36 40 0.0 0.0 0.0 0.0 15.0 0.0 0.0 0.694789081885856
43 36 41 0.0 0.0 2.0 0.0 69.0 1.0 0.0 0.6763285024154588
43 36 42 0.0 0.0 0.0 0.0 6.0 0.0 0.0 0.6979062811565303
43 36 43 0.0 0.0 0.0 0.0 1.0 0.0 0.0 0.6996501749125437
43 36 44 0.0 0.0 0.0 0.0 1.0 0.0 0.0 0.6996501749125437
43 37 38 0.0 0.0 1.0 0.0 20.0 0.0 0.0 0.6927263730826323
43 37 39 0.0 0.0 3.0 0.0 118.0 2.0 1.0 0.6606890042472864
43 37 40 0.0 0.0 57.0 0.0 1194.0 10.0 10.0 0.43196544276457877
43 37 41 0.0 0.0 76.0 0.0 1748.0 12.0 26.0 0.36726128016789084
43 37 42 0.0 0.0 5.0 0.0 205.0 1.0 0.0 0.6337709370755997
43 37 43 0.0 0.0 50.0 0.0 1061.0 7.0 9.0 0.4510309278350515
43 37 44 0.0 0.0 0.0 0.0 2.0 0.0 0.0 0.6993006993006992
43 38 38 0.0 0.0 13.0 0.0 186.0 3.0 0.0 0.6375227686703095
43 38 39 0.0 0.0 18.0 0.0 761.0 5.0 7.0 0.5046863734679162
43 38 40 0.0 0.0 174.0 0.0 3794.0 12.0 151.0 0.23493874811209928
43 38 41 0.0 0.0 207.0 0.0 5314.0 21.0 336.0 0.18656716417910446
43 38 42 0.0 0.0 138.0 0.0 3824.0 20.0 139.0 0.23561090541905078
43 38 43 0.0 0.0 114.0 0.0 2393.0 14.0 42.0 0.3115958157133318
43 38 44 0.0 0.0 0.0 0.0 7.0 0.0 0.0 0.6975585450921773
43 39 37 0.0 0.0 0.0 0.0 33.0 0.0 0.0 0.6886374815543531
43 39 38 0.0 0.0 21.0 0.0 605.0 7.0 2.0 0.5345551737304314
43 39 39 0.0 0.0 166.0 0.0 3720.0 20.0 117.0 0.23866348448687347
43 39 40 0.0 0.0 341.0 0.0 7316.0 26.0 939.0 0.145288501452885
43 39 41 0.0 0.0 149.0 0.0 3459.0 18.0 97.0 0.2503576537911301
43 39 42 0.0 0.0 306.0 0.0 6337.0 18.0 546.0 0.16222479721900346
43 39 43 0.0 0.0 207.0 0.0 4512.0 22.0 206.0 0.20901761719916392
43 39 44 0.0 0.0 0.0 0.0 7.0 0.0 0.0 0.6975585450921773
43 40 36 0.0 0.0 0.0 0.0 6.0 1.0 0.0 0.6982543640897755
43 40 37 0.0 0.0 9.0 0.0 196.0 5.0 0.0 0.6363636363636362
43 40 38 0.0 0.0 159.0 0.0 3554.0 21.0 112.0 0.24591603723871416
43 40 39 0.0 0.0 160.0 0.0 3189.0 12.0 94.0 0.26212319790301436
43 40 40 0.0 0.0 189.0 0.0 4661.0 24.0 238.0 0.2050981541166129
43 40 41 0.0 0.0 373.0 0.0 7787.0 29.0 1174.0 0.13812154696132595
43 40 42 0.0 0.0 128.0 0.0 2924.0 16.0 55.0 0.27788805081381496
43 40 43 0.0 0.0 97.0 0.0 1981.0 14.0 18.0 0.34448818897637795
43 40 44 0.0 0.0 1.0 0.0 35.0 0.0 0.0 0.6876227897838899
43 41 36 0.0 0.0 0.0 0.0 5.0 0.0 0.0 0.6982543640897755
43 41 37 0.0 0.0 270.0 0.0 5629.0 20.0 421.0 0.17766497461928932
43 41 38 0.0 0.0 4.0 0.0 164.0 1.0 0.0 0.646054453161052
43 41 39 0.0 0.0 159.0 0.0 3048.0 13.0 71.0 0.26954177897574116
43 41 40 0.0 0.0 419.0 0.0 7493.0 28.0 737.0 0.1415142019609825
43 41 41 0.0 0.0 11.0 0.0 575.0 5.0 2.0 0.5426356589147286
43 41 42 0.0 0.0 59.0 0.0 1688.0 13.0 17.0 0.37493304767005886
43 41 43 0.0 0.0 18.0 0.0 446.0 10.0 2.0 0.5704971475142624
43 41 44 0.0 0.0 0.0 0.0 4.0 0.0 0.0 0.6986027944111775
43 42 36 0.0 0.0 0.0 0.0 1.0 0.0 0.0 0.6996501749125437
43 42 37 0.0 0.0 1.0 0.0 67.0 1.0 0.0 0.6773101112723753
43 42 38 0.0 0.0 7.0 0.0 164.0 1.0 0.0 0.6451612903225805
43 42 39 0.0 0.0 71.0 0.0 1649.0 11.0 15.0 0.3774602318684281
43 42 40 0.0 0.0 17.0 0.0 766.0 5.0 3.0 0.5039596832253418
43 42 41 0.0 0.0 1.0 0.0 61.0 1.0 0.0 0.6792819019893255
43 42 42 0.0 0.0 0.0 0.0 32.0 0.0 0.0 0.6889763779527558
43 42 43 0.0 0.0 0.0 0.0 17.0 0.0 0.0 0.694100148735746
43 43 35 0.0 0.0 0.0 0.0 1.0 0.0 0.0 0.6996501749125437
43 43 37 0.0 0.0 0.0 0.0 9.0 0.0 0.0 0.6968641114982577
43 43 38 0.0 0.0 0.0 0.0 13.0 0.0 0.0 0.695479384003974
43 43 39 0.0 0.0 0.0 0.0 34.0 0.0 0.0 0.6882989183874139
43 43 40 0.0 0.0 0.0 0.0 20.0 0.0 0.0 0.6930693069306929
43 43 41 0.0 0.0 0.0 0.0 27.0 0.0 0.0 0.6910167818361302
43 43 42 0.0 0.0 0.0 0.0 13.0 0.0 0.0 0.695479384003974
44 36 40 0.0 0.0 0.0 0.0 1.0 0.0 0.0 0.6996501749125437
44 37 40 0.0 0.0 0.0 0.0 6.0 0.0 0.0 0.6979062811565303
44 37 41 0.0 0.0 0.0 0.0 7.0 0.0 0.0 0.6975585450921773
44 37 42 0.0 0.0 0.0 0.0 3.0 0.0 0.0 0.6989515726410384
44 37 43 0.0 0.0 0.0 0.0 3.0 0.0 0.0 0.6989515726410384
44 38 38 0.0 0.0 2.0 0.0 31.0 0.0 0.0 0.6886374815543531
44 38 39 0.0 0.0 0.0 0.0 18.0 0.0 0.0 0.6937561942517343
44 38 40 0.0 0.0 0.0 0.0 18.0 0.0 0.0 0.6937561942517343
44 38 41 0.0 0.0 50.0 0.0 1070.0 9.0 8.0 0.45001607200257143
44 38 42 0.0 0.0 0.0 0.0 12.0 0.0 0.0 0.6958250497017892
44 38 43 0.0 0.0 0.0 0.0 7.0 0.0 0.0 0.6975585450921773
44 38 44 0.0 0.0 0.0 0.0 3.0 0.0 0.0 0.6989515726410384
44 39 38 0.0 0.0 0.0 0.0 7.0 0.0 0.0 0.6975585450921773
44 39 39 0.0 0.0 0.0 0.0 8.0 0.0 0.0 0.697211155378486
44 39 40 0.0 0.0 0.0 0.0 47.0 0.0 0.0 0.6839276990718123
44 39 41 0.0 0.0 28.0 0.0 450.0 8.0 2.0 0.5668016194331983
44 39 42 0.0 0.0 0.0 0.0 35.0 0.0 0.0 0.6879606879606879
44 39 43 0.0 0.0 0.0 0.0 3.0 0.0 0.0 0.6989515726410384
44 39 44 0.0 0.0 0.0 0.0 2.0 0.0 0.0 0.6993006993006992
44 40 36 0.0 0.0 18.0 0.0 242.0 4.0 0.0 0.6205673758865247
44 40 37 0.0 0.0 0.0 0.0 5.0 0.0 0.0 0.6982543640897755
44 40 38 0.0 0.0 0.0 0.0 6.0 0.0 0.0 0.6979062811565303
44 40 39 0.0 0.0 1.0 0.0 46.0 0.0 0.0 0.6839276990718123
44 40 40 0.0 0.0 20.0 0.0 327.0 3.0 1.0 0.5972696245733787
44 40 41 0.0 0.0 0.0 0.0 26.0 0.0 0.0 0.6910167818361302
44 40 42 0.0 0.0 4.0 0.0 88.0 2.0 0.0 0.6698564593301434
44 40 43 0.0 0.0 1.0 0.0 26.0 0.0 0.0 0.6906758756783422
44 40 44 0.0 0.0 10.0 0.0 182.0 2.0 0.0 0.639269406392694
44 41 36 0.0 0.0 0.0 0.0 3.0 0.0 0.0 0.6989515726410384
44 41 37 0.0 0.0 0.0 0.0 12.0 0.0 0.0 0.6958250497017892
44 41 38 0.0 0.0 0.0 0.0 12.0 0.0 0.0 0.6958250497017892
44 41 39 0.0 0.0 0.0 0.0 15.0 1.0 0.0 0.6951340615690167
44 41 40 0.0 0.0 0.0 0.0 20.0 0.0 0.0 0.6930693069306929
44 41 41 0.0 0.0 98.0 0.0 2063.0 17.0 30.0 0.3377563329312424
44 41 42 0.0 0.0 0.0 0.0 14.0 0.0 0.0 0.6951340615690167
44 41 43 0.0 0.0 0.0 0.0 1.0 0.0 0.0 0.6996501749125437
44 41 44 0.0 0.0 0.0 0.0 2.0 0.0 0.0 0.6993006993006992
44 42 36 0.0 0.0 50.0 0.0 1272.0 12.0 5.0 0.4229607250755286
44 42 37 0.0 0.0 0.0 0.0 5.0 0.0 0.0 0.6982543640897755
44 42 38 0.0 0.0 0.0 0.0 6.0 0.0 0.0 0.6979062811565303
44 42 39 0.0 0.0 0.0 0.0 3.0 0.0 0.0 0.6989515726410384
44 42 40 0.0 0.0 0.0 0.0 6.0 0.0 0.0 0.6979062811565303
44 42 41 0.0 0.0 0.0 0.0 5.0 0.0 0.0 0.6982543640897755
44 42 43 0.0 0.0 0.0 0.0 1.0 0.0 0.0 0.6996501749125437
44 42 44 0.0 0.0 0.0 0.0 1.0 0.0 0.0 0.6996501749125437
45 40 40 0.0 0.0 0.0 0.0 1.0 0.0 0.0 0.6996501749125437
45 41 36 0.0 0.0 0.0 0.0 2.0 0.0 0.0 0.6993006993006992
45 41 37 0.0 0.0 0.0 0.0 1.0 0.0 0.0 0.6996501749125437
45 42 41 0.0 0.0 0.0 0.0 3.0 0.0 0.0 0.6989515726410384
