34 38 39 0.0 0.0 0.0 0.0 3.0 0.0 0.0 0.6989515726410384
34 38 40 0.0 0.0 0.0 0.0 1.0 0.0 0.0 0.6996501749125437
34 39 37 0.0 0.0 0.0 0.0 1.0 0.0 0.0 0.6996501749125437
34 40 39 0.0 0.0 0.0 0.0 1.0 0.0 0.0 0.6996501749125437
34 41 37 0.0 0.0 0.0 0.0 1.0 0.0 0.0 0.6996501749125437
35 36 39 0.0 0.0 0.0 0.0 1.0 0.0 0.0 0.6996501749125437
35 37 39 0.0 0.0 0.0 0.0 11.0 0.0 0.0 0.6961710591745399
35 37 40 0.0 0.0 0.0 0.0 14.0 0.0 0.0 0.6951340615690167
35 37 41 0.0 0.0 0.0 0.0 10.0 0.0 0.0 0.6965174129353233
35 38 38 0.0 0.0 0.0 0.0 8.0 0.0 0.0 0.697211155378486
35 38 39 0.0 0.0 1.0 0.0 45.0 1.0 0.0 0.6845965770171147
35 38 40 0.0 0.0 69.0 0.0 1696.0 12.0 16.0 0.37283621837549924
35 38 41 0.0 0.0 53.0 0.0 1021.0 13.0 8.0 0.4572175048987589
35 39 37 0.0 0.0 0.0 0.0 32.0 0.0 0.0 0.6889763779527558
35 39 38 0.0 0.0 54.0 0.0 1440.0 11.0 12.0 0.40195233993683593
35 39 39 0.0 0.0 5.0 0.0 198.0 1.0 0.0 0.6357856494096276
35 39 40 0.0 0.0 1.0 0.0 59.0 2.0 0.0 0.6802721088435373
35 39 41 0.0 0.0 6.0 0.0 130.0 4.0 0.0 0.6566604127579737
35 39 43 0.0 0.0 0.0 0.0 1.0 0.0 0.0 0.6996501749125437
35 40 37 0.0 0.0 9.0 0.0 370.0 3.0 0.0 0.5892255892255891
35 40 38 0.0 0.0 110.0 0.0 2586.0 10.0 51.0 0.2986985278429699
35 40 39 0.0 0.0 1.0 0.0 125.0 1.0 0.0 0.6591337099811675
35 40 40 0.0 0.0 8.0 0.0 356.0 2.0 0.0 0.592718035563082
35 40 41 0.0 0.0 1.0 0.0 19.0 0.0 0.0 0.6930693069306929
35 40 42 0.0 0.0 0.0 0.0 9.0 0.0 0.0 0.6968641114982577
35 40 43 0.0 0.0 0.0 0.0 2.0 0.0 0.0 0.6996501749125437
35 41 37 0.0 0.0 27.0 0.0 597.0 5.0 2.0 0.5345551737304314
35 41 38 0.0 0.0 32.0 0.0 716.0 5.0 1.0 0.5103900838497994
35 41 39 0.0 0.0 5.0 0.0 256.0 2.0 0.0 0.6200177147918511
35 41 40 0.0 0.0 7.0 0.0 151.0 3.0 0.0 0.649953574744661
35 41 41 0.0 0.0 0.0 0.0 13.0 0.0 0.0 0.695479384003974
35 41 42 0.0 0.0 1.0 0.0 48.0 1.0 0.0 0.6835937499999999
35 41 43 0.0 0.0 0.0 0.0 4.0 0.0 0.0 0.6986027944111775
35 41 44 0.0 0.0 0.0 0.0 2.0 0.0 0.0 0.6993006993006992
35 42 36 0.0 0.0 0.0 0.0 3.0 0.0 0.0 0.6989515726410384
35 42 37 0.0 0.0 0.0 0.0 19.0 0.0 0.0 0.6934125804853887
35 42 38 0.0 0.0 0.0 0.0 24.0 0.0 0.0 0.6916996047430829
35 42 39 0.0 0.0 0.0 0.0 40.0 0.0 0.0 0.6862745098039215
35 42 40 0.0 0.0 2.0 0.0 25.0 0.0 0.0 0.6906758756783422
35 42 41 0.0 0.0 0.0 0.0 13.0 0.0 0.0 0.695479384003974
35 42 42 0.0 0.0 0.0 0.0 11.0 0.0 0.0 0.6961710591745399
35 42 43 0.0 0.0 0.0 0.0 6.0 0.0 0.0 0.6979062811565303
35 42 44 0.0 0.0 0.0 0.0 3.0 0.0 0.0 0.6989515726410384
35 43 37 0.0 0.0 0.0 0.0 3.0 0.0 0.0 0.6989515726410384
35 43 38 0.0 0.0 0.0 0.0 5.0 0.0 0.0 0.6982543640897755
35 43 39 0.0 0.0 1.0 0.0 13.0 0.0 0.0 0.6951340615690167
35 43 40 0.0 0.0 0.0 0.0 4.0 0.0 0.0 0.6986027944111775
35 43 41 0.0 0.0 0.0 0.0 2.0 0.0 0.0 0.6993006993006992
35 43 42 0.0 0.0 0.0 0.0 2.0 0.0 0.0 0.6993006993006992
35 43 43 0.0 0.0 0.0 0.0 4.0 0.0 0.0 0.6986027944111775
35 44 38 0.0 0.0 0.0 0.0 1.0 0.0 0.0 0.6996501749125437
35 44 39 0.0 0.0 0.0 0.0 1.0 0.0 0.0 0.6996501749125437
35 44 40 0.0 0.0 7.0 0.0 98.0 4.0 0.0 0.6663493574488338
35 44 42 0.0 0.0 4.0 0.0 77.0 1.0 0.0 0.6730769230769229
35 45 39 0.0 0.0 0.0 0.0 1.0 0.0 0.0 0.6996501749125437
35 45 40 0.0 0.0 0.0 0.0 1.0 0.0 0.0 0.6996501749125437
36 35 40 0.0 0.0 0.0 0.0 1.0 0.0 0.0 0.6996501749125437
36 35 43 0.0 0.0 0.0 0.0 2.0 0.0 0.0 0.6993006993006992
36 35 44 0.0 0.0 0.0 0.0 2.0 0.0 0.0 0.6993006993006992
36 36 38 0.0 0.0 0.0 0.0 18.0 0.0 0.0 0.6937561942517343
36 36 39 0.0 0.0 1.0 0.0 93.0 2.0 0.0 0.6692160611854684
36 36 40 0.0 0.0 0.0 0.0 76.0 0.0 0.0 0.6743737957610789
36 36 41 0.0 0.0 24.0 0.0 416.0 3.0 1.0 0.5747126436781609
36 36 42 0.0 0.0 4.0 0.0 62.0 1.0 0.0 0.6779661016949151
36 36 43 0.0 0.0 0.0 0.0 7.0 0.0 0.0 0.6975585450921773
36 36 44 0.0 0.0 0.0 0.0 1.0 0.0 0.0 0.6996501749125437
36 37 37 0.0 0.0 0.0 0.0 11.0 0.0 0.0 0.6961710591745399
36 37 38 0.0 0.0 38.0 0.0 778.0 12.0 3.0 0.4992867332382311
36 37 39 0.0 0.0 40.0 0.0 678.0 9.0 2.0 0.5167958656330748
36 37 40 0.0 0.0 81.0 0.0 1776.0 13.0 15.0 0.36420395421435997
36 37 41 0.0 0.0 6.0 0.0 255.0 1.0 0.0 0.6197432492253209
36 37 42 0.0 0.0 38.0 0.0 890.0 7.0 1.0 0.47928791509756924
36 37 43 0.0 0.0 1.0 0.0 6.0 0.0 0.0 0.6975585450921773
36 37 44 0.0 0.0 0.0 0.0 6.0 0.0 0.0 0.6979062811565303
36 38 36 0.0 0.0 0.0 0.0 9.0 0.0 0.0 0.6968641114982577
36 38 37 0.0 0.0 8.0 0.0 98.0 2.0 0.0 0.6653992395437262
36 38 38 0.0 0.0 6.0 0.0 269.0 2.0 0.0 0.6159260888693356
36 38 39 0.0 0.0 93.0 0.0 1555.0 16.0 13.0 0.3857812069440617
36 38 40 0.0 0.0 401.0 0.0 8454.0 21.0 1511.0 0.12904415153470364
36 38 41 0.0 0.0 83.0 0.0 2309.0 12.0 41.0 0.31948881789137373
36 38 42 0.0 0.0 0.0 0.0 41.0 0.0 0.0 0.6859382655560998
36 38 43 0.0 0.0 0.0 0.0 7.0 0.0 0.0 0.6975585450921773
36 38 44 0.0 0.0 0.0 0.0 7.0 0.0 0.0 0.6975585450921773
36 38 45 0.0 0.0 0.0 0.0 2.0 0.0 0.0 0.6993006993006992
36 39 36 0.0 0.0 0.0 0.0 9.0 0.0 0.0 0.6968641114982577
36 39 37 0.0 0.0 35.0 0.0 1136.0 7.0 13.0 0.4424778761061946
36 39 38 0.0 0.0 71.0 0.0 1761.0 7.0 17.0 0.3659174072138002
36 39 39 0.0 0.0 498.0 0.0 9271.0 21.0 2081.0 0.11905774300535757
36 39 40 0.0 0.0 277.0 0.0 6656.0 19.0 735.0 0.15703869882220975
36 39 41 0.0 0.0 13.0 0.0 373.0 2.0 1.0 0.5870020964360586
36 39 42 0.0 0.0 1.0 0.0 129.0 1.0 0.0 0.6575857209957726
36 39 43 0.0 0.0 1.0 0.0 29.0 0.0 0.0 0.689655172413793
36 39 44 0.0 0.0 0.0 0.0 4.0 0.0 0.0 0.6986027944111775
36 39 45 0.0 0.0 0.0 0.0 1.0 0.0 0.0 0.6996501749125437
36 40 36 0.0 0.0 1.0 0.0 34.0 0.0 0.0 0.6879606879606879
36 40 37 0.0 0.0 70.0 0.0 1385.0 17.0 9.0 0.40733197556008144
36 40 38 0.0 0.0 687.0 0.0 11110.0 34.0 4079.0 0.10154493363313265
36 40 39 0.0 0.0 455.0 0.0 9115.0 18.0 2094.0 0.1210967909350402
36 40 40 0.0 0.0 90.0 0.0 2498.0 11.0 67.0 0.305877212147695
36 40 41 0.0 0.0 138.0 0.0 3279.0 19.0 94.0 0.2592592592592592
36 40 42 0.0 0.0 25.0 0.0 671.0 7.0 2.0 0.520639642989959
36 40 43 0.0 0.0 49.0 0.0 957.0 8.0 2.0 0.46697798532354895
36 40 44 0.0 0.0 0.0 0.0 2.0 0.0 0.0 0.6993006993006992
36 41 35 0.0 0.0 0.0 0.0 2.0 0.0 0.0 0.6993006993006992
36 41 36 0.0 0.0 0.0 0.0 10.0 0.0 0.0 0.6965174129353233
36 41 37 0.0 0.0 108.0 0.0 2542.0 19.0 43.0 0.30231051608723813
36 41 38 0.0 0.0 571.0 0.0 10075.0 35.0 2468.0 0.11089108910891088
36 41 39 0.0 0.0 38.0 0.0 1115.0 9.0 10.0 0.44543429844097987
36 41 40 0.0 0.0 398.0 0.0 7925.0 23.0 1042.0 0.1358563803978651
36 41 41 0.0 0.0 179.0 0.0 4016.0 17.0 159.0 0.22646392753154312
36 41 42 0.0 0.0 159.0 0.0 3784.0 14.0 135.0 0.23608768971332209
36 41 43 0.0 0.0 6.0 0.0 166.0 2.0 0.0 0.6451612903225805
36 41 44 0.0 0.0 0.0 0.0 4.0 0.0 0.0 0.6986027944111775
36 42 35 0.0 0.0 0.0 0.0 1.0 0.0 0.0 0.6996501749125437
36 42 36 0.0 0.0 0.0 0.0 8.0 0.0 0.0 0.697211155378486
36 42 37 0.0 0.0 1.0 0.0 53.0 0.0 0.0 0.6815968841285296
36 42 38 0.0 0.0 191.0 0.0 4391.0 16.0 207.0 0.21318714786051465
36 42 39 0.0 0.0 39.0 0.0 1025.0 10.0 5.0 0.45841519318925994
36 42 40 0.0 0.0 164.0 0.0 4134.0 18.0 196.0 0.2227880330999363
36 42 41 0.0 0.0 107.0 0.0 2624.0 17.0 51.0 0.2970507107999151
36 42 42 0.0 0.0 105.0 0.0 2279.0 11.0 30.0 0.32014635261833974
36 42 43 0.0 0.0 169.0 0.0 4127.0 15.0 195.0 0.22289444355994262
36 43 36 0.0 0.0 3.0 0.0 48.0 1.0 0.0 0.6829268292682925
36 43 37 0.0 0.0 0.0 0.0 18.0 0.0 0.0 0.6937561942517343
36 43 38 0.0 0.0 57.0 0.0 1026.0 11.0 2.0 0.4557291666666666
36 43 39 0.0 0.0 46.0 0.0 1277.0 9.0 14.0 0.4223227752639517
36 43 40 0.0 0.0 98.0 0.0 2199.0 7.0 16.0 0.32626427406199016
36 43 41 0.0 0.0 47.0 0.0 926.0 12.0 2.0 0.4728132387706855
36 43 42 0.0 0.0 39.0 0.0 795.0 8.0 3.0 0.4953998584571832
36 43 43 0.0 0.0 9.0 0.0 152.0 1.0 0.0 0.648148148148148
36 43 44 0.0 0.0 0.0 0.0 3.0 0.0 0.0 0.6989515726410384
36 44 37 0.0 0.0 0.0 0.0 10.0 0.0 0.0 0.6965174129353233
36 44 38 0.0 0.0 4.0 0.0 92.0 0.0 0.0 0.6679389312977099
36 44 39 0.0 0.0 89.0 0.0 2189.0 11.0 31.0 0.32802249297094654
36 44 40 0.0 0.0 1.0 0.0 74.0 1.0 0.0 0.6750241080038573
36 44 41 0.0 0.0 106.0 0.0 2407.0 9.0 30.0 0.31083481349911185
36 44 42 0.0 0.0 59.0 0.0 1439.0 12.0 10.0 0.4017216642754662
36 44 43 0.0 0.0 0.0 0.0 4.0 0.0 0.0 0.6986027944111775
36 44 44 0.0 0.0 0.0 0.0 1.0 0.0 0.0 0.6996501749125437
36 45 38 0.0 0.0 0.0 0.0 1.0 0.0 0.0 0.6996501749125437
36 45 39 0.0 0.0 0.0 0.0 6.0 0.0 0.0 0.6979062811565303
36 45 40 0.0 0.0 1.0 0.0 21.0 0.0 0.0 0.6923837784371908
36 45 41 0.0 0.0 0.0 0.0 7.0 0.0 0.0 0.6975585450921773
37 35 38 0.0 0.0 0.0 0.0 2.0 0.0 0.0 0.6993006993006992
37 35 39 0.0 0.0 0.0 0.0 1.0 0.0 0.0 0.6996501749125437
37 35 40 0.0 0.0 0.0 0.0 1.0 0.0 0.0 0.6996501749125437
37 35 41 0.0 0.0 0.0 0.0 7.0 0.0 0.0 0.6975585450921773
37 35 42 0.0 0.0 0.0 0.0 8.0 0.0 0.0 0.697211155378486
37 35 43 0.0 0.0 0.0 0.0 2.0 0.0 0.0 0.6993006993006992
37 35 44 0.0 0.0 0.0 0.0 4.0 0.0 0.0 0.6989515726410384
37 36 36 0.0 0.0 0.0 0.0 10.0 0.0 0.0 0.6965174129353233
37 36 37 0.0 0.0 0.0 0.0 17.0 0.0 0.0 0.694100148735746
37 36 38 0.0 0.0 1.0 0.0 82.0 0.0 0.0 0.6724303554274734
37 36 39 0.0 0.0 9.0 0.0 249.0 3.0 0.0 0.6208425720620842
37 36 40 0.0 0.0 34.0 0.0 1011.0 6.0 5.0 0.46082949308755755
37 36 41 0.0 0.0 22.0 0.0 832.0 4.0 8.0 0.4914004914004913
37 36 42 0.0 0.0 6.0 0.0 336.0 4.0 0.0 0.5988023952095808
37 36 43 0.0 0.0 166.0 0.0 3710.0 15.0 125.0 0.23878560463926313
37 36 44 0.0 0.0 1.0 0.0 46.0 0.0 0.0 0.6839276990718123
37 37 35 0.0 0.0 0.0 0.0 4.0 0.0 0.0 0.6986027944111775
37 37 36 0.0 0.0 0.0 0.0 8.0 0.0 0.0 0.697211155378486
37 37 37 0.0 0.0 14.0 0.0 245.0 2.0 0.0 0.620292423571112
37 37 38 0.0 0.0 30.0 0.0 986.0 8.0 9.0 0.46542553191489355
37 37 39 0.0 0.0 451.0 0.0 8851.0 16.0 1724.0 0.12394864984506418
37 37 40 0.0 0.0 785.0 0.0 11929.0 29.0 6173.0 0.0951927653498334
37 37 41 0.0 0.0 406.0 0.0 8157.0 20.0 1133.0 0.13268884465927397
37 37 42 0.0 0.0 142.0 0.0 3011.0 18.0 69.0 0.2726387536514118
37 37 43 0.0 0.0 110.0 0.0 2620.0 18.0 68.0 0.2970507107999151
37 37 44 0.0 0.0 0.0 0.0 17.0 0.0 0.0 0.694100148735746
37 37 46 0.0 0.0 0.0 0.0 2.0 0.0 0.0 0.6993006993006992
37 38 35 0.0 0.0 0.0 0.0 3.0 0.0 0.0 0.6989515726410384
37 38 36 0.0 0.0 0.0 0.0 30.0 0.0 0.0 0.689655172413793
37 38 37 0.0 0.0 13.0 0.0 551.0 6.0 3.0 0.5473025801407349
37 38 38 0.0 0.0 364.0 0.0 8134.0 15.0 1514.0 0.1334349980937857
37 38 39 0.0 0.0 352.0 0.0 7557.0 18.0 959.0 0.14145700717389106
37 38 40 0.0 0.0 291.0 0.0 6052.0 23.0 501.0 0.16816816816816815
37 38 41 0.0 0.0 540.0 0.0 9991.0 25.0 2966.0 0.11184788687385155
37 38 42 0.0 0.0 120.0 0.0 3186.0 13.0 87.0 0.2645002833931607
37 38 43 0.0 0.0 262.0 0.0 5171.0 22.0 259.0 0.1888319395737793
37 38 44 0.0 0.0 161.0 0.0 3442.0 22.0 104.0 0.250851101953055
37 38 45 0.0 0.0 2.0 0.0 27.0 0.0 0.0 0.6899950714637751
37 39 35 0.0 0.0 0.0 0.0 1.0 0.0 0.0 0.6996501749125437
37 39 36 0.0 0.0 1.0 0.0 85.0 0.0 0.0 0.6714628297362109
37 39 37 0.0 0.0 379.0 0.0 7294.0 30.0 833.0 0.14510779436152568
37 39 38 0.0 0.0 565.0 0.0 10014.0 28.0 2724.0 0.11142061281337047
37 39 39 0.0 0.0 754.0 0.0 11891.0 23.0 5824.0 0.09559576647319903
37 39 40 0.0 0.0 622.0 0.0 10857.0 24.0 3815.0 0.10384215991692626
37 39 41 0.0 0.0 564.0 0.0 10099.0 21.0 2894.0 0.11067193675889328
37 39 42 0.0 0.0 191.0 0.0 4467.0 12.0 221.0 0.21058965102286398
37 39 43 0.0 0.0 68.0 0.0 1811.0 8.0 18.0 0.3617571059431524
37 39 44 0.0 0.0 3.0 0.0 172.0 0.0 0.0 0.6436781609195401
37 39 45 0.0 0.0 0.0 0.0 3.0 0.0 0.0 0.6989515726410384
37 40 35 0.0 0.0 0.0 0.0 2.0 0.0 0.0 0.6993006993006992
37 40 36 0.0 0.0 53.0 0.0 1271.0 8.0 8.0 0.4223227752639517
37 40 37 0.0 0.0 197.0 0.0 3953.0 20.0 124.0 0.22834774098841948
37 40 38 0.0 0.0 377.0 0.0 8172.0 17.0 1407.0 0.13289036544850497
37 40 39 0.0 0.0 1334.0 0.0 12969.0 32.0 15918.0 0.0857948277975242
37 40 40 0.0 0.0 829.0 0.0 12050.0 33.0 7496.0 0.09410499428648247
37 40 41 0.0 0.0 711.0 0.0 11514.0 31.0 5590.0 0.09845288326300984
37 40 42 0.0 0.0 387.0 0.0 7746.0 33.0 1005.0 0.13858641853098394
37 40 43 0.0 0.0 236.0 0.0 4939.0 23.0 281.0 0.1957220746539913
37 40 44 0.0 0.0 0.0 0.0 44.0 1.0 0.0 0.6852667645619186
37 40 45 0.0 0.0 0.0 0.0 1.0 0.0 0.0 0.6996501749125437
37 41 35 0.0 0.0 0.0 0.0 3.0 0.0 0.0 0.6989515726410384
37 41 36 0.0 0.0 175.0 0.0 4052.0 17.0 138.0 0.22537025112685125
37 41 37 0.0 0.0 249.0 0.0 5298.0 22.0 299.0 0.185898287080069
37 41 38 0.0 0.0 276.0 0.0 6633.0 19.0 754.0 0.15735641227380015
37 41 39 0.0 0.0 752.0 0.0 11593.0 23.0 5551.0 0.0976222020779583
37 41 40 0.0 0.0 750.0 0.0 11512.0 28.0 4271.0 0.09816983381249561
37 41 41 0.0 0.0 545.0 0.0 10148.0 26.0 3252.0 0.11037527593818984
37 41 42 0.0 0.0 212.0 0.0 5343.0 17.0 388.0 0.18565177032223842
37 41 43 0.0 0.0 111.0 0.0 2626.0 12.0 59.0 0.29623360135421073
37 41 44 0.0 0.0 1.0 0.0 23.0 1.0 0.0 0.6920415224913494
37 41 45 0.0 0.0 0.0 0.0 1.0 0.0 0.0 0.6996501749125437
37 42 35 0.0 0.0 17.0 0.0 274.0 4.0 1.0 0.6121556624398775
37 42 36 0.0 0.0 0.0 0.0 36.0 0.0 0.0 0.6876227897838899
37 42 37 0.0 0.0 114.0 0.0 2536.0 22.0 41.0 0.30250648228176313
37 42 38 0.0 0.0 152.0 0.0 4327.0 25.0 258.0 0.2168525402726146
37 42 39 0.0 0.0 672.0 0.0 11231.0 30.0 4731.0 0.10079919360645113
37 42 40 0.0 0.0 1021.0 0.0 12646.0 32.0 10324.0 0.08935980085530094
37 42 41 0.0 0.0 552.0 0.0 10233.0 23.0 3335.0 0.10956331194240099
37 42 42 0.0 0.0 665.0 0.0 11024.0 29.0 4042.0 0.10239157463614422
37 42 43 0.0 0.0 59.0 0.0 1730.0 11.0 21.0 0.3705664372683959
37 42 44 0.0 0.0 3.0 0.0 69.0 0.0 0.0 0.6756756756756755
37 42 45 0.0 0.0 0.0 0.0 1.0 0.0 0.0 0.6996501749125437
37 43 35 0.0 0.0 0.0 0.0 6.0 0.0 0.0 0.6979062811565303
37 43 36 0.0 0.0 2.0 0.0 40.0 1.0 0.0 0.6859382655560998
37 43 37 0.0 0.0 96.0 0.0 2004.0 20.0 18.0 0.34313725490196073
37 43 38 0.0 0.0 416.0 0.0 8826.0 26.0 1801.0 0.12468827930174563
37 43 39 0.0 0.0 554.0 0.0 10249.0 29.0 3427.0 0.10948619691874559
37 43 40 0.0 0.0 518.0 0.0 9841.0 21.0 2649.0 0.11335114565622215
37 43 41 0.0 0.0 321.0 0.0 7588.0 23.0 1130.0 0.14157144301749416
37 43 42 0.0 0.0 138.0 0.0 3197.0 19.0 77.0 0.2633063757758134
37 43 43 0.0 0.0 150.0 0.0 2920.0 14.0 79.0 0.2768987341772151
37 43 44 0.0 0.0 0.0 0.0 3.0 0.0 0.0 0.6989515726410384
37 44 36 0.0 0.0 0.0 0.0 3.0 0.0 0.0 0.6989515726410384
37 44 37 0.0 0.0 0.0 0.0 37.0 0.0 0.0 0.6872852233676975
37 44 38 0.0 0.0 9.0 0.0 322.0 2.0 1.0 0.6013745704467354
37 44 39 0.0 0.0 96.0 0.0 2137.0 17.0 33.0 0.33214709371293
37 44 40 0.0 0.0 72.0 0.0 1953.0 8.0 32.0 0.34843205574912883
37 44 41 0.0 0.0 240.0 0.0 5078.0 19.0 291.0 0.1917282936181868
37 44 42 0.0 0.0 113.0 0.0 2354.0 18.0 36.0 0.314536059312514
37 44 43 0.0 0.0 0.0 0.0 11.0 0.0 0.0 0.6961710591745399
37 44 44 0.0 0.0 0.0 0.0 3.0 0.0 0.0 0.6989515726410384
37 45 38 0.0 0.0 0.0 0.0 6.0 0.0 0.0 0.6979062811565303
37 45 39 0.0 0.0 0.0 0.0 11.0 0.0 0.0 0.6961710591745399
37 45 40 0.0 0.0 0.0 0.0 25.0 0.0 0.0 0.6913580246913579
37 45 41 0.0 0.0 3.0 0.0 65.0 0.0 0.0 0.6769825918762088
37 45 42 0.0 0.0 0.0 0.0 13.0 0.0 0.0 0.695479384003974
37 46 39 0.0 0.0 0.0 0.0 1.0 0.0 0.0 0.6996501749125437
37 46 40 0.0 0.0 0.0 0.0 1.0 0.0 0.0 0.6996501749125437
37 46 41 0.0 0.0 0.0 0.0 1.0 0.0 0.0 0.6996501749125437
37 46 42 0.0 0.0 2.0 0.0 35.0 1.0 0.0 0.6876227897838899
38 34 40 0.0 0.0 0.0 0.0 1.0 0.0 0.0 0.6996501749125437
38 35 37 0.0 0.0 0.0 0.0 4.0 0.0 0.0 0.6986027944111775
38 35 38 0.0 0.0 0.0 0.0 10.0 0.0 0.0 0.6965174129353233
38 35 39 0.0 0.0 1.0 0.0 30.0 0.0 0.0 0.6893156080748399
38 35 40 0.0 0.0 3.0 0.0 100.0 1.0 0.0 0.6660323501427211
38 35 41 0.0 0.0 3.0 0.0 85.0 1.0 0.0 0.670819357930043
38 35 42 0.0 0.0 0.0 0.0 19.0 0.0 0.0 0.6934125804853887
38 35 43 0.0 0.0 0.0 0.0 2.0 0.0 0.0 0.6993006993006992
38 35 44 0.0 0.0 0.0 0.0 2.0 0.0 0.0 0.6993006993006992
38 36 36 0.0 0.0 0.0 0.0 39.0 0.0 0.0 0.6866110838646394
38 36 37 0.0 0.0 156.0 0.0 3165.0 20.0 58.0 0.2640513013956997
38 36 38 0.0 0.0 54.0 0.0 1546.0 8.0 26.0 0.3897550111358574
38 36 39 0.0 0.0 65.0 0.0 1598.0 10.0 16.0 0.38324664659184227
38 36 40 0.0 0.0 230.0 0.0 5210.0 18.0 314.0 0.18857758620689655
38 36 41 0.0 0.0 162.0 0.0 4225.0 11.0 195.0 0.21947013638501328
38 36 42 0.0 0.0 36.0 0.0 1114.0 13.0 9.0 0.4464285714285714
38 36 43 0.0 0.0 72.0 0.0 1391.0 7.0 12.0 0.4052098408104196
38 36 44 0.0 0.0 2.0 0.0 50.0 1.0 0.0 0.68259385665529
38 37 35 0.0 0.0 0.0 0.0 10.0 0.0 0.0 0.6965174129353233
38 37 36 0.0 0.0 174.0 0.0 3976.0 26.0 149.0 0.22849681736575808
38 37 37 0.0 0.0 38.0 0.0 1240.0 6.0 8.0 0.42800366860287364
38 37 38 0.0 0.0 503.0 0.0 9220.0 17.0 1911.0 0.11952531375394859
38 37 39 0.0 0.0 323.0 0.0 7114.0 16.0 843.0 0.14858841010401186
38 37 40 0.0 0.0 743.0 0.0 11688.0 32.0 5750.0 0.097053726169844
38 37 41 0.0 0.0 478.0 0.0 9175.0 16.0 2070.0 0.12023359670216419
38 37 42 0.0 0.0 696.0 0.0 11231.0 34.0 5057.0 0.10059639290076884
38 37 43 0.0 0.0 477.0 0.0 9294.0 22.0 2192.0 0.11905774300535757
38 37 44 0.0 0.0 96.0 0.0 2050.0 17.0 29.0 0.33898305084745756
38 37 45 0.0 0.0 0.0 0.0 45.0 0.0 0.0 0.6845965770171147
38 37 46 0.0 0.0 0.0 0.0 1.0 0.0 0.0 0.6996501749125437
38 38 35 0.0 0.0 1.0 0.0 80.0 2.0 0.0 0.6734006734006733
38 38 36 0.0 0.0 139.0 0.0 2903.0 17.0 72.0 0.27860696517412936
38 38 37 0.0 0.0 190.0 0.0 4939.0 13.0 304.0 0.19668446192750771
38 38 38 0.0 0.0 880.0 0.0 12127.0 30.0 9128.0 0.09333333333333332
38 38 39 0.0 0.0 1067.0 0.0 12747.0 29.0 11400.0 0.08850676444556832
38 38 40 0.0 0.0 1512.0 0.0 12801.0 34.0 20443.0 0.0857685474483857
38 38 41 0.0 0.0 1354.0 0.0 13133.0 37.0 16580.0 0.08490508824064527
38 38 42 0.0 0.0 939.0 0.0 12558.0 33.0 7188.0 0.09032840828440543
38 38 43 0.0 0.0 259.0 0.0 5129.0 27.0 262.0 0.19019155006113297
38 38 44 0.0 0.0 27.0 0.0 692.0 3.0 2.0 0.5154639175257731
38 38 45 0.0 0.0 138.0 0.0 2410.0 23.0 22.0 0.3092555776452396
38 39 35 0.0 0.0 18.0 0.0 331.0 5.0 0.0 0.5972696245733787
38 39 36 0.0 0.0 46.0 0.0 1366.0 11.0 13.0 0.41152263374485587
38 39 37 0.0 0.0 440.0 0.0 8934.0 27.0 1666.0 0.12322858903265556
38 39 38 0.0 0.0 1353.0 0.0 12964.0 45.0 17214.0 0.08585796639273886
38 39 39 0.0 0.0 1819.0 0.0 12092.0 42.0 28763.0 0.08799497171590194
38 39 40 0.0 0.0 1958.0 0.0 12699.0 46.0 27417.0 0.08402352658744447
38 39 41 0.0 0.0 1685.0 0.0 12815.0 61.0 23930.0 0.08493599466116604
38 39 42 0.0 0.0 902.0 0.0 12181.0 32.0 7757.0 0.09283204031562893
38 39 43 0.0 0.0 708.0 0.0 11404.0 31.0 4926.0 0.09926965893781463
38 39 44 0.0 0.0 121.0 0.0 2561.0 13.0 46.0 0.2997858672376873
38 39 45 0.0 0.0 23.0 0.0 389.0 4.0 0.0 0.5813953488372092
38 39 46 0.0 0.0 0.0 0.0 1.0 0.0 0.0 0.6996501749125437
38 40 35 0.0 0.0 0.0 0.0 16.0 0.0 0.0 0.6944444444444444
38 40 36 0.0 0.0 43.0 0.0 1015.0 8.0 4.0 0.4591669399803214
38 40 37 0.0 0.0 538.0 0.0 9864.0 26.0 2205.0 0.11300347082088948
38 40 38 0.0 0.0 1323.0 0.0 12897.0 40.0 16939.0 0.08629191321499012
38 40 39 0.0 0.0 2316.0 0.0 11596.0 43.0 39623.0 0.0878293601003764
38 40 40 0.0 1.0 2167.0 1.0 12268.0 44.0 33142.0 0.08516333110286513
38 40 41 0.0 0.0 1318.0 0.0 13104.0 50.0 16357.0 0.08527745629530364
38 40 42 0.0 0.0 1222.0 0.0 12857.0 35.0 14361.0 0.08713512167797348
38 40 43 0.0 0.0 440.0 0.0 9156.0 23.0 1944.0 0.12087722327749954
38 40 44 0.0 0.0 0.0 0.0 141.0 0.0 1.0 0.6539000467071461
38 40 45 0.0 0.0 12.0 0.0 322.0 5.0 0.0 0.6011163589523401
38 41 35 0.0 0.0 0.0 0.0 8.0 0.0 0.0 0.697211155378486
38 41 36 0.0 0.0 17.0 0.0 399.0 4.0 0.0 0.5806719203649937
38 41 37 0.0 0.0 410.0 0.0 8158.0 22.0 1298.0 0.13258831328724308
38 41 38 0.0 0.0 1038.0 0.0 12651.0 21.0 10281.0 0.08919469928644239
38 41 39 0.0 0.0 1926.0 0.0 12255.0 54.0 30197.0 0.0865533230293663
38 41 40 0.0 0.0 2182.0 0.0 12232.0 38.0 33077.0 0.08518924181574783
38 41 41 0.0 0.0 1438.0 0.0 13008.0 38.0 18506.0 0.08515815085158149
38 41 42 0.0 0.0 873.0 0.0 12312.0 33.0 6401.0 0.09234219378668952
38 41 43 0.0 0.0 185.0 0.0 4483.0 19.0 194.0 0.21058965102286398
38 41 44 0.0 0.0 164.0 0.0 3808.0 21.0 120.0 0.23521505376344085
38 41 45 0.0 0.0 0.0 0.0 7.0 0.0 0.0 0.6975585450921773
38 42 35 0.0 0.0 0.0 0.0 14.0 0.0 0.0 0.6951340615690167
38 42 36 0.0 0.0 163.0 0.0 4150.0 15.0 199.0 0.2222222222222222
38 42 37 0.0 0.0 354.0 0.0 7467.0 14.0 955.0 0.14271151885830782
38 42 38 0.0 0.0 900.0 0.0 12496.0 38.0 8523.0 0.09098589718593618
38 42 39 0.0 0.0 1454.0 0.0 12460.0 46.0 21777.0 0.08795074758135443
38 42 40 0.0 0.0 1395.0 0.0 12672.0 38.0 18664.0 0.08713512167797348
38 42 41 0.0 0.0 1585.0 0.0 12341.0 49.0 24037.0 0.08791760864104495
38 42 42 0.0 0.0 734.0 0.0 11465.0 27.0 4719.0 0.0986540765273765
38 42 43 0.0 0.0 61.0 0.0 1657.0 7.0 17.0 0.3773584905660377
38 42 44 0.0 0.0 18.0 0.0 342.0 5.0 0.0 0.5944798301486198
38 42 45 0.0 0.0 0.0 0.0 1.0 0.0 0.0 0.6996501749125437
38 43 34 0.0 0.0 0.0 0.0 2.0 0.0 0.0 0.6993006993006992
38 43 35 0.0 0.0 0.0 0.0 5.0 0.0 0.0 0.6982543640897755
38 43 36 0.0 0.0 13.0 0.0 509.0 1.0 4.0 0.5553351844506148
38 43 37 0.0 0.0 211.0 0.0 5108.0 16.0 304.0 0.19164955509924708
38 43 38 0.0 0.0 490.0 0.0 9680.0 25.0 2402.0 0.11512211166844831
38 43 39 0.0 0.0 530.0 0.0 9951.0 32.0 2427.0 0.11231448054552746
38 43 40 0.0 0.0 753.0 0.0 11812.0 26.0 6497.0 0.09614724263443444
38 43 41 0.0 0.0 638.0 0.0 11012.0 24.0 4545.0 0.10257913247362249
38 43 42 0.0 0.0 448.0 0.0 8875.0 23.0 1598.0 0.12377331800901775
38 43 43 0.0 0.0 56.0 0.0 1444.0 6.0 18.0 0.4006868918145391
38 43 44 0.0 0.0 0.0 0.0 9.0 0.0 0.0 0.6968641114982577
38 44 34 0.0 0.0 0.0 0.0 1.0 0.0 0.0 0.6996501749125437
38 44 35 0.0 0.0 0.0 0.0 1.0 0.0 0.0 0.6996501749125437
38 44 36 0.0 0.0 0.0 0.0 4.0 0.0 0.0 0.6986027944111775
38 44 37 0.0 0.0 0.0 0.0 57.0 0.0 0.0 0.6806028196402526
38 44 38 0.0 0.0 83.0 0.0 1976.0 17.0 22.0 0.34636318654131615
38 44 39 0.0 0.0 194.0 0.0 4478.0 17.0 177.0 0.2103049421661409
38 44 40 0.0 0.0 289.0 0.0 6347.0 17.0 617.0 0.1623376623376623
38 44 41 0.0 0.0 415.0 0.0 8149.0 20.0 1155.0 0.13260087137715473
38 44 42 0.0 0.0 29.0 0.0 719.0 3.0 4.0 0.5100182149362477
38 44 43 0.0 0.0 11.0 0.0 291.0 3.0 0.0 0.6089604175728577
38 45 38 0.0 0.0 0.0 0.0 12.0 0.0 0.0 0.6958250497017892
38 45 39 0.0 0.0 42.0 0.0 818.0 9.0 2.0 0.4910557699052963
38 45 40 0.0 0.0 177.0 0.0 3395.0 18.0 83.0 0.2519344970307719
38 45 41 0.0 0.0 230.0 0.0 5114.0 21.0 280.0 0.19110019110019105
38 45 42 0.0 0.0 19.0 0.0 274.0 4.0 1.0 0.6116207951070335
38 45 43 0.0 0.0 0.0 0.0 13.0 0.0 0.0 0.695479384003974
38 46 39 0.0 0.0 0.0 0.0 3.0 0.0 0.0 0.6989515726410384
38 46 40 0.0 0.0 1.0 0.0 23.0 0.0 0.0 0.6916996047430829
38 46 41 0.0 0.0 0.0 0.0 7.0 0.0 0.0 0.6975585450921773
38 46 42 0.0 0.0 0.0 0.0 5.0 0.0 0.0 0.6982543640897755
39 34 42 0.0 0.0 0.0 0.0 1.0 0.0 0.0 0.6996501749125437
39 35 37 0.0 0.0 0.0 0.0 19.0 0.0 0.0 0.6934125804853887
39 35 38 0.0 0.0 0.0 0.0 18.0 0.0 0.0 0.6937561942517343
39 35 39 0.0 0.0 62.0 0.0 1263.0 14.0 5.0 0.4228329809725158
39 35 40 0.0 0.0 3.0 0.0 110.0 1.0 0.0 0.6628787878787878
39 35 41 0.0 0.0 107.0 0.0 2024.0 19.0 26.0 0.34038414782397275
39 35 42 0.0 0.0 52.0 0.0 1202.0 3.0 1.0 0.43076923076923074
39 35 43 0.0 0.0 8.0 0.0 169.0 1.0 0.0 0.6433823529411764
39 35 44 0.0 0.0 0.0 0.0 2.0 0.0 0.0 0.6993006993006992
39 36 35 0.0 0.0 0.0 0.0 5.0 1.0 0.0 0.6986027944111775
39 36 36 0.0 0.0 46.0 0.0 1583.0 6.0 17.0 0.38652678078409713
39 36 37 0.0 0.0 141.0 0.0 2732.0 22.0 32.0 0.2886002886002886
39 36 38 0.0 0.0 340.0 0.0 6696.0 18.0 641.0 0.15519343753464135
39 36 39 0.0 0.0 50.0 0.0 1381.0 6.0 10.0 0.4087591240875912
39 36 40 0.0 0.0 250.0 0.0 5438.0 22.0 370.0 0.1825293350717079
39 36 41 0.0 0.0 435.0 0.0 8564.0 19.0 1605.0 0.12743491716730382
39 36 42 0.0 0.0 194.0 0.0 4888.0 12.0 229.0 0.1979358122437438
39 36 43 0.0 0.0 61.0 0.0 1656.0 11.0 20.0 0.3776638791475586
39 36 44 0.0 0.0 0.0 0.0 38.0 0.0 0.0 0.6869479882237487
39 36 45 0.0 0.0 0.0 0.0 7.0 0.0 0.0 0.6975585450921773
39 37 35 0.0 0.0 0.0 0.0 11.0 0.0 0.0 0.6961710591745399
39 37 36 0.0 0.0 43.0 0.0 1376.0 8.0 20.0 0.41043682204632065
39 37 37 0.0 0.0 749.0 0.0 11602.0 34.0 4727.0 0.09762900976290097
39 37 38 0.0 0.0 562.0 0.0 10327.0 17.0 3400.0 0.10859447719515979
39 37 39 0.0 0.0 643.0 0.0 10391.0 25.0 2584.0 0.10747735298633501
39 37 40 0.0 0.0 946.0 0.0 12516.0 31.0 9105.0 0.09052699644358228
39 37 41 0.0 0.0 1320.0 0.0 13013.0 29.0 17266.0 0.0856478649210816
39 37 42 0.0 0.0 1054.0 0.0 12858.0 34.0 10431.0 0.08797285409073771
39 37 43 0.0 0.0 360.0 0.0 7283.0 25.0 936.0 0.14546965918536986
39 37 44 0.0 0.0 14.0 0.0 481.0 2.0 3.0 0.5615724027276373
39 37 45 0.0 0.0 0.0 0.0 20.0 0.0 0.0 0.6930693069306929
39 38 35 0.0 0.0 12.0 0.0 376.0 4.0 0.0 0.587248322147651
39 38 36 0.0 0.0 219.0 0.0 5229.0 22.0 330.0 0.1883999461714439
39 38 37 0.0 0.0 911.0 0.0 12144.0 34.0 10359.0 0.09303561935140882
39 38 38 0.0 0.0 1093.0 0.0 12946.0 31.0 10873.0 0.08729812309035354
39 38 39 0.0 0.0 1481.0 0.0 13037.0 43.0 18809.0 0.08481764206955045
39 38 40 0.0 0.0 2316.0 0.0 11907.0 73.0 38409.0 0.08635578583765112
39 38 41 0.0 0.0 2067.0 0.0 12307.0 76.0 31752.0 0.08563738683631024
39 38 42 0.0 0.0 1014.0 0.0 12604.0 29.0 10484.0 0.08968609865470852
39 38 43 0.0 0.0 382.0 0.0 8046.0 25.0 1104.0 0.13449899125756554
39 38 44 0.0 0.0 586.0 0.0 10363.0 20.0 3163.0 0.10814986481266897
39 38 45 0.0 0.0 3.0 0.0 72.0 1.0 0.0 0.6750241080038573
39 39 34 0.0 0.0 0.0 0.0 1.0 0.0 0.0 0.6996501749125437
39 39 35 0.0 0.0 1.0 0.0 82.0 0.0 0.0 0.6721075372059528
39 39 36 0.0 0.0 489.0 0.0 8867.0 16.0 1705.0 0.1234241382350348
39 39 37 0.0 0.0 1006.0 0.0 12822.0 24.0 9470.0 0.08840058091810316
39 39 38 0.0 0.0 1625.0 0.0 12956.0 38.0 20731.0 0.08441362677117877
39 39 39 0.0 0.0 2663.0 1.0 11390.0 54.0 45614.0 0.08706467661691542
39 39 40 0.0 0.0 3323.0 0.0 9139.0 64.0 71199.0 0.09682550660488276
39 39 41 0.0 0.0 2862.0 0.0 10240.0 62.0 56442.0 0.09266000397114302
39 39 42 0.0 0.0 1288.0 0.0 13378.0 42.0 13815.0 0.08405379442843419
39 39 43 0.0 0.0 616.0 0.0 10735.0 26.0 3215.0 0.10494752623688154
39 39 44 0.0 0.0 93.0 0.0 2097.0 11.0 32.0 0.3350885591191957
39 39 45 0.0 0.0 0.0 0.0 37.0 0.0 0.0 0.6872852233676975
39 39 46 0.0 0.0 0.0 0.0 1.0 0.0 0.0 0.6996501749125437
39 40 34 0.0 0.0 0.0 0.0 1.0 0.0 0.0 0.6996501749125437
39 40 35 0.0 0.0 1.0 0.0 70.0 0.0 0.0 0.6763285024154588
39 40 36 0.0 0.0 177.0 0.0 4055.0 22.0 172.0 0.22540653678956687
39 40 37 0.0 0.0 604.0 0.0 10836.0 26.0 3995.0 0.1042287075640262
39 40 38 0.0 0.0 1871.0 0.0 12277.0 55.0 28762.0 0.08668730650154798
39 40 39 2.0 0.0 3377.0 0.0 8425.0 75.0 76826.0 0.10139784167451292
39 40 40 1.0 0.0 3231.0 1.0 10622.0 82.0 59317.0 0.08832250331209386
39 40 41 1.0 0.0 2381.0 1.0 11957.0 69.0 38159.0 0.0856898029134533
39 40 42 0.0 0.0 1487.0 0.0 12928.0 41.0 19223.0 0.08527226215129735
39 40 43 0.0 0.0 356.0 0.0 7436.0 30.0 897.0 0.1432664756446991
39 40 44 0.0 0.0 263.0 0.0 5509.0 25.0 364.0 0.18059855521155826
39 40 45 0.0 0.0 0.0 0.0 6.0 0.0 0.0 0.6979062811565303
39 41 34 0.0 0.0 0.0 0.0 1.0 0.0 0.0 0.6996501749125437
39 41 35 0.0 0.0 40.0 0.0 555.0 11.0 1.0 0.5417956656346749
39 41 36 0.0 0.0 203.0 0.0 4336.0 26.0 157.0 0.21495470597267002
39 41 37 0.0 0.0 643.0 0.0 11068.0 23.0 4258.0 0.1021375939301087
39 41 38 0.0 0.0 1574.0 0.0 13129.0 48.0 19839.0 0.08385241974125539
39 41 39 0.0 2.0 2852.0 4.0 11017.0 73.0 49417.0 0.08821120282275849
39 41 40 0.0 0.0 3038.0 1.0 10093.0 76.0 59283.0 0.0925497454881999
39 41 41 0.0 0.0 2668.0 0.0 10877.0 60.0 49627.0 0.09007270153766968
39 41 42 0.0 0.0 1165.0 0.0 12973.0 30.0 12182.0 0.08670878236095626
39 41 43 0.0 0.0 861.0 0.0 12283.0 19.0 7620.0 0.09235437693779272
39 41 44 0.0 0.0 105.0 0.0 2245.0 10.0 32.0 0.32250633494586495
39 41 45 0.0 0.0 0.0 0.0 17.0 1.0 0.0 0.6944444444444444
39 42 35 0.0 0.0 21.0 0.0 383.0 9.0 1.0 0.5845511482254696
39 42 36 0.0 0.0 174.0 0.0 4214.0 19.0 206.0 0.21978021978021975
39 42 37 0.0 0.0 626.0 0.0 10476.0 28.0 3190.0 0.10694370177984874
39 42 38 0.0 0.0 1164.0 0.0 12854.0 29.0 13036.0 0.08735259250015598
39 42 39 0.0 0.0 1264.0 0.0 12975.0 28.0 14893.0 0.08615914825527723
39 42 40 0.0 0.0 1811.0 0.0 12621.0 64.0 26172.0 0.08531383302864107
39 42 41 0.0 0.0 1360.0 0.0 12937.0 37.0 16155.0 0.08588957055214723
39 42 42 0.0 0.0 665.0 0.0 11216.0 29.0 4855.0 0.10095183155465819
39 42 43 0.0 0.0 217.0 0.0 4719.0 11.0 227.0 0.2019619157530294
39 42 44 0.0 0.0 63.0 0.0 1472.0 11.0 9.0 0.3971631205673758
39 42 45 0.0 0.0 16.0 0.0 189.0 3.0 0.0 0.6357856494096276
39 43 34 0.0 0.0 0.0 0.0 4.0 0.0 0.0 0.6986027944111775
39 43 35 0.0 0.0 189.0 0.0 4167.0 17.0 181.0 0.2207853650843715
39 43 36 0.0 0.0 4.0 0.0 247.0 1.0 0.0 0.622498888394842
39 43 37 0.0 0.0 240.0 0.0 5419.0 23.0 363.0 0.1833420639078051
39 43 38 0.0 0.0 443.0 0.0 9022.0 18.0 1650.0 0.12221737232649497
39 43 39 0.0 0.0 770.0 0.0 11927.0 28.0 6540.0 0.09530941520865953
39 43 40 0.0 0.0 1182.0 0.0 12654.0 26.0 15616.0 0.08837268021714428
39 43 41 0.0 0.0 529.0 0.0 9946.0 20.0 2742.0 0.1122874558870709
39 43 42 0.0 0.0 745.0 0.0 11773.0 38.0 6046.0 0.09655172413793103
39 43 43 0.0 0.0 63.0 0.0 1498.0 15.0 16.0 0.3949224259520451
39 43 44 0.0 0.0 1.0 0.0 26.0 0.0 0.0 0.6906758756783422
39 43 45 0.0 0.0 0.0 0.0 7.0 0.0 0.0 0.6975585450921773
39 44 34 0.0 0.0 0.0 0.0 2.0 0.0 0.0 0.6993006993006992
39 44 35 0.0 0.0 0.0 0.0 4.0 0.0 0.0 0.6986027944111775
39 44 36 0.0 0.0 0.0 0.0 13.0 0.0 0.0 0.695479384003974
39 44 37 0.0 0.0 10.0 0.0 204.0 4.0 0.0 0.6334841628959276
39 44 38 0.0 0.0 50.0 0.0 1078.0 5.0 6.0 0.4484304932735425
39 44 39 0.0 0.0 544.0 0.0 9446.0 31.0 2172.0 0.1169492941274747
39 44 40 0.0 0.0 533.0 0.0 9600.0 16.0 2054.0 0.11541632316570484
39 44 41 0.0 0.0 667.0 0.0 11154.0 31.0 4841.0 0.10142722596536984
39 44 42 0.0 0.0 384.0 0.0 8114.0 18.0 1371.0 0.13353681800839373
39 44 43 0.0 0.0 48.0 0.0 1109.0 4.0 4.0 0.44416243654822324
39 44 44 0.0 0.0 0.0 0.0 2.0 0.0 0.0 0.6993006993006992
39 45 38 0.0 0.0 1.0 0.0 24.0 0.0 0.0 0.6913580246913579
39 45 39 0.0 0.0 15.0 0.0 400.0 4.0 0.0 0.5806719203649937
39 45 40 0.0 0.0 17.0 0.0 419.0 9.0 0.0 0.5770816158285242
39 45 41 0.0 0.0 51.0 0.0 1234.0 13.0 5.0 0.42800366860287364
39 45 42 0.0 0.0 81.0 0.0 2023.0 12.0 18.0 0.3421309872922776
39 45 43 0.0 0.0 0.0 0.0 18.0 0.0 0.0 0.6937561942517343
39 46 39 0.0 0.0 0.0 0.0 1.0 0.0 0.0 0.6996501749125437
39 46 40 0.0 0.0 0.0 0.0 5.0 0.0 0.0 0.6982543640897755
39 46 41 0.0 0.0 0.0 0.0 4.0 0.0 0.0 0.6986027944111775
39 46 42 0.0 0.0 0.0 0.0 2.0 0.0 0.0 0.6993006993006992
40 34 37 0.0 0.0 0.0 0.0 4.0 0.0 0.0 0.6986027944111775
40 34 38 0.0 0.0 0.0 0.0 2.0 0.0 0.0 0.6993006993006992
40 34 39 0.0 0.0 0.0 0.0 5.0 0.0 0.0 0.6982543640897755
40 34 40 0.0 0.0 0.0 0.0 1.0 0.0 0.0 0.6996501749125437
40 34 41 0.0 0.0 0.0 0.0 1.0 0.0 0.0 0.6996501749125437
40 35 36 0.0 0.0 0.0 0.0 4.0 0.0 0.0 0.6986027944111775
40 35 37 0.0 0.0 1.0 0.0 18.0 0.0 0.0 0.6934125804853887
40 35 38 0.0 0.0 3.0 0.0 173.0 1.0 0.0 0.6439742410303587
40 35 39 0.0 0.0 54.0 0.0 1184.0 14.0 5.0 0.43424317617866
40 35 40 0.0 0.0 73.0 0.0 2035.0 9.0 38.0 0.34154671871188086
40 35 41 0.0 0.0 7.0 0.0 271.0 2.0 0.0 0.6151142355008786
40 35 42 0.0 0.0 0.0 0.0 63.0 0.0 0.0 0.6786233640329616
40 35 43 0.0 0.0 0.0 0.0 11.0 0.0 0.0 0.6961710591745399
40 35 44 0.0 0.0 2.0 0.0 7.0 0.0 0.0 0.6968641114982577
40 36 35 0.0 0.0 0.0 0.0 5.0 0.0 0.0 0.6982543640897755
40 36 36 0.0 0.0 2.0 0.0 72.0 0.0 0.0 0.6750241080038573
40 36 37 0.0 0.0 81.0 0.0 1920.0 10.0 18.0 0.35087719298245607
40 36 38 0.0 0.0 291.0 0.0 6529.0 18.0 624.0 0.15898251192368837
40 36 39 0.0 0.0 413.0 0.0 8417.0 23.0 1296.0 0.12943786982248517
40 36 40 0.0 0.0 240.0 0.0 6088.0 24.0 569.0 0.1685122773230621
40 36 41 0.0 0.0 436.0 0.0 8943.0 21.0 1895.0 0.12310939148786491
40 36 42 0.0 0.0 298.0 0.0 6402.0 22.0 554.0 0.16130890655605482
40 36 43 0.0 0.0 213.0 0.0 4415.0 21.0 172.0 0.2117042189626493
40 36 44 0.0 0.0 33.0 0.0 508.0 5.0 0.0 0.5520504731861199
40 36 45 0.0 0.0 0.0 0.0 1.0 0.0 0.0 0.6996501749125437
40 37 35 0.0 0.0 0.0 0.0 5.0 0.0 0.0 0.6982543640897755
40 37 36 0.0 0.0 229.0 0.0 4912.0 31.0 238.0 0.1968227189652748
40 37 37 0.0 0.0 436.0 0.0 8135.0 29.0 1129.0 0.13267626990144046
40 37 38 0.0 0.0 996.0 0.0 12708.0 40.0 10111.0 0.08927432725417675
40 37 39 0.0 0.0 776.0 0.0 11932.0 22.0 5281.0 0.09521866285792015
40 37 40 0.0 0.0 776.0 0.0 11866.0 32.0 6000.0 0.09571995077259672
40 37 41 0.0 0.0 1169.0 0.0 12560.0 38.0 15032.0 0.08904153151434203
40 37 42 0.0 0.0 826.0 0.0 12100.0 35.0 6238.0 0.09386523633925577
40 37 43 0.0 0.0 549.0 0.0 9946.0 32.0 2331.0 0.11225144323284154
40 37 44 0.0 0.0 272.0 0.0 6269.0 15.0 506.0 0.16420361247947451
40 37 45 0.0 0.0 1.0 0.0 33.0 2.0 0.0 0.6889763779527558
40 38 35 0.0 0.0 6.0 0.0 97.0 1.0 0.0 0.6660323501427211
40 38 36 0.0 0.0 59.0 0.0 1871.0 11.0 20.0 0.3573251659009698
40 38 37 0.0 0.0 431.0 0.0 8721.0 32.0 1710.0 0.12585400934915497
40 38 38 0.0 0.0 1890.0 0.0 11694.0 47.0 32145.0 0.08972058446552166
40 38 39 0.0 0.0 1381.0 0.0 13518.0 38.0 14905.0 0.08282063416942734
40 38 40 0.0 0.0 2014.0 0.0 12631.0 61.0 28907.0 0.08415484491464294
40 38 41 0.0 0.0 2038.0 0.0 12351.0 57.0 31310.0 0.08548574219942602
40 38 42 0.0 0.0 2057.0 0.0 12134.0 60.0 32481.0 0.08646779074794639
40 38 43 0.0 0.0 835.0 0.0 12012.0 24.0 7513.0 0.0942633988688392
40 38 44 0.0 0.0 83.0 0.0 2014.0 17.0 26.0 0.34313725490196073
40 38 45 0.0 0.0 14.0 0.0 268.0 4.0 0.0 0.6145741878841088
40 39 35 0.0 0.0 9.0 0.0 307.0 0.0 3.0 0.6044905008635577
40 39 36 0.0 0.0 412.0 0.0 8608.0 23.0 1454.0 0.12724959098345753
40 39 37 0.0 0.0 821.0 0.0 11879.0 27.0 6275.0 0.09530292716133422
40 39 38 0.0 0.0 1622.0 0.0 13057.0 47.0 20649.0 0.08397312859884835
40 39 39 0.0 0.0 2907.0 0.0 10103.0 66.0 57238.0 0.09325872635225152
40 39 40 0.0 0.0 3498.0 1.0 10127.0 77.0 64929.0 0.08959999999999999
40 39 41 1.0 0.0 3451.0 0.0 9393.0 64.0 68832.0 0.09437778077389779
40 39 42 0.0 0.0 2005.0 0.0 12486.0 41.0 29615.0 0.08484848484848484
40 39 43 0.0 0.0 961.0 0.0 12577.0 22.0 9071.0 0.09009588776626551
40 39 44 0.0 0.0 57.0 0.0 2155.0 7.0 39.0 0.3329369797859691
40 39 45 0.0 0.0 7.0 0.0 187.0 1.0 0.0 0.6383948928408572
40 40 34 0.0 0.0 0.0 0.0 1.0 0.0 0.0 0.6996501749125437
40 40 35 0.0 0.0 113.0 0.0 2232.0 15.0 21.0 0.32332563510392603
40 40 36 0.0 0.0 610.0 0.0 10435.0 26.0 3225.0 0.10739490641301011
40 40 37 0.0 0.0 1172.0 0.0 12392.0 43.0 15819.0 0.08999742864489585
40 40 38 0.0 0.0 1734.0 0.0 12831.0 53.0 23991.0 0.08455127430849135
40 40 39 1.0 0.0 2868.0 0.0 11144.0 58.0 48239.0 0.08738530678484488
40 40 40 7.0 14.0 3515.0 22.0 5348.0 54.0 116089.0 0.1282168696767103
40 40 41 0.0 1.0 2850.0 1.0 11798.0 63.0 45010.0 0.0839680921249925
40 40 42 0.0 0.0 1667.0 0.0 13328.0 44.0 20663.0 0.08230936562996059
40 40 43 0.0 0.0 675.0 0.0 10912.0 22.0 3893.0 0.10311556308462841
40 40 44 0.0 0.0 123.0 0.0 2694.0 16.0 67.0 0.2916059154342845
40 40 45 0.0 0.0 5.0 0.0 98.0 3.0 0.0 0.6666666666666665
40 40 46 0.0 0.0 1.0 0.0 6.0 1.0 0.0 0.6979062811565303
40 41 35 0.0 0.0 14.0 0.0 481.0 3.0 0.0 0.5622489959839357
40 41 36 0.0 0.0 342.0 0.0 7293.0 27.0 918.0 0.14563611775720375
40 41 37 0.0 0.0 1112.0 0.0 12803.0 31.0 12382.0 0.08796179944709724
40 41 38 0.0 0.0 2064.0 0.0 12361.0 69.0 31485.0 0.08531383302864107
40 41 39 0.0 0.0 2693.0 0.0 11634.0 62.0 44005.0 0.08574753475837568
40 41 40 0.0 5.0 3035.0 13.0 10901.0 50.0 53279.0 0.08765888172312315
40 41 41 0.0 0.0 2782.0 2.0 10350.0 61.0 54364.0 0.09242144177449167
40 41 42 0.0 0.0 1338.0 0.0 13206.0 32.0 14482.0 0.0846228239845261
40 41 43 0.0 0.0 819.0 0.0 11966.0 30.0 7477.0 0.09476748121573139
40 41 44 0.0 0.0 17.0 0.0 817.0 1.0 4.0 0.49435028248587565
40 41 45 0.0 0.0 0.0 0.0 22.0 0.0 0.0 0.6923837784371908
40 42 35 0.0 0.0 4.0 0.0 148.0 2.0 0.0 0.6511627906976742
40 42 36 0.0 0.0 748.0 0.0 11473.0 32.0 4367.0 0.09854990848937067
40 42 37 0.0 0.0 626.0 0.0 10882.0 39.0 4313.0 0.10375750389090639
40 42 38 0.0 0.0 1089.0 0.0 12855.0 25.0 10833.0 0.08779080704834764
40 42 39 0.0 0.0 2086.0 0.0 11551.0 61.0 36400.0 0.08951979026791992
40 42 40 0.0 0.0 1472.0 2.0 13356.0 28.0 16947.0 0.08313045543613799
40 42 41 0.0 0.0 1945.0 0.0 12273.0 54.0 29750.0 0.08632383771118508
40 42 42 0.0 0.0 844.0 0.0 12137.0 25.0 6238.0 0.09349539201282221
40 42 43 0.0 0.0 365.0 0.0 7654.0 20.0 1043.0 0.13995801259622112
40 42 44 0.0 0.0 295.0 0.0 6983.0 32.0 903.0 0.15136771542869498
40 42 45 0.0 0.0 3.0 0.0 62.0 0.0 0.0 0.6779661016949151
40 43 34 0.0 0.0 0.0 0.0 1.0 0.0 0.0 0.6996501749125437
40 43 35 0.0 0.0 3.0 0.0 129.0 0.0 0.0 0.6566604127579737
40 43 36 0.0 0.0 93.0 0.0 2438.0 18.0 51.0 0.3102149346332816
40 43 37 0.0 0.0 329.0 0.0 7117.0 21.0 884.0 0.14844661223624217
40 43 38 0.0 0.0 266.0 0.0 6171.0 21.0 563.0 0.16625103906899416
40 43 39 0.0 0.0 859.0 0.0 12289.0 32.0 7225.0 0.09247027741083222
40 43 40 0.0 0.0 1072.0 0.0 12637.0 38.0 12625.0 0.08921175046198941
40 43 41 0.0 0.0 810.0 0.0 11808.0 30.0 5466.0 0.0958182191499555
40 43 42 0.0 0.0 449.0 0.0 8890.0 25.0 1740.0 0.12357666166475416
40 43 43 0.0 0.0 253.0 0.0 4952.0 25.0 279.0 0.19498607242339833
40 43 44 0.0 0.0 0.0 0.0 31.0 1.0 0.0 0.689655172413793
40 43 45 0.0 0.0 19.0 0.0 550.0 3.0 0.0 0.5455962587685113
40 44 34 0.0 0.0 0.0 0.0 6.0 0.0 0.0 0.6979062811565303
40 44 35 0.0 0.0 0.0 0.0 6.0 0.0 0.0 0.6979062811565303
40 44 36 0.0 0.0 0.0 0.0 39.0 0.0 0.0 0.6866110838646394
40 44 37 0.0 0.0 0.0 0.0 55.0 0.0 0.0 0.6815968841285296
40 44 38 0.0 0.0 58.0 0.0 1526.0 9.0 10.0 0.39149888143176725
40 44 39 0.0 0.0 391.0 0.0 8540.0 20.0 1568.0 0.1281816517121406
40 44 40 0.0 0.0 389.0 0.0 7938.0 29.0 1233.0 0.13579049466537338
40 44 41 0.0 0.0 132.0 0.0 3092.0 16.0 66.0 0.26871401151631474
40 44 42 0.0 0.0 217.0 0.0 5272.0 27.0 362.0 0.18754186202277293
40 44 43 0.0 0.0 45.0 0.0 1089.0 9.0 13.0 0.44799999999999995
40 44 44 0.0 0.0 0.0 0.0 2.0 0.0 0.0 0.6993006993006992
40 45 37 0.0 0.0 0.0 0.0 7.0 0.0 0.0 0.6975585450921773
40 45 38 0.0 0.0 7.0 0.0 87.0 1.0 0.0 0.6692160611854684
40 45 39 0.0 0.0 7.0 0.0 177.0 2.0 0.0 0.6416131989000916
40 45 40 0.0 0.0 16.0 0.0 379.0 5.0 2.0 0.5857740585774057
40 45 41 0.0 0.0 3.0 0.0 120.0 2.0 0.0 0.66006600660066
40 45 42 0.0 0.0 0.0 0.0 44.0 0.0 0.0 0.684931506849315
40 45 43 0.0 0.0 0.0 0.0 19.0 0.0 0.0 0.6934125804853887
40 45 44 0.0 0.0 0.0 0.0 1.0 0.0 0.0 0.6996501749125437
40 46 42 0.0 0.0 0.0 0.0 2.0 0.0 0.0 0.6993006993006992
40 46 43 0.0 0.0 0.0 0.0 1.0 0.0 0.0 0.6996501749125437
41 34 37 0.0 0.0 1.0 0.0 15.0 1.0 0.0 0.694789081885856
41 34 38 0.0 0.0 0.0 0.0 1.0 0.0 0.0 0.6996501749125437
41 34 39 0.0 0.0 0.0 0.0 1.0 0.0 0.0 0.6996501749125437
41 34 40 0.0 0.0 0.0 0.0 1.0 0.0 0.0 0.6996501749125437
41 35 37 0.0 0.0 1.0 0.0 34.0 0.0 0.0 0.6879606879606879
41 35 38 0.0 0.0 183.0 0.0 4406.0 23.0 171.0 0.21308980213089798
41 35 39 0.0 0.0 52.0 0.0 1409.0 7.0 16.0 0.40532715691951354
41 35 40 0.0 0.0 48.0 0.0 1476.0 8.0 19.0 0.39817974971558584
41 35 41 0.0 0.0 10.0 0.0 163.0 3.0 0.0 0.6451612903225805
41 35 42 0.0 0.0 3.0 0.0 74.0 2.0 0.0 0.6746987951807227
41 35 43 0.0 0.0 1.0 0.0 35.0 0.0 0.0 0.6876227897838899
41 35 44 0.0 0.0 0.0 0.0 4.0 0.0 0.0 0.6986027944111775
41 36 36 0.0 0.0 3.0 0.0 50.0 0.0 0.0 0.6822612085769979
41 36 37 0.0 0.0 11.0 0.0 333.0 3.0 1.0 0.5980350277659119
41 36 38 0.0 0.0 160.0 0.0 3505.0 18.0 99.0 0.2480510276399716
41 36 39 0.0 0.0 794.0 0.0 11770.0 30.0 6498.0 0.09623977452395681
41 36 40 0.0 0.0 378.0 0.0 7997.0 20.0 1202.0 0.1350960146675673
41 36 41 0.0 0.0 242.0 0.0 5017.0 23.0 236.0 0.1933968780218262
41 36 42 0.0 0.0 120.0 0.0 2890.0 8.0 47.0 0.27999999999999997
41 36 43 0.0 0.0 192.0 0.0 5260.0 23.0 365.0 0.1883492533297457
41 36 44 0.0 0.0 12.0 0.0 370.0 4.0 0.0 0.5887300252312867
41 36 45 0.0 0.0 0.0 0.0 6.0 0.0 0.0 0.6979062811565303
41 37 35 0.0 0.0 0.0 0.0 10.0 0.0 0.0 0.6965174129353233
41 37 36 0.0 0.0 22.0 0.0 535.0 3.0 1.0 0.5481597494126859
41 37 37 0.0 0.0 375.0 0.0 7552.0 14.0 1018.0 0.14108636501058147
41 37 38 0.0 0.0 340.0 0.0 7875.0 8.0 1228.0 0.1371070414259132
41 37 39 1.0 0.0 1053.0 0.0 12700.0 38.0 11374.0 0.08887760284408329
41 37 40 0.0 0.0 885.0 0.0 12281.0 23.0 7518.0 0.09228740936058008
41 37 41 0.0 0.0 917.0 0.0 12456.0 32.0 8585.0 0.09112210361884925
41 37 42 0.0 0.0 1035.0 0.0 12915.0 41.0 10517.0 0.0878293601003764
41 37 43 0.0 0.0 823.0 0.0 11955.0 28.0 5820.0 0.09480598632085052
41 37 44 0.0 0.0 49.0 0.0 1351.0 5.0 13.0 0.4123711340206185
41 37 45 0.0 0.0 8.0 0.0 204.0 3.0 0.0 0.6337709370755997
41 38 35 0.0 0.0 28.0 0.0 517.0 6.0 2.0 0.5516154452324664
41 38 36 0.0 0.0 59.0 0.0 1668.0 6.0 19.0 0.3763440860215053
41 38 37 0.0 0.0 713.0 0.0 11470.0 28.0 4782.0 0.09880725527560165
41 38 38 0.0 0.0 1022.0 0.0 12792.0 35.0 10249.0 0.08858516831181978
41 38 39 0.0 0.0 1665.0 0.0 12797.0 29.0 23611.0 0.08489479109817476
41 38 40 0.0 0.0 2267.0 0.0 12120.0 50.0 35114.0 0.08538667967797023
41 38 41 0.0 0.0 2140.0 0.0 12211.0 57.0 33190.0 0.08561643835616438
41 38 42 0.0 0.0 2053.0 0.0 11640.0 54.0 35639.0 0.08917197452229299
41 38 43 0.0 0.0 936.0 0.0 12483.0 36.0 8755.0 0.09084420219323859
41 38 44 0.0 0.0 337.0 0.0 7799.0 20.0 1332.0 0.1382989232440976
41 38 45 0.0 0.0 10.0 0.0 345.0 1.0 1.0 0.594732370433305
41 39 34 0.0 0.0 0.0 0.0 1.0 0.0 0.0 0.6996501749125437
41 39 35 0.0 0.0 1.0 0.0 115.0 1.0 1.0 0.6619385342789597
41 39 36 0.0 0.0 522.0 0.0 9278.0 31.0 1974.0 0.11881524229822624
41 39 37 0.0 0.0 512.0 0.0 9773.0 24.0 2260.0 0.1141366378607533
41 39 38 0.0 0.0 1499.0 0.0 12939.0 41.0 20027.0 0.0850856934484016
41 39 39 0.0 0.0 2534.0 0.0 11764.0 51.0 41937.0 0.08584743684081432
41 39 40 1.0 0.0 3567.0 1.0 8837.0 81.0 75348.0 0.09733036707452723
41 39 41 0.0 0.0 3462.0 0.0 7432.0 70.0 89634.0 0.10855237652167168
41 39 42 0.0 0.0 2265.0 0.0 11988.0 43.0 35855.0 0.08607968519429414
41 39 43 0.0 0.0 913.0 0.0 12376.0 30.0 8544.0 0.09158108196506835
41 39 44 0.0 0.0 373.0 0.0 7948.0 22.0 1173.0 0.1358563803978651
41 39 45 0.0 0.0 0.0 0.0 82.0 0.0 0.0 0.6724303554274734
41 40 34 0.0 0.0 0.0 0.0 2.0 0.0 0.0 0.6993006993006992
41 40 35 0.0 0.0 49.0 0.0 1152.0 9.0 1.0 0.4385964912280701
41 40 36 0.0 0.0 650.0 0.0 11201.0 36.0 4964.0 0.10121457489878542
41 40 37 0.0 0.0 745.0 0.0 11752.0 28.0 5716.0 0.09660502346121998
41 40 38 0.0 0.0 1794.0 0.0 12585.0 45.0 27447.0 0.08540751586139579
41 40 39 0.0 0.0 3145.0 1.0 9728.0 70.0 63059.0 0.09404178142003089
41 40 40 0.0 0.0 2598.0 3.0 12723.0 54.0 36539.0 0.08082674210495928
41 40 41 0.0 0.0 3039.0 0.0 10397.0 68.0 56639.0 0.09073822023462311
41 40 42 0.0 0.0 2422.0 0.0 11297.0 65.0 43401.0 0.08905852417302798
41 40 43 0.0 0.0 1237.0 0.0 12694.0 49.0 16055.0 0.08797838245459687
41 40 44 0.0 0.0 596.0 0.0 10496.0 29.0 3096.0 0.10705819377533071
41 40 45 0.0 0.0 6.0 0.0 205.0 2.0 1.0 0.6337709370755997
41 41 34 0.0 0.0 0.0 0.0 1.0 0.0 0.0 0.6996501749125437
41 41 35 0.0 0.0 31.0 0.0 721.0 5.0 6.0 0.5100182149362477
41 41 36 0.0 0.0 225.0 0.0 5269.0 19.0 361.0 0.1872909698996655
41 41 37 0.0 0.0 1068.0 0.0 12742.0 37.0 11731.0 0.08860198721599898
41 41 38 0.0 0.0 1451.0 0.0 12699.0 36.0 19533.0 0.08659615265664625
41 41 39 0.0 0.0 2690.0 0.0 10915.0 57.0 48519.0 0.08967460927491673
41 41 40 0.0 0.0 3176.0 0.0 9109.0 70.0 68207.0 0.09790209790209789
41 41 41 0.0 5.0 2220.0 23.0 12622.0 52.0 31852.0 0.08298263292039594
41 41 42 0.0 0.0 1216.0 0.0 12911.0 33.0 12609.0 0.08677865245149692
41 41 43 0.0 0.0 797.0 0.0 11833.0 28.0 6044.0 0.09573304157549234
41 41 44 0.0 0.0 272.0 0.0 6548.0 14.0 647.0 0.15889229372375438
41 41 45 0.0 0.0 9.0 0.0 173.0 5.0 0.0 0.6430868167202571
41 42 35 0.0 0.0 4.0 0.0 121.0 1.0 0.0 0.6591337099811675
41 42 36 0.0 0.0 456.0 0.0 9302.0 26.0 2279.0 0.11927074459021979
41 42 37 0.0 0.0 720.0 0.0 11313.0 24.0 4112.0 0.0998217468805704
41 42 38 0.0 0.0 759.0 0.0 11830.0 30.0 5930.0 0.09605488850771869
41 42 39 0.0 0.0 1132.0 0.0 12922.0 31.0 11282.0 0.08715682002116665
41 42 40 0.0 0.0 1392.0 0.0 12964.0 51.0 17269.0 0.08567407135426228
41 42 41 0.0 0.0 1398.0 1.0 12905.0 39.0 17140.0 0.08588430157659038
41 42 42 0.0 0.0 674.0 0.0 11087.0 24.0 4327.0 0.10181077739800741
41 42 43 0.0 0.0 353.0 0.0 7667.0 20.0 1051.0 0.13993003498250875
41 42 44 0.0 0.0 103.0 0.0 2440.0 10.0 35.0 0.3087781208645787
41 42 45 0.0 0.0 11.0 0.0 403.0 4.0 1.0 0.5809128630705394
41 43 35 0.0 0.0 24.0 0.0 620.0 6.0 0.0 0.5307050796057619
41 43 36 0.0 0.0 4.0 0.0 180.0 0.0 0.0 0.6413192853870818
41 43 37 0.0 0.0 251.0 0.0 5295.0 13.0 318.0 0.1857749469214437
41 43 38 0.0 0.0 316.0 0.0 7237.0 23.0 904.0 0.14676590837614004
41 43 39 0.0 0.0 767.0 0.0 11860.0 23.0 6498.0 0.09570032127964999
41 43 40 0.0 0.0 520.0 0.0 9631.0 23.0 2308.0 0.11536876802636999
41 43 41 0.0 0.0 651.0 0.0 10897.0 27.0 3817.0 0.10341261633919337
41 43 42 0.0 0.0 766.0 0.0 11741.0 23.0 5638.0 0.09651844191658047
41 43 43 0.0 0.0 129.0 0.0 2589.0 17.0 38.0 0.29774564015312627
41 43 44 0.0 0.0 0.0 0.0 23.0 0.0 0.0 0.6920415224913494
41 43 45 0.0 0.0 0.0 0.0 5.0 0.0 0.0 0.6982543640897755
41 44 35 0.0 0.0 4.0 0.0 80.0 1.0 1.0 0.6721075372059528
41 44 36 0.0 0.0 16.0 0.0 405.0 2.0 0.0 0.5787515502273666
41 44 37 0.0 0.0 1.0 0.0 60.0 0.0 0.0 0.6792819019893255
41 44 38 0.0 0.0 392.0 0.0 7838.0 14.0 1147.0 0.136986301369863
41 44 39 0.0 0.0 164.0 0.0 4101.0 23.0 190.0 0.2242511613006567
41 44 40 0.0 0.0 66.0 0.0 1631.0 8.0 20.0 0.37950664136622386
41 44 41 0.0 0.0 344.0 0.0 7106.0 16.0 758.0 0.1483050847457627
41 44 42 0.0 0.0 6.0 0.0 341.0 2.0 0.0 0.5972696245733787
41 44 43 0.0 0.0 4.0 0.0 244.0 2.0 2.0 0.6233303650934995
41 44 44 0.0 0.0 0.0 0.0 4.0 0.0 0.0 0.6986027944111775
41 45 35 0.0 0.0 1.0 0.0 6.0 0.0 0.0 0.6975585450921773
41 45 37 0.0 0.0 13.0 0.0 265.0 7.0 0.0 0.6164685160722148
41 45 38 0.0 0.0 1.0 0.0 43.0 0.0 0.0 0.684931506849315
41 45 39 0.0 0.0 2.0 0.0 122.0 0.0 0.0 0.6591337099811675
41 45 40 0.0 0.0 15.0 0.0 450.0 2.0 0.0 0.5686433793663687
41 45 41 0.0 0.0 1.0 0.0 29.0 0.0 0.0 0.689655172413793
41 45 42 0.0 0.0 0.0 0.0 14.0 0.0 0.0 0.6951340615690167
41 45 43 0.0 0.0 0.0 0.0 5.0 0.0 0.0 0.6982543640897755
42 34 37 0.0 0.0 0.0 0.0 5.0 0.0 0.0 0.6982543640897755
42 34 38 0.0 0.0 0.0 0.0 4.0 0.0 0.0 0.6986027944111775
42 34 39 0.0 0.0 0.0 0.0 3.0 0.0 0.0 0.6989515726410384
42 35 37 0.0 0.0 0.0 0.0 1.0 0.0 0.0 0.6996501749125437
42 35 38 0.0 0.0 9.0 0.0 228.0 0.0 1.0 0.6258381761287437
42 35 39 0.0 0.0 46.0 0.0 1129.0 9.0 4.0 0.44219835754895764
42 35 40 0.0 0.0 0.0 0.0 103.0 0.0 0.0 0.6660323501427211
42 35 41 0.0 0.0 22.0 0.0 515.0 6.0 2.0 0.5531410509679968
42 35 42 0.0 0.0 0.0 0.0 20.0 0.0 0.0 0.6930693069306929
42 35 43 0.0 0.0 2.0 0.0 34.0 0.0 0.0 0.6876227897838899
42 35 44 0.0 0.0 0.0 0.0 14.0 0.0 0.0 0.6951340615690167
42 35 45 0.0 0.0 0.0 0.0 2.0 0.0 0.0 0.6993006993006992
42 36 36 0.0 0.0 13.0 0.0 291.0 4.0 1.0 0.608695652173913
42 36 37 0.0 0.0 0.0 0.0 27.0 1.0 0.0 0.6910167818361302
42 36 38 0.0 0.0 98.0 0.0 2718.0 20.0 55.0 0.2918490723368772
42 36 39 0.0 0.0 568.0 0.0 10248.0 24.0 3249.0 0.10934937124111535
42 36 40 0.0 0.0 235.0 0.0 5293.0 17.0 345.0 0.18636847710330134
42 36 41 0.0 0.0 477.0 0.0 9196.0 22.0 1773.0 0.12005831403824713
42 36 42 0.0 0.0 210.0 0.0 5192.0 18.0 307.0 0.1895734597156398
42 36 43 0.0 0.0 243.0 0.0 5248.0 23.0 297.0 0.1874163319946452
42 36 44 0.0 0.0 1.0 0.0 172.0 1.0 1.0 0.64486411791801
42 36 45 0.0 0.0 0.0 0.0 2.0 0.0 0.0 0.6993006993006992
42 37 35 0.0 0.0 3.0 0.0 49.0 1.0 0.0 0.68259385665529
42 37 36 0.0 0.0 1.0 0.0 61.0 1.0 0.0 0.6792819019893255
42 37 37 0.0 0.0 46.0 0.0 1142.0 11.0 7.0 0.4406672961913755
42 37 38 0.0 0.0 344.0 0.0 7401.0 23.0 983.0 0.14389968136499123
42 37 39 0.0 0.0 935.0 0.0 12581.0 29.0 7872.0 0.09025270758122743
42 37 40 0.0 0.0 1400.0 0.0 12694.0 35.0 18612.0 0.08698893997763141
42 37 41 0.0 0.0 1248.0 0.0 13034.0 36.0 13963.0 0.08602150537634408
42 37 42 0.0 0.0 616.0 0.0 10653.0 27.0 3428.0 0.10555681218427203
42 37 43 0.0 0.0 753.0 0.0 11681.0 22.0 7323.0 0.09702009702009701
42 37 44 0.0 0.0 263.0 0.0 5517.0 18.0 334.0 0.1802729848055627
42 37 45 0.0 0.0 81.0 0.0 1679.0 9.0 19.0 0.3733333333333333
42 38 35 0.0 0.0 1.0 0.0 28.0 0.0 0.0 0.6899950714637751
42 38 36 0.0 0.0 212.0 0.0 4686.0 15.0 237.0 0.2032815449397415
42 38 37 0.0 0.0 92.0 0.0 2599.0 6.0 55.0 0.29876227059325644
42 38 38 0.0 0.0 785.0 0.0 11994.0 21.0 7171.0 0.09474824038982133
42 38 39 0.0 0.0 1169.0 0.0 12713.0 43.0 14324.0 0.08822232024702249
42 38 40 0.0 0.0 2100.0 0.0 11457.0 65.0 37137.0 0.09004952723998198
42 38 41 0.0 0.0 2360.0 0.0 11407.0 55.0 40924.0 0.0887817870505422
42 38 42 0.0 0.0 1125.0 0.0 12733.0 28.0 12439.0 0.08831136062574907
42 38 43 0.0 0.0 461.0 0.0 9383.0 23.0 2321.0 0.1183231913455037
42 38 44 0.0 0.0 227.0 0.0 4991.0 16.0 258.0 0.19428254232583952
42 38 45 0.0 0.0 1.0 0.0 56.0 2.0 0.0 0.6812652068126519
42 39 35 0.0 0.0 45.0 0.0 1141.0 14.0 4.0 0.44136191677175274
42 39 36 0.0 0.0 182.0 0.0 4212.0 19.0 147.0 0.219573400250941
42 39 37 0.0 0.0 690.0 0.0 11242.0 24.0 4533.0 0.10053138015223322
42 39 38 0.0 0.0 907.0 0.0 12456.0 34.0 7864.0 0.09116957541026308
42 39 39 0.0 0.0 1740.0 0.0 12977.0 43.0 22794.0 0.08371703641691082
42 39 40 0.0 0.0 2359.0 0.0 11671.0 61.0 38604.0 0.0873144567793439
42 39 41 0.0 0.0 2124.0 0.0 12474.0 46.0 31839.0 0.08433226914041321
42 39 42 0.0 0.0 2270.0 0.0 11385.0 56.0 39956.0 0.08929140889087313
42 39 43 0.0 0.0 644.0 0.0 11039.0 33.0 3862.0 0.10242903131401813
42 39 44 0.0 0.0 316.0 0.0 6969.0 18.0 779.0 0.15092712376024148
42 39 45 0.0 0.0 1.0 0.0 97.0 0.0 0.0 0.6679389312977099
42 40 35 0.0 0.0 39.0 0.0 1037.0 8.0 7.0 0.4563233376792698
42 40 36 0.0 0.0 84.0 0.0 2622.0 10.0 60.0 0.29806259314456035
42 40 37 0.0 0.0 597.0 0.0 10331.0 21.0 2704.0 0.10832559579077684
42 40 38 0.0 0.0 1522.0 0.0 12322.0 45.0 23914.0 0.08839499936860713
42 40 39 0.0 0.0 1665.0 0.0 12939.0 40.0 23249.0 0.0843221104619647
42 40 40 0.0 0.0 2067.0 0.0 12068.0 39.0 33645.0 0.0866497493346537
42 40 41 0.0 0.0 2161.0 0.0 12194.0 43.0 33628.0 0.08553797275004581
42 40 42 0.0 0.0 1959.0 0.0 12230.0 44.0 30352.0 0.08648381517173213
42 40 43 0.0 0.0 908.0 0.0 12360.0 30.0 8684.0 0.09170105456212746
42 40 44 0.0 0.0 533.0 0.0 9859.0 25.0 2516.0 0.11305822498586772
42 40 45 0.0 0.0 27.0 0.0 764.0 5.0 2.0 0.5026929982046677
42 41 34 0.0 0.0 0.0 0.0 1.0 0.0 0.0 0.6996501749125437
42 41 35 0.0 0.0 5.0 0.0 153.0 4.0 0.0 0.649953574744661
42 41 36 0.0 0.0 77.0 0.0 1981.0 12.0 18.0 0.3459352606869285
42 41 37 0.0 0.0 401.0 0.0 8168.0 18.0 1319.0 0.13257575757575757
42 41 38 0.0 0.0 1159.0 0.0 12754.0 46.0 12876.0 0.08810018249323516
42 41 39 0.0 0.0 1523.0 0.0 13059.0 47.0 18324.0 0.08447984552256818
42 41 40 0.0 0.0 1469.0 0.0 12771.0 42.0 19039.0 0.08623344625808438
42 41 41 0.0 0.0 914.0 1.0 12560.0 34.0 6479.0 0.09057385003558258
42 41 42 0.0 0.0 1226.0 0.0 12645.0 42.0 15780.0 0.08820564516129031
42 41 43 0.0 0.0 715.0 0.0 11732.0 31.0 4801.0 0.09700665188470066
42 41 44 0.0 0.0 283.0 0.0 6254.0 15.0 546.0 0.164261410301537
42 41 45 0.0 0.0 2.0 0.0 123.0 0.0 0.0 0.6588235294117646
42 42 35 0.0 0.0 0.0 0.0 30.0 0.0 0.0 0.689655172413793
42 42 36 0.0 0.0 215.0 0.0 4636.0 20.0 206.0 0.20482809070958302
42 42 37 0.0 0.0 149.0 0.0 3451.0 16.0 132.0 0.2505817075353499
42 42 38 0.0 0.0 1095.0 0.0 12601.0 40.0 12412.0 0.08917197452229299
42 42 39 0.0 0.0 1178.0 0.0 12602.0 30.0 14346.0 0.08870865543023697
42 42 40 0.0 0.0 699.0 0.0 11488.0 26.0 5781.0 0.09873060648801128
42 42 41 0.0 0.0 1349.0 0.0 12922.0 43.0 16843.0 0.08605851979345955
42 42 42 0.0 0.0 564.0 0.0 9725.0 27.0 2169.0 0.11409942950285247
42 42 43 0.0 0.0 70.0 0.0 1881.0 11.0 27.0 0.35514967021816335
42 42 44 0.0 0.0 38.0 0.0 785.0 7.0 3.0 0.49715909090909083
42 42 45 0.0 0.0 0.0 0.0 15.0 0.0 0.0 0.694789081885856
42 43 35 0.0 0.0 0.0 0.0 22.0 0.0 0.0 0.6923837784371908
42 43 36 0.0 0.0 0.0 0.0 42.0 0.0 0.0 0.6856023506366307
42 43 37 0.0 0.0 109.0 0.0 2757.0 17.0 59.0 0.28871932357187047
42 43 38 0.0 0.0 244.0 0.0 6036.0 16.0 516.0 0.16936849745947252
42 43 39 0.0 0.0 390.0 0.0 7738.0 21.0 1005.0 0.1384630600336267
42 43 40 0.0 0.0 145.0 0.0 3579.0 16.0 119.0 0.24518388791593695
42 43 41 0.0 0.0 555.0 0.0 9917.0 26.0 2568.0 0.11240465676435164
42 43 42 0.0 0.0 330.0 0.0 7508.0 22.0 1038.0 0.14247913698351308
42 43 43 0.0 0.0 8.0 0.0 211.0 3.0 0.0 0.6320541760722347
42 43 44 0.0 0.0 0.0 0.0 18.0 1.0 0.0 0.694100148735746
42 43 45 0.0 0.0 6.0 0.0 101.0 2.0 0.0 0.6650831353919239
42 44 36 0.0 0.0 1.0 0.0 25.0 0.0 0.0 0.6910167818361302
42 44 37 0.0 0.0 0.0 0.0 36.0 0.0 0.0 0.6876227897838899
42 44 38 0.0 0.0 12.0 0.0 352.0 4.0 0.0 0.5934718100890207
42 44 39 0.0 0.0 2.0 0.0 134.0 0.0 0.0 0.6554307116104868
42 44 40 0.0 0.0 346.0 0.0 6870.0 21.0 666.0 0.1522235511579863
42 44 41 0.0 0.0 36.0 0.0 1002.0 8.0 3.0 0.46189376443418
42 44 42 0.0 0.0 3.0 0.0 165.0 0.0 0.0 0.6457564575645756
42 44 43 0.0 0.0 0.0 0.0 57.0 0.0 0.0 0.6806028196402526
42 45 37 0.0 0.0 2.0 0.0 48.0 0.0 0.0 0.6829268292682925
42 45 38 0.0 0.0 0.0 0.0 9.0 0.0 0.0 0.6968641114982577
42 45 39 0.0 0.0 16.0 0.0 263.0 6.0 0.0 0.6159260888693356
42 45 40 0.0 0.0 25.0 0.0 710.0 5.0 5.0 0.5128205128205128
42 45 41 0.0 0.0 0.0 0.0 15.0 0.0 0.0 0.694789081885856
42 45 42 0.0 0.0 0.0 0.0 3.0 0.0 0.0 0.6989515726410384
43 34 38 0.0 0.0 0.0 0.0 1.0 0.0 0.0 0.6996501749125437
43 35 37 0.0 0.0 0.0 0.0 1.0 0.0 0.0 0.6996501749125437
43 35 38 0.0 0.0 12.0 0.0 352.0 2.0 2.0 0.592718035563082
43 35 39 0.0 0.0 4.0 0.0 133.0 1.0 0.0 0.6557377049180326
43 35 40 0.0 0.0 50.0 0.0 1143.0 12.0 4.0 0.4401131719585035
43 35 41 0.0 0.0 0.0 0.0 36.0 0.0 0.0 0.6876227897838899
43 35 42 0.0 0.0 0.0 0.0 41.0 0.0 0.0 0.6859382655560998
43 35 43 0.0 0.0 0.0 0.0 13.0 0.0 0.0 0.695479384003974
43 35 44 0.0 0.0 0.0 0.0 4.0 0.0 0.0 0.6986027944111775
43 36 37 0.0 0.0 0.0 0.0 15.0 0.0 0.0 0.694789081885856
43 36 38 0.0 0.0 10.0 0.0 338.0 4.0 1.0 0.5977796754910332
43 36 39 0.0 0.0 374.0 0.0 8166.0 20.0 1267.0 0.13300399011970357
43 36 40 0.0 0.0 164.0 0.0 3707.0 10.0 122.0 0.2388263391334015
43 36 41 0.0 0.0 281.0 0.0 6096.0 18.0 552.0 0.16740404161186176
43 36 42 0.0 0.0 356.0 0.0 7296.0 19.0 856.0 0.14527342533983603
43 36 43 0.0 0.0 73.0 0.0 1509.0 19.0 14.0 0.392817059483726
43 36 44 0.0 0.0 181.0 0.0 3814.0 16.0 121.0 0.23407456946998825
43 36 45 0.0 0.0 0.0 0.0 3.0 0.0 0.0 0.6989515726410384
43 37 35 0.0 0.0 0.0 0.0 4.0 0.0 0.0 0.6986027944111775
43 37 36 0.0 0.0 0.0 0.0 8.0 0.0 0.0 0.697211155378486
43 37 37 0.0 0.0 0.0 0.0 74.0 0.0 0.0 0.6750241080038573
43 37 38 0.0 0.0 320.0 0.0 6715.0 25.0 725.0 0.1552967276760954
43 37 39 0.0 0.0 457.0 0.0 8304.0 27.0 1275.0 0.13024467392315564
43 37 40 0.0 0.0 625.0 0.0 10562.0 21.0 3513.0 0.10622154779969649
43 37 41 0.0 0.0 680.0 0.0 11176.0 23.0 4250.0 0.10109033143187232
43 37 42 0.0 0.0 340.0 0.0 7193.0 27.0 874.0 0.14719798128482808
43 37 43 0.0 0.0 527.0 0.0 10008.0 35.0 2921.0 0.11187470033562408
43 37 44 0.0 0.0 50.0 0.0 1389.0 8.0 8.0 0.4080443019527834
43 37 45 0.0 0.0 0.0 0.0 19.0 0.0 0.0 0.6934125804853887
43 38 35 0.0 0.0 0.0 0.0 6.0 0.0 0.0 0.6979062811565303
43 38 36 0.0 0.0 55.0 0.0 1335.0 9.0 7.0 0.41407867494824013
43 38 37 0.0 0.0 5.0 0.0 313.0 2.0 0.0 0.6044905008635577
43 38 38 0.0 0.0 485.0 0.0 9434.0 18.0 2164.0 0.11753840987322642
43 38 39 0.0 0.0 582.0 0.0 10314.0 23.0 2769.0 0.10869565217391303
43 38 40 0.0 0.0 865.0 0.0 12171.0 35.0 7156.0 0.09319044132330426
43 38 41 0.0 0.0 915.0 0.0 12355.0 33.0 8887.0 0.0916590284142988
43 38 42 0.0 0.0 749.0 0.0 11782.0 38.0 6406.0 0.09651844191658047
43 38 43 0.0 0.0 772.0 0.0 11728.0 23.0 5399.0 0.09654506585752706
43 38 44 0.0 0.0 84.0 0.0 2200.0 15.0 32.0 0.3278688524590163
43 38 45 0.0 0.0 0.0 0.0 10.0 0.0 0.0 0.6965174129353233
43 39 35 0.0 0.0 1.0 0.0 26.0 1.0 0.0 0.6913580246913579
43 39 36 0.0 0.0 39.0 0.0 870.0 8.0 2.0 0.4827586206896551
43 39 37 0.0 0.0 210.0 0.0 5077.0 13.0 308.0 0.19236053860950808
43 39 38 0.0 0.0 514.0 0.0 9666.0 20.0 2395.0 0.11502752444334892
43 39 39 0.0 0.0 768.0 0.0 11961.0 26.0 6686.0 0.0950570342205323
43 39 40 0.0 0.0 1134.0 0.0 12643.0 41.0 13266.0 0.08875927217396817
43 39 41 0.0 0.0 934.0 0.0 12336.0 30.0 6825.0 0.09174913166000392
43 39 42 0.0 0.0 1056.0 0.0 12692.0 43.0 11089.0 0.08900756564307966
43 39 43 0.0 0.0 773.0 0.0 11853.0 23.0 7507.0 0.09567416114262282
43 39 44 0.0 0.0 225.0 0.0 4431.0 22.0 162.0 0.21093867711315353
43 39 45 0.0 0.0 0.0 0.0 47.0 0.0 0.0 0.6839276990718123
43 40 35 0.0 0.0 0.0 0.0 7.0 0.0 0.0 0.6975585450921773
43 40 36 0.0 0.0 4.0 0.0 244.0 1.0 2.0 0.6230529595015576
43 40 37 0.0 0.0 462.0 0.0 8882.0 28.0 1586.0 0.12363122571529493
43 40 38 0.0 0.0 815.0 0.0 11937.0 20.0 6886.0 0.09489595336541719
43 40 39 0.0 0.0 849.0 0.0 12240.0 35.0 6780.0 0.09286282833642875
43 40 40 0.0 0.0 983.0 0.0 12710.0 37.0 8572.0 0.08932559178204555
43 40 41 0.0 0.0 1286.0 0.0 12986.0 38.0 14699.0 0.08598452278589852
43 40 42 0.0 0.0 778.0 0.0 11727.0 32.0 5896.0 0.09657170449058425
43 40 43 0.0 0.0 705.0 0.0 11315.0 24.0 4529.0 0.09988584474885844
43 40 44 0.0 0.0 168.0 0.0 4096.0 14.0 169.0 0.22407170294494236
43 40 45 0.0 0.0 32.0 0.0 845.0 10.0 5.0 0.48831531217300306
43 41 35 0.0 0.0 20.0 0.0 505.0 3.0 0.0 0.5551149881046787
43 41 36 0.0 0.0 58.0 0.0 1364.0 14.0 9.0 0.4107981220657277
43 41 37 0.0 0.0 943.0 0.0 12237.0 27.0 9954.0 0.09225700164744645
43 41 38 0.0 0.0 379.0 0.0 7883.0 18.0 1103.0 0.13661202185792345
43 41 39 0.0 0.0 871.0 0.0 12324.0 24.0 6783.0 0.09216589861751151
43 41 40 0.0 0.0 1239.0 0.0 13029.0 40.0 13824.0 0.08614854470494122
43 41 41 0.0 0.0 351.0 0.0 8140.0 28.0 1434.0 0.13362603798797362
43 41 42 0.0 0.0 616.0 0.0 10688.0 26.0 3645.0 0.105318588730911
43 41 43 0.0 0.0 424.0 0.0 8716.0 19.0 1796.0 0.1257974660796118
43 41 44 0.0 0.0 140.0 0.0 2777.0 24.0 48.0 0.2861815208503679
43 41 45 0.0 0.0 10.0 0.0 317.0 3.0 0.0 0.6024096385542168
43 42 35 0.0 0.0 0.0 0.0 12.0 0.0 0.0 0.6958250497017892
43 42 36 0.0 0.0 1.0 0.0 123.0 2.0 0.0 0.6597549481621111
43 42 37 0.0 0.0 230.0 0.0 5096.0 23.0 332.0 0.19167579408543264
43 42 38 0.0 0.0 500.0 0.0 9178.0 28.0 1850.0 0.1200995110234194
43 42 39 0.0 0.0 669.0 0.0 10920.0 29.0 3945.0 0.10310796877301515
43 42 40 0.0 0.0 383.0 0.0 8262.0 27.0 1570.0 0.1317771084337349
43 42 41 0.0 0.0 386.0 0.0 7311.0 19.0 800.0 0.1445385091885195
43 42 42 0.0 0.0 70.0 0.0 2043.0 10.0 28.0 0.341296928327645
43 42 43 0.0 0.0 201.0 0.0 4121.0 23.0 166.0 0.22218695445167427
43 42 44 0.0 0.0 17.0 0.0 364.0 4.0 0.0 0.5889777029869583
43 42 45 0.0 0.0 0.0 0.0 4.0 0.0 0.0 0.6986027944111775
43 43 35 0.0 0.0 0.0 0.0 12.0 0.0 0.0 0.6958250497017892
43 43 36 0.0 0.0 0.0 0.0 46.0 0.0 0.0 0.6842619745845552
43 43 37 0.0 0.0 56.0 0.0 1156.0 13.0 7.0 0.43763676148796493
43 43 38 0.0 0.0 89.0 0.0 2394.0 12.0 44.0 0.31312905390292994
43 43 39 0.0 0.0 221.0 0.0 4275.0 23.0 154.0 0.2162162162162162
43 43 40 0.0 0.0 171.0 0.0 3929.0 25.0 143.0 0.23022529189278074
43 43 41 0.0 0.0 285.0 0.0 6113.0 12.0 510.0 0.1669250029808036
43 43 42 0.0 0.0 43.0 0.0 1210.0 10.0 16.0 0.4316990440949737
43 43 43 0.0 0.0 0.0 0.0 29.0 0.0 0.0 0.690335305719921
43 43 44 0.0 0.0 0.0 0.0 3.0 0.0 0.0 0.6989515726410384
43 44 37 0.0 0.0 11.0 0.0 213.0 2.0 0.0 0.63006300630063
43 44 38 0.0 0.0 0.0 0.0 8.0 0.0 0.0 0.697211155378486
43 44 39 0.0 0.0 0.0 0.0 19.0 0.0 0.0 0.6934125804853887
43 44 40 0.0 0.0 1.0 0.0 80.0 0.0 0.0 0.6727534839019701
43 44 41 0.0 0.0 42.0 0.0 1006.0 16.0 5.0 0.46158918562479384
43 44 42 0.0 0.0 0.0 0.0 36.0 0.0 0.0 0.6876227897838899
43 44 43 0.0 0.0 0.0 0.0 7.0 1.0 0.0 0.6979062811565303
43 45 40 0.0 0.0 1.0 0.0 8.0 1.0 0.0 0.697211155378486
43 45 41 0.0 0.0 0.0 0.0 10.0 0.0 0.0 0.6965174129353233
44 35 38 0.0 0.0 0.0 0.0 10.0 0.0 0.0 0.6965174129353233
44 35 39 0.0 0.0 13.0 0.0 244.0 1.0 0.0 0.6205673758865247
44 35 40 0.0 0.0 3.0 0.0 39.0 0.0 0.0 0.6856023506366307
44 35 41 0.0 0.0 0.0 0.0 25.0 0.0 0.0 0.6913580246913579
44 35 42 0.0 0.0 0.0 0.0 13.0 0.0 0.0 0.695479384003974
44 35 43 0.0 0.0 0.0 0.0 9.0 0.0 0.0 0.6968641114982577
44 35 44 0.0 0.0 0.0 0.0 2.0 0.0 0.0 0.6993006993006992
44 35 45 0.0 0.0 1.0 0.0 7.0 0.0 0.0 0.697211155378486
44 36 37 0.0 0.0 0.0 0.0 6.0 0.0 0.0 0.6979062811565303
44 36 38 0.0 0.0 0.0 0.0 24.0 0.0 0.0 0.6916996047430829
44 36 39 0.0 0.0 0.0 0.0 62.0 0.0 0.0 0.6789524733268669
44 36 40 0.0 0.0 3.0 0.0 128.0 0.0 0.0 0.6569685593618019
44 36 41 0.0 0.0 115.0 0.0 3107.0 13.0 80.0 0.2688172043010752
44 36 42 0.0 0.0 6.0 0.0 141.0 3.0 0.0 0.6529850746268656
44 36 43 0.0 0.0 7.0 0.0 161.0 2.0 0.0 0.6463527239150507
44 36 44 0.0 0.0 2.0 0.0 66.0 0.0 0.0 0.6769825918762088
44 36 45 0.0 0.0 0.0 0.0 2.0 0.0 0.0 0.6993006993006992
44 37 35 0.0 0.0 0.0 0.0 1.0 0.0 0.0 0.6996501749125437
44 37 37 0.0 0.0 1.0 0.0 30.0 0.0 0.0 0.6893156080748399
44 37 38 0.0 0.0 10.0 0.0 349.0 1.0 1.0 0.593975392448027
44 37 39 0.0 0.0 46.0 0.0 879.0 9.0 4.0 0.48010973936899853
44 37 40 0.0 0.0 244.0 0.0 4699.0 22.0 163.0 0.20216606498194942
44 37 41 0.0 0.0 136.0 0.0 2850.0 11.0 74.0 0.28129395218002806
44 37 42 0.0 0.0 62.0 0.0 1335.0 16.0 8.0 0.41407867494824013
44 37 43 0.0 0.0 227.0 0.0 4807.0 25.0 205.0 0.1997146932952924
44 37 44 0.0 0.0 96.0 0.0 2554.0 18.0 55.0 0.3022452504317789
44 37 45 0.0 0.0 0.0 0.0 4.0 0.0 0.0 0.6986027944111775
44 38 35 0.0 0.0 0.0 0.0 1.0 0.0 0.0 0.6996501749125437
44 38 37 0.0 0.0 19.0 0.0 540.0 3.0 3.0 0.5477308294209702
44 38 38 0.0 0.0 138.0 0.0 3875.0 25.0 174.0 0.23372287145242068
44 38 39 0.0 0.0 128.0 0.0 2654.0 16.0 51.0 0.2936241610738255
44 38 40 0.0 0.0 287.0 0.0 5801.0 18.0 404.0 0.1733316825554042
44 38 41 0.0 0.0 640.0 0.0 10897.0 27.0 3449.0 0.10352732381867927
44 38 42 0.0 0.0 211.0 0.0 4730.0 18.0 227.0 0.202136875541438
44 38 43 0.0 0.0 235.0 0.0 5181.0 20.0 306.0 0.18918918918918917
44 38 44 0.0 0.0 0.0 0.0 136.0 0.0 0.0 0.6554307116104868
44 38 45 0.0 0.0 0.0 0.0 2.0 0.0 0.0 0.6993006993006992
44 39 35 0.0 0.0 9.0 0.0 420.0 4.0 3.0 0.5773195876288658
44 39 36 0.0 0.0 17.0 0.0 327.0 9.0 0.0 0.5995717344753746
44 39 37 0.0 0.0 77.0 0.0 1864.0 10.0 35.0 0.3561434749427626
44 39 38 0.0 0.0 44.0 0.0 996.0 11.0 4.0 0.462198745460548
44 39 39 0.0 0.0 172.0 0.0 3491.0 17.0 89.0 0.24787535410764872
44 39 40 0.0 0.0 236.0 0.0 5204.0 29.0 277.0 0.18890837943597352
44 39 41 0.0 0.0 645.0 0.0 10666.0 21.0 2825.0 0.1052315093205051
44 39 42 0.0 0.0 248.0 0.0 5025.0 17.0 304.0 0.1929171834091222
44 39 43 0.0 0.0 34.0 0.0 1082.0 7.0 10.0 0.4503055644901897
44 39 44 0.0 0.0 10.0 0.0 446.0 2.0 0.0 0.5704971475142624
44 39 45 0.0 0.0 0.0 0.0 18.0 0.0 0.0 0.6937561942517343
44 39 46 0.0 0.0 0.0 0.0 1.0 0.0 0.0 0.6996501749125437
44 40 35 0.0 0.0 0.0 0.0 22.0 0.0 0.0 0.6923837784371908
44 40 36 0.0 0.0 418.0 0.0 8745.0 12.0 1755.0 0.12548176032983774
44 40 37 0.0 0.0 45.0 0.0 972.0 8.0 5.0 0.46527085410435354
44 40 38 0.0 0.0 191.0 0.0 4077.0 14.0 153.0 0.22371364653243844
44 40 39 0.0 0.0 250.0 0.0 5097.0 20.0 275.0 0.19096985404446865
44 40 40 0.0 0.0 480.0 0.0 9296.0 25.0 1962.0 0.11907799608743726
44 40 41 0.0 0.0 137.0 0.0 3139.0 19.0 94.0 0.26641294005708843
44 40 42 0.0 0.0 388.0 0.0 8250.0 30.0 1325.0 0.1318764129615674
44 40 43 0.0 0.0 293.0 0.0 6078.0 15.0 451.0 0.16742406122937092
44 40 44 0.0 0.0 568.0 0.0 9761.0 25.0 2114.0 0.11371020142949965
44 40 45 0.0 0.0 0.0 0.0 19.0 0.0 0.0 0.6934125804853887
44 41 35 0.0 0.0 0.0 0.0 51.0 0.0 0.0 0.68259385665529
44 41 36 0.0 0.0 14.0 0.0 383.0 4.0 0.0 0.5850396991224404
44 41 37 0.0 0.0 193.0 0.0 4604.0 19.0 194.0 0.206520135713232
44 41 38 0.0 0.0 67.0 0.0 1700.0 12.0 15.0 0.3729355354288758
44 41 39 0.0 0.0 164.0 0.0 3474.0 12.0 113.0 0.2488446498400284
44 41 40 0.0 0.0 277.0 0.0 6451.0 21.0 617.0 0.16079016882967725
44 41 41 0.0 0.0 569.0 0.0 10678.0 29.0 4195.0 0.10578812150521384
44 41 42 0.0 0.0 273.0 0.0 5504.0 21.0 332.0 0.180528691166989
44 41 43 0.0 0.0 15.0 0.0 410.0 1.0 1.0 0.5775577557755774
44 41 44 0.0 0.0 89.0 0.0 2259.0 15.0 37.0 0.323027226580526
44 41 45 0.0 0.0 1.0 0.0 38.0 1.0 0.0 0.6869479882237487
44 42 35 0.0 0.0 0.0 0.0 30.0 0.0 0.0 0.689655172413793
44 42 36 0.0 0.0 472.0 0.0 9505.0 21.0 2571.0 0.1169981614574628
44 42 37 0.0 0.0 14.0 0.0 418.0 2.0 1.0 0.5761316872427983
44 42 38 0.0 0.0 24.0 0.0 672.0 3.0 0.0 0.5200594353640415
44 42 39 0.0 0.0 112.0 0.0 2759.0 13.0 63.0 0.28812512862728956
44 42 40 0.0 0.0 173.0 0.0 3609.0 13.0 97.0 0.2425922717033443
44 42 41 0.0 0.0 55.0 0.0 1490.0 13.0 12.0 0.3962637984715538
44 42 42 0.0 0.0 8.0 0.0 343.0 1.0 0.0 0.5957446808510637
44 42 43 0.0 0.0 2.0 0.0 68.0 0.0 0.0 0.6763285024154588
44 42 44 0.0 0.0 0.0 0.0 26.0 0.0 0.0 0.6910167818361302
44 42 45 0.0 0.0 3.0 0.0 26.0 1.0 0.0 0.690335305719921
44 43 35 0.0 0.0 0.0 0.0 16.0 0.0 0.0 0.694789081885856
44 43 36 0.0 0.0 0.0 0.0 39.0 0.0 0.0 0.6866110838646394
44 43 37 0.0 0.0 9.0 0.0 171.0 3.0 0.0 0.6430868167202571
44 43 38 0.0 0.0 0.0 0.0 37.0 0.0 0.0 0.6872852233676975
44 43 39 0.0 0.0 3.0 0.0 75.0 0.0 0.0 0.6740491092922483
44 43 40 0.0 0.0 3.0 0.0 81.0 1.0 0.0 0.6721075372059528
44 43 41 0.0 0.0 0.0 0.0 41.0 0.0 0.0 0.6859382655560998
44 43 42 0.0 0.0 66.0 0.0 1638.0 15.0 16.0 0.37950664136622386
44 43 43 0.0 0.0 0.0 0.0 3.0 0.0 0.0 0.6989515726410384
44 43 44 0.0 0.0 0.0 0.0 3.0 0.0 0.0 0.6989515726410384
44 44 37 0.0 0.0 0.0 0.0 2.0 0.0 0.0 0.6993006993006992
44 44 38 0.0 0.0 0.0 0.0 1.0 0.0 0.0 0.6996501749125437
44 44 39 0.0 0.0 0.0 0.0 6.0 0.0 0.0 0.6979062811565303
44 44 40 0.0 0.0 0.0 0.0 3.0 0.0 0.0 0.6989515726410384
44 44 41 0.0 0.0 6.0 0.0 52.0 1.0 0.0 0.6806028196402526
44 44 42 0.0 0.0 0.0 0.0 3.0 0.0 0.0 0.6989515726410384
45 35 41 0.0 0.0 0.0 0.0 1.0 0.0 0.0 0.6996501749125437
45 35 42 0.0 0.0 0.0 0.0 4.0 0.0 0.0 0.6986027944111775
45 36 39 0.0 0.0 1.0 0.0 7.0 1.0 0.0 0.6975585450921773
45 36 40 0.0 0.0 0.0 0.0 4.0 0.0 0.0 0.6986027944111775
45 36 41 0.0 0.0 1.0 0.0 22.0 0.0 0.0 0.6920415224913494
45 36 42 0.0 0.0 0.0 0.0 4.0 0.0 0.0 0.6986027944111775
45 36 43 0.0 0.0 0.0 0.0 4.0 0.0 0.0 0.6986027944111775
45 36 44 0.0 0.0 0.0 0.0 1.0 0.0 0.0 0.6996501749125437
45 37 37 0.0 0.0 0.0 0.0 1.0 0.0 0.0 0.6996501749125437
45 37 38 0.0 0.0 0.0 0.0 1.0 0.0 0.0 0.6996501749125437
45 37 39 0.0 0.0 3.0 0.0 54.0 2.0 0.0 0.6812652068126519
45 37 40 0.0 0.0 137.0 0.0 2566.0 11.0 35.0 0.2984438286079727
45 37 41 0.0 0.0 5.0 0.0 92.0 2.0 0.0 0.6682577565632457
45 37 42 0.0 0.0 127.0 0.0 3008.0 13.0 61.0 0.27333073018352205
45 37 43 0.0 0.0 0.0 0.0 17.0 0.0 0.0 0.694100148735746
45 37 44 0.0 0.0 18.0 0.0 523.0 8.0 1.0 0.5527043031977891
45 38 34 0.0 0.0 0.0 0.0 1.0 0.0 0.0 0.6996501749125437
45 38 37 0.0 0.0 0.0 0.0 4.0 0.0 0.0 0.6986027944111775
45 38 38 0.0 0.0 0.0 0.0 3.0 0.0 0.0 0.6989515726410384
45 38 39 0.0 0.0 0.0 0.0 13.0 0.0 0.0 0.695479384003974
45 38 40 0.0 0.0 0.0 0.0 65.0 0.0 0.0 0.6779661016949151
45 38 41 0.0 0.0 26.0 0.0 518.0 8.0 2.0 0.5520504731861199
45 38 42 0.0 0.0 13.0 0.0 332.0 4.0 0.0 0.5980350277659119
45 38 43 0.0 0.0 62.0 0.0 1421.0 13.0 12.0 0.40345821325648407
45 38 44 0.0 0.0 0.0 0.0 5.0 0.0 0.0 0.6982543640897755
45 38 45 0.0 0.0 1.0 0.0 3.0 0.0 0.0 0.6986027944111775
45 39 35 0.0 0.0 46.0 0.0 721.0 9.0 2.0 0.5076142131979694
45 39 36 0.0 0.0 0.0 0.0 17.0 0.0 0.0 0.6944444444444444
45 39 37 0.0 0.0 9.0 0.0 222.0 2.0 0.0 0.6280843427545983
45 39 38 0.0 0.0 5.0 0.0 81.0 1.0 0.0 0.6714628297362109
45 39 39 0.0 0.0 0.0 0.0 39.0 0.0 0.0 0.6866110838646394
45 39 40 0.0 0.0 6.0 0.0 90.0 2.0 1.0 0.668896321070234
45 39 41 0.0 0.0 31.0 0.0 743.0 9.0 5.0 0.5063291139240506
45 39 42 0.0 0.0 16.0 0.0 342.0 5.0 1.0 0.5952380952380951
45 39 43 0.0 0.0 8.0 0.0 180.0 3.0 0.0 0.6407322654462241
45 39 44 0.0 0.0 0.0 0.0 27.0 0.0 0.0 0.6910167818361302
45 39 45 0.0 0.0 0.0 0.0 20.0 0.0 0.0 0.6930693069306929
45 40 35 0.0 0.0 0.0 0.0 27.0 0.0 0.0 0.6906758756783422
45 40 36 0.0 0.0 0.0 0.0 31.0 0.0 0.0 0.6893156080748399
45 40 37 0.0 0.0 28.0 0.0 836.0 5.0 6.0 0.48968170689052104
45 40 38 0.0 0.0 0.0 0.0 10.0 0.0 0.0 0.6965174129353233
45 40 39 0.0 0.0 1.0 0.0 27.0 0.0 0.0 0.690335305719921
45 40 40 0.0 0.0 3.0 0.0 156.0 5.0 0.0 0.649953574744661
45 40 41 0.0 0.0 0.0 0.0 147.0 0.0 0.0 0.6520726595249184
45 40 42 0.0 0.0 116.0 0.0 2588.0 19.0 56.0 0.29876227059325644
45 40 43 0.0 0.0 0.0 0.0 44.0 0.0 0.0 0.684931506849315
45 40 44 0.0 0.0 4.0 0.0 51.0 2.0 0.0 0.6819288845591815
45 40 45 0.0 0.0 124.0 0.0 2709.0 14.0 54.0 0.29051670471052077
45 40 46 0.0 0.0 0.0 0.0 1.0 0.0 0.0 0.6996501749125437
45 41 35 0.0 0.0 0.0 0.0 41.0 0.0 0.0 0.6859382655560998
45 41 36 0.0 0.0 7.0 0.0 98.0 2.0 0.0 0.6657156443176413
45 41 37 0.0 0.0 0.0 0.0 46.0 1.0 0.0 0.6845965770171147
45 41 38 0.0 0.0 0.0 0.0 8.0 0.0 0.0 0.6975585450921773
45 41 39 0.0 0.0 9.0 0.0 436.0 1.0 2.0 0.5728314238952537
45 41 40 0.0 0.0 15.0 0.0 314.0 3.0 0.0 0.6021505376344085
45 41 41 0.0 0.0 16.0 0.0 352.0 2.0 1.0 0.5917159763313609
45 41 42 0.0 0.0 5.0 0.0 71.0 2.0 0.0 0.6750241080038573
45 41 43 0.0 0.0 33.0 0.0 728.0 9.0 0.0 0.508720930232558
45 41 44 0.0 0.0 0.0 0.0 10.0 0.0 0.0 0.6965174129353233
45 41 45 0.0 0.0 0.0 0.0 10.0 0.0 0.0 0.6965174129353233
45 42 35 0.0 0.0 0.0 0.0 16.0 0.0 0.0 0.6944444444444444
45 42 36 0.0 0.0 59.0 0.0 1623.0 8.0 17.0 0.3809523809523809
45 42 37 0.0 0.0 0.0 0.0 19.0 1.0 0.0 0.6937561942517343
45 42 38 0.0 0.0 0.0 0.0 6.0 0.0 0.0 0.6979062811565303
45 42 39 0.0 0.0 0.0 0.0 11.0 0.0 0.0 0.6961710591745399
45 42 40 0.0 0.0 0.0 0.0 36.0 0.0 0.0 0.6876227897838899
45 42 41 0.0 0.0 0.0 0.0 61.0 0.0 0.0 0.6792819019893255
45 42 42 0.0 0.0 36.0 0.0 885.0 9.0 3.0 0.48076923076923067
45 42 43 0.0 0.0 0.0 0.0 4.0 0.0 0.0 0.6986027944111775
45 42 45 0.0 0.0 0.0 0.0 1.0 0.0 0.0 0.6996501749125437
45 43 35 0.0 0.0 2.0 0.0 108.0 0.0 0.0 0.6635071090047392
45 43 36 0.0 0.0 0.0 0.0 17.0 0.0 0.0 0.694100148735746
45 43 37 0.0 0.0 95.0 0.0 1929.0 11.0 12.0 0.34886618489907795
45 43 38 0.0 0.0 0.0 0.0 2.0 0.0 0.0 0.6993006993006992
45 43 40 0.0 0.0 0.0 0.0 5.0 0.0 0.0 0.6982543640897755
45 43 41 0.0 0.0 0.0 0.0 2.0 0.0 0.0 0.6993006993006992
45 44 37 0.0 0.0 0.0 0.0 1.0 0.0 0.0 0.6996501749125437
45 44 42 0.0 0.0 0.0 0.0 1.0 0.0 0.0 0.6996501749125437
46 36 41 0.0 0.0 0.0 0.0 1.0 0.0 0.0 0.6996501749125437
46 36 43 0.0 0.0 0.0 0.0 3.0 0.0 0.0 0.6989515726410384
46 37 40 0.0 0.0 0.0 0.0 1.0 0.0 0.0 0.6996501749125437
46 37 41 0.0 0.0 0.0 0.0 1.0 0.0 0.0 0.6996501749125437
46 37 42 0.0 0.0 0.0 0.0 1.0 0.0 0.0 0.6996501749125437
46 38 40 0.0 0.0 0.0 0.0 1.0 0.0 0.0 0.6996501749125437
46 38 42 0.0 0.0 0.0 0.0 1.0 0.0 0.0 0.6996501749125437
46 38 44 0.0 0.0 0.0 0.0 1.0 0.0 0.0 0.6996501749125437
46 39 37 0.0 0.0 0.0 0.0 1.0 0.0 0.0 0.6996501749125437
46 39 41 0.0 0.0 0.0 0.0 1.0 0.0 0.0 0.6996501749125437
46 39 42 0.0 0.0 0.0 0.0 1.0 0.0 0.0 0.6996501749125437
46 39 45 0.0 0.0 0.0 0.0 2.0 0.0 0.0 0.6993006993006992
46 40 35 0.0 0.0 0.0 0.0 1.0 0.0 0.0 0.6996501749125437
46 40 44 0.0 0.0 0.0 0.0 1.0 0.0 0.0 0.6996501749125437
46 41 36 0.0 0.0 0.0 0.0 1.0 0.0 0.0 0.6996501749125437
46 41 41 0.0 0.0 1.0 0.0 12.0 0.0 0.0 0.695479384003974
46 41 42 0.0 0.0 0.0 0.0 1.0 0.0 0.0 0.6996501749125437
46 41 43 0.0 0.0 0.0 0.0 1.0 0.0 0.0 0.6996501749125437
46 41 46 0.0 0.0 0.0 0.0 1.0 0.0 0.0 0.6996501749125437
46 42 37 0.0 0.0 0.0 0.0 1.0 0.0 0.0 0.6996501749125437
46 43 35 0.0 0.0 0.0 0.0 1.0 0.0 0.0 0.6996501749125437
46 43 37 0.0 0.0 0.0 0.0 2.0 0.0 0.0 0.6993006993006992
46 43 38 0.0 0.0 0.0 0.0 1.0 0.0 0.0 0.6996501749125437
