38 37 39 0.0 0.0 0.0 0.0 1.0 0.0 0.0 0.6996501749125437
38 38 38 0.0 0.0 0.0 0.0 1.0 0.0 0.0 0.6996501749125437
38 38 39 0.0 0.0 0.0 0.0 13.0 0.0 0.0 0.695479384003974
38 38 40 0.0 0.0 0.0 0.0 11.0 0.0 0.0 0.6961710591745399
38 38 41 0.0 0.0 0.0 0.0 10.0 0.0 0.0 0.6965174129353233
38 38 42 0.0 0.0 0.0 0.0 4.0 0.0 0.0 0.6986027944111775
38 39 38 0.0 0.0 0.0 0.0 15.0 0.0 0.0 0.694789081885856
38 39 39 0.0 0.0 10.0 0.0 309.0 4.0 0.0 0.6047516198704103
38 39 40 0.0 0.0 1.0 0.0 26.0 0.0 0.0 0.6910167818361302
38 39 41 0.0 0.0 4.0 0.0 74.0 1.0 0.0 0.6740491092922483
38 39 42 0.0 0.0 0.0 0.0 3.0 0.0 0.0 0.6989515726410384
38 40 38 0.0 0.0 0.0 0.0 20.0 0.0 0.0 0.6930693069306929
38 40 39 0.0 0.0 39.0 0.0 922.0 6.0 6.0 0.47377326565143824
38 40 40 0.0 0.0 14.0 0.0 510.0 5.0 0.0 0.5557761016276299
38 40 41 0.0 0.0 0.0 0.0 24.0 0.0 0.0 0.6916996047430829
38 40 42 0.0 0.0 0.0 0.0 2.0 0.0 0.0 0.6993006993006992
38 41 38 0.0 0.0 0.0 0.0 8.0 0.0 0.0 0.697211155378486
38 41 39 0.0 0.0 14.0 0.0 458.0 3.0 3.0 0.5670311867152693
38 41 40 0.0 0.0 5.0 0.0 110.0 1.0 0.0 0.662251655629139
38 41 41 0.0 0.0 0.0 0.0 5.0 0.0 0.0 0.6982543640897755
38 41 42 0.0 0.0 0.0 0.0 1.0 0.0 0.0 0.6996501749125437
38 42 38 0.0 0.0 0.0 0.0 2.0 0.0 0.0 0.6993006993006992
38 42 39 0.0 0.0 3.0 0.0 144.0 1.0 0.0 0.6523765144454798
38 42 40 0.0 0.0 0.0 0.0 8.0 0.0 0.0 0.697211155378486
38 42 41 0.0 0.0 0.0 0.0 5.0 0.0 0.0 0.6982543640897755
39 38 38 0.0 0.0 0.0 0.0 1.0 0.0 0.0 0.6996501749125437
39 38 39 0.0 0.0 0.0 0.0 17.0 0.0 0.0 0.694100148735746
39 38 40 0.0 0.0 44.0 0.0 816.0 10.0 3.0 0.4912280701754385
39 38 41 0.0 0.0 5.0 0.0 62.0 2.0 0.0 0.6782945736434108
39 38 42 0.0 0.0 0.0 0.0 21.0 0.0 0.0 0.6927263730826323
39 39 38 0.0 0.0 0.0 0.0 36.0 1.0 0.0 0.6879606879606879
39 39 39 0.0 0.0 91.0 0.0 2230.0 4.0 42.0 0.3241491085899513
39 39 40 0.0 0.0 393.0 2.0 7816.0 20.0 1154.0 0.13733568765940746
39 39 41 0.0 0.0 217.0 0.0 4612.0 18.0 196.0 0.20548950535740493
39 39 42 0.0 0.0 0.0 0.0 19.0 1.0 0.0 0.6937561942517343
39 40 38 0.0 0.0 5.0 0.0 56.0 1.0 0.0 0.6796116504854368
39 40 39 2.0 0.0 497.0 0.0 9447.0 23.0 2330.0 0.11736105289630311
39 40 40 0.0 0.0 216.0 7.0 5620.0 17.0 477.0 0.17884517118037813
39 40 41 0.0 0.0 35.0 1.0 1049.0 6.0 6.0 0.45454545454545453
39 40 42 0.0 0.0 0.0 0.0 9.0 0.0 0.0 0.6968641114982577
39 41 38 0.0 0.0 0.0 0.0 16.0 0.0 0.0 0.6944444444444444
39 41 39 0.0 0.0 102.0 0.0 2342.0 19.0 42.0 0.31624124689405914
39 41 40 0.0 0.0 229.0 0.0 5790.0 19.0 514.0 0.17493439960014992
39 41 41 0.0 0.0 119.0 0.0 2490.0 24.0 26.0 0.30534351145038163
39 41 42 0.0 0.0 0.0 0.0 4.0 0.0 0.0 0.6986027944111775
39 42 38 0.0 0.0 0.0 0.0 2.0 0.0 0.0 0.6993006993006992
39 42 39 0.0 0.0 0.0 0.0 10.0 0.0 0.0 0.6965174129353233
39 42 40 0.0 0.0 8.0 0.0 161.0 5.0 0.0 0.6469500924214416
39 42 41 0.0 0.0 0.0 0.0 15.0 0.0 0.0 0.694789081885856
39 42 42 0.0 0.0 0.0 0.0 4.0 0.0 0.0 0.6986027944111775
39 43 38 0.0 0.0 0.0 0.0 1.0 0.0 0.0 0.6996501749125437
40 37 40 0.0 0.0 0.0 0.0 1.0 0.0 0.0 0.6996501749125437
40 37 42 0.0 0.0 0.0 0.0 1.0 0.0 0.0 0.6996501749125437
40 38 38 0.0 0.0 17.0 0.0 311.0 2.0 1.0 0.6018916595012896
40 38 39 0.0 0.0 0.0 0.0 45.0 0.0 0.0 0.6845965770171147
40 38 40 0.0 0.0 6.0 0.0 181.0 1.0 1.0 0.6407322654462241
40 38 41 0.0 0.0 7.0 0.0 181.0 1.0 0.0 0.6401463191586647
40 38 42 0.0 0.0 2.0 0.0 36.0 0.0 0.0 0.6869479882237487
40 38 43 0.0 0.0 0.0 0.0 1.0 0.0 0.0 0.6996501749125437
40 39 38 0.0 0.0 0.0 0.0 17.0 0.0 0.0 0.694100148735746
40 39 39 0.0 0.0 225.0 0.0 5801.0 18.0 507.0 0.1747160863596655
40 39 40 0.0 0.0 246.0 0.0 5935.0 23.0 481.0 0.17156862745098037
40 39 41 0.0 0.0 339.0 0.0 7422.0 23.0 966.0 0.14364867638005333
40 39 42 0.0 0.0 1.0 0.0 77.0 0.0 0.0 0.6737247353224253
40 40 38 0.0 0.0 0.0 0.0 40.0 0.0 0.0 0.6862745098039215
40 40 39 0.0 0.0 97.0 0.0 2304.0 15.0 56.0 0.31927023945267957
40 40 40 13.0 5.0 1291.0 64.0 12727.0 34.0 15193.0 0.08698893997763141
40 40 41 0.0 0.0 88.0 0.0 2021.0 13.0 29.0 0.34179687499999994
40 40 42 0.0 0.0 0.0 0.0 57.0 0.0 0.0 0.6806028196402526
40 41 38 0.0 0.0 7.0 0.0 82.0 2.0 0.0 0.670819357930043
40 41 39 0.0 0.0 42.0 2.0 1097.0 7.0 9.0 0.44671346522016586
40 41 40 0.0 0.0 153.0 5.0 3809.0 12.0 138.0 0.23513604299630497
40 41 41 0.0 0.0 183.0 0.0 4125.0 19.0 170.0 0.22261090793448876
40 41 42 0.0 0.0 0.0 0.0 9.0 0.0 0.0 0.6968641114982577
40 42 38 0.0 0.0 0.0 0.0 1.0 0.0 0.0 0.6996501749125437
40 42 39 0.0 0.0 47.0 0.0 1256.0 13.0 11.0 0.42553191489361697
40 42 40 0.0 0.0 0.0 0.0 17.0 0.0 0.0 0.694100148735746
40 42 41 0.0 0.0 0.0 0.0 19.0 0.0 0.0 0.6934125804853887
40 42 42 0.0 0.0 0.0 0.0 4.0 0.0 0.0 0.6986027944111775
41 37 40 0.0 0.0 0.0 0.0 1.0 0.0 0.0 0.6996501749125437
41 38 38 0.0 0.0 0.0 0.0 6.0 0.0 0.0 0.6979062811565303
41 38 39 0.0 0.0 3.0 0.0 80.0 2.0 0.0 0.6727534839019701
41 38 40 0.0 0.0 26.0 0.0 772.0 6.0 6.0 0.5014326647564469
41 38 41 0.0 0.0 10.0 0.0 255.0 2.0 0.0 0.618647812638091
41 38 42 0.0 0.0 40.0 0.0 935.0 9.0 2.0 0.4720161834120026
41 39 38 0.0 0.0 0.0 0.0 9.0 0.0 0.0 0.6968641114982577
41 39 39 0.0 0.0 63.0 1.0 1367.0 17.0 8.0 0.41007615700058575
41 39 40 0.0 0.0 458.0 0.0 9089.0 14.0 1847.0 0.12126461671719357
41 39 41 0.0 0.0 723.0 0.0 11161.0 29.0 4645.0 0.10089362928797924
41 39 42 0.0 0.0 16.0 0.0 536.0 0.0 1.0 0.5488043904351234
41 40 38 0.0 0.0 6.0 0.0 142.0 4.0 0.0 0.6529850746268656
41 40 39 0.0 0.0 291.0 0.0 6358.0 29.0 528.0 0.1623564884610924
41 40 40 0.0 0.0 6.0 13.0 379.0 3.0 0.0 0.5845511482254696
41 40 41 0.0 0.0 202.0 0.0 4342.0 21.0 209.0 0.21459227467811154
41 40 42 0.0 0.0 80.0 0.0 1928.0 9.0 19.0 0.35008752188047004
41 41 38 0.0 0.0 1.0 0.0 15.0 0.0 0.0 0.6944444444444444
41 41 39 0.0 0.0 118.0 0.0 2848.0 12.0 61.0 0.2825999192571659
41 41 40 0.0 0.0 410.0 0.0 7758.0 22.0 958.0 0.13791744655698943
41 41 41 0.0 0.0 4.0 1.0 203.0 0.0 0.0 0.6340579710144926
41 41 42 0.0 0.0 0.0 0.0 6.0 0.0 0.0 0.6979062811565303
41 42 38 0.0 0.0 0.0 0.0 2.0 0.0 0.0 0.6993006993006992
41 42 39 0.0 0.0 0.0 0.0 6.0 0.0 0.0 0.6979062811565303
41 42 40 0.0 0.0 0.0 0.0 16.0 0.0 0.0 0.6944444444444444
41 42 41 0.0 0.0 0.0 0.0 19.0 0.0 0.0 0.6934125804853887
41 42 42 0.0 0.0 0.0 0.0 5.0 0.0 0.0 0.6982543640897755
42 37 41 0.0 0.0 0.0 0.0 1.0 0.0 0.0 0.6996501749125437
42 38 39 0.0 0.0 0.0 0.0 15.0 0.0 0.0 0.694789081885856
42 38 40 0.0 0.0 39.0 0.0 977.0 7.0 2.0 0.46527085410435354
42 38 41 0.0 0.0 48.0 0.0 883.0 11.0 2.0 0.4794520547945204
42 38 42 0.0 0.0 0.0 0.0 22.0 0.0 0.0 0.6923837784371908
42 39 38 0.0 0.0 0.0 0.0 1.0 0.0 0.0 0.6996501749125437
42 39 39 0.0 0.0 0.0 0.0 15.0 0.0 0.0 0.694789081885856
42 39 40 0.0 0.0 30.0 0.0 597.0 3.0 1.0 0.5335365853658536
42 39 41 0.0 0.0 3.0 0.0 238.0 2.0 0.0 0.6252791424743188
42 39 42 0.0 0.0 39.0 0.0 815.0 7.0 8.0 0.4917456972251492
42 40 38 0.0 0.0 2.0 0.0 15.0 0.0 0.0 0.694100148735746
42 40 39 0.0 0.0 0.0 0.0 20.0 1.0 0.0 0.6937561942517343
42 40 40 0.0 0.0 14.0 0.0 264.0 3.0 0.0 0.6153846153846153
42 40 41 0.0 0.0 11.0 0.0 202.0 6.0 0.0 0.6343452650657
42 40 42 0.0 0.0 4.0 0.0 92.0 1.0 0.0 0.6682577565632457
42 41 38 0.0 0.0 0.0 0.0 9.0 0.0 0.0 0.6968641114982577
42 41 39 0.0 0.0 0.0 0.0 16.0 0.0 0.0 0.6944444444444444
42 41 40 0.0 0.0 0.0 0.0 15.0 0.0 0.0 0.694789081885856
42 41 41 0.0 0.0 0.0 0.0 10.0 0.0 0.0 0.6965174129353233
42 41 42 0.0 0.0 0.0 0.0 1.0 0.0 0.0 0.6996501749125437
42 42 38 0.0 0.0 1.0 0.0 31.0 1.0 0.0 0.6893156080748399
42 42 39 0.0 0.0 0.0 0.0 6.0 0.0 0.0 0.6979062811565303
42 42 40 0.0 0.0 0.0 0.0 7.0 0.0 0.0 0.6975585450921773
42 42 41 0.0 0.0 0.0 0.0 14.0 0.0 0.0 0.6951340615690167
