36 39 39 0.0 0.0 1.0 0.0 35.0 0.0 0.0 0.6876227897838899
36 40 38 0.0 0.0 3.0 0.0 53.0 0.0 0.0 0.6809338521400777
36 40 39 0.0 0.0 0.0 0.0 2.0 0.0 0.0 0.6993006993006992
36 41 38 0.0 0.0 0.0 0.0 1.0 0.0 0.0 0.6996501749125437
37 37 39 0.0 0.0 0.0 0.0 5.0 0.0 0.0 0.6982543640897755
37 37 40 0.0 0.0 6.0 0.0 45.0 1.0 0.0 0.6829268292682925
37 37 41 0.0 0.0 0.0 0.0 3.0 0.0 0.0 0.6989515726410384
37 38 37 0.0 0.0 0.0 0.0 3.0 0.0 0.0 0.6989515726410384
37 38 38 0.0 0.0 1.0 0.0 24.0 0.0 0.0 0.6913580246913579
37 38 39 0.0 0.0 0.0 0.0 30.0 0.0 0.0 0.689655172413793
37 38 40 0.0 0.0 0.0 0.0 21.0 0.0 0.0 0.6927263730826323
37 38 41 0.0 0.0 2.0 0.0 16.0 1.0 0.0 0.6944444444444444
37 38 42 0.0 0.0 0.0 0.0 16.0 0.0 0.0 0.6944444444444444
37 39 37 0.0 0.0 0.0 0.0 3.0 0.0 0.0 0.6989515726410384
37 39 38 0.0 0.0 1.0 0.0 24.0 1.0 0.0 0.6916996047430829
37 39 39 0.0 0.0 4.0 0.0 116.0 1.0 0.0 0.6606890042472864
37 39 40 0.0 0.0 0.0 0.0 60.0 0.0 0.0 0.6799417192812044
37 39 41 0.0 0.0 0.0 0.0 40.0 0.0 0.0 0.6862745098039215
37 39 42 0.0 0.0 0.0 0.0 12.0 0.0 0.0 0.6958250497017892
37 40 37 0.0 0.0 0.0 0.0 4.0 0.0 0.0 0.6986027944111775
37 40 38 0.0 0.0 0.0 0.0 54.0 0.0 0.0 0.6815968841285296
37 40 39 0.0 0.0 143.0 0.0 3333.0 16.0 90.0 0.2563163676309044
37 40 40 0.0 0.0 21.0 0.0 563.0 5.0 2.0 0.543056633048875
37 40 41 0.0 0.0 4.0 0.0 103.0 1.0 0.0 0.664767331433998
37 40 42 0.0 0.0 0.0 0.0 5.0 0.0 0.0 0.6986027944111775
37 41 37 0.0 0.0 0.0 0.0 1.0 0.0 0.0 0.6996501749125437
37 41 38 0.0 0.0 0.0 0.0 35.0 0.0 0.0 0.6879606879606879
37 41 39 0.0 0.0 9.0 0.0 335.0 2.0 0.0 0.5977796754910332
37 41 40 0.0 0.0 1.0 0.0 61.0 1.0 0.0 0.6792819019893255
37 41 41 0.0 0.0 0.0 0.0 31.0 0.0 0.0 0.6893156080748399
37 41 42 0.0 0.0 0.0 0.0 7.0 0.0 0.0 0.6975585450921773
37 42 38 0.0 0.0 0.0 0.0 12.0 0.0 0.0 0.6958250497017892
37 42 39 0.0 0.0 8.0 0.0 188.0 2.0 0.0 0.6381039197812214
37 42 40 0.0 0.0 32.0 0.0 491.0 5.0 0.0 0.5559968228752977
37 42 41 0.0 0.0 2.0 0.0 70.0 0.0 0.0 0.6756756756756755
37 42 42 0.0 0.0 0.0 0.0 2.0 0.0 0.0 0.6993006993006992
37 43 38 0.0 0.0 0.0 0.0 3.0 0.0 0.0 0.6989515726410384
37 43 39 0.0 0.0 0.0 0.0 2.0 0.0 0.0 0.6993006993006992
37 43 40 0.0 0.0 0.0 0.0 8.0 0.0 0.0 0.697211155378486
37 43 41 0.0 0.0 0.0 0.0 7.0 0.0 0.0 0.6975585450921773
37 43 42 0.0 0.0 0.0 0.0 4.0 0.0 0.0 0.6986027944111775
38 36 41 0.0 0.0 0.0 0.0 2.0 0.0 0.0 0.6993006993006992
38 37 37 0.0 0.0 0.0 0.0 1.0 0.0 0.0 0.6996501749125437
38 37 39 0.0 0.0 0.0 0.0 60.0 0.0 0.0 0.6799417192812044
38 37 40 0.0 0.0 4.0 0.0 113.0 1.0 0.0 0.661625708884688
38 37 41 0.0 0.0 0.0 0.0 22.0 0.0 0.0 0.6923837784371908
38 37 42 0.0 0.0 3.0 0.0 72.0 2.0 0.0 0.6753497346840327
38 37 43 0.0 0.0 0.0 0.0 1.0 0.0 0.0 0.6996501749125437
38 38 37 0.0 0.0 0.0 0.0 7.0 0.0 0.0 0.6975585450921773
38 38 38 0.0 0.0 34.0 0.0 705.0 7.0 0.0 0.5124450951683748
38 38 39 0.0 0.0 55.0 0.0 1422.0 16.0 13.0 0.4045073678127708
38 38 40 0.0 0.0 215.0 0.0 4645.0 15.0 191.0 0.20449897750511242
38 38 41 0.0 0.0 137.0 0.0 2990.0 20.0 51.0 0.27407987470634293
38 38 42 0.0 0.0 8.0 0.0 325.0 2.0 0.0 0.6006006006006005
38 38 43 0.0 0.0 0.0 0.0 1.0 0.0 0.0 0.6996501749125437
38 39 37 0.0 0.0 0.0 0.0 11.0 0.0 0.0 0.6961710591745399
38 39 38 0.0 0.0 140.0 0.0 3617.0 17.0 111.0 0.24390243902439018
38 39 39 0.0 0.0 335.0 0.0 7728.0 20.0 1263.0 0.13931734500945364
38 39 40 0.0 0.0 315.0 1.0 6667.0 21.0 638.0 0.15612802498048398
38 39 41 0.0 0.0 260.0 0.0 6247.0 16.0 601.0 0.16488046166529266
38 39 42 0.0 0.0 23.0 0.0 594.0 8.0 0.0 0.5368098159509201
38 39 43 0.0 0.0 1.0 0.0 8.0 1.0 0.0 0.697211155378486
38 40 37 0.0 0.0 0.0 0.0 13.0 0.0 0.0 0.695479384003974
38 40 38 0.0 0.0 138.0 0.0 3132.0 12.0 68.0 0.26621030614185204
38 40 39 0.0 0.0 566.0 0.0 10161.0 26.0 2887.0 0.11007154650522838
38 40 40 0.0 0.0 417.0 0.0 8687.0 25.0 1678.0 0.12626262626262624
38 40 41 0.0 0.0 132.0 0.0 3320.0 17.0 99.0 0.257494942063638
38 40 42 0.0 0.0 112.0 0.0 2509.0 17.0 40.0 0.3041494677384314
38 40 43 0.0 0.0 0.0 0.0 3.0 0.0 0.0 0.6989515726410384
38 41 37 0.0 0.0 0.0 0.0 11.0 0.0 0.0 0.6961710591745399
38 41 38 0.0 0.0 39.0 0.0 1075.0 10.0 5.0 0.45117628101836926
38 41 39 0.0 0.0 379.0 0.0 8195.0 31.0 1451.0 0.1326259946949602
38 41 40 0.0 0.0 485.0 0.0 8672.0 23.0 1398.0 0.1256394148792964
38 41 41 0.0 0.0 169.0 0.0 3664.0 14.0 124.0 0.24059116686715926
38 41 42 0.0 0.0 2.0 0.0 141.0 2.0 0.0 0.6539000467071461
38 41 43 0.0 0.0 0.0 0.0 4.0 0.0 0.0 0.6986027944111775
38 42 37 0.0 0.0 0.0 0.0 3.0 0.0 0.0 0.6989515726410384
38 42 38 0.0 0.0 25.0 0.0 670.0 7.0 7.0 0.5208333333333333
38 42 39 0.0 0.0 252.0 0.0 5853.0 16.0 474.0 0.17296763034346424
38 42 40 0.0 0.0 183.0 0.0 4316.0 24.0 207.0 0.2162162162162162
38 42 41 0.0 0.0 299.0 0.0 5895.0 29.0 421.0 0.17140058765915767
38 42 42 0.0 0.0 0.0 0.0 56.0 0.0 0.0 0.6809338521400777
38 43 37 0.0 0.0 0.0 0.0 1.0 0.0 0.0 0.6996501749125437
38 43 38 0.0 0.0 0.0 0.0 2.0 0.0 0.0 0.6993006993006992
38 43 39 0.0 0.0 0.0 0.0 11.0 0.0 0.0 0.6961710591745399
38 43 40 0.0 0.0 14.0 0.0 275.0 5.0 1.0 0.6129597197898423
38 43 41 0.0 0.0 2.0 0.0 64.0 0.0 0.0 0.6776379477250725
38 43 42 0.0 0.0 0.0 0.0 9.0 0.0 0.0 0.6968641114982577
39 36 40 0.0 0.0 0.0 0.0 2.0 0.0 0.0 0.6993006993006992
39 36 41 0.0 0.0 0.0 0.0 1.0 0.0 0.0 0.6996501749125437
39 36 42 0.0 0.0 0.0 0.0 1.0 0.0 0.0 0.6996501749125437
39 37 37 0.0 0.0 0.0 0.0 4.0 0.0 0.0 0.6986027944111775
39 37 38 0.0 0.0 0.0 0.0 20.0 0.0 0.0 0.6930693069306929
39 37 39 0.0 0.0 0.0 0.0 41.0 0.0 0.0 0.6859382655560998
39 37 40 0.0 0.0 26.0 0.0 501.0 7.0 2.0 0.5555555555555555
39 37 41 0.0 0.0 149.0 0.0 3002.0 24.0 64.0 0.2730109204368174
39 37 42 0.0 0.0 38.0 0.0 736.0 7.0 1.0 0.5059631369714491
39 37 43 0.0 0.0 1.0 0.0 14.0 0.0 0.0 0.694789081885856
39 38 37 0.0 0.0 64.0 0.0 1642.0 13.0 19.0 0.37909558624424583
39 38 38 0.0 0.0 34.0 0.0 716.0 5.0 2.0 0.5100182149362477
39 38 39 0.0 0.0 181.0 0.0 4068.0 13.0 154.0 0.22453889334402563
39 38 40 0.0 0.0 527.0 0.0 9913.0 36.0 2693.0 0.11273049359851839
39 38 41 0.0 0.0 421.0 0.0 8432.0 30.0 1364.0 0.12922281705741182
39 38 42 0.0 0.0 61.0 0.0 1404.0 6.0 9.0 0.4047412546978895
39 38 43 0.0 0.0 0.0 0.0 12.0 0.0 0.0 0.6958250497017892
39 39 37 0.0 0.0 9.0 0.0 234.0 2.0 0.0 0.6247211066488174
39 39 38 0.0 0.0 200.0 0.0 4684.0 25.0 211.0 0.20405188747995914
39 39 39 0.0 0.0 681.0 1.0 11265.0 21.0 4585.0 0.10044482709140479
39 39 40 0.0 0.0 1222.0 1.0 12834.0 39.0 14580.0 0.08725459644749142
39 39 41 0.0 0.0 890.0 0.0 12422.0 40.0 8151.0 0.09150924897052094
39 39 42 0.0 0.0 79.0 0.0 1982.0 11.0 28.0 0.34567901234567894
39 39 43 0.0 0.0 0.0 0.0 33.0 0.0 0.0 0.6886374815543531
39 40 36 0.0 0.0 0.0 0.0 1.0 0.0 0.0 0.6996501749125437
39 40 37 0.0 0.0 3.0 0.0 101.0 3.0 0.0 0.6663493574488338
39 40 38 0.0 0.0 371.0 0.0 7531.0 26.0 1078.0 0.14168606416354618
39 40 39 2.0 0.0 1334.0 0.0 12462.0 39.0 18119.0 0.08857956342929452
39 40 40 0.0 0.0 889.0 3.0 12278.0 31.0 9150.0 0.09226308158692499
39 40 41 0.0 0.0 505.0 0.0 9992.0 25.0 2678.0 0.11219746754287545
39 40 42 0.0 0.0 182.0 0.0 4032.0 18.0 139.0 0.2258793159083575
39 40 43 0.0 0.0 0.0 0.0 13.0 0.0 0.0 0.695479384003974
39 41 37 0.0 0.0 2.0 0.0 39.0 1.0 0.0 0.6862745098039215
39 41 38 0.0 0.0 183.0 0.0 4093.0 17.0 141.0 0.2236421725239616
39 41 39 0.0 0.0 749.0 1.0 11548.0 42.0 5041.0 0.09805981648805771
39 41 40 0.0 0.0 910.0 0.0 12244.0 25.0 9441.0 0.09240314170681801
39 41 41 0.0 0.0 776.0 0.0 11784.0 27.0 5623.0 0.09620009620009619
39 41 42 0.0 0.0 71.0 0.0 1606.0 14.0 14.0 0.38220038220038216
39 41 43 0.0 0.0 12.0 0.0 216.0 4.0 1.0 0.6294964028776977
39 42 37 0.0 0.0 0.0 0.0 16.0 0.0 0.0 0.6944444444444444
39 42 38 0.0 0.0 71.0 0.0 1488.0 7.0 9.0 0.39414414414414406
39 42 39 0.0 0.0 110.0 0.0 2626.0 16.0 61.0 0.29661016949152536
39 42 40 0.0 0.0 305.0 0.0 6916.0 20.0 829.0 0.1520747338692157
39 42 41 0.0 0.0 130.0 0.0 3493.0 14.0 123.0 0.24959885897664466
39 42 42 0.0 0.0 9.0 0.0 579.0 5.0 4.0 0.5420054200542004
39 42 43 0.0 0.0 0.0 0.0 2.0 0.0 0.0 0.6993006993006992
39 43 38 0.0 0.0 0.0 0.0 29.0 0.0 0.0 0.6899950714637751
39 43 39 0.0 0.0 11.0 0.0 132.0 2.0 0.0 0.6539000467071461
39 43 40 0.0 0.0 130.0 0.0 2596.0 20.0 43.0 0.2974925626859328
39 43 41 0.0 0.0 0.0 0.0 33.0 0.0 0.0 0.6886374815543531
39 43 42 0.0 0.0 7.0 0.0 110.0 3.0 0.0 0.662251655629139
39 44 41 0.0 0.0 4.0 0.0 66.0 2.0 0.0 0.6769825918762088
40 36 38 0.0 0.0 0.0 0.0 2.0 0.0 0.0 0.6996501749125437
40 36 39 0.0 0.0 0.0 0.0 3.0 0.0 0.0 0.6989515726410384
40 36 40 0.0 0.0 0.0 0.0 1.0 0.0 0.0 0.0
40 36 42 0.0 0.0 0.0 0.0 1.0 0.0 0.0 0.0
40 37 37 0.0 0.0 0.0 0.0 7.0 0.0 0.0 0.6975585450921773
40 37 38 0.0 0.0 31.0 0.0 790.0 8.0 1.0 0.4976892996800568
40 37 39 0.0 0.0 0.0 0.0 74.0 0.0 0.0 0.6750241080038573
40 37 40 0.0 0.0 7.0 0.0 332.0 2.0 0.0 0.5990586221651689
40 37 41 0.0 0.0 116.0 0.0 2739.0 14.0 71.0 0.289077018377039
40 37 42 0.0 0.0 0.0 0.0 70.0 0.0 0.0 0.6766553890768486
40 37 43 0.0 0.0 0.0 0.0 37.0 0.0 0.0 0.6872852233676975
40 38 37 0.0 0.0 0.0 0.0 39.0 0.0 0.0 0.6866110838646394
40 38 38 0.0 0.0 451.0 0.0 8906.0 23.0 1777.0 0.12346767792574298
40 38 39 0.0 0.0 73.0 0.0 2141.0 11.0 41.0 0.3330954080418748
40 38 40 0.0 0.0 346.0 0.0 7406.0 16.0 1039.0 0.14372241043014064
40 38 41 0.0 0.0 407.0 0.0 8319.0 23.0 1351.0 0.13067015120403208
40 38 42 0.0 0.0 457.0 0.0 8292.0 20.0 1316.0 0.13040238450074512
40 38 43 0.0 0.0 23.0 0.0 545.0 2.0 0.0 0.5455962587685113
40 39 36 0.0 0.0 0.0 0.0 1.0 0.0 0.0 0.6996501749125437
40 39 37 0.0 0.0 3.0 0.0 84.0 1.0 0.0 0.6711409395973154
40 39 38 0.0 0.0 213.0 0.0 4861.0 22.0 264.0 0.19849709343541752
40 39 39 0.0 0.0 842.0 0.0 12043.0 36.0 9203.0 0.0940986691759645
40 39 40 0.0 0.0 1052.0 1.0 12670.0 30.0 10499.0 0.08908119114278441
40 39 41 0.0 0.0 1169.0 1.0 12727.0 31.0 13030.0 0.08802263439170072
40 39 42 0.0 0.0 395.0 0.0 7226.0 18.0 800.0 0.14569674263711102
40 39 43 0.0 0.0 34.0 0.0 833.0 10.0 2.0 0.4900245012250612
40 39 44 0.0 0.0 0.0 0.0 2.0 0.0 0.0 0.6993006993006992
40 40 36 0.0 0.0 0.0 0.0 2.0 0.0 0.0 0.6993006993006992
40 40 37 0.0 0.0 162.0 0.0 3659.0 20.0 124.0 0.241254523522316
40 40 38 0.0 0.0 273.0 0.0 5984.0 21.0 515.0 0.1699029126213592
40 40 39 0.0 0.0 684.0 0.0 11374.0 22.0 5012.0 0.099601593625498
40 40 40 11.0 7.0 2422.0 24.0 10487.0 62.0 47652.0 0.09362669698388282
40 40 41 1.0 0.0 603.0 0.0 10872.0 17.0 4336.0 0.10391923990498812
40 40 42 0.0 0.0 180.0 0.0 4922.0 12.0 277.0 0.19743336623889435
40 40 43 0.0 0.0 1.0 0.0 100.0 0.0 0.0 0.6663493574488338
40 40 44 0.0 0.0 0.0 0.0 2.0 0.0 0.0 0.6993006993006992
40 41 37 0.0 0.0 77.0 0.0 1724.0 7.0 19.0 0.3690036900369003
40 41 38 0.0 0.0 410.0 0.0 8109.0 24.0 1234.0 0.13332063612989237
40 41 39 0.0 0.0 648.0 5.0 10806.0 39.0 3529.0 0.1042287075640262
40 41 40 0.0 3.0 800.0 14.0 11895.0 30.0 6861.0 0.09525105456524696
40 41 41 0.0 0.0 856.0 0.0 12113.0 38.0 7313.0 0.09364548494983276
40 41 42 0.0 0.0 82.0 0.0 2207.0 13.0 54.0 0.3273322422258592
40 41 43 0.0 0.0 21.0 0.0 415.0 7.0 1.0 0.5763688760806915
40 42 37 0.0 0.0 4.0 0.0 202.0 0.0 0.0 0.6346328195829555
40 42 38 0.0 0.0 44.0 0.0 853.0 7.0 1.0 0.4844290657439445
40 42 39 0.0 0.0 511.0 0.0 9983.0 25.0 2947.0 0.11212558065032836
40 42 40 0.0 0.0 118.0 2.0 3227.0 14.0 117.0 0.2624671916010498
40 42 41 0.0 0.0 392.0 0.0 7776.0 17.0 992.0 0.1377546000196792
40 42 42 0.0 0.0 4.0 0.0 195.0 2.0 0.0 0.6372325898953117
40 43 38 0.0 0.0 0.0 0.0 24.0 0.0 0.0 0.6916996047430829
40 43 39 0.0 0.0 5.0 0.0 149.0 0.0 0.0 0.649953574744661
40 43 40 0.0 0.0 68.0 0.0 1407.0 11.0 13.0 0.404040404040404
40 43 41 0.0 0.0 2.0 0.0 115.0 1.0 0.0 0.661625708884688
40 43 42 0.0 0.0 0.0 0.0 15.0 1.0 0.0 0.6951340615690167
41 36 38 0.0 0.0 0.0 0.0 2.0 0.0 0.0 0.6993006993006992
41 36 39 0.0 0.0 14.0 0.0 314.0 2.0 0.0 0.6018916595012896
41 36 40 0.0 0.0 0.0 0.0 2.0 0.0 0.0 0.6993006993006992
41 36 41 0.0 0.0 0.0 0.0 5.0 0.0 0.0 0.6982543640897755
41 36 42 0.0 0.0 0.0 0.0 5.0 0.0 0.0 0.6982543640897755
41 37 37 0.0 0.0 0.0 0.0 8.0 0.0 0.0 0.697211155378486
41 37 38 0.0 0.0 0.0 0.0 25.0 0.0 0.0 0.6913580246913579
41 37 39 0.0 0.0 59.0 0.0 1637.0 8.0 11.0 0.37950664136622386
41 37 40 0.0 0.0 13.0 0.0 316.0 2.0 0.0 0.6021505376344085
41 37 41 0.0 0.0 14.0 0.0 325.0 1.0 0.0 0.5990586221651689
41 37 42 0.0 0.0 25.0 0.0 519.0 5.0 1.0 0.5513981882630956
41 37 43 0.0 0.0 4.0 0.0 61.0 1.0 0.0 0.6782945736434108
41 38 37 0.0 0.0 0.0 0.0 6.0 0.0 0.0 0.6979062811565303
41 38 38 0.0 0.0 37.0 0.0 894.0 5.0 5.0 0.478468899521531
41 38 39 0.0 0.0 260.0 0.0 6016.0 18.0 579.0 0.1694299891080721
41 38 40 0.0 0.0 438.0 0.0 9116.0 24.0 2125.0 0.12133818686080773
41 38 41 0.0 0.0 441.0 0.0 8978.0 23.0 1777.0 0.12268863377442817
41 38 42 0.0 0.0 505.0 0.0 9766.0 22.0 2734.0 0.11411803064884249
41 38 43 0.0 0.0 27.0 0.0 867.0 5.0 3.0 0.48459674627898913
41 39 36 0.0 0.0 0.0 0.0 1.0 0.0 0.0 0.6996501749125437
41 39 37 0.0 0.0 1.0 0.0 40.0 0.0 0.0 0.6859382655560998
41 39 38 0.0 0.0 196.0 0.0 4173.0 18.0 172.0 0.22040302267002518
41 39 39 0.0 0.0 565.0 3.0 10471.0 22.0 3482.0 0.1074443591711435
41 39 40 0.0 0.0 1217.0 0.0 12431.0 43.0 17129.0 0.08944543828264757
41 39 41 1.0 0.0 1636.0 0.0 12148.0 44.0 25935.0 0.08864686886595327
41 39 42 0.0 0.0 503.0 0.0 9221.0 28.0 1931.0 0.11957635804578065
41 39 43 0.0 0.0 26.0 0.0 813.0 3.0 4.0 0.49347902714134645
41 39 44 0.0 0.0 0.0 0.0 1.0 0.0 0.0 0.6996501749125437
41 40 36 0.0 0.0 5.0 0.0 114.0 2.0 0.0 0.6613131790269249
41 40 37 0.0 0.0 3.0 0.0 158.0 3.0 0.0 0.6487488415199257
41 40 38 0.0 0.0 327.0 0.0 7058.0 24.0 798.0 0.14947683109118085
41 40 39 0.0 0.0 1042.0 0.0 12719.0 44.0 11067.0 0.08886631966484702
41 40 40 0.0 0.0 469.0 16.0 8941.0 27.0 1618.0 0.12273165600070131
41 40 41 0.0 0.0 882.0 1.0 12168.0 40.0 7885.0 0.09312845074170158
41 40 42 0.0 0.0 623.0 0.0 10584.0 37.0 4225.0 0.10611688016372318
41 40 43 0.0 0.0 132.0 0.0 3667.0 10.0 122.0 0.24179620034542312
41 40 44 0.0 0.0 0.0 0.0 1.0 0.0 0.0 0.6996501749125437
41 41 36 0.0 0.0 0.0 0.0 1.0 0.0 0.0 0.6996501749125437
41 41 37 0.0 0.0 61.0 0.0 1122.0 10.0 6.0 0.441222817522849
41 41 38 0.0 0.0 192.0 0.0 4686.0 22.0 242.0 0.2042007001166861
41 41 39 0.0 0.0 715.0 0.0 11326.0 23.0 5295.0 0.09978617248752672
41 41 40 0.0 0.0 1160.0 0.0 12589.0 35.0 14087.0 0.0888437618987181
41 41 41 0.0 0.0 396.0 4.0 7669.0 20.0 1010.0 0.1392065228199264
41 41 42 0.0 0.0 64.0 0.0 1284.0 15.0 6.0 0.42016806722689065
41 41 43 0.0 0.0 2.0 0.0 42.0 1.0 0.0 0.6852667645619186
41 42 37 0.0 0.0 1.0 0.0 31.0 0.0 0.0 0.6889763779527558
41 42 38 0.0 0.0 3.0 0.0 176.0 2.0 0.0 0.6430868167202571
41 42 39 0.0 0.0 43.0 0.0 1038.0 11.0 6.0 0.4560260586319217
41 42 40 0.0 0.0 146.0 0.0 3870.0 19.0 157.0 0.23345005836251456
41 42 41 0.0 0.0 137.0 0.0 3020.0 13.0 62.0 0.27216174183514774
41 42 42 0.0 0.0 3.0 0.0 218.0 3.0 0.0 0.6311992786293958
41 42 43 0.0 0.0 0.0 0.0 1.0 0.0 0.0 0.6996501749125437
41 43 38 0.0 0.0 0.0 0.0 10.0 0.0 0.0 0.6965174129353233
41 43 39 0.0 0.0 3.0 0.0 97.0 1.0 0.0 0.6673021925643469
41 43 40 0.0 0.0 0.0 0.0 27.0 0.0 0.0 0.6906758756783422
41 43 41 0.0 0.0 1.0 0.0 55.0 0.0 0.0 0.6809338521400777
41 43 42 0.0 0.0 3.0 0.0 44.0 1.0 0.0 0.6842619745845552
42 36 39 0.0 0.0 0.0 0.0 2.0 0.0 0.0 0.6993006993006992
42 36 40 0.0 0.0 0.0 0.0 10.0 0.0 0.0 0.6965174129353233
42 36 41 0.0 0.0 0.0 0.0 2.0 0.0 0.0 0.6993006993006992
42 36 42 0.0 0.0 0.0 0.0 1.0 0.0 0.0 0.6996501749125437
42 37 38 0.0 0.0 0.0 0.0 3.0 0.0 0.0 0.6989515726410384
42 37 39 0.0 0.0 8.0 0.0 111.0 0.0 0.0 0.6606890042472864
42 37 40 0.0 0.0 179.0 0.0 4241.0 17.0 214.0 0.21857923497267756
42 37 41 0.0 0.0 89.0 0.0 2076.0 16.0 34.0 0.33743070619426363
42 37 42 0.0 0.0 1.0 0.0 91.0 1.0 0.0 0.669536107125777
42 37 43 0.0 0.0 27.0 0.0 941.0 8.0 9.0 0.47297297297297286
42 38 37 0.0 0.0 0.0 0.0 1.0 0.0 0.0 0.6996501749125437
42 38 38 0.0 0.0 21.0 0.0 387.0 8.0 2.0 0.5833333333333333
42 38 39 0.0 0.0 112.0 0.0 2838.0 12.0 92.0 0.28345818991698724
42 38 40 0.0 0.0 527.0 0.0 9915.0 27.0 2822.0 0.1126669885723483
42 38 41 0.0 0.0 592.0 0.0 10446.0 24.0 3248.0 0.10745260572568884
42 38 42 0.0 0.0 70.0 0.0 1825.0 17.0 17.0 0.36110394635027077
42 38 43 0.0 0.0 0.0 0.0 72.0 0.0 0.0 0.6756756756756755
42 39 37 0.0 0.0 6.0 0.0 77.0 0.0 0.0 0.6721075372059528
42 39 38 0.0 0.0 6.0 0.0 228.0 5.0 0.0 0.6283662477558347
42 39 39 0.0 0.0 237.0 0.0 4909.0 17.0 252.0 0.1963809790994529
42 39 40 0.0 0.0 544.0 0.0 10138.0 29.0 2605.0 0.11057578390332516
42 39 41 0.0 0.0 405.0 0.0 8302.0 17.0 1309.0 0.1308044473512099
42 39 42 0.0 0.0 608.0 0.0 10377.0 28.0 3021.0 0.1080080234531708
42 39 43 0.0 0.0 0.0 0.0 101.0 0.0 0.0 0.6663493574488338
42 40 36 0.0 0.0 0.0 0.0 2.0 0.0 0.0 0.6993006993006992
42 40 37 0.0 0.0 0.0 0.0 15.0 0.0 0.0 0.694789081885856
42 40 38 0.0 0.0 296.0 0.0 6574.0 19.0 687.0 0.15803138051698834
42 40 39 0.0 0.0 267.0 0.0 5478.0 20.0 303.0 0.18111254851228972
42 40 40 0.0 0.0 470.0 1.0 9129.0 23.0 1871.0 0.12084592145015104
42 40 41 0.0 0.0 470.0 0.0 8800.0 25.0 1514.0 0.1244223249200142
42 40 42 0.0 0.0 396.0 0.0 8104.0 20.0 1165.0 0.13348588863463004
42 40 43 0.0 0.0 25.0 0.0 488.0 7.0 0.0 0.558882235528942
42 41 37 0.0 0.0 0.0 0.0 16.0 0.0 0.0 0.6944444444444444
42 41 38 0.0 0.0 80.0 0.0 1970.0 4.0 27.0 0.3460207612456747
42 41 39 0.0 0.0 171.0 0.0 3024.0 26.0 71.0 0.2707930367504835
42 41 40 0.0 0.0 175.0 0.0 4536.0 20.0 287.0 0.20923628755044085
42 41 41 0.0 0.0 6.0 0.0 415.0 2.0 1.0 0.5794701986754967
42 41 42 0.0 0.0 142.0 0.0 3645.0 11.0 119.0 0.24229837313949457
42 41 43 0.0 0.0 0.0 0.0 32.0 0.0 0.0 0.6893156080748399
42 41 44 0.0 0.0 0.0 0.0 1.0 0.0 0.0 0.6996501749125437
42 42 36 0.0 0.0 0.0 0.0 1.0 0.0 0.0 0.6996501749125437
42 42 37 0.0 0.0 0.0 0.0 3.0 0.0 0.0 0.6989515726410384
42 42 38 0.0 0.0 68.0 0.0 1981.0 15.0 34.0 0.34696406443618333
42 42 39 0.0 0.0 119.0 0.0 2678.0 21.0 50.0 0.2931323283082077
42 42 40 0.0 0.0 10.0 0.0 429.0 2.0 2.0 0.5744768157570782
42 42 41 0.0 0.0 148.0 0.0 3418.0 19.0 99.0 0.2522068095838587
42 42 42 0.0 0.0 0.0 0.0 10.0 0.0 0.0 0.6965174129353233
42 43 38 0.0 0.0 0.0 0.0 3.0 0.0 0.0 0.6989515726410384
42 43 39 0.0 0.0 0.0 0.0 5.0 0.0 0.0 0.6982543640897755
42 43 40 0.0 0.0 0.0 0.0 11.0 0.0 0.0 0.6961710591745399
42 43 41 0.0 0.0 0.0 0.0 3.0 0.0 0.0 0.6989515726410384
42 43 42 0.0 0.0 0.0 0.0 4.0 0.0 0.0 0.6986027944111775
43 36 39 0.0 0.0 0.0 0.0 1.0 0.0 0.0 0.6996501749125437
43 36 40 0.0 0.0 0.0 0.0 2.0 0.0 0.0 0.6993006993006992
43 36 41 0.0 0.0 0.0 0.0 10.0 0.0 0.0 0.6965174129353233
43 37 38 0.0 0.0 0.0 0.0 1.0 0.0 0.0 0.6996501749125437
43 37 39 0.0 0.0 0.0 0.0 17.0 0.0 0.0 0.694100148735746
43 37 40 0.0 0.0 1.0 0.0 44.0 1.0 0.0 0.6852667645619186
43 37 41 0.0 0.0 2.0 0.0 81.0 1.0 0.0 0.6724303554274734
43 37 42 0.0 0.0 0.0 0.0 17.0 0.0 0.0 0.694100148735746
43 37 43 0.0 0.0 0.0 0.0 1.0 0.0 0.0 0.6996501749125437
43 38 38 0.0 0.0 0.0 0.0 2.0 0.0 0.0 0.6993006993006992
43 38 39 0.0 0.0 1.0 0.0 81.0 0.0 0.0 0.6724303554274734
43 38 40 0.0 0.0 6.0 0.0 182.0 2.0 0.0 0.6404391582799633
43 38 41 0.0 0.0 30.0 0.0 857.0 6.0 6.0 0.4859423811176674
43 38 42 0.0 0.0 12.0 0.0 213.0 4.0 0.0 0.6303466906798738
43 38 43 0.0 0.0 0.0 0.0 15.0 0.0 0.0 0.694789081885856
43 39 37 0.0 0.0 0.0 0.0 1.0 0.0 0.0 0.6996501749125437
43 39 38 0.0 0.0 0.0 0.0 13.0 0.0 0.0 0.695479384003974
43 39 39 0.0 0.0 11.0 0.0 285.0 3.0 0.0 0.6105538595726122
43 39 40 0.0 0.0 88.0 0.0 2131.0 9.0 32.0 0.3324625979577297
43 39 41 0.0 0.0 5.0 0.0 158.0 4.0 0.0 0.6484483557202407
43 39 42 0.0 0.0 45.0 0.0 942.0 5.0 9.0 0.46948356807511726
43 39 43 0.0 0.0 11.0 0.0 315.0 2.0 2.0 0.6024096385542168
43 40 36 0.0 0.0 0.0 0.0 1.0 0.0 0.0 0.6996501749125437
43 40 37 0.0 0.0 0.0 0.0 6.0 0.0 0.0 0.6979062811565303
43 40 38 0.0 0.0 9.0 0.0 106.0 2.0 0.0 0.6625650733554187
43 40 39 0.0 0.0 5.0 0.0 100.0 1.0 0.0 0.6653992395437262
43 40 40 0.0 0.0 19.0 0.0 570.0 2.0 3.0 0.5411673753382295
43 40 41 0.0 0.0 109.0 0.0 2614.0 15.0 55.0 0.2973661852166524
43 40 42 0.0 0.0 3.0 0.0 125.0 1.0 0.0 0.6582040432534085
43 40 43 0.0 0.0 1.0 0.0 18.0 0.0 0.0 0.6934125804853887
43 41 37 0.0 0.0 47.0 0.0 778.0 7.0 0.0 0.4968062455642299
43 41 38 0.0 0.0 0.0 0.0 10.0 0.0 0.0 0.6965174129353233
43 41 39 0.0 0.0 2.0 0.0 51.0 0.0 0.0 0.6819288845591815
43 41 40 0.0 0.0 73.0 0.0 1132.0 10.0 5.0 0.43818466353677615
43 41 41 0.0 0.0 0.0 0.0 38.0 0.0 0.0 0.6869479882237487
43 41 42 0.0 0.0 1.0 0.0 37.0 0.0 0.0 0.6869479882237487
43 41 43 0.0 0.0 0.0 0.0 19.0 0.0 0.0 0.6934125804853887
43 42 38 0.0 0.0 0.0 0.0 5.0 0.0 0.0 0.6982543640897755
43 42 39 0.0 0.0 0.0 0.0 9.0 0.0 0.0 0.6968641114982577
43 42 40 0.0 0.0 0.0 0.0 13.0 1.0 0.0 0.6958250497017892
43 42 41 0.0 0.0 0.0 0.0 4.0 0.0 0.0 0.6986027944111775
43 42 42 0.0 0.0 0.0 0.0 1.0 0.0 0.0 0.6996501749125437
43 43 40 0.0 0.0 0.0 0.0 2.0 0.0 0.0 0.6993006993006992
43 43 41 0.0 0.0 0.0 0.0 2.0 0.0 0.0 0.6993006993006992
43 43 42 0.0 0.0 0.0 0.0 1.0 0.0 0.0 0.6996501749125437
44 38 39 0.0 0.0 0.0 0.0 2.0 0.0 0.0 0.6993006993006992
44 38 40 0.0 0.0 0.0 0.0 1.0 0.0 0.0 0.6996501749125437
44 38 41 0.0 0.0 0.0 0.0 2.0 0.0 0.0 0.6993006993006992
44 39 40 0.0 0.0 0.0 0.0 3.0 0.0 0.0 0.6989515726410384
44 39 42 0.0 0.0 0.0 0.0 1.0 0.0 0.0 0.6996501749125437
44 40 40 0.0 0.0 0.0 0.0 4.0 0.0 0.0 0.6986027944111775
44 40 41 0.0 0.0 0.0 0.0 1.0 0.0 0.0 0.6996501749125437
44 41 42 0.0 0.0 0.0 0.0 1.0 0.0 0.0 0.6996501749125437
44 42 36 0.0 0.0 1.0 0.0 4.0 0.0 0.0 0.6982543640897755
