39 39 40 0.0 0.0 0.0 0.0 6.0 1.0 0.0 0.6982543640897755
39 41 39 0.0 0.0 0.0 0.0 1.0 0.0 0.0 0.6996501749125437
39 41 40 0.0 0.0 0.0 0.0 1.0 0.0 0.0 0.6996501749125437
40 39 40 0.0 0.0 0.0 0.0 2.0 0.0 0.0 0.6993006993006992
40 39 41 0.0 0.0 0.0 0.0 1.0 0.0 0.0 0.6996501749125437
40 40 39 0.0 0.0 0.0 0.0 1.0 0.0 0.0 0.6996501749125437
40 40 40 13.0 1.0 135.0 45.0 2654.0 13.0 57.0 0.2894954507857733
40 41 40 0.0 0.0 0.0 0.0 1.0 0.0 0.0 0.6996501749125437
41 39 40 0.0 0.0 0.0 0.0 1.0 0.0 0.0 0.6996501749125437
41 39 41 0.0 0.0 5.0 0.0 71.0 0.0 0.0 0.6743737957610789
41 40 39 0.0 0.0 0.0 0.0 1.0 0.0 0.0 0.6996501749125437
41 41 40 0.0 0.0 0.0 0.0 1.0 0.0 0.0 0.6996501749125437
41 41 41 0.0 0.0 0.0 0.0 1.0 0.0 0.0 0.6996501749125437
