35 38 39 0.0 0.0 0.0 0.0 1.0 0.0 0.0 0.6996501749125437
35 39 38 0.0 0.0 0.0 0.0 1.0 0.0 0.0 0.6996501749125437
35 39 39 0.0 0.0 0.0 0.0 2.0 0.0 0.0 0.6993006993006992
35 40 38 0.0 0.0 0.0 0.0 5.0 1.0 0.0 0.6986027944111775
35 40 39 0.0 0.0 0.0 0.0 4.0 0.0 0.0 0.6986027944111775
35 40 40 0.0 0.0 0.0 0.0 3.0 0.0 0.0 0.6989515726410384
35 41 38 0.0 0.0 0.0 0.0 1.0 0.0 0.0 0.6996501749125437
35 41 39 0.0 0.0 0.0 0.0 1.0 0.0 0.0 0.6996501749125437
35 41 40 0.0 0.0 0.0 0.0 2.0 0.0 0.0 0.6993006993006992
36 36 39 0.0 0.0 0.0 0.0 6.0 0.0 0.0 0.6979062811565303
36 36 40 0.0 0.0 0.0 0.0 3.0 0.0 0.0 0.6989515726410384
36 36 41 0.0 0.0 0.0 0.0 1.0 0.0 0.0 0.6996501749125437
36 37 39 0.0 0.0 0.0 0.0 2.0 0.0 0.0 0.6993006993006992
36 37 40 0.0 0.0 0.0 0.0 5.0 0.0 0.0 0.6982543640897755
36 37 41 0.0 0.0 0.0 0.0 4.0 0.0 0.0 0.6986027944111775
36 38 38 0.0 0.0 0.0 0.0 2.0 0.0 0.0 0.6993006993006992
36 38 39 0.0 0.0 0.0 0.0 7.0 0.0 0.0 0.6975585450921773
36 38 40 0.0 0.0 36.0 0.0 819.0 7.0 4.0 0.49157303370786515
36 38 41 0.0 0.0 0.0 0.0 3.0 0.0 0.0 0.6989515726410384
36 38 42 0.0 0.0 0.0 0.0 1.0 0.0 0.0 0.6996501749125437
36 39 37 0.0 0.0 0.0 0.0 1.0 0.0 0.0 0.6996501749125437
36 39 38 0.0 0.0 0.0 0.0 30.0 0.0 0.0 0.689655172413793
36 39 39 0.0 0.0 49.0 0.0 1414.0 7.0 12.0 0.40497541220711597
36 39 40 0.0 0.0 10.0 0.0 181.0 3.0 0.0 0.639853747714808
36 39 41 0.0 0.0 0.0 0.0 5.0 0.0 0.0 0.6982543640897755
36 39 42 0.0 0.0 0.0 0.0 1.0 0.0 0.0 0.6996501749125437
36 40 37 0.0 0.0 0.0 0.0 6.0 0.0 0.0 0.6979062811565303
36 40 38 0.0 0.0 134.0 0.0 2708.0 19.0 48.0 0.2901554404145077
36 40 39 0.0 0.0 53.0 0.0 1434.0 7.0 15.0 0.40229885057471254
36 40 40 0.0 0.0 0.0 0.0 30.0 0.0 0.0 0.6899950714637751
36 40 41 0.0 0.0 0.0 0.0 4.0 0.0 0.0 0.6986027944111775
36 40 42 0.0 0.0 0.0 0.0 1.0 0.0 0.0 0.6996501749125437
36 41 37 0.0 0.0 0.0 0.0 1.0 0.0 0.0 0.6996501749125437
36 41 38 0.0 0.0 59.0 0.0 1134.0 9.0 6.0 0.43969849246231146
36 41 39 0.0 0.0 0.0 0.0 32.0 0.0 0.0 0.6893156080748399
36 41 40 0.0 0.0 8.0 0.0 384.0 1.0 2.0 0.5855290673358426
36 41 41 0.0 0.0 1.0 0.0 31.0 0.0 0.0 0.6889763779527558
36 41 42 0.0 0.0 0.0 0.0 2.0 0.0 0.0 0.6993006993006992
36 41 43 0.0 0.0 0.0 0.0 1.0 0.0 0.0 0.6996501749125437
36 42 38 0.0 0.0 2.0 0.0 36.0 1.0 0.0 0.6872852233676975
36 42 39 0.0 0.0 0.0 0.0 7.0 0.0 0.0 0.6975585450921773
36 42 40 0.0 0.0 3.0 0.0 42.0 0.0 0.0 0.6845965770171147
36 42 41 0.0 0.0 0.0 0.0 15.0 0.0 0.0 0.694789081885856
36 42 42 0.0 0.0 0.0 0.0 5.0 0.0 0.0 0.6982543640897755
36 42 43 0.0 0.0 0.0 0.0 2.0 0.0 0.0 0.6993006993006992
36 43 38 0.0 0.0 0.0 0.0 2.0 0.0 0.0 0.6993006993006992
36 43 39 0.0 0.0 0.0 0.0 15.0 0.0 0.0 0.694789081885856
36 43 40 0.0 0.0 0.0 0.0 5.0 0.0 0.0 0.6982543640897755
36 43 41 0.0 0.0 0.0 0.0 5.0 0.0 0.0 0.6982543640897755
36 43 43 0.0 0.0 0.0 0.0 1.0 0.0 0.0 0.6996501749125437
36 44 39 0.0 0.0 0.0 0.0 2.0 0.0 0.0 0.6993006993006992
37 36 39 0.0 0.0 0.0 0.0 3.0 0.0 0.0 0.6989515726410384
37 36 40 0.0 0.0 0.0 0.0 7.0 0.0 0.0 0.6975585450921773
37 36 41 0.0 0.0 0.0 0.0 12.0 0.0 0.0 0.6958250497017892
37 36 42 0.0 0.0 0.0 0.0 2.0 0.0 0.0 0.6993006993006992
37 37 37 0.0 0.0 0.0 0.0 5.0 0.0 0.0 0.6982543640897755
37 37 38 0.0 0.0 0.0 0.0 23.0 0.0 0.0 0.6923837784371908
37 37 39 0.0 0.0 37.0 0.0 842.0 5.0 1.0 0.48712595685455806
37 37 40 0.0 0.0 202.0 0.0 4780.0 18.0 274.0 0.20100502512562812
37 37 41 0.0 0.0 22.0 0.0 471.0 1.0 2.0 0.5615724027276373
37 37 42 0.0 0.0 0.0 0.0 14.0 0.0 0.0 0.6951340615690167
37 37 43 0.0 0.0 0.0 0.0 3.0 0.0 0.0 0.6989515726410384
37 38 37 0.0 0.0 0.0 0.0 35.0 0.0 0.0 0.6879606879606879
37 38 38 0.0 0.0 28.0 0.0 859.0 6.0 6.0 0.4859423811176674
37 38 39 0.0 0.0 14.0 0.0 417.0 3.0 1.0 0.5766062602965403
37 38 40 0.0 0.0 3.0 0.0 287.0 2.0 0.0 0.6118881118881118
37 38 41 0.0 0.0 89.0 0.0 2333.0 15.0 50.0 0.31760435571687834
37 38 42 0.0 0.0 0.0 0.0 130.0 1.0 0.0 0.6575857209957726
37 38 43 0.0 0.0 0.0 0.0 14.0 0.0 0.0 0.6951340615690167
37 38 44 0.0 0.0 0.0 0.0 1.0 0.0 0.0 0.6996501749125437
37 39 37 0.0 0.0 7.0 0.0 187.0 1.0 0.0 0.6383948928408572
37 39 38 0.0 0.0 71.0 0.0 1939.0 12.0 27.0 0.35026269702276697
37 39 39 0.0 0.0 195.0 0.0 4448.0 15.0 209.0 0.21119324181626184
37 39 40 0.0 0.0 116.0 0.0 2630.0 12.0 47.0 0.2959205242020714
37 39 41 0.0 0.0 81.0 0.0 2244.0 18.0 37.0 0.3252032520325203
37 39 42 0.0 0.0 0.0 0.0 117.0 0.0 0.0 0.661625708884688
37 39 43 0.0 0.0 0.0 0.0 23.0 0.0 0.0 0.6920415224913494
37 40 37 0.0 0.0 0.0 0.0 29.0 0.0 0.0 0.6899950714637751
37 40 38 0.0 0.0 33.0 0.0 865.0 7.0 3.0 0.48459674627898913
37 40 39 0.0 0.0 526.0 0.0 9615.0 23.0 2530.0 0.11545439551377205
37 40 40 0.0 0.0 248.0 0.0 5946.0 20.0 490.0 0.17112822393350444
37 40 41 0.0 0.0 179.0 0.0 4426.0 15.0 178.0 0.21244309559939298
37 40 42 0.0 0.0 8.0 0.0 222.0 4.0 0.0 0.6289308176100628
37 40 43 0.0 0.0 0.0 0.0 14.0 0.0 0.0 0.6951340615690167
37 41 37 0.0 0.0 3.0 0.0 60.0 1.0 0.0 0.6789524733268669
37 41 38 0.0 0.0 8.0 0.0 534.0 5.0 2.0 0.5518328734726053
37 41 39 0.0 0.0 166.0 0.0 4456.0 16.0 250.0 0.21189647343726348
37 41 40 0.0 0.0 114.0 0.0 2598.0 10.0 68.0 0.29768233042738673
37 41 41 0.0 0.0 78.0 0.0 2650.0 10.0 59.0 0.29661016949152536
37 41 42 0.0 0.0 4.0 0.0 167.0 1.0 0.0 0.6454587367450437
37 41 43 0.0 0.0 0.0 0.0 26.0 1.0 0.0 0.6913580246913579
37 42 37 0.0 0.0 0.0 0.0 2.0 0.0 0.0 0.6993006993006992
37 42 38 0.0 0.0 2.0 0.0 166.0 0.0 0.0 0.6457564575645756
37 42 39 0.0 0.0 144.0 0.0 3929.0 14.0 186.0 0.2310612312262749
37 42 40 0.0 0.0 378.0 0.0 7377.0 24.0 901.0 0.14379622021364008
37 42 41 0.0 0.0 99.0 0.0 2668.0 15.0 53.0 0.29467480530414647
37 42 42 0.0 0.0 140.0 0.0 2958.0 15.0 55.0 0.2754820936639118
37 42 43 0.0 0.0 0.0 0.0 6.0 0.0 0.0 0.6979062811565303
37 43 37 0.0 0.0 0.0 0.0 3.0 0.0 0.0 0.6989515726410384
37 43 38 0.0 0.0 44.0 0.0 1128.0 3.0 4.0 0.44177974124329433
37 43 39 0.0 0.0 118.0 0.0 2924.0 11.0 65.0 0.27827469687934797
37 43 40 0.0 0.0 76.0 0.0 1775.0 13.0 17.0 0.3647733194372068
37 43 41 0.0 0.0 20.0 0.0 518.0 4.0 1.0 0.5524861878453038
37 43 42 0.0 0.0 0.0 0.0 45.0 0.0 0.0 0.6845965770171147
37 43 43 0.0 0.0 0.0 0.0 2.0 0.0 0.0 0.6993006993006992
37 44 39 0.0 0.0 0.0 0.0 4.0 0.0 0.0 0.6986027944111775
37 44 40 0.0 0.0 0.0 0.0 3.0 0.0 0.0 0.6989515726410384
37 44 41 0.0 0.0 2.0 0.0 26.0 0.0 0.0 0.690335305719921
37 44 42 0.0 0.0 0.0 0.0 2.0 0.0 0.0 0.6993006993006992
38 36 36 0.0 0.0 0.0 0.0 1.0 0.0 0.0 0.6996501749125437
38 36 37 0.0 0.0 0.0 0.0 1.0 0.0 0.0 0.0
38 36 38 0.0 0.0 0.0 0.0 4.0 0.0 0.0 0.6986027944111775
38 36 39 0.0 0.0 0.0 0.0 4.0 0.0 0.0 0.6986027944111775
38 36 40 0.0 0.0 1.0 0.0 33.0 1.0 0.0 0.6886374815543531
38 36 41 0.0 0.0 0.0 0.0 61.0 0.0 0.0 0.6792819019893255
38 36 42 0.0 0.0 0.0 0.0 25.0 0.0 0.0 0.6916996047430829
38 36 43 0.0 0.0 0.0 0.0 8.0 0.0 0.0 0.6975585450921773
38 36 44 0.0 0.0 0.0 0.0 1.0 0.0 0.0 0.6996501749125437
38 37 36 0.0 0.0 0.0 0.0 12.0 0.0 0.0 0.6958250497017892
38 37 37 0.0 0.0 0.0 0.0 27.0 0.0 0.0 0.6906758756783422
38 37 38 0.0 0.0 38.0 0.0 758.0 7.0 2.0 0.5019720329867334
38 37 39 0.0 0.0 8.0 0.0 386.0 1.0 2.0 0.5850396991224404
38 37 40 0.0 0.0 203.0 0.0 4489.0 17.0 182.0 0.2097064110245656
38 37 41 0.0 0.0 46.0 0.0 1239.0 14.0 6.0 0.4281345565749235
38 37 42 0.0 0.0 174.0 0.0 4024.0 14.0 142.0 0.2262443438914027
38 37 43 0.0 0.0 57.0 0.0 1241.0 10.0 7.0 0.4257907542579075
38 37 44 0.0 0.0 0.0 0.0 1.0 0.0 0.0 0.6996501749125437
38 38 36 0.0 0.0 0.0 0.0 8.0 0.0 0.0 0.697211155378486
38 38 37 0.0 0.0 2.0 0.0 140.0 0.0 0.0 0.6539000467071461
38 38 38 0.0 0.0 298.0 0.0 6859.0 21.0 768.0 0.15313935681470134
38 38 39 0.0 0.0 392.0 0.0 7969.0 17.0 1177.0 0.13523956723338482
38 38 40 0.0 0.0 650.0 0.0 10909.0 26.0 3901.0 0.10334391378164906
38 38 41 0.0 0.0 532.0 0.0 9893.0 21.0 2520.0 0.112748651042925
38 38 42 0.0 0.0 239.0 0.0 4817.0 30.0 263.0 0.19906156689890514
38 38 43 0.0 0.0 0.0 0.0 49.0 0.0 0.0 0.6835937499999999
38 38 44 0.0 0.0 0.0 0.0 7.0 0.0 0.0 0.6975585450921773
38 39 36 0.0 0.0 0.0 0.0 17.0 0.0 0.0 0.694100148735746
38 39 37 0.0 0.0 31.0 0.0 770.0 8.0 4.0 0.5012531328320802
38 39 38 0.0 0.0 555.0 0.0 9957.0 19.0 2794.0 0.11193731510354202
38 39 39 0.0 0.0 823.0 0.0 12173.0 29.0 7873.0 0.09336445481827274
38 39 40 0.0 0.0 854.0 0.0 12052.0 32.0 6636.0 0.0939786534201517
38 39 41 0.0 0.0 697.0 0.0 11408.0 30.0 5513.0 0.09929078014184396
38 39 42 0.0 0.0 249.0 0.0 6062.0 15.0 529.0 0.16877637130801684
38 39 43 0.0 0.0 175.0 0.0 3560.0 17.0 91.0 0.24471246285614398
38 39 44 0.0 0.0 0.0 0.0 7.0 0.0 0.0 0.6975585450921773
38 40 35 0.0 0.0 0.0 0.0 1.0 0.0 0.0 0.6996501749125437
38 40 36 0.0 0.0 0.0 0.0 4.0 0.0 0.0 0.6986027944111775
38 40 37 0.0 0.0 41.0 0.0 889.0 9.0 5.0 0.47912388774811765
38 40 38 0.0 0.0 549.0 0.0 10206.0 28.0 2673.0 0.10984699882306787
38 40 39 0.0 0.0 1178.0 0.0 12948.0 39.0 13156.0 0.08683247534577931
38 40 40 0.0 0.0 995.0 0.0 12463.0 28.0 9624.0 0.09054456085887982
38 40 41 0.0 0.0 500.0 0.0 9677.0 34.0 2610.0 0.11515051817733178
38 40 42 0.0 0.0 478.0 0.0 9209.0 24.0 1980.0 0.11995544512038384
38 40 43 0.0 0.0 36.0 0.0 782.0 9.0 5.0 0.49839800640797427
38 40 44 0.0 0.0 0.0 0.0 4.0 0.0 0.0 0.6986027944111775
38 41 36 0.0 0.0 0.0 0.0 2.0 0.0 0.0 0.6993006993006992
38 41 37 0.0 0.0 17.0 0.0 571.0 3.0 1.0 0.5417956656346749
38 41 38 0.0 0.0 343.0 0.0 7320.0 18.0 905.0 0.14501760928112697
38 41 39 0.0 0.0 873.0 0.0 12027.0 28.0 8678.0 0.09392821200939282
38 41 40 0.0 0.0 1031.0 0.0 12809.0 32.0 9548.0 0.08843967150979153
38 41 41 0.0 0.0 627.0 0.0 10544.0 30.0 3101.0 0.10646387832699619
38 41 42 0.0 0.0 235.0 0.0 4223.0 16.0 157.0 0.21718895439031954
38 41 43 0.0 0.0 0.0 0.0 43.0 0.0 0.0 0.6852667645619186
38 41 44 0.0 0.0 1.0 0.0 9.0 0.0 0.0 0.6965174129353233
38 42 37 0.0 0.0 12.0 0.0 195.0 3.0 0.0 0.6352087114337567
38 42 38 0.0 0.0 305.0 0.0 6438.0 17.0 624.0 0.16034818462948114
38 42 39 0.0 0.0 652.0 0.0 11018.0 24.0 4865.0 0.10241404535479151
38 42 40 0.0 0.0 589.0 0.0 10415.0 26.0 3462.0 0.10776691555692403
38 42 41 0.0 0.0 788.0 0.0 11801.0 34.0 5480.0 0.09608785175017157
38 42 42 0.0 0.0 160.0 0.0 3249.0 8.0 83.0 0.25916327286190294
38 42 43 0.0 0.0 0.0 0.0 20.0 1.0 0.0 0.6934125804853887
38 42 44 0.0 0.0 0.0 0.0 2.0 0.0 0.0 0.6993006993006992
38 43 37 0.0 0.0 3.0 0.0 110.0 2.0 0.0 0.6631927996210326
38 43 38 0.0 0.0 75.0 0.0 1788.0 15.0 21.0 0.36391993761372493
38 43 39 0.0 0.0 62.0 0.0 1415.0 13.0 10.0 0.40415704387990753
38 43 40 0.0 0.0 220.0 0.0 5230.0 21.0 344.0 0.18832391713747643
38 43 41 0.0 0.0 153.0 0.0 3347.0 21.0 95.0 0.2554744525547445
38 43 42 0.0 0.0 24.0 0.0 548.0 7.0 0.0 0.5458089668615984
38 43 43 0.0 0.0 0.0 0.0 5.0 0.0 0.0 0.6982543640897755
38 44 38 0.0 0.0 0.0 0.0 8.0 0.0 0.0 0.697211155378486
38 44 39 0.0 0.0 0.0 0.0 28.0 0.0 0.0 0.690335305719921
38 44 40 0.0 0.0 5.0 0.0 188.0 0.0 0.0 0.6383948928408572
38 44 41 0.0 0.0 14.0 0.0 219.0 3.0 0.0 0.6278026905829596
38 44 42 0.0 0.0 0.0 0.0 3.0 0.0 0.0 0.6989515726410384
38 45 41 0.0 0.0 1.0 0.0 7.0 0.0 0.0 0.697211155378486
39 36 37 0.0 0.0 0.0 0.0 18.0 0.0 0.0 0.6937561942517343
39 36 38 0.0 0.0 4.0 0.0 36.0 1.0 0.0 0.6866110838646394
39 36 39 0.0 0.0 0.0 0.0 18.0 0.0 0.0 0.6937561942517343
39 36 40 0.0 0.0 1.0 0.0 100.0 0.0 0.0 0.6666666666666665
39 36 41 0.0 0.0 24.0 0.0 666.0 6.0 2.0 0.5216095380029805
39 36 42 0.0 0.0 2.0 0.0 90.0 1.0 0.0 0.669536107125777
39 36 43 0.0 0.0 0.0 0.0 7.0 0.0 0.0 0.6975585450921773
39 37 36 0.0 0.0 0.0 0.0 8.0 0.0 0.0 0.697211155378486
39 37 37 0.0 0.0 166.0 0.0 3110.0 23.0 67.0 0.2664636467453368
39 37 38 0.0 0.0 106.0 0.0 2459.0 14.0 46.0 0.3075571177504393
39 37 39 0.0 0.0 48.0 0.0 1268.0 10.0 7.0 0.4234724742891712
39 37 40 0.0 0.0 311.0 0.0 6690.0 25.0 611.0 0.15595410493483347
39 37 41 0.0 0.0 606.0 0.0 10122.0 23.0 2649.0 0.1100888574349296
39 37 42 0.0 0.0 374.0 0.0 7211.0 21.0 830.0 0.1462599247806101
39 37 43 0.0 0.0 9.0 0.0 432.0 4.0 2.0 0.5744768157570782
39 37 44 0.0 0.0 0.0 0.0 1.0 0.0 0.0 0.6996501749125437
39 38 36 0.0 0.0 3.0 0.0 107.0 0.0 0.0 0.6635071090047392
39 38 37 0.0 0.0 337.0 0.0 7704.0 18.0 1264.0 0.13952561291608528
39 38 38 0.0 0.0 362.0 0.0 7437.0 18.0 882.0 0.14306151645207435
39 38 39 0.0 0.0 602.0 0.0 10528.0 18.0 3316.0 0.1066585403016913
39 38 40 0.0 0.0 1136.0 0.0 12787.0 33.0 12694.0 0.08795074758135443
39 38 41 0.0 0.0 936.0 0.0 12357.0 36.0 8977.0 0.09155712510627165
39 38 42 0.0 0.0 327.0 0.0 7586.0 23.0 1050.0 0.1414998989286436
39 38 43 0.0 0.0 16.0 0.0 415.0 5.0 0.0 0.5770816158285242
39 38 44 0.0 0.0 103.0 0.0 2102.0 13.0 28.0 0.33388981636060094
39 38 45 0.0 0.0 0.0 0.0 1.0 0.0 0.0 0.6996501749125437
39 39 36 0.0 0.0 30.0 0.0 682.0 7.0 1.0 0.5175600739371533
39 39 37 0.0 0.0 349.0 0.0 6529.0 18.0 543.0 0.15792442188381273
39 39 38 0.0 0.0 670.0 0.0 10972.0 20.0 3945.0 0.10264682161448785
39 39 39 0.0 0.0 1304.0 2.0 12602.0 49.0 17097.0 0.08803924034712614
39 39 40 0.0 0.0 2045.0 0.0 11860.0 59.0 34708.0 0.0880890958283521
39 39 41 0.0 0.0 1623.0 0.0 12469.0 43.0 24065.0 0.08698893997763141
39 39 42 0.0 0.0 434.0 0.0 8713.0 23.0 1490.0 0.12583138594283658
39 39 43 0.0 0.0 72.0 0.0 1839.0 11.0 26.0 0.3588823378620866
39 39 44 0.0 0.0 0.0 0.0 4.0 0.0 0.0 0.6986027944111775
39 39 45 0.0 0.0 0.0 0.0 1.0 0.0 0.0 0.6996501749125437
39 40 36 0.0 0.0 3.0 0.0 47.0 0.0 0.0 0.6829268292682925
39 40 37 0.0 0.0 126.0 0.0 3379.0 15.0 113.0 0.2549626661810235
39 40 38 0.0 0.0 855.0 0.0 12172.0 25.0 7627.0 0.0931408422593307
39 40 39 2.0 0.0 2180.0 0.0 11302.0 62.0 39448.0 0.09048019130097587
39 40 40 1.0 0.0 1644.0 1.0 12395.0 50.0 25348.0 0.08726547403852146
39 40 41 1.0 0.0 1066.0 0.0 12686.0 31.0 12424.0 0.08888888888888888
39 40 42 0.0 0.0 608.0 0.0 10451.0 26.0 3387.0 0.10741138560687431
39 40 43 0.0 0.0 10.0 0.0 332.0 2.0 0.0 0.5982905982905982
39 40 44 0.0 0.0 5.0 0.0 60.0 1.0 0.0 0.6782945736434108
39 41 36 0.0 0.0 0.0 0.0 18.0 0.0 0.0 0.6937561942517343
39 41 37 0.0 0.0 138.0 0.0 3390.0 18.0 112.0 0.25399129172714074
39 41 38 0.0 0.0 638.0 0.0 10767.0 25.0 3485.0 0.10446202059394119
39 41 39 0.0 0.0 1472.0 0.0 13000.0 46.0 18609.0 0.08503401360544216
39 41 40 0.0 0.0 1694.0 1.0 12392.0 53.0 25860.0 0.08707550690384375
39 41 41 0.0 0.0 1436.0 0.0 12759.0 40.0 19375.0 0.08637709772951628
39 41 42 0.0 0.0 385.0 0.0 8273.0 13.0 1298.0 0.13138138138138136
39 41 43 0.0 0.0 289.0 0.0 5869.0 23.0 434.0 0.17199017199017197
39 41 44 0.0 0.0 0.0 0.0 13.0 0.0 0.0 0.695479384003974
39 42 36 0.0 0.0 0.0 0.0 22.0 0.0 0.0 0.6923837784371908
39 42 37 0.0 0.0 79.0 0.0 1860.0 10.0 19.0 0.3564154786150712
39 42 38 0.0 0.0 458.0 0.0 8724.0 27.0 1468.0 0.12543678881820622
39 42 39 0.0 0.0 468.0 1.0 9180.0 21.0 2139.0 0.1202542518467617
39 42 40 0.0 0.0 793.0 0.0 11794.0 31.0 6490.0 0.09601536245799328
39 42 41 0.0 0.0 486.0 0.0 9567.0 25.0 2488.0 0.11627906976744186
39 42 42 0.0 0.0 154.0 0.0 4210.0 12.0 243.0 0.22036832992287106
39 42 43 0.0 0.0 0.0 0.0 50.0 1.0 0.0 0.6832601268911663
39 42 44 0.0 0.0 0.0 0.0 13.0 0.0 0.0 0.695479384003974
39 43 36 0.0 0.0 0.0 0.0 2.0 0.0 0.0 0.6993006993006992
39 43 37 0.0 0.0 1.0 0.0 22.0 0.0 0.0 0.6920415224913494
39 43 38 0.0 0.0 32.0 0.0 777.0 9.0 4.0 0.5001786352268667
39 43 39 0.0 0.0 225.0 0.0 4957.0 21.0 279.0 0.1954761239877129
39 43 40 0.0 0.0 533.0 0.0 9663.0 34.0 2196.0 0.11497084667816374
39 43 41 0.0 0.0 74.0 0.0 2108.0 8.0 30.0 0.33532934131736525
39 43 42 0.0 0.0 222.0 0.0 4949.0 24.0 226.0 0.1958315848370401
39 43 43 0.0 0.0 0.0 0.0 5.0 0.0 0.0 0.6982543640897755
39 44 38 0.0 0.0 0.0 0.0 10.0 0.0 0.0 0.6965174129353233
39 44 39 0.0 0.0 44.0 0.0 770.0 11.0 4.0 0.49946485907955757
39 44 40 0.0 0.0 41.0 0.0 606.0 6.0 1.0 0.5301022340022719
39 44 41 0.0 0.0 155.0 0.0 3786.0 13.0 135.0 0.2361673414304993
39 44 42 0.0 0.0 31.0 0.0 803.0 4.0 2.0 0.49469964664310945
39 44 43 0.0 0.0 0.0 0.0 5.0 0.0 0.0 0.6986027944111775
39 45 40 0.0 0.0 0.0 0.0 2.0 0.0 0.0 0.6993006993006992
39 45 41 0.0 0.0 0.0 0.0 3.0 0.0 0.0 0.6989515726410384
40 35 38 0.0 0.0 0.0 0.0 1.0 0.0 0.0 0.6996501749125437
40 35 39 0.0 0.0 0.0 0.0 2.0 0.0 0.0 0.6993006993006992
40 35 40 0.0 0.0 0.0 0.0 2.0 0.0 0.0 0.6993006993006992
40 36 36 0.0 0.0 0.0 0.0 2.0 0.0 0.0 0.6993006993006992
40 36 37 0.0 0.0 0.0 0.0 3.0 0.0 0.0 0.6989515726410384
40 36 38 0.0 0.0 3.0 0.0 132.0 1.0 0.0 0.6560449859418931
40 36 39 0.0 0.0 16.0 0.0 344.0 7.0 0.0 0.5949851253718657
40 36 40 0.0 0.0 6.0 0.0 174.0 1.0 0.0 0.6424965580541532
40 36 41 0.0 0.0 40.0 0.0 1201.0 12.0 13.0 0.43357076494270663
40 36 42 0.0 0.0 6.0 0.0 115.0 3.0 0.0 0.6610009442870631
40 36 43 0.0 0.0 0.0 0.0 11.0 0.0 0.0 0.6961710591745399
40 37 36 0.0 0.0 0.0 0.0 7.0 0.0 0.0 0.6975585450921773
40 37 37 0.0 0.0 15.0 0.0 390.0 1.0 0.0 0.5823627287853577
40 37 38 0.0 0.0 352.0 0.0 7109.0 20.0 857.0 0.14822657490735835
40 37 39 0.0 0.0 187.0 0.0 3765.0 11.0 120.0 0.23561090541905078
40 37 40 0.0 0.0 201.0 0.0 4620.0 21.0 232.0 0.2058520805763858
40 37 41 0.0 0.0 486.0 0.0 9490.0 31.0 2231.0 0.11713520749665327
40 37 42 0.0 0.0 225.0 0.0 4409.0 15.0 151.0 0.21144842168856665
40 37 43 0.0 0.0 52.0 0.0 1235.0 14.0 8.0 0.427742132600061
40 37 44 0.0 0.0 4.0 0.0 77.0 2.0 0.0 0.6734006734006733
40 38 36 0.0 0.0 0.0 0.0 30.0 0.0 0.0 0.689655172413793
40 38 37 0.0 0.0 30.0 0.0 829.0 5.0 6.0 0.49053959355290816
40 38 38 0.0 0.0 932.0 0.0 12368.0 31.0 9822.0 0.0915032679738562
40 38 39 0.0 0.0 483.0 0.0 9180.0 21.0 1787.0 0.12016135953995363
40 38 40 1.0 0.0 874.0 0.0 12127.0 30.0 7549.0 0.09333333333333332
40 38 41 0.0 0.0 924.0 0.0 12520.0 34.0 8815.0 0.09063248527222113
40 38 42 0.0 0.0 1010.0 0.0 12655.0 20.0 9086.0 0.08930849706557793
40 38 43 0.0 0.0 243.0 0.0 5854.0 17.0 530.0 0.1732244493937144
40 38 44 0.0 0.0 0.0 0.0 38.0 0.0 0.0 0.6869479882237487
40 39 36 0.0 0.0 24.0 0.0 399.0 4.0 0.0 0.5787515502273666
40 39 37 0.0 0.0 203.0 0.0 4575.0 12.0 220.0 0.2068557919621749
40 39 38 0.0 0.0 631.0 0.0 10854.0 31.0 4018.0 0.10397326401782397
40 39 39 0.0 0.0 1585.0 1.0 12272.0 52.0 24871.0 0.08832807570977917
40 39 40 0.0 0.0 1932.0 1.0 12478.0 44.0 28511.0 0.08534503779565958
40 39 41 0.0 0.0 2004.0 1.0 11983.0 58.0 32490.0 0.08762596232083619
40 39 42 0.0 0.0 946.0 0.0 12637.0 36.0 7436.0 0.08987609937728701
40 39 43 0.0 0.0 309.0 0.0 6839.0 35.0 761.0 0.15352560587783745
40 39 44 0.0 0.0 1.0 0.0 54.0 0.0 0.0 0.6812652068126519
40 40 36 0.0 0.0 99.0 0.0 2026.0 8.0 27.0 0.33997085964060214
40 40 37 0.0 0.0 494.0 0.0 9674.0 23.0 2745.0 0.11514104778353482
40 40 38 0.0 0.0 718.0 0.0 11468.0 24.0 5455.0 0.0987724001693241
40 40 39 1.0 0.0 1331.0 0.0 12740.0 45.0 18159.0 0.08707009142359598
40 40 40 8.0 10.0 3184.0 22.0 8307.0 54.0 77122.0 0.103260067856616
40 40 41 0.0 0.0 1245.0 2.0 12726.0 30.0 16191.0 0.08768084173608065
40 40 42 0.0 0.0 633.0 0.0 10780.0 26.0 3902.0 0.10447761194029849
40 40 43 0.0 0.0 106.0 0.0 3107.0 9.0 74.0 0.2689721421709894
40 40 44 0.0 0.0 0.0 0.0 35.0 0.0 0.0 0.6879606879606879
40 41 35 0.0 0.0 0.0 0.0 2.0 0.0 0.0 0.6993006993006992
40 41 36 0.0 0.0 14.0 0.0 308.0 6.0 0.0 0.6044905008635577
40 41 37 0.0 0.0 420.0 0.0 8351.0 15.0 1440.0 0.1300631735414344
40 41 38 0.0 0.0 984.0 0.0 12611.0 33.0 8641.0 0.08981267641775724
40 41 39 0.0 0.0 1308.0 2.0 13128.0 31.0 15072.0 0.08513225904530251
40 41 40 0.0 4.0 1521.0 22.0 12688.0 58.0 21303.0 0.08633980881899475
40 41 41 0.0 0.0 1571.0 1.0 12523.0 22.0 22541.0 0.08681632146843606
40 41 42 0.0 0.0 489.0 0.0 9043.0 32.0 1704.0 0.12167564748826697
40 41 43 0.0 0.0 249.0 0.0 6158.0 23.0 519.0 0.16694490818030047
40 41 44 0.0 0.0 0.0 0.0 25.0 0.0 0.0 0.6913580246913579
40 42 35 0.0 0.0 0.0 0.0 1.0 0.0 0.0 0.6996501749125437
40 42 36 0.0 0.0 154.0 0.0 2758.0 12.0 38.0 0.28571428571428564
40 42 37 0.0 0.0 136.0 0.0 3479.0 23.0 133.0 0.2503128911138923
40 42 38 0.0 0.0 363.0 0.0 7515.0 28.0 945.0 0.14198782961460446
40 42 39 0.0 0.0 1014.0 0.0 12410.0 42.0 12382.0 0.09089728606674456
40 42 40 0.0 0.0 544.0 3.0 9778.0 22.0 2544.0 0.11368250101502232
40 42 41 0.0 0.0 917.0 0.0 12523.0 28.0 7884.0 0.09066183136899364
40 42 42 0.0 0.0 210.0 0.0 4460.0 24.0 208.0 0.21052631578947364
40 42 43 0.0 0.0 21.0 0.0 446.0 3.0 1.0 0.5684125050751115
40 42 44 0.0 0.0 14.0 0.0 446.0 5.0 1.0 0.5704971475142624
40 43 36 0.0 0.0 0.0 0.0 1.0 0.0 0.0 0.6996501749125437
40 43 37 0.0 0.0 8.0 0.0 248.0 5.0 0.0 0.6219458018658373
40 43 38 0.0 0.0 9.0 0.0 281.0 3.0 0.0 0.6121556624398775
40 43 39 0.0 0.0 265.0 0.0 5336.0 21.0 344.0 0.18467220683287164
40 43 40 0.0 0.0 447.0 0.0 8588.0 16.0 1462.0 0.12688055102410728
40 43 41 0.0 0.0 166.0 0.0 3839.0 20.0 115.0 0.2338790511192783
40 43 42 0.0 0.0 34.0 0.0 966.0 5.0 3.0 0.4676018704074816
40 43 43 0.0 0.0 0.0 0.0 18.0 0.0 0.0 0.6937561942517343
40 44 37 0.0 0.0 0.0 0.0 1.0 0.0 0.0 0.6996501749125437
40 44 38 0.0 0.0 0.0 0.0 8.0 0.0 0.0 0.697211155378486
40 44 39 0.0 0.0 32.0 0.0 690.0 3.0 2.0 0.514895182052225
40 44 40 0.0 0.0 21.0 0.0 415.0 4.0 0.0 0.575657894736842
40 44 41 0.0 0.0 0.0 0.0 31.0 0.0 0.0 0.6893156080748399
40 44 42 0.0 0.0 3.0 0.0 82.0 1.0 0.0 0.6717850287907868
40 44 43 0.0 0.0 0.0 0.0 6.0 0.0 0.0 0.6979062811565303
40 45 40 0.0 0.0 0.0 0.0 1.0 0.0 0.0 0.6996501749125437
40 45 41 0.0 0.0 0.0 0.0 4.0 0.0 0.0 0.6986027944111775
40 45 42 0.0 0.0 0.0 0.0 2.0 0.0 0.0 0.6993006993006992
41 35 38 0.0 0.0 0.0 0.0 3.0 0.0 0.0 0.6989515726410384
41 35 39 0.0 0.0 0.0 0.0 1.0 0.0 0.0 0.6996501749125437
41 35 40 0.0 0.0 0.0 0.0 12.0 0.0 0.0 0.6958250497017892
41 36 37 0.0 0.0 0.0 0.0 7.0 0.0 0.0 0.6975585450921773
41 36 38 0.0 0.0 0.0 0.0 35.0 0.0 0.0 0.6879606879606879
41 36 39 0.0 0.0 207.0 0.0 5066.0 11.0 354.0 0.19262520638414965
41 36 40 0.0 0.0 17.0 0.0 432.0 3.0 0.0 0.5723630417007358
41 36 41 0.0 0.0 1.0 0.0 99.0 0.0 0.0 0.6669842782277274
41 36 42 0.0 0.0 0.0 0.0 65.0 0.0 0.0 0.6779661016949151
41 36 43 0.0 0.0 5.0 0.0 237.0 1.0 2.0 0.6247211066488174
41 36 44 0.0 0.0 0.0 0.0 2.0 0.0 0.0 0.6993006993006992
41 37 36 0.0 0.0 0.0 0.0 1.0 0.0 0.0 0.6996501749125437
41 37 37 0.0 0.0 9.0 0.0 183.0 0.0 0.0 0.6386861313868613
41 37 38 0.0 0.0 20.0 0.0 961.0 6.0 5.0 0.47058823529411764
41 37 39 0.0 0.0 355.0 0.0 7809.0 20.0 1308.0 0.13787669883789638
41 37 40 0.0 0.0 251.0 0.0 5803.0 14.0 423.0 0.1741076980475065
41 37 41 0.0 0.0 298.0 0.0 6385.0 17.0 626.0 0.16132749481447334
41 37 42 0.0 0.0 386.0 0.0 7401.0 21.0 810.0 0.143310471900911
41 37 43 0.0 0.0 201.0 0.0 4349.0 22.0 188.0 0.21442793689692138
41 37 44 0.0 0.0 0.0 0.0 25.0 0.0 0.0 0.6913580246913579
41 38 36 0.0 0.0 0.0 0.0 1.0 0.0 0.0 0.6996501749125437
41 38 37 0.0 0.0 166.0 0.0 3380.0 15.0 87.0 0.2531187850298318
41 38 38 0.0 0.0 342.0 0.0 7305.0 28.0 865.0 0.14546965918536986
41 38 39 0.0 0.0 714.0 0.0 11389.0 21.0 5388.0 0.09928373874193319
41 38 40 0.0 0.0 1064.0 0.0 12613.0 39.0 10715.0 0.08941116362242942
41 38 41 0.0 0.0 939.0 0.0 12417.0 32.0 9922.0 0.09120521172638436
41 38 42 0.0 0.0 999.0 0.0 12183.0 36.0 12104.0 0.09222053883143402
41 38 43 0.0 0.0 296.0 0.0 6536.0 21.0 638.0 0.1588021778584392
41 38 44 0.0 0.0 33.0 0.0 910.0 7.0 4.0 0.47700170357751276
41 39 35 0.0 0.0 0.0 0.0 1.0 0.0 0.0 0.6996501749125437
41 39 36 0.0 0.0 39.0 0.0 876.0 7.0 2.0 0.4814305364511691
41 39 37 0.0 0.0 69.0 0.0 1488.0 12.0 10.0 0.3949224259520451
41 39 38 0.0 0.0 648.0 0.0 10905.0 33.0 3575.0 0.10341261633919337
41 39 39 0.0 0.0 1196.0 3.0 12827.0 41.0 14307.0 0.08741804558226662
41 39 40 0.0 0.0 2171.0 0.0 11291.0 63.0 37765.0 0.09055041717870771
41 39 41 1.0 0.0 2531.0 0.0 10438.0 67.0 50452.0 0.09357037829167222
41 39 42 0.0 0.0 1069.0 0.0 12883.0 39.0 10888.0 0.08780732563973907
41 39 43 0.0 0.0 277.0 0.0 6372.0 9.0 599.0 0.16196205460434981
41 39 44 0.0 0.0 18.0 0.0 568.0 4.0 1.0 0.5422153369481022
41 40 35 0.0 0.0 0.0 0.0 2.0 0.0 0.0 0.6993006993006992
41 40 36 0.0 0.0 165.0 0.0 4015.0 20.0 190.0 0.2272358383379321
41 40 37 0.0 0.0 193.0 0.0 4439.0 21.0 197.0 0.21157624301042768
41 40 38 0.0 0.0 809.0 0.0 12019.0 33.0 6867.0 0.09451795841209829
41 40 39 0.0 0.0 1766.0 0.0 11976.0 54.0 28745.0 0.08894536213468868
41 40 40 0.0 0.0 1112.0 9.0 13220.0 48.0 10140.0 0.08578957043936514
41 40 41 0.0 0.0 1652.0 1.0 12717.0 47.0 23588.0 0.08555365436323636
41 40 42 0.0 0.0 1280.0 0.0 12658.0 39.0 15636.0 0.08784038147822812
41 40 43 0.0 0.0 505.0 0.0 9669.0 19.0 2639.0 0.11509371917132522
41 40 44 0.0 0.0 98.0 0.0 2119.0 16.0 33.0 0.3330954080418748
41 41 35 0.0 0.0 0.0 0.0 2.0 0.0 0.0 0.6993006993006992
41 41 36 0.0 0.0 5.0 0.0 149.0 0.0 0.0 0.649953574744661
41 41 37 0.0 0.0 412.0 0.0 8254.0 16.0 1236.0 0.13129513270186624
41 41 38 0.0 0.0 607.0 0.0 10750.0 34.0 3760.0 0.10498687664041995
41 41 39 0.0 0.0 1424.0 1.0 12653.0 41.0 18553.0 0.08703220191470844
41 41 40 0.0 0.0 1884.0 0.0 11432.0 37.0 33155.0 0.09134803601722562
41 41 41 0.0 1.0 1026.0 10.0 12820.0 35.0 7965.0 0.08836710219024174
41 41 42 0.0 0.0 417.0 0.0 8438.0 20.0 1276.0 0.12911555842479017
41 41 43 0.0 0.0 213.0 0.0 4507.0 19.0 215.0 0.20892404118788238
41 41 44 0.0 0.0 4.0 0.0 80.0 3.0 0.0 0.6727534839019701
41 41 45 0.0 0.0 0.0 0.0 1.0 0.0 0.0 0.6996501749125437
41 42 36 0.0 0.0 59.0 0.0 1077.0 7.0 7.0 0.44757033248081834
41 42 37 0.0 0.0 131.0 0.0 2975.0 14.0 59.0 0.27488709994109556
41 42 38 0.0 0.0 185.0 0.0 4566.0 15.0 210.0 0.20771513353115723
41 42 39 0.0 0.0 375.0 0.0 7741.0 22.0 983.0 0.13862758688979104
41 42 40 0.0 0.0 520.0 0.0 10126.0 13.0 2940.0 0.11075949367088607
41 42 41 0.0 0.0 556.0 0.0 10073.0 23.0 2554.0 0.11096140128398191
41 42 42 0.0 0.0 124.0 0.0 3265.0 8.0 106.0 0.2600780234070221
41 42 43 0.0 0.0 22.0 0.0 376.0 3.0 0.0 0.5845511482254696
41 42 44 0.0 0.0 0.0 0.0 9.0 0.0 0.0 0.6968641114982577
41 43 36 0.0 0.0 0.0 0.0 2.0 0.0 0.0 0.6993006993006992
41 43 37 0.0 0.0 0.0 0.0 13.0 0.0 0.0 0.695479384003974
41 43 38 0.0 0.0 12.0 0.0 417.0 3.0 3.0 0.5770816158285242
41 43 39 0.0 0.0 260.0 0.0 5052.0 20.0 251.0 0.19196489784725076
41 43 40 0.0 0.0 43.0 0.0 1284.0 6.0 13.0 0.42155977115326704
41 43 41 0.0 0.0 121.0 0.0 2665.0 14.0 63.0 0.2933165723863398
41 43 42 0.0 0.0 198.0 0.0 3972.0 16.0 168.0 0.2274573517465475
41 43 43 0.0 0.0 0.0 0.0 7.0 0.0 0.0 0.6975585450921773
41 44 38 0.0 0.0 19.0 0.0 342.0 5.0 1.0 0.5942275042444821
41 44 39 0.0 0.0 0.0 0.0 3.0 0.0 0.0 0.6989515726410384
41 44 40 0.0 0.0 0.0 0.0 23.0 0.0 0.0 0.6920415224913494
41 44 41 0.0 0.0 8.0 0.0 144.0 3.0 0.0 0.6514657980456026
41 44 42 0.0 0.0 0.0 0.0 4.0 0.0 0.0 0.6986027944111775
41 44 43 0.0 0.0 0.0 0.0 4.0 0.0 0.0 0.6986027944111775
42 35 38 0.0 0.0 0.0 0.0 4.0 0.0 0.0 0.6986027944111775
42 35 39 0.0 0.0 0.0 0.0 5.0 0.0 0.0 0.6982543640897755
42 35 40 0.0 0.0 0.0 0.0 2.0 0.0 0.0 0.6993006993006992
42 35 41 0.0 0.0 0.0 0.0 1.0 0.0 0.0 0.6996501749125437
42 36 38 0.0 0.0 0.0 0.0 15.0 0.0 0.0 0.694789081885856
42 36 39 0.0 0.0 100.0 0.0 2203.0 16.0 41.0 0.3265686960578493
42 36 40 0.0 0.0 3.0 0.0 131.0 3.0 0.0 0.6569685593618019
42 36 41 0.0 0.0 34.0 0.0 761.0 6.0 3.0 0.5019720329867334
42 36 42 0.0 0.0 2.0 0.0 42.0 0.0 0.0 0.684931506849315
42 36 43 0.0 0.0 2.0 0.0 43.0 0.0 0.0 0.6845965770171147
42 36 44 0.0 0.0 0.0 0.0 12.0 0.0 0.0 0.6958250497017892
42 37 37 0.0 0.0 0.0 0.0 15.0 0.0 0.0 0.694789081885856
42 37 38 0.0 0.0 14.0 0.0 312.0 4.0 0.0 0.6029285099052539
42 37 39 0.0 0.0 296.0 0.0 5920.0 18.0 368.0 0.17073170731707313
42 37 40 0.0 0.0 605.0 0.0 10384.0 34.0 3412.0 0.10799136069114469
42 37 41 0.0 0.0 482.0 0.0 8898.0 32.0 1752.0 0.12325028611673561
42 37 42 0.0 0.0 110.0 0.0 2625.0 17.0 45.0 0.2966730239457512
42 37 43 0.0 0.0 226.0 0.0 5999.0 19.0 581.0 0.1705237515225335
42 37 44 0.0 0.0 2.0 0.0 30.0 2.0 0.0 0.689655172413793
42 38 36 0.0 0.0 0.0 0.0 8.0 0.0 0.0 0.697211155378486
42 38 37 0.0 0.0 0.0 0.0 55.0 0.0 0.0 0.6812652068126519
42 38 38 0.0 0.0 248.0 0.0 5706.0 27.0 423.0 0.17656703241266236
42 38 39 0.0 0.0 434.0 0.0 9228.0 19.0 2157.0 0.12021294865189763
42 38 40 0.0 0.0 1051.0 0.0 12321.0 35.0 12609.0 0.09106283335501494
42 38 41 0.0 0.0 1212.0 0.0 12759.0 41.0 14068.0 0.0877577885037297
42 38 42 0.0 0.0 391.0 0.0 8220.0 16.0 1484.0 0.13197586726998492
42 38 43 0.0 0.0 50.0 0.0 1645.0 7.0 18.0 0.37971250339029017
42 38 44 0.0 0.0 0.0 0.0 20.0 0.0 0.0 0.6930693069306929
42 39 36 0.0 0.0 0.0 0.0 9.0 0.0 0.0 0.6968641114982577
42 39 37 0.0 0.0 139.0 0.0 3428.0 18.0 104.0 0.2522068095838587
42 39 38 0.0 0.0 259.0 0.0 5639.0 24.0 397.0 0.17775520568816655
42 39 39 0.0 0.0 718.0 0.0 11349.0 25.0 4380.0 0.09955201592832254
42 39 40 0.0 0.0 1100.0 0.0 12751.0 37.0 12768.0 0.08838383838383837
42 39 41 0.0 0.0 952.0 0.0 12607.0 29.0 8894.0 0.08999742864489585
42 39 42 0.0 0.0 1199.0 0.0 12849.0 43.0 13825.0 0.08727635434199861
42 39 43 0.0 0.0 117.0 0.0 2943.0 16.0 55.0 0.2775574940523394
42 39 44 0.0 0.0 7.0 0.0 191.0 2.0 0.0 0.6375227686703095
42 39 45 0.0 0.0 0.0 0.0 2.0 0.0 0.0 0.6993006993006992
42 40 35 0.0 0.0 0.0 0.0 1.0 0.0 0.0 0.6996501749125437
42 40 36 0.0 0.0 0.0 0.0 28.0 0.0 0.0 0.690335305719921
42 40 37 0.0 0.0 65.0 0.0 1514.0 5.0 11.0 0.3916083916083915
42 40 38 0.0 0.0 713.0 0.0 11546.0 18.0 5831.0 0.09822493510138215
42 40 39 0.0 0.0 737.0 0.0 11630.0 24.0 4817.0 0.09750661652040674
42 40 40 0.0 0.0 965.0 0.0 12361.0 31.0 10250.0 0.09137188356611407
42 40 41 0.0 0.0 1040.0 0.0 12844.0 41.0 9628.0 0.08818897637795275
42 40 42 0.0 0.0 905.0 0.0 12318.0 30.0 8453.0 0.09196006305832895
42 40 43 0.0 0.0 291.0 0.0 6552.0 19.0 624.0 0.158586316266425
42 40 44 0.0 0.0 68.0 0.0 1304.0 12.0 5.0 0.41654269562630164
42 41 36 0.0 0.0 0.0 0.0 14.0 0.0 0.0 0.6951340615690167
42 41 37 0.0 0.0 19.0 0.0 595.0 1.0 3.0 0.5359877488514548
42 41 38 0.0 0.0 419.0 0.0 8538.0 22.0 1590.0 0.12793566663620579
42 41 39 0.0 0.0 618.0 0.0 10357.0 28.0 2774.0 0.10799969142945305
42 41 40 0.0 0.0 565.0 0.0 10270.0 23.0 3640.0 0.10920436817472698
42 41 41 0.0 0.0 198.0 1.0 4592.0 19.0 247.0 0.20676414119037068
42 41 42 0.0 0.0 488.0 0.0 9745.0 23.0 2633.0 0.11451942740286299
42 41 43 0.0 0.0 169.0 0.0 3634.0 19.0 110.0 0.24196335983408224
42 41 44 0.0 0.0 7.0 0.0 105.0 0.0 0.0 0.6628787878787878
42 42 36 0.0 0.0 0.0 0.0 20.0 0.0 0.0 0.6930693069306929
42 42 37 0.0 0.0 1.0 0.0 108.0 0.0 0.0 0.6638217164532954
42 42 38 0.0 0.0 425.0 0.0 8493.0 27.0 1457.0 0.12835793527092693
42 42 39 0.0 0.0 462.0 0.0 9149.0 17.0 2078.0 0.12063765618267985
42 42 40 0.0 0.0 191.0 0.0 4700.0 14.0 266.0 0.2035475428903751
42 42 41 0.0 0.0 551.0 0.0 9952.0 32.0 2722.0 0.11212558065032836
42 42 42 0.0 0.0 49.0 0.0 1073.0 11.0 10.0 0.45016077170418
42 42 43 0.0 0.0 0.0 0.0 43.0 0.0 0.0 0.6852667645619186
42 43 36 0.0 0.0 0.0 0.0 1.0 0.0 0.0 0.6996501749125437
42 43 37 0.0 0.0 0.0 0.0 12.0 0.0 0.0 0.6958250497017892
42 43 38 0.0 0.0 5.0 0.0 226.0 4.0 0.0 0.6286484059272563
42 43 39 0.0 0.0 10.0 0.0 297.0 2.0 0.0 0.60790273556231
42 43 40 0.0 0.0 0.0 0.0 102.0 0.0 1.0 0.6666666666666665
42 43 41 0.0 0.0 52.0 0.0 1297.0 16.0 4.0 0.4199160167966406
42 43 42 0.0 0.0 24.0 0.0 721.0 9.0 3.0 0.5116959064327484
42 43 43 0.0 0.0 0.0 0.0 1.0 0.0 0.0 0.6996501749125437
42 44 38 0.0 0.0 0.0 0.0 3.0 0.0 0.0 0.6989515726410384
42 44 39 0.0 0.0 0.0 0.0 1.0 0.0 0.0 0.6996501749125437
42 44 40 0.0 0.0 6.0 0.0 92.0 0.0 0.0 0.6673021925643469
42 44 41 0.0 0.0 0.0 0.0 3.0 0.0 0.0 0.6989515726410384
42 44 42 0.0 0.0 0.0 0.0 1.0 0.0 0.0 0.6996501749125437
42 44 43 0.0 0.0 0.0 0.0 2.0 0.0 0.0 0.6993006993006992
43 35 39 0.0 0.0 0.0 0.0 1.0 0.0 0.0 0.6996501749125437
43 36 38 0.0 0.0 0.0 0.0 4.0 0.0 0.0 0.6986027944111775
43 36 39 0.0 0.0 23.0 0.0 612.0 10.0 2.0 0.5333333333333332
43 36 40 0.0 0.0 0.0 0.0 28.0 0.0 0.0 0.690335305719921
43 36 41 0.0 0.0 6.0 0.0 176.0 1.0 0.0 0.6419073819348922
43 36 42 0.0 0.0 6.0 0.0 85.0 2.0 0.0 0.6701771182383915
43 36 43 0.0 0.0 0.0 0.0 3.0 0.0 0.0 0.6989515726410384
43 36 44 0.0 0.0 0.0 0.0 5.0 0.0 0.0 0.6982543640897755
43 37 38 0.0 0.0 5.0 0.0 109.0 1.0 0.0 0.6625650733554187
43 37 39 0.0 0.0 16.0 0.0 395.0 8.0 2.0 0.5826050769870994
43 37 40 0.0 0.0 103.0 0.0 2392.0 11.0 46.0 0.31215161649944256
43 37 41 0.0 0.0 134.0 0.0 3025.0 11.0 90.0 0.2718974558166634
43 37 42 0.0 0.0 10.0 0.0 466.0 2.0 2.0 0.5658852061438965
43 37 43 0.0 0.0 98.0 0.0 2216.0 14.0 33.0 0.3255813953488371
43 37 44 0.0 0.0 0.0 0.0 7.0 1.0 0.0 0.6979062811565303
43 38 37 0.0 0.0 0.0 0.0 2.0 0.0 0.0 0.6993006993006992
43 38 38 0.0 0.0 50.0 0.0 837.0 12.0 1.0 0.48695652173913034
43 38 39 0.0 0.0 50.0 0.0 1420.0 7.0 14.0 0.404273751082876
43 38 40 0.0 0.0 249.0 0.0 5415.0 14.0 346.0 0.18298261665141807
43 38 41 0.0 0.0 282.0 0.0 6678.0 14.0 720.0 0.15642458100558657
43 38 42 0.0 0.0 207.0 0.0 5235.0 14.0 340.0 0.1883999461714439
43 38 43 0.0 0.0 196.0 0.0 3990.0 23.0 153.0 0.22712524334847498
43 38 44 0.0 0.0 0.0 0.0 22.0 0.0 0.0 0.6923837784371908
43 39 36 0.0 0.0 0.0 0.0 1.0 0.0 0.0 0.6996501749125437
43 39 37 0.0 0.0 1.0 0.0 74.0 1.0 0.0 0.6750241080038573
43 39 38 0.0 0.0 53.0 0.0 1392.0 7.0 13.0 0.40721349621873176
43 39 39 0.0 0.0 222.0 0.0 5296.0 18.0 335.0 0.18656716417910446
43 39 40 0.0 0.0 435.0 0.0 8676.0 18.0 1703.0 0.12603528988116672
43 39 41 0.0 0.0 209.0 0.0 5060.0 23.0 280.0 0.19318338622878428
43 39 42 0.0 0.0 379.0 0.0 7956.0 16.0 1087.0 0.13552758954501448
43 39 43 0.0 0.0 269.0 0.0 6076.0 22.0 492.0 0.16810758885686838
43 39 44 0.0 0.0 0.0 0.0 20.0 0.0 0.0 0.6930693069306929
43 40 36 0.0 0.0 0.0 0.0 10.0 0.0 0.0 0.6965174129353233
43 40 37 0.0 0.0 34.0 0.0 730.0 13.0 2.0 0.5089058524173027
43 40 38 0.0 0.0 242.0 0.0 5133.0 15.0 329.0 0.19013988863235093
43 40 39 0.0 0.0 252.0 0.0 4926.0 18.0 239.0 0.19553072625698323
43 40 40 0.0 0.0 274.0 0.0 6193.0 20.0 554.0 0.16552376448332937
43 40 41 0.0 0.0 476.0 0.0 9080.0 18.0 2006.0 0.121191135734072
43 40 42 0.0 0.0 197.0 0.0 4520.0 19.0 185.0 0.2088928678006565
43 40 43 0.0 0.0 158.0 0.0 3451.0 16.0 92.0 0.2503128911138923
43 40 44 0.0 0.0 1.0 0.0 73.0 0.0 0.0 0.6750241080038573
43 41 35 0.0 0.0 0.0 0.0 1.0 0.0 0.0 0.6996501749125437
43 41 36 0.0 0.0 0.0 0.0 7.0 0.0 0.0 0.6975585450921773
43 41 37 0.0 0.0 340.0 0.0 7217.0 19.0 876.0 0.1467043906528345
43 41 38 0.0 0.0 19.0 0.0 509.0 3.0 0.0 0.5548949663099484
43 41 39 0.0 0.0 258.0 0.0 4813.0 15.0 237.0 0.1983283751239552
43 41 40 0.0 0.0 514.0 0.0 9118.0 22.0 1528.0 0.12049229709957825
43 41 41 0.0 0.0 30.0 0.0 1115.0 5.0 12.0 0.4458598726114649
43 41 42 0.0 0.0 104.0 0.0 2826.0 14.0 66.0 0.28490028490028485
43 41 43 0.0 0.0 43.0 0.0 1129.0 7.0 8.0 0.44233807266982617
43 41 44 0.0 0.0 0.0 0.0 8.0 0.0 0.0 0.697211155378486
43 42 36 0.0 0.0 0.0 0.0 5.0 0.0 0.0 0.6982543640897755
43 42 37 0.0 0.0 1.0 0.0 112.0 0.0 0.0 0.6625650733554187
43 42 38 0.0 0.0 31.0 0.0 656.0 7.0 2.0 0.5223880597014925
43 42 39 0.0 0.0 119.0 0.0 2875.0 8.0 61.0 0.28078620136381865
43 42 40 0.0 0.0 33.0 0.0 1311.0 7.0 10.0 0.4194128220491312
43 42 41 0.0 0.0 4.0 0.0 150.0 2.0 0.0 0.6505576208178437
43 42 42 0.0 0.0 0.0 0.0 59.0 0.0 0.0 0.6802721088435373
43 42 43 0.0 0.0 0.0 0.0 24.0 0.0 0.0 0.6916996047430829
43 43 35 0.0 0.0 0.0 0.0 1.0 0.0 0.0 0.6996501749125437
43 43 37 0.0 0.0 0.0 0.0 16.0 0.0 0.0 0.6944444444444444
43 43 38 0.0 0.0 1.0 0.0 36.0 0.0 0.0 0.6872852233676975
43 43 39 0.0 0.0 0.0 0.0 59.0 0.0 0.0 0.6799417192812044
43 43 40 0.0 0.0 0.0 0.0 32.0 0.0 0.0 0.6889763779527558
43 43 41 0.0 0.0 7.0 0.0 86.0 3.0 0.0 0.6698564593301434
43 43 42 0.0 0.0 0.0 0.0 21.0 0.0 0.0 0.6927263730826323
44 36 39 0.0 0.0 0.0 0.0 1.0 0.0 0.0 0.6996501749125437
44 36 40 0.0 0.0 0.0 0.0 2.0 0.0 0.0 0.6993006993006992
44 36 41 0.0 0.0 2.0 0.0 16.0 0.0 0.0 0.6937561942517343
44 37 39 0.0 0.0 0.0 0.0 3.0 0.0 0.0 0.6989515726410384
44 37 40 0.0 0.0 0.0 0.0 13.0 0.0 0.0 0.695479384003974
44 37 41 0.0 0.0 0.0 0.0 16.0 0.0 0.0 0.6944444444444444
44 37 42 0.0 0.0 0.0 0.0 10.0 0.0 0.0 0.6965174129353233
44 37 43 0.0 0.0 2.0 0.0 41.0 0.0 0.0 0.6852667645619186
44 37 44 0.0 0.0 0.0 0.0 1.0 0.0 0.0 0.6996501749125437
44 38 38 0.0 0.0 2.0 0.0 97.0 0.0 0.0 0.6669842782277274
44 38 39 0.0 0.0 0.0 0.0 34.0 1.0 0.0 0.6886374815543531
44 38 40 0.0 0.0 0.0 0.0 40.0 0.0 0.0 0.6862745098039215
44 38 41 0.0 0.0 121.0 0.0 2297.0 16.0 35.0 0.31796502384737674
44 38 42 0.0 0.0 0.0 0.0 26.0 0.0 0.0 0.6910167818361302
44 38 43 0.0 0.0 0.0 0.0 12.0 0.0 0.0 0.6958250497017892
44 38 44 0.0 0.0 0.0 0.0 6.0 0.0 0.0 0.6979062811565303
44 39 38 0.0 0.0 0.0 0.0 11.0 0.0 0.0 0.6961710591745399
44 39 39 0.0 0.0 0.0 0.0 18.0 0.0 0.0 0.6937561942517343
44 39 40 0.0 0.0 0.0 0.0 83.0 0.0 0.0 0.6721075372059528
44 39 41 0.0 0.0 67.0 0.0 1320.0 14.0 9.0 0.4150607767565964
44 39 42 0.0 0.0 0.0 0.0 47.0 0.0 0.0 0.6839276990718123
44 39 43 0.0 0.0 0.0 0.0 11.0 0.0 0.0 0.6961710591745399
44 39 44 0.0 0.0 0.0 0.0 6.0 0.0 0.0 0.6982543640897755
44 40 36 0.0 0.0 43.0 0.0 879.0 9.0 7.0 0.4804392587508579
44 40 37 0.0 0.0 0.0 0.0 6.0 0.0 0.0 0.6979062811565303
44 40 38 0.0 0.0 0.0 0.0 13.0 0.0 0.0 0.695479384003974
44 40 39 0.0 0.0 2.0 0.0 122.0 0.0 0.0 0.6591337099811675
44 40 40 0.0 0.0 51.0 0.0 1055.0 10.0 8.0 0.45219638242894056
44 40 41 0.0 0.0 0.0 0.0 56.0 0.0 0.0 0.6809338521400777
44 40 42 0.0 0.0 16.0 0.0 341.0 7.0 0.0 0.5957446808510637
44 40 43 0.0 0.0 4.0 0.0 142.0 2.0 0.0 0.6529850746268656
44 40 44 0.0 0.0 38.0 0.0 699.0 8.0 2.0 0.5130084279956026
44 41 36 0.0 0.0 0.0 0.0 5.0 0.0 0.0 0.6982543640897755
44 41 37 0.0 0.0 1.0 0.0 31.0 0.0 0.0 0.6889763779527558
44 41 38 0.0 0.0 0.0 0.0 19.0 0.0 0.0 0.6934125804853887
44 41 39 0.0 0.0 0.0 0.0 32.0 0.0 0.0 0.6889763779527558
44 41 40 0.0 0.0 6.0 0.0 101.0 0.0 0.0 0.6644518272425248
44 41 41 0.0 0.0 146.0 0.0 3495.0 19.0 98.0 0.24902170046246883
44 41 42 0.0 0.0 1.0 0.0 33.0 1.0 0.0 0.6886374815543531
44 41 43 0.0 0.0 0.0 0.0 4.0 0.0 0.0 0.6986027944111775
44 41 44 0.0 0.0 0.0 0.0 4.0 0.0 0.0 0.6986027944111775
44 42 36 0.0 0.0 76.0 0.0 2295.0 15.0 37.0 0.32132201055772314
44 42 37 0.0 0.0 0.0 0.0 13.0 0.0 0.0 0.695479384003974
44 42 38 0.0 0.0 0.0 0.0 10.0 0.0 0.0 0.6965174129353233
44 42 39 0.0 0.0 0.0 0.0 8.0 0.0 0.0 0.697211155378486
44 42 40 0.0 0.0 0.0 0.0 18.0 0.0 0.0 0.6937561942517343
44 42 41 0.0 0.0 0.0 0.0 8.0 0.0 0.0 0.697211155378486
44 42 42 0.0 0.0 0.0 0.0 1.0 0.0 0.0 0.6996501749125437
44 42 43 0.0 0.0 0.0 0.0 1.0 0.0 0.0 0.6996501749125437
44 42 44 0.0 0.0 0.0 0.0 1.0 0.0 0.0 0.6996501749125437
44 43 35 0.0 0.0 0.0 0.0 2.0 0.0 0.0 0.6993006993006992
45 38 40 0.0 0.0 0.0 0.0 2.0 0.0 0.0 0.6993006993006992
45 40 36 0.0 0.0 0.0 0.0 1.0 0.0 0.0 0.6996501749125437
45 40 40 0.0 0.0 0.0 0.0 1.0 0.0 0.0 0.6996501749125437
45 40 41 0.0 0.0 0.0 0.0 8.0 0.0 0.0 0.697211155378486
45 40 42 0.0 0.0 0.0 0.0 2.0 0.0 0.0 0.6993006993006992
45 41 36 0.0 0.0 0.0 0.0 2.0 0.0 0.0 0.6993006993006992
45 41 37 0.0 0.0 0.0 0.0 1.0 0.0 0.0 0.6996501749125437
45 41 41 0.0 0.0 0.0 0.0 4.0 0.0 0.0 0.6986027944111775
45 41 42 0.0 0.0 0.0 0.0 1.0 0.0 0.0 0.6996501749125437
45 42 40 0.0 0.0 0.0 0.0 1.0 0.0 0.0 0.6996501749125437
45 42 41 0.0 0.0 0.0 0.0 7.0 0.0 0.0 0.6975585450921773
45 42 42 0.0 0.0 0.0 0.0 1.0 0.0 0.0 0.6996501749125437
45 43 35 0.0 0.0 0.0 0.0 1.0 0.0 0.0 0.6996501749125437
