39 39 40 0.0 0.0 0.0 0.0 12.0 0.0 0.0 0.6958250497017892
39 39 41 0.0 0.0 0.0 0.0 1.0 0.0 0.0 0.6996501749125437
39 40 39 1.0 0.0 1.0 0.0 15.0 2.0 0.0 0.694789081885856
39 40 41 0.0 0.0 0.0 0.0 1.0 0.0 0.0 0.6996501749125437
39 41 39 0.0 0.0 0.0 0.0 4.0 0.0 0.0 0.6986027944111775
39 41 40 0.0 0.0 0.0 0.0 3.0 0.0 0.0 0.6989515726410384
40 39 39 0.0 0.0 1.0 0.0 7.0 1.0 0.0 0.6975585450921773
40 39 40 0.0 0.0 0.0 0.0 4.0 0.0 0.0 0.6986027944111775
40 39 41 0.0 0.0 0.0 0.0 1.0 0.0 0.0 0.6996501749125437
40 40 39 0.0 0.0 0.0 0.0 4.0 0.0 0.0 0.6986027944111775
40 40 40 12.0 2.0 261.0 73.0 4931.0 24.0 295.0 0.19289060347203085
40 40 41 0.0 0.0 0.0 0.0 2.0 0.0 0.0 0.6993006993006992
40 41 39 0.0 0.0 0.0 0.0 1.0 0.0 0.0 0.6996501749125437
40 41 40 0.0 0.0 0.0 0.0 3.0 0.0 0.0 0.6989515726410384
40 41 41 0.0 0.0 0.0 0.0 4.0 0.0 0.0 0.6986027944111775
41 39 40 0.0 0.0 2.0 0.0 10.0 0.0 0.0 0.6958250497017892
41 39 41 0.0 0.0 22.0 0.0 512.0 4.0 2.0 0.5533596837944663
41 40 39 0.0 0.0 0.0 0.0 2.0 0.0 0.0 0.6993006993006992
41 40 40 0.0 0.0 0.0 0.0 3.0 0.0 0.0 0.6989515726410384
41 40 41 0.0 0.0 0.0 0.0 1.0 0.0 0.0 0.6996501749125437
41 41 39 0.0 0.0 0.0 0.0 3.0 0.0 0.0 0.6989515726410384
41 41 40 0.0 0.0 0.0 0.0 3.0 0.0 0.0 0.6989515726410384
41 41 41 0.0 0.0 0.0 0.0 2.0 0.0 0.0 0.6993006993006992
