38 37 39 0.0 0.0 0.0 0.0 1.0 0.0 0.0 0.6996501749125437
38 38 38 0.0 0.0 0.0 0.0 1.0 0.0 0.0 0.6996501749125437
38 38 39 0.0 0.0 0.0 0.0 7.0 0.0 0.0 0.6975585450921773
38 38 40 0.0 0.0 0.0 0.0 8.0 0.0 0.0 0.697211155378486
38 38 41 0.0 0.0 0.0 0.0 6.0 0.0 0.0 0.6979062811565303
38 38 42 0.0 0.0 0.0 0.0 3.0 0.0 0.0 0.6989515726410384
38 39 38 0.0 0.0 0.0 0.0 11.0 0.0 0.0 0.6961710591745399
38 39 39 0.0 0.0 5.0 0.0 170.0 2.0 0.0 0.6442705936493326
38 39 40 0.0 0.0 0.0 0.0 18.0 0.0 0.0 0.6937561942517343
38 39 41 0.0 0.0 2.0 0.0 24.0 1.0 0.0 0.6913580246913579
38 39 42 0.0 0.0 0.0 0.0 3.0 0.0 0.0 0.6989515726410384
38 40 38 0.0 0.0 0.0 0.0 15.0 0.0 0.0 0.694789081885856
38 40 39 0.0 0.0 18.0 0.0 549.0 1.0 1.0 0.5455962587685113
38 40 40 0.0 0.0 10.0 0.0 273.0 4.0 0.0 0.6143045195261079
38 40 41 0.0 0.0 0.0 0.0 17.0 0.0 0.0 0.694100148735746
38 40 42 0.0 0.0 0.0 0.0 1.0 0.0 0.0 0.6996501749125437
38 41 38 0.0 0.0 0.0 0.0 7.0 0.0 0.0 0.6975585450921773
38 41 39 0.0 0.0 7.0 0.0 259.0 2.0 0.0 0.6183745583038868
38 41 40 0.0 0.0 2.0 0.0 57.0 2.0 0.0 0.6806028196402526
38 41 41 0.0 0.0 0.0 0.0 3.0 0.0 0.0 0.6989515726410384
38 42 38 0.0 0.0 0.0 0.0 1.0 0.0 0.0 0.6996501749125437
38 42 39 0.0 0.0 3.0 0.0 75.0 1.0 0.0 0.6740491092922483
38 42 40 0.0 0.0 0.0 0.0 7.0 0.0 0.0 0.6975585450921773
38 42 41 0.0 0.0 0.0 0.0 4.0 0.0 0.0 0.6986027944111775
39 38 39 0.0 0.0 0.0 0.0 12.0 0.0 0.0 0.6958250497017892
39 38 40 0.0 0.0 21.0 0.0 415.0 4.0 0.0 0.575657894736842
39 38 41 0.0 0.0 0.0 0.0 18.0 0.0 0.0 0.6937561942517343
39 38 42 0.0 0.0 0.0 0.0 15.0 0.0 0.0 0.6951340615690167
39 39 38 0.0 0.0 0.0 0.0 28.0 0.0 0.0 0.690335305719921
39 39 39 0.0 0.0 63.0 0.0 1529.0 15.0 15.0 0.3912800447177193
39 39 40 0.0 0.0 342.0 2.0 6953.0 21.0 788.0 0.15084581402866065
39 39 41 0.0 0.0 164.0 0.0 3623.0 15.0 104.0 0.24255024255024252
39 39 42 0.0 0.0 0.0 0.0 12.0 0.0 0.0 0.6958250497017892
39 40 38 0.0 0.0 0.0 0.0 27.0 0.0 0.0 0.6906758756783422
39 40 39 2.0 0.0 442.0 0.0 8740.0 22.0 1715.0 0.12535816618911172
39 40 40 0.0 0.0 174.0 6.0 4842.0 8.0 299.0 0.1995438996579247
39 40 41 0.0 0.0 24.0 0.0 646.0 11.0 2.0 0.5265137269650243
39 40 42 0.0 0.0 0.0 0.0 5.0 0.0 0.0 0.6982543640897755
39 41 38 0.0 0.0 0.0 0.0 11.0 0.0 0.0 0.6961710591745399
39 41 39 0.0 0.0 61.0 0.0 1658.0 13.0 12.0 0.3777657852131678
39 41 40 0.0 0.0 189.0 0.0 5004.0 14.0 336.0 0.1949317738791423
39 41 41 0.0 0.0 83.0 0.0 1590.0 14.0 8.0 0.382618201694452
39 41 42 0.0 0.0 0.0 0.0 1.0 0.0 0.0 0.6996501749125437
39 42 39 0.0 0.0 0.0 0.0 5.0 0.0 0.0 0.6982543640897755
39 42 40 0.0 0.0 3.0 0.0 33.0 3.0 0.0 0.6886374815543531
39 42 41 0.0 0.0 0.0 0.0 9.0 0.0 0.0 0.6968641114982577
39 42 42 0.0 0.0 0.0 0.0 2.0 0.0 0.0 0.6993006993006992
40 37 40 0.0 0.0 0.0 0.0 1.0 0.0 0.0 0.6996501749125437
40 37 42 0.0 0.0 0.0 0.0 1.0 0.0 0.0 0.6996501749125437
40 38 38 0.0 0.0 8.0 0.0 114.0 4.0 0.0 0.6610009442870631
40 38 39 0.0 0.0 0.0 0.0 36.0 0.0 0.0 0.6876227897838899
40 38 40 0.0 0.0 3.0 0.0 96.0 2.0 0.0 0.6676204101096804
40 38 41 0.0 0.0 1.0 0.0 98.0 0.0 0.0 0.6669842782277274
40 38 42 0.0 0.0 0.0 0.0 17.0 0.0 0.0 0.694100148735746
40 38 43 0.0 0.0 0.0 0.0 1.0 0.0 0.0 0.6996501749125437
40 39 38 0.0 0.0 0.0 0.0 12.0 0.0 0.0 0.6958250497017892
40 39 39 0.0 0.0 181.0 0.0 5044.0 14.0 319.0 0.1941478297046179
40 39 40 0.0 0.0 199.0 0.0 5116.0 15.0 288.0 0.1917282936181868
40 39 41 0.0 0.0 289.0 0.0 6558.0 18.0 644.0 0.15846066779852858
40 39 42 0.0 0.0 0.0 0.0 52.0 1.0 0.0 0.68259385665529
40 40 38 0.0 0.0 0.0 0.0 30.0 0.0 0.0 0.689655172413793
40 40 39 0.0 0.0 60.0 0.0 1594.0 8.0 21.0 0.3839824465167306
40 40 40 13.0 5.0 1185.0 68.0 12663.0 38.0 13241.0 0.08788449466415567
40 40 41 0.0 0.0 53.0 0.0 1363.0 9.0 13.0 0.41091869680070436
40 40 42 0.0 0.0 0.0 0.0 47.0 0.0 0.0 0.6839276990718123
40 41 38 0.0 0.0 2.0 0.0 18.0 0.0 0.0 0.6930693069306929
40 41 39 0.0 0.0 23.0 2.0 684.0 6.0 2.0 0.5181347150259067
40 41 40 0.0 0.0 117.0 5.0 2927.0 17.0 70.0 0.2782193958664546
40 41 41 0.0 0.0 131.0 0.0 3245.0 14.0 88.0 0.2609992542878449
40 41 42 0.0 0.0 0.0 0.0 3.0 0.0 0.0 0.6989515726410384
40 42 39 0.0 0.0 35.0 0.0 751.0 9.0 2.0 0.5041411595246669
40 42 40 0.0 0.0 0.0 0.0 12.0 0.0 0.0 0.6958250497017892
40 42 41 0.0 0.0 0.0 0.0 12.0 0.0 0.0 0.6958250497017892
40 42 42 0.0 0.0 0.0 0.0 3.0 0.0 0.0 0.6989515726410384
41 38 38 0.0 0.0 0.0 0.0 5.0 0.0 0.0 0.6982543640897755
41 38 39 0.0 0.0 1.0 0.0 38.0 0.0 0.0 0.6866110838646394
41 38 40 0.0 0.0 14.0 0.0 475.0 2.0 3.0 0.5629272215520706
41 38 41 0.0 0.0 4.0 0.0 125.0 1.0 0.0 0.6578947368421051
41 38 42 0.0 0.0 28.0 0.0 540.0 6.0 1.0 0.5462348809988293
41 39 38 0.0 0.0 0.0 0.0 6.0 0.0 0.0 0.6979062811565303
41 39 39 0.0 0.0 39.0 1.0 783.0 9.0 3.0 0.49751243781094523
41 39 40 0.0 0.0 410.0 0.0 8328.0 21.0 1324.0 0.13054830287206265
41 39 41 0.0 0.0 638.0 0.0 10553.0 17.0 3725.0 0.10619737540772205
41 39 42 0.0 0.0 9.0 0.0 344.0 3.0 1.0 0.5959982971477223
41 40 38 0.0 0.0 4.0 0.0 53.0 0.0 0.0 0.6806028196402526
41 40 39 0.0 0.0 244.0 0.0 5409.0 19.0 312.0 0.1833420639078051
41 40 40 0.0 0.0 2.0 10.0 268.0 0.0 0.0 0.6140350877192982
41 40 41 0.0 0.0 144.0 0.0 3427.0 10.0 113.0 0.25175328178385176
41 40 42 0.0 0.0 51.0 0.0 1222.0 11.0 5.0 0.4291845493562231
41 41 38 0.0 0.0 0.0 0.0 3.0 0.0 0.0 0.6989515726410384
41 41 39 0.0 0.0 87.0 0.0 2101.0 17.0 37.0 0.33540967896502155
41 41 40 0.0 0.0 351.0 0.0 6777.0 9.0 656.0 0.15344147303814112
41 41 41 0.0 0.0 1.0 1.0 142.0 0.0 0.0 0.6529850746268656
41 41 42 0.0 0.0 0.0 0.0 4.0 0.0 0.0 0.6986027944111775
41 42 38 0.0 0.0 0.0 0.0 2.0 0.0 0.0 0.6993006993006992
41 42 39 0.0 0.0 0.0 0.0 3.0 0.0 0.0 0.6989515726410384
41 42 40 0.0 0.0 0.0 0.0 13.0 0.0 0.0 0.695479384003974
41 42 41 0.0 0.0 0.0 0.0 14.0 0.0 0.0 0.6951340615690167
41 42 42 0.0 0.0 0.0 0.0 3.0 0.0 0.0 0.6989515726410384
42 38 39 0.0 0.0 0.0 0.0 10.0 0.0 0.0 0.6965174129353233
42 38 40 0.0 0.0 23.0 0.0 568.0 7.0 0.0 0.5417956656346749
42 38 41 0.0 0.0 24.0 0.0 439.0 7.0 1.0 0.5700325732899022
42 38 42 0.0 0.0 0.0 0.0 18.0 0.0 0.0 0.6937561942517343
42 39 39 0.0 0.0 0.0 0.0 8.0 0.0 0.0 0.697211155378486
42 39 40 0.0 0.0 14.0 0.0 261.0 4.0 0.0 0.6164685160722148
42 39 41 0.0 0.0 3.0 0.0 157.0 2.0 0.0 0.6487488415199257
42 39 42 0.0 0.0 17.0 0.0 426.0 3.0 2.0 0.5737704918032785
42 40 38 0.0 0.0 0.0 0.0 2.0 0.0 0.0 0.6993006993006992
42 40 39 0.0 0.0 0.0 0.0 7.0 0.0 0.0 0.6975585450921773
42 40 40 0.0 0.0 6.0 0.0 116.0 3.0 0.0 0.6606890042472864
42 40 41 0.0 0.0 6.0 0.0 57.0 1.0 0.0 0.6789524733268669
42 40 42 0.0 0.0 2.0 0.0 33.0 1.0 0.0 0.6882989183874139
42 41 38 0.0 0.0 0.0 0.0 6.0 0.0 0.0 0.6979062811565303
42 41 39 0.0 0.0 0.0 0.0 7.0 0.0 0.0 0.6975585450921773
42 41 40 0.0 0.0 0.0 0.0 9.0 0.0 0.0 0.6968641114982577
42 41 41 0.0 0.0 0.0 0.0 7.0 0.0 0.0 0.6975585450921773
42 42 38 0.0 0.0 1.0 0.0 13.0 0.0 0.0 0.6951340615690167
42 42 39 0.0 0.0 0.0 0.0 4.0 0.0 0.0 0.6986027944111775
42 42 40 0.0 0.0 0.0 0.0 5.0 0.0 0.0 0.6982543640897755
42 42 41 0.0 0.0 0.0 0.0 9.0 0.0 0.0 0.6968641114982577
