34 38 39 0.0 0.0 0.0 0.0 1.0 0.0 0.0 0.6996501749125437
34 38 40 0.0 0.0 0.0 0.0 1.0 0.0 0.0 0.6996501749125437
34 41 37 0.0 0.0 0.0 0.0 1.0 0.0 0.0 0.6996501749125437
35 37 39 0.0 0.0 0.0 0.0 6.0 0.0 0.0 0.6979062811565303
35 37 40 0.0 0.0 0.0 0.0 9.0 0.0 0.0 0.697211155378486
35 37 41 0.0 0.0 0.0 0.0 9.0 0.0 0.0 0.6968641114982577
35 38 38 0.0 0.0 0.0 0.0 6.0 0.0 0.0 0.6979062811565303
35 38 39 0.0 0.0 0.0 0.0 37.0 0.0 0.0 0.6872852233676975
35 38 40 0.0 0.0 53.0 0.0 1293.0 7.0 6.0 0.41928721174004185
35 38 41 0.0 0.0 35.0 0.0 659.0 14.0 1.0 0.522583053378126
35 39 37 0.0 0.0 0.0 0.0 27.0 1.0 0.0 0.6910167818361302
35 39 38 0.0 0.0 42.0 0.0 1056.0 7.0 5.0 0.45292785506308625
35 39 39 0.0 0.0 3.0 0.0 136.0 1.0 0.0 0.6548175865294666
35 39 40 0.0 0.0 0.0 0.0 44.0 1.0 0.0 0.6852667645619186
35 39 41 0.0 0.0 6.0 0.0 71.0 1.0 0.0 0.6743737957610789
35 39 43 0.0 0.0 0.0 0.0 1.0 0.0 0.0 0.6996501749125437
35 40 37 0.0 0.0 8.0 0.0 248.0 3.0 0.0 0.6213936972924988
35 40 38 0.0 0.0 92.0 0.0 2062.0 14.0 34.0 0.3381642512077294
35 40 39 0.0 0.0 0.0 0.0 106.0 0.0 0.0 0.664767331433998
35 40 40 0.0 0.0 6.0 0.0 261.0 3.0 0.0 0.6183745583038868
35 40 41 0.0 0.0 0.0 0.0 15.0 1.0 0.0 0.6951340615690167
35 40 42 0.0 0.0 0.0 0.0 6.0 0.0 0.0 0.6979062811565303
35 41 37 0.0 0.0 18.0 0.0 400.0 4.0 0.0 0.579950289975145
35 41 38 0.0 0.0 23.0 0.0 464.0 5.0 0.0 0.56406124093473
35 41 39 0.0 0.0 4.0 0.0 183.0 1.0 0.0 0.6404391582799633
35 41 40 0.0 0.0 3.0 0.0 91.0 0.0 0.0 0.6685768863419292
35 41 41 0.0 0.0 0.0 0.0 9.0 1.0 0.0 0.697211155378486
35 41 42 0.0 0.0 1.0 0.0 31.0 1.0 0.0 0.6893156080748399
35 41 43 0.0 0.0 0.0 0.0 3.0 0.0 0.0 0.6989515726410384
35 41 44 0.0 0.0 0.0 0.0 2.0 0.0 0.0 0.6993006993006992
35 42 36 0.0 0.0 0.0 0.0 1.0 0.0 0.0 0.6996501749125437
35 42 37 0.0 0.0 0.0 0.0 17.0 0.0 0.0 0.694100148735746
35 42 38 0.0 0.0 0.0 0.0 20.0 0.0 0.0 0.6930693069306929
35 42 39 0.0 0.0 0.0 0.0 32.0 1.0 0.0 0.689655172413793
35 42 40 0.0 0.0 1.0 0.0 6.0 1.0 0.0 0.6979062811565303
35 42 41 0.0 0.0 0.0 0.0 10.0 0.0 0.0 0.6965174129353233
35 42 42 0.0 0.0 0.0 0.0 8.0 0.0 0.0 0.697211155378486
35 42 43 0.0 0.0 0.0 0.0 2.0 0.0 0.0 0.6993006993006992
35 42 44 0.0 0.0 0.0 0.0 2.0 0.0 0.0 0.6993006993006992
35 43 37 0.0 0.0 0.0 0.0 1.0 0.0 0.0 0.6996501749125437
35 43 38 0.0 0.0 0.0 0.0 5.0 0.0 0.0 0.6982543640897755
35 43 39 0.0 0.0 0.0 0.0 4.0 0.0 0.0 0.6986027944111775
35 43 40 0.0 0.0 0.0 0.0 2.0 0.0 0.0 0.6993006993006992
35 43 41 0.0 0.0 0.0 0.0 1.0 0.0 0.0 0.6996501749125437
35 43 42 0.0 0.0 0.0 0.0 1.0 0.0 0.0 0.6996501749125437
35 43 43 0.0 0.0 0.0 0.0 4.0 0.0 0.0 0.6986027944111775
35 44 38 0.0 0.0 0.0 0.0 1.0 0.0 0.0 0.6996501749125437
35 44 40 0.0 0.0 3.0 0.0 41.0 3.0 0.0 0.6859382655560998
35 44 42 0.0 0.0 3.0 0.0 41.0 0.0 0.0 0.684931506849315
36 35 40 0.0 0.0 0.0 0.0 1.0 0.0 0.0 0.6996501749125437
36 35 43 0.0 0.0 0.0 0.0 2.0 0.0 0.0 0.6993006993006992
36 35 44 0.0 0.0 0.0 0.0 2.0 0.0 0.0 0.6993006993006992
36 36 38 0.0 0.0 0.0 0.0 16.0 0.0 0.0 0.6944444444444444
36 36 39 0.0 0.0 0.0 0.0 76.0 0.0 0.0 0.6743737957610789
36 36 40 0.0 0.0 0.0 0.0 65.0 0.0 0.0 0.6782945736434108
36 36 41 0.0 0.0 19.0 0.0 227.0 6.0 0.0 0.6249999999999999
36 36 42 0.0 0.0 2.0 0.0 31.0 0.0 0.0 0.6886374815543531
36 36 43 0.0 0.0 0.0 0.0 6.0 0.0 0.0 0.6979062811565303
36 36 44 0.0 0.0 0.0 0.0 1.0 0.0 0.0 0.6996501749125437
36 37 37 0.0 0.0 0.0 0.0 8.0 0.0 0.0 0.697211155378486
36 37 38 0.0 0.0 26.0 0.0 525.0 6.0 2.0 0.5500982318271119
36 37 39 0.0 0.0 26.0 0.0 387.0 9.0 1.0 0.5823627287853577
36 37 40 0.0 0.0 61.0 0.0 1331.0 11.0 7.0 0.41407867494824013
36 37 41 0.0 0.0 3.0 0.0 195.0 0.0 0.0 0.6372325898953117
36 37 42 0.0 0.0 26.0 0.0 605.0 2.0 0.0 0.5325218714340052
36 37 43 0.0 0.0 0.0 0.0 4.0 0.0 0.0 0.6986027944111775
36 37 44 0.0 0.0 0.0 0.0 3.0 0.0 0.0 0.6989515726410384
36 38 36 0.0 0.0 0.0 0.0 6.0 0.0 0.0 0.6979062811565303
36 38 37 0.0 0.0 1.0 0.0 46.0 2.0 0.0 0.6845965770171147
36 38 38 0.0 0.0 4.0 0.0 191.0 3.0 0.0 0.6386861313868613
36 38 39 0.0 0.0 61.0 0.0 1034.0 15.0 2.0 0.45454545454545453
36 38 40 0.0 0.0 371.0 0.0 7915.0 23.0 1216.0 0.1362928348909657
36 38 41 0.0 0.0 70.0 0.0 1864.0 4.0 27.0 0.3561434749427626
36 38 42 0.0 0.0 0.0 0.0 33.0 1.0 0.0 0.6889763779527558
36 38 43 0.0 0.0 0.0 0.0 5.0 0.0 0.0 0.6982543640897755
36 38 44 0.0 0.0 0.0 0.0 6.0 0.0 0.0 0.6979062811565303
36 38 45 0.0 0.0 0.0 0.0 2.0 0.0 0.0 0.6993006993006992
36 39 36 0.0 0.0 0.0 0.0 5.0 0.0 0.0 0.6982543640897755
36 39 37 0.0 0.0 29.0 0.0 847.0 8.0 4.0 0.4881450488145048
36 39 38 0.0 0.0 55.0 0.0 1297.0 12.0 7.0 0.4191616766467065
36 39 39 0.0 0.0 455.0 0.0 8783.0 26.0 1691.0 0.12475494564248794
36 39 40 0.0 0.0 257.0 0.0 6082.0 19.0 583.0 0.1682085786375105
36 39 41 0.0 0.0 8.0 0.0 255.0 2.0 0.0 0.6191950464396283
36 39 42 0.0 0.0 1.0 0.0 101.0 3.0 0.0 0.6669842782277274
36 39 43 0.0 0.0 0.0 0.0 16.0 0.0 0.0 0.6944444444444444
36 39 44 0.0 0.0 0.0 0.0 4.0 0.0 0.0 0.6986027944111775
36 39 45 0.0 0.0 0.0 0.0 1.0 0.0 0.0 0.6996501749125437
36 40 36 0.0 0.0 1.0 0.0 21.0 0.0 0.0 0.6923837784371908
36 40 37 0.0 0.0 49.0 0.0 973.0 4.0 1.0 0.46388336646785944
36 40 38 0.0 0.0 633.0 0.0 10738.0 19.0 3465.0 0.10475905417539658
36 40 39 0.0 0.0 423.0 0.0 8629.0 21.0 1748.0 0.12678862524904908
36 40 40 0.0 0.0 64.0 0.0 2100.0 12.0 38.0 0.33710570671803514
36 40 41 0.0 0.0 123.0 0.0 2649.0 12.0 54.0 0.2941176470588235
36 40 42 0.0 0.0 17.0 0.0 458.0 8.0 0.0 0.5674908796108633
36 40 43 0.0 0.0 33.0 0.0 611.0 8.0 1.0 0.5311077389984825
36 40 44 0.0 0.0 0.0 0.0 1.0 0.0 0.0 0.6996501749125437
36 41 35 0.0 0.0 0.0 0.0 1.0 0.0 0.0 0.6996501749125437
36 41 36 0.0 0.0 0.0 0.0 7.0 0.0 0.0 0.6975585450921773
36 41 37 0.0 0.0 88.0 0.0 2039.0 13.0 23.0 0.34030140982012635
36 41 38 0.0 0.0 527.0 0.0 9531.0 26.0 2007.0 0.11619221512158684
36 41 39 0.0 0.0 24.0 0.0 824.0 8.0 6.0 0.49295774647887314
36 41 40 0.0 0.0 360.0 0.0 7312.0 19.0 789.0 0.14494254063567655
36 41 41 0.0 0.0 153.0 0.0 3426.0 23.0 111.0 0.2519344970307719
36 41 42 0.0 0.0 138.0 0.0 3240.0 16.0 95.0 0.2609992542878449
36 41 43 0.0 0.0 5.0 0.0 102.0 3.0 0.0 0.6653992395437262
36 41 44 0.0 0.0 0.0 0.0 4.0 0.0 0.0 0.6989515726410384
36 42 35 0.0 0.0 0.0 0.0 1.0 0.0 0.0 0.6996501749125437
36 42 36 0.0 0.0 0.0 0.0 5.0 0.0 0.0 0.6982543640897755
36 42 37 0.0 0.0 0.0 0.0 38.0 0.0 0.0 0.6869479882237487
36 42 38 0.0 0.0 167.0 0.0 3780.0 19.0 144.0 0.23612750885478156
36 42 39 0.0 0.0 26.0 0.0 719.0 7.0 3.0 0.5118829981718463
36 42 40 0.0 0.0 130.0 0.0 3597.0 14.0 133.0 0.24514095604972855
36 42 41 0.0 0.0 92.0 0.0 2108.0 10.0 20.0 0.33404915294679066
36 42 42 0.0 0.0 81.0 0.0 1756.0 11.0 7.0 0.3659174072138002
36 42 43 0.0 0.0 135.0 0.0 3608.0 17.0 142.0 0.24437074533077324
36 43 36 0.0 0.0 2.0 0.0 5.0 1.0 0.0 0.6979062811565303
36 43 37 0.0 0.0 0.0 0.0 14.0 0.0 0.0 0.6951340615690167
36 43 38 0.0 0.0 40.0 0.0 621.0 6.0 1.0 0.527306967984934
36 43 39 0.0 0.0 37.0 0.0 957.0 10.0 8.0 0.4691689008042895
36 43 40 0.0 0.0 77.0 0.0 1655.0 12.0 7.0 0.3763440860215053
36 43 41 0.0 0.0 34.0 0.0 577.0 7.0 2.0 0.5376344086021504
36 43 42 0.0 0.0 24.0 0.0 511.0 3.0 1.0 0.5529225908372827
36 43 43 0.0 0.0 4.0 0.0 68.0 2.0 0.0 0.6763285024154588
36 43 44 0.0 0.0 0.0 0.0 2.0 0.0 0.0 0.6993006993006992
36 44 37 0.0 0.0 0.0 0.0 7.0 0.0 0.0 0.6975585450921773
36 44 38 0.0 0.0 3.0 0.0 51.0 2.0 0.0 0.6822612085769979
36 44 39 0.0 0.0 73.0 0.0 1759.0 13.0 21.0 0.36658811207122277
36 44 40 0.0 0.0 1.0 0.0 46.0 0.0 0.0 0.6839276990718123
36 44 41 0.0 0.0 83.0 0.0 1881.0 14.0 19.0 0.3544303797468354
36 44 42 0.0 0.0 47.0 0.0 1056.0 9.0 8.0 0.4523424878836833
36 44 43 0.0 0.0 0.0 0.0 3.0 0.0 0.0 0.6989515726410384
36 44 44 0.0 0.0 0.0 0.0 1.0 0.0 0.0 0.0
36 45 38 0.0 0.0 0.0 0.0 1.0 0.0 0.0 0.6996501749125437
36 45 39 0.0 0.0 0.0 0.0 3.0 0.0 0.0 0.6989515726410384
36 45 40 0.0 0.0 0.0 0.0 5.0 0.0 0.0 0.6982543640897755
36 45 41 0.0 0.0 0.0 0.0 5.0 0.0 0.0 0.6982543640897755
37 35 38 0.0 0.0 0.0 0.0 2.0 0.0 0.0 0.6993006993006992
37 35 39 0.0 0.0 0.0 0.0 1.0 0.0 0.0 0.6996501749125437
37 35 40 0.0 0.0 0.0 0.0 1.0 0.0 0.0 0.6996501749125437
37 35 41 0.0 0.0 0.0 0.0 4.0 0.0 0.0 0.6986027944111775
37 35 42 0.0 0.0 0.0 0.0 7.0 0.0 0.0 0.6975585450921773
37 35 43 0.0 0.0 0.0 0.0 1.0 0.0 0.0 0.6996501749125437
37 35 44 0.0 0.0 0.0 0.0 3.0 0.0 0.0 0.6989515726410384
37 36 36 0.0 0.0 0.0 0.0 9.0 0.0 0.0 0.6968641114982577
37 36 37 0.0 0.0 0.0 0.0 13.0 0.0 0.0 0.695479384003974
37 36 38 0.0 0.0 1.0 0.0 62.0 1.0 0.0 0.6789524733268669
37 36 39 0.0 0.0 5.0 0.0 151.0 1.0 0.0 0.6496519721577725
37 36 40 0.0 0.0 23.0 0.0 767.0 4.0 1.0 0.5026929982046677
37 36 41 0.0 0.0 16.0 0.0 647.0 4.0 3.0 0.5265137269650243
37 36 42 0.0 0.0 5.0 0.0 257.0 5.0 0.0 0.620292423571112
37 36 43 0.0 0.0 135.0 0.0 3133.0 16.0 80.0 0.26651437273938694
37 36 44 0.0 0.0 1.0 0.0 26.0 0.0 0.0 0.6906758756783422
37 37 35 0.0 0.0 0.0 0.0 3.0 0.0 0.0 0.6989515726410384
37 37 36 0.0 0.0 0.0 0.0 5.0 0.0 0.0 0.6982543640897755
37 37 37 0.0 0.0 7.0 0.0 141.0 1.0 0.0 0.6523765144454798
37 37 38 0.0 0.0 22.0 0.0 752.0 7.0 2.0 0.5059631369714491
37 37 39 0.0 0.0 417.0 0.0 8341.0 19.0 1392.0 0.13024467392315564
37 37 40 0.0 0.0 737.0 0.0 11649.0 37.0 5332.0 0.09747267283993594
37 37 41 0.0 0.0 363.0 0.0 7515.0 32.0 871.0 0.14204545454545453
37 37 42 0.0 0.0 109.0 0.0 2435.0 19.0 36.0 0.3093922651933701
37 37 43 0.0 0.0 83.0 0.0 2140.0 12.0 35.0 0.3324625979577297
37 37 44 0.0 0.0 0.0 0.0 13.0 0.0 0.0 0.695479384003974
37 37 46 0.0 0.0 0.0 0.0 2.0 0.0 0.0 0.6993006993006992
37 38 35 0.0 0.0 0.0 0.0 2.0 0.0 0.0 0.6993006993006992
37 38 36 0.0 0.0 0.0 0.0 22.0 0.0 0.0 0.6923837784371908
37 38 37 0.0 0.0 7.0 0.0 431.0 2.0 3.0 0.5747126436781609
37 38 38 0.0 0.0 330.0 0.0 7650.0 22.0 1225.0 0.14054813773717498
37 38 39 0.0 0.0 319.0 0.0 6938.0 18.0 738.0 0.15143320713899402
37 38 40 0.0 0.0 240.0 0.0 5358.0 23.0 359.0 0.18481848184818478
37 38 41 0.0 0.0 496.0 0.0 9573.0 30.0 2473.0 0.11615365469177796
37 38 42 0.0 0.0 101.0 0.0 2714.0 17.0 52.0 0.2918490723368772
37 38 43 0.0 0.0 228.0 0.0 4444.0 25.0 163.0 0.2104946624567734
37 38 44 0.0 0.0 127.0 0.0 2847.0 13.0 69.0 0.2820874471086036
37 38 45 0.0 0.0 1.0 0.0 17.0 1.0 0.0 0.694100148735746
37 39 36 0.0 0.0 1.0 0.0 65.0 0.0 0.0 0.6776379477250725
37 39 37 0.0 0.0 330.0 0.0 6660.0 21.0 616.0 0.15605841043361943
37 39 38 0.0 0.0 519.0 0.0 9540.0 26.0 2242.0 0.11624045167718365
37 39 39 0.0 0.0 696.0 0.0 11613.0 27.0 5048.0 0.0978336827393431
37 39 40 0.0 0.0 587.0 0.0 10518.0 25.0 3210.0 0.10694370177984874
37 39 41 0.0 0.0 522.0 0.0 9605.0 25.0 2419.0 0.11560693641618495
37 39 42 0.0 0.0 157.0 0.0 3828.0 14.0 154.0 0.23446658851113716
37 39 43 0.0 0.0 49.0 0.0 1424.0 13.0 8.0 0.4046242774566473
37 39 44 0.0 0.0 2.0 0.0 133.0 1.0 0.0 0.6560449859418931
37 39 45 0.0 0.0 0.0 0.0 1.0 0.0 0.0 0.6996501749125437
37 40 35 0.0 0.0 0.0 0.0 1.0 0.0 0.0 0.6996501749125437
37 40 36 0.0 0.0 43.0 0.0 932.0 9.0 3.0 0.4720161834120026
37 40 37 0.0 0.0 168.0 0.0 3275.0 9.0 68.0 0.2576370997423628
37 40 38 0.0 0.0 331.0 0.0 7628.0 18.0 1141.0 0.14073180538801766
37 40 39 0.0 0.0 1258.0 0.0 12942.0 28.0 14519.0 0.08637176877043617
37 40 40 0.0 0.0 772.0 0.0 11820.0 31.0 6618.0 0.09600219433587052
37 40 41 0.0 0.0 666.0 0.0 11180.0 22.0 4845.0 0.10118531367447238
37 40 42 0.0 0.0 346.0 0.0 7083.0 24.0 774.0 0.14873047912461487
37 40 43 0.0 0.0 204.0 0.0 4253.0 16.0 190.0 0.2172563625077591
37 40 44 0.0 0.0 0.0 0.0 34.0 0.0 0.0 0.6882989183874139
37 40 45 0.0 0.0 0.0 0.0 1.0 0.0 0.0 0.6996501749125437
37 41 35 0.0 0.0 0.0 0.0 1.0 0.0 0.0 0.6996501749125437
37 41 36 0.0 0.0 152.0 0.0 3437.0 24.0 93.0 0.2514819471887911
37 41 37 0.0 0.0 216.0 0.0 4563.0 17.0 205.0 0.20697811945594316
37 41 38 0.0 0.0 253.0 0.0 6067.0 14.0 575.0 0.16845144988569366
37 41 39 0.0 0.0 686.0 0.0 11251.0 30.0 4778.0 0.10049529825568874
37 41 40 0.0 0.0 688.0 0.0 11088.0 26.0 3599.0 0.10173679238427438
37 41 41 0.0 0.0 508.0 0.0 9747.0 31.0 2695.0 0.11440712592955789
37 41 42 0.0 0.0 183.0 0.0 4760.0 23.0 285.0 0.20216606498194942
37 41 43 0.0 0.0 80.0 0.0 2158.0 12.0 32.0 0.3313609467455621
37 41 44 0.0 0.0 0.0 0.0 13.0 0.0 0.0 0.695479384003974
37 42 35 0.0 0.0 11.0 0.0 121.0 3.0 0.0 0.6575857209957726
37 42 36 0.0 0.0 0.0 0.0 24.0 0.0 0.0 0.6916996047430829
37 42 37 0.0 0.0 88.0 0.0 1958.0 12.0 20.0 0.34696406443618333
37 42 38 0.0 0.0 128.0 0.0 3801.0 10.0 196.0 0.23644654619152164
37 42 39 0.0 0.0 627.0 0.0 10870.0 20.0 4086.0 0.10381905821282905
37 42 40 0.0 0.0 959.0 0.0 12504.0 34.0 9230.0 0.09055627425614488
37 42 41 0.0 0.0 499.0 0.0 9817.0 24.0 2825.0 0.11369173298684422
37 42 42 0.0 0.0 630.0 0.0 10740.0 28.0 3417.0 0.10481395522946768
37 42 43 0.0 0.0 46.0 0.0 1327.0 13.0 11.0 0.4167907115212861
37 42 44 0.0 0.0 2.0 0.0 24.0 0.0 0.0 0.6910167818361302
37 42 45 0.0 0.0 0.0 0.0 1.0 0.0 0.0 0.6996501749125437
37 43 35 0.0 0.0 0.0 0.0 5.0 0.0 0.0 0.6982543640897755
37 43 36 0.0 0.0 2.0 0.0 14.0 0.0 0.0 0.6944444444444444
37 43 37 0.0 0.0 74.0 0.0 1494.0 12.0 8.0 0.3937007874015747
37 43 38 0.0 0.0 381.0 0.0 8325.0 23.0 1481.0 0.1309757694826457
37 43 39 0.0 0.0 514.0 0.0 9873.0 20.0 2908.0 0.11311303223721417
37 43 40 0.0 0.0 473.0 0.0 9366.0 26.0 2215.0 0.11837321383275554
37 43 41 0.0 0.0 299.0 0.0 7047.0 26.0 927.0 0.15016625549715754
37 43 42 0.0 0.0 110.0 0.0 2633.0 17.0 44.0 0.29623360135421073
37 43 43 0.0 0.0 121.0 0.0 2304.0 23.0 42.0 0.31767642387111406
37 43 44 0.0 0.0 0.0 0.0 2.0 0.0 0.0 0.6993006993006992
37 44 37 0.0 0.0 0.0 0.0 27.0 1.0 0.0 0.6910167818361302
37 44 38 0.0 0.0 6.0 0.0 222.0 3.0 0.0 0.6292134831460673
37 44 39 0.0 0.0 74.0 0.0 1666.0 4.0 23.0 0.37463205780037456
37 44 40 0.0 0.0 56.0 0.0 1544.0 12.0 25.0 0.3901895206243032
37 44 41 0.0 0.0 211.0 0.0 4429.0 25.0 188.0 0.21157624301042768
37 44 42 0.0 0.0 89.0 0.0 1809.0 11.0 22.0 0.3600823045267489
37 44 43 0.0 0.0 0.0 0.0 6.0 0.0 0.0 0.6979062811565303
37 44 44 0.0 0.0 0.0 0.0 3.0 0.0 0.0 0.6989515726410384
37 45 38 0.0 0.0 0.0 0.0 2.0 0.0 0.0 0.6993006993006992
37 45 39 0.0 0.0 0.0 0.0 8.0 0.0 0.0 0.697211155378486
37 45 40 0.0 0.0 0.0 0.0 16.0 0.0 0.0 0.6944444444444444
37 45 41 0.0 0.0 2.0 0.0 29.0 1.0 0.0 0.689655172413793
37 45 42 0.0 0.0 0.0 0.0 9.0 0.0 0.0 0.6968641114982577
37 46 39 0.0 0.0 0.0 0.0 1.0 0.0 0.0 0.6996501749125437
37 46 40 0.0 0.0 0.0 0.0 1.0 0.0 0.0 0.6996501749125437
37 46 42 0.0 0.0 1.0 0.0 26.0 0.0 0.0 0.6906758756783422
38 34 40 0.0 0.0 0.0 0.0 1.0 0.0 0.0 0.6996501749125437
38 35 37 0.0 0.0 0.0 0.0 1.0 0.0 0.0 0.6996501749125437
38 35 38 0.0 0.0 0.0 0.0 7.0 0.0 0.0 0.6975585450921773
38 35 39 0.0 0.0 0.0 0.0 18.0 0.0 0.0 0.6937561942517343
38 35 40 0.0 0.0 2.0 0.0 64.0 0.0 0.0 0.6779661016949151
38 35 41 0.0 0.0 1.0 0.0 42.0 0.0 0.0 0.6852667645619186
38 35 42 0.0 0.0 0.0 0.0 16.0 0.0 0.0 0.6944444444444444
38 35 43 0.0 0.0 0.0 0.0 2.0 0.0 0.0 0.6996501749125437
38 35 44 0.0 0.0 0.0 0.0 2.0 0.0 0.0 0.6993006993006992
38 36 36 0.0 0.0 0.0 0.0 32.0 1.0 0.0 0.689655172413793
38 36 37 0.0 0.0 133.0 0.0 2508.0 11.0 31.0 0.30231051608723813
38 36 38 0.0 0.0 41.0 0.0 1177.0 7.0 14.0 0.4357298474945533
38 36 39 0.0 0.0 50.0 0.0 1190.0 11.0 7.0 0.4334365325077399
38 36 40 0.0 0.0 197.0 0.0 4576.0 19.0 230.0 0.20725388601036268
38 36 41 0.0 0.0 134.0 0.0 3679.0 18.0 138.0 0.2415042263239606
38 36 42 0.0 0.0 27.0 0.0 816.0 8.0 7.0 0.4938271604938271
38 36 43 0.0 0.0 49.0 0.0 935.0 9.0 8.0 0.47058823529411764
38 36 44 0.0 0.0 1.0 0.0 32.0 1.0 0.0 0.6889763779527558
38 37 35 0.0 0.0 0.0 0.0 8.0 0.0 0.0 0.697211155378486
38 37 36 0.0 0.0 140.0 0.0 3332.0 18.0 89.0 0.25669233590025664
38 37 37 0.0 0.0 26.0 0.0 950.0 4.0 5.0 0.4713804713804713
38 37 38 0.0 0.0 457.0 0.0 8727.0 22.0 1535.0 0.12534694242994
38 37 39 0.0 0.0 289.0 0.0 6557.0 15.0 642.0 0.15846066779852858
38 37 40 0.0 0.0 693.0 0.0 11392.0 21.0 4988.0 0.0994388806023155
38 37 41 0.0 0.0 435.0 0.0 8652.0 21.0 1702.0 0.12639942217407002
38 37 42 0.0 0.0 655.0 0.0 10973.0 18.0 4327.0 0.10270706477881299
38 37 43 0.0 0.0 440.0 0.0 8831.0 14.0 1830.0 0.12425667879648529
38 37 44 0.0 0.0 76.0 0.0 1540.0 12.0 17.0 0.38845726970033284
38 37 45 0.0 0.0 0.0 0.0 38.0 0.0 0.0 0.6869479882237487
38 37 46 0.0 0.0 0.0 0.0 1.0 0.0 0.0 0.6996501749125437
38 38 35 0.0 0.0 1.0 0.0 57.0 0.0 0.0 0.6802721088435373
38 38 36 0.0 0.0 110.0 0.0 2305.0 17.0 43.0 0.3183265120509322
38 38 37 0.0 0.0 167.0 0.0 4372.0 18.0 225.0 0.21462517246665638
38 38 38 0.0 0.0 824.0 0.0 11958.0 29.0 8143.0 0.09474182851729038
38 38 39 0.0 0.0 994.0 0.0 12596.0 32.0 10258.0 0.0898472596585804
38 38 40 0.0 0.0 1433.0 0.0 12837.0 34.0 18805.0 0.08602679120068821
38 38 41 0.0 0.0 1293.0 0.0 13032.0 40.0 15185.0 0.08582638548307993
38 38 42 0.0 0.0 880.0 0.0 12333.0 25.0 6194.0 0.09201445941505092
38 38 43 0.0 0.0 220.0 0.0 4368.0 13.0 183.0 0.21299254526091585
38 38 44 0.0 0.0 17.0 0.0 469.0 8.0 1.0 0.5651998385143318
38 38 45 0.0 0.0 102.0 0.0 1798.0 10.0 11.0 0.3598971722365038
38 39 35 0.0 0.0 13.0 0.0 160.0 6.0 0.0 0.646054453161052
38 39 36 0.0 0.0 36.0 0.0 1045.0 12.0 4.0 0.4563233376792698
38 39 37 0.0 0.0 399.0 0.0 8337.0 18.0 1359.0 0.13057265435553067
38 39 38 0.0 0.0 1274.0 0.0 12913.0 41.0 15772.0 0.08652657601977749
38 39 39 0.0 0.0 1739.0 0.0 12201.0 45.0 26824.0 0.08782385044852893
38 39 40 0.0 0.0 1846.0 0.0 12733.0 52.0 25482.0 0.08441871683550409
38 39 41 0.0 0.0 1594.0 0.0 12854.0 51.0 22159.0 0.08518405841192576
38 39 42 0.0 0.0 851.0 0.0 11910.0 23.0 6873.0 0.09487666034155597
38 39 43 0.0 0.0 666.0 0.0 11104.0 24.0 4216.0 0.10171461784365009
38 39 44 0.0 0.0 98.0 0.0 1987.0 14.0 24.0 0.34381139489194495
38 39 45 0.0 0.0 15.0 0.0 188.0 2.0 0.0 0.6360745115856428
38 40 35 0.0 0.0 0.0 0.0 11.0 0.0 0.0 0.6961710591745399
38 40 36 0.0 0.0 33.0 0.0 686.0 8.0 0.0 0.5166051660516604
38 40 37 0.0 0.0 504.0 0.0 9339.0 27.0 1766.0 0.11842327863305699
38 40 38 0.0 0.0 1260.0 0.0 12893.0 47.0 15490.0 0.08667120658701169
38 40 39 0.0 0.0 2233.0 0.0 11743.0 55.0 37348.0 0.08763693270735524
38 40 40 0.0 1.0 2071.0 0.0 12372.0 64.0 31018.0 0.0852255433128386
38 40 41 0.0 0.0 1254.0 0.0 12965.0 45.0 14877.0 0.08640908529811134
38 40 42 0.0 0.0 1147.0 0.0 12798.0 35.0 13060.0 0.08781283321834032
38 40 43 0.0 0.0 411.0 0.0 8626.0 18.0 1598.0 0.12697261019408668
38 40 44 0.0 0.0 0.0 0.0 118.0 0.0 1.0 0.6610009442870631
38 40 45 0.0 0.0 6.0 0.0 227.0 3.0 0.0 0.6278026905829596
38 41 35 0.0 0.0 0.0 0.0 5.0 0.0 0.0 0.6982543640897755
38 41 36 0.0 0.0 8.0 0.0 247.0 0.0 0.0 0.6208425720620842
38 41 37 0.0 0.0 369.0 0.0 7574.0 18.0 1010.0 0.14102951546287898
38 41 38 0.0 0.0 973.0 0.0 12546.0 28.0 9168.0 0.09022362570084422
38 41 39 0.0 0.0 1855.0 0.0 12367.0 38.0 28234.0 0.08623875816188246
38 41 40 0.0 0.0 2075.0 0.0 12255.0 48.0 30996.0 0.0856269113149847
38 41 41 0.0 0.0 1364.0 0.0 13047.0 38.0 16991.0 0.0852255433128386
38 41 42 0.0 0.0 817.0 0.0 11993.0 37.0 5548.0 0.09462656302805
38 41 43 0.0 0.0 169.0 0.0 3825.0 16.0 144.0 0.2341528683726375
38 41 44 0.0 0.0 139.0 0.0 3250.0 12.0 75.0 0.26027142591559765
38 41 45 0.0 0.0 0.0 0.0 5.0 0.0 0.0 0.6982543640897755
38 42 35 0.0 0.0 0.0 0.0 9.0 0.0 0.0 0.6968641114982577
38 42 36 0.0 0.0 144.0 0.0 3571.0 17.0 134.0 0.24561403508771926
38 42 37 0.0 0.0 330.0 0.0 6858.0 23.0 750.0 0.15267175572519082
38 42 38 0.0 0.0 854.0 0.0 12242.0 27.0 7570.0 0.0928012727031685
38 42 39 0.0 0.0 1384.0 0.0 12552.0 41.0 20102.0 0.08781283321834032
38 42 40 0.0 0.0 1322.0 0.0 12706.0 32.0 17093.0 0.08734169318110924
38 42 41 0.0 0.0 1516.0 0.0 12455.0 44.0 22306.0 0.08764241893076248
38 42 42 0.0 0.0 684.0 0.0 11046.0 25.0 4043.0 0.1020705745115194
38 42 43 0.0 0.0 53.0 0.0 1202.0 18.0 8.0 0.43223217042296996
38 42 44 0.0 0.0 12.0 0.0 192.0 2.0 0.0 0.6360745115856428
38 42 45 0.0 0.0 0.0 0.0 1.0 0.0 0.0 0.6996501749125437
38 43 34 0.0 0.0 0.0 0.0 2.0 0.0 0.0 0.6993006993006992
38 43 35 0.0 0.0 0.0 0.0 4.0 0.0 0.0 0.6986027944111775
38 43 36 0.0 0.0 12.0 0.0 355.0 3.0 2.0 0.5922165820642977
38 43 37 0.0 0.0 186.0 0.0 4502.0 15.0 205.0 0.2098006893451221
38 43 38 0.0 0.0 455.0 0.0 9274.0 25.0 1978.0 0.11951511012463717
38 43 39 0.0 0.0 492.0 0.0 9457.0 28.0 1997.0 0.11739057521381853
38 43 40 0.0 0.0 713.0 0.0 11583.0 36.0 5698.0 0.09803921568627451
38 43 41 0.0 0.0 607.0 0.0 10744.0 23.0 3875.0 0.10491606714628296
38 43 42 0.0 0.0 427.0 0.0 8343.0 22.0 1253.0 0.13022044460980373
38 43 43 0.0 0.0 42.0 0.0 1103.0 4.0 12.0 0.44571792422795276
38 43 44 0.0 0.0 0.0 0.0 7.0 0.0 0.0 0.6975585450921773
38 44 34 0.0 0.0 0.0 0.0 1.0 0.0 0.0 0.6996501749125437
38 44 35 0.0 0.0 0.0 0.0 1.0 0.0 0.0 0.6996501749125437
38 44 36 0.0 0.0 0.0 0.0 3.0 0.0 0.0 0.6989515726410384
38 44 37 0.0 0.0 0.0 0.0 48.0 0.0 0.0 0.6835937499999999
38 44 38 0.0 0.0 59.0 0.0 1527.0 8.0 12.0 0.3913894324853228
38 44 39 0.0 0.0 165.0 0.0 3797.0 9.0 111.0 0.23513604299630497
38 44 40 0.0 0.0 247.0 0.0 5759.0 20.0 451.0 0.17517517517517514
38 44 41 0.0 0.0 378.0 0.0 7467.0 15.0 895.0 0.14242115971515765
38 44 42 0.0 0.0 18.0 0.0 501.0 7.0 1.0 0.5575467941059339
38 44 43 0.0 0.0 6.0 0.0 185.0 2.0 0.0 0.639561443581544
38 45 38 0.0 0.0 0.0 0.0 9.0 0.0 0.0 0.6968641114982577
38 45 39 0.0 0.0 26.0 0.0 502.0 8.0 1.0 0.5555555555555555
38 45 40 0.0 0.0 140.0 0.0 2706.0 11.0 49.0 0.2895553257497414
38 45 41 0.0 0.0 200.0 0.0 4463.0 20.0 175.0 0.21074815595363536
38 45 42 0.0 0.0 11.0 0.0 132.0 2.0 1.0 0.6539000467071461
38 45 43 0.0 0.0 0.0 0.0 13.0 0.0 0.0 0.695479384003974
38 46 39 0.0 0.0 0.0 0.0 3.0 0.0 0.0 0.6989515726410384
38 46 40 0.0 0.0 1.0 0.0 11.0 0.0 0.0 0.6958250497017892
38 46 41 0.0 0.0 0.0 0.0 4.0 0.0 0.0 0.6986027944111775
38 46 42 0.0 0.0 0.0 0.0 4.0 0.0 0.0 0.6986027944111775
39 35 37 0.0 0.0 0.0 0.0 16.0 0.0 0.0 0.6944444444444444
39 35 38 0.0 0.0 0.0 0.0 16.0 0.0 0.0 0.6944444444444444
39 35 39 0.0 0.0 46.0 0.0 890.0 9.0 2.0 0.4783054321831226
39 35 40 0.0 0.0 3.0 0.0 69.0 0.0 0.0 0.6756756756756755
39 35 41 0.0 0.0 80.0 0.0 1466.0 10.0 6.0 0.3959276018099547
39 35 42 0.0 0.0 37.0 0.0 844.0 6.0 1.0 0.48695652173913034
39 35 43 0.0 0.0 4.0 0.0 94.0 2.0 0.0 0.6682577565632457
39 35 44 0.0 0.0 0.0 0.0 1.0 0.0 0.0 0.6996501749125437
39 36 35 0.0 0.0 0.0 0.0 4.0 0.0 0.0 0.6986027944111775
39 36 36 0.0 0.0 35.0 0.0 1269.0 8.0 9.0 0.42475728155339804
39 36 37 0.0 0.0 111.0 0.0 2041.0 21.0 18.0 0.33881897386253623
39 36 38 0.0 0.0 314.0 0.0 6017.0 10.0 466.0 0.16812777711060403
39 36 39 0.0 0.0 37.0 0.0 989.0 5.0 7.0 0.46388336646785944
39 36 40 0.0 0.0 217.0 0.0 4763.0 18.0 252.0 0.20106276030446643
39 36 41 0.0 0.0 396.0 0.0 7968.0 25.0 1295.0 0.13533107781536974
39 36 42 0.0 0.0 172.0 0.0 4338.0 15.0 160.0 0.21541775657793502
39 36 43 0.0 0.0 51.0 0.0 1209.0 10.0 9.0 0.43090181594336713
39 36 44 0.0 0.0 0.0 0.0 33.0 0.0 0.0 0.6886374815543531
39 36 45 0.0 0.0 0.0 0.0 5.0 0.0 0.0 0.6982543640897755
39 37 35 0.0 0.0 0.0 0.0 9.0 0.0 0.0 0.6968641114982577
39 37 36 0.0 0.0 33.0 0.0 1075.0 5.0 10.0 0.45117628101836926
39 37 37 0.0 0.0 696.0 0.0 11237.0 36.0 4047.0 0.10066148979004888
39 37 38 0.0 0.0 521.0 0.0 9982.0 28.0 2849.0 0.11207172590457891
39 37 39 0.0 0.0 587.0 0.0 9782.0 26.0 2073.0 0.11333279365336353
39 37 40 0.0 0.0 902.0 0.0 12378.0 31.0 8087.0 0.09167103195390255
39 37 41 0.0 0.0 1255.0 0.0 13079.0 42.0 15785.0 0.0857632933104631
39 37 42 0.0 0.0 995.0 0.0 12735.0 41.0 9282.0 0.08905285923287322
39 37 43 0.0 0.0 323.0 0.0 6643.0 17.0 720.0 0.15635470180924727
39 37 44 0.0 0.0 10.0 0.0 359.0 4.0 2.0 0.5919661733615221
39 37 45 0.0 0.0 0.0 0.0 13.0 0.0 0.0 0.695479384003974
39 38 35 0.0 0.0 10.0 0.0 238.0 2.0 0.0 0.6233303650934995
39 38 36 0.0 0.0 199.0 0.0 4585.0 23.0 230.0 0.20697811945594316
39 38 37 0.0 0.0 854.0 0.0 12022.0 33.0 9355.0 0.09422533315385649
39 38 38 0.0 0.0 1031.0 0.0 12856.0 32.0 9684.0 0.08820564516129031
39 38 39 0.0 0.0 1391.0 0.0 12949.0 28.0 17244.0 0.08559550012227927
39 38 40 0.0 0.0 2219.0 0.0 11919.0 50.0 36248.0 0.08667120658701169
39 38 41 0.0 0.0 1957.0 0.0 12412.0 47.0 29678.0 0.0855170728727628
39 38 42 0.0 0.0 948.0 0.0 12420.0 26.0 9383.0 0.09108060633660789
39 38 43 0.0 0.0 338.0 0.0 7441.0 28.0 847.0 0.14345732144686954
39 38 44 0.0 0.0 546.0 0.0 9959.0 23.0 2613.0 0.11205378581719223
39 38 45 0.0 0.0 2.0 0.0 37.0 0.0 0.0 0.6866110838646394
39 39 34 0.0 0.0 0.0 0.0 1.0 0.0 0.0 0.6996501749125437
39 39 35 0.0 0.0 0.0 0.0 58.0 0.0 0.0 0.6802721088435373
39 39 36 0.0 0.0 446.0 0.0 8311.0 22.0 1374.0 0.13035381750465547
39 39 37 0.0 0.0 959.0 0.0 12619.0 31.0 8377.0 0.0899338343932678
39 39 38 0.0 0.0 1521.0 0.0 13028.0 39.0 19046.0 0.08461259518916958
39 39 39 0.0 0.0 2551.0 1.0 11542.0 57.0 43174.0 0.08703761268262356
39 39 40 0.0 0.0 3238.0 0.0 9392.0 75.0 68439.0 0.09562841530054644
39 39 41 0.0 0.0 2772.0 0.0 10413.0 67.0 53870.0 0.09210526315789473
39 39 42 0.0 0.0 1199.0 0.0 13311.0 42.0 12477.0 0.08483306065563835
39 39 43 0.0 0.0 580.0 0.0 10283.0 34.0 2723.0 0.108991825613079
39 39 44 0.0 0.0 75.0 0.0 1628.0 15.0 16.0 0.37971250339029017
39 39 45 0.0 0.0 0.0 0.0 29.0 0.0 0.0 0.6899950714637751
39 40 35 0.0 0.0 0.0 0.0 49.0 0.0 0.0 0.6832601268911663
39 40 36 0.0 0.0 145.0 0.0 3421.0 18.0 113.0 0.2521613832853026
39 40 37 0.0 0.0 549.0 0.0 10449.0 22.0 3382.0 0.10780840905590636
39 40 38 0.0 0.0 1773.0 0.0 12304.0 49.0 26896.0 0.08705926248367638
39 40 39 2.0 0.0 3268.0 0.0 8668.0 77.0 74029.0 0.10045924225028702
39 40 40 1.0 0.0 3100.0 1.0 10680.0 80.0 56545.0 0.08874801901743264
39 40 41 1.0 0.0 2261.0 1.0 12029.0 47.0 35905.0 0.08586849852796859
39 40 42 0.0 0.0 1430.0 0.0 12992.0 48.0 17606.0 0.08528784648187633
39 40 43 0.0 0.0 316.0 0.0 6778.0 20.0 690.0 0.15421899096717337
39 40 44 0.0 0.0 220.0 0.0 4883.0 17.0 280.0 0.1975169300225733
39 40 45 0.0 0.0 0.0 0.0 3.0 0.0 0.0 0.6989515726410384
39 41 35 0.0 0.0 23.0 0.0 290.0 5.0 0.0 0.6068487212830515
39 41 36 0.0 0.0 170.0 0.0 3664.0 14.0 109.0 0.2405498281786941
39 41 37 0.0 0.0 608.0 0.0 10712.0 27.0 3610.0 0.10519197535502291
39 41 38 0.0 0.0 1486.0 0.0 13036.0 47.0 18238.0 0.08475089291119317
39 41 39 0.0 1.0 2754.0 1.0 11205.0 52.0 46768.0 0.0876753507014028
39 41 40 0.0 0.0 2935.0 0.0 10326.0 66.0 56556.0 0.09172508681124286
39 41 41 0.0 0.0 2553.0 0.0 11030.0 77.0 47130.0 0.08984149393569915
39 41 42 0.0 0.0 1074.0 0.0 12883.0 25.0 10923.0 0.08765888172312315
39 41 43 0.0 0.0 814.0 0.0 12147.0 31.0 6689.0 0.0935891436593355
39 41 44 0.0 0.0 79.0 0.0 1706.0 12.0 17.0 0.3709591944886062
39 41 45 0.0 0.0 0.0 0.0 13.0 0.0 0.0 0.695479384003974
39 42 35 0.0 0.0 12.0 0.0 209.0 4.0 0.0 0.6314839873703202
39 42 36 0.0 0.0 136.0 0.0 3669.0 22.0 147.0 0.24208888120352753
39 42 37 0.0 0.0 582.0 0.0 10127.0 26.0 2606.0 0.11027095148078134
39 42 38 0.0 0.0 1100.0 0.0 12754.0 30.0 11777.0 0.0882556893399735
39 42 39 0.0 0.0 1188.0 0.0 12926.0 36.0 13538.0 0.08685941183769696
39 42 40 0.0 0.0 1715.0 0.0 12714.0 45.0 24291.0 0.08512708257327009
39 42 41 0.0 0.0 1282.0 0.0 13022.0 37.0 14657.0 0.08590011044299914
39 42 42 0.0 0.0 603.0 0.0 10852.0 22.0 4201.0 0.104089219330855
39 42 43 0.0 0.0 185.0 0.0 4022.0 14.0 149.0 0.22602518566354537
39 42 44 0.0 0.0 43.0 0.0 1097.0 8.0 5.0 0.44699872286079173
39 42 45 0.0 0.0 7.0 0.0 49.0 2.0 0.0 0.6819288845591815
39 43 34 0.0 0.0 0.0 0.0 1.0 0.0 0.0 0.6996501749125437
39 43 35 0.0 0.0 161.0 0.0 3562.0 20.0 100.0 0.24544179523141652
39 43 36 0.0 0.0 4.0 0.0 191.0 1.0 0.0 0.6381039197812214
39 43 37 0.0 0.0 206.0 0.0 4793.0 18.0 261.0 0.20054433462254687
39 43 38 0.0 0.0 415.0 0.0 8430.0 17.0 1308.0 0.1291989664082687
39 43 39 0.0 0.0 731.0 0.0 11704.0 33.0 5675.0 0.09709411193564046
39 43 40 0.0 0.0 1128.0 0.0 12699.0 35.0 14227.0 0.08845084660096031
39 43 41 0.0 0.0 496.0 0.0 9527.0 20.0 2265.0 0.11653071416680538
39 43 42 0.0 0.0 702.0 0.0 11469.0 30.0 5285.0 0.09886307464162135
39 43 43 0.0 0.0 46.0 0.0 1088.0 10.0 6.0 0.4481434058898847
39 43 44 0.0 0.0 0.0 0.0 16.0 0.0 0.0 0.6944444444444444
39 43 45 0.0 0.0 0.0 0.0 5.0 0.0 0.0 0.6982543640897755
39 44 34 0.0 0.0 0.0 0.0 2.0 0.0 0.0 0.6993006993006992
39 44 35 0.0 0.0 0.0 0.0 1.0 0.0 0.0 0.6996501749125437
39 44 36 0.0 0.0 0.0 0.0 11.0 0.0 0.0 0.6961710591745399
39 44 37 0.0 0.0 6.0 0.0 115.0 1.0 0.0 0.6603773584905659
39 44 38 0.0 0.0 33.0 0.0 733.0 11.0 2.0 0.5081669691470053
39 44 39 0.0 0.0 494.0 0.0 8924.0 24.0 1737.0 0.12278547623223994
39 44 40 0.0 0.0 489.0 0.0 9099.0 25.0 1653.0 0.1210235131396957
39 44 41 0.0 0.0 633.0 0.0 10785.0 20.0 4187.0 0.10438413361169102
39 44 42 0.0 0.0 355.0 0.0 7543.0 19.0 1128.0 0.14161440420797083
39 44 43 0.0 0.0 38.0 0.0 754.0 10.0 0.0 0.5032350826743349
39 44 44 0.0 0.0 0.0 0.0 2.0 0.0 0.0 0.6993006993006992
39 45 38 0.0 0.0 0.0 0.0 15.0 0.0 0.0 0.694789081885856
39 45 39 0.0 0.0 10.0 0.0 256.0 3.0 0.0 0.618647812638091
39 45 40 0.0 0.0 11.0 0.0 232.0 4.0 0.0 0.6252791424743188
39 45 41 0.0 0.0 37.0 0.0 860.0 12.0 1.0 0.48526863084922
39 45 42 0.0 0.0 59.0 0.0 1541.0 13.0 10.0 0.39029829941455246
39 45 43 0.0 0.0 0.0 0.0 15.0 0.0 0.0 0.694789081885856
39 46 40 0.0 0.0 0.0 0.0 1.0 0.0 0.0 0.6996501749125437
39 46 41 0.0 0.0 0.0 0.0 3.0 0.0 0.0 0.6989515726410384
39 46 42 0.0 0.0 0.0 0.0 2.0 0.0 0.0 0.6993006993006992
40 34 37 0.0 0.0 0.0 0.0 3.0 0.0 0.0 0.6989515726410384
40 34 38 0.0 0.0 0.0 0.0 1.0 0.0 0.0 0.6996501749125437
40 34 39 0.0 0.0 0.0 0.0 5.0 0.0 0.0 0.6982543640897755
40 34 40 0.0 0.0 0.0 0.0 1.0 0.0 0.0 0.6996501749125437
40 34 41 0.0 0.0 0.0 0.0 1.0 0.0 0.0 0.6996501749125437
40 35 36 0.0 0.0 0.0 0.0 1.0 0.0 0.0 0.6996501749125437
40 35 37 0.0 0.0 0.0 0.0 5.0 0.0 0.0 0.6982543640897755
40 35 38 0.0 0.0 3.0 0.0 118.0 1.0 0.0 0.6603773584905659
40 35 39 0.0 0.0 39.0 0.0 801.0 9.0 1.0 0.4945249028611797
40 35 40 0.0 0.0 55.0 0.0 1649.0 9.0 24.0 0.3786854206113064
40 35 41 0.0 0.0 5.0 0.0 166.0 2.0 0.0 0.6454587367450437
40 35 42 0.0 0.0 0.0 0.0 48.0 0.0 0.0 0.6835937499999999
40 35 43 0.0 0.0 0.0 0.0 6.0 0.0 0.0 0.6979062811565303
40 35 44 0.0 0.0 0.0 0.0 3.0 0.0 0.0 0.6989515726410384
40 36 35 0.0 0.0 0.0 0.0 5.0 0.0 0.0 0.6982543640897755
40 36 36 0.0 0.0 2.0 0.0 48.0 1.0 0.0 0.6832601268911663
40 36 37 0.0 0.0 63.0 0.0 1447.0 7.0 8.0 0.39977155910908047
40 36 38 0.0 0.0 260.0 0.0 5894.0 25.0 443.0 0.17215937038858825
40 36 39 0.0 0.0 383.0 0.0 7862.0 16.0 1014.0 0.13681227401544022
40 36 40 0.0 0.0 218.0 0.0 5541.0 17.0 436.0 0.18076178179470626
40 36 41 0.0 0.0 396.0 0.0 8450.0 13.0 1538.0 0.12918704438497736
40 36 42 0.0 0.0 268.0 0.0 5717.0 20.0 401.0 0.17572486506840718
40 36 43 0.0 0.0 183.0 0.0 3794.0 19.0 110.0 0.23493874811209928
40 36 44 0.0 0.0 21.0 0.0 243.0 9.0 0.0 0.6208425720620842
40 36 45 0.0 0.0 0.0 0.0 1.0 0.0 0.0 0.6996501749125437
40 37 35 0.0 0.0 0.0 0.0 1.0 0.0 0.0 0.6996501749125437
40 37 36 0.0 0.0 197.0 0.0 4246.0 21.0 152.0 0.21796668223571533
40 37 37 0.0 0.0 389.0 0.0 7456.0 25.0 869.0 0.14243564960830193
40 37 38 0.0 0.0 947.0 0.0 12568.0 32.0 9025.0 0.09028180821564454
40 37 39 0.0 0.0 715.0 0.0 11558.0 25.0 4553.0 0.09817671809256662
40 37 40 0.0 0.0 725.0 0.0 11544.0 22.0 5197.0 0.09814918676388108
40 37 41 0.0 0.0 1111.0 0.0 12561.0 35.0 13710.0 0.08937691521961184
40 37 42 0.0 0.0 767.0 0.0 11786.0 28.0 5394.0 0.09625300790649706
40 37 43 0.0 0.0 518.0 0.0 9421.0 19.0 1911.0 0.11736105289630311
40 37 44 0.0 0.0 248.0 0.0 5614.0 18.0 370.0 0.17845761631612492
40 37 45 0.0 0.0 0.0 0.0 25.0 0.0 0.0 0.6913580246913579
40 38 35 0.0 0.0 3.0 0.0 38.0 0.0 0.0 0.6859382655560998
40 38 36 0.0 0.0 45.0 0.0 1482.0 7.0 13.0 0.39761431411530807
40 38 37 0.0 0.0 395.0 0.0 8181.0 26.0 1355.0 0.13265112753458402
40 38 38 0.0 0.0 1799.0 0.0 11811.0 45.0 30153.0 0.0895942659669781
40 38 39 0.0 0.0 1318.0 0.0 13399.0 38.0 13481.0 0.08376712738586728
40 38 40 0.0 0.0 1890.0 0.0 12733.0 51.0 26924.0 0.08422572494284682
40 38 41 0.0 0.0 1935.0 0.0 12415.0 50.0 29303.0 0.08566358685675823
40 38 42 0.0 0.0 1950.0 0.0 12232.0 55.0 30433.0 0.0866122246968572
40 38 43 0.0 0.0 785.0 0.0 11796.0 25.0 6628.0 0.09610104338275671
40 38 44 0.0 0.0 55.0 0.0 1547.0 11.0 15.0 0.39008080245193644
40 38 45 0.0 0.0 8.0 0.0 164.0 3.0 0.0 0.6457564575645756
40 39 35 0.0 0.0 5.0 0.0 217.0 2.0 0.0 0.6306306306306305
40 39 36 0.0 0.0 381.0 0.0 8020.0 22.0 1173.0 0.1347708894878706
40 39 37 0.0 0.0 775.0 0.0 11610.0 34.0 5453.0 0.09741163373225716
40 39 38 0.0 0.0 1537.0 0.0 12985.0 41.0 19015.0 0.08475602373168664
40 39 39 0.0 0.0 2797.0 0.0 10363.0 59.0 54588.0 0.09225700164744645
40 39 40 0.0 0.0 3365.0 1.0 10278.0 67.0 62009.0 0.0894683026584867
40 39 41 1.0 0.0 3360.0 0.0 9706.0 73.0 65915.0 0.09301089556205154
40 39 42 0.0 0.0 1907.0 0.0 12545.0 45.0 27648.0 0.08500819721901753
40 39 43 0.0 0.0 906.0 0.0 12404.0 24.0 8075.0 0.09141961603761263
40 39 44 0.0 0.0 48.0 0.0 1795.0 9.0 24.0 0.36515388628064677
40 39 45 0.0 0.0 2.0 0.0 124.0 1.0 0.0 0.6588235294117646
40 40 34 0.0 0.0 0.0 0.0 1.0 0.0 0.0 0.6996501749125437
40 40 35 0.0 0.0 91.0 0.0 1660.0 15.0 9.0 0.3748326639892904
40 40 36 0.0 0.0 565.0 0.0 10019.0 22.0 2711.0 0.11134086209638935
40 40 37 0.0 0.0 1120.0 0.0 12406.0 51.0 14470.0 0.09024107257960551
40 40 38 0.0 0.0 1651.0 0.0 12906.0 43.0 22158.0 0.0845359579735523
40 40 39 1.0 0.0 2731.0 0.0 11341.0 79.0 45653.0 0.08716224629560453
40 40 40 7.0 14.0 3527.0 16.0 5556.0 62.0 113604.0 0.12560559842095817
40 40 41 0.0 0.0 2698.0 1.0 11830.0 59.0 42488.0 0.08466888418506198
40 40 42 0.0 0.0 1585.0 0.0 13348.0 52.0 18969.0 0.082703213610586
40 40 43 0.0 0.0 624.0 0.0 10408.0 19.0 3314.0 0.107469102632993
40 40 44 0.0 0.0 94.0 0.0 2173.0 12.0 49.0 0.32894736842105254
40 40 45 0.0 0.0 2.0 0.0 56.0 0.0 0.0 0.6802721088435373
40 41 35 0.0 0.0 11.0 0.0 334.0 4.0 0.0 0.5982905982905982
40 41 36 0.0 0.0 310.0 0.0 6674.0 29.0 710.0 0.15624999999999997
40 41 37 0.0 0.0 1050.0 0.0 12739.0 37.0 11179.0 0.08870303491098015
40 41 38 0.0 0.0 1955.0 0.0 12497.0 45.0 29392.0 0.08502884907379288
40 41 39 0.0 0.0 2599.0 0.0 11790.0 68.0 41519.0 0.08555888284544398
40 41 40 0.0 6.0 2928.0 15.0 11071.0 66.0 50557.0 0.08734714250062389
40 41 41 0.0 0.0 2687.0 1.0 10614.0 64.0 51824.0 0.09149728775897
40 41 42 0.0 0.0 1245.0 0.0 13109.0 39.0 13134.0 0.08562167451532016
40 41 43 0.0 0.0 778.0 0.0 11711.0 33.0 6636.0 0.0966984390109131
40 41 44 0.0 0.0 10.0 0.0 649.0 5.0 3.0 0.5275056518462696
40 41 45 0.0 0.0 0.0 0.0 18.0 0.0 0.0 0.6937561942517343
40 42 35 0.0 0.0 4.0 0.0 89.0 0.0 0.0 0.668896321070234
40 42 36 0.0 0.0 702.0 0.0 11037.0 30.0 3706.0 0.10201107548819585
40 42 37 0.0 0.0 577.0 0.0 10534.0 17.0 3657.0 0.10678056593699946
40 42 38 0.0 0.0 1006.0 0.0 12680.0 34.0 9694.0 0.08926294312675337
40 42 39 0.0 0.0 2007.0 0.0 11629.0 69.0 34307.0 0.08963441961713296
40 42 40 0.0 0.0 1390.0 1.0 13282.0 42.0 15444.0 0.08402352658744447
40 42 41 0.0 0.0 1847.0 0.0 12383.0 49.0 27748.0 0.08623344625808438
40 42 42 0.0 0.0 787.0 0.0 11843.0 31.0 5369.0 0.09577888759663404
40 42 43 0.0 0.0 327.0 0.0 7039.0 20.0 830.0 0.14966859097712207
40 42 44 0.0 0.0 264.0 0.0 6456.0 18.0 701.0 0.1607532437708118
40 42 45 0.0 0.0 3.0 0.0 29.0 2.0 0.0 0.689655172413793
40 43 34 0.0 0.0 0.0 0.0 1.0 0.0 0.0 0.6996501749125437
40 43 35 0.0 0.0 2.0 0.0 89.0 1.0 0.0 0.6698564593301434
40 43 36 0.0 0.0 76.0 0.0 1938.0 13.0 28.0 0.3499125218695326
40 43 37 0.0 0.0 299.0 0.0 6517.0 19.0 664.0 0.1590005678591709
40 43 38 0.0 0.0 230.0 0.0 5515.0 22.0 434.0 0.18125323666494042
40 43 39 0.0 0.0 816.0 0.0 12110.0 20.0 6338.0 0.0938149165717349
40 43 40 0.0 0.0 1019.0 0.0 12530.0 29.0 11438.0 0.08998585936495693
40 43 41 0.0 0.0 754.0 0.0 11487.0 38.0 4670.0 0.09838369641602247
40 43 42 0.0 0.0 407.0 0.0 8354.0 21.0 1415.0 0.13030528667163066
40 43 43 0.0 0.0 212.0 0.0 4295.0 19.0 184.0 0.21565003080714723
40 43 44 0.0 0.0 0.0 0.0 25.0 0.0 0.0 0.6913580246913579
40 43 45 0.0 0.0 15.0 0.0 369.0 6.0 0.0 0.5887300252312867
40 44 34 0.0 0.0 0.0 0.0 5.0 0.0 0.0 0.6982543640897755
40 44 35 0.0 0.0 0.0 0.0 3.0 0.0 0.0 0.6989515726410384
40 44 36 0.0 0.0 0.0 0.0 30.0 0.0 0.0 0.689655172413793
40 44 37 0.0 0.0 0.0 0.0 44.0 0.0 0.0 0.684931506849315
40 44 38 0.0 0.0 44.0 0.0 1146.0 8.0 3.0 0.43997485857950963
40 44 39 0.0 0.0 365.0 0.0 8038.0 20.0 1238.0 0.13478386444594204
40 44 40 0.0 0.0 339.0 0.0 7369.0 20.0 974.0 0.144419228388694
40 44 41 0.0 0.0 107.0 0.0 2495.0 18.0 37.0 0.30541012216404884
40 44 42 0.0 0.0 191.0 0.0 4675.0 17.0 260.0 0.20434972996642822
40 44 43 0.0 0.0 31.0 0.0 782.0 9.0 7.0 0.4992867332382311
40 44 44 0.0 0.0 0.0 0.0 1.0 0.0 0.0 0.6996501749125437
40 45 37 0.0 0.0 0.0 0.0 4.0 0.0 0.0 0.6986027944111775
40 45 38 0.0 0.0 2.0 0.0 42.0 0.0 0.0 0.684931506849315
40 45 39 0.0 0.0 5.0 0.0 97.0 0.0 0.0 0.6660323501427211
40 45 40 0.0 0.0 10.0 0.0 240.0 1.0 1.0 0.6227758007117437
40 45 41 0.0 0.0 2.0 0.0 81.0 1.0 0.0 0.6724303554274734
40 45 42 0.0 0.0 0.0 0.0 36.0 0.0 0.0 0.6876227897838899
40 45 43 0.0 0.0 0.0 0.0 15.0 0.0 0.0 0.694789081885856
40 46 42 0.0 0.0 0.0 0.0 2.0 1.0 0.0 0.6996501749125437
40 46 43 0.0 0.0 0.0 0.0 1.0 0.0 0.0 0.6996501749125437
41 34 37 0.0 0.0 1.0 0.0 4.0 0.0 0.0 0.6982543640897755
41 35 37 0.0 0.0 1.0 0.0 12.0 0.0 0.0 0.695479384003974
41 35 38 0.0 0.0 160.0 0.0 3797.0 18.0 107.0 0.23569023569023564
41 35 39 0.0 0.0 42.0 0.0 1033.0 10.0 5.0 0.4567699836867863
41 35 40 0.0 0.0 34.0 0.0 1141.0 13.0 9.0 0.44275774826059444
41 35 41 0.0 0.0 4.0 0.0 93.0 0.0 0.0 0.6676204101096804
41 35 42 0.0 0.0 2.0 0.0 44.0 0.0 0.0 0.6842619745845552
41 35 43 0.0 0.0 1.0 0.0 16.0 0.0 0.0 0.6944444444444444
41 35 44 0.0 0.0 0.0 0.0 3.0 0.0 0.0 0.6989515726410384
41 36 36 0.0 0.0 1.0 0.0 23.0 0.0 0.0 0.6916996047430829
41 36 37 0.0 0.0 8.0 0.0 213.0 3.0 0.0 0.6311992786293958
41 36 38 0.0 0.0 132.0 0.0 2908.0 22.0 57.0 0.27905122583217057
41 36 39 0.0 0.0 749.0 0.0 11488.0 30.0 5691.0 0.0984113594826374
41 36 40 0.0 0.0 340.0 0.0 7420.0 26.0 932.0 0.14370765756518167
41 36 41 0.0 0.0 204.0 0.0 4242.0 23.0 158.0 0.21803457405388563
41 36 42 0.0 0.0 97.0 0.0 2337.0 15.0 29.0 0.3168137587689522
41 36 43 0.0 0.0 174.0 0.0 4700.0 22.0 275.0 0.2042007001166861
41 36 44 0.0 0.0 8.0 0.0 223.0 1.0 0.0 0.6278026905829596
41 36 45 0.0 0.0 0.0 0.0 4.0 0.0 0.0 0.6986027944111775
41 37 35 0.0 0.0 0.0 0.0 7.0 0.0 0.0 0.6975585450921773
41 37 36 0.0 0.0 19.0 0.0 335.0 4.0 0.0 0.5957446808510637
41 37 37 0.0 0.0 334.0 0.0 6952.0 17.0 757.0 0.15097595168769545
41 37 38 0.0 0.0 304.0 0.0 7334.0 18.0 978.0 0.1455301455301455
41 37 39 1.0 0.0 990.0 0.0 12612.0 35.0 10210.0 0.08978963571062083
41 37 40 0.0 0.0 817.0 0.0 12042.0 33.0 6575.0 0.09425070688030159
41 37 41 0.0 0.0 861.0 0.0 12280.0 34.0 7596.0 0.09253139458030402
41 37 42 0.0 0.0 986.0 0.0 12742.0 30.0 9441.0 0.08907552331869949
41 37 43 0.0 0.0 780.0 0.0 11526.0 23.0 5116.0 0.0978952520802741
41 37 44 0.0 0.0 30.0 0.0 1036.0 8.0 8.0 0.45766590389016015
41 37 45 0.0 0.0 6.0 0.0 107.0 2.0 0.0 0.6631927996210326
41 38 35 0.0 0.0 17.0 0.0 300.0 4.0 0.0 0.6052745352356247
41 38 36 0.0 0.0 43.0 0.0 1302.0 6.0 12.0 0.4191616766467065
41 38 37 0.0 0.0 674.0 0.0 11168.0 23.0 4057.0 0.10118531367447238
41 38 38 0.0 0.0 958.0 0.0 12704.0 24.0 9154.0 0.08930849706557793
41 38 39 0.0 0.0 1592.0 0.0 12911.0 37.0 21828.0 0.08484334282770739
41 38 40 0.0 0.0 2153.0 0.0 12312.0 52.0 32870.0 0.08503401360544216
41 38 41 0.0 0.0 2027.0 0.0 12311.0 48.0 31059.0 0.08566882878472645
41 38 42 0.0 0.0 1972.0 0.0 11729.0 48.0 33571.0 0.08903586873569065
41 38 43 0.0 0.0 886.0 0.0 12367.0 39.0 7734.0 0.09183338799606428
41 38 44 0.0 0.0 321.0 0.0 7323.0 22.0 1078.0 0.14542432741248568
41 38 45 0.0 0.0 8.0 0.0 230.0 8.0 1.0 0.6278026905829596
41 39 35 0.0 0.0 1.0 0.0 91.0 0.0 1.0 0.6692160611854684
41 39 36 0.0 0.0 477.0 0.0 8709.0 21.0 1610.0 0.1252684323550465
41 39 37 0.0 0.0 483.0 0.0 9307.0 20.0 1843.0 0.11892626571525652
41 39 38 0.0 0.0 1425.0 0.0 13043.0 35.0 18393.0 0.0850391787645022
41 39 39 0.0 0.0 2419.0 0.0 11923.0 61.0 39497.0 0.08565834557023982
41 39 40 1.0 0.0 3479.0 0.0 9097.0 76.0 72393.0 0.0960746637386769
41 39 41 0.0 0.0 3433.0 0.0 7680.0 69.0 86815.0 0.10691919963341986
41 39 42 0.0 0.0 2165.0 0.0 12165.0 60.0 33584.0 0.08567931456548346
41 39 43 0.0 0.0 860.0 0.0 12178.0 42.0 7548.0 0.09320905459387482
41 39 44 0.0 0.0 330.0 0.0 7366.0 12.0 943.0 0.1444639356103601
41 39 45 0.0 0.0 0.0 0.0 63.0 0.0 0.0 0.6786233640329616
41 40 35 0.0 0.0 33.0 0.0 803.0 10.0 0.0 0.4953998584571832
41 40 36 0.0 0.0 612.0 0.0 10869.0 27.0 4331.0 0.10400416016640664
41 40 37 0.0 0.0 687.0 0.0 11435.0 28.0 4958.0 0.0991641875619776
41 40 38 0.0 0.0 1732.0 0.0 12661.0 61.0 25559.0 0.08548574219942602
41 40 39 0.0 0.0 3034.0 1.0 9906.0 68.0 60286.0 0.09373953799799128
41 40 40 0.0 0.0 2490.0 2.0 12879.0 53.0 34133.0 0.08053382420616659
41 40 41 0.0 0.0 2919.0 0.0 10548.0 58.0 53981.0 0.09048603929679419
41 40 42 0.0 0.0 2340.0 0.0 11489.0 56.0 41034.0 0.08836710219024174
41 40 43 0.0 0.0 1173.0 0.0 12682.0 42.0 14682.0 0.0883615248674577
41 40 44 0.0 0.0 557.0 0.0 10000.0 14.0 2608.0 0.11153601019757806
41 40 45 0.0 0.0 3.0 0.0 132.0 0.0 1.0 0.6560449859418931
41 41 34 0.0 0.0 0.0 0.0 1.0 0.0 0.0 0.6996501749125437
41 41 35 0.0 0.0 18.0 0.0 493.0 8.0 3.0 0.5593288054334797
41 41 36 0.0 0.0 200.0 0.0 4644.0 11.0 260.0 0.20491803278688522
41 41 37 0.0 0.0 1003.0 0.0 12637.0 36.0 10595.0 0.08951406649616367
41 41 38 0.0 0.0 1373.0 0.0 12708.0 23.0 18013.0 0.08694572102844365
41 41 39 0.0 0.0 2603.0 0.0 11078.0 45.0 46113.0 0.0891208861162391
41 41 40 0.0 0.0 3100.0 1.0 9398.0 62.0 65387.0 0.09633911368015413
41 41 41 0.0 5.0 2113.0 23.0 12848.0 55.0 29659.0 0.08248880509073768
41 41 42 0.0 0.0 1131.0 0.0 12824.0 28.0 11328.0 0.08771929824561402
41 41 43 0.0 0.0 743.0 0.0 11619.0 25.0 5232.0 0.09755417740923976
41 41 44 0.0 0.0 249.0 0.0 5942.0 23.0 484.0 0.17135862913096694
41 41 45 0.0 0.0 7.0 0.0 89.0 2.0 0.0 0.6685768863419292
41 42 35 0.0 0.0 2.0 0.0 75.0 1.0 0.0 0.6750241080038573
41 42 36 0.0 0.0 422.0 0.0 8901.0 20.0 1835.0 0.1237186284906327
41 42 37 0.0 0.0 665.0 0.0 10868.0 32.0 3499.0 0.10355795547007914
41 42 38 0.0 0.0 708.0 0.0 11524.0 34.0 5147.0 0.09845288326300984
41 42 39 0.0 0.0 1064.0 0.0 12885.0 29.0 10029.0 0.08780181875195985
41 42 40 0.0 0.0 1297.0 0.0 12832.0 36.0 15841.0 0.08674101610904583
41 42 41 0.0 0.0 1303.0 1.0 12916.0 38.0 15666.0 0.08629191321499012
41 42 42 0.0 0.0 617.0 0.0 10710.0 24.0 3673.0 0.10516036956358446
41 42 43 0.0 0.0 321.0 0.0 7050.0 16.0 825.0 0.14960461637101943
41 42 44 0.0 0.0 85.0 0.0 1921.0 11.0 14.0 0.35043804755944924
41 42 45 0.0 0.0 7.0 0.0 294.0 3.0 0.0 0.609225413402959
41 43 35 0.0 0.0 17.0 0.0 420.0 3.0 0.0 0.5751848808545603
41 43 36 0.0 0.0 1.0 0.0 126.0 0.0 0.0 0.6585136406396989
41 43 37 0.0 0.0 219.0 0.0 4608.0 25.0 193.0 0.20576131687242794
41 43 38 0.0 0.0 292.0 0.0 6649.0 19.0 698.0 0.15684517140936588
41 43 39 0.0 0.0 733.0 0.0 11644.0 23.0 5705.0 0.09741163373225716
41 43 40 0.0 0.0 464.0 0.0 9087.0 23.0 1885.0 0.121317157712305
41 43 41 0.0 0.0 590.0 0.0 10556.0 29.0 3201.0 0.10661792704287563
41 43 42 0.0 0.0 712.0 0.0 11394.0 26.0 4945.0 0.09931191033553237
41 43 43 0.0 0.0 95.0 0.0 2016.0 12.0 21.0 0.34146341463414626
41 43 44 0.0 0.0 0.0 0.0 19.0 0.0 0.0 0.6937561942517343
41 43 45 0.0 0.0 0.0 0.0 5.0 0.0 0.0 0.6982543640897755
41 44 35 0.0 0.0 3.0 0.0 40.0 1.0 0.0 0.6856023506366307
41 44 36 0.0 0.0 8.0 0.0 265.0 0.0 0.0 0.6159260888693356
41 44 37 0.0 0.0 0.0 0.0 48.0 0.0 0.0 0.6835937499999999
41 44 38 0.0 0.0 358.0 0.0 7293.0 21.0 878.0 0.1452583523552604
41 44 39 0.0 0.0 136.0 0.0 3558.0 17.0 118.0 0.2466525722339675
41 44 40 0.0 0.0 48.0 0.0 1242.0 14.0 11.0 0.4274809160305343
41 44 41 0.0 0.0 314.0 0.0 6527.0 21.0 581.0 0.15869417365676713
41 44 42 0.0 0.0 4.0 0.0 263.0 1.0 0.0 0.6178287731685789
41 44 43 0.0 0.0 2.0 0.0 189.0 1.0 1.0 0.639269406392694
41 44 44 0.0 0.0 0.0 0.0 3.0 0.0 0.0 0.6989515726410384
41 45 37 0.0 0.0 6.0 0.0 168.0 3.0 0.0 0.64486411791801
41 45 38 0.0 0.0 1.0 0.0 26.0 0.0 0.0 0.6906758756783422
41 45 39 0.0 0.0 1.0 0.0 97.0 0.0 0.0 0.6673021925643469
41 45 40 0.0 0.0 12.0 0.0 298.0 1.0 0.0 0.6063230835859679
41 45 41 0.0 0.0 0.0 0.0 14.0 0.0 0.0 0.6951340615690167
41 45 42 0.0 0.0 0.0 0.0 9.0 0.0 0.0 0.6968641114982577
41 45 43 0.0 0.0 0.0 0.0 2.0 0.0 0.0 0.6993006993006992
42 34 37 0.0 0.0 0.0 0.0 2.0 0.0 0.0 0.6993006993006992
42 34 38 0.0 0.0 0.0 0.0 1.0 0.0 0.0 0.6996501749125437
42 34 39 0.0 0.0 0.0 0.0 2.0 0.0 0.0 0.6993006993006992
42 35 38 0.0 0.0 4.0 0.0 162.0 1.0 0.0 0.6466512702078521
42 35 39 0.0 0.0 29.0 0.0 836.0 6.0 1.0 0.48968170689052104
42 35 40 0.0 0.0 0.0 0.0 85.0 1.0 0.0 0.6721075372059528
42 35 41 0.0 0.0 13.0 0.0 350.0 2.0 2.0 0.5932203389830507
42 35 42 0.0 0.0 0.0 0.0 15.0 0.0 0.0 0.694789081885856
42 35 43 0.0 0.0 1.0 0.0 21.0 1.0 0.0 0.6927263730826323
42 35 44 0.0 0.0 0.0 0.0 12.0 0.0 0.0 0.6958250497017892
42 36 36 0.0 0.0 9.0 0.0 174.0 2.0 0.0 0.6419073819348922
42 36 37 0.0 0.0 0.0 0.0 19.0 0.0 0.0 0.6937561942517343
42 36 38 0.0 0.0 76.0 0.0 2186.0 11.0 32.0 0.3291794027745121
42 36 39 0.0 0.0 530.0 0.0 9874.0 26.0 2718.0 0.1129761136216914
42 36 40 0.0 0.0 201.0 0.0 4643.0 13.0 246.0 0.20491803278688522
42 36 41 0.0 0.0 438.0 0.0 8676.0 25.0 1398.0 0.1262170934006491
42 36 42 0.0 0.0 187.0 0.0 4595.0 19.0 214.0 0.2068863602778188
42 36 43 0.0 0.0 207.0 0.0 4613.0 11.0 203.0 0.20561022176531057
42 36 44 0.0 0.0 0.0 0.0 152.0 0.0 1.0 0.6505576208178437
42 36 45 0.0 0.0 0.0 0.0 2.0 0.0 0.0 0.6993006993006992
42 37 35 0.0 0.0 1.0 0.0 35.0 0.0 0.0 0.6876227897838899
42 37 36 0.0 0.0 1.0 0.0 41.0 0.0 0.0 0.6856023506366307
42 37 37 0.0 0.0 33.0 0.0 822.0 8.0 5.0 0.49191848208011235
42 37 38 0.0 0.0 307.0 0.0 6798.0 21.0 747.0 0.15399846001539982
42 37 39 0.0 0.0 883.0 0.0 12250.0 26.0 6966.0 0.0925252792280748
42 37 40 0.0 0.0 1326.0 0.0 12724.0 39.0 17094.0 0.0872437215678943
42 37 41 0.0 0.0 1177.0 0.0 13020.0 32.0 12590.0 0.08636644046884638
42 37 42 0.0 0.0 562.0 0.0 10178.0 27.0 2883.0 0.11000235719336843
42 37 43 0.0 0.0 718.0 0.0 11457.0 29.0 6491.0 0.09884911388830048
42 37 44 0.0 0.0 231.0 0.0 4833.0 18.0 236.0 0.19863791146424514
42 37 45 0.0 0.0 59.0 0.0 1241.0 9.0 6.0 0.42540261318748096
42 38 35 0.0 0.0 0.0 0.0 16.0 0.0 0.0 0.6944444444444444
42 38 36 0.0 0.0 187.0 0.0 4037.0 16.0 160.0 0.22551546391752575
42 38 37 0.0 0.0 73.0 0.0 2137.0 15.0 34.0 0.33373063170441
42 38 38 0.0 0.0 740.0 0.0 11867.0 26.0 6298.0 0.0958641468090934
42 38 39 0.0 0.0 1100.0 0.0 12713.0 38.0 12983.0 0.08851236011885943
42 38 40 0.0 0.0 2018.0 0.0 11615.0 53.0 35035.0 0.08961147026819431
42 38 41 0.0 0.0 2278.0 0.0 11630.0 55.0 38628.0 0.08797838245459687
42 38 42 0.0 0.0 1062.0 0.0 12656.0 43.0 11224.0 0.0890925289550719
42 38 43 0.0 0.0 421.0 0.0 8957.0 20.0 1913.0 0.1231310466138962
42 38 44 0.0 0.0 201.0 0.0 4361.0 19.0 167.0 0.2138710663000305
42 38 45 0.0 0.0 1.0 0.0 39.0 1.0 0.0 0.6866110838646394
42 39 35 0.0 0.0 36.0 0.0 765.0 7.0 2.0 0.5010737294201861
42 39 36 0.0 0.0 154.0 0.0 3564.0 16.0 84.0 0.24557095246447988
42 39 37 0.0 0.0 642.0 0.0 10858.0 33.0 3867.0 0.10387297818667456
42 39 38 0.0 0.0 847.0 0.0 12249.0 30.0 6905.0 0.09280742459396751
42 39 39 0.0 0.0 1636.0 0.0 13113.0 38.0 20922.0 0.08361703398435165
42 39 40 0.0 0.0 2236.0 0.0 11930.0 63.0 36269.0 0.08661758336942398
42 39 41 0.0 0.0 2015.0 0.0 12578.0 50.0 29748.0 0.08441871683550409
42 39 42 0.0 0.0 2158.0 0.0 11530.0 63.0 37716.0 0.08933129147524246
42 39 43 0.0 0.0 598.0 0.0 10686.0 19.0 3253.0 0.10542168674698793
42 39 44 0.0 0.0 285.0 0.0 6393.0 27.0 563.0 0.16177490177952392
42 39 45 0.0 0.0 1.0 0.0 69.0 2.0 0.0 0.6769825918762088
42 40 35 0.0 0.0 28.0 0.0 764.0 6.0 3.0 0.5025125628140703
42 40 36 0.0 0.0 68.0 0.0 2176.0 14.0 46.0 0.33089104230678323
42 40 37 0.0 0.0 559.0 0.0 9798.0 25.0 2196.0 0.1133878674981777
42 40 38 0.0 0.0 1441.0 0.0 12388.0 39.0 22246.0 0.08848438882568574
42 40 39 0.0 0.0 1576.0 0.0 13072.0 34.0 21421.0 0.084008400840084
42 40 40 0.0 0.0 1981.0 0.0 12276.0 51.0 31506.0 0.08616975441619991
42 40 41 0.0 0.0 2080.0 0.0 12386.0 39.0 31447.0 0.08496176720475786
42 40 42 0.0 0.0 1878.0 0.0 12349.0 63.0 28363.0 0.08633448445979279
42 40 43 0.0 0.0 851.0 0.0 12168.0 31.0 7716.0 0.0932773669131854
42 40 44 0.0 0.0 495.0 0.0 9360.0 23.0 2080.0 0.11821329055138054
42 40 45 0.0 0.0 18.0 0.0 549.0 3.0 2.0 0.5462348809988293
42 41 35 0.0 0.0 2.0 0.0 110.0 2.0 0.0 0.6635071090047392
42 41 36 0.0 0.0 63.0 0.0 1533.0 16.0 6.0 0.39106145251396646
42 41 37 0.0 0.0 357.0 0.0 7605.0 22.0 1011.0 0.1407884151246983
42 41 38 0.0 0.0 1090.0 0.0 12628.0 32.0 11643.0 0.08904719501335706
42 41 39 0.0 0.0 1430.0 0.0 13157.0 36.0 16688.0 0.08442380751371885
42 41 40 0.0 0.0 1371.0 0.0 12824.0 41.0 17448.0 0.086446434084594
42 41 41 0.0 0.0 860.0 1.0 12287.0 35.0 5591.0 0.09253751074096106
42 41 42 0.0 0.0 1155.0 0.0 12562.0 48.0 14437.0 0.08918901700961966
42 41 43 0.0 0.0 676.0 0.0 11332.0 23.0 4138.0 0.0999857163262391
42 41 44 0.0 0.0 249.0 0.0 5635.0 20.0 392.0 0.17786812349129713
42 41 45 0.0 0.0 1.0 0.0 93.0 1.0 0.0 0.668896321070234
42 42 35 0.0 0.0 0.0 0.0 21.0 0.0 0.0 0.6927263730826323
42 42 36 0.0 0.0 179.0 0.0 3959.0 14.0 128.0 0.22853411687887687
42 42 37 0.0 0.0 121.0 0.0 2853.0 11.0 84.0 0.2819738167170191
42 42 38 0.0 0.0 1035.0 0.0 12495.0 32.0 11232.0 0.09020037368726241
42 42 39 0.0 0.0 1108.0 0.0 12615.0 33.0 13020.0 0.08902454533892916
42 42 40 0.0 0.0 660.0 0.0 11178.0 25.0 5019.0 0.10114145354717524
42 42 41 0.0 0.0 1285.0 0.0 12892.0 33.0 15410.0 0.08648915796626921
42 42 42 0.0 0.0 529.0 0.0 9153.0 29.0 1751.0 0.12002743484224963
42 42 43 0.0 0.0 58.0 0.0 1444.0 5.0 11.0 0.40034315127251924
42 42 44 0.0 0.0 28.0 0.0 483.0 5.0 1.0 0.5586592178770949
42 42 45 0.0 0.0 0.0 0.0 10.0 0.0 0.0 0.6965174129353233
42 43 35 0.0 0.0 0.0 0.0 16.0 0.0 0.0 0.6944444444444444
42 43 36 0.0 0.0 0.0 0.0 30.0 0.0 0.0 0.689655172413793
42 43 37 0.0 0.0 93.0 0.0 2266.0 19.0 33.0 0.3226549896289467
42 43 38 0.0 0.0 215.0 0.0 5421.0 24.0 374.0 0.18384766907419564
42 43 39 0.0 0.0 349.0 0.0 7042.0 25.0 790.0 0.14942896787277188
42 43 40 0.0 0.0 125.0 0.0 2947.0 10.0 73.0 0.276625172890733
42 43 41 0.0 0.0 509.0 0.0 9419.0 30.0 2095.0 0.11753840987322642
42 43 42 0.0 0.0 302.0 0.0 6958.0 16.0 810.0 0.1513349908118041
42 43 43 0.0 0.0 4.0 0.0 130.0 3.0 0.0 0.6569685593618019
42 43 44 0.0 0.0 0.0 0.0 14.0 0.0 0.0 0.6951340615690167
42 43 45 0.0 0.0 3.0 0.0 62.0 3.0 0.0 0.6789524733268669
42 44 36 0.0 0.0 1.0 0.0 13.0 0.0 0.0 0.6951340615690167
42 44 37 0.0 0.0 0.0 0.0 24.0 0.0 0.0 0.6916996047430829
42 44 38 0.0 0.0 9.0 0.0 231.0 1.0 0.0 0.6252791424743188
42 44 39 0.0 0.0 2.0 0.0 94.0 0.0 0.0 0.6685768863419292
42 44 40 0.0 0.0 314.0 0.0 6190.0 25.0 500.0 0.165016501650165
42 44 41 0.0 0.0 25.0 0.0 729.0 5.0 1.0 0.5092761004001454
42 44 42 0.0 0.0 2.0 0.0 124.0 1.0 0.0 0.6588235294117646
42 44 43 0.0 0.0 0.0 0.0 52.0 0.0 0.0 0.68259385665529
42 45 37 0.0 0.0 1.0 0.0 37.0 0.0 0.0 0.6869479882237487
42 45 38 0.0 0.0 0.0 0.0 7.0 0.0 0.0 0.6975585450921773
42 45 39 0.0 0.0 10.0 0.0 128.0 2.0 0.0 0.6554307116104868
42 45 40 0.0 0.0 17.0 0.0 501.0 5.0 1.0 0.5571030640668523
42 45 41 0.0 0.0 0.0 0.0 11.0 0.0 0.0 0.6961710591745399
42 45 42 0.0 0.0 0.0 0.0 1.0 0.0 0.0 0.6996501749125437
43 35 37 0.0 0.0 0.0 0.0 1.0 0.0 0.0 0.6996501749125437
43 35 38 0.0 0.0 10.0 0.0 220.0 2.0 1.0 0.6283662477558347
43 35 39 0.0 0.0 1.0 0.0 91.0 2.0 0.0 0.6698564593301434
43 35 40 0.0 0.0 36.0 0.0 823.0 8.0 1.0 0.4910557699052963
43 35 41 0.0 0.0 0.0 0.0 29.0 0.0 0.0 0.6899950714637751
43 35 42 0.0 0.0 0.0 0.0 35.0 0.0 0.0 0.6879606879606879
43 35 43 0.0 0.0 0.0 0.0 9.0 0.0 0.0 0.6968641114982577
43 35 44 0.0 0.0 0.0 0.0 1.0 0.0 0.0 0.6996501749125437
43 36 37 0.0 0.0 0.0 0.0 14.0 0.0 0.0 0.6951340615690167
43 36 38 0.0 0.0 8.0 0.0 230.0 2.0 1.0 0.626118067978533
43 36 39 0.0 0.0 342.0 0.0 7612.0 29.0 1015.0 0.14090177133655393
43 36 40 0.0 0.0 143.0 0.0 3142.0 15.0 72.0 0.2656546489563567
43 36 41 0.0 0.0 242.0 0.0 5424.0 14.0 417.0 0.18291089626339166
43 36 42 0.0 0.0 321.0 0.0 6663.0 18.0 652.0 0.15604101649576457
43 36 43 0.0 0.0 51.0 0.0 1038.0 6.0 6.0 0.45425048669694995
43 36 44 0.0 0.0 152.0 0.0 3134.0 16.0 75.0 0.2656042496679947
43 36 45 0.0 0.0 0.0 0.0 1.0 0.0 0.0 0.6996501749125437
43 37 35 0.0 0.0 0.0 0.0 3.0 0.0 0.0 0.6989515726410384
43 37 36 0.0 0.0 0.0 0.0 5.0 0.0 0.0 0.6982543640897755
43 37 37 0.0 0.0 0.0 0.0 58.0 0.0 0.0 0.6802721088435373
43 37 38 0.0 0.0 287.0 0.0 6080.0 16.0 539.0 0.16756433273488924
43 37 39 0.0 0.0 402.0 0.0 7722.0 21.0 982.0 0.1385041551246537
43 37 40 0.0 0.0 574.0 0.0 10147.0 28.0 2932.0 0.11020151133501259
43 37 41 0.0 0.0 634.0 0.0 10824.0 26.0 3604.0 0.10413567390657541
43 37 42 0.0 0.0 300.0 0.0 6563.0 20.0 679.0 0.15817421760253078
43 37 43 0.0 0.0 482.0 0.0 9585.0 27.0 2474.0 0.11621150493898894
43 37 44 0.0 0.0 40.0 0.0 1018.0 11.0 0.0 0.4594683295044305
43 37 45 0.0 0.0 0.0 0.0 14.0 0.0 0.0 0.6951340615690167
43 38 35 0.0 0.0 0.0 0.0 4.0 0.0 0.0 0.6986027944111775
43 38 36 0.0 0.0 40.0 0.0 975.0 9.0 2.0 0.4655803126039241
43 38 37 0.0 0.0 3.0 0.0 233.0 1.0 0.0 0.6263982102908277
43 38 38 0.0 0.0 441.0 0.0 8961.0 21.0 1763.0 0.12286090390522159
43 38 39 0.0 0.0 539.0 0.0 9828.0 27.0 2294.0 0.11332361988020073
43 38 40 0.0 0.0 808.0 0.0 11876.0 32.0 6284.0 0.09536784741144413
43 38 41 0.0 0.0 862.0 0.0 12206.0 19.0 7864.0 0.09286282833642875
43 38 42 0.0 0.0 703.0 0.0 11494.0 18.0 5642.0 0.09860543738554725
43 38 43 0.0 0.0 717.0 0.0 11460.0 26.0 4625.0 0.09877936922317081
43 38 44 0.0 0.0 62.0 0.0 1744.0 12.0 20.0 0.3690036900369003
43 38 45 0.0 0.0 0.0 0.0 8.0 0.0 0.0 0.697211155378486
43 39 35 0.0 0.0 0.0 0.0 8.0 0.0 0.0 0.697211155378486
43 39 36 0.0 0.0 26.0 0.0 581.0 11.0 2.0 0.5392912172573189
43 39 37 0.0 0.0 182.0 0.0 4507.0 12.0 202.0 0.20958083832335325
43 39 38 0.0 0.0 477.0 0.0 9231.0 32.0 1950.0 0.11981172443303378
43 39 39 0.0 0.0 734.0 0.0 11669.0 25.0 5892.0 0.09722222222222221
43 39 40 0.0 0.0 1057.0 0.0 12664.0 47.0 11993.0 0.0891606164819768
43 39 41 0.0 0.0 866.0 0.0 12056.0 26.0 5947.0 0.09387782471669012
43 39 42 0.0 0.0 984.0 0.0 12542.0 39.0 9983.0 0.09029345372460496
43 39 43 0.0 0.0 715.0 0.0 11715.0 26.0 6645.0 0.09699993071433519
43 39 44 0.0 0.0 193.0 0.0 3699.0 17.0 101.0 0.2382978723404255
43 39 45 0.0 0.0 0.0 0.0 34.0 0.0 0.0 0.6882989183874139
43 40 35 0.0 0.0 0.0 0.0 6.0 0.0 0.0 0.6979062811565303
43 40 36 0.0 0.0 1.0 0.0 196.0 0.0 2.0 0.6375227686703095
43 40 37 0.0 0.0 422.0 0.0 8352.0 18.0 1258.0 0.1300631735414344
43 40 38 0.0 0.0 766.0 0.0 11683.0 34.0 6068.0 0.09695290858725761
43 40 39 0.0 0.0 792.0 0.0 11937.0 26.0 5939.0 0.09507640067911714
43 40 40 0.0 0.0 935.0 0.0 12420.0 32.0 7593.0 0.09118145108766444
43 40 41 0.0 0.0 1203.0 0.0 12957.0 43.0 13308.0 0.08665511265164644
43 40 42 0.0 0.0 726.0 0.0 11433.0 38.0 5135.0 0.0990169035999717
43 40 43 0.0 0.0 652.0 0.0 10961.0 26.0 3866.0 0.10296388909318231
43 40 44 0.0 0.0 137.0 0.0 3505.0 18.0 119.0 0.24888888888888885
43 40 45 0.0 0.0 24.0 0.0 596.0 6.0 0.0 0.5355776587605202
43 41 35 0.0 0.0 15.0 0.0 355.0 6.0 0.0 0.5922165820642977
43 41 36 0.0 0.0 36.0 0.0 992.0 8.0 2.0 0.4635761589403972
43 41 37 0.0 0.0 903.0 0.0 12296.0 28.0 8840.0 0.0920568122041031
43 41 38 0.0 0.0 334.0 0.0 7264.0 24.0 840.0 0.14610728449175536
43 41 39 0.0 0.0 813.0 0.0 12014.0 21.0 5928.0 0.09439050701186621
43 41 40 0.0 0.0 1178.0 0.0 12944.0 24.0 12457.0 0.08679479231246125
43 41 41 0.0 0.0 305.0 0.0 7678.0 16.0 1169.0 0.14033680834001602
43 41 42 0.0 0.0 567.0 0.0 10263.0 35.0 3068.0 0.10930668332292316
43 41 43 0.0 0.0 384.0 0.0 8181.0 20.0 1452.0 0.1326385599242065
43 41 44 0.0 0.0 108.0 0.0 2147.0 14.0 32.0 0.33003300330033
43 41 45 0.0 0.0 8.0 0.0 225.0 1.0 0.0 0.6272401433691756
43 42 35 0.0 0.0 0.0 0.0 10.0 0.0 0.0 0.6965174129353233
43 42 36 0.0 0.0 1.0 0.0 92.0 1.0 0.0 0.669536107125777
43 42 37 0.0 0.0 198.0 0.0 4488.0 19.0 227.0 0.2097692538207971
43 42 38 0.0 0.0 463.0 0.0 8675.0 27.0 1463.0 0.12586532410320955
43 42 39 0.0 0.0 622.0 0.0 10531.0 27.0 3342.0 0.10652868665347738
43 42 40 0.0 0.0 342.0 0.0 7731.0 21.0 1263.0 0.1391511778153265
43 42 41 0.0 0.0 346.0 0.0 6714.0 20.0 580.0 0.1548158796859449
43 42 42 0.0 0.0 56.0 0.0 1629.0 9.0 12.0 0.3809523809523809
43 42 43 0.0 0.0 170.0 0.0 3456.0 13.0 114.0 0.24933214603739975
43 42 44 0.0 0.0 10.0 0.0 211.0 5.0 0.0 0.6317689530685919
43 42 45 0.0 0.0 0.0 0.0 4.0 0.0 0.0 0.6986027944111775
43 43 35 0.0 0.0 0.0 0.0 9.0 0.0 0.0 0.6968641114982577
43 43 36 0.0 0.0 0.0 0.0 36.0 0.0 0.0 0.6876227897838899
43 43 37 0.0 0.0 36.0 0.0 756.0 11.0 1.0 0.5034160373966199
43 43 38 0.0 0.0 67.0 0.0 1923.0 10.0 27.0 0.3515821195379206
43 43 39 0.0 0.0 172.0 0.0 3551.0 28.0 102.0 0.2458728486125746
43 43 40 0.0 0.0 146.0 0.0 3296.0 19.0 89.0 0.2581120943952802
43 43 41 0.0 0.0 253.0 0.0 5472.0 26.0 387.0 0.18172377985462096
43 43 42 0.0 0.0 29.0 0.0 946.0 13.0 7.0 0.47265361242403775
43 43 43 0.0 0.0 0.0 0.0 22.0 0.0 0.0 0.6923837784371908
43 43 44 0.0 0.0 0.0 0.0 2.0 0.0 0.0 0.6993006993006992
43 44 37 0.0 0.0 9.0 0.0 118.0 4.0 0.0 0.6597549481621111
43 44 38 0.0 0.0 0.0 0.0 5.0 0.0 0.0 0.6982543640897755
43 44 39 0.0 0.0 0.0 0.0 16.0 0.0 0.0 0.6944444444444444
43 44 40 0.0 0.0 1.0 0.0 52.0 0.0 0.0 0.6819288845591815
43 44 41 0.0 0.0 32.0 0.0 694.0 11.0 1.0 0.5156537753222835
43 44 42 0.0 0.0 0.0 0.0 32.0 0.0 0.0 0.6889763779527558
43 44 43 0.0 0.0 0.0 0.0 3.0 0.0 0.0 0.6989515726410384
43 45 40 0.0 0.0 0.0 0.0 4.0 0.0 0.0 0.6986027944111775
43 45 41 0.0 0.0 0.0 0.0 6.0 0.0 0.0 0.6979062811565303
44 35 38 0.0 0.0 0.0 0.0 7.0 0.0 0.0 0.6975585450921773
44 35 39 0.0 0.0 7.0 0.0 138.0 0.0 0.0 0.6526806526806526
44 35 40 0.0 0.0 2.0 0.0 18.0 0.0 0.0 0.6930693069306929
44 35 41 0.0 0.0 0.0 0.0 19.0 0.0 0.0 0.6934125804853887
44 35 42 0.0 0.0 0.0 0.0 10.0 0.0 0.0 0.6965174129353233
44 35 43 0.0 0.0 0.0 0.0 6.0 0.0 0.0 0.6979062811565303
44 35 44 0.0 0.0 0.0 0.0 2.0 0.0 0.0 0.6993006993006992
44 35 45 0.0 0.0 0.0 0.0 2.0 0.0 0.0 0.6993006993006992
44 36 37 0.0 0.0 0.0 0.0 5.0 0.0 0.0 0.6982543640897755
44 36 38 0.0 0.0 0.0 0.0 21.0 0.0 0.0 0.6927263730826323
44 36 39 0.0 0.0 0.0 0.0 50.0 0.0 0.0 0.6835937499999999
44 36 40 0.0 0.0 1.0 0.0 91.0 1.0 0.0 0.669536107125777
44 36 41 0.0 0.0 89.0 0.0 2566.0 7.0 54.0 0.30120481927710835
44 36 42 0.0 0.0 3.0 0.0 84.0 1.0 0.0 0.6711409395973154
44 36 43 0.0 0.0 4.0 0.0 85.0 3.0 0.0 0.6711409395973154
44 36 44 0.0 0.0 2.0 0.0 31.0 0.0 0.0 0.6886374815543531
44 36 45 0.0 0.0 0.0 0.0 2.0 0.0 0.0 0.6993006993006992
44 37 37 0.0 0.0 0.0 0.0 23.0 0.0 0.0 0.6920415224913494
44 37 38 0.0 0.0 7.0 0.0 247.0 1.0 0.0 0.6213936972924988
44 37 39 0.0 0.0 27.0 0.0 565.0 6.0 2.0 0.5413766434648105
44 37 40 0.0 0.0 205.0 0.0 3933.0 15.0 105.0 0.22864608851869994
44 37 41 0.0 0.0 106.0 0.0 2251.0 13.0 40.0 0.32220943613348674
44 37 42 0.0 0.0 43.0 0.0 902.0 9.0 3.0 0.4768392370572206
44 37 43 0.0 0.0 206.0 0.0 4081.0 13.0 136.0 0.2230720203951561
44 37 44 0.0 0.0 81.0 0.0 2091.0 14.0 32.0 0.3367003367003366
44 37 45 0.0 0.0 0.0 0.0 4.0 0.0 0.0 0.6986027944111775
44 38 37 0.0 0.0 14.0 0.0 373.0 8.0 0.0 0.5884825556956704
44 38 38 0.0 0.0 115.0 0.0 3350.0 14.0 120.0 0.2567865003668378
44 38 39 0.0 0.0 99.0 0.0 2071.0 17.0 27.0 0.3370245546461242
44 38 40 0.0 0.0 253.0 0.0 5142.0 21.0 270.0 0.18975332068311193
44 38 41 0.0 0.0 592.0 0.0 10521.0 34.0 2869.0 0.10691103474608628
44 38 42 0.0 0.0 185.0 0.0 4060.0 17.0 139.0 0.2248273647021037
44 38 43 0.0 0.0 204.0 0.0 4510.0 18.0 219.0 0.20914251568568865
44 38 44 0.0 0.0 0.0 0.0 122.0 0.0 0.0 0.66006600660066
44 38 45 0.0 0.0 0.0 0.0 1.0 0.0 0.0 0.6996501749125437
44 39 35 0.0 0.0 7.0 0.0 318.0 1.0 1.0 0.6024096385542168
44 39 36 0.0 0.0 10.0 0.0 212.0 4.0 0.0 0.6311992786293958
44 39 37 0.0 0.0 61.0 0.0 1407.0 9.0 13.0 0.4046242774566473
44 39 38 0.0 0.0 26.0 0.0 688.0 4.0 3.0 0.5167958656330748
44 39 39 0.0 0.0 141.0 0.0 2835.0 18.0 52.0 0.2822011691191292
44 39 40 0.0 0.0 201.0 0.0 4533.0 22.0 191.0 0.20858164481525623
44 39 41 0.0 0.0 606.0 0.0 10093.0 26.0 2316.0 0.11035787482263912
44 39 42 0.0 0.0 205.0 0.0 4338.0 22.0 215.0 0.21472392638036808
44 39 43 0.0 0.0 25.0 0.0 813.0 4.0 4.0 0.49400141143260407
44 39 44 0.0 0.0 7.0 0.0 337.0 2.0 0.0 0.5977796754910332
44 39 45 0.0 0.0 0.0 0.0 13.0 0.0 0.0 0.695479384003974
44 40 35 0.0 0.0 0.0 0.0 16.0 0.0 0.0 0.6944444444444444
44 40 36 0.0 0.0 388.0 0.0 8248.0 19.0 1421.0 0.13178951332015437
44 40 37 0.0 0.0 27.0 0.0 655.0 8.0 2.0 0.5237560793116348
44 40 38 0.0 0.0 166.0 0.0 3408.0 15.0 92.0 0.2518438568087785
44 40 39 0.0 0.0 215.0 0.0 4423.0 27.0 183.0 0.2117362371445856
44 40 40 0.0 0.0 446.0 0.0 8777.0 19.0 1595.0 0.12481055540697153
44 40 41 0.0 0.0 107.0 0.0 2598.0 13.0 55.0 0.2983802216538789
44 40 42 0.0 0.0 354.0 0.0 7686.0 18.0 1042.0 0.13959517399541327
44 40 43 0.0 0.0 249.0 0.0 5435.0 18.0 316.0 0.1826245760500913
44 40 44 0.0 0.0 516.0 0.0 9202.0 30.0 1711.0 0.11969904240766073
44 40 45 0.0 0.0 0.0 0.0 14.0 0.0 0.0 0.6951340615690167
44 41 35 0.0 0.0 0.0 0.0 45.0 0.0 0.0 0.6845965770171147
44 41 36 0.0 0.0 10.0 0.0 254.0 4.0 0.0 0.6197432492253209
44 41 37 0.0 0.0 171.0 0.0 3970.0 18.0 128.0 0.22860875244937945
44 41 38 0.0 0.0 47.0 0.0 1322.0 13.0 9.0 0.41716328963051247
44 41 39 0.0 0.0 133.0 0.0 2904.0 22.0 69.0 0.2791068580542264
44 41 40 0.0 0.0 243.0 0.0 5849.0 26.0 486.0 0.17343904856293355
44 41 41 0.0 0.0 535.0 0.0 10335.0 23.0 3613.0 0.10884776862074326
44 41 42 0.0 0.0 239.0 0.0 4862.0 19.0 219.0 0.1976563602993082
44 41 43 0.0 0.0 10.0 0.0 287.0 4.0 1.0 0.6108202443280977
44 41 44 0.0 0.0 76.0 0.0 1752.0 12.0 16.0 0.3668763102725366
44 41 45 0.0 0.0 1.0 0.0 19.0 1.0 0.0 0.6934125804853887
44 42 35 0.0 0.0 0.0 0.0 21.0 1.0 0.0 0.6930693069306929
44 42 36 0.0 0.0 434.0 0.0 9138.0 20.0 2124.0 0.12106537530266341
44 42 37 0.0 0.0 8.0 0.0 308.0 4.0 0.0 0.6055363321799306
44 42 38 0.0 0.0 16.0 0.0 469.0 5.0 0.0 0.564516129032258
44 42 39 0.0 0.0 82.0 0.0 2295.0 14.0 41.0 0.3208065994500458
44 42 40 0.0 0.0 148.0 0.0 3030.0 14.0 59.0 0.2711076684740511
44 42 41 0.0 0.0 37.0 0.0 1107.0 8.0 9.0 0.4464285714285714
44 42 42 0.0 0.0 7.0 0.0 251.0 3.0 0.0 0.6208425720620842
44 42 43 0.0 0.0 1.0 0.0 39.0 0.0 0.0 0.6862745098039215
44 42 44 0.0 0.0 0.0 0.0 20.0 0.0 0.0 0.6930693069306929
44 42 45 0.0 0.0 0.0 0.0 1.0 0.0 0.0 0.6996501749125437
44 43 35 0.0 0.0 0.0 0.0 13.0 0.0 0.0 0.695479384003974
44 43 36 0.0 0.0 0.0 0.0 29.0 0.0 0.0 0.6899950714637751
44 43 37 0.0 0.0 4.0 0.0 95.0 3.0 0.0 0.6679389312977099
44 43 38 0.0 0.0 0.0 0.0 25.0 0.0 0.0 0.6913580246913579
44 43 39 0.0 0.0 1.0 0.0 43.0 1.0 0.0 0.6852667645619186
44 43 40 0.0 0.0 1.0 0.0 46.0 0.0 0.0 0.6839276990718123
44 43 41 0.0 0.0 0.0 0.0 26.0 0.0 0.0 0.6910167818361302
44 43 42 0.0 0.0 52.0 0.0 1232.0 9.0 6.0 0.4274809160305343
44 43 43 0.0 0.0 0.0 0.0 2.0 0.0 0.0 0.6993006993006992
44 43 44 0.0 0.0 0.0 0.0 2.0 0.0 0.0 0.6993006993006992
44 44 37 0.0 0.0 0.0 0.0 1.0 0.0 0.0 0.6996501749125437
44 44 39 0.0 0.0 0.0 0.0 4.0 0.0 0.0 0.6986027944111775
44 44 40 0.0 0.0 0.0 0.0 2.0 0.0 0.0 0.6993006993006992
44 44 41 0.0 0.0 2.0 0.0 11.0 1.0 0.0 0.6958250497017892
44 44 42 0.0 0.0 0.0 0.0 2.0 0.0 0.0 0.6993006993006992
45 35 42 0.0 0.0 0.0 0.0 2.0 0.0 0.0 0.6993006993006992
45 36 39 0.0 0.0 0.0 0.0 1.0 0.0 0.0 0.6996501749125437
45 36 40 0.0 0.0 0.0 0.0 2.0 0.0 0.0 0.6993006993006992
45 36 41 0.0 0.0 1.0 0.0 11.0 0.0 0.0 0.6958250497017892
45 36 42 0.0 0.0 0.0 0.0 4.0 0.0 0.0 0.6986027944111775
45 36 44 0.0 0.0 0.0 0.0 1.0 0.0 0.0 0.6996501749125437
45 37 37 0.0 0.0 0.0 0.0 1.0 0.0 0.0 0.6996501749125437
45 37 38 0.0 0.0 0.0 0.0 1.0 0.0 0.0 0.6996501749125437
45 37 39 0.0 0.0 2.0 0.0 23.0 1.0 0.0 0.6916996047430829
45 37 40 0.0 0.0 104.0 0.0 1931.0 13.0 16.0 0.34808552958726996
45 37 41 0.0 0.0 2.0 0.0 49.0 0.0 0.0 0.68259385665529
45 37 42 0.0 0.0 107.0 0.0 2448.0 25.0 35.0 0.30905077262693154
45 37 43 0.0 0.0 0.0 0.0 14.0 0.0 0.0 0.6951340615690167
45 37 44 0.0 0.0 14.0 0.0 357.0 5.0 1.0 0.5917159763313609
45 38 37 0.0 0.0 0.0 0.0 2.0 0.0 0.0 0.6993006993006992
45 38 38 0.0 0.0 0.0 0.0 2.0 0.0 0.0 0.6993006993006992
45 38 39 0.0 0.0 0.0 0.0 10.0 0.0 0.0 0.6965174129353233
45 38 40 0.0 0.0 0.0 0.0 55.0 0.0 0.0 0.6812652068126519
45 38 41 0.0 0.0 17.0 0.0 317.0 7.0 2.0 0.6016330038676406
45 38 42 0.0 0.0 7.0 0.0 195.0 1.0 0.0 0.6360745115856428
45 38 43 0.0 0.0 51.0 0.0 1003.0 6.0 7.0 0.4593175853018372
45 38 44 0.0 0.0 0.0 0.0 2.0 0.0 0.0 0.6993006993006992
45 39 35 0.0 0.0 26.0 0.0 436.0 6.0 1.0 0.5700325732899022
45 39 36 0.0 0.0 0.0 0.0 12.0 0.0 0.0 0.6958250497017892
45 39 37 0.0 0.0 5.0 0.0 146.0 2.0 0.0 0.6514657980456026
45 39 38 0.0 0.0 3.0 0.0 45.0 1.0 0.0 0.6839276990718123
45 39 39 0.0 0.0 0.0 0.0 27.0 0.0 0.0 0.6906758756783422
45 39 40 0.0 0.0 2.0 0.0 45.0 0.0 1.0 0.6842619745845552
45 39 41 0.0 0.0 22.0 0.0 488.0 5.0 0.0 0.558882235528942
45 39 42 0.0 0.0 10.0 0.0 205.0 3.0 0.0 0.6329113924050632
45 39 43 0.0 0.0 5.0 0.0 102.0 4.0 0.0 0.6657156443176413
45 39 44 0.0 0.0 0.0 0.0 23.0 0.0 0.0 0.6920415224913494
45 39 45 0.0 0.0 0.0 0.0 17.0 0.0 0.0 0.694100148735746
45 40 35 0.0 0.0 0.0 0.0 22.0 0.0 0.0 0.6923837784371908
45 40 36 0.0 0.0 0.0 0.0 25.0 0.0 0.0 0.6913580246913579
45 40 37 0.0 0.0 21.0 0.0 593.0 7.0 3.0 0.5370157268891445
45 40 38 0.0 0.0 0.0 0.0 6.0 0.0 0.0 0.6979062811565303
45 40 39 0.0 0.0 0.0 0.0 16.0 0.0 0.0 0.6944444444444444
45 40 40 0.0 0.0 3.0 0.0 109.0 1.0 0.0 0.6631927996210326
45 40 41 0.0 0.0 0.0 0.0 127.0 0.0 0.0 0.6585136406396989
45 40 42 0.0 0.0 100.0 0.0 2010.0 6.0 28.0 0.341130604288499
45 40 43 0.0 0.0 0.0 0.0 34.0 0.0 0.0 0.6882989183874139
45 40 44 0.0 0.0 1.0 0.0 31.0 0.0 0.0 0.6893156080748399
45 40 45 0.0 0.0 108.0 0.0 2131.0 16.0 36.0 0.33151787828557894
45 41 35 0.0 0.0 0.0 0.0 32.0 0.0 0.0 0.6889763779527558
45 41 36 0.0 0.0 3.0 0.0 45.0 3.0 0.0 0.6845965770171147
45 41 37 0.0 0.0 0.0 0.0 37.0 0.0 0.0 0.6872852233676975
45 41 38 0.0 0.0 0.0 0.0 5.0 0.0 0.0 0.6982543640897755
45 41 39 0.0 0.0 9.0 0.0 345.0 1.0 0.0 0.5949851253718657
45 41 40 0.0 0.0 10.0 0.0 172.0 4.0 0.0 0.6427915518824608
45 41 41 0.0 0.0 12.0 0.0 220.0 1.0 1.0 0.6275212909009411
45 41 42 0.0 0.0 1.0 0.0 47.0 1.0 0.0 0.6839276990718123
45 41 43 0.0 0.0 16.0 0.0 481.0 2.0 0.0 0.5611222444889779
45 41 44 0.0 0.0 0.0 0.0 8.0 0.0 0.0 0.697211155378486
45 41 45 0.0 0.0 0.0 0.0 8.0 0.0 0.0 0.697211155378486
45 42 35 0.0 0.0 0.0 0.0 13.0 0.0 0.0 0.695479384003974
45 42 36 0.0 0.0 42.0 0.0 1260.0 10.0 10.0 0.4251442453689644
45 42 37 0.0 0.0 0.0 0.0 12.0 0.0 0.0 0.6958250497017892
45 42 38 0.0 0.0 0.0 0.0 3.0 0.0 0.0 0.6989515726410384
45 42 39 0.0 0.0 0.0 0.0 6.0 0.0 0.0 0.6979062811565303
45 42 40 0.0 0.0 0.0 0.0 28.0 0.0 0.0 0.690335305719921
45 42 41 0.0 0.0 0.0 0.0 53.0 0.0 0.0 0.6819288845591815
45 42 42 0.0 0.0 25.0 0.0 598.0 5.0 3.0 0.5345551737304314
45 42 43 0.0 0.0 0.0 0.0 3.0 0.0 0.0 0.6989515726410384
45 43 35 0.0 0.0 2.0 0.0 73.0 2.0 0.0 0.6753497346840327
45 43 36 0.0 0.0 0.0 0.0 14.0 0.0 0.0 0.6951340615690167
45 43 37 0.0 0.0 72.0 0.0 1420.0 15.0 11.0 0.4026459591601955
45 43 38 0.0 0.0 0.0 0.0 1.0 0.0 0.0 0.6996501749125437
45 43 40 0.0 0.0 0.0 0.0 3.0 0.0 0.0 0.6989515726410384
45 43 41 0.0 0.0 0.0 0.0 2.0 0.0 0.0 0.6993006993006992
45 44 37 0.0 0.0 0.0 0.0 1.0 0.0 0.0 0.6996501749125437
46 36 41 0.0 0.0 0.0 0.0 1.0 0.0 0.0 0.6996501749125437
46 36 43 0.0 0.0 0.0 0.0 1.0 0.0 0.0 0.6996501749125437
46 37 42 0.0 0.0 0.0 0.0 1.0 0.0 0.0 0.6996501749125437
46 38 40 0.0 0.0 0.0 0.0 1.0 0.0 0.0 0.6996501749125437
46 38 42 0.0 0.0 0.0 0.0 1.0 0.0 0.0 0.6996501749125437
46 39 45 0.0 0.0 0.0 0.0 1.0 0.0 0.0 0.6996501749125437
46 40 35 0.0 0.0 0.0 0.0 1.0 0.0 0.0 0.6996501749125437
46 41 36 0.0 0.0 0.0 0.0 1.0 0.0 0.0 0.6996501749125437
46 41 41 0.0 0.0 1.0 0.0 0.0 0.0 0.0 0.0
46 41 42 0.0 0.0 0.0 0.0 1.0 0.0 0.0 0.6996501749125437
46 41 46 0.0 0.0 0.0 0.0 1.0 0.0 0.0 0.6996501749125437
46 43 35 0.0 0.0 0.0 0.0 1.0 0.0 0.0 0.6996501749125437
46 43 37 0.0 0.0 0.0 0.0 1.0 0.0 0.0 0.6996501749125437
46 43 38 0.0 0.0 0.0 0.0 1.0 0.0 0.0 0.6996501749125437
