35 39 38 0.0 0.0 0.0 0.0 1.0 0.0 0.0 0.6996501749125437
35 40 38 0.0 0.0 0.0 0.0 1.0 0.0 0.0 0.6996501749125437
36 36 39 0.0 0.0 0.0 0.0 3.0 0.0 0.0 0.6989515726410384
36 38 38 0.0 0.0 0.0 0.0 2.0 0.0 0.0 0.6993006993006992
36 38 39 0.0 0.0 0.0 0.0 1.0 0.0 0.0 0.6996501749125437
36 38 40 0.0 0.0 6.0 0.0 108.0 1.0 0.0 0.6625650733554187
36 39 38 0.0 0.0 0.0 0.0 9.0 0.0 0.0 0.6968641114982577
36 39 39 0.0 0.0 8.0 0.0 427.0 5.0 2.0 0.5761316872427983
36 39 40 0.0 0.0 0.0 0.0 5.0 0.0 0.0 0.6982543640897755
36 39 41 0.0 0.0 0.0 0.0 1.0 0.0 0.0 0.6996501749125437
36 40 38 0.0 0.0 27.0 0.0 840.0 8.0 4.0 0.48985304408677394
36 40 39 0.0 0.0 10.0 0.0 270.0 3.0 2.0 0.6148440931049626
36 40 40 0.0 0.0 0.0 0.0 3.0 0.0 0.0 0.6989515726410384
36 40 41 0.0 0.0 0.0 0.0 1.0 0.0 0.0 0.6996501749125437
36 41 38 0.0 0.0 11.0 0.0 127.0 4.0 1.0 0.6560449859418931
36 41 39 0.0 0.0 0.0 0.0 11.0 0.0 0.0 0.6965174129353233
36 41 40 0.0 0.0 1.0 0.0 108.0 1.0 0.0 0.6641366223908918
36 41 41 0.0 0.0 0.0 0.0 8.0 0.0 0.0 0.697211155378486
36 42 39 0.0 0.0 0.0 0.0 1.0 0.0 0.0 0.6996501749125437
36 42 40 0.0 0.0 0.0 0.0 1.0 0.0 0.0 0.6996501749125437
36 42 41 0.0 0.0 0.0 0.0 3.0 0.0 0.0 0.6989515726410384
36 43 39 0.0 0.0 0.0 0.0 7.0 0.0 0.0 0.6975585450921773
37 36 39 0.0 0.0 0.0 0.0 1.0 0.0 0.0 0.6996501749125437
37 36 41 0.0 0.0 0.0 0.0 3.0 0.0 0.0 0.6989515726410384
37 37 37 0.0 0.0 0.0 0.0 2.0 0.0 0.0 0.6993006993006992
37 37 38 0.0 0.0 0.0 0.0 9.0 0.0 0.0 0.6968641114982577
37 37 39 0.0 0.0 3.0 0.0 39.0 1.0 0.0 0.6862745098039215
37 37 40 0.0 0.0 91.0 0.0 2216.0 14.0 31.0 0.3261122757978103
37 37 41 0.0 0.0 2.0 0.0 23.0 0.0 0.0 0.6913580246913579
37 37 42 0.0 0.0 0.0 0.0 2.0 0.0 0.0 0.6993006993006992
37 38 37 0.0 0.0 0.0 0.0 16.0 0.0 0.0 0.6944444444444444
37 38 38 0.0 0.0 5.0 0.0 169.0 3.0 0.0 0.64486411791801
37 38 39 0.0 0.0 1.0 0.0 102.0 1.0 0.0 0.6660323501427211
37 38 40 0.0 0.0 0.0 0.0 107.0 0.0 0.0 0.6644518272425248
37 38 41 0.0 0.0 25.0 0.0 643.0 9.0 7.0 0.5265137269650243
37 38 42 0.0 0.0 0.0 0.0 56.0 0.0 0.0 0.6809338521400777
37 38 43 0.0 0.0 0.0 0.0 1.0 0.0 0.0 0.6996501749125437
37 39 37 0.0 0.0 0.0 0.0 16.0 0.0 0.0 0.6944444444444444
37 39 38 0.0 0.0 16.0 0.0 523.0 4.0 0.0 0.5522682445759368
37 39 39 0.0 0.0 87.0 0.0 1803.0 14.0 19.0 0.36119711042311653
37 39 40 0.0 0.0 23.0 0.0 733.0 1.0 4.0 0.5081669691470053
37 39 41 0.0 0.0 23.0 0.0 708.0 2.0 1.0 0.5130084279956026
37 39 42 0.0 0.0 0.0 0.0 44.0 0.0 0.0 0.684931506849315
37 39 43 0.0 0.0 0.0 0.0 8.0 0.0 0.0 0.697211155378486
37 40 37 0.0 0.0 0.0 0.0 14.0 0.0 0.0 0.6951340615690167
37 40 38 0.0 0.0 5.0 0.0 221.0 1.0 0.0 0.6292134831460673
37 40 39 0.0 0.0 345.0 0.0 7417.0 21.0 993.0 0.14356029532403608
37 40 40 0.0 0.0 121.0 0.0 3280.0 11.0 98.0 0.25983667409057165
37 40 41 0.0 0.0 87.0 0.0 1842.0 13.0 25.0 0.35723398826231173
37 40 42 0.0 0.0 0.0 0.0 29.0 0.0 0.0 0.6899950714637751
37 40 43 0.0 0.0 0.0 0.0 3.0 0.0 0.0 0.6989515726410384
37 41 37 0.0 0.0 0.0 0.0 10.0 0.0 0.0 0.6965174129353233
37 41 38 0.0 0.0 2.0 0.0 177.0 1.0 0.0 0.6430868167202571
37 41 39 0.0 0.0 74.0 0.0 2298.0 15.0 29.0 0.32132201055772314
37 41 40 0.0 0.0 27.0 0.0 734.0 5.0 2.0 0.5081669691470053
37 41 41 0.0 0.0 30.0 0.0 1009.0 13.0 2.0 0.4626569729015201
37 41 42 0.0 0.0 0.0 0.0 51.0 0.0 0.0 0.68259385665529
37 41 43 0.0 0.0 0.0 0.0 8.0 0.0 0.0 0.697211155378486
37 42 38 0.0 0.0 0.0 0.0 59.0 0.0 0.0 0.6799417192812044
37 42 39 0.0 0.0 56.0 0.0 1795.0 14.0 26.0 0.3649635036496349
37 42 40 0.0 0.0 212.0 0.0 4468.0 27.0 156.0 0.21036814425244177
37 42 41 0.0 0.0 28.0 0.0 868.0 5.0 3.0 0.48426150121065364
37 42 42 0.0 0.0 44.0 0.0 691.0 13.0 1.0 0.5143277002204261
37 42 43 0.0 0.0 0.0 0.0 1.0 0.0 0.0 0.6996501749125437
37 43 38 0.0 0.0 7.0 0.0 141.0 1.0 0.0 0.6520726595249184
37 43 39 0.0 0.0 40.0 0.0 734.0 7.0 1.0 0.5059631369714491
37 43 40 0.0 0.0 14.0 0.0 405.0 1.0 2.0 0.5792304509722795
37 43 41 0.0 0.0 1.0 0.0 48.0 0.0 0.0 0.6832601268911663
37 43 42 0.0 0.0 0.0 0.0 15.0 0.0 0.0 0.694789081885856
37 44 39 0.0 0.0 0.0 0.0 1.0 0.0 0.0 0.6996501749125437
37 44 41 0.0 0.0 0.0 0.0 1.0 0.0 0.0 0.6996501749125437
38 36 39 0.0 0.0 0.0 0.0 1.0 0.0 0.0 0.6996501749125437
38 36 40 0.0 0.0 0.0 0.0 7.0 0.0 0.0 0.6975585450921773
38 36 41 0.0 0.0 0.0 0.0 24.0 0.0 0.0 0.6916996047430829
38 36 42 0.0 0.0 0.0 0.0 2.0 0.0 0.0 0.6993006993006992
38 36 43 0.0 0.0 0.0 0.0 1.0 0.0 0.0 0.6996501749125437
38 37 36 0.0 0.0 0.0 0.0 4.0 0.0 0.0 0.6986027944111775
38 37 37 0.0 0.0 0.0 0.0 8.0 0.0 0.0 0.697211155378486
38 37 38 0.0 0.0 1.0 0.0 43.0 0.0 0.0 0.684931506849315
38 37 39 0.0 0.0 0.0 0.0 189.0 0.0 1.0 0.639853747714808
38 37 40 0.0 0.0 92.0 0.0 1770.0 15.0 14.0 0.36391993761372493
38 37 41 0.0 0.0 5.0 0.0 159.0 0.0 0.0 0.6469500924214416
38 37 42 0.0 0.0 61.0 0.0 1561.0 10.0 11.0 0.3875968992248061
38 37 43 0.0 0.0 7.0 0.0 142.0 2.0 0.0 0.6520726595249184
38 38 36 0.0 0.0 0.0 0.0 2.0 0.0 0.0 0.6993006993006992
38 38 37 0.0 0.0 0.0 0.0 33.0 0.0 0.0 0.6886374815543531
38 38 38 0.0 0.0 183.0 0.0 4272.0 18.0 181.0 0.21749262078608042
38 38 39 0.0 0.0 221.0 0.0 5242.0 22.0 313.0 0.18807092960773777
38 38 40 0.0 0.0 462.0 0.0 8956.0 22.0 1656.0 0.12269938650306747
38 38 41 0.0 0.0 354.0 0.0 7534.0 26.0 908.0 0.14194464158977999
38 38 42 0.0 0.0 79.0 0.0 2131.0 9.0 41.0 0.3331746787244169
38 38 43 0.0 0.0 0.0 0.0 19.0 0.0 0.0 0.6934125804853887
38 39 36 0.0 0.0 0.0 0.0 7.0 0.0 0.0 0.6975585450921773
38 39 37 0.0 0.0 3.0 0.0 103.0 1.0 0.0 0.6650831353919239
38 39 38 0.0 0.0 372.0 0.0 7634.0 16.0 1087.0 0.14002800560112022
38 39 39 0.0 0.0 632.0 0.0 10775.0 28.0 4336.0 0.10450880859958196
38 39 40 0.0 0.0 633.0 0.0 10573.0 20.0 3254.0 0.10602847621932747
38 39 41 0.0 0.0 497.0 0.0 9741.0 20.0 2838.0 0.11444453527344067
38 39 42 0.0 0.0 130.0 0.0 3582.0 15.0 110.0 0.24570024570024565
38 39 43 0.0 0.0 63.0 0.0 1018.0 17.0 2.0 0.4569190600522193
38 39 44 0.0 0.0 0.0 0.0 2.0 0.0 0.0 0.6993006993006992
38 40 37 0.0 0.0 1.0 0.0 104.0 1.0 0.0 0.6660323501427211
38 40 38 0.0 0.0 387.0 0.0 7739.0 36.0 947.0 0.13869625520110954
38 40 39 0.0 0.0 924.0 0.0 12345.0 28.0 7950.0 0.09176115881234842
38 40 40 0.0 0.0 714.0 0.0 11519.0 32.0 5514.0 0.09843903810997047
38 40 41 0.0 0.0 326.0 0.0 7503.0 18.0 992.0 0.1426242868785656
38 40 42 0.0 0.0 312.0 0.0 6669.0 20.0 669.0 0.15616285554935858
38 40 43 0.0 0.0 3.0 0.0 78.0 2.0 0.0 0.6734006734006733
38 40 44 0.0 0.0 0.0 0.0 1.0 0.0 0.0 0.6996501749125437
38 41 37 0.0 0.0 3.0 0.0 89.0 1.0 0.0 0.669536107125777
38 41 38 0.0 0.0 188.0 0.0 4510.0 14.0 198.0 0.20942408376963345
38 41 39 0.0 0.0 640.0 0.0 11014.0 26.0 4938.0 0.10258664908038395
38 41 40 0.0 0.0 801.0 0.0 11933.0 29.0 5244.0 0.09505058048747368
38 41 41 0.0 0.0 406.0 0.0 8024.0 27.0 1269.0 0.1345119139123751
38 41 42 0.0 0.0 68.0 0.0 1376.0 7.0 9.0 0.40733197556008144
38 41 43 0.0 0.0 0.0 0.0 17.0 0.0 0.0 0.6944444444444444
38 42 37 0.0 0.0 0.0 0.0 11.0 0.0 0.0 0.6961710591745399
38 42 38 0.0 0.0 163.0 0.0 3720.0 19.0 139.0 0.23874488403819916
38 42 39 0.0 0.0 458.0 0.0 9432.0 15.0 2397.0 0.11777572137629341
38 42 40 0.0 0.0 405.0 0.0 8448.0 24.0 1488.0 0.12917512456172722
38 42 41 0.0 0.0 596.0 0.0 10079.0 29.0 2616.0 0.11063695274221588
38 42 42 0.0 0.0 46.0 0.0 784.0 9.0 4.0 0.49627791563275425
38 42 43 0.0 0.0 0.0 0.0 3.0 0.0 0.0 0.6989515726410384
38 43 37 0.0 0.0 0.0 0.0 6.0 0.0 0.0 0.6979062811565303
38 43 38 0.0 0.0 16.0 0.0 330.0 4.0 1.0 0.5977796754910332
38 43 39 0.0 0.0 10.0 0.0 205.0 3.0 0.0 0.6329113924050632
38 43 40 0.0 0.0 106.0 0.0 2634.0 17.0 45.0 0.29642176582680496
38 43 41 0.0 0.0 45.0 0.0 1000.0 8.0 2.0 0.46098123147843256
38 43 42 0.0 0.0 2.0 0.0 79.0 1.0 0.0 0.6730769230769229
38 43 43 0.0 0.0 0.0 0.0 2.0 0.0 0.0 0.6993006993006992
38 44 39 0.0 0.0 0.0 0.0 7.0 0.0 0.0 0.6975585450921773
38 44 40 0.0 0.0 0.0 0.0 4.0 0.0 0.0 0.6986027944111775
38 44 41 0.0 0.0 0.0 0.0 9.0 0.0 0.0 0.6968641114982577
39 36 37 0.0 0.0 0.0 0.0 2.0 0.0 0.0 0.6993006993006992
39 36 39 0.0 0.0 0.0 0.0 7.0 0.0 0.0 0.6975585450921773
39 36 40 0.0 0.0 0.0 0.0 21.0 0.0 0.0 0.6927263730826323
39 36 41 0.0 0.0 3.0 0.0 97.0 1.0 0.0 0.6669842782277274
39 36 42 0.0 0.0 0.0 0.0 16.0 0.0 0.0 0.6944444444444444
39 36 43 0.0 0.0 0.0 0.0 1.0 0.0 0.0 0.6996501749125437
39 37 36 0.0 0.0 0.0 0.0 3.0 0.0 0.0 0.6989515726410384
39 37 37 0.0 0.0 38.0 0.0 828.0 1.0 2.0 0.48865619546247807
39 37 38 0.0 0.0 30.0 0.0 614.0 8.0 1.0 0.5311077389984825
39 37 39 0.0 0.0 6.0 0.0 291.0 0.0 1.0 0.6094906399651718
39 37 40 0.0 0.0 163.0 0.0 3801.0 17.0 137.0 0.23537323470073973
39 37 41 0.0 0.0 399.0 0.0 7689.0 27.0 947.0 0.1390130076457154
39 37 42 0.0 0.0 199.0 0.0 4174.0 16.0 172.0 0.22019502988361117
39 37 43 0.0 0.0 2.0 0.0 136.0 1.0 0.0 0.6551240056153486
39 38 36 0.0 0.0 0.0 0.0 11.0 0.0 0.0 0.6961710591745399
39 38 37 0.0 0.0 225.0 0.0 5379.0 11.0 395.0 0.18430753027909422
39 38 38 0.0 0.0 215.0 0.0 4495.0 28.0 199.0 0.2094867574442615
39 38 39 0.0 0.0 400.0 0.0 8432.0 23.0 1349.0 0.12936610608020696
39 38 40 0.0 0.0 897.0 0.0 12358.0 31.0 7601.0 0.09182736455463728
39 38 41 0.0 0.0 712.0 0.0 11451.0 38.0 4975.0 0.0989679061218719
39 38 42 0.0 0.0 190.0 0.0 5089.0 18.0 320.0 0.19278435692646653
39 38 43 0.0 0.0 1.0 0.0 82.0 0.0 0.0 0.6721075372059528
39 38 44 0.0 0.0 22.0 0.0 272.0 6.0 0.0 0.6118881118881118
39 39 36 0.0 0.0 6.0 0.0 93.0 2.0 0.0 0.6676204101096804
39 39 37 0.0 0.0 172.0 0.0 3291.0 16.0 83.0 0.25697503671071953
39 39 38 0.0 0.0 470.0 0.0 8872.0 28.0 1642.0 0.12359848150437007
39 39 39 0.0 0.0 1016.0 3.0 12520.0 29.0 11205.0 0.09006111289803795
39 39 40 0.0 0.0 1697.0 1.0 12340.0 37.0 25849.0 0.08718395815170008
39 39 41 0.0 0.0 1287.0 0.0 12589.0 39.0 16824.0 0.08817231389343745
39 39 42 0.0 0.0 270.0 0.0 6078.0 13.0 492.0 0.16796640671865623
39 39 43 0.0 0.0 21.0 0.0 366.0 7.0 0.0 0.588235294117647
39 40 36 0.0 0.0 0.0 0.0 17.0 0.0 0.0 0.694100148735746
39 40 37 0.0 0.0 44.0 0.0 1213.0 5.0 15.0 0.4305043050430503
39 40 38 0.0 0.0 632.0 0.0 10935.0 27.0 4099.0 0.10322200103222
39 40 39 2.0 0.0 1831.0 1.0 11941.0 36.0 30047.0 0.08860759493670885
39 40 40 1.0 0.0 1333.0 3.0 12608.0 39.0 17932.0 0.08777979810646434
39 40 41 1.0 0.0 817.0 0.0 12054.0 33.0 7606.0 0.09414929388029589
39 40 42 0.0 0.0 410.0 0.0 8369.0 32.0 1380.0 0.13015991074748975
39 40 43 0.0 0.0 0.0 0.0 81.0 0.0 0.0 0.6730769230769229
39 40 44 0.0 0.0 0.0 0.0 6.0 0.0 0.0 0.6979062811565303
39 41 36 0.0 0.0 0.0 0.0 5.0 0.0 0.0 0.6982543640897755
39 41 37 0.0 0.0 46.0 0.0 1235.0 8.0 9.0 0.427742132600061
39 41 38 0.0 0.0 435.0 0.0 8549.0 16.0 1384.0 0.12752778283840405
39 41 39 0.0 0.0 1164.0 1.0 12869.0 37.0 12103.0 0.08735804317983276
39 41 40 0.0 0.0 1371.0 0.0 12689.0 36.0 18213.0 0.08719481813652216
39 41 41 0.0 0.0 1145.0 0.0 12836.0 32.0 12906.0 0.08759306763436149
39 41 42 0.0 0.0 240.0 0.0 5687.0 22.0 393.0 0.17708069820389577
39 41 43 0.0 0.0 140.0 0.0 2962.0 19.0 61.0 0.2753737214791503
39 41 44 0.0 0.0 0.0 0.0 4.0 0.0 0.0 0.6986027944111775
39 42 36 0.0 0.0 0.0 0.0 6.0 0.0 0.0 0.6979062811565303
39 42 37 0.0 0.0 19.0 0.0 400.0 3.0 0.0 0.5794701986754967
39 42 38 0.0 0.0 295.0 0.0 5833.0 25.0 430.0 0.17277551524126863
39 42 39 0.0 0.0 312.0 0.0 6882.0 24.0 743.0 0.15248883563881926
39 42 40 0.0 0.0 579.0 0.0 10302.0 20.0 3421.0 0.10872941907424664
39 42 41 0.0 0.0 312.0 0.0 7323.0 18.0 1032.0 0.14548477605736254
39 42 42 0.0 0.0 59.0 0.0 2152.0 10.0 64.0 0.3332539871459176
39 42 43 0.0 0.0 0.0 0.0 13.0 0.0 0.0 0.695479384003974
39 42 44 0.0 0.0 0.0 0.0 4.0 0.0 0.0 0.6986027944111775
39 43 37 0.0 0.0 0.0 0.0 5.0 0.0 0.0 0.6982543640897755
39 43 38 0.0 0.0 2.0 0.0 148.0 2.0 1.0 0.6517690875232773
39 43 39 0.0 0.0 91.0 0.0 2315.0 14.0 37.0 0.31868882312770314
39 43 40 0.0 0.0 350.0 0.0 7126.0 27.0 756.0 0.14811680067710536
39 43 41 0.0 0.0 20.0 0.0 541.0 2.0 1.0 0.5470887065259866
39 43 42 0.0 0.0 97.0 0.0 2220.0 14.0 26.0 0.3253544039042528
39 43 43 0.0 0.0 0.0 0.0 1.0 0.0 0.0 0.6996501749125437
39 44 39 0.0 0.0 3.0 0.0 93.0 0.0 0.0 0.6679389312977099
39 44 40 0.0 0.0 1.0 0.0 29.0 1.0 0.0 0.6899950714637751
39 44 41 0.0 0.0 65.0 0.0 1517.0 8.0 11.0 0.39171796306659196
39 44 42 0.0 0.0 7.0 0.0 66.0 2.0 0.0 0.6760019314340897
39 44 43 0.0 0.0 0.0 0.0 1.0 0.0 0.0 0.6996501749125437
40 35 40 0.0 0.0 0.0 0.0 1.0 0.0 0.0 0.6996501749125437
40 36 37 0.0 0.0 0.0 0.0 1.0 0.0 0.0 0.0
40 36 38 0.0 0.0 1.0 0.0 19.0 0.0 0.0 0.6934125804853887
40 36 39 0.0 0.0 1.0 0.0 26.0 0.0 0.0 0.6910167818361302
40 36 40 0.0 0.0 0.0 0.0 23.0 0.0 0.0 0.6920415224913494
40 36 41 0.0 0.0 8.0 0.0 339.0 6.0 0.0 0.5980350277659119
40 36 42 0.0 0.0 0.0 0.0 15.0 0.0 0.0 0.694789081885856
40 37 36 0.0 0.0 0.0 0.0 3.0 0.0 0.0 0.6989515726410384
40 37 37 0.0 0.0 0.0 0.0 47.0 0.0 0.0 0.6839276990718123
40 37 38 0.0 0.0 200.0 0.0 4326.0 15.0 179.0 0.21482277121374863
40 37 39 0.0 0.0 55.0 0.0 1103.0 11.0 3.0 0.44486812837623124
40 37 40 0.0 0.0 84.0 0.0 2116.0 13.0 31.0 0.33420864168059194
40 37 41 0.0 0.0 328.0 0.0 6896.0 23.0 795.0 0.1520747338692157
40 37 42 0.0 0.0 80.0 0.0 1454.0 12.0 11.0 0.39750141964792723
40 37 43 0.0 0.0 7.0 0.0 220.0 2.0 0.0 0.6292134831460673
40 37 44 0.0 0.0 1.0 0.0 6.0 0.0 0.0 0.6975585450921773
40 38 36 0.0 0.0 0.0 0.0 10.0 0.0 0.0 0.6965174129353233
40 38 37 0.0 0.0 5.0 0.0 166.0 1.0 1.0 0.6451612903225805
40 38 38 0.0 0.0 717.0 0.0 11436.0 30.0 5782.0 0.09903791737408035
40 38 39 0.0 0.0 311.0 0.0 6464.0 18.0 593.0 0.15978087194704402
40 38 40 1.0 0.0 640.0 0.0 10962.0 33.0 4023.0 0.10306242638398114
40 38 41 0.0 0.0 685.0 0.0 11471.0 30.0 4814.0 0.09905894006934125
40 38 42 0.0 0.0 778.0 0.0 11638.0 20.0 4915.0 0.09709411193564046
40 38 43 0.0 0.0 130.0 0.0 3378.0 12.0 111.0 0.254730713245997
40 38 44 0.0 0.0 0.0 0.0 11.0 0.0 0.0 0.6961710591745399
40 39 36 0.0 0.0 2.0 0.0 28.0 1.0 0.0 0.6899950714637751
40 39 37 0.0 0.0 82.0 0.0 2020.0 7.0 25.0 0.34188034188034183
40 39 38 0.0 0.0 427.0 0.0 8882.0 21.0 1793.0 0.1239596245794227
40 39 39 0.0 0.0 1280.0 0.0 12470.0 47.0 17624.0 0.08900190718372536
40 39 40 0.0 0.0 1551.0 1.0 12974.0 47.0 20278.0 0.08473037583973853
40 39 41 0.0 0.0 1637.0 1.0 12548.0 48.0 23766.0 0.08649450142098108
40 39 42 0.0 0.0 698.0 0.0 11231.0 16.0 3771.0 0.10045203415369161
40 39 43 0.0 0.0 177.0 0.0 4227.0 11.0 182.0 0.21892103205629398
40 39 44 0.0 0.0 0.0 0.0 16.0 0.0 0.0 0.6944444444444444
40 40 36 0.0 0.0 18.0 0.0 406.0 4.0 0.0 0.5785123966942147
40 40 37 0.0 0.0 339.0 0.0 7633.0 19.0 1173.0 0.14056224899598393
40 40 38 0.0 0.0 515.0 0.0 9795.0 25.0 2712.0 0.11385816525699413
40 40 39 1.0 0.0 1063.0 0.0 12798.0 41.0 11771.0 0.08832807570977917
40 40 40 8.0 8.0 2886.0 18.0 9157.0 72.0 65015.0 0.09946007388462631
40 40 41 0.0 0.0 954.0 1.0 12450.0 34.0 10499.0 0.09097407238936903
40 40 42 0.0 0.0 417.0 0.0 8746.0 25.0 1740.0 0.12560559842095817
40 40 43 0.0 0.0 37.0 0.0 1216.0 7.0 7.0 0.43130006161429446
40 40 44 0.0 0.0 0.0 0.0 8.0 0.0 0.0 0.697211155378486
40 41 36 0.0 0.0 0.0 0.0 13.0 0.0 0.0 0.695479384003974
40 41 37 0.0 0.0 252.0 0.0 5745.0 20.0 463.0 0.17543859649122803
40 41 38 0.0 0.0 738.0 0.0 11240.0 25.0 4734.0 0.10018605982539
40 41 39 0.0 0.0 1017.0 5.0 12795.0 24.0 9374.0 0.08848998166993235
40 41 40 0.0 3.0 1196.0 17.0 12816.0 40.0 14463.0 0.08739076154806491
40 41 41 0.0 0.0 1248.0 0.0 12694.0 24.0 15474.0 0.08779080704834764
40 41 42 0.0 0.0 278.0 0.0 6180.0 21.0 604.0 0.1658964332266856
40 41 43 0.0 0.0 146.0 0.0 3516.0 12.0 93.0 0.2476999292285916
40 41 44 0.0 0.0 0.0 0.0 9.0 0.0 0.0 0.6968641114982577
40 42 36 0.0 0.0 29.0 0.0 554.0 7.0 0.0 0.5434782608695652
40 42 37 0.0 0.0 46.0 0.0 1445.0 8.0 13.0 0.4020677771395749
40 42 38 0.0 0.0 199.0 0.0 4642.0 18.0 218.0 0.20503807850029288
40 42 39 0.0 0.0 796.0 0.0 11849.0 28.0 7728.0 0.09564148107664981
40 42 40 0.0 0.0 328.0 3.0 7217.0 19.0 936.0 0.1467966865890741
40 42 41 0.0 0.0 683.0 0.0 11205.0 26.0 4140.0 0.10085728693898133
40 42 42 0.0 0.0 78.0 0.0 1846.0 9.0 23.0 0.3575076608784473
40 42 43 0.0 0.0 2.0 0.0 30.0 0.0 0.0 0.6893156080748399
40 42 44 0.0 0.0 5.0 0.0 49.0 2.0 0.0 0.6822612085769979
40 43 37 0.0 0.0 2.0 0.0 44.0 0.0 0.0 0.6842619745845552
40 43 38 0.0 0.0 0.0 0.0 78.0 0.0 0.0 0.6737247353224253
40 43 39 0.0 0.0 113.0 0.0 2446.0 14.0 35.0 0.3079630444346678
40 43 40 0.0 0.0 287.0 0.0 5790.0 15.0 411.0 0.17350353203618787
40 43 41 0.0 0.0 54.0 0.0 1267.0 13.0 8.0 0.4232164449818621
40 43 42 0.0 0.0 5.0 0.0 146.0 3.0 0.0 0.6517690875232773
40 43 43 0.0 0.0 0.0 0.0 4.0 0.0 0.0 0.6986027944111775
40 44 39 0.0 0.0 4.0 0.0 72.0 1.0 0.0 0.6746987951807227
40 44 40 0.0 0.0 1.0 0.0 20.0 0.0 0.0 0.6927263730826323
40 44 41 0.0 0.0 0.0 0.0 9.0 0.0 0.0 0.6968641114982577
40 44 42 0.0 0.0 0.0 0.0 1.0 0.0 0.0 0.6996501749125437
40 45 41 0.0 0.0 0.0 0.0 1.0 0.0 0.0 0.6996501749125437
41 35 39 0.0 0.0 0.0 0.0 1.0 0.0 0.0 0.6996501749125437
41 35 40 0.0 0.0 0.0 0.0 1.0 0.0 0.0 0.6996501749125437
41 36 37 0.0 0.0 0.0 0.0 3.0 0.0 0.0 0.6989515726410384
41 36 38 0.0 0.0 0.0 0.0 13.0 0.0 0.0 0.695479384003974
41 36 39 0.0 0.0 107.0 0.0 2726.0 14.0 57.0 0.2904564315352697
41 36 40 0.0 0.0 2.0 0.0 42.0 2.0 0.0 0.6856023506366307
41 36 41 0.0 0.0 0.0 0.0 26.0 0.0 0.0 0.6910167818361302
41 36 42 0.0 0.0 0.0 0.0 20.0 0.0 0.0 0.6930693069306929
41 36 43 0.0 0.0 2.0 0.0 30.0 0.0 0.0 0.6889763779527558
41 37 37 0.0 0.0 0.0 0.0 42.0 0.0 0.0 0.6856023506366307
41 37 38 0.0 0.0 8.0 0.0 226.0 6.0 0.0 0.6283662477558347
41 37 39 0.0 0.0 218.0 0.0 5377.0 18.0 400.0 0.18472093943792053
41 37 40 0.0 0.0 126.0 0.0 3112.0 15.0 76.0 0.26809651474530827
41 37 41 0.0 0.0 158.0 0.0 3510.0 25.0 99.0 0.2480510276399716
41 37 42 0.0 0.0 222.0 0.0 4178.0 16.0 142.0 0.21922956467272153
41 37 43 0.0 0.0 77.0 0.0 1648.0 12.0 23.0 0.37695207323640273
41 37 44 0.0 0.0 0.0 0.0 1.0 0.0 0.0 0.6996501749125437
41 38 37 0.0 0.0 52.0 0.0 900.0 14.0 2.0 0.4766768811712631
41 38 38 0.0 0.0 200.0 0.0 4500.0 11.0 212.0 0.2092675635276532
41 38 39 0.0 0.0 518.0 0.0 9790.0 21.0 2622.0 0.11385816525699413
41 38 40 0.0 0.0 786.0 0.0 11723.0 28.0 6335.0 0.09659169311439215
41 38 41 0.0 0.0 721.0 0.0 11511.0 28.0 5761.0 0.09846673231115487
41 38 42 0.0 0.0 768.0 0.0 11872.0 27.0 7356.0 0.0956937799043062
41 38 43 0.0 0.0 150.0 0.0 3863.0 10.0 146.0 0.23321672497084786
41 38 44 0.0 0.0 6.0 0.0 88.0 3.0 0.0 0.669536107125777
41 39 36 0.0 0.0 4.0 0.0 58.0 0.0 0.0 0.6789524733268669
41 39 37 0.0 0.0 5.0 0.0 324.0 0.0 0.0 0.6011163589523401
41 39 38 0.0 0.0 429.0 0.0 8651.0 19.0 1460.0 0.1264679313459801
41 39 39 0.0 0.0 915.0 2.0 12440.0 30.0 8862.0 0.09116363873152307
41 39 40 0.0 0.0 1758.0 0.0 11939.0 60.0 28680.0 0.08929710422247734
41 39 41 1.0 0.0 2190.0 0.0 11151.0 62.0 40010.0 0.09134803601722562
41 39 42 0.0 0.0 832.0 0.0 12095.0 32.0 6261.0 0.09387782471669012
41 39 43 0.0 0.0 141.0 0.0 3686.0 14.0 134.0 0.24083949767761909
41 39 44 0.0 0.0 3.0 0.0 85.0 2.0 0.0 0.6711409395973154
41 40 35 0.0 0.0 0.0 0.0 1.0 0.0 0.0 0.6996501749125437
41 40 36 0.0 0.0 62.0 0.0 1679.0 9.0 21.0 0.37513397642015
41 40 37 0.0 0.0 77.0 0.0 1789.0 14.0 20.0 0.3636363636363636
41 40 38 0.0 0.0 603.0 0.0 10641.0 16.0 3584.0 0.10574816829065638
41 40 39 0.0 0.0 1456.0 0.0 12362.0 41.0 20854.0 0.08850676444556832
41 40 40 0.0 0.0 806.0 11.0 12176.0 31.0 5640.0 0.09343923112861242
41 40 41 0.0 0.0 1328.0 1.0 12835.0 36.0 16383.0 0.0866122246968572
41 40 42 0.0 0.0 985.0 0.0 12455.0 31.0 10067.0 0.09071470226138792
41 40 43 0.0 0.0 332.0 0.0 7367.0 18.0 1075.0 0.14456836018174304
41 40 44 0.0 0.0 23.0 0.0 387.0 7.0 0.0 0.5826050769870994
41 41 36 0.0 0.0 1.0 0.0 14.0 1.0 0.0 0.6951340615690167
41 41 37 0.0 0.0 267.0 0.0 5354.0 28.0 301.0 0.18433179723502302
41 41 38 0.0 0.0 423.0 0.0 8650.0 20.0 1690.0 0.12658227848101264
41 41 39 0.0 0.0 1117.0 1.0 12626.0 35.0 12219.0 0.0889058233314282
41 41 40 0.0 0.0 1550.0 0.0 12065.0 33.0 24779.0 0.08961720650364868
41 41 41 0.0 1.0 743.0 7.0 11164.0 41.0 4183.0 0.10080645161290322
41 41 42 0.0 0.0 261.0 0.0 5555.0 15.0 346.0 0.17939518195797025
41 41 43 0.0 0.0 84.0 0.0 1774.0 10.0 16.0 0.3637308391790075
41 41 44 0.0 0.0 0.0 0.0 9.0 0.0 0.0 0.6968641114982577
41 42 36 0.0 0.0 6.0 0.0 95.0 1.0 0.0 0.6666666666666665
41 42 37 0.0 0.0 40.0 0.0 914.0 6.0 5.0 0.4748982360922659
41 42 38 0.0 0.0 93.0 0.0 1977.0 17.0 25.0 0.34533793783917116
41 42 39 0.0 0.0 209.0 0.0 4795.0 14.0 262.0 0.20020020020020016
41 42 40 0.0 0.0 370.0 0.0 7918.0 12.0 1243.0 0.13608087091757384
41 42 41 0.0 0.0 382.0 0.0 7680.0 20.0 961.0 0.13931734500945364
41 42 42 0.0 0.0 38.0 0.0 1259.0 4.0 8.0 0.4251442453689644
41 42 43 0.0 0.0 0.0 0.0 14.0 0.0 0.0 0.6951340615690167
41 42 44 0.0 0.0 0.0 0.0 1.0 0.0 0.0 0.6996501749125437
41 43 37 0.0 0.0 0.0 0.0 3.0 0.0 0.0 0.6989515726410384
41 43 38 0.0 0.0 1.0 0.0 82.0 1.0 0.0 0.6724303554274734
41 43 39 0.0 0.0 103.0 0.0 2060.0 21.0 24.0 0.33800096571704485
41 43 40 0.0 0.0 9.0 0.0 275.0 1.0 1.0 0.6134969325153373
41 43 41 0.0 0.0 27.0 0.0 748.0 8.0 5.0 0.5059631369714491
41 43 42 0.0 0.0 68.0 0.0 1312.0 5.0 6.0 0.41481481481481475
41 44 38 0.0 0.0 2.0 0.0 12.0 1.0 0.0 0.695479384003974
41 44 40 0.0 0.0 0.0 0.0 4.0 0.0 0.0 0.6986027944111775
41 44 41 0.0 0.0 1.0 0.0 1.0 0.0 0.0 0.6993006993006992
41 44 43 0.0 0.0 0.0 0.0 1.0 0.0 0.0 0.6996501749125437
42 35 38 0.0 0.0 0.0 0.0 2.0 0.0 0.0 0.6993006993006992
42 36 38 0.0 0.0 0.0 0.0 6.0 0.0 0.0 0.6979062811565303
42 36 39 0.0 0.0 26.0 0.0 336.0 5.0 0.0 0.593975392448027
42 36 40 0.0 0.0 0.0 0.0 33.0 0.0 0.0 0.6886374815543531
42 36 41 0.0 0.0 4.0 0.0 114.0 0.0 0.0 0.6610009442870631
42 36 42 0.0 0.0 0.0 0.0 9.0 0.0 0.0 0.6968641114982577
42 36 43 0.0 0.0 0.0 0.0 6.0 0.0 0.0 0.6979062811565303
42 36 44 0.0 0.0 0.0 0.0 4.0 0.0 0.0 0.6986027944111775
42 37 37 0.0 0.0 0.0 0.0 4.0 0.0 0.0 0.6986027944111775
42 37 38 0.0 0.0 1.0 0.0 61.0 1.0 0.0 0.6792819019893255
42 37 39 0.0 0.0 141.0 0.0 2811.0 18.0 46.0 0.2838029596594364
42 37 40 0.0 0.0 405.0 0.0 8235.0 26.0 1451.0 0.13178951332015437
42 37 41 0.0 0.0 289.0 0.0 6234.0 21.0 562.0 0.16453167234692676
42 37 42 0.0 0.0 21.0 0.0 760.0 2.0 3.0 0.503778337531486
42 37 43 0.0 0.0 125.0 0.0 3678.0 13.0 168.0 0.24175444655499914
42 37 44 0.0 0.0 0.0 0.0 4.0 0.0 0.0 0.6986027944111775
42 38 37 0.0 0.0 0.0 0.0 16.0 0.0 0.0 0.6944444444444444
42 38 38 0.0 0.0 123.0 0.0 3100.0 15.0 90.0 0.26871401151631474
42 38 39 0.0 0.0 284.0 0.0 6801.0 14.0 825.0 0.1542699724517906
42 38 40 0.0 0.0 816.0 0.0 11931.0 31.0 7753.0 0.09493456296195835
42 38 41 0.0 0.0 947.0 0.0 12378.0 22.0 8662.0 0.09133015852306085
42 38 42 0.0 0.0 261.0 0.0 5750.0 24.0 449.0 0.1751970967338255
42 38 43 0.0 0.0 13.0 0.0 502.0 3.0 4.0 0.5573248407643311
42 38 44 0.0 0.0 0.0 0.0 6.0 0.0 0.0 0.6979062811565303
42 39 37 0.0 0.0 42.0 0.0 1345.0 10.0 10.0 0.41456914421083796
42 39 38 0.0 0.0 129.0 0.0 2786.0 21.0 48.0 0.28612303290414876
42 39 39 0.0 0.0 496.0 0.0 9144.0 31.0 1944.0 0.12049229709957825
42 39 40 0.0 0.0 860.0 0.0 12188.0 21.0 7722.0 0.09301707527739018
42 39 41 0.0 0.0 712.0 0.0 11511.0 29.0 4857.0 0.09849444209933866
42 39 42 0.0 0.0 938.0 0.0 12567.0 27.0 8477.0 0.09032258064516129
42 39 43 0.0 0.0 31.0 0.0 863.0 4.0 3.0 0.484764542936288
42 39 44 0.0 0.0 1.0 0.0 27.0 0.0 0.0 0.690335305719921
42 40 36 0.0 0.0 0.0 0.0 8.0 0.0 0.0 0.697211155378486
42 40 37 0.0 0.0 13.0 0.0 201.0 3.0 0.0 0.6331976481230212
42 40 38 0.0 0.0 516.0 0.0 10124.0 23.0 3069.0 0.11084718923198733
42 40 39 0.0 0.0 536.0 0.0 9682.0 17.0 2216.0 0.11464133639043562
42 40 40 0.0 0.0 747.0 0.0 11787.0 27.0 5919.0 0.09633911368015413
42 40 41 0.0 0.0 780.0 0.0 11799.0 25.0 5397.0 0.09609444711373463
42 40 42 0.0 0.0 695.0 0.0 11382.0 36.0 4606.0 0.099601593625498
42 40 43 0.0 0.0 168.0 0.0 3707.0 18.0 103.0 0.23890784982935148
42 40 44 0.0 0.0 8.0 0.0 147.0 3.0 0.0 0.6505576208178437
42 41 36 0.0 0.0 0.0 0.0 1.0 0.0 0.0 0.6996501749125437
42 41 37 0.0 0.0 3.0 0.0 122.0 2.0 0.0 0.6594441827602449
42 41 38 0.0 0.0 261.0 0.0 6014.0 20.0 489.0 0.1694299891080721
42 41 39 0.0 0.0 411.0 0.0 7887.0 20.0 1034.0 0.13614703880190604
42 41 40 0.0 0.0 385.0 0.0 8312.0 19.0 1627.0 0.13108614232209737
42 41 41 0.0 0.0 62.0 0.0 2150.0 6.0 47.0 0.33301617507136055
42 41 42 0.0 0.0 320.0 0.0 7496.0 22.0 1079.0 0.1428863033272096
42 41 43 0.0 0.0 55.0 0.0 1099.0 14.0 2.0 0.4458598726114649
42 41 44 0.0 0.0 0.0 0.0 6.0 0.0 0.0 0.6979062811565303
42 42 36 0.0 0.0 0.0 0.0 4.0 0.0 0.0 0.6986027944111775
42 42 37 0.0 0.0 0.0 0.0 36.0 0.0 0.0 0.6876227897838899
42 42 38 0.0 0.0 263.0 0.0 5854.0 25.0 472.0 0.172946263125386
42 42 39 0.0 0.0 304.0 0.0 6803.0 24.0 749.0 0.15406624848684933
42 42 40 0.0 0.0 68.0 0.0 2305.0 12.0 56.0 0.3210272873194221
42 42 41 0.0 0.0 369.0 0.0 7699.0 19.0 1050.0 0.13924806047344337
42 42 42 0.0 0.0 6.0 0.0 133.0 1.0 0.0 0.6548175865294666
42 42 43 0.0 0.0 0.0 0.0 19.0 0.0 0.0 0.6934125804853887
42 43 37 0.0 0.0 0.0 0.0 6.0 0.0 0.0 0.6979062811565303
42 43 38 0.0 0.0 2.0 0.0 25.0 0.0 0.0 0.6906758756783422
42 43 39 0.0 0.0 0.0 0.0 32.0 0.0 0.0 0.6889763779527558
42 43 40 0.0 0.0 0.0 0.0 48.0 0.0 0.0 0.6835937499999999
42 43 41 0.0 0.0 11.0 0.0 146.0 2.0 0.0 0.6496519721577725
42 43 42 0.0 0.0 6.0 0.0 107.0 4.0 0.0 0.6638217164532954
42 44 40 0.0 0.0 0.0 0.0 1.0 0.0 0.0 0.6996501749125437
42 44 41 0.0 0.0 0.0 0.0 1.0 0.0 0.0 0.6996501749125437
43 36 39 0.0 0.0 2.0 0.0 33.0 1.0 0.0 0.6882989183874139
43 36 40 0.0 0.0 0.0 0.0 11.0 0.0 0.0 0.6961710591745399
43 36 41 0.0 0.0 0.0 0.0 24.0 1.0 0.0 0.6920415224913494
43 36 42 0.0 0.0 0.0 0.0 4.0 0.0 0.0 0.6986027944111775
43 37 38 0.0 0.0 0.0 0.0 5.0 0.0 0.0 0.6982543640897755
43 37 39 0.0 0.0 1.0 0.0 72.0 2.0 1.0 0.6760019314340897
43 37 40 0.0 0.0 24.0 0.0 564.0 6.0 3.0 0.5422153369481022
43 37 41 0.0 0.0 39.0 0.0 984.0 3.0 5.0 0.4635761589403972
43 37 42 0.0 0.0 2.0 0.0 89.0 1.0 0.0 0.6698564593301434
43 37 43 0.0 0.0 27.0 0.0 411.0 8.0 1.0 0.5761316872427983
43 37 44 0.0 0.0 0.0 0.0 1.0 0.0 0.0 0.6996501749125437
43 38 38 0.0 0.0 4.0 0.0 20.0 0.0 0.0 0.6916996047430829
43 38 39 0.0 0.0 8.0 0.0 473.0 3.0 2.0 0.5649717514124293
43 38 40 0.0 0.0 121.0 0.0 2588.0 12.0 56.0 0.29812606473594544
43 38 41 0.0 0.0 162.0 0.0 4138.0 17.0 173.0 0.2227525855210819
43 38 42 0.0 0.0 105.0 0.0 2731.0 22.0 57.0 0.29087886972782045
43 38 43 0.0 0.0 63.0 0.0 1350.0 10.0 11.0 0.41140170437848944
43 38 44 0.0 0.0 0.0 0.0 3.0 0.0 0.0 0.6989515726410384
43 39 37 0.0 0.0 0.0 0.0 21.0 1.0 0.0 0.6930693069306929
43 39 38 0.0 0.0 14.0 0.0 278.0 2.0 0.0 0.6113537117903929
43 39 39 0.0 0.0 101.0 0.0 2467.0 20.0 44.0 0.3078953155926984
43 39 40 0.0 0.0 273.0 0.0 6175.0 15.0 549.0 0.1658964332266856
43 39 41 0.0 0.0 98.0 0.0 2220.0 8.0 41.0 0.32482598607888624
43 39 42 0.0 0.0 232.0 0.0 4991.0 14.0 299.0 0.19401330376940132
43 39 43 0.0 0.0 148.0 0.0 3225.0 17.0 74.0 0.26134030240806416
43 39 44 0.0 0.0 0.0 0.0 7.0 0.0 0.0 0.6975585450921773
43 40 36 0.0 0.0 0.0 0.0 3.0 0.0 0.0 0.6989515726410384
43 40 37 0.0 0.0 3.0 0.0 42.0 0.0 0.0 0.6845965770171147
43 40 38 0.0 0.0 107.0 0.0 2450.0 12.0 36.0 0.3078953155926984
43 40 39 0.0 0.0 101.0 0.0 2001.0 18.0 26.0 0.3428851334802841
43 40 40 0.0 0.0 139.0 0.0 3480.0 15.0 113.0 0.24977698483496874
43 40 41 0.0 0.0 301.0 0.0 6672.0 27.0 721.0 0.1563721657544957
43 40 42 0.0 0.0 85.0 0.0 1806.0 13.0 18.0 0.36101083032490966
43 40 43 0.0 0.0 52.0 0.0 1015.0 11.0 2.0 0.4582651391162029
43 40 44 0.0 0.0 0.0 0.0 4.0 0.0 0.0 0.6986027944111775
43 41 36 0.0 0.0 0.0 0.0 4.0 0.0 0.0 0.6986027944111775
43 41 37 0.0 0.0 203.0 0.0 4334.0 24.0 198.0 0.21492170709241631
43 41 38 0.0 0.0 1.0 0.0 90.0 0.0 0.0 0.6698564593301434
43 41 39 0.0 0.0 93.0 0.0 1850.0 16.0 23.0 0.3564154786150712
43 41 40 0.0 0.0 341.0 0.0 5965.0 23.0 396.0 0.16900048285852243
43 41 41 0.0 0.0 6.0 0.0 314.0 4.0 0.0 0.6044905008635577
43 41 42 0.0 0.0 41.0 0.0 959.0 6.0 3.0 0.4676018704074816
43 41 43 0.0 0.0 7.0 0.0 230.0 1.0 0.0 0.626118067978533
43 41 44 0.0 0.0 0.0 0.0 2.0 0.0 0.0 0.6993006993006992
43 42 37 0.0 0.0 1.0 0.0 33.0 0.0 0.0 0.6882989183874139
43 42 38 0.0 0.0 1.0 0.0 66.0 0.0 0.0 0.6773101112723753
43 42 39 0.0 0.0 33.0 0.0 888.0 6.0 4.0 0.48027444253859347
43 42 40 0.0 0.0 13.0 0.0 432.0 3.0 1.0 0.5733005733005732
43 42 41 0.0 0.0 0.0 0.0 27.0 0.0 0.0 0.6906758756783422
43 42 42 0.0 0.0 0.0 0.0 21.0 0.0 0.0 0.6927263730826323
43 42 43 0.0 0.0 0.0 0.0 9.0 0.0 0.0 0.697211155378486
43 43 37 0.0 0.0 0.0 0.0 4.0 0.0 0.0 0.6986027944111775
43 43 38 0.0 0.0 0.0 0.0 8.0 0.0 0.0 0.697211155378486
43 43 39 0.0 0.0 0.0 0.0 21.0 0.0 0.0 0.6927263730826323
43 43 40 0.0 0.0 0.0 0.0 13.0 0.0 0.0 0.695479384003974
43 43 41 0.0 0.0 0.0 0.0 18.0 0.0 0.0 0.6937561942517343
43 43 42 0.0 0.0 0.0 0.0 10.0 0.0 0.0 0.6965174129353233
44 37 40 0.0 0.0 0.0 0.0 3.0 0.0 0.0 0.6989515726410384
44 37 41 0.0 0.0 0.0 0.0 3.0 0.0 0.0 0.6989515726410384
44 37 42 0.0 0.0 0.0 0.0 3.0 0.0 0.0 0.6989515726410384
44 38 38 0.0 0.0 1.0 0.0 7.0 0.0 0.0 0.697211155378486
44 38 39 0.0 0.0 0.0 0.0 13.0 0.0 0.0 0.6958250497017892
44 38 40 0.0 0.0 0.0 0.0 9.0 0.0 0.0 0.6968641114982577
44 38 41 0.0 0.0 25.0 0.0 420.0 3.0 0.0 0.5733005733005732
44 38 42 0.0 0.0 0.0 0.0 7.0 0.0 0.0 0.6975585450921773
44 38 43 0.0 0.0 0.0 0.0 4.0 0.0 0.0 0.6986027944111775
44 38 44 0.0 0.0 0.0 0.0 1.0 0.0 0.0 0.6996501749125437
44 39 38 0.0 0.0 0.0 0.0 6.0 0.0 0.0 0.6982543640897755
44 39 39 0.0 0.0 0.0 0.0 4.0 0.0 0.0 0.6986027944111775
44 39 40 0.0 0.0 0.0 0.0 33.0 0.0 0.0 0.6886374815543531
44 39 41 0.0 0.0 8.0 0.0 86.0 4.0 0.0 0.6698564593301434
44 39 42 0.0 0.0 0.0 0.0 21.0 0.0 0.0 0.6927263730826323
44 39 43 0.0 0.0 0.0 0.0 1.0 0.0 0.0 0.6996501749125437
44 39 44 0.0 0.0 0.0 0.0 1.0 0.0 0.0 0.6996501749125437
44 40 36 0.0 0.0 6.0 0.0 24.0 3.0 0.0 0.6906758756783422
44 40 37 0.0 0.0 0.0 0.0 2.0 0.0 0.0 0.6993006993006992
44 40 38 0.0 0.0 0.0 0.0 2.0 0.0 0.0 0.6993006993006992
44 40 39 0.0 0.0 1.0 0.0 20.0 0.0 0.0 0.6927263730826323
44 40 40 0.0 0.0 4.0 0.0 100.0 0.0 0.0 0.6653992395437262
44 40 41 0.0 0.0 0.0 0.0 16.0 0.0 0.0 0.6944444444444444
44 40 42 0.0 0.0 1.0 0.0 30.0 0.0 0.0 0.6893156080748399
44 40 43 0.0 0.0 1.0 0.0 8.0 0.0 0.0 0.6968641114982577
44 40 44 0.0 0.0 2.0 0.0 77.0 0.0 0.0 0.6734006734006733
44 41 36 0.0 0.0 0.0 0.0 2.0 0.0 0.0 0.6993006993006992
44 41 37 0.0 0.0 0.0 0.0 4.0 0.0 0.0 0.6986027944111775
44 41 38 0.0 0.0 0.0 0.0 6.0 0.0 0.0 0.6979062811565303
44 41 39 0.0 0.0 0.0 0.0 4.0 0.0 0.0 0.6986027944111775
44 41 40 0.0 0.0 0.0 0.0 13.0 0.0 0.0 0.695479384003974
44 41 41 0.0 0.0 56.0 0.0 1134.0 7.0 5.0 0.43969849246231146
44 41 42 0.0 0.0 0.0 0.0 9.0 0.0 0.0 0.6968641114982577
44 41 43 0.0 0.0 0.0 0.0 1.0 0.0 0.0 0.6996501749125437
44 41 44 0.0 0.0 0.0 0.0 1.0 0.0 0.0 0.6996501749125437
44 42 36 0.0 0.0 28.0 0.0 603.0 9.0 0.0 0.5339435545385202
44 42 37 0.0 0.0 0.0 0.0 3.0 0.0 0.0 0.6989515726410384
44 42 38 0.0 0.0 0.0 0.0 2.0 0.0 0.0 0.6993006993006992
44 42 39 0.0 0.0 0.0 0.0 1.0 0.0 0.0 0.6996501749125437
44 42 40 0.0 0.0 0.0 0.0 3.0 0.0 0.0 0.6989515726410384
44 42 41 0.0 0.0 0.0 0.0 2.0 0.0 0.0 0.6993006993006992
44 42 44 0.0 0.0 0.0 0.0 1.0 0.0 0.0 0.6996501749125437
45 40 40 0.0 0.0 0.0 0.0 1.0 0.0 0.0 0.6996501749125437
45 42 41 0.0 0.0 0.0 0.0 1.0 0.0 0.0 0.0
