34 37 39 0.0 0.0 0.0 0.0 2.0 0.0 0.0 0.6993006993006992
34 37 40 0.0 0.0 0.0 0.0 3.0 0.0 0.0 0.6989515726410384
34 37 41 0.0 0.0 0.0 0.0 2.0 0.0 0.0 0.6993006993006992
34 37 42 0.0 0.0 0.0 0.0 1.0 0.0 0.0 0.0
34 38 38 0.0 0.0 0.0 0.0 3.0 0.0 0.0 0.6989515726410384
34 38 39 0.0 0.0 2.0 0.0 35.0 0.0 0.0 0.6872852233676975
34 38 40 0.0 0.0 5.0 0.0 165.0 0.0 0.0 0.6451612903225805
34 38 41 0.0 0.0 0.0 0.0 3.0 0.0 0.0 0.6989515726410384
34 38 42 0.0 0.0 0.0 0.0 2.0 0.0 0.0 0.6993006993006992
34 39 37 0.0 0.0 0.0 0.0 10.0 0.0 0.0 0.6965174129353233
34 39 38 0.0 0.0 2.0 0.0 9.0 0.0 0.0 0.6961710591745399
34 39 39 0.0 0.0 0.0 0.0 10.0 0.0 0.0 0.6965174129353233
34 39 40 0.0 0.0 0.0 0.0 6.0 0.0 0.0 0.6979062811565303
34 39 41 0.0 0.0 0.0 0.0 5.0 0.0 0.0 0.6982543640897755
34 39 42 0.0 0.0 0.0 0.0 5.0 0.0 0.0 0.6982543640897755
34 40 36 0.0 0.0 0.0 0.0 3.0 0.0 0.0 0.6989515726410384
34 40 37 0.0 0.0 0.0 0.0 14.0 1.0 0.0 0.695479384003974
34 40 38 0.0 0.0 0.0 0.0 2.0 0.0 0.0 0.6993006993006992
34 40 39 0.0 0.0 0.0 0.0 12.0 0.0 0.0 0.6958250497017892
34 41 37 0.0 0.0 0.0 0.0 5.0 0.0 0.0 0.6982543640897755
34 41 38 0.0 0.0 4.0 0.0 26.0 0.0 0.0 0.689655172413793
34 41 39 0.0 0.0 0.0 0.0 7.0 0.0 0.0 0.6975585450921773
34 41 40 0.0 0.0 0.0 0.0 2.0 0.0 0.0 0.6993006993006992
34 42 36 0.0 0.0 0.0 0.0 1.0 0.0 0.0 0.6996501749125437
34 42 38 0.0 0.0 0.0 0.0 2.0 0.0 0.0 0.6993006993006992
34 42 39 0.0 0.0 0.0 0.0 3.0 0.0 0.0 0.6989515726410384
34 42 41 0.0 0.0 0.0 0.0 2.0 0.0 0.0 0.6993006993006992
34 43 41 0.0 0.0 0.0 0.0 1.0 0.0 0.0 0.6996501749125437
34 44 40 0.0 0.0 0.0 0.0 2.0 0.0 0.0 0.6993006993006992
34 44 41 0.0 0.0 0.0 0.0 1.0 0.0 0.0 0.6996501749125437
34 45 42 0.0 0.0 0.0 0.0 1.0 0.0 0.0 0.6996501749125437
34 45 43 0.0 0.0 0.0 0.0 1.0 0.0 0.0 0.6996501749125437
35 35 42 0.0 0.0 0.0 0.0 1.0 0.0 0.0 0.6996501749125437
35 36 37 0.0 0.0 0.0 0.0 1.0 0.0 0.0 0.6996501749125437
35 36 38 0.0 0.0 0.0 0.0 4.0 1.0 0.0 0.6989515726410384
35 36 39 0.0 0.0 1.0 0.0 9.0 0.0 0.0 0.6965174129353233
35 36 40 0.0 0.0 0.0 0.0 4.0 0.0 0.0 0.6986027944111775
35 36 41 0.0 0.0 0.0 0.0 4.0 0.0 0.0 0.6986027944111775
35 36 42 0.0 0.0 0.0 0.0 5.0 0.0 0.0 0.6982543640897755
35 36 43 0.0 0.0 0.0 0.0 1.0 0.0 0.0 0.6996501749125437
35 37 37 0.0 0.0 0.0 0.0 4.0 0.0 0.0 0.6986027944111775
35 37 38 0.0 0.0 0.0 0.0 3.0 0.0 0.0 0.6989515726410384
35 37 39 0.0 0.0 0.0 0.0 40.0 0.0 0.0 0.6862745098039215
35 37 40 0.0 0.0 0.0 0.0 43.0 0.0 0.0 0.6852667645619186
35 37 41 0.0 0.0 0.0 0.0 42.0 0.0 0.0 0.6859382655560998
35 37 42 0.0 0.0 1.0 0.0 15.0 0.0 0.0 0.6944444444444444
35 37 43 0.0 0.0 0.0 0.0 1.0 0.0 0.0 0.6996501749125437
35 38 36 0.0 0.0 0.0 0.0 2.0 0.0 0.0 0.6993006993006992
35 38 37 0.0 0.0 0.0 0.0 13.0 0.0 0.0 0.695479384003974
35 38 38 0.0 0.0 0.0 0.0 44.0 1.0 0.0 0.6852667645619186
35 38 39 0.0 0.0 7.0 0.0 302.0 3.0 0.0 0.6071118820468342
35 38 40 0.0 0.0 197.0 0.0 4880.0 16.0 277.0 0.1982721994051834
35 38 41 0.0 0.0 174.0 0.0 4230.0 21.0 182.0 0.21922956467272153
35 38 42 0.0 0.0 0.0 0.0 7.0 0.0 0.0 0.6975585450921773
35 38 43 0.0 0.0 0.0 0.0 2.0 0.0 0.0 0.6993006993006992
35 39 36 0.0 0.0 2.0 0.0 23.0 2.0 0.0 0.6920415224913494
35 39 37 0.0 0.0 7.0 0.0 255.0 2.0 0.0 0.6194690265486725
35 39 38 0.0 0.0 225.0 0.0 4916.0 18.0 242.0 0.1964360881156166
35 39 39 0.0 0.0 44.0 0.0 1435.0 9.0 10.0 0.40345821325648407
35 39 40 0.0 0.0 16.0 0.0 486.0 5.0 2.0 0.5606728073688425
35 39 41 0.0 0.0 51.0 0.0 1232.0 9.0 16.0 0.427742132600061
35 39 42 0.0 0.0 1.0 0.0 5.0 0.0 0.0 0.6979062811565303
35 39 43 0.0 0.0 0.0 0.0 5.0 0.0 0.0 0.6982543640897755
35 39 44 0.0 0.0 0.0 0.0 1.0 0.0 0.0 0.6996501749125437
35 40 36 0.0 0.0 0.0 0.0 8.0 1.0 0.0 0.6975585450921773
35 40 37 0.0 0.0 93.0 0.0 2260.0 17.0 40.0 0.3228782287822878
35 40 38 0.0 0.0 281.0 0.0 6119.0 18.0 531.0 0.16698473282442747
35 40 39 0.0 0.0 33.0 0.0 863.0 6.0 2.0 0.484764542936288
35 40 40 0.0 0.0 72.0 0.0 1899.0 11.0 16.0 0.3534460994698308
35 40 41 0.0 0.0 20.0 0.0 571.0 5.0 2.0 0.5413766434648105
35 40 42 0.0 0.0 0.0 0.0 33.0 0.0 0.0 0.6886374815543531
35 40 43 0.0 0.0 0.0 0.0 16.0 0.0 0.0 0.6944444444444444
35 40 44 0.0 0.0 0.0 0.0 2.0 0.0 0.0 0.6993006993006992
35 41 36 0.0 0.0 0.0 0.0 9.0 0.0 0.0 0.6968641114982577
35 41 37 0.0 0.0 101.0 0.0 2846.0 9.0 73.0 0.28345818991698724
35 41 38 0.0 0.0 146.0 0.0 3406.0 13.0 94.0 0.25270758122743675
35 41 39 0.0 0.0 56.0 0.0 1477.0 10.0 12.0 0.39738858927050796
35 41 40 0.0 0.0 75.0 0.0 1718.0 19.0 16.0 0.3710575139146567
35 41 41 0.0 0.0 2.0 0.0 101.0 1.0 0.0 0.6660323501427211
35 41 42 0.0 0.0 11.0 0.0 304.0 2.0 0.0 0.6052745352356247
35 41 43 0.0 0.0 34.0 0.0 438.0 7.0 0.0 0.5679513184584178
35 41 44 0.0 0.0 0.0 0.0 13.0 0.0 0.0 0.695479384003974
35 42 36 0.0 0.0 0.0 0.0 7.0 0.0 0.0 0.6975585450921773
35 42 37 0.0 0.0 6.0 0.0 171.0 6.0 0.0 0.64486411791801
35 42 38 0.0 0.0 11.0 0.0 311.0 6.0 2.0 0.6042296072507551
35 42 39 0.0 0.0 10.0 0.0 297.0 4.0 0.0 0.60790273556231
35 42 40 0.0 0.0 36.0 0.0 798.0 11.0 5.0 0.49592631951824295
35 42 41 0.0 0.0 1.0 0.0 69.0 0.0 0.0 0.6763285024154588
35 42 42 0.0 0.0 6.0 0.0 199.0 2.0 1.0 0.6360745115856428
35 42 43 0.0 0.0 24.0 0.0 341.0 7.0 0.0 0.5937234944868531
35 42 44 0.0 0.0 3.0 0.0 68.0 1.0 0.0 0.6763285024154588
35 43 37 0.0 0.0 1.0 0.0 32.0 0.0 0.0 0.6886374815543531
35 43 38 0.0 0.0 1.0 0.0 31.0 1.0 0.0 0.6893156080748399
35 43 39 0.0 0.0 35.0 0.0 637.0 11.0 2.0 0.5261180007515971
35 43 40 0.0 0.0 23.0 0.0 369.0 11.0 1.0 0.588235294117647
35 43 41 0.0 0.0 9.0 0.0 131.0 4.0 0.0 0.6554307116104868
35 43 42 0.0 0.0 0.0 0.0 38.0 0.0 0.0 0.6869479882237487
35 43 43 0.0 0.0 41.0 0.0 674.0 8.0 3.0 0.5171776874769116
35 43 44 0.0 0.0 0.0 0.0 2.0 0.0 0.0 0.6993006993006992
35 44 37 0.0 0.0 0.0 0.0 1.0 0.0 0.0 0.6996501749125437
35 44 38 0.0 0.0 2.0 0.0 52.0 1.0 0.0 0.6819288845591815
35 44 39 0.0 0.0 24.0 0.0 297.0 7.0 0.0 0.6050129645635263
35 44 40 0.0 0.0 71.0 0.0 1594.0 10.0 14.0 0.38303693570451425
35 44 41 0.0 0.0 10.0 0.0 207.0 4.0 0.0 0.632625395390872
35 44 42 0.0 0.0 48.0 0.0 1090.0 5.0 4.0 0.44685604851579946
35 44 43 0.0 0.0 7.0 0.0 116.0 2.0 0.0 0.66006600660066
35 44 44 0.0 0.0 0.0 0.0 3.0 0.0 0.0 0.6989515726410384
35 45 38 0.0 0.0 0.0 0.0 1.0 0.0 0.0 0.6996501749125437
35 45 39 0.0 0.0 0.0 0.0 10.0 0.0 0.0 0.6965174129353233
35 45 40 0.0 0.0 0.0 0.0 9.0 0.0 0.0 0.6968641114982577
35 45 41 0.0 0.0 0.0 0.0 11.0 0.0 0.0 0.6961710591745399
35 45 42 0.0 0.0 0.0 0.0 4.0 0.0 0.0 0.6986027944111775
35 45 43 0.0 0.0 0.0 0.0 4.0 0.0 0.0 0.6986027944111775
36 35 39 0.0 0.0 0.0 0.0 1.0 0.0 0.0 0.6996501749125437
36 35 40 0.0 0.0 0.0 0.0 2.0 0.0 0.0 0.6993006993006992
36 35 41 0.0 0.0 0.0 0.0 2.0 0.0 0.0 0.6993006993006992
36 35 42 0.0 0.0 0.0 0.0 7.0 0.0 0.0 0.6975585450921773
36 35 43 0.0 0.0 0.0 0.0 11.0 0.0 0.0 0.6961710591745399
36 35 44 0.0 0.0 0.0 0.0 7.0 0.0 0.0 0.6975585450921773
36 36 36 0.0 0.0 0.0 0.0 1.0 0.0 0.0 0.6996501749125437
36 36 37 0.0 0.0 0.0 0.0 4.0 0.0 0.0 0.6986027944111775
36 36 38 0.0 0.0 3.0 0.0 87.0 1.0 0.0 0.6701771182383915
36 36 39 0.0 0.0 10.0 0.0 423.0 4.0 1.0 0.5766062602965403
36 36 40 0.0 0.0 22.0 0.0 584.0 4.0 4.0 0.5380476556495004
36 36 41 0.0 0.0 189.0 0.0 3510.0 12.0 77.0 0.2461322081575246
36 36 42 0.0 0.0 73.0 0.0 1559.0 9.0 8.0 0.3864200938448799
36 36 43 0.0 0.0 1.0 0.0 59.0 0.0 0.0 0.6796116504854368
36 36 44 0.0 0.0 0.0 0.0 9.0 0.0 0.0 0.6968641114982577
36 37 36 0.0 0.0 0.0 0.0 4.0 0.0 0.0 0.6986027944111775
36 37 37 0.0 0.0 3.0 0.0 105.0 0.0 0.0 0.6641366223908918
36 37 38 0.0 0.0 176.0 0.0 3904.0 15.0 149.0 0.23071852340145022
36 37 39 0.0 0.0 201.0 0.0 4219.0 17.0 157.0 0.2186133666458463
36 37 40 0.0 0.0 239.0 0.0 5273.0 25.0 315.0 0.1869907840256444
36 37 41 0.0 0.0 68.0 0.0 1681.0 10.0 21.0 0.3744316662209146
36 37 42 0.0 0.0 207.0 0.0 4343.0 16.0 179.0 0.21426385062748698
36 37 43 0.0 0.0 20.0 0.0 342.0 1.0 0.0 0.5929690808979245
36 37 44 0.0 0.0 3.0 0.0 95.0 3.0 0.0 0.6682577565632457
36 37 45 0.0 0.0 0.0 0.0 3.0 0.0 0.0 0.6989515726410384
36 38 36 0.0 0.0 0.0 0.0 34.0 0.0 0.0 0.6882989183874139
36 38 37 0.0 0.0 55.0 0.0 1455.0 7.0 18.0 0.39965743648301444
36 38 38 0.0 0.0 115.0 0.0 2367.0 12.0 40.0 0.31312905390292994
36 38 39 0.0 0.0 286.0 0.0 5738.0 28.0 333.0 0.17504376094023502
36 38 40 0.0 0.0 657.0 0.0 10977.0 25.0 4370.0 0.10275983558426305
36 38 41 0.0 0.0 243.0 0.0 5650.0 18.0 450.0 0.17766497461928932
36 38 42 0.0 0.0 9.0 0.0 328.0 2.0 1.0 0.5995717344753746
36 38 43 0.0 0.0 8.0 0.0 210.0 1.0 0.0 0.6314839873703202
36 38 44 0.0 0.0 0.0 0.0 44.0 0.0 0.0 0.684931506849315
36 38 45 0.0 0.0 1.0 0.0 14.0 0.0 0.0 0.694789081885856
36 39 35 0.0 0.0 0.0 0.0 7.0 1.0 0.0 0.6979062811565303
36 39 36 0.0 0.0 11.0 0.0 179.0 5.0 0.0 0.6407322654462241
36 39 37 0.0 0.0 150.0 0.0 3861.0 19.0 135.0 0.23360587351910558
36 39 38 0.0 0.0 222.0 0.0 5126.0 22.0 320.0 0.19099590723055931
36 39 39 0.0 0.0 756.0 0.0 11832.0 29.0 5519.0 0.09606147934678193
36 39 40 0.0 0.0 492.0 0.0 9736.0 22.0 2584.0 0.11460379829731498
36 39 41 0.0 0.0 115.0 0.0 2690.0 15.0 55.0 0.2922755741127348
36 39 42 0.0 0.0 66.0 0.0 1407.0 7.0 13.0 0.4039238315060588
36 39 43 0.0 0.0 11.0 0.0 323.0 3.0 1.0 0.6006006006006005
36 39 44 0.0 0.0 0.0 0.0 25.0 0.0 0.0 0.6913580246913579
36 39 45 0.0 0.0 0.0 0.0 6.0 0.0 0.0 0.6979062811565303
36 40 35 0.0 0.0 0.0 0.0 5.0 0.0 0.0 0.6982543640897755
36 40 36 0.0 0.0 8.0 0.0 393.0 3.0 0.0 0.5838198498748957
36 40 37 0.0 0.0 277.0 0.0 5386.0 25.0 308.0 0.18319811567652444
36 40 38 0.0 0.0 1013.0 0.0 12393.0 28.0 9357.0 0.09086778736937755
36 40 39 0.0 0.0 703.0 0.0 11262.0 25.0 5632.0 0.10031527658354829
36 40 40 0.0 0.0 234.0 0.0 5844.0 24.0 550.0 0.173697270471464
36 40 41 0.0 0.0 307.0 0.0 6793.0 18.0 795.0 0.15410016510731972
36 40 42 0.0 0.0 124.0 0.0 3128.0 15.0 80.0 0.2672775868652157
36 40 43 0.0 0.0 160.0 0.0 3830.0 13.0 162.0 0.23423121967542243
36 40 44 0.0 0.0 0.0 0.0 27.0 0.0 0.0 0.6906758756783422
36 41 34 0.0 0.0 0.0 0.0 1.0 0.0 0.0 0.6996501749125437
36 41 35 0.0 0.0 0.0 0.0 19.0 0.0 0.0 0.6934125804853887
36 41 36 0.0 0.0 0.0 0.0 69.0 0.0 0.0 0.6766553890768486
36 41 37 0.0 0.0 288.0 0.0 6259.0 18.0 549.0 0.16412661195779601
36 41 38 0.0 0.0 858.0 0.0 12162.0 32.0 6609.0 0.09323388385721895
36 41 39 0.0 0.0 171.0 0.0 4011.0 21.0 153.0 0.2272358383379321
36 41 40 0.0 0.0 655.0 0.0 11015.0 33.0 3634.0 0.1025340559542991
36 41 41 0.0 0.0 421.0 0.0 7845.0 26.0 1121.0 0.1366253537620767
36 41 42 0.0 0.0 343.0 0.0 7328.0 19.0 946.0 0.14498757249378624
36 41 43 0.0 0.0 59.0 0.0 1530.0 8.0 18.0 0.39106145251396646
36 41 44 0.0 0.0 0.0 0.0 29.0 0.0 0.0 0.6899950714637751
36 42 34 0.0 0.0 0.0 0.0 1.0 0.0 0.0 0.6996501749125437
36 42 35 0.0 0.0 0.0 0.0 7.0 0.0 0.0 0.6975585450921773
36 42 36 0.0 0.0 0.0 0.0 36.0 1.0 0.0 0.6879606879606879
36 42 37 0.0 0.0 20.0 0.0 598.0 3.0 1.0 0.5355776587605202
36 42 38 0.0 0.0 406.0 0.0 8015.0 20.0 1281.0 0.13452483905063897
36 42 39 0.0 0.0 185.0 0.0 4110.0 13.0 164.0 0.22282349196243828
36 42 40 0.0 0.0 345.0 0.0 7689.0 26.0 1140.0 0.13984616921386472
36 42 41 0.0 0.0 292.0 0.0 6226.0 26.0 556.0 0.16476403436506998
36 42 42 0.0 0.0 264.0 0.0 5979.0 14.0 507.0 0.17013002794993315
36 42 43 0.0 0.0 326.0 0.0 7526.0 17.0 1124.0 0.14218972171440175
36 42 44 0.0 0.0 1.0 0.0 24.0 1.0 0.0 0.6916996047430829
36 43 35 0.0 0.0 0.0 0.0 1.0 0.0 0.0 0.6996501749125437
36 43 36 0.0 0.0 19.0 0.0 653.0 6.0 1.0 0.5251312828207051
36 43 37 0.0 0.0 23.0 0.0 487.0 6.0 1.0 0.5591054313099041
36 43 38 0.0 0.0 237.0 0.0 4713.0 22.0 213.0 0.202020202020202
36 43 39 0.0 0.0 177.0 0.0 4338.0 22.0 189.0 0.21555042340261737
36 43 40 0.0 0.0 268.0 0.0 5910.0 19.0 383.0 0.1715265866209262
36 43 41 0.0 0.0 184.0 0.0 4105.0 19.0 162.0 0.22317870237525902
36 43 42 0.0 0.0 210.0 0.0 4094.0 17.0 135.0 0.2226817241927787
36 43 43 0.0 0.0 80.0 0.0 1709.0 14.0 19.0 0.3708609271523178
36 43 44 0.0 0.0 0.0 0.0 21.0 0.0 0.0 0.6927263730826323
36 44 36 0.0 0.0 0.0 0.0 4.0 0.0 0.0 0.6986027944111775
36 44 37 0.0 0.0 0.0 0.0 30.0 0.0 0.0 0.689655172413793
36 44 38 0.0 0.0 59.0 0.0 1482.0 11.0 9.0 0.39660056657223797
36 44 39 0.0 0.0 236.0 0.0 5561.0 20.0 406.0 0.1799485861182519
36 44 40 0.0 0.0 31.0 0.0 773.0 8.0 2.0 0.5008944543828264
36 44 41 0.0 0.0 334.0 0.0 6346.0 27.0 499.0 0.1617188402448885
36 44 42 0.0 0.0 222.0 0.0 4676.0 17.0 238.0 0.2033405954974582
36 44 43 0.0 0.0 5.0 0.0 56.0 1.0 0.0 0.6796116504854368
36 44 44 0.0 0.0 0.0 0.0 6.0 0.0 0.0 0.6979062811565303
36 45 38 0.0 0.0 0.0 0.0 5.0 0.0 0.0 0.6982543640897755
36 45 39 0.0 0.0 0.0 0.0 18.0 1.0 0.0 0.6944444444444444
36 45 40 0.0 0.0 3.0 0.0 168.0 0.0 0.0 0.64486411791801
36 45 41 0.0 0.0 14.0 0.0 303.0 6.0 0.0 0.6057983556901773
36 45 42 0.0 0.0 1.0 0.0 56.0 0.0 0.0 0.6806028196402526
36 45 43 0.0 0.0 0.0 0.0 9.0 0.0 0.0 0.697211155378486
36 46 41 0.0 0.0 0.0 0.0 1.0 0.0 0.0 0.6996501749125437
37 35 36 0.0 0.0 0.0 0.0 5.0 0.0 0.0 0.6982543640897755
37 35 37 0.0 0.0 8.0 0.0 181.0 1.0 0.0 0.639853747714808
37 35 38 0.0 0.0 2.0 0.0 63.0 1.0 0.0 0.6782945736434108
37 35 39 0.0 0.0 23.0 0.0 428.0 8.0 1.0 0.5730659025787964
37 35 40 0.0 0.0 2.0 0.0 47.0 1.0 0.0 0.6835937499999999
37 35 41 0.0 0.0 0.0 0.0 29.0 0.0 0.0 0.6899950714637751
37 35 42 0.0 0.0 0.0 0.0 40.0 0.0 0.0 0.6862745098039215
37 35 43 0.0 0.0 0.0 0.0 9.0 0.0 0.0 0.6968641114982577
37 35 44 0.0 0.0 0.0 0.0 19.0 0.0 0.0 0.6934125804853887
37 36 35 0.0 0.0 0.0 0.0 6.0 0.0 0.0 0.6979062811565303
37 36 36 0.0 0.0 1.0 0.0 32.0 1.0 0.0 0.6889763779527558
37 36 37 0.0 0.0 0.0 0.0 74.0 0.0 0.0 0.6753497346840327
37 36 38 0.0 0.0 8.0 0.0 409.0 3.0 0.0 0.5801906340654785
37 36 39 0.0 0.0 85.0 0.0 1989.0 12.0 31.0 0.3445729756337681
37 36 40 0.0 0.0 170.0 0.0 3913.0 11.0 135.0 0.2305285690762391
37 36 41 0.0 0.0 109.0 0.0 3157.0 12.0 97.0 0.26641294005708843
37 36 42 0.0 0.0 48.0 0.0 1636.0 13.0 28.0 0.3813674748025061
37 36 43 0.0 0.0 335.0 0.0 7294.0 26.0 920.0 0.14569674263711102
37 36 44 0.0 0.0 6.0 0.0 291.0 1.0 0.0 0.6097560975609755
37 36 45 0.0 0.0 0.0 0.0 2.0 0.0 0.0 0.6993006993006992
37 37 35 0.0 0.0 0.0 0.0 22.0 0.0 0.0 0.6923837784371908
37 37 36 0.0 0.0 30.0 0.0 499.0 11.0 1.0 0.5559968228752977
37 37 37 0.0 0.0 119.0 0.0 2553.0 17.0 37.0 0.3006872852233677
37 37 38 0.0 0.0 182.0 0.0 3932.0 16.0 148.0 0.2295834699901607
37 37 39 0.0 0.0 721.0 0.0 11440.0 18.0 4933.0 0.09882120420695982
37 37 40 0.0 0.0 1081.0 0.0 12661.0 33.0 12539.0 0.08896231810383172
37 37 41 0.0 0.0 626.0 0.0 10866.0 23.0 3762.0 0.10387297818667456
37 37 42 0.0 0.0 303.0 0.0 6763.0 16.0 689.0 0.15467904098994584
37 37 43 0.0 0.0 253.0 0.0 6042.0 22.0 566.0 0.16916384726921213
37 37 44 0.0 0.0 0.0 0.0 109.0 0.0 0.0 0.6638217164532954
37 37 45 0.0 0.0 8.0 0.0 60.0 3.0 0.0 0.6779661016949151
37 37 46 0.0 0.0 0.0 0.0 3.0 0.0 0.0 0.6989515726410384
37 38 34 0.0 0.0 0.0 0.0 1.0 0.0 0.0 0.6996501749125437
37 38 35 0.0 0.0 0.0 0.0 17.0 0.0 0.0 0.694100148735746
37 38 36 0.0 0.0 2.0 0.0 130.0 0.0 0.0 0.6566604127579737
37 38 37 0.0 0.0 83.0 0.0 2575.0 8.0 61.0 0.301140030114003
37 38 38 0.0 0.0 563.0 0.0 10653.0 23.0 4236.0 0.10598031794095382
37 38 39 0.0 0.0 600.0 0.0 10588.0 27.0 3331.0 0.10622154779969649
37 38 40 0.0 0.0 562.0 0.0 9896.0 25.0 2320.0 0.11251305955155508
37 38 41 0.0 0.0 823.0 0.0 12000.0 31.0 7020.0 0.09455626097528029
37 38 42 0.0 0.0 291.0 0.0 6653.0 14.0 721.0 0.1567398119122257
37 38 43 0.0 0.0 483.0 0.0 9237.0 17.0 1625.0 0.11952531375394859
37 38 44 0.0 0.0 358.0 0.0 7234.0 21.0 858.0 0.14624464640133708
37 38 45 0.0 0.0 42.0 0.0 799.0 9.0 3.0 0.49435028248587565
37 38 46 0.0 0.0 0.0 0.0 6.0 0.0 0.0 0.6979062811565303
37 39 34 0.0 0.0 0.0 0.0 1.0 0.0 0.0 0.6996501749125437
37 39 35 0.0 0.0 6.0 0.0 116.0 0.0 1.0 0.6597549481621111
37 39 36 0.0 0.0 17.0 0.0 615.0 6.0 4.0 0.5331302361005331
37 39 37 0.0 0.0 645.0 0.0 10568.0 24.0 3252.0 0.10606864156375481
37 39 38 0.0 0.0 855.0 0.0 12197.0 40.0 6863.0 0.09308510638297872
37 39 39 0.0 0.0 1085.0 0.0 12792.0 31.0 12090.0 0.08818897637795275
37 39 40 0.0 0.0 921.0 0.0 12621.0 26.0 8676.0 0.09009588776626551
37 39 41 0.0 0.0 869.0 0.0 12327.0 25.0 7103.0 0.09217803529101921
37 39 42 0.0 0.0 406.0 0.0 8256.0 20.0 1257.0 0.13150479053165506
37 39 43 0.0 0.0 210.0 0.0 5104.0 24.0 327.0 0.19196489784725076
37 39 44 0.0 0.0 69.0 0.0 1667.0 10.0 20.0 0.3757380568974771
37 39 45 0.0 0.0 0.0 0.0 29.0 0.0 0.0 0.6899950714637751
37 39 46 0.0 0.0 0.0 0.0 6.0 0.0 0.0 0.6979062811565303
37 40 35 0.0 0.0 0.0 0.0 25.0 0.0 0.0 0.6913580246913579
37 40 36 0.0 0.0 203.0 0.0 4555.0 24.0 204.0 0.2078693392724573
37 40 37 0.0 0.0 418.0 0.0 8098.0 20.0 1055.0 0.13332063612989237
37 40 38 0.0 0.0 672.0 0.0 11017.0 24.0 4313.0 0.1023167434042242
37 40 39 0.0 0.0 1740.0 0.0 12568.0 39.0 25916.0 0.08581586367537083
37 40 40 0.0 0.0 1215.0 0.0 12892.0 47.0 14356.0 0.08697813121272366
37 40 41 0.0 0.0 1044.0 0.0 12641.0 32.0 11394.0 0.08930280028066592
37 40 42 0.0 0.0 631.0 0.0 10909.0 30.0 3529.0 0.10355029585798815
37 40 43 0.0 0.0 448.0 0.0 8641.0 21.0 1523.0 0.12643366747945453
37 40 44 0.0 0.0 30.0 0.0 653.0 5.0 1.0 0.5227781926811051
37 40 45 0.0 0.0 1.0 0.0 13.0 0.0 0.0 0.6951340615690167
37 40 46 0.0 0.0 0.0 0.0 2.0 0.0 0.0 0.6993006993006992
37 41 35 0.0 0.0 0.0 0.0 20.0 0.0 0.0 0.6930693069306929
37 41 36 0.0 0.0 381.0 0.0 7690.0 21.0 1028.0 0.13926191186710432
37 41 37 0.0 0.0 462.0 0.0 8958.0 16.0 1729.0 0.12263489838822704
37 41 38 0.0 0.0 537.0 0.0 9839.0 26.0 2712.0 0.11327777328262803
37 41 39 0.0 0.0 1138.0 0.0 12862.0 29.0 11666.0 0.08743442418186359
37 41 40 0.0 0.0 1130.0 0.0 13080.0 27.0 9976.0 0.08633980881899475
37 41 41 0.0 0.0 828.0 0.0 12011.0 30.0 7519.0 0.09433326595242908
37 41 42 0.0 0.0 432.0 0.0 8813.0 22.0 1734.0 0.1246660730186999
37 41 43 0.0 0.0 275.0 0.0 6288.0 25.0 566.0 0.16389604308124558
37 41 44 0.0 0.0 43.0 0.0 926.0 8.0 9.0 0.47265361242403775
37 41 45 0.0 0.0 0.0 0.0 11.0 0.0 0.0 0.6961710591745399
37 42 34 0.0 0.0 0.0 0.0 1.0 0.0 0.0 0.6996501749125437
37 42 35 0.0 0.0 91.0 0.0 2403.0 17.0 55.0 0.31270940361849453
37 42 36 0.0 0.0 1.0 0.0 156.0 0.0 0.0 0.6493506493506492
37 42 37 0.0 0.0 300.0 0.0 6239.0 19.0 537.0 0.16412661195779601
37 42 38 0.0 0.0 314.0 0.0 7598.0 17.0 1122.0 0.1414427157001414
37 42 39 0.0 0.0 975.0 0.0 12515.0 30.0 10247.0 0.09039256198347106
37 42 40 0.0 0.0 1416.0 0.0 12679.0 42.0 18535.0 0.08697813121272366
37 42 41 0.0 0.0 843.0 0.0 12057.0 34.0 7703.0 0.09402283411685694
37 42 42 0.0 0.0 951.0 0.0 12534.0 29.0 9008.0 0.09041591320072331
37 42 43 0.0 0.0 176.0 0.0 4738.0 15.0 284.0 0.20286914939863784
37 42 44 0.0 0.0 47.0 0.0 1055.0 11.0 7.0 0.45292785506308625
37 42 45 0.0 0.0 0.0 0.0 6.0 0.0 0.0 0.6979062811565303
37 43 35 0.0 0.0 0.0 0.0 24.0 0.0 0.0 0.6920415224913494
37 43 36 0.0 0.0 6.0 0.0 283.0 2.0 0.0 0.6121556624398775
37 43 37 0.0 0.0 274.0 0.0 5776.0 27.0 428.0 0.17441136165441634
37 43 38 0.0 0.0 616.0 0.0 11139.0 24.0 4859.0 0.10177377144518755
37 43 39 0.0 0.0 809.0 0.0 11792.0 33.0 7734.0 0.09595613433858806
37 43 40 0.0 0.0 792.0 0.0 11725.0 36.0 6738.0 0.09650513545185081
37 43 41 0.0 0.0 566.0 0.0 10308.0 19.0 3480.0 0.10881392818280738
37 43 42 0.0 0.0 332.0 0.0 6971.0 15.0 757.0 0.15071590052750564
37 43 43 0.0 0.0 369.0 0.0 7031.0 24.0 733.0 0.14925373134328357
37 43 44 0.0 0.0 0.0 0.0 24.0 0.0 0.0 0.6916996047430829
37 43 45 0.0 0.0 0.0 0.0 2.0 0.0 0.0 0.6993006993006992
37 44 35 0.0 0.0 0.0 0.0 1.0 0.0 0.0 0.6996501749125437
37 44 36 0.0 0.0 0.0 0.0 10.0 0.0 0.0 0.6965174129353233
37 44 37 0.0 0.0 1.0 0.0 125.0 0.0 1.0 0.6588235294117646
37 44 38 0.0 0.0 65.0 0.0 1671.0 9.0 17.0 0.3756372417493962
37 44 39 0.0 0.0 286.0 0.0 5817.0 12.0 449.0 0.172946263125386
37 44 40 0.0 0.0 262.0 0.0 5596.0 15.0 376.0 0.1784348712719857
37 44 41 0.0 0.0 444.0 0.0 8688.0 20.0 1589.0 0.12585400934915497
37 44 42 0.0 0.0 323.0 0.0 6398.0 22.0 558.0 0.16090104585679804
37 44 43 0.0 0.0 10.0 0.0 276.0 1.0 0.0 0.612691466083151
37 44 44 0.0 0.0 0.0 0.0 14.0 0.0 0.0 0.6951340615690167
37 45 37 0.0 0.0 1.0 0.0 21.0 0.0 0.0 0.6923837784371908
37 45 38 0.0 0.0 0.0 0.0 33.0 0.0 0.0 0.6889763779527558
37 45 39 0.0 0.0 0.0 0.0 47.0 0.0 0.0 0.6839276990718123
37 45 40 0.0 0.0 11.0 0.0 267.0 2.0 1.0 0.6153846153846153
37 45 41 0.0 0.0 53.0 0.0 1031.0 12.0 8.0 0.4557291666666666
37 45 42 0.0 0.0 1.0 0.0 83.0 0.0 0.0 0.6717850287907868
37 45 43 0.0 0.0 0.0 0.0 3.0 0.0 0.0 0.6989515726410384
37 45 44 0.0 0.0 0.0 0.0 1.0 0.0 0.0 0.6996501749125437
37 46 39 0.0 0.0 0.0 0.0 8.0 0.0 0.0 0.697211155378486
37 46 40 0.0 0.0 0.0 0.0 19.0 0.0 0.0 0.6934125804853887
37 46 41 0.0 0.0 0.0 0.0 7.0 0.0 0.0 0.6975585450921773
37 46 42 0.0 0.0 14.0 0.0 492.0 6.0 3.0 0.5599999999999999
37 46 43 0.0 0.0 0.0 0.0 3.0 0.0 0.0 0.6989515726410384
38 34 40 0.0 0.0 0.0 0.0 6.0 0.0 0.0 0.6979062811565303
38 34 41 0.0 0.0 0.0 0.0 9.0 0.0 0.0 0.6968641114982577
38 34 42 0.0 0.0 0.0 0.0 7.0 0.0 0.0 0.6979062811565303
38 34 43 0.0 0.0 0.0 0.0 7.0 0.0 0.0 0.6975585450921773
38 35 36 0.0 0.0 0.0 0.0 12.0 0.0 0.0 0.6958250497017892
38 35 37 0.0 0.0 0.0 0.0 44.0 0.0 0.0 0.684931506849315
38 35 38 0.0 0.0 9.0 0.0 147.0 3.0 0.0 0.6502554575011611
38 35 39 0.0 0.0 22.0 0.0 480.0 9.0 0.0 0.5615724027276373
38 35 40 0.0 0.0 53.0 0.0 1192.0 4.0 4.0 0.43196544276457877
38 35 41 0.0 0.0 38.0 0.0 1009.0 7.0 4.0 0.46052631578947356
38 35 42 0.0 0.0 3.0 0.0 143.0 2.0 0.0 0.6532897806812878
38 35 43 0.0 0.0 1.0 0.0 45.0 0.0 0.0 0.6842619745845552
38 35 44 0.0 0.0 0.0 0.0 11.0 0.0 0.0 0.6961710591745399
38 36 35 0.0 0.0 0.0 0.0 16.0 0.0 0.0 0.6944444444444444
38 36 36 0.0 0.0 3.0 0.0 132.0 1.0 0.0 0.6560449859418931
38 36 37 0.0 0.0 363.0 0.0 7240.0 29.0 764.0 0.1461530431151477
38 36 38 0.0 0.0 181.0 0.0 4598.0 16.0 274.0 0.2069475240206947
38 36 39 0.0 0.0 270.0 0.0 5401.0 22.0 317.0 0.18307833137177978
38 36 40 0.0 0.0 443.0 0.0 8832.0 28.0 1594.0 0.12440021325750843
38 36 41 0.0 0.0 331.0 0.0 7622.0 24.0 1151.0 0.1409443269908386
38 36 42 0.0 0.0 149.0 0.0 3756.0 14.0 166.0 0.23773136355917812
38 36 43 0.0 0.0 263.0 0.0 5153.0 24.0 282.0 0.18936832138509396
38 36 44 0.0 0.0 17.0 0.0 425.0 5.0 3.0 0.5744768157570782
38 36 45 0.0 0.0 0.0 0.0 2.0 0.0 0.0 0.6993006993006992
38 37 35 0.0 0.0 0.0 0.0 36.0 0.0 0.0 0.6876227897838899
38 37 36 0.0 0.0 322.0 0.0 7447.0 18.0 1032.0 0.14341323499282932
38 37 37 0.0 0.0 145.0 0.0 3846.0 12.0 165.0 0.2341137123745819
38 37 38 0.0 0.0 742.0 0.0 11648.0 29.0 5470.0 0.0973371341166655
38 37 39 0.0 0.0 561.0 0.0 10238.0 28.0 3053.0 0.10954616588419404
38 37 40 0.0 0.0 1074.0 0.0 12776.0 29.0 11625.0 0.0883336488106505
38 37 41 0.0 0.0 750.0 0.0 11688.0 28.0 5547.0 0.09702009702009701
38 37 42 0.0 0.0 1023.0 0.0 12527.0 36.0 10498.0 0.09007849697593616
38 37 43 0.0 0.0 712.0 0.0 11484.0 36.0 5660.0 0.09873060648801128
38 37 44 0.0 0.0 253.0 0.0 5567.0 27.0 446.0 0.17962535283551445
38 37 45 0.0 0.0 0.0 0.0 114.0 0.0 0.0 0.662251655629139
38 37 46 0.0 0.0 0.0 0.0 2.0 0.0 0.0 0.6993006993006992
38 38 34 0.0 0.0 0.0 0.0 1.0 0.0 0.0 0.6996501749125437
38 38 35 0.0 0.0 44.0 0.0 937.0 8.0 6.0 0.47090480995627304
38 38 36 0.0 0.0 316.0 0.0 6762.0 27.0 680.0 0.15466195315952275
38 38 37 0.0 0.0 408.0 0.0 8432.0 14.0 1512.0 0.12917512456172722
38 38 38 0.0 0.0 1218.0 0.0 12603.0 41.0 16316.0 0.08848438882568574
38 38 39 0.0 0.0 1542.0 0.0 12936.0 45.0 19992.0 0.08507535245503159
38 38 40 0.0 0.0 2010.0 0.0 12150.0 57.0 31677.0 0.08668730650154798
38 38 41 0.0 0.0 1844.0 0.0 12579.0 48.0 26874.0 0.0852255433128386
38 38 42 0.0 0.0 1369.0 0.0 13384.0 46.0 14419.0 0.08367700675392982
38 38 43 0.0 0.0 505.0 0.0 9107.0 22.0 1654.0 0.12064805239572558
38 38 44 0.0 0.0 162.0 0.0 3634.0 17.0 90.0 0.24221453287197225
38 38 45 0.0 0.0 360.0 0.0 6894.0 24.0 543.0 0.1515971846237141
38 38 46 0.0 0.0 22.0 0.0 440.0 4.0 1.0 0.5695687550854353
38 39 35 0.0 0.0 109.0 0.0 2457.0 17.0 29.0 0.30775994724115185
38 39 36 0.0 0.0 162.0 0.0 4268.0 19.0 198.0 0.21840873634945396
38 39 37 0.0 0.0 703.0 0.0 11488.0 38.0 4833.0 0.09880725527560165
38 39 38 0.0 0.0 1857.0 0.0 12502.0 40.0 27495.0 0.08549096238397655
38 39 39 0.0 0.0 2403.0 1.0 11214.0 45.0 41769.0 0.08950262114819076
38 39 40 0.0 0.0 2613.0 0.0 12082.0 51.0 40830.0 0.0837871805613741
38 39 41 0.0 0.0 2228.0 0.0 11994.0 53.0 36149.0 0.08633980881899475
38 39 42 0.0 0.0 1296.0 0.0 13075.0 23.0 14804.0 0.08549096238397655
38 39 43 0.0 0.0 997.0 0.0 12646.0 28.0 10457.0 0.08945115328094051
38 39 44 0.0 0.0 317.0 0.0 6500.0 26.0 606.0 0.1591632560254661
38 39 45 0.0 0.0 126.0 0.0 2925.0 13.0 50.0 0.2779432201707365
38 39 46 0.0 0.0 0.0 0.0 6.0 0.0 0.0 0.6979062811565303
38 40 34 0.0 0.0 0.0 0.0 5.0 0.0 0.0 0.6982543640897755
38 40 35 0.0 0.0 14.0 0.0 340.0 1.0 0.0 0.5949851253718657
38 40 36 0.0 0.0 186.0 0.0 4108.0 17.0 169.0 0.2230009557183816
38 40 37 0.0 0.0 854.0 0.0 12091.0 26.0 6260.0 0.0937269866773783
38 40 38 0.0 0.0 1860.0 0.0 12564.0 56.0 27137.0 0.08526706863999026
38 40 39 0.0 0.0 3021.0 0.0 10586.0 69.0 54674.0 0.08965738072366312
38 40 40 0.0 0.0 2895.0 1.0 11480.0 70.0 47454.0 0.08545965083628371
38 40 41 0.0 2.0 1909.0 5.0 12765.0 57.0 26684.0 0.08392279103225031
38 40 42 0.0 0.0 1690.0 0.0 12613.0 52.0 23941.0 0.08586849852796859
38 40 43 0.0 0.0 700.0 0.0 11275.0 32.0 5262.0 0.10032965457933209
38 40 44 0.0 0.0 41.0 0.0 1090.0 12.0 4.0 0.4487179487179487
38 40 45 0.0 0.0 79.0 0.0 2047.0 10.0 30.0 0.34013605442176864
38 40 46 0.0 0.0 0.0 0.0 2.0 0.0 0.0 0.6993006993006992
38 41 34 0.0 0.0 0.0 0.0 1.0 0.0 0.0 0.6996501749125437
38 41 35 0.0 0.0 0.0 0.0 44.0 0.0 0.0 0.684931506849315
38 41 36 0.0 0.0 92.0 0.0 2531.0 13.0 40.0 0.30362177401865104
38 41 37 0.0 0.0 688.0 0.0 11182.0 25.0 4099.0 0.1010028136498088
38 41 38 0.0 0.0 1430.0 0.0 12836.0 30.0 18467.0 0.08593702044073413
38 41 39 0.0 0.0 2525.0 0.0 11483.0 65.0 43593.0 0.08751640932674876
38 41 40 0.0 0.0 2805.0 0.0 11338.0 65.0 47379.0 0.08675176601809392
38 41 41 0.0 0.0 1988.0 0.0 12454.0 45.0 29476.0 0.08512190673071075
38 41 42 0.0 0.0 1312.0 0.0 13282.0 38.0 13288.0 0.08441362677117877
38 41 43 0.0 0.0 435.0 0.0 8273.0 24.0 1307.0 0.13095126742119537
38 41 44 0.0 0.0 356.0 0.0 7536.0 19.0 889.0 0.14178651002633175
38 41 45 0.0 0.0 7.0 0.0 210.0 3.0 0.0 0.6323396567299006
38 42 34 0.0 0.0 0.0 0.0 8.0 0.0 0.0 0.697211155378486
38 42 35 0.0 0.0 1.0 0.0 75.0 0.0 0.0 0.6743737957610789
38 42 36 0.0 0.0 313.0 0.0 7354.0 26.0 1097.0 0.14507772020725385
38 42 37 0.0 0.0 552.0 0.0 10286.0 27.0 3310.0 0.10915328239513487
38 42 38 0.0 0.0 1255.0 0.0 12774.0 30.0 15836.0 0.08726547403852146
38 42 39 0.0 0.0 1910.0 0.0 11651.0 49.0 32974.0 0.0899916436330912
38 42 40 0.0 0.0 1877.0 0.0 12258.0 44.0 29255.0 0.08675714197186588
38 42 41 0.0 0.0 2046.0 0.0 11654.0 52.0 35615.0 0.08921175046198941
38 42 42 0.0 0.0 1046.0 0.0 12764.0 33.0 10306.0 0.08861320336730172
38 42 43 0.0 0.0 175.0 0.0 4729.0 15.0 285.0 0.2031635466550573
38 42 44 0.0 0.0 128.0 0.0 2802.0 13.0 63.0 0.2846685644570963
38 42 45 0.0 0.0 0.0 0.0 14.0 0.0 0.0 0.6951340615690167
38 42 46 0.0 0.0 0.0 0.0 4.0 0.0 0.0 0.6986027944111775
38 43 34 0.0 0.0 0.0 0.0 8.0 0.0 0.0 0.697211155378486
38 43 35 0.0 0.0 0.0 0.0 26.0 0.0 0.0 0.6910167818361302
38 43 36 0.0 0.0 110.0 0.0 2708.0 24.0 62.0 0.2920926350928437
38 43 37 0.0 0.0 417.0 0.0 8561.0 14.0 1580.0 0.12753940056481733
38 43 38 0.0 0.0 757.0 0.0 11601.0 25.0 6264.0 0.09754058385006617
38 43 39 0.0 0.0 811.0 0.0 12141.0 39.0 6477.0 0.09373326191751472
38 43 40 0.0 0.0 1075.0 0.0 12452.0 22.0 12690.0 0.09009588776626551
38 43 41 0.0 0.0 906.0 0.0 12234.0 23.0 9664.0 0.09243364584708834
38 43 42 0.0 0.0 719.0 0.0 11500.0 28.0 4815.0 0.09852216748768472
38 43 43 0.0 0.0 207.0 0.0 4716.0 12.0 272.0 0.20239988434292322
38 43 44 0.0 0.0 1.0 0.0 45.0 1.0 0.0 0.6845965770171147
38 43 45 0.0 0.0 0.0 0.0 8.0 0.0 0.0 0.697211155378486
38 44 34 0.0 0.0 0.0 0.0 5.0 0.0 0.0 0.6982543640897755
38 44 35 0.0 0.0 0.0 0.0 6.0 0.0 0.0 0.6979062811565303
38 44 36 0.0 0.0 29.0 0.0 476.0 7.0 0.0 0.5604483586869494
38 44 37 0.0 0.0 20.0 0.0 526.0 6.0 0.0 0.5513981882630956
38 44 38 0.0 0.0 234.0 0.0 5344.0 25.0 370.0 0.18525870054254331
38 44 39 0.0 0.0 419.0 0.0 8237.0 19.0 1275.0 0.1314800901577761
38 44 40 0.0 0.0 516.0 0.0 9834.0 31.0 2421.0 0.11347977628272675
38 44 41 0.0 0.0 640.0 0.0 10900.0 24.0 3967.0 0.10342025559577454
38 44 42 0.0 0.0 131.0 0.0 3176.0 18.0 99.0 0.2647003214218188
38 44 43 0.0 0.0 93.0 0.0 2257.0 13.0 30.0 0.3228037814157251
38 44 44 0.0 0.0 0.0 0.0 24.0 0.0 0.0 0.6916996047430829
38 45 37 0.0 0.0 0.0 0.0 5.0 0.0 0.0 0.6982543640897755
38 45 38 0.0 0.0 27.0 0.0 492.0 10.0 1.0 0.557991231566361
38 45 39 0.0 0.0 184.0 0.0 4016.0 24.0 133.0 0.22675736961451246
38 45 40 0.0 0.0 398.0 0.0 7522.0 26.0 829.0 0.1413998586001414
38 45 41 0.0 0.0 466.0 0.0 8801.0 18.0 1584.0 0.12438916037316747
38 45 42 0.0 0.0 117.0 0.0 2647.0 16.0 48.0 0.2948609941027801
38 45 43 0.0 0.0 7.0 0.0 253.0 3.0 0.0 0.620292423571112
38 45 44 0.0 0.0 0.0 0.0 2.0 0.0 0.0 0.6993006993006992
38 46 38 0.0 0.0 0.0 0.0 4.0 0.0 0.0 0.6986027944111775
38 46 39 0.0 0.0 0.0 0.0 17.0 0.0 0.0 0.694100148735746
38 46 40 0.0 0.0 4.0 0.0 183.0 0.0 1.0 0.6401463191586647
38 46 41 0.0 0.0 34.0 0.0 643.0 6.0 4.0 0.5241482590789965
38 46 42 0.0 0.0 0.0 0.0 24.0 0.0 0.0 0.6916996047430829
38 46 43 0.0 0.0 0.0 0.0 1.0 0.0 0.0 0.6996501749125437
38 47 40 0.0 0.0 0.0 0.0 2.0 0.0 0.0 0.6993006993006992
39 34 38 0.0 0.0 0.0 0.0 2.0 0.0 0.0 0.6993006993006992
39 34 39 0.0 0.0 0.0 0.0 8.0 0.0 0.0 0.697211155378486
39 34 40 0.0 0.0 8.0 0.0 66.0 2.0 0.0 0.6756756756756755
39 34 41 0.0 0.0 2.0 0.0 34.0 1.0 0.0 0.6882989183874139
39 34 42 0.0 0.0 0.0 0.0 6.0 0.0 0.0 0.6979062811565303
39 34 43 0.0 0.0 6.0 0.0 100.0 0.0 0.0 0.664767331433998
39 34 44 0.0 0.0 0.0 0.0 1.0 0.0 0.0 0.6996501749125437
39 35 35 0.0 0.0 0.0 0.0 2.0 0.0 0.0 0.6993006993006992
39 35 36 0.0 0.0 0.0 0.0 15.0 0.0 0.0 0.6951340615690167
39 35 37 0.0 0.0 1.0 0.0 82.0 0.0 0.0 0.6724303554274734
39 35 38 0.0 0.0 5.0 0.0 184.0 2.0 0.0 0.6401463191586647
39 35 39 0.0 0.0 191.0 0.0 4493.0 28.0 211.0 0.21033653846153844
39 35 40 0.0 0.0 38.0 0.0 1038.0 12.0 5.0 0.4567699836867863
39 35 41 0.0 0.0 297.0 0.0 6044.0 20.0 442.0 0.16818837097549252
39 35 42 0.0 0.0 217.0 0.0 4750.0 20.0 220.0 0.20135193441679847
39 35 43 0.0 0.0 75.0 0.0 1821.0 11.0 24.0 0.36045314109165805
39 35 44 0.0 0.0 7.0 0.0 130.0 2.0 0.0 0.6557377049180326
39 36 35 0.0 0.0 3.0 0.0 72.0 1.0 0.0 0.6750241080038573
39 36 36 0.0 0.0 190.0 0.0 4383.0 15.0 198.0 0.21344717182497328
39 36 37 0.0 0.0 322.0 0.0 6600.0 25.0 619.0 0.157268029656257
39 36 38 0.0 0.0 559.0 0.0 10134.0 27.0 2670.0 0.11044493531082358
39 36 39 0.0 0.0 227.0 0.0 4766.0 19.0 250.0 0.20065930915866417
39 36 40 0.0 0.0 455.0 0.0 8980.0 26.0 1733.0 0.12261341741110525
39 36 41 0.0 0.0 745.0 0.0 11374.0 35.0 4696.0 0.09926965893781463
39 36 42 0.0 0.0 403.0 0.0 8363.0 15.0 1366.0 0.13009943313818417
39 36 43 0.0 0.0 215.0 0.0 4847.0 19.0 274.0 0.1987507098239636
39 36 44 0.0 0.0 3.0 0.0 178.0 4.0 0.0 0.6430868167202571
39 36 45 0.0 0.0 0.0 0.0 29.0 0.0 0.0 0.6899950714637751
39 37 35 0.0 0.0 46.0 0.0 705.0 12.0 1.0 0.511135450894487
39 37 36 0.0 0.0 146.0 0.0 4196.0 19.0 203.0 0.22151898734177214
39 37 37 0.0 0.0 1026.0 0.0 12820.0 37.0 10411.0 0.08841174613198609
39 37 38 0.0 0.0 852.0 0.0 12083.0 26.0 7845.0 0.0937834941050375
39 37 39 0.0 0.0 954.0 0.0 12618.0 37.0 7170.0 0.08997429305912595
39 37 40 0.0 0.0 1308.0 0.0 12838.0 44.0 16638.0 0.08675714197186588
39 37 41 0.0 0.0 1789.0 0.0 12372.0 48.0 27638.0 0.08661758336942398
39 37 42 0.0 0.0 1402.0 0.0 12850.0 36.0 18764.0 0.08616975441619991
39 37 43 0.0 0.0 626.0 0.0 10651.0 35.0 3254.0 0.1056045862563174
39 37 44 0.0 0.0 96.0 0.0 2546.0 16.0 61.0 0.302571860816944
39 37 45 0.0 0.0 6.0 0.0 130.0 4.0 0.0 0.6566604127579737
39 37 46 0.0 0.0 0.0 0.0 8.0 0.0 0.0 0.697211155378486
39 38 35 0.0 0.0 104.0 0.0 2369.0 11.0 38.0 0.31376064545047055
39 38 36 0.0 0.0 414.0 0.0 8634.0 21.0 1588.0 0.12685755708590066
39 38 37 0.0 0.0 1247.0 0.0 12365.0 46.0 17996.0 0.08977811978966267
39 38 38 0.0 0.0 1510.0 0.0 13086.0 25.0 19423.0 0.0842358604091456
39 38 39 0.0 0.0 2028.0 0.0 12479.0 50.0 29872.0 0.08480736612551489
39 38 40 0.0 0.0 2942.0 0.0 10721.0 73.0 53619.0 0.08937691521961184
39 38 41 0.0 0.0 2692.0 0.0 11311.0 73.0 45685.0 0.08745627186406796
39 38 42 0.0 0.0 1487.0 0.0 12937.0 54.0 18676.0 0.08541272649624793
39 38 43 0.0 0.0 619.0 0.0 10897.0 19.0 3740.0 0.10358860525342212
39 38 44 0.0 0.0 853.0 0.0 12226.0 21.0 7531.0 0.0928135773004508
39 38 45 0.0 0.0 34.0 0.0 1042.0 15.0 7.0 0.4573668735707284
39 38 46 0.0 0.0 0.0 0.0 3.0 0.0 0.0 0.6989515726410384
39 39 34 0.0 0.0 0.0 0.0 11.0 0.0 0.0 0.6961710591745399
39 39 35 0.0 0.0 41.0 0.0 1038.0 9.0 5.0 0.4560260586319217
39 39 36 0.0 0.0 740.0 0.0 11563.0 25.0 4972.0 0.09791579241852007
39 39 37 0.0 0.0 1363.0 0.0 12931.0 47.0 17450.0 0.08597924215439413
39 39 38 0.0 0.0 2218.0 0.0 12508.0 56.0 32488.0 0.08367700675392982
39 39 39 1.0 0.0 3461.0 1.0 10246.0 65.0 61948.0 0.08911521323997454
39 39 40 0.0 1.0 3883.0 3.0 7938.0 73.0 88636.0 0.1013464601129289
39 39 41 0.0 0.0 3527.0 0.0 9098.0 74.0 73175.0 0.09566108643662452
39 39 42 0.0 0.0 1744.0 0.0 13148.0 46.0 23853.0 0.08278635207852876
39 39 43 0.0 0.0 891.0 0.0 12460.0 29.0 7933.0 0.09124087591240874
39 39 44 0.0 0.0 303.0 0.0 6080.0 14.0 431.0 0.16722408026755853
39 39 45 0.0 0.0 1.0 0.0 133.0 1.0 0.0 0.6563525550867322
39 39 46 0.0 0.0 0.0 0.0 18.0 0.0 0.0 0.6937561942517343
39 40 34 0.0 0.0 2.0 0.0 17.0 0.0 0.0 0.6934125804853887
39 40 35 0.0 0.0 59.0 0.0 1229.0 13.0 10.0 0.42735042735042733
39 40 36 0.0 0.0 386.0 0.0 7923.0 22.0 1092.0 0.13602798289933926
39 40 37 0.0 0.0 948.0 0.0 12430.0 35.0 8935.0 0.09112210361884925
39 40 38 0.0 0.0 2517.0 0.0 11651.0 57.0 42004.0 0.08653192409914084
39 40 39 1.0 1.0 3822.0 2.0 7228.0 66.0 93856.0 0.10729613733905578
39 40 40 1.0 0.0 3988.0 1.0 9125.0 64.0 77165.0 0.09253139458030402
39 40 41 1.0 3.0 3133.0 10.0 11060.0 80.0 53440.0 0.0864250879683931
39 40 42 0.0 0.0 2026.0 0.0 12387.0 53.0 30374.0 0.08530863445250136
39 40 43 0.0 0.0 642.0 0.0 10523.0 29.0 3330.0 0.10644768856447688
39 40 44 0.0 0.0 478.0 0.0 9212.0 23.0 1794.0 0.11987327682164566
39 40 45 0.0 0.0 1.0 0.0 58.0 1.0 0.0 0.6806028196402526
39 41 34 0.0 0.0 3.0 0.0 31.0 1.0 0.0 0.6886374815543531
39 41 35 0.0 0.0 210.0 0.0 4157.0 19.0 140.0 0.22054190296156267
39 41 36 0.0 0.0 429.0 0.0 8324.0 22.0 1166.0 0.13039023935922509
39 41 37 0.0 0.0 983.0 0.0 12550.0 31.0 9395.0 0.09011908593498551
39 41 38 0.0 1.0 2162.0 1.0 12539.0 55.0 31535.0 0.0837871805613741
39 41 39 0.0 3.0 3530.0 5.0 9964.0 76.0 66014.0 0.09034589571502322
39 41 40 0.0 0.0 3743.0 1.0 8982.0 75.0 76364.0 0.0951345474313672
39 41 41 0.0 0.0 3309.0 0.0 9535.0 62.0 65921.0 0.09430149535228344
39 41 42 0.0 0.0 1669.0 0.0 13170.0 56.0 21224.0 0.08322434906669837
39 41 43 0.0 0.0 1182.0 0.0 12645.0 37.0 14624.0 0.08843408502305602
39 41 44 0.0 0.0 295.0 0.0 6116.0 24.0 476.0 0.166865315852205
39 41 45 0.0 0.0 3.0 0.0 123.0 1.0 0.0 0.6588235294117646
39 41 46 0.0 0.0 0.0 0.0 2.0 0.0 0.0 0.6993006993006992
39 42 34 0.0 0.0 0.0 0.0 7.0 0.0 0.0 0.6975585450921773
39 42 35 0.0 0.0 153.0 0.0 3242.0 20.0 92.0 0.2603198214949795
39 42 36 0.0 0.0 364.0 0.0 7870.0 20.0 1081.0 0.1369059260707999
39 42 37 0.0 0.0 931.0 0.0 12508.0 33.0 7809.0 0.09069707178025394
39 42 38 0.0 0.0 1652.0 0.0 12828.0 44.0 22181.0 0.08496692359045942
39 42 39 0.0 0.0 1775.0 0.0 12771.0 58.0 24775.0 0.08465352521465715
39 42 40 0.0 0.0 2491.0 0.0 12095.0 64.0 38930.0 0.08442889880593413
39 42 41 0.0 0.0 1826.0 0.0 12758.0 43.0 26487.0 0.08441871683550409
39 42 42 0.0 0.0 957.0 0.0 12521.0 33.0 10214.0 0.09046265184802273
39 42 43 0.0 0.0 467.0 0.0 8809.0 26.0 1413.0 0.12435601350151002
39 42 44 0.0 0.0 233.0 0.0 4982.0 14.0 289.0 0.19422863485016642
39 42 45 0.0 0.0 102.0 0.0 2332.0 11.0 23.0 0.31652724395206866
39 43 34 0.0 0.0 0.0 0.0 12.0 0.0 0.0 0.6961710591745399
39 43 35 0.0 0.0 387.0 0.0 7922.0 30.0 1099.0 0.13612056392805055
39 43 36 0.0 0.0 51.0 0.0 1435.0 6.0 15.0 0.40241448692152915
39 43 37 0.0 0.0 446.0 0.0 8912.0 20.0 1731.0 0.12340237990304097
39 43 38 0.0 0.0 686.0 0.0 11410.0 27.0 5019.0 0.09939652112176073
39 43 39 0.0 0.0 1119.0 0.0 12712.0 41.0 12906.0 0.08849557522123892
39 43 40 0.0 0.0 1599.0 0.0 12094.0 46.0 25177.0 0.08918901700961966
39 43 41 0.0 0.0 827.0 0.0 12050.0 31.0 6931.0 0.09417462666487286
39 43 42 0.0 0.0 1096.0 0.0 12794.0 38.0 12003.0 0.08818897637795275
39 43 43 0.0 0.0 209.0 0.0 4850.0 18.0 273.0 0.19869429463525398
39 43 44 0.0 0.0 42.0 0.0 918.0 12.0 5.0 0.4748982360922659
39 43 45 0.0 0.0 2.0 0.0 42.0 1.0 0.0 0.6852667645619186
39 44 34 0.0 0.0 0.0 0.0 13.0 0.0 0.0 0.695479384003974
39 44 35 0.0 0.0 0.0 0.0 9.0 0.0 0.0 0.6968641114982577
39 44 36 0.0 0.0 25.0 0.0 534.0 7.0 0.0 0.5485893416927898
39 44 37 0.0 0.0 106.0 0.0 2153.0 10.0 43.0 0.3294117647058823
39 44 38 0.0 0.0 209.0 0.0 4489.0 20.0 223.0 0.209612217397814
39 44 39 0.0 0.0 811.0 0.0 11924.0 35.0 5947.0 0.09509577503056649
39 44 40 0.0 0.0 780.0 0.0 11943.0 35.0 5847.0 0.09522513943681131
39 44 41 0.0 0.0 976.0 0.0 12458.0 34.0 10146.0 0.09075586671852716
39 44 42 0.0 0.0 604.0 0.0 10675.0 23.0 4083.0 0.10550908131735623
39 44 43 0.0 0.0 203.0 0.0 4203.0 15.0 186.0 0.21892103205629398
39 44 44 0.0 0.0 5.0 0.0 105.0 1.0 0.0 0.6641366223908918
39 44 45 0.0 0.0 0.0 0.0 3.0 0.0 0.0 0.6989515726410384
39 45 36 0.0 0.0 0.0 0.0 2.0 0.0 0.0 0.6993006993006992
39 45 37 0.0 0.0 0.0 0.0 10.0 0.0 0.0 0.6965174129353233
39 45 38 0.0 0.0 31.0 0.0 787.0 4.0 0.0 0.49751243781094523
39 45 39 0.0 0.0 112.0 0.0 2807.0 17.0 55.0 0.2855394656332857
39 45 40 0.0 0.0 111.0 0.0 2693.0 12.0 63.0 0.2921535893155258
39 45 41 0.0 0.0 203.0 0.0 4599.0 23.0 244.0 0.2063375092114959
39 45 42 0.0 0.0 250.0 0.0 5460.0 23.0 387.0 0.18205461638491544
39 45 43 0.0 0.0 2.0 0.0 79.0 0.0 0.0 0.6727534839019701
39 45 44 0.0 0.0 2.0 0.0 67.0 1.0 0.0 0.6769825918762088
39 46 38 0.0 0.0 0.0 0.0 1.0 0.0 0.0 0.6996501749125437
39 46 39 0.0 0.0 0.0 0.0 9.0 0.0 0.0 0.6968641114982577
39 46 40 0.0 0.0 4.0 0.0 78.0 1.0 0.0 0.6730769230769229
39 46 41 0.0 0.0 0.0 0.0 16.0 0.0 0.0 0.6944444444444444
39 46 42 0.0 0.0 0.0 0.0 22.0 1.0 0.0 0.6927263730826323
39 46 43 0.0 0.0 0.0 0.0 5.0 0.0 0.0 0.6982543640897755
40 34 36 0.0 0.0 0.0 0.0 1.0 0.0 0.0 0.6996501749125437
40 34 37 0.0 0.0 0.0 0.0 12.0 0.0 0.0 0.6958250497017892
40 34 38 0.0 0.0 1.0 0.0 24.0 0.0 0.0 0.6913580246913579
40 34 39 0.0 0.0 0.0 0.0 25.0 0.0 0.0 0.6913580246913579
40 34 40 0.0 0.0 4.0 0.0 55.0 1.0 0.0 0.6802721088435373
40 34 41 0.0 0.0 0.0 0.0 11.0 0.0 0.0 0.6961710591745399
40 34 42 0.0 0.0 0.0 0.0 5.0 0.0 0.0 0.6982543640897755
40 35 35 0.0 0.0 0.0 0.0 4.0 0.0 0.0 0.6986027944111775
40 35 36 0.0 0.0 0.0 0.0 18.0 0.0 0.0 0.6937561942517343
40 35 37 0.0 0.0 10.0 0.0 286.0 3.0 1.0 0.6105538595726122
40 35 38 0.0 0.0 72.0 0.0 1688.0 9.0 15.0 0.3731343283582089
40 35 39 0.0 0.0 217.0 0.0 4616.0 17.0 204.0 0.20530869628977852
40 35 40 0.0 0.0 195.0 0.0 5059.0 10.0 331.0 0.1932633903920486
40 35 41 0.0 0.0 46.0 0.0 1498.0 7.0 17.0 0.39570378745053697
40 35 42 0.0 0.0 6.0 0.0 310.0 4.0 0.0 0.6057983556901773
40 35 43 0.0 0.0 1.0 0.0 64.0 1.0 0.0 0.6782945736434108
40 35 44 0.0 0.0 15.0 0.0 361.0 5.0 3.0 0.5904681568958244
40 35 45 0.0 0.0 0.0 0.0 1.0 0.0 0.0 0.6996501749125437
40 36 35 0.0 0.0 0.0 0.0 20.0 0.0 0.0 0.6930693069306929
40 36 36 0.0 0.0 40.0 0.0 1054.0 8.0 6.0 0.45366169799092676
40 36 37 0.0 0.0 233.0 0.0 5497.0 24.0 382.0 0.18165304268846502
40 36 38 0.0 0.0 475.0 0.0 9567.0 25.0 2452.0 0.1164337990685296
40 36 39 0.0 0.0 642.0 0.0 11039.0 25.0 4211.0 0.10242903131401813
40 36 40 0.0 0.0 439.0 0.0 9184.0 25.0 2153.0 0.12059608924110603
40 36 41 0.0 0.0 665.0 0.0 11362.0 27.0 5166.0 0.09987159366528749
40 36 42 0.0 0.0 517.0 0.0 9716.0 20.0 2429.0 0.11456628477905073
40 36 43 0.0 0.0 429.0 0.0 8309.0 21.0 1317.0 0.13059701492537312
40 36 44 0.0 0.0 189.0 0.0 3737.0 18.0 93.0 0.23704707077548254
40 36 45 0.0 0.0 8.0 0.0 113.0 2.0 0.0 0.6610009442870631
40 37 34 0.0 0.0 0.0 0.0 2.0 0.0 0.0 0.6993006993006992
40 37 35 0.0 0.0 2.0 0.0 98.0 1.0 0.0 0.6669842782277274
40 37 36 0.0 0.0 439.0 0.0 8625.0 29.0 1482.0 0.12673123925047522
40 37 37 0.0 0.0 764.0 0.0 11467.0 32.0 3876.0 0.09845288326300984
40 37 38 0.0 0.0 1377.0 0.0 12925.0 43.0 17967.0 0.08596868283696653
40 37 39 0.0 0.0 1121.0 0.0 12972.0 29.0 11349.0 0.08701597364659083
40 37 40 0.0 0.0 1151.0 0.0 12985.0 37.0 12238.0 0.08677865245149692
40 37 41 0.0 0.0 1631.0 0.0 12441.0 27.0 24268.0 0.08701056556867619
40 37 42 0.0 0.0 1192.0 0.0 13067.0 34.0 12816.0 0.08609556607834695
40 37 43 0.0 0.0 851.0 0.0 12151.0 36.0 6417.0 0.09343923112861242
40 37 44 0.0 0.0 473.0 0.0 9291.0 24.0 2239.0 0.11913879669815333
40 37 45 0.0 0.0 48.0 0.0 1012.0 12.0 5.0 0.4593175853018372
40 37 46 0.0 0.0 0.0 0.0 2.0 0.0 0.0 0.6993006993006992
40 38 35 0.0 0.0 65.0 0.0 1487.0 17.0 16.0 0.39615166949632136
40 38 36 0.0 0.0 200.0 0.0 4991.0 24.0 342.0 0.19517635577861422
40 38 37 0.0 0.0 701.0 0.0 11484.0 25.0 4837.0 0.09875149890667982
40 38 38 0.0 0.0 2362.0 0.0 10856.0 57.0 45193.0 0.09199027531375253
40 38 39 0.0 0.0 2030.0 0.0 13353.0 44.0 25508.0 0.08049215201517851
40 38 40 0.0 0.0 2723.0 0.0 11895.0 59.0 42650.0 0.08425613866153105
40 38 41 0.0 0.0 2718.0 0.0 11669.0 58.0 45244.0 0.08542314967356153
40 38 42 0.0 0.0 2673.0 0.0 11264.0 69.0 46408.0 0.08789552988448016
40 38 43 0.0 0.0 1197.0 0.0 12910.0 36.0 14190.0 0.08696732513355694
40 38 44 0.0 0.0 263.0 0.0 5628.0 21.0 367.0 0.17777777777777773
40 38 45 0.0 0.0 124.0 0.0 2680.0 8.0 41.0 0.29197080291970795
40 38 46 0.0 0.0 0.0 0.0 2.0 0.0 0.0 0.6993006993006992
40 39 34 0.0 0.0 0.0 0.0 9.0 0.0 0.0 0.6968641114982577
40 39 35 0.0 0.0 83.0 0.0 2176.0 10.0 33.0 0.329489291598023
40 39 36 0.0 0.0 659.0 0.0 11258.0 29.0 4439.0 0.10064701653486699
40 39 37 0.0 0.0 1196.0 0.0 13027.0 37.0 12581.0 0.08635045950780237
40 39 38 0.0 0.0 2242.0 0.0 12563.0 53.0 32376.0 0.08327880554398905
40 39 39 0.0 0.0 3544.0 0.0 8992.0 72.0 74279.0 0.09633911368015413
40 39 40 0.0 0.0 4260.0 0.0 8687.0 85.0 83174.0 0.09352037408149631
40 39 41 1.0 0.0 4023.0 0.0 8164.0 89.0 86619.0 0.09879331028156092
40 39 42 0.0 0.0 2678.0 0.0 11787.0 56.0 43333.0 0.08506501397496657
40 39 43 0.0 0.0 1329.0 0.0 12988.0 37.0 16626.0 0.08577380223011885
40 39 44 0.0 0.0 196.0 0.0 5185.0 15.0 342.0 0.1900108577633007
40 39 45 0.0 0.0 44.0 0.0 1323.0 11.0 16.0 0.41716328963051247
40 39 46 0.0 0.0 0.0 0.0 5.0 0.0 0.0 0.6982543640897755
40 40 34 0.0 0.0 0.0 0.0 17.0 0.0 0.0 0.694100148735746
40 40 35 0.0 0.0 315.0 0.0 6395.0 23.0 494.0 0.16110471806674337
40 40 36 0.0 0.0 857.0 0.0 12294.0 36.0 7731.0 0.09240314170681801
40 40 37 0.0 0.0 1577.0 0.0 12108.0 34.0 25262.0 0.08915493854677449
40 40 38 0.0 0.0 2363.0 0.0 12130.0 56.0 36530.0 0.08484848484848484
40 40 39 1.0 0.0 3747.0 1.0 10286.0 75.0 65080.0 0.08727091385114075
40 40 40 5.0 9.0 3406.0 13.0 4430.0 62.0 130300.0 0.14198782961460446
40 40 41 0.0 1.0 3703.0 2.0 10495.0 75.0 62023.0 0.08640375239153242
40 40 42 0.0 0.0 2307.0 0.0 12691.0 63.0 32754.0 0.08236747661352002
40 40 43 0.0 0.0 1043.0 0.0 12824.0 33.0 8952.0 0.08827238335435056
40 40 44 0.0 0.0 353.0 0.0 6794.0 26.0 668.0 0.1533910375808042
40 40 45 0.0 0.0 43.0 0.0 1265.0 11.0 8.0 0.4246284501061571
40 40 46 0.0 0.0 7.0 0.0 210.0 1.0 0.0 0.6317689530685919
40 41 34 0.0 0.0 0.0 0.0 9.0 0.0 0.0 0.6968641114982577
40 41 35 0.0 0.0 130.0 0.0 3017.0 18.0 65.0 0.2729576915578085
40 41 36 0.0 0.0 586.0 0.0 10387.0 18.0 3172.0 0.10798303123794831
40 41 37 0.0 0.0 1512.0 0.0 12747.0 38.0 21140.0 0.08613794376422813
40 41 38 0.0 0.0 2701.0 1.0 11416.0 52.0 45594.0 0.08675176601809392
40 41 39 0.0 0.0 3434.0 0.0 10483.0 72.0 60131.0 0.08792865217937444
40 41 40 1.0 7.0 3718.0 16.0 9498.0 89.0 70500.0 0.0918936659008861
40 41 41 0.0 0.0 3344.0 0.0 9207.0 73.0 70781.0 0.09629935341862704
40 41 42 0.0 0.0 1891.0 3.0 13146.0 57.0 24427.0 0.08219821512447158
40 41 43 0.0 0.0 1191.0 0.0 12630.0 42.0 14239.0 0.08845084660096031
40 41 44 0.0 0.0 142.0 0.0 3369.0 12.0 77.0 0.2545454545454545
40 41 45 0.0 0.0 9.0 0.0 218.0 2.0 0.0 0.6292134831460673
40 41 46 0.0 0.0 0.0 0.0 1.0 0.0 0.0 0.6996501749125437
40 42 34 0.0 0.0 0.0 0.0 18.0 0.0 0.0 0.6937561942517343
40 42 35 0.0 0.0 78.0 0.0 1832.0 9.0 25.0 0.3586984370996669
40 42 36 0.0 0.0 1059.0 0.0 12970.0 36.0 9744.0 0.0873253493013972
40 42 37 0.0 0.0 890.0 0.0 12390.0 30.0 9251.0 0.0916590284142988
40 42 38 0.0 0.0 1564.0 0.0 13046.0 48.0 19357.0 0.08434243026688354
40 42 39 0.0 0.0 2656.0 1.0 10621.0 61.0 50325.0 0.09159306509649982
40 42 40 0.0 0.0 2110.0 2.0 13094.0 42.0 27987.0 0.0813575081357508
40 42 41 0.0 0.0 2540.0 0.0 11416.0 70.0 43175.0 0.08776879192527114
40 42 42 0.0 0.0 1250.0 0.0 13215.0 33.0 12928.0 0.08501852189226937
40 42 43 0.0 0.0 613.0 0.0 10570.0 27.0 3544.0 0.1062941310454787
40 42 44 0.0 0.0 484.0 0.0 9809.0 20.0 2890.0 0.11400651465798045
40 42 45 0.0 0.0 44.0 0.0 1043.0 6.0 9.0 0.454397922752353
40 43 34 0.0 0.0 0.0 0.0 19.0 0.0 0.0 0.6934125804853887
40 43 35 0.0 0.0 65.0 0.0 1448.0 6.0 12.0 0.39920159680638717
40 43 36 0.0 0.0 275.0 0.0 5944.0 22.0 487.0 0.17081503172279155
40 43 37 0.0 0.0 549.0 0.0 10083.0 23.0 3119.0 0.11088230635197212
40 43 38 0.0 0.0 492.0 0.0 9514.0 17.0 2268.0 0.11667638969914158
40 43 39 0.0 0.0 1197.0 0.0 12960.0 24.0 14117.0 0.08653727283965879
40 43 40 0.0 0.0 1501.0 0.0 12697.0 40.0 21324.0 0.08645177226133136
40 43 41 0.0 0.0 1157.0 0.0 13006.0 33.0 11496.0 0.08662830270404058
40 43 42 0.0 0.0 714.0 0.0 11436.0 31.0 5015.0 0.09906594961788846
40 43 43 0.0 0.0 492.0 0.0 8912.0 31.0 1627.0 0.12299042431696387
40 43 44 0.0 0.0 38.0 0.0 748.0 12.0 1.0 0.5048683736025964
40 43 45 0.0 0.0 81.0 0.0 2352.0 7.0 39.0 0.31624124689405914
40 44 34 0.0 0.0 1.0 0.0 18.0 0.0 0.0 0.6934125804853887
40 44 35 0.0 0.0 0.0 0.0 21.0 0.0 0.0 0.6927263730826323
40 44 36 0.0 0.0 4.0 0.0 223.0 0.0 1.0 0.6289308176100628
40 44 37 0.0 0.0 19.0 0.0 390.0 3.0 0.0 0.5818786367414795
40 44 38 0.0 0.0 231.0 0.0 5073.0 19.0 295.0 0.19204389574759942
40 44 39 0.0 0.0 599.0 0.0 10914.0 26.0 4439.0 0.10364995928037313
40 44 40 0.0 0.0 650.0 0.0 10972.0 35.0 3872.0 0.10294874623134052
40 44 41 0.0 0.0 311.0 0.0 6927.0 21.0 738.0 0.15186028853454822
40 44 42 0.0 0.0 427.0 0.0 8615.0 25.0 1662.0 0.12698412698412698
40 44 43 0.0 0.0 149.0 0.0 3969.0 18.0 165.0 0.2294329727958046
40 44 44 0.0 0.0 0.0 0.0 15.0 0.0 0.0 0.694789081885856
40 44 45 0.0 0.0 0.0 0.0 1.0 0.0 0.0 0.6996501749125437
40 44 46 0.0 0.0 0.0 0.0 2.0 0.0 0.0 0.6993006993006992
40 45 37 0.0 0.0 3.0 0.0 65.0 0.0 0.0 0.6769825918762088
40 45 38 0.0 0.0 78.0 0.0 1682.0 6.0 10.0 0.3730349054090061
40 45 39 0.0 0.0 77.0 0.0 1843.0 14.0 24.0 0.35833120040952127
40 45 40 0.0 0.0 126.0 0.0 2736.0 14.0 52.0 0.288838456777388
40 45 41 0.0 0.0 45.0 0.0 1180.0 7.0 8.0 0.4350528278433809
40 45 42 0.0 0.0 13.0 0.0 331.0 3.0 0.0 0.5980350277659119
40 45 43 0.0 0.0 14.0 0.0 299.0 4.0 1.0 0.6063230835859679
40 45 44 0.0 0.0 0.0 0.0 12.0 0.0 0.0 0.6958250497017892
40 46 36 0.0 0.0 0.0 0.0 2.0 0.0 0.0 0.6993006993006992
40 46 37 0.0 0.0 0.0 0.0 1.0 0.0 0.0 0.6996501749125437
40 46 38 0.0 0.0 0.0 0.0 2.0 0.0 0.0 0.6993006993006992
40 46 39 0.0 0.0 0.0 0.0 3.0 0.0 0.0 0.6989515726410384
40 46 40 0.0 0.0 0.0 0.0 8.0 0.0 0.0 0.697211155378486
40 46 41 0.0 0.0 8.0 0.0 91.0 1.0 0.0 0.6673021925643469
40 46 42 0.0 0.0 0.0 0.0 9.0 0.0 0.0 0.6968641114982577
40 46 43 0.0 0.0 0.0 0.0 8.0 0.0 0.0 0.697211155378486
41 34 37 0.0 0.0 31.0 0.0 516.0 5.0 0.0 0.5509641873278236
41 34 38 0.0 0.0 0.0 0.0 18.0 0.0 0.0 0.6937561942517343
41 34 39 0.0 0.0 0.0 0.0 16.0 0.0 0.0 0.6944444444444444
41 34 40 0.0 0.0 2.0 0.0 56.0 0.0 0.0 0.6802721088435373
41 34 41 0.0 0.0 0.0 0.0 7.0 0.0 0.0 0.6975585450921773
41 34 42 0.0 0.0 0.0 0.0 2.0 0.0 0.0 0.6993006993006992
41 35 36 0.0 0.0 0.0 0.0 2.0 0.0 0.0 0.6993006993006992
41 35 37 0.0 0.0 24.0 0.0 578.0 6.0 2.0 0.5392912172573189
41 35 38 0.0 0.0 390.0 0.0 7936.0 19.0 1240.0 0.1357115160915083
41 35 39 0.0 0.0 214.0 0.0 4742.0 21.0 255.0 0.20181634712411703
41 35 40 0.0 0.0 179.0 0.0 4363.0 16.0 217.0 0.21449364179561817
41 35 41 0.0 0.0 123.0 0.0 2527.0 23.0 40.0 0.30250648228176313
41 35 42 0.0 0.0 54.0 0.0 1196.0 11.0 9.0 0.43223217042296996
41 35 43 0.0 0.0 3.0 0.0 196.0 1.0 0.0 0.6372325898953117
41 35 44 0.0 0.0 0.0 0.0 36.0 0.0 0.0 0.6876227897838899
41 35 45 0.0 0.0 0.0 0.0 2.0 0.0 0.0 0.6993006993006992
41 36 35 0.0 0.0 2.0 0.0 42.0 1.0 0.0 0.6852667645619186
41 36 36 0.0 0.0 90.0 0.0 1641.0 19.0 12.0 0.37715517241379304
41 36 37 0.0 0.0 98.0 0.0 2216.0 9.0 43.0 0.32505224053865794
41 36 38 0.0 0.0 353.0 0.0 7371.0 20.0 911.0 0.1441812564366632
41 36 39 0.0 0.0 1094.0 0.0 12609.0 28.0 12829.0 0.08915493854677449
41 36 40 0.0 0.0 615.0 0.0 10787.0 30.0 3806.0 0.1045790692462837
41 36 41 0.0 0.0 499.0 0.0 8903.0 23.0 1558.0 0.12294722051462192
41 36 42 0.0 0.0 305.0 0.0 6628.0 21.0 629.0 0.15703869882220975
41 36 43 0.0 0.0 379.0 0.0 8266.0 12.0 1611.0 0.13157894736842105
41 36 44 0.0 0.0 61.0 0.0 1930.0 7.0 37.0 0.3512293025589563
41 36 45 0.0 0.0 0.0 0.0 38.0 0.0 0.0 0.6869479882237487
41 36 46 0.0 0.0 0.0 0.0 1.0 0.0 0.0 0.6996501749125437
41 37 35 0.0 0.0 0.0 0.0 49.0 1.0 0.0 0.6835937499999999
41 37 36 0.0 0.0 145.0 0.0 3125.0 14.0 92.0 0.26631158455392806
41 37 37 0.0 0.0 620.0 0.0 10739.0 26.0 3420.0 0.10486105909669687
41 37 38 0.0 0.0 599.0 0.0 10610.0 17.0 3830.0 0.10598031794095382
41 37 39 1.0 0.0 1428.0 0.0 12859.0 41.0 19701.0 0.08591592513040809
41 37 40 0.0 0.0 1287.0 0.0 13286.0 44.0 14595.0 0.08450534194483007
41 37 41 0.0 0.0 1311.0 0.0 12907.0 37.0 16095.0 0.08628127696289904
41 37 42 0.0 0.0 1433.0 0.0 12822.0 47.0 18853.0 0.08615914825527723
41 37 43 0.0 0.0 1179.0 0.0 12971.0 36.0 12119.0 0.08672489623985627
41 37 44 0.0 0.0 213.0 0.0 4652.0 16.0 222.0 0.2043199065966141
41 37 45 0.0 0.0 116.0 0.0 2326.0 17.0 28.0 0.3163841807909604
41 37 46 0.0 0.0 0.0 0.0 4.0 0.0 0.0 0.6986027944111775
41 38 34 0.0 0.0 0.0 0.0 2.0 0.0 0.0 0.6993006993006992
41 38 35 0.0 0.0 159.0 0.0 3421.0 18.0 108.0 0.25166277188567315
41 38 36 0.0 0.0 185.0 0.0 4726.0 20.0 265.0 0.2031045988684172
41 38 37 0.0 0.0 1052.0 0.0 12730.0 34.0 10402.0 0.08880431335236282
41 38 38 0.0 0.0 1483.0 0.0 12924.0 33.0 18542.0 0.08538147222052814
41 38 39 0.0 0.0 2208.0 0.0 12083.0 52.0 35774.0 0.08588430157659038
41 38 40 0.0 0.0 2979.0 0.0 11207.0 56.0 49844.0 0.0864410965670536
41 38 41 0.0 0.0 2814.0 0.0 11355.0 61.0 47530.0 0.08660686668728734
41 38 42 0.0 0.0 2626.0 0.0 10653.0 63.0 49520.0 0.09177318911832184
41 38 43 0.0 0.0 1345.0 0.0 12907.0 30.0 16453.0 0.08614324390844202
41 38 44 0.0 0.0 537.0 0.0 10379.0 24.0 3812.0 0.10840947808579834
41 38 45 0.0 0.0 117.0 0.0 2542.0 13.0 63.0 0.3012696363245104
41 38 46 0.0 0.0 3.0 0.0 42.0 1.0 0.0 0.684931506849315
41 39 34 0.0 0.0 0.0 0.0 14.0 1.0 0.0 0.695479384003974
41 39 35 0.0 0.0 22.0 0.0 616.0 6.0 5.0 0.5321170657544659
41 39 36 0.0 0.0 811.0 0.0 11869.0 31.0 5560.0 0.09544586855740386
41 39 37 0.0 0.0 821.0 0.0 12077.0 25.0 6240.0 0.09400389444705565
41 39 38 0.0 0.0 2071.0 0.0 12229.0 51.0 31384.0 0.08581060373889059
41 39 39 0.0 2.0 3238.0 0.0 10638.0 84.0 57709.0 0.08823344047393962
41 39 40 1.0 0.0 4106.0 1.0 7681.0 81.0 93051.0 0.1015154811108694
41 39 41 0.0 1.0 3726.0 0.0 6220.0 82.0 106015.0 0.11736105289630311
41 39 42 0.0 0.0 2973.0 0.0 11052.0 60.0 50603.0 0.08728179551122194
41 39 43 0.0 0.0 1327.0 0.0 13038.0 27.0 15766.0 0.08550662676357416
41 39 44 0.0 0.0 615.0 0.0 10782.0 28.0 3713.0 0.10454783063251437
41 39 45 0.0 0.0 10.0 0.0 341.0 1.0 1.0 0.5957446808510637
41 39 46 0.0 0.0 0.0 0.0 1.0 0.0 0.0 0.6996501749125437
41 40 34 0.0 0.0 0.0 0.0 17.0 0.0 0.0 0.694100148735746
41 40 35 0.0 0.0 198.0 0.0 4388.0 21.0 176.0 0.21318714786051465
41 40 36 0.0 0.0 892.0 0.0 12231.0 34.0 10187.0 0.09258646914886581
41 40 37 0.0 0.0 1112.0 0.0 12834.0 33.0 11738.0 0.08778530223225482
41 40 38 0.0 0.0 2417.0 0.0 11586.0 56.0 40547.0 0.08733624454148471
41 40 39 0.0 0.0 3702.0 0.0 8553.0 68.0 80250.0 0.09814230634419907
41 40 40 0.0 1.0 3490.0 2.0 11579.0 55.0 52871.0 0.08190966534051017
41 40 41 0.0 0.0 3759.0 2.0 9036.0 70.0 73976.0 0.0946521533364884
41 40 42 0.0 0.0 3050.0 0.0 10040.0 53.0 58724.0 0.09259871684635226
41 40 43 0.0 0.0 1695.0 0.0 12471.0 53.0 25727.0 0.08662294270511074
41 40 44 0.0 0.0 868.0 0.0 12175.0 29.0 7574.0 0.09306654257794322
41 40 45 0.0 0.0 85.0 0.0 2000.0 9.0 30.0 0.34347399411187435
41 41 34 0.0 0.0 0.0 0.0 14.0 0.0 0.0 0.6951340615690167
41 41 35 0.0 0.0 127.0 0.0 3347.0 15.0 111.0 0.2565042139978013
41 41 36 0.0 0.0 427.0 0.0 8863.0 25.0 1650.0 0.12420156139105748
41 41 37 0.0 0.0 1447.0 0.0 12751.0 32.0 20199.0 0.08639308855291576
41 41 38 0.0 0.0 2011.0 0.0 12510.0 50.0 30412.0 0.0846484067960578
41 41 39 0.0 0.0 3363.0 1.0 9796.0 72.0 64794.0 0.09233001384950207
41 41 40 1.0 0.0 3682.0 0.0 7903.0 72.0 85212.0 0.1030700139880733
41 41 41 0.0 4.0 2941.0 13.0 11610.0 52.0 46492.0 0.08445945945945946
41 41 42 0.0 0.0 1702.0 0.0 12957.0 44.0 21887.0 0.08403865778257998
41 41 43 0.0 0.0 1125.0 0.0 12907.0 27.0 12303.0 0.08729812309035354
41 41 44 0.0 0.0 481.0 0.0 9541.0 23.0 2580.0 0.11660836248542393
41 41 45 0.0 0.0 96.0 0.0 2244.0 11.0 29.0 0.3234003234003233
41 41 46 0.0 0.0 1.0 0.0 29.0 1.0 0.0 0.6899950714637751
41 42 34 0.0 0.0 0.0 0.0 3.0 0.0 0.0 0.6989515726410384
41 42 35 0.0 0.0 59.0 0.0 1452.0 13.0 10.0 0.40011431837667905
41 42 36 0.0 0.0 703.0 0.0 11405.0 22.0 5753.0 0.09925558312655085
41 42 37 0.0 0.0 1061.0 0.0 12909.0 33.0 9460.0 0.08765888172312315
41 42 38 0.0 0.0 1165.0 0.0 13097.0 40.0 12038.0 0.08610086100861007
41 42 39 0.0 0.0 1619.0 0.0 13251.0 60.0 20054.0 0.0830614061109463
41 42 40 0.0 0.0 1924.0 1.0 12738.0 51.0 27777.0 0.084008400840084
41 42 41 0.0 0.0 1887.0 1.0 12629.0 46.0 27536.0 0.08479195687723336
41 42 42 0.0 0.0 991.0 0.0 12780.0 31.0 9535.0 0.08879304877275321
41 42 43 0.0 0.0 585.0 0.0 10530.0 24.0 3556.0 0.10679685712106186
41 42 44 0.0 0.0 277.0 0.0 6109.0 16.0 478.0 0.16714422158548228
41 42 45 0.0 0.0 63.0 0.0 1928.0 8.0 35.0 0.3516704345641798
41 42 46 0.0 0.0 0.0 0.0 2.0 0.0 0.0 0.6993006993006992
41 43 34 0.0 0.0 0.0 0.0 1.0 0.0 0.0 0.6996501749125437
41 43 35 0.0 0.0 144.0 0.0 3224.0 23.0 78.0 0.26178010471204183
41 43 36 0.0 0.0 59.0 0.0 1467.0 13.0 13.0 0.39851978366068874
41 43 37 0.0 0.0 501.0 0.0 9113.0 18.0 1742.0 0.1205857019810508
41 43 38 0.0 0.0 546.0 0.0 10206.0 28.0 3133.0 0.10994188785927436
41 43 39 0.0 0.0 1049.0 0.0 12678.0 37.0 12695.0 0.0889792805389602
41 43 40 0.0 0.0 818.0 0.0 12165.0 29.0 6123.0 0.09348914858096827
41 43 41 0.0 0.0 983.0 0.0 12647.0 32.0 8817.0 0.0895942659669781
41 43 42 0.0 0.0 1074.0 0.0 12795.0 26.0 11595.0 0.08818897637795275
41 43 43 0.0 0.0 288.0 0.0 6431.0 20.0 542.0 0.16088255573431393
41 43 44 0.0 0.0 10.0 0.0 215.0 3.0 0.0 0.63006300630063
41 43 45 0.0 0.0 0.0 0.0 26.0 0.0 0.0 0.6910167818361302
41 43 46 0.0 0.0 0.0 0.0 3.0 1.0 0.0 0.6993006993006992
41 44 34 0.0 0.0 0.0 0.0 1.0 0.0 0.0 0.6996501749125437
41 44 35 0.0 0.0 73.0 0.0 1376.0 12.0 14.0 0.40733197556008144
41 44 36 0.0 0.0 110.0 0.0 2391.0 18.0 38.0 0.3122908766451037
41 44 37 0.0 0.0 57.0 0.0 1178.0 9.0 5.0 0.4339739615623062
41 44 38 0.0 0.0 618.0 0.0 10716.0 22.0 3667.0 0.10503413609423061
41 44 39 0.0 0.0 318.0 0.0 7427.0 22.0 1048.0 0.14392926904492645
41 44 40 0.0 0.0 250.0 0.0 5228.0 22.0 293.0 0.18769272020378064
41 44 41 0.0 0.0 543.0 0.0 10272.0 19.0 2921.0 0.10926402872083038
41 44 42 0.0 0.0 51.0 0.0 1641.0 12.0 20.0 0.3804347826086956
41 44 43 0.0 0.0 50.0 0.0 1462.0 9.0 12.0 0.39965743648301444
41 44 44 0.0 0.0 0.0 0.0 23.0 0.0 0.0 0.6920415224913494
41 44 45 0.0 0.0 0.0 0.0 1.0 0.0 0.0 0.6996501749125437
41 45 35 0.0 0.0 21.0 0.0 554.0 8.0 4.0 0.5453837164004673
41 45 37 0.0 0.0 110.0 0.0 2283.0 18.0 27.0 0.31999999999999995
41 45 38 0.0 0.0 21.0 0.0 507.0 6.0 1.0 0.5551149881046787
41 45 39 0.0 0.0 46.0 0.0 1112.0 11.0 4.0 0.44486812837623124
41 45 40 0.0 0.0 108.0 0.0 2716.0 11.0 70.0 0.29087886972782045
41 45 41 0.0 0.0 42.0 0.0 874.0 14.0 2.0 0.48242591316333555
41 45 42 0.0 0.0 1.0 0.0 55.0 2.0 0.0 0.6815968841285296
41 45 43 0.0 0.0 4.0 0.0 118.0 0.0 0.0 0.6597549481621111
41 45 44 0.0 0.0 0.0 0.0 2.0 0.0 0.0 0.6993006993006992
41 46 37 0.0 0.0 0.0 0.0 3.0 0.0 0.0 0.6989515726410384
41 46 38 0.0 0.0 0.0 0.0 1.0 0.0 0.0 0.6996501749125437
41 46 39 0.0 0.0 1.0 0.0 42.0 1.0 0.0 0.6856023506366307
41 46 41 0.0 0.0 2.0 0.0 33.0 1.0 0.0 0.6882989183874139
42 34 37 0.0 0.0 0.0 0.0 9.0 0.0 0.0 0.6968641114982577
42 34 38 0.0 0.0 0.0 0.0 18.0 0.0 0.0 0.6937561942517343
42 34 39 0.0 0.0 0.0 0.0 20.0 0.0 0.0 0.6930693069306929
42 34 40 0.0 0.0 0.0 0.0 18.0 0.0 0.0 0.6937561942517343
42 34 41 0.0 0.0 0.0 0.0 2.0 0.0 0.0 0.6993006993006992
42 34 42 0.0 0.0 0.0 0.0 1.0 0.0 0.0 0.6996501749125437
42 35 35 0.0 0.0 0.0 0.0 1.0 0.0 0.0 0.6996501749125437
42 35 37 0.0 0.0 3.0 0.0 40.0 2.0 0.0 0.6859382655560998
42 35 38 0.0 0.0 121.0 0.0 2347.0 15.0 33.0 0.31439479002919374
42 35 39 0.0 0.0 221.0 0.0 4449.0 18.0 207.0 0.21043138433789266
42 35 40 0.0 0.0 38.0 0.0 924.0 6.0 2.0 0.4736129905277401
42 35 41 0.0 0.0 99.0 0.0 2599.0 15.0 68.0 0.2988898377455166
42 35 42 0.0 0.0 4.0 0.0 176.0 0.0 0.0 0.6422018348623851
42 35 43 0.0 0.0 35.0 0.0 812.0 5.0 2.0 0.4926108374384236
42 35 44 0.0 0.0 0.0 0.0 59.0 1.0 0.0 0.6806028196402526
42 35 45 0.0 0.0 0.0 0.0 4.0 0.0 0.0 0.6986027944111775
42 36 36 0.0 0.0 92.0 0.0 2312.0 12.0 45.0 0.31868882312770314
42 36 37 0.0 0.0 14.0 0.0 294.0 6.0 0.0 0.6081668114682883
42 36 38 0.0 0.0 267.0 0.0 6239.0 30.0 556.0 0.16511381059087152
42 36 39 0.0 0.0 832.0 0.0 11993.0 24.0 7592.0 0.09447968686732351
42 36 40 0.0 0.0 478.0 0.0 9030.0 21.0 1717.0 0.12176030614019827
42 36 41 0.0 0.0 729.0 0.0 11572.0 16.0 5140.0 0.09786103732699565
42 36 42 0.0 0.0 431.0 0.0 8702.0 26.0 1588.0 0.12596724851538596
42 36 43 0.0 0.0 467.0 0.0 8875.0 16.0 1686.0 0.12345679012345677
42 36 44 0.0 0.0 14.0 0.0 684.0 3.0 2.0 0.5194805194805194
42 36 45 0.0 0.0 0.0 0.0 27.0 0.0 0.0 0.6910167818361302
42 36 46 0.0 0.0 0.0 0.0 4.0 0.0 0.0 0.6986027944111775
42 37 34 0.0 0.0 17.0 0.0 339.0 7.0 2.0 0.5959982971477223
42 37 35 0.0 0.0 40.0 0.0 1080.0 12.0 9.0 0.4504504504504504
42 37 36 0.0 0.0 9.0 0.0 369.0 7.0 1.0 0.5904681568958244
42 37 37 0.0 0.0 201.0 0.0 4478.0 26.0 214.0 0.2104630186410102
42 37 38 0.0 0.0 582.0 0.0 10424.0 25.0 3295.0 0.10777521170130869
42 37 39 0.0 0.0 1323.0 0.0 13050.0 41.0 15245.0 0.0855170728727628
42 37 40 0.0 0.0 1858.0 0.0 12173.0 45.0 29220.0 0.08721111318756618
42 37 41 0.0 0.0 1709.0 0.0 12767.0 50.0 23486.0 0.0849514563106796
42 37 42 0.0 0.0 922.0 0.0 12612.0 25.0 8165.0 0.09018294254058232
42 37 43 0.0 0.0 1070.0 0.0 12316.0 35.0 13566.0 0.09106283335501494
42 37 44 0.0 0.0 483.0 0.0 9154.0 25.0 1787.0 0.12047156010670336
42 37 45 0.0 0.0 246.0 0.0 5277.0 20.0 330.0 0.18656716417910446
42 37 46 0.0 0.0 0.0 0.0 5.0 0.0 0.0 0.6982543640897755
42 38 34 0.0 0.0 3.0 0.0 54.0 0.0 0.0 0.6806028196402526
42 38 35 0.0 0.0 44.0 0.0 990.0 7.0 2.0 0.46235138705416107
42 38 36 0.0 0.0 400.0 0.0 8284.0 24.0 1327.0 0.13127051101734644
42 38 37 0.0 0.0 277.0 0.0 6124.0 22.0 539.0 0.1670445054289464
42 38 38 0.0 0.0 1143.0 0.0 12648.0 28.0 13616.0 0.08859638020503732
42 38 39 0.0 0.0 1631.0 0.0 12638.0 41.0 23664.0 0.0860162202015237
42 38 40 0.0 0.0 2654.0 0.0 10760.0 61.0 51246.0 0.09076175040518637
42 38 41 0.0 0.0 2971.0 0.0 10231.0 67.0 56012.0 0.0919781880296958
42 38 42 0.0 0.0 1586.0 0.0 12962.0 53.0 21326.0 0.0847098686997035
42 38 43 0.0 0.0 746.0 0.0 11584.0 29.0 5928.0 0.09776536312849161
42 38 44 0.0 0.0 426.0 0.0 8603.0 26.0 1497.0 0.1271802325581395
42 38 45 0.0 0.0 93.0 0.0 1505.0 17.0 8.0 0.39095224797542577
42 38 46 0.0 0.0 0.0 0.0 3.0 0.0 0.0 0.6989515726410384
42 39 34 0.0 0.0 0.0 0.0 1.0 0.0 0.0 0.6996501749125437
42 39 35 0.0 0.0 144.0 0.0 3935.0 17.0 160.0 0.23094688221709
42 39 36 0.0 0.0 363.0 0.0 7729.0 26.0 1123.0 0.1390130076457154
42 39 37 0.0 0.0 1020.0 0.0 12623.0 26.0 9933.0 0.08949689957169339
42 39 38 0.0 0.0 1287.0 0.0 13127.0 39.0 15256.0 0.08530343650987082
42 39 39 0.0 0.0 2313.0 0.0 12343.0 65.0 35022.0 0.0840891344825515
42 39 40 0.0 0.0 3059.0 0.0 10894.0 79.0 53608.0 0.08779080704834764
42 39 41 0.0 0.0 2846.0 0.0 11395.0 62.0 46218.0 0.08614854470494122
42 39 42 0.0 0.0 2860.0 0.0 10364.0 64.0 54666.0 0.09186954524575103
42 39 43 0.0 0.0 959.0 0.0 12752.0 34.0 8957.0 0.0891606164819768
42 39 44 0.0 0.0 538.0 0.0 10059.0 28.0 2853.0 0.11119053292033991
42 39 45 0.0 0.0 35.0 0.0 759.0 14.0 1.0 0.5035971223021581
42 39 46 0.0 0.0 0.0 0.0 2.0 0.0 0.0 0.6993006993006992
42 40 34 0.0 0.0 2.0 0.0 12.0 1.0 0.0 0.695479384003974
42 40 35 0.0 0.0 203.0 0.0 4271.0 20.0 175.0 0.2167518191670537
42 40 36 0.0 0.0 221.0 0.0 5798.0 10.0 541.0 0.17478152309612982
42 40 37 0.0 0.0 881.0 0.0 12569.0 21.0 7044.0 0.09057971014492752
42 40 38 0.0 0.0 1955.0 0.0 11541.0 65.0 35341.0 0.09041591320072331
42 40 39 0.0 0.0 2286.0 0.0 12251.0 54.0 35473.0 0.08463305525329463
42 40 40 0.0 0.0 2695.0 1.0 11153.0 51.0 47708.0 0.08823900163872431
42 40 41 0.0 0.0 2804.0 0.0 11385.0 68.0 48127.0 0.08645711109738775
42 40 42 0.0 0.0 2546.0 0.0 11197.0 72.0 43769.0 0.08891146957957576
42 40 43 0.0 0.0 1251.0 0.0 12872.0 40.0 16018.0 0.08691873098652758
42 40 44 0.0 0.0 832.0 0.0 12084.0 35.0 6541.0 0.09392821200939282
42 40 45 0.0 0.0 129.0 0.0 3359.0 18.0 107.0 0.2558947176019009
42 40 46 0.0 0.0 0.0 0.0 6.0 0.0 0.0 0.6979062811565303
42 41 34 0.0 0.0 1.0 0.0 28.0 1.0 0.0 0.690335305719921
42 41 35 0.0 0.0 64.0 0.0 1472.0 10.0 16.0 0.39705048213272826
42 41 36 0.0 0.0 269.0 0.0 5619.0 24.0 394.0 0.17800381436745072
42 41 37 0.0 0.0 639.0 0.0 11045.0 17.0 4097.0 0.10230179028132991
42 41 38 0.0 0.0 1546.0 0.0 12715.0 57.0 21916.0 0.0861273454321747
42 41 39 0.0 0.0 2078.0 0.0 12638.0 46.0 29647.0 0.0837621155917195
42 41 40 0.0 0.0 2056.0 0.0 12510.0 61.0 30055.0 0.08457170472393379
42 41 41 0.0 0.0 1394.0 0.0 13643.0 33.0 13621.0 0.08214998239643234
42 41 42 0.0 0.0 1701.0 0.0 12384.0 35.0 25593.0 0.0869619231008137
42 41 43 0.0 0.0 1096.0 0.0 12921.0 36.0 10700.0 0.08742896396677699
42 41 44 0.0 0.0 501.0 0.0 9606.0 31.0 2284.0 0.11587485515643105
42 41 45 0.0 0.0 71.0 0.0 1615.0 11.0 16.0 0.3808487486398258
42 41 46 0.0 0.0 0.0 0.0 7.0 0.0 0.0 0.6975585450921773
42 42 34 0.0 0.0 0.0 0.0 2.0 0.0 0.0 0.6993006993006992
42 42 35 0.0 0.0 2.0 0.0 100.0 1.0 0.0 0.6663493574488338
42 42 36 0.0 0.0 402.0 0.0 8271.0 20.0 1312.0 0.13130744700806601
42 42 37 0.0 0.0 361.0 0.0 7338.0 28.0 936.0 0.1446430416365327
42 42 38 0.0 0.0 1464.0 0.0 12474.0 35.0 20997.0 0.08781834148789361
42 42 39 0.0 0.0 1633.0 0.0 12544.0 40.0 23641.0 0.08654262224145391
42 42 40 0.0 0.0 1053.0 0.0 12632.0 37.0 11625.0 0.08928571428571427
42 42 41 0.0 0.0 1813.0 0.0 12507.0 62.0 27058.0 0.085831647354546
42 42 42 0.0 1.0 864.0 3.0 12087.0 31.0 6207.0 0.09369562307589345
42 42 43 0.0 0.0 240.0 0.0 5333.0 12.0 334.0 0.18511172815020493
42 42 44 0.0 0.0 213.0 0.0 4222.0 19.0 158.0 0.21820448877805482
42 42 45 0.0 0.0 6.0 0.0 149.0 3.0 0.0 0.6505576208178437
42 42 46 0.0 0.0 1.0 0.0 21.0 0.0 0.0 0.6923837784371908
42 43 34 0.0 0.0 0.0 0.0 3.0 0.0 0.0 0.6993006993006992
42 43 35 0.0 0.0 3.0 0.0 140.0 1.0 0.0 0.65359477124183
42 43 36 0.0 0.0 12.0 0.0 295.0 3.0 1.0 0.6076388888888887
42 43 37 0.0 0.0 257.0 0.0 6197.0 18.0 550.0 0.16591609386110448
42 43 38 0.0 0.0 459.0 0.0 9266.0 22.0 2095.0 0.11952531375394859
42 43 39 0.0 0.0 632.0 0.0 10891.0 28.0 3524.0 0.10359627053426076
42 43 40 0.0 0.0 333.0 0.0 7259.0 18.0 933.0 0.14610728449175536
42 43 41 0.0 0.0 816.0 0.0 11993.0 31.0 6633.0 0.09455626097528029
42 43 42 0.0 0.0 522.0 0.0 10263.0 20.0 3365.0 0.10955473824242896
42 43 43 0.0 0.0 99.0 0.0 2125.0 14.0 27.0 0.33254156769596194
42 43 44 0.0 0.0 6.0 0.0 140.0 2.0 0.0 0.6529850746268656
42 43 45 0.0 0.0 61.0 0.0 1439.0 7.0 10.0 0.4005722460658082
42 44 35 0.0 0.0 1.0 0.0 4.0 1.0 0.0 0.6986027944111775
42 44 36 0.0 0.0 2.0 0.0 186.0 0.0 1.0 0.639853747714808
42 44 37 0.0 0.0 4.0 0.0 167.0 1.0 0.0 0.6451612903225805
42 44 38 0.0 0.0 87.0 0.0 2264.0 16.0 38.0 0.3229527104959631
42 44 39 0.0 0.0 53.0 0.0 1285.0 11.0 12.0 0.42067307692307687
42 44 40 0.0 0.0 590.0 0.0 10170.0 29.0 2752.0 0.10989873616453409
42 44 41 0.0 0.0 151.0 0.0 3754.0 16.0 153.0 0.23773136355917812
42 44 42 0.0 0.0 56.0 0.0 1272.0 15.0 11.0 0.4225777241171143
42 44 43 0.0 0.0 13.0 0.0 280.0 4.0 1.0 0.6116207951070335
42 44 44 0.0 0.0 0.0 0.0 13.0 0.0 0.0 0.695479384003974
42 45 37 0.0 0.0 38.0 0.0 845.0 10.0 5.0 0.48729550991994425
42 45 38 0.0 0.0 0.0 0.0 35.0 0.0 0.0 0.6879606879606879
42 45 39 0.0 0.0 119.0 0.0 2587.0 14.0 30.0 0.2983802216538789
42 45 40 0.0 0.0 167.0 0.0 3550.0 19.0 120.0 0.24570024570024565
42 45 41 0.0 0.0 2.0 0.0 99.0 1.0 1.0 0.6669842782277274
42 45 42 0.0 0.0 9.0 0.0 127.0 3.0 0.0 0.6563525550867322
42 46 36 0.0 0.0 0.0 0.0 1.0 0.0 0.0 0.6996501749125437
42 46 39 0.0 0.0 0.0 0.0 5.0 0.0 0.0 0.6982543640897755
42 46 40 0.0 0.0 4.0 0.0 77.0 0.0 0.0 0.6727534839019701
43 34 37 0.0 0.0 0.0 0.0 1.0 0.0 0.0 0.6996501749125437
43 34 38 0.0 0.0 0.0 0.0 4.0 0.0 0.0 0.6986027944111775
43 34 39 0.0 0.0 0.0 0.0 5.0 0.0 0.0 0.6982543640897755
43 34 40 0.0 0.0 0.0 0.0 4.0 0.0 0.0 0.6986027944111775
43 34 41 0.0 0.0 0.0 0.0 3.0 0.0 0.0 0.6989515726410384
43 35 37 0.0 0.0 0.0 0.0 9.0 0.0 0.0 0.6968641114982577
43 35 38 0.0 0.0 113.0 0.0 2463.0 12.0 44.0 0.30674846625766866
43 35 39 0.0 0.0 31.0 0.0 891.0 12.0 7.0 0.4812650395324853
43 35 40 0.0 0.0 186.0 0.0 4286.0 28.0 188.0 0.21722265321955
43 35 41 0.0 0.0 10.0 0.0 251.0 5.0 0.0 0.6208425720620842
43 35 42 0.0 0.0 7.0 0.0 306.0 1.0 0.0 0.6055363321799306
43 35 43 0.0 0.0 5.0 0.0 115.0 3.0 0.0 0.6613131790269249
43 35 44 0.0 0.0 1.0 0.0 18.0 0.0 0.0 0.6934125804853887
43 35 45 0.0 0.0 0.0 0.0 4.0 0.0 0.0 0.6986027944111775
43 36 36 0.0 0.0 0.0 0.0 1.0 0.0 0.0 0.6996501749125437
43 36 37 0.0 0.0 2.0 0.0 94.0 1.0 0.0 0.6682577565632457
43 36 38 0.0 0.0 72.0 0.0 2023.0 16.0 25.0 0.3432213777886736
43 36 39 0.0 0.0 606.0 0.0 10844.0 32.0 3882.0 0.10421319041238648
43 36 40 0.0 0.0 356.0 0.0 7464.0 17.0 915.0 0.14266788953429121
43 36 41 0.0 0.0 460.0 0.0 9341.0 22.0 2194.0 0.11877492152371255
43 36 42 0.0 0.0 573.0 0.0 10400.0 24.0 3147.0 0.1080080234531708
43 36 43 0.0 0.0 238.0 0.0 5176.0 20.0 294.0 0.18931710615280592
43 36 44 0.0 0.0 413.0 0.0 7786.0 25.0 1048.0 0.13747054202670855
43 36 45 0.0 0.0 6.0 0.0 108.0 1.0 0.0 0.6625650733554187
43 37 34 0.0 0.0 0.0 0.0 1.0 0.0 0.0 0.6996501749125437
43 37 35 0.0 0.0 4.0 0.0 78.0 0.0 1.0 0.6727534839019701
43 37 36 0.0 0.0 0.0 0.0 35.0 0.0 0.0 0.6879606879606879
43 37 37 0.0 0.0 4.0 0.0 285.0 2.0 1.0 0.6124234470691162
43 37 38 0.0 0.0 538.0 0.0 9860.0 21.0 2796.0 0.11299435028248586
43 37 39 0.0 0.0 760.0 0.0 11444.0 26.0 4270.0 0.09858460671783677
43 37 40 0.0 0.0 971.0 0.0 12526.0 27.0 8247.0 0.09032840828440543
43 37 41 0.0 0.0 943.0 0.0 12692.0 35.0 9296.0 0.08957133717210491
43 37 42 0.0 0.0 569.0 0.0 10252.0 26.0 3185.0 0.10928108656623214
43 37 43 0.0 0.0 779.0 0.0 11763.0 27.0 6948.0 0.09634574358268529
43 37 44 0.0 0.0 153.0 0.0 4234.0 19.0 211.0 0.2197457228064668
43 37 45 0.0 0.0 0.0 0.0 82.0 0.0 0.0 0.6724303554274734
43 37 46 0.0 0.0 0.0 0.0 1.0 0.0 0.0 0.6996501749125437
43 38 35 0.0 0.0 0.0 0.0 33.0 0.0 0.0 0.6886374815543531
43 38 36 0.0 0.0 191.0 0.0 4388.0 17.0 231.0 0.2132520944402132
43 38 37 0.0 0.0 45.0 0.0 1346.0 10.0 9.0 0.41407867494824013
43 38 38 0.0 0.0 730.0 0.0 11650.0 28.0 5757.0 0.09741163373225716
43 38 39 0.0 0.0 923.0 0.0 12408.0 34.0 7241.0 0.09138381201044385
43 38 40 0.0 0.0 1230.0 0.0 13096.0 36.0 13968.0 0.08573703227386857
43 38 41 0.0 0.0 1327.0 0.0 12921.0 35.0 16271.0 0.08616445100935499
43 38 42 0.0 0.0 1123.0 0.0 12624.0 33.0 12704.0 0.08892276422764227
43 38 43 0.0 0.0 1094.0 0.0 12794.0 44.0 11568.0 0.08818342151675483
43 38 44 0.0 0.0 236.0 0.0 5585.0 13.0 384.0 0.1792803175822768
43 38 45 0.0 0.0 9.0 0.0 193.0 2.0 0.0 0.6366530241018644
43 38 46 0.0 0.0 10.0 0.0 80.0 1.0 0.0 0.6701771182383915
43 39 34 0.0 0.0 0.0 0.0 1.0 0.0 0.0 0.6996501749125437
43 39 35 0.0 0.0 10.0 0.0 331.0 5.0 2.0 0.5993150684931505
43 39 36 0.0 0.0 218.0 0.0 4348.0 12.0 160.0 0.21347971942665442
43 39 37 0.0 0.0 414.0 0.0 8616.0 16.0 1537.0 0.12697261019408668
43 39 38 0.0 0.0 827.0 0.0 12113.0 27.0 6277.0 0.09370816599732261
43 39 39 0.0 0.0 1122.0 0.0 12726.0 30.0 13150.0 0.08832250331209386
43 39 40 0.0 0.0 1583.0 0.0 12620.0 45.0 22276.0 0.08645711109738775
43 39 41 0.0 0.0 1356.0 0.0 13506.0 35.0 13875.0 0.0830367734282325
43 39 42 0.0 0.0 1497.0 0.0 12861.0 41.0 19566.0 0.08552752153460809
43 39 43 0.0 0.0 1097.0 0.0 12466.0 32.0 13981.0 0.0899916436330912
43 39 44 0.0 0.0 429.0 0.0 8361.0 16.0 1297.0 0.12980992118683354
43 39 45 0.0 0.0 0.0 0.0 146.0 1.0 0.0 0.6526806526806526
43 39 46 0.0 0.0 0.0 0.0 1.0 0.0 0.0 0.6996501749125437
43 40 34 0.0 0.0 0.0 0.0 5.0 0.0 0.0 0.6982543640897755
43 40 35 0.0 0.0 3.0 0.0 71.0 1.0 0.0 0.6753497346840327
43 40 36 0.0 0.0 59.0 0.0 1587.0 12.0 14.0 0.3852504127682993
43 40 37 0.0 0.0 713.0 0.0 11491.0 30.0 4790.0 0.0986262768580486
43 40 38 0.0 0.0 1116.0 0.0 12792.0 38.0 13408.0 0.08802263439170072
43 40 39 0.0 0.0 1189.0 0.0 13062.0 37.0 13482.0 0.08618566855454321
43 40 40 0.0 0.0 1343.0 0.0 13134.0 42.0 16258.0 0.08493599466116604
43 40 41 0.0 0.0 1747.0 0.0 12704.0 37.0 24508.0 0.08502884907379288
43 40 42 0.0 0.0 1160.0 0.0 13000.0 40.0 12067.0 0.08669267446900736
43 40 43 0.0 0.0 1044.0 0.0 12829.0 45.0 9947.0 0.08831693161746151
43 40 44 0.0 0.0 357.0 0.0 7685.0 22.0 1084.0 0.1396787389005288
43 40 45 0.0 0.0 147.0 0.0 3593.0 12.0 129.0 0.24441340782122903
43 40 46 0.0 0.0 0.0 0.0 2.0 0.0 0.0 0.6993006993006992
43 41 34 0.0 0.0 0.0 0.0 3.0 0.0 0.0 0.6989515726410384
43 41 35 0.0 0.0 121.0 0.0 2814.0 13.0 79.0 0.2844372206420154
43 41 36 0.0 0.0 211.0 0.0 4778.0 14.0 241.0 0.20065930915866417
43 41 37 0.0 0.0 1265.0 0.0 12548.0 40.0 17305.0 0.08855715098994243
43 41 38 0.0 0.0 658.0 0.0 10948.0 30.0 3678.0 0.1030017657445556
43 41 39 0.0 0.0 1253.0 0.0 13179.0 32.0 13620.0 0.08518924181574783
43 41 40 0.0 0.0 1665.0 0.0 12686.0 36.0 23451.0 0.08553797275004581
43 41 41 0.0 0.0 696.0 0.0 11011.0 31.0 4212.0 0.10229431535876077
43 41 42 0.0 0.0 926.0 0.0 12483.0 31.0 8400.0 0.09093270979475188
43 41 43 0.0 0.0 685.0 0.0 11243.0 26.0 4933.0 0.10059639290076884
43 41 44 0.0 0.0 364.0 0.0 6812.0 24.0 673.0 0.15287180607119458
43 41 45 0.0 0.0 62.0 0.0 1816.0 12.0 24.0 0.3621314019658561
43 41 46 0.0 0.0 0.0 0.0 1.0 0.0 0.0 0.6996501749125437
43 42 34 0.0 0.0 0.0 0.0 2.0 0.0 0.0 0.6993006993006992
43 42 35 0.0 0.0 1.0 0.0 66.0 1.0 0.0 0.6776379477250725
43 42 36 0.0 0.0 28.0 0.0 788.0 2.0 5.0 0.4976892996800568
43 42 37 0.0 0.0 460.0 0.0 8718.0 23.0 1627.0 0.12538061973849182
43 42 38 0.0 0.0 785.0 0.0 11740.0 29.0 5321.0 0.09641873278236913
43 42 39 0.0 0.0 1010.0 0.0 12853.0 35.0 8995.0 0.08831693161746151
43 42 40 0.0 0.0 622.0 0.0 10897.0 27.0 4423.0 0.10366530914476119
43 42 41 0.0 0.0 631.0 0.0 10764.0 36.0 3143.0 0.10467289719626167
43 42 42 0.0 0.0 217.0 0.0 5332.0 21.0 392.0 0.185799601857996
43 42 43 0.0 0.0 393.0 0.0 8034.0 22.0 1109.0 0.13448607108549468
43 42 44 0.0 0.0 121.0 0.0 2705.0 15.0 59.0 0.2909393183707398
43 42 45 0.0 0.0 27.0 0.0 538.0 7.0 2.0 0.5475166210402814
43 42 46 0.0 0.0 0.0 0.0 1.0 0.0 0.0 0.6996501749125437
43 43 35 0.0 0.0 0.0 0.0 38.0 0.0 0.0 0.6869479882237487
43 43 36 0.0 0.0 1.0 0.0 128.0 3.0 1.0 0.6591337099811675
43 43 37 0.0 0.0 199.0 0.0 4435.0 22.0 188.0 0.2117042189626493
43 43 38 0.0 0.0 261.0 0.0 5865.0 14.0 494.0 0.17239256249230386
43 43 39 0.0 0.0 429.0 0.0 8249.0 20.0 1165.0 0.13130744700806601
43 43 40 0.0 0.0 374.0 0.0 7589.0 27.0 1058.0 0.14083090232370987
43 43 41 0.0 0.0 532.0 0.0 9601.0 23.0 2244.0 0.11548296626247628
43 43 42 0.0 0.0 242.0 0.0 4764.0 24.0 214.0 0.20057306590257878
43 43 43 0.0 0.0 3.0 0.0 141.0 1.0 1.0 0.6532897806812878
43 43 44 0.0 0.0 0.0 0.0 10.0 0.0 0.0 0.6965174129353233
43 43 45 0.0 0.0 0.0 0.0 2.0 0.0 0.0 0.6993006993006992
43 44 36 0.0 0.0 0.0 0.0 7.0 0.0 0.0 0.6975585450921773
43 44 37 0.0 0.0 110.0 0.0 2308.0 21.0 28.0 0.3183265120509322
43 44 38 0.0 0.0 2.0 0.0 96.0 0.0 0.0 0.6673021925643469
43 44 39 0.0 0.0 9.0 0.0 200.0 2.0 0.0 0.6343452650657
43 44 40 0.0 0.0 33.0 0.0 908.0 8.0 7.0 0.4771642808452624
43 44 41 0.0 0.0 214.0 0.0 4275.0 22.0 166.0 0.21634986864472258
43 44 42 0.0 0.0 22.0 0.0 458.0 6.0 1.0 0.5658852061438965
43 44 43 0.0 0.0 0.0 0.0 21.0 0.0 0.0 0.6927263730826323
43 45 36 0.0 0.0 0.0 0.0 4.0 0.0 0.0 0.6986027944111775
43 45 38 0.0 0.0 0.0 0.0 2.0 0.0 0.0 0.6993006993006992
43 45 39 0.0 0.0 0.0 0.0 23.0 0.0 0.0 0.6920415224913494
43 45 40 0.0 0.0 5.0 0.0 177.0 1.0 0.0 0.6419073819348922
43 45 41 0.0 0.0 1.0 0.0 30.0 2.0 0.0 0.6899950714637751
43 45 42 0.0 0.0 0.0 0.0 5.0 0.0 0.0 0.6982543640897755
43 46 39 0.0 0.0 0.0 0.0 6.0 0.0 0.0 0.6979062811565303
43 46 40 0.0 0.0 0.0 0.0 2.0 0.0 0.0 0.6993006993006992
43 46 41 0.0 0.0 0.0 0.0 3.0 0.0 0.0 0.6989515726410384
44 34 37 0.0 0.0 0.0 0.0 5.0 0.0 0.0 0.6982543640897755
44 34 38 0.0 0.0 0.0 0.0 1.0 0.0 0.0 0.6996501749125437
44 34 39 0.0 0.0 0.0 0.0 1.0 0.0 0.0 0.6996501749125437
44 34 40 0.0 0.0 0.0 0.0 5.0 0.0 0.0 0.6982543640897755
44 34 41 0.0 0.0 0.0 0.0 4.0 0.0 0.0 0.6986027944111775
44 35 38 0.0 0.0 0.0 0.0 18.0 0.0 0.0 0.6937561942517343
44 35 39 0.0 0.0 179.0 0.0 3042.0 17.0 45.0 0.2690238278247502
44 35 40 0.0 0.0 49.0 0.0 1101.0 12.0 7.0 0.4461440407903122
44 35 41 0.0 0.0 15.0 0.0 351.0 2.0 1.0 0.5922165820642977
44 35 42 0.0 0.0 1.0 0.0 43.0 1.0 0.0 0.6852667645619186
44 35 43 0.0 0.0 1.0 0.0 52.0 0.0 0.0 0.6822612085769979
44 35 44 0.0 0.0 1.0 0.0 65.0 0.0 0.0 0.6776379477250725
44 35 45 0.0 0.0 3.0 0.0 122.0 1.0 0.0 0.6591337099811675
44 36 37 0.0 0.0 0.0 0.0 35.0 0.0 0.0 0.6879606879606879
44 36 38 0.0 0.0 12.0 0.0 312.0 2.0 0.0 0.6031882809133993
44 36 39 0.0 0.0 3.0 0.0 243.0 2.0 2.0 0.623885918003565
44 36 40 0.0 0.0 97.0 0.0 1895.0 22.0 23.0 0.3525560312263913
44 36 41 0.0 0.0 272.0 0.0 6385.0 20.0 676.0 0.16198079370588914
44 36 42 0.0 0.0 36.0 0.0 1175.0 11.0 9.0 0.4372267332916926
44 36 43 0.0 0.0 88.0 0.0 1849.0 15.0 15.0 0.35696073431922487
44 36 44 0.0 0.0 14.0 0.0 640.0 3.0 5.0 0.5281026027913994
44 36 45 0.0 0.0 0.0 0.0 12.0 0.0 0.0 0.6961710591745399
44 37 35 0.0 0.0 0.0 0.0 5.0 0.0 0.0 0.6982543640897755
44 37 36 0.0 0.0 0.0 0.0 2.0 0.0 0.0 0.6993006993006992
44 37 37 0.0 0.0 36.0 0.0 684.0 10.0 1.0 0.5166051660516604
44 37 38 0.0 0.0 117.0 0.0 2441.0 19.0 33.0 0.3083700440528634
44 37 39 0.0 0.0 193.0 0.0 4356.0 13.0 175.0 0.2141982864137087
44 37 40 0.0 0.0 444.0 0.0 8697.0 10.0 1350.0 0.12560559842095817
44 37 41 0.0 0.0 315.0 0.0 6745.0 16.0 669.0 0.1547816473189607
44 37 42 0.0 0.0 229.0 0.0 4810.0 15.0 245.0 0.19923153550590575
44 37 43 0.0 0.0 415.0 0.0 8415.0 18.0 1381.0 0.12944983818770223
44 37 44 0.0 0.0 297.0 0.0 6221.0 28.0 498.0 0.16486104569006121
44 37 45 0.0 0.0 4.0 0.0 131.0 2.0 0.0 0.6563525550867322
44 38 34 0.0 0.0 0.0 0.0 5.0 0.0 0.0 0.6982543640897755
44 38 35 0.0 0.0 0.0 0.0 6.0 0.0 0.0 0.6979062811565303
44 38 36 0.0 0.0 0.0 0.0 24.0 0.0 0.0 0.6916996047430829
44 38 37 0.0 0.0 113.0 0.0 2813.0 13.0 60.0 0.2849582739670262
44 38 38 0.0 0.0 321.0 0.0 7230.0 12.0 982.0 0.14664292447889385
44 38 39 0.0 0.0 327.0 0.0 6763.0 25.0 609.0 0.1543720366082258
44 38 40 0.0 0.0 517.0 0.0 9613.0 25.0 2077.0 0.11555922410235245
44 38 41 0.0 0.0 910.0 0.0 12442.0 29.0 8179.0 0.09124087591240874
44 38 42 0.0 0.0 435.0 0.0 8471.0 20.0 1402.0 0.12852290461764432
44 38 43 0.0 0.0 445.0 0.0 8826.0 20.0 1580.0 0.12436706049569154
44 38 44 0.0 0.0 25.0 0.0 590.0 7.0 1.0 0.5368098159509201
44 38 45 0.0 0.0 0.0 0.0 9.0 0.0 0.0 0.6968641114982577
44 39 34 0.0 0.0 0.0 0.0 3.0 0.0 0.0 0.6989515726410384
44 39 35 0.0 0.0 50.0 0.0 1883.0 3.0 35.0 0.3562340966921119
44 39 36 0.0 0.0 117.0 0.0 2586.0 12.0 61.0 0.29850746268656714
44 39 37 0.0 0.0 217.0 0.0 5342.0 18.0 336.0 0.18565177032223842
44 39 38 0.0 0.0 182.0 0.0 4269.0 10.0 188.0 0.2172900822598168
44 39 39 0.0 0.0 354.0 0.0 7460.0 23.0 852.0 0.14287172160424533
44 39 40 0.0 0.0 445.0 0.0 8868.0 19.0 1620.0 0.12387188108299414
44 39 41 0.0 0.0 935.0 0.0 12634.0 38.0 7297.0 0.08998007584034963
44 39 42 0.0 0.0 504.0 0.0 9015.0 24.0 1701.0 0.12165450121654499
44 39 43 0.0 0.0 140.0 0.0 3604.0 12.0 142.0 0.2442428471737613
44 39 44 0.0 0.0 81.0 0.0 2170.0 10.0 35.0 0.3301108229191228
44 39 45 0.0 0.0 2.0 0.0 119.0 0.0 0.0 0.66006600660066
44 39 46 0.0 0.0 0.0 0.0 8.0 0.0 0.0 0.697211155378486
44 40 34 0.0 0.0 0.0 0.0 1.0 0.0 0.0 0.6996501749125437
44 40 35 0.0 0.0 1.0 0.0 104.0 0.0 0.0 0.6650831353919239
44 40 36 0.0 0.0 660.0 0.0 11038.0 25.0 4767.0 0.1021897810218978
44 40 37 0.0 0.0 209.0 0.0 4331.0 17.0 194.0 0.21452650934722645
44 40 38 0.0 0.0 373.0 0.0 7901.0 18.0 1091.0 0.1363990646921278
44 40 39 0.0 0.0 463.0 0.0 8810.0 29.0 1637.0 0.12444444444444443
44 40 40 0.0 0.0 721.0 0.0 11567.0 38.0 5530.0 0.09811479430934192
44 40 41 0.0 0.0 341.0 0.0 7035.0 14.0 777.0 0.14942896787277188
44 40 42 0.0 0.0 622.0 0.0 10943.0 26.0 4104.0 0.10333628579864186
44 40 43 0.0 0.0 492.0 0.0 9471.0 29.0 2199.0 0.11719403984597353
44 40 44 0.0 0.0 806.0 0.0 11982.0 29.0 6060.0 0.09475465313028764
44 40 45 0.0 0.0 6.0 0.0 204.0 3.0 0.0 0.6343452650657
44 40 46 0.0 0.0 0.0 0.0 7.0 0.0 0.0 0.6975585450921773
44 41 35 0.0 0.0 34.0 0.0 654.0 7.0 0.0 0.5223880597014925
44 41 36 0.0 0.0 140.0 0.0 2817.0 17.0 49.0 0.2833434527423598
44 41 37 0.0 0.0 380.0 0.0 8091.0 19.0 1236.0 0.13384321223709367
44 41 38 0.0 0.0 225.0 0.0 4974.0 16.0 272.0 0.19479615973285094
44 41 39 0.0 0.0 402.0 0.0 7552.0 30.0 984.0 0.14091595369904375
44 41 40 0.0 0.0 522.0 0.0 9717.0 30.0 2499.0 0.11450069518279218
44 41 41 0.0 0.0 841.0 0.0 11875.0 28.0 8954.0 0.09516041326808046
44 41 42 0.0 0.0 481.0 0.0 9189.0 28.0 1803.0 0.12019230769230767
44 41 43 0.0 0.0 89.0 0.0 2362.0 8.0 43.0 0.3151024082826918
44 41 44 0.0 0.0 282.0 0.0 5788.0 22.0 421.0 0.1739346502671139
44 41 45 0.0 0.0 4.0 0.0 237.0 0.0 0.0 0.6247211066488174
44 41 46 0.0 0.0 0.0 0.0 7.0 0.0 0.0 0.6975585450921773
44 42 34 0.0 0.0 0.0 0.0 1.0 0.0 0.0 0.6996501749125437
44 42 35 0.0 0.0 0.0 0.0 77.0 1.0 0.0 0.6743737957610789
44 42 36 0.0 0.0 676.0 0.0 11280.0 28.0 6090.0 0.10035122930255895
44 42 37 0.0 0.0 67.0 0.0 2103.0 5.0 37.0 0.33621517771373677
44 42 38 0.0 0.0 135.0 0.0 3205.0 14.0 80.0 0.2629107981220657
44 42 39 0.0 0.0 345.0 0.0 6598.0 23.0 618.0 0.15689790429227835
44 42 40 0.0 0.0 339.0 0.0 7368.0 25.0 884.0 0.1445385091885195
44 42 41 0.0 0.0 197.0 0.0 4881.0 16.0 247.0 0.1981879954699886
44 42 42 0.0 0.0 85.0 0.0 2128.0 8.0 37.0 0.33285782215882065
44 42 43 0.0 0.0 17.0 0.0 622.0 6.0 3.0 0.5319148936170213
44 42 44 0.0 0.0 0.0 0.0 75.0 0.0 0.0 0.6746987951807227
44 42 45 0.0 0.0 38.0 0.0 832.0 6.0 4.0 0.48882681564245806
44 43 35 0.0 0.0 1.0 0.0 82.0 0.0 0.0 0.6721075372059528
44 43 36 0.0 0.0 37.0 0.0 703.0 8.0 1.0 0.5122575923893158
44 43 37 0.0 0.0 73.0 0.0 1779.0 8.0 16.0 0.3642987249544626
44 43 38 0.0 0.0 17.0 0.0 485.0 4.0 0.0 0.5604483586869494
44 43 39 0.0 0.0 44.0 0.0 1036.0 10.0 4.0 0.4560260586319217
44 43 40 0.0 0.0 50.0 0.0 1099.0 10.0 6.0 0.4460019114367632
44 43 41 0.0 0.0 3.0 0.0 178.0 1.0 0.0 0.6422018348623851
44 43 42 0.0 0.0 202.0 0.0 4951.0 11.0 299.0 0.19585898153329598
44 43 43 0.0 0.0 37.0 0.0 651.0 14.0 1.0 0.5235602094240837
44 43 44 0.0 0.0 0.0 0.0 11.0 0.0 0.0 0.6965174129353233
44 44 36 0.0 0.0 0.0 0.0 6.0 0.0 0.0 0.6979062811565303
44 44 37 0.0 0.0 1.0 0.0 11.0 1.0 0.0 0.6965174129353233
44 44 38 0.0 0.0 0.0 0.0 21.0 0.0 0.0 0.6927263730826323
44 44 39 0.0 0.0 0.0 0.0 39.0 0.0 0.0 0.6866110838646394
44 44 40 0.0 0.0 1.0 0.0 63.0 0.0 0.0 0.6782945736434108
44 44 41 0.0 0.0 64.0 0.0 1517.0 9.0 16.0 0.39193729003359457
44 44 42 0.0 0.0 0.0 0.0 16.0 0.0 0.0 0.6944444444444444
44 44 43 0.0 0.0 0.0 0.0 4.0 0.0 0.0 0.6986027944111775
44 45 36 0.0 0.0 0.0 0.0 1.0 0.0 0.0 0.6996501749125437
44 45 37 0.0 0.0 0.0 0.0 1.0 0.0 0.0 0.6996501749125437
44 45 40 0.0 0.0 1.0 0.0 6.0 0.0 0.0 0.6975585450921773
44 45 41 0.0 0.0 0.0 0.0 6.0 0.0 0.0 0.6979062811565303
45 35 39 0.0 0.0 0.0 0.0 1.0 0.0 0.0 0.6996501749125437
45 35 40 0.0 0.0 0.0 0.0 5.0 0.0 0.0 0.6982543640897755
45 35 41 0.0 0.0 0.0 0.0 4.0 0.0 0.0 0.6986027944111775
45 35 42 0.0 0.0 0.0 0.0 11.0 0.0 0.0 0.6961710591745399
45 35 44 0.0 0.0 0.0 0.0 1.0 0.0 0.0 0.6996501749125437
45 36 38 0.0 0.0 0.0 0.0 3.0 0.0 0.0 0.6989515726410384
45 36 39 0.0 0.0 25.0 0.0 421.0 7.0 0.0 0.5740057400574005
45 36 40 0.0 0.0 1.0 0.0 52.0 1.0 0.0 0.6822612085769979
45 36 41 0.0 0.0 44.0 0.0 975.0 7.0 2.0 0.4648074369189906
45 36 42 0.0 0.0 0.0 0.0 27.0 0.0 0.0 0.6906758756783422
45 36 43 0.0 0.0 9.0 0.0 183.0 0.0 0.0 0.6386861313868613
45 36 44 0.0 0.0 0.0 0.0 8.0 0.0 0.0 0.697211155378486
45 36 45 0.0 0.0 0.0 0.0 3.0 0.0 0.0 0.6989515726410384
45 37 36 0.0 0.0 2.0 0.0 65.0 1.0 0.0 0.6776379477250725
45 37 37 0.0 0.0 0.0 0.0 8.0 0.0 1.0 0.697211155378486
45 37 38 0.0 0.0 0.0 0.0 12.0 0.0 0.0 0.6958250497017892
45 37 39 0.0 0.0 98.0 0.0 1686.0 15.0 14.0 0.371451313345715
45 37 40 0.0 0.0 325.0 0.0 6591.0 17.0 601.0 0.1572327044025157
45 37 41 0.0 0.0 78.0 0.0 1699.0 13.0 19.0 0.3719447396386822
45 37 42 0.0 0.0 282.0 0.0 6512.0 21.0 596.0 0.1595078044890053
45 37 43 0.0 0.0 11.0 0.0 156.0 1.0 0.0 0.6466512702078521
45 37 44 0.0 0.0 99.0 0.0 2544.0 19.0 62.0 0.30263726761781234
45 37 45 0.0 0.0 0.0 0.0 6.0 0.0 0.0 0.6982543640897755
45 38 34 0.0 0.0 0.0 0.0 3.0 0.0 0.0 0.6989515726410384
45 38 35 0.0 0.0 0.0 0.0 2.0 0.0 0.0 0.6993006993006992
45 38 36 0.0 0.0 0.0 0.0 6.0 0.0 0.0 0.6979062811565303
45 38 37 0.0 0.0 2.0 0.0 41.0 2.0 0.0 0.6859382655560998
45 38 38 0.0 0.0 0.0 0.0 37.0 0.0 0.0 0.6876227897838899
45 38 39 0.0 0.0 4.0 0.0 133.0 2.0 0.0 0.6557377049180326
45 38 40 0.0 0.0 13.0 0.0 304.0 3.0 0.0 0.6050129645635263
45 38 41 0.0 0.0 197.0 0.0 3641.0 23.0 104.0 0.24071526822558456
45 38 42 0.0 0.0 64.0 0.0 1983.0 11.0 27.0 0.34687809712586715
45 38 43 0.0 0.0 209.0 0.0 4678.0 19.0 241.0 0.20363636363636362
45 38 44 0.0 0.0 0.0 0.0 36.0 0.0 0.0 0.6876227897838899
45 38 45 0.0 0.0 22.0 0.0 499.0 4.0 2.0 0.5562177195073499
45 39 34 0.0 0.0 23.0 0.0 517.0 4.0 0.0 0.5520504731861199
45 39 35 0.0 0.0 167.0 0.0 3717.0 19.0 139.0 0.23862280552241347
45 39 36 0.0 0.0 12.0 0.0 211.0 4.0 0.0 0.6311992786293958
45 39 37 0.0 0.0 70.0 0.0 1865.0 16.0 23.0 0.3571428571428571
45 39 38 0.0 0.0 35.0 0.0 989.0 7.0 7.0 0.46419098143236065
45 39 39 0.0 0.0 0.0 0.0 142.0 0.0 0.0 0.65359477124183
45 39 40 0.0 0.0 57.0 0.0 1300.0 10.0 9.0 0.4182850313713773
45 39 41 0.0 0.0 147.0 0.0 3430.0 15.0 121.0 0.25161754133716746
45 39 42 0.0 0.0 115.0 0.0 2713.0 12.0 59.0 0.2906976744186046
45 39 43 0.0 0.0 61.0 0.0 1706.0 10.0 18.0 0.3726377428799573
45 39 44 0.0 0.0 2.0 0.0 139.0 0.0 1.0 0.6539000467071461
45 39 45 0.0 0.0 0.0 0.0 64.0 0.0 0.0 0.6782945736434108
45 39 46 0.0 0.0 0.0 0.0 12.0 0.0 0.0 0.6958250497017892
45 40 34 0.0 0.0 0.0 0.0 4.0 0.0 0.0 0.6986027944111775
45 40 35 0.0 0.0 4.0 0.0 141.0 0.0 0.0 0.6526806526806526
45 40 36 0.0 0.0 2.0 0.0 147.0 0.0 1.0 0.6514657980456026
45 40 37 0.0 0.0 130.0 0.0 3330.0 13.0 99.0 0.25702221406278686
45 40 38 0.0 0.0 12.0 0.0 345.0 3.0 1.0 0.5949851253718657
45 40 39 0.0 0.0 6.0 0.0 347.0 0.0 0.0 0.5949851253718657
45 40 40 0.0 0.0 38.0 0.0 1222.0 11.0 8.0 0.4310344827586206
45 40 41 0.0 0.0 21.0 0.0 635.0 5.0 4.0 0.5281026027913994
45 40 42 0.0 0.0 302.0 0.0 6316.0 22.0 539.0 0.16280962902663096
45 40 43 0.0 0.0 8.0 0.0 276.0 0.0 0.0 0.6129597197898423
45 40 44 0.0 0.0 28.0 0.0 787.0 5.0 2.0 0.4982206405693949
45 40 45 0.0 0.0 294.0 0.0 6382.0 24.0 556.0 0.1617375231053604
45 40 46 0.0 0.0 0.0 0.0 11.0 0.0 0.0 0.6961710591745399
45 41 35 0.0 0.0 8.0 0.0 252.0 2.0 1.0 0.6200177147918511
45 41 36 0.0 0.0 76.0 0.0 1709.0 8.0 15.0 0.3706645485835318
45 41 37 0.0 0.0 2.0 0.0 145.0 1.0 0.0 0.6526806526806526
45 41 38 0.0 0.0 0.0 0.0 67.0 1.0 0.0 0.6776379477250725
45 41 39 0.0 0.0 88.0 0.0 2253.0 19.0 37.0 0.32392410920869963
45 41 40 0.0 0.0 129.0 0.0 2595.0 21.0 42.0 0.29761904761904756
45 41 41 0.0 0.0 104.0 0.0 2551.0 12.0 49.0 0.30146425495262696
45 41 42 0.0 0.0 70.0 0.0 1355.0 15.0 5.0 0.41055718475073305
45 41 43 0.0 0.0 178.0 0.0 3746.0 17.0 133.0 0.23692672194956843
45 41 44 0.0 0.0 1.0 0.0 116.0 0.0 0.0 0.6613131790269249
45 41 45 0.0 0.0 0.0 0.0 48.0 0.0 0.0 0.6835937499999999
45 41 46 0.0 0.0 0.0 0.0 5.0 0.0 0.0 0.6982543640897755
45 42 34 0.0 0.0 0.0 0.0 2.0 0.0 0.0 0.6993006993006992
45 42 35 0.0 0.0 0.0 0.0 41.0 0.0 0.0 0.6859382655560998
45 42 36 0.0 0.0 198.0 0.0 4725.0 15.0 265.0 0.2025756041093908
45 42 37 0.0 0.0 0.0 0.0 69.0 0.0 0.0 0.6766553890768486
45 42 38 0.0 0.0 0.0 0.0 36.0 1.0 0.0 0.6879606879606879
45 42 39 0.0 0.0 0.0 0.0 42.0 0.0 0.0 0.6856023506366307
45 42 40 0.0 0.0 7.0 0.0 226.0 4.0 1.0 0.6280843427545983
45 42 41 0.0 0.0 8.0 0.0 336.0 6.0 1.0 0.5988023952095808
45 42 42 0.0 0.0 151.0 0.0 3709.0 8.0 120.0 0.23911187019641328
45 42 43 0.0 0.0 2.0 0.0 44.0 1.0 0.0 0.6845965770171147
45 42 44 0.0 0.0 0.0 0.0 4.0 0.0 0.0 0.6986027944111775
45 42 45 0.0 0.0 0.0 0.0 2.0 0.0 0.0 0.6993006993006992
45 43 35 0.0 0.0 28.0 0.0 757.0 7.0 3.0 0.5039596832253418
45 43 36 0.0 0.0 0.0 0.0 62.0 0.0 0.0 0.6789524733268669
45 43 37 0.0 0.0 269.0 0.0 5764.0 26.0 391.0 0.17473789316025956
45 43 38 0.0 0.0 7.0 0.0 74.0 3.0 0.0 0.6737247353224253
45 43 39 0.0 0.0 3.0 0.0 109.0 1.0 0.0 0.6631927996210326
45 43 40 0.0 0.0 0.0 0.0 24.0 0.0 0.0 0.6916996047430829
45 43 41 0.0 0.0 0.0 0.0 10.0 0.0 0.0 0.6965174129353233
45 43 42 0.0 0.0 0.0 0.0 4.0 0.0 0.0 0.6986027944111775
45 43 43 0.0 0.0 0.0 0.0 4.0 0.0 0.0 0.6986027944111775
45 44 36 0.0 0.0 0.0 0.0 1.0 0.0 0.0 0.6996501749125437
45 44 37 0.0 0.0 0.0 0.0 4.0 0.0 0.0 0.6986027944111775
45 44 38 0.0 0.0 0.0 0.0 1.0 0.0 0.0 0.6996501749125437
45 44 41 0.0 0.0 0.0 0.0 2.0 0.0 0.0 0.6993006993006992
45 44 42 0.0 0.0 0.0 0.0 4.0 0.0 0.0 0.6986027944111775
45 44 43 0.0 0.0 0.0 0.0 1.0 0.0 0.0 0.6996501749125437
45 45 40 0.0 0.0 0.0 0.0 1.0 0.0 0.0 0.6996501749125437
46 35 42 0.0 0.0 0.0 0.0 1.0 0.0 0.0 0.6996501749125437
46 36 39 0.0 0.0 0.0 0.0 7.0 0.0 0.0 0.6975585450921773
46 36 40 0.0 0.0 3.0 0.0 143.0 0.0 1.0 0.6523765144454798
46 36 41 0.0 0.0 0.0 0.0 8.0 0.0 0.0 0.697211155378486
46 36 42 0.0 0.0 0.0 0.0 11.0 0.0 0.0 0.6961710591745399
46 36 43 0.0 0.0 0.0 0.0 7.0 0.0 0.0 0.6975585450921773
46 36 44 0.0 0.0 0.0 0.0 1.0 0.0 0.0 0.6996501749125437
46 37 38 0.0 0.0 0.0 0.0 1.0 0.0 0.0 0.6996501749125437
46 37 39 0.0 0.0 2.0 0.0 60.0 1.0 0.0 0.6792819019893255
46 37 40 0.0 0.0 0.0 0.0 3.0 0.0 0.0 0.6993006993006992
46 37 41 0.0 0.0 0.0 0.0 18.0 0.0 0.0 0.6937561942517343
46 37 42 0.0 0.0 0.0 0.0 11.0 0.0 0.0 0.6961710591745399
46 37 43 0.0 0.0 0.0 0.0 7.0 0.0 0.0 0.6975585450921773
46 37 44 0.0 0.0 0.0 0.0 2.0 0.0 0.0 0.6993006993006992
46 38 35 0.0 0.0 0.0 0.0 1.0 0.0 0.0 0.6996501749125437
46 38 36 0.0 0.0 0.0 0.0 1.0 0.0 0.0 0.6996501749125437
46 38 39 0.0 0.0 0.0 0.0 3.0 0.0 0.0 0.6989515726410384
46 38 40 0.0 0.0 0.0 0.0 11.0 0.0 0.0 0.6961710591745399
46 38 41 0.0 0.0 2.0 0.0 38.0 0.0 0.0 0.6862745098039215
46 38 42 0.0 0.0 0.0 0.0 14.0 0.0 0.0 0.6951340615690167
46 38 43 0.0 0.0 0.0 0.0 17.0 0.0 0.0 0.694100148735746
46 38 44 0.0 0.0 0.0 0.0 5.0 0.0 0.0 0.6982543640897755
46 39 35 0.0 0.0 0.0 0.0 1.0 0.0 0.0 0.6996501749125437
46 39 36 0.0 0.0 0.0 0.0 3.0 1.0 0.0 0.6993006993006992
46 39 37 0.0 0.0 0.0 0.0 7.0 0.0 0.0 0.6975585450921773
46 39 38 0.0 0.0 0.0 0.0 1.0 0.0 0.0 0.6996501749125437
46 39 39 0.0 0.0 0.0 0.0 1.0 0.0 0.0 0.6996501749125437
46 39 40 0.0 0.0 0.0 0.0 3.0 0.0 0.0 0.6989515726410384
46 39 41 0.0 0.0 0.0 0.0 10.0 0.0 0.0 0.6965174129353233
46 39 42 0.0 0.0 0.0 0.0 5.0 0.0 0.0 0.6982543640897755
46 39 43 0.0 0.0 5.0 0.0 73.0 0.0 0.0 0.6737247353224253
46 39 44 0.0 0.0 9.0 0.0 157.0 1.0 0.0 0.6466512702078521
46 39 45 0.0 0.0 0.0 0.0 6.0 0.0 0.0 0.6979062811565303
46 39 46 0.0 0.0 0.0 0.0 9.0 0.0 0.0 0.6968641114982577
46 40 34 0.0 0.0 0.0 0.0 1.0 0.0 0.0 0.6996501749125437
46 40 35 0.0 0.0 0.0 0.0 7.0 0.0 0.0 0.6975585450921773
46 40 36 0.0 0.0 0.0 0.0 5.0 0.0 0.0 0.6982543640897755
46 40 37 0.0 0.0 0.0 0.0 1.0 0.0 0.0 0.6996501749125437
46 40 38 0.0 0.0 0.0 0.0 2.0 0.0 0.0 0.6993006993006992
46 40 40 0.0 0.0 0.0 0.0 2.0 0.0 0.0 0.6993006993006992
46 40 41 0.0 0.0 3.0 0.0 42.0 0.0 0.0 0.6845965770171147
46 40 42 0.0 0.0 0.0 0.0 5.0 0.0 0.0 0.6982543640897755
46 40 43 0.0 0.0 0.0 0.0 7.0 0.0 0.0 0.6979062811565303
46 40 44 0.0 0.0 0.0 0.0 12.0 0.0 0.0 0.6958250497017892
46 40 45 0.0 0.0 3.0 0.0 66.0 1.0 0.0 0.6769825918762088
46 40 46 0.0 0.0 0.0 0.0 9.0 0.0 0.0 0.6968641114982577
46 41 35 0.0 0.0 0.0 0.0 1.0 0.0 0.0 0.0
46 41 36 0.0 0.0 5.0 0.0 70.0 1.0 0.0 0.6750241080038573
46 41 37 0.0 0.0 0.0 0.0 4.0 0.0 0.0 0.6986027944111775
46 41 38 0.0 0.0 0.0 0.0 2.0 0.0 0.0 0.6993006993006992
46 41 40 0.0 0.0 0.0 0.0 1.0 0.0 0.0 0.6996501749125437
46 41 41 0.0 0.0 9.0 0.0 244.0 2.0 0.0 0.6219458018658373
46 41 42 0.0 0.0 0.0 0.0 5.0 0.0 0.0 0.6982543640897755
46 41 43 0.0 0.0 0.0 0.0 5.0 0.0 0.0 0.6982543640897755
46 41 44 0.0 0.0 2.0 0.0 14.0 1.0 0.0 0.694789081885856
46 41 45 0.0 0.0 0.0 0.0 1.0 0.0 0.0 0.6996501749125437
46 41 46 0.0 0.0 0.0 0.0 1.0 0.0 0.0 0.6996501749125437
46 42 35 0.0 0.0 0.0 0.0 4.0 0.0 0.0 0.6986027944111775
46 42 36 0.0 0.0 0.0 0.0 10.0 0.0 0.0 0.6965174129353233
46 42 37 0.0 0.0 0.0 0.0 14.0 0.0 0.0 0.6951340615690167
46 42 38 0.0 0.0 1.0 0.0 9.0 0.0 0.0 0.6965174129353233
46 42 40 0.0 0.0 0.0 0.0 9.0 0.0 0.0 0.6968641114982577
46 42 41 0.0 0.0 0.0 0.0 1.0 0.0 0.0 0.6996501749125437
46 42 42 0.0 0.0 0.0 0.0 5.0 0.0 0.0 0.6982543640897755
46 42 43 0.0 0.0 0.0 0.0 2.0 0.0 0.0 0.6993006993006992
46 42 44 0.0 0.0 0.0 0.0 1.0 0.0 0.0 0.6996501749125437
46 43 35 0.0 0.0 0.0 0.0 5.0 0.0 0.0 0.6982543640897755
46 43 36 0.0 0.0 0.0 0.0 3.0 0.0 0.0 0.6989515726410384
46 43 37 0.0 0.0 3.0 0.0 46.0 1.0 0.0 0.6835937499999999
46 43 38 0.0 0.0 0.0 0.0 7.0 0.0 0.0 0.6979062811565303
46 43 41 0.0 0.0 0.0 0.0 2.0 0.0 0.0 0.6993006993006992
46 43 42 0.0 0.0 0.0 0.0 1.0 0.0 0.0 0.6996501749125437
46 44 36 0.0 0.0 0.0 0.0 3.0 0.0 0.0 0.6989515726410384
46 44 37 0.0 0.0 0.0 0.0 3.0 0.0 0.0 0.6989515726410384
46 44 38 0.0 0.0 0.0 0.0 3.0 0.0 0.0 0.6989515726410384
