36 39 39 0.0 0.0 3.0 0.0 44.0 0.0 0.0 0.6839276990718123
36 40 38 0.0 0.0 3.0 0.0 74.0 2.0 0.0 0.6746987951807227
36 40 39 0.0 0.0 1.0 0.0 6.0 0.0 0.0 0.6975585450921773
36 41 38 0.0 0.0 0.0 0.0 3.0 0.0 0.0 0.6989515726410384
36 41 39 0.0 0.0 0.0 0.0 1.0 0.0 0.0 0.6996501749125437
36 41 40 0.0 0.0 0.0 0.0 1.0 0.0 0.0 0.6996501749125437
37 37 39 0.0 0.0 0.0 0.0 8.0 0.0 0.0 0.697211155378486
37 37 40 0.0 0.0 11.0 0.0 87.0 4.0 0.0 0.6685768863419292
37 37 41 0.0 0.0 0.0 0.0 4.0 0.0 0.0 0.6986027944111775
37 38 37 0.0 0.0 0.0 0.0 4.0 0.0 0.0 0.6986027944111775
37 38 38 0.0 0.0 1.0 0.0 26.0 0.0 0.0 0.6906758756783422
37 38 39 0.0 0.0 0.0 0.0 32.0 0.0 0.0 0.6889763779527558
37 38 40 0.0 0.0 0.0 0.0 25.0 0.0 0.0 0.6913580246913579
37 38 41 0.0 0.0 3.0 0.0 25.0 0.0 0.0 0.690335305719921
37 38 42 0.0 0.0 0.0 0.0 20.0 0.0 0.0 0.6930693069306929
37 39 37 0.0 0.0 0.0 0.0 3.0 0.0 0.0 0.6989515726410384
37 39 38 0.0 0.0 1.0 0.0 31.0 0.0 0.0 0.6889763779527558
37 39 39 0.0 0.0 4.0 0.0 144.0 0.0 0.0 0.6517690875232773
37 39 40 0.0 0.0 0.0 0.0 66.0 0.0 0.0 0.6776379477250725
37 39 41 0.0 0.0 1.0 0.0 42.0 0.0 0.0 0.6852667645619186
37 39 42 0.0 0.0 0.0 0.0 13.0 0.0 0.0 0.695479384003974
37 40 37 0.0 0.0 0.0 0.0 4.0 0.0 0.0 0.6986027944111775
37 40 38 0.0 0.0 0.0 0.0 60.0 0.0 0.0 0.6796116504854368
37 40 39 0.0 0.0 150.0 0.0 3647.0 14.0 111.0 0.24196335983408224
37 40 40 0.0 0.0 25.0 0.0 684.0 6.0 3.0 0.5181347150259067
37 40 41 0.0 0.0 7.0 0.0 144.0 2.0 0.0 0.6514657980456026
37 40 42 0.0 0.0 0.0 0.0 5.0 0.0 0.0 0.6982543640897755
37 41 37 0.0 0.0 0.0 0.0 1.0 0.0 0.0 0.6996501749125437
37 41 38 0.0 0.0 0.0 0.0 40.0 0.0 0.0 0.6862745098039215
37 41 39 0.0 0.0 10.0 0.0 406.0 5.0 0.0 0.5806719203649937
37 41 40 0.0 0.0 2.0 0.0 73.0 0.0 0.0 0.6746987951807227
37 41 41 0.0 0.0 0.0 0.0 33.0 0.0 0.0 0.6886374815543531
37 41 42 0.0 0.0 0.0 0.0 10.0 0.0 0.0 0.6965174129353233
37 42 38 0.0 0.0 0.0 0.0 12.0 0.0 0.0 0.6958250497017892
37 42 39 0.0 0.0 9.0 0.0 235.0 3.0 1.0 0.6247211066488174
37 42 40 0.0 0.0 46.0 0.0 651.0 11.0 0.0 0.5212211466865226
37 42 41 0.0 0.0 2.0 0.0 85.0 1.0 0.0 0.6711409395973154
37 42 42 0.0 0.0 1.0 0.0 5.0 0.0 0.0 0.6982543640897755
37 43 38 0.0 0.0 0.0 0.0 3.0 0.0 0.0 0.6989515726410384
37 43 39 0.0 0.0 0.0 0.0 5.0 0.0 0.0 0.6982543640897755
37 43 40 0.0 0.0 0.0 0.0 8.0 0.0 0.0 0.697211155378486
37 43 41 0.0 0.0 0.0 0.0 8.0 0.0 0.0 0.697211155378486
37 43 42 0.0 0.0 0.0 0.0 4.0 0.0 0.0 0.6986027944111775
38 36 41 0.0 0.0 0.0 0.0 2.0 0.0 0.0 0.6993006993006992
38 37 37 0.0 0.0 0.0 0.0 1.0 0.0 0.0 0.6996501749125437
38 37 38 0.0 0.0 0.0 0.0 1.0 0.0 0.0 0.6996501749125437
38 37 39 0.0 0.0 0.0 0.0 63.0 0.0 0.0 0.6786233640329616
38 37 40 0.0 0.0 4.0 0.0 146.0 1.0 0.0 0.6514657980456026
38 37 41 0.0 0.0 0.0 0.0 25.0 0.0 0.0 0.6916996047430829
38 37 42 0.0 0.0 5.0 0.0 92.0 1.0 0.0 0.6682577565632457
38 37 43 0.0 0.0 0.0 0.0 1.0 0.0 0.0 0.6996501749125437
38 38 37 0.0 0.0 0.0 0.0 8.0 0.0 0.0 0.697211155378486
38 38 38 0.0 0.0 41.0 0.0 858.0 8.0 2.0 0.48426150121065364
38 38 39 0.0 0.0 61.0 0.0 1632.0 12.0 18.0 0.3802281368821292
38 38 40 0.0 0.0 230.0 0.0 5002.0 16.0 237.0 0.19398642095053345
38 38 41 0.0 0.0 155.0 0.0 3305.0 16.0 70.0 0.25702221406278686
38 38 42 0.0 0.0 9.0 0.0 386.0 3.0 1.0 0.5855290673358426
38 38 43 0.0 0.0 0.0 0.0 1.0 0.0 0.0 0.6996501749125437
38 39 37 0.0 0.0 0.0 0.0 13.0 0.0 0.0 0.695479384003974
38 39 38 0.0 0.0 150.0 0.0 3883.0 18.0 146.0 0.2327514546965918
38 39 39 0.0 0.0 359.0 0.0 7988.0 20.0 1411.0 0.1354882415561792
38 39 40 0.0 0.0 335.0 1.0 6971.0 18.0 723.0 0.15065102765522434
38 39 41 0.0 0.0 285.0 0.0 6491.0 17.0 683.0 0.15974440894568687
38 39 42 0.0 0.0 31.0 0.0 713.0 9.0 1.0 0.5118829981718463
38 39 43 0.0 0.0 1.0 0.0 11.0 0.0 1.0 0.6958250497017892
38 40 37 0.0 0.0 0.0 0.0 16.0 0.0 0.0 0.6944444444444444
38 40 38 0.0 0.0 155.0 0.0 3440.0 11.0 81.0 0.2506714413607878
38 40 39 0.0 0.0 590.0 0.0 10372.0 24.0 3150.0 0.10808306955917546
38 40 40 0.0 0.0 436.0 0.0 8933.0 21.0 1873.0 0.12325028611673561
38 40 41 0.0 0.0 148.0 0.0 3631.0 24.0 121.0 0.24326672458731535
38 40 42 0.0 0.0 121.0 0.0 2775.0 19.0 51.0 0.2870617182694279
38 40 43 0.0 0.0 0.0 0.0 3.0 0.0 0.0 0.6989515726410384
38 41 37 0.0 0.0 0.0 0.0 11.0 0.0 0.0 0.6961710591745399
38 41 38 0.0 0.0 47.0 0.0 1270.0 11.0 6.0 0.42360060514372155
38 41 39 0.0 0.0 402.0 0.0 8452.0 23.0 1602.0 0.12918704438497736
38 41 40 0.0 0.0 507.0 0.0 8987.0 21.0 1559.0 0.12196184336614685
38 41 41 0.0 0.0 184.0 0.0 3972.0 14.0 149.0 0.22790167670519285
38 41 42 0.0 0.0 3.0 0.0 177.0 1.0 0.0 0.6427915518824608
38 41 43 0.0 0.0 0.0 0.0 4.0 0.0 0.0 0.6986027944111775
38 42 37 0.0 0.0 0.0 0.0 3.0 0.0 0.0 0.6989515726410384
38 42 38 0.0 0.0 30.0 0.0 796.0 8.0 10.0 0.4968062455642299
38 42 39 0.0 0.0 274.0 0.0 6151.0 24.0 574.0 0.16648828635985252
38 42 40 0.0 0.0 201.0 0.0 4622.0 14.0 251.0 0.20561022176531057
38 42 41 0.0 0.0 318.0 0.0 6231.0 18.0 503.0 0.16403046280023428
38 42 42 0.0 0.0 1.0 0.0 63.0 0.0 0.0 0.6782945736434108
38 43 37 0.0 0.0 0.0 0.0 1.0 0.0 0.0 0.6996501749125437
38 43 38 0.0 0.0 0.0 0.0 2.0 0.0 0.0 0.6993006993006992
38 43 39 0.0 0.0 0.0 0.0 14.0 0.0 0.0 0.6951340615690167
38 43 40 0.0 0.0 16.0 0.0 347.0 4.0 1.0 0.5934718100890207
38 43 41 0.0 0.0 2.0 0.0 79.0 1.0 0.0 0.6730769230769229
38 43 42 0.0 0.0 0.0 0.0 10.0 0.0 0.0 0.6965174129353233
38 44 40 0.0 0.0 0.0 0.0 1.0 0.0 0.0 0.6996501749125437
39 36 40 0.0 0.0 0.0 0.0 2.0 0.0 0.0 0.6993006993006992
39 36 41 0.0 0.0 0.0 0.0 3.0 0.0 0.0 0.6989515726410384
39 36 42 0.0 0.0 0.0 0.0 1.0 0.0 0.0 0.6996501749125437
39 37 37 0.0 0.0 0.0 0.0 7.0 1.0 0.0 0.6979062811565303
39 37 38 0.0 0.0 0.0 0.0 20.0 0.0 0.0 0.6930693069306929
39 37 39 0.0 0.0 0.0 0.0 43.0 0.0 0.0 0.6852667645619186
39 37 40 0.0 0.0 29.0 0.0 642.0 8.0 2.0 0.525722868944799
39 37 41 0.0 0.0 160.0 0.0 3293.0 17.0 89.0 0.257494942063638
39 37 42 0.0 0.0 39.0 0.0 913.0 6.0 2.0 0.47538200339558573
39 37 43 0.0 0.0 1.0 0.0 21.0 1.0 0.0 0.6927263730826323
39 38 37 0.0 0.0 79.0 0.0 1858.0 9.0 27.0 0.3564154786150712
39 38 38 0.0 0.0 43.0 0.0 883.0 9.0 4.0 0.4799451491258141
39 38 39 0.0 0.0 191.0 0.0 4378.0 13.0 181.0 0.21351227695592492
39 38 40 0.0 0.0 550.0 0.0 10154.0 24.0 2900.0 0.1103230890464933
39 38 41 0.0 0.0 440.0 0.0 8690.0 33.0 1532.0 0.1260239445494644
39 38 42 0.0 0.0 68.0 0.0 1603.0 13.0 12.0 0.38272279934390374
39 38 43 0.0 0.0 0.0 0.0 13.0 0.0 0.0 0.695479384003974
39 39 37 0.0 0.0 16.0 0.0 293.0 5.0 0.0 0.60790273556231
39 39 38 0.0 0.0 215.0 0.0 4999.0 19.0 257.0 0.19457956914523972
39 39 39 0.0 0.0 702.0 1.0 11451.0 25.0 4939.0 0.09893293760158292
39 39 40 0.0 0.0 1252.0 1.0 12866.0 36.0 15289.0 0.086848635235732
39 39 41 0.0 0.0 907.0 0.0 12448.0 31.0 8639.0 0.09121709669012248
39 39 42 0.0 0.0 90.0 0.0 2220.0 16.0 34.0 0.3260363297624592
39 39 43 0.0 0.0 0.0 0.0 35.0 0.0 0.0 0.6879606879606879
39 40 36 0.0 0.0 0.0 0.0 2.0 0.0 0.0 0.6996501749125437
39 40 37 0.0 0.0 3.0 0.0 123.0 0.0 0.0 0.6588235294117646
39 40 38 0.0 0.0 393.0 0.0 7831.0 27.0 1211.0 0.13720109760878085
39 40 39 2.0 0.0 1363.0 0.0 12418.0 35.0 18885.0 0.0886749429946795
39 40 40 0.0 0.0 907.0 3.0 12357.0 26.0 9637.0 0.0917130691123485
39 40 41 0.0 0.0 518.0 0.0 10215.0 18.0 2908.0 0.11001100110011
39 40 42 0.0 0.0 195.0 0.0 4344.0 24.0 184.0 0.21472392638036808
39 40 43 0.0 0.0 0.0 0.0 14.0 0.0 0.0 0.6951340615690167
39 40 44 0.0 0.0 0.0 0.0 2.0 0.0 0.0 0.6993006993006992
39 41 37 0.0 0.0 3.0 0.0 56.0 0.0 0.0 0.6799417192812044
39 41 38 0.0 0.0 203.0 0.0 4414.0 16.0 173.0 0.211992731677771
39 41 39 0.0 0.0 773.0 1.0 11743.0 31.0 5406.0 0.09650513545185081
39 41 40 0.0 0.0 936.0 0.0 12273.0 24.0 9976.0 0.09207497533706017
39 41 41 0.0 0.0 804.0 0.0 11930.0 23.0 6012.0 0.09506348883004004
39 41 42 0.0 0.0 84.0 0.0 1825.0 13.0 23.0 0.3593429158110882
39 41 43 0.0 0.0 14.0 0.0 298.0 6.0 1.0 0.6071118820468342
39 42 37 0.0 0.0 0.0 0.0 18.0 0.0 0.0 0.6937561942517343
39 42 38 0.0 0.0 81.0 0.0 1742.0 9.0 14.0 0.3671649619722003
39 42 39 0.0 0.0 125.0 0.0 2929.0 20.0 73.0 0.2782193958664546
39 42 40 0.0 0.0 321.0 0.0 7210.0 21.0 936.0 0.14707427250761634
39 42 41 0.0 0.0 142.0 0.0 3764.0 19.0 142.0 0.23777173913043476
39 42 42 0.0 0.0 10.0 0.0 634.0 1.0 6.0 0.529701097237987
39 42 43 0.0 0.0 0.0 0.0 2.0 0.0 0.0 0.6993006993006992
39 43 38 0.0 0.0 0.0 0.0 30.0 0.0 0.0 0.689655172413793
39 43 39 0.0 0.0 11.0 0.0 185.0 3.0 0.0 0.6383948928408572
39 43 40 0.0 0.0 141.0 0.0 2918.0 16.0 59.0 0.2776125322228832
39 43 41 0.0 0.0 0.0 0.0 41.0 1.0 0.0 0.6862745098039215
39 43 42 0.0 0.0 10.0 0.0 158.0 3.0 0.0 0.6466512702078521
39 44 39 0.0 0.0 0.0 0.0 1.0 0.0 0.0 0.6996501749125437
39 44 41 0.0 0.0 4.0 0.0 98.0 2.0 1.0 0.6666666666666665
40 36 38 0.0 0.0 0.0 0.0 3.0 0.0 0.0 0.6989515726410384
40 36 39 0.0 0.0 0.0 0.0 3.0 0.0 0.0 0.6989515726410384
40 36 40 0.0 0.0 0.0 0.0 1.0 0.0 0.0 0.6996501749125437
40 36 42 0.0 0.0 0.0 0.0 1.0 0.0 0.0 0.6996501749125437
40 37 37 0.0 0.0 0.0 0.0 8.0 0.0 0.0 0.697211155378486
40 37 38 0.0 0.0 38.0 0.0 956.0 18.0 3.0 0.47058823529411764
40 37 39 0.0 0.0 1.0 0.0 82.0 0.0 0.0 0.6721075372059528
40 37 40 0.0 0.0 10.0 0.0 374.0 3.0 0.0 0.5879882402351952
40 37 41 0.0 0.0 129.0 0.0 3027.0 20.0 81.0 0.27253260657971573
40 37 42 0.0 0.0 0.0 0.0 84.0 0.0 0.0 0.6717850287907868
40 37 43 0.0 0.0 0.0 0.0 38.0 0.0 0.0 0.6869479882237487
40 38 37 0.0 0.0 0.0 0.0 43.0 0.0 0.0 0.6852667645619186
40 38 38 0.0 0.0 468.0 0.0 9188.0 21.0 1967.0 0.1202542518467617
40 38 39 0.0 0.0 86.0 0.0 2376.0 16.0 54.0 0.31467745560800175
40 38 40 0.0 0.0 366.0 0.0 7720.0 31.0 1181.0 0.13919268244183733
40 38 41 0.0 0.0 427.0 0.0 8632.0 17.0 1502.0 0.12670829939361028
40 38 42 0.0 0.0 482.0 0.0 8617.0 20.0 1465.0 0.1263195885590544
40 38 43 0.0 0.0 26.0 0.0 651.0 7.0 1.0 0.5243445692883895
40 39 36 0.0 0.0 0.0 0.0 2.0 0.0 0.0 0.6993006993006992
40 39 37 0.0 0.0 4.0 0.0 106.0 2.0 0.0 0.6644518272425248
40 39 38 0.0 0.0 226.0 0.0 5140.0 18.0 309.0 0.19039847681218547
40 39 39 0.0 0.0 872.0 0.0 12155.0 31.0 9658.0 0.09330845107971207
40 39 40 0.0 0.0 1085.0 1.0 12731.0 33.0 11102.0 0.0885459490228322
40 39 41 0.0 0.0 1195.0 1.0 12775.0 32.0 13611.0 0.08760402978537012
40 39 42 0.0 0.0 410.0 0.0 7558.0 18.0 916.0 0.14063284781516824
40 39 43 0.0 0.0 41.0 0.0 984.0 9.0 5.0 0.4643449419568822
40 39 44 0.0 0.0 0.0 0.0 3.0 0.0 0.0 0.6989515726410384
40 40 36 0.0 0.0 0.0 0.0 4.0 0.0 0.0 0.6986027944111775
40 40 37 0.0 0.0 174.0 0.0 3957.0 15.0 147.0 0.2287955548292204
40 40 38 0.0 0.0 282.0 0.0 6306.0 25.0 599.0 0.16343684333411157
40 40 39 0.0 0.0 703.0 0.0 11520.0 32.0 5353.0 0.09854297177447735
40 40 40 11.0 7.0 2453.0 19.0 10386.0 60.0 48869.0 0.09412397472098963
40 40 41 1.0 0.0 628.0 1.0 11124.0 27.0 4653.0 0.10185522008002909
40 40 42 0.0 0.0 191.0 0.0 5207.0 14.0 315.0 0.1895734597156398
40 40 43 0.0 0.0 3.0 0.0 119.0 2.0 0.0 0.6603773584905659
40 40 44 0.0 0.0 0.0 0.0 3.0 0.0 0.0 0.6989515726410384
40 41 37 0.0 0.0 92.0 0.0 1952.0 16.0 26.0 0.34756703078450835
40 41 38 0.0 0.0 430.0 0.0 8396.0 22.0 1391.0 0.12952169488389303
40 41 39 0.0 0.0 675.0 5.0 11013.0 21.0 3854.0 0.10223455527968453
40 41 40 0.0 3.0 825.0 15.0 12054.0 27.0 7267.0 0.09403546480386887
40 41 41 0.0 0.0 884.0 0.0 12228.0 38.0 7791.0 0.092758232293116
40 41 42 0.0 0.0 92.0 0.0 2430.0 11.0 63.0 0.3102149346332816
40 41 43 0.0 0.0 30.0 0.0 526.0 3.0 1.0 0.5483744614179396
40 42 37 0.0 0.0 4.0 0.0 235.0 2.0 0.0 0.6258381761287437
40 42 38 0.0 0.0 46.0 0.0 1035.0 9.0 2.0 0.4557291666666666
40 42 39 0.0 0.0 524.0 0.0 10187.0 18.0 3189.0 0.11019283746556473
40 42 40 0.0 0.0 130.0 2.0 3478.0 16.0 141.0 0.25008931761343334
40 42 41 0.0 0.0 414.0 0.0 8074.0 24.0 1121.0 0.13361328497804922
40 42 42 0.0 0.0 4.0 0.0 230.0 2.0 0.0 0.6275212909009411
40 43 38 0.0 0.0 0.0 0.0 26.0 0.0 0.0 0.6910167818361302
40 43 39 0.0 0.0 9.0 0.0 192.0 3.0 0.0 0.6369426751592355
40 43 40 0.0 0.0 82.0 0.0 1654.0 14.0 19.0 0.3761418592154755
40 43 41 0.0 0.0 3.0 0.0 136.0 1.0 0.0 0.6551240056153486
40 43 42 0.0 0.0 0.0 0.0 17.0 0.0 0.0 0.694100148735746
40 44 40 0.0 0.0 0.0 0.0 1.0 0.0 0.0 0.6996501749125437
41 36 38 0.0 0.0 0.0 0.0 2.0 0.0 0.0 0.6993006993006992
41 36 39 0.0 0.0 17.0 0.0 412.0 8.0 0.0 0.5782734407269723
41 36 40 0.0 0.0 0.0 0.0 2.0 0.0 0.0 0.6993006993006992
41 36 41 0.0 0.0 0.0 0.0 5.0 0.0 0.0 0.6982543640897755
41 36 42 0.0 0.0 0.0 0.0 5.0 0.0 0.0 0.6982543640897755
41 37 37 0.0 0.0 0.0 0.0 8.0 0.0 0.0 0.697211155378486
41 37 38 0.0 0.0 0.0 0.0 28.0 0.0 0.0 0.690335305719921
41 37 39 0.0 0.0 68.0 0.0 1847.0 12.0 21.0 0.3586065573770491
41 37 40 0.0 0.0 17.0 0.0 393.0 3.0 0.0 0.5816368923971748
41 37 41 0.0 0.0 19.0 0.0 413.0 3.0 1.0 0.5766062602965403
41 37 42 0.0 0.0 31.0 0.0 661.0 4.0 1.0 0.5208333333333333
41 37 43 0.0 0.0 6.0 0.0 85.0 1.0 0.0 0.6698564593301434
41 38 37 0.0 0.0 0.0 0.0 10.0 0.0 0.0 0.6965174129353233
41 38 38 0.0 0.0 42.0 0.0 1050.0 8.0 7.0 0.4539559014267185
41 38 39 0.0 0.0 276.0 0.0 6339.0 19.0 647.0 0.16275284817484303
41 38 40 0.0 0.0 460.0 0.0 9286.0 26.0 2355.0 0.1192910702113156
41 38 41 0.0 0.0 458.0 0.0 9252.0 18.0 1944.0 0.11964789334244934
41 38 42 0.0 0.0 519.0 0.0 10008.0 22.0 2955.0 0.11183895190925067
41 38 43 0.0 0.0 28.0 0.0 989.0 7.0 6.0 0.46496180670873455
41 39 36 0.0 0.0 0.0 0.0 1.0 0.0 0.0 0.6996501749125437
41 39 37 0.0 0.0 1.0 0.0 50.0 0.0 0.0 0.68259385665529
41 39 38 0.0 0.0 212.0 0.0 4521.0 14.0 207.0 0.20827134781315082
41 39 39 0.0 0.0 580.0 2.0 10659.0 27.0 3770.0 0.10583610523132748
41 39 40 0.0 0.0 1250.0 0.0 12354.0 29.0 17881.0 0.08969184444871547
41 39 41 1.0 0.0 1679.0 0.0 12120.0 49.0 26834.0 0.0886749429946795
41 39 42 0.0 0.0 518.0 0.0 9453.0 20.0 2138.0 0.11705685618729096
41 39 43 0.0 0.0 31.0 0.0 922.0 7.0 6.0 0.47505938242280277
41 39 44 0.0 0.0 0.0 0.0 2.0 0.0 0.0 0.6993006993006992
41 40 36 0.0 0.0 6.0 0.0 144.0 2.0 0.0 0.6517690875232773
41 40 37 0.0 0.0 3.0 0.0 183.0 1.0 0.0 0.6407322654462241
41 40 38 0.0 0.0 341.0 0.0 7325.0 20.0 927.0 0.14503263234227698
41 40 39 0.0 0.0 1073.0 0.0 12752.0 16.0 11660.0 0.08839499936860713
41 40 40 0.0 0.0 488.0 16.0 9185.0 21.0 1804.0 0.11989380834118352
41 40 41 0.0 0.0 907.0 1.0 12265.0 31.0 8368.0 0.09232392508572936
41 40 42 0.0 0.0 645.0 0.0 10741.0 22.0 4541.0 0.10462596218518794
41 40 43 0.0 0.0 138.0 0.0 3928.0 15.0 146.0 0.23125206475057808
41 40 44 0.0 0.0 0.0 0.0 2.0 0.0 0.0 0.6993006993006992
41 41 36 0.0 0.0 0.0 0.0 1.0 0.0 0.0 0.6996501749125437
41 41 37 0.0 0.0 74.0 0.0 1314.0 14.0 10.0 0.4149377593360995
41 41 38 0.0 0.0 203.0 0.0 4974.0 12.0 284.0 0.19533975163945858
41 41 39 0.0 0.0 739.0 0.0 11423.0 26.0 5655.0 0.09887005649717513
41 41 40 0.0 0.0 1181.0 0.0 12597.0 35.0 14742.0 0.08870865543023697
41 41 41 0.0 0.0 413.0 4.0 7976.0 23.0 1140.0 0.1349007515899017
41 41 42 0.0 0.0 77.0 0.0 1526.0 14.0 11.0 0.39008080245193644
41 41 43 0.0 0.0 2.0 0.0 59.0 0.0 0.0 0.6796116504854368
41 41 44 0.0 0.0 0.0 0.0 1.0 0.0 0.0 0.6996501749125437
41 42 37 0.0 0.0 3.0 0.0 44.0 1.0 0.0 0.6842619745845552
41 42 38 0.0 0.0 3.0 0.0 200.0 2.0 0.0 0.6360745115856428
41 42 39 0.0 0.0 51.0 0.0 1228.0 8.0 8.0 0.4281345565749235
41 42 40 0.0 0.0 156.0 0.0 4124.0 12.0 192.0 0.22328548644338117
41 42 41 0.0 0.0 158.0 0.0 3316.0 15.0 93.0 0.256457226598278
41 42 42 0.0 0.0 3.0 0.0 245.0 1.0 0.0 0.6230529595015576
41 42 43 0.0 0.0 0.0 0.0 1.0 0.0 0.0 0.6996501749125437
41 43 38 0.0 0.0 0.0 0.0 11.0 0.0 0.0 0.6961710591745399
41 43 39 0.0 0.0 7.0 0.0 121.0 2.0 0.0 0.6585136406396989
41 43 40 0.0 0.0 0.0 0.0 32.0 0.0 0.0 0.6889763779527558
41 43 41 0.0 0.0 2.0 0.0 67.0 1.0 0.0 0.6769825918762088
41 43 42 0.0 0.0 4.0 0.0 63.0 0.0 0.0 0.6773101112723753
42 36 39 0.0 0.0 0.0 0.0 2.0 0.0 0.0 0.6993006993006992
42 36 40 0.0 0.0 0.0 0.0 11.0 0.0 0.0 0.6961710591745399
42 36 41 0.0 0.0 0.0 0.0 2.0 0.0 0.0 0.6993006993006992
42 36 42 0.0 0.0 0.0 0.0 1.0 0.0 0.0 0.6996501749125437
42 36 43 0.0 0.0 0.0 0.0 1.0 0.0 0.0 0.6996501749125437
42 37 38 0.0 0.0 0.0 0.0 4.0 0.0 0.0 0.6986027944111775
42 37 39 0.0 0.0 11.0 0.0 173.0 4.0 0.0 0.6422018348623851
42 37 40 0.0 0.0 188.0 0.0 4536.0 12.0 256.0 0.20858164481525623
42 37 41 0.0 0.0 99.0 0.0 2327.0 14.0 42.0 0.31731640979147774
42 37 42 0.0 0.0 1.0 0.0 104.0 1.0 0.0 0.6653992395437262
42 37 43 0.0 0.0 32.0 0.0 1066.0 7.0 12.0 0.45292785506308625
42 38 37 0.0 0.0 0.0 0.0 1.0 0.0 0.0 0.6996501749125437
42 38 38 0.0 0.0 23.0 0.0 494.0 5.0 3.0 0.5573248407643311
42 38 39 0.0 0.0 120.0 0.0 3097.0 12.0 110.0 0.2688688304205876
42 38 40 0.0 0.0 534.0 0.0 10132.0 28.0 3072.0 0.11068068622025456
42 38 41 0.0 0.0 611.0 0.0 10621.0 23.0 3549.0 0.10589214129037136
42 38 42 0.0 0.0 82.0 0.0 2031.0 11.0 30.0 0.3413801511826383
42 38 43 0.0 0.0 0.0 0.0 78.0 0.0 0.0 0.6737247353224253
42 39 37 0.0 0.0 7.0 0.0 106.0 3.0 0.0 0.6635071090047392
42 39 38 0.0 0.0 9.0 0.0 279.0 5.0 0.0 0.6132282084975909
42 39 39 0.0 0.0 252.0 0.0 5248.0 14.0 303.0 0.18689093578961416
42 39 40 0.0 0.0 568.0 0.0 10329.0 26.0 2876.0 0.10861975327798898
42 39 41 0.0 0.0 420.0 0.0 8575.0 19.0 1477.0 0.1274581209031318
42 39 42 0.0 0.0 636.0 0.0 10569.0 23.0 3301.0 0.10610883735031075
42 39 43 0.0 0.0 0.0 0.0 111.0 0.0 0.0 0.6631927996210326
42 40 36 0.0 0.0 0.0 0.0 2.0 0.0 0.0 0.6993006993006992
42 40 37 0.0 0.0 0.0 0.0 17.0 0.0 0.0 0.694100148735746
42 40 38 0.0 0.0 307.0 0.0 6863.0 26.0 797.0 0.15297202797202794
42 40 39 0.0 0.0 281.0 0.0 5835.0 19.0 369.0 0.17281817059622268
42 40 40 0.0 0.0 483.0 2.0 9393.0 28.0 2050.0 0.11807371173146664
42 40 41 0.0 0.0 486.0 0.0 9105.0 28.0 1697.0 0.12095032397408206
42 40 42 0.0 0.0 420.0 0.0 8374.0 21.0 1313.0 0.12987012987012986
42 40 43 0.0 0.0 29.0 0.0 626.0 6.0 1.0 0.5285013212533031
42 41 37 0.0 0.0 0.0 0.0 19.0 0.0 0.0 0.6934125804853887
42 41 38 0.0 0.0 86.0 0.0 2220.0 14.0 37.0 0.3261882572227399
42 41 39 0.0 0.0 187.0 0.0 3355.0 19.0 90.0 0.2534395365677045
42 41 40 0.0 0.0 186.0 0.0 4811.0 15.0 330.0 0.20048689674924813
42 41 41 0.0 0.0 8.0 0.0 488.0 3.0 2.0 0.5615724027276373
42 41 42 0.0 0.0 153.0 0.0 3925.0 15.0 143.0 0.23087071240105536
42 41 43 0.0 0.0 0.0 0.0 33.0 0.0 0.0 0.6886374815543531
42 41 44 0.0 0.0 0.0 0.0 1.0 0.0 0.0 0.6996501749125437
42 42 36 0.0 0.0 0.0 0.0 1.0 0.0 0.0 0.6996501749125437
42 42 37 0.0 0.0 0.0 0.0 3.0 0.0 0.0 0.6989515726410384
42 42 38 0.0 0.0 78.0 0.0 2171.0 8.0 54.0 0.3299552203629507
42 42 39 0.0 0.0 128.0 0.0 2930.0 10.0 65.0 0.2771728370619678
42 42 40 0.0 0.0 11.0 0.0 499.0 4.0 2.0 0.558882235528942
42 42 41 0.0 0.0 158.0 0.0 3729.0 14.0 125.0 0.2382978723404255
42 42 42 0.0 0.0 0.0 0.0 11.0 0.0 0.0 0.6961710591745399
42 43 38 0.0 0.0 0.0 0.0 3.0 0.0 0.0 0.6989515726410384
42 43 39 0.0 0.0 0.0 0.0 6.0 0.0 0.0 0.6979062811565303
42 43 40 0.0 0.0 0.0 0.0 11.0 0.0 0.0 0.6961710591745399
42 43 41 0.0 0.0 0.0 0.0 3.0 0.0 0.0 0.6989515726410384
42 43 42 0.0 0.0 0.0 0.0 4.0 0.0 0.0 0.6986027944111775
43 36 39 0.0 0.0 0.0 0.0 1.0 0.0 0.0 0.6996501749125437
43 36 40 0.0 0.0 0.0 0.0 3.0 0.0 0.0 0.6989515726410384
43 36 41 0.0 0.0 0.0 0.0 11.0 0.0 0.0 0.6961710591745399
43 37 38 0.0 0.0 0.0 0.0 1.0 0.0 0.0 0.6996501749125437
43 37 39 0.0 0.0 0.0 0.0 17.0 0.0 0.0 0.694100148735746
43 37 40 0.0 0.0 1.0 0.0 58.0 0.0 0.0 0.6799417192812044
43 37 41 0.0 0.0 2.0 0.0 96.0 0.0 0.0 0.6673021925643469
43 37 42 0.0 0.0 0.0 0.0 19.0 0.0 0.0 0.6934125804853887
43 37 43 0.0 0.0 0.0 0.0 3.0 0.0 0.0 0.6989515726410384
43 38 38 0.0 0.0 0.0 0.0 3.0 0.0 0.0 0.6989515726410384
43 38 39 0.0 0.0 1.0 0.0 86.0 0.0 0.0 0.670819357930043
43 38 40 0.0 0.0 10.0 0.0 233.0 5.0 0.0 0.6255585344057193
43 38 41 0.0 0.0 39.0 0.0 1007.0 6.0 7.0 0.46052631578947356
43 38 42 0.0 0.0 16.0 0.0 299.0 3.0 1.0 0.6055363321799306
43 38 43 0.0 0.0 1.0 0.0 23.0 2.0 0.0 0.6923837784371908
43 39 37 0.0 0.0 0.0 0.0 2.0 0.0 0.0 0.6993006993006992
43 39 38 0.0 0.0 1.0 0.0 16.0 1.0 0.0 0.6944444444444444
43 39 39 0.0 0.0 14.0 0.0 371.0 6.0 0.0 0.5884825556956704
43 39 40 0.0 0.0 100.0 0.0 2390.0 16.0 43.0 0.31291908806437185
43 39 41 0.0 0.0 9.0 0.0 203.0 2.0 0.0 0.6334841628959276
43 39 42 0.0 0.0 56.0 0.0 1121.0 15.0 10.0 0.4426177679418273
43 39 43 0.0 0.0 16.0 0.0 385.0 5.0 3.0 0.5843071786310516
43 40 36 0.0 0.0 0.0 0.0 1.0 0.0 0.0 0.6996501749125437
43 40 37 0.0 0.0 0.0 0.0 6.0 0.0 0.0 0.6979062811565303
43 40 38 0.0 0.0 12.0 0.0 166.0 1.0 0.0 0.6433823529411764
43 40 39 0.0 0.0 7.0 0.0 136.0 2.0 0.0 0.6539000467071461
43 40 40 0.0 0.0 23.0 0.0 681.0 3.0 3.0 0.5185185185185184
43 40 41 0.0 0.0 119.0 0.0 2867.0 14.0 77.0 0.28157683024939656
43 40 42 0.0 0.0 3.0 0.0 155.0 1.0 0.0 0.6493506493506492
43 40 43 0.0 0.0 1.0 0.0 23.0 0.0 0.0 0.6916996047430829
43 41 37 0.0 0.0 51.0 0.0 969.0 16.0 1.0 0.46604527296937415
43 41 38 0.0 0.0 0.0 0.0 12.0 0.0 0.0 0.6958250497017892
43 41 39 0.0 0.0 2.0 0.0 63.0 1.0 1.0 0.6782945736434108
43 41 40 0.0 0.0 86.0 0.0 1385.0 10.0 8.0 0.4045073678127708
43 41 41 0.0 0.0 0.0 0.0 44.0 0.0 0.0 0.684931506849315
43 41 42 0.0 0.0 2.0 0.0 47.0 1.0 0.0 0.6835937499999999
43 41 43 0.0 0.0 0.0 0.0 20.0 0.0 0.0 0.6930693069306929
43 42 38 0.0 0.0 0.0 0.0 7.0 0.0 0.0 0.6975585450921773
43 42 39 0.0 0.0 0.0 0.0 10.0 0.0 0.0 0.6965174129353233
43 42 40 0.0 0.0 0.0 0.0 13.0 0.0 0.0 0.695479384003974
43 42 41 0.0 0.0 0.0 0.0 6.0 0.0 0.0 0.6979062811565303
43 42 42 0.0 0.0 0.0 0.0 1.0 0.0 0.0 0.6996501749125437
43 42 43 0.0 0.0 0.0 0.0 1.0 0.0 0.0 0.6996501749125437
43 43 40 0.0 0.0 0.0 0.0 2.0 0.0 0.0 0.6993006993006992
43 43 41 0.0 0.0 0.0 0.0 2.0 0.0 0.0 0.6993006993006992
43 43 42 0.0 0.0 0.0 0.0 1.0 0.0 0.0 0.6996501749125437
44 38 39 0.0 0.0 0.0 0.0 2.0 0.0 0.0 0.6993006993006992
44 38 40 0.0 0.0 0.0 0.0 2.0 0.0 0.0 0.6993006993006992
44 38 41 0.0 0.0 0.0 0.0 2.0 0.0 0.0 0.6993006993006992
44 39 40 0.0 0.0 0.0 0.0 4.0 0.0 0.0 0.6986027944111775
44 39 41 0.0 0.0 0.0 0.0 1.0 0.0 0.0 0.6996501749125437
44 39 42 0.0 0.0 0.0 0.0 1.0 0.0 0.0 0.6996501749125437
44 40 39 0.0 0.0 0.0 0.0 2.0 0.0 0.0 0.6993006993006992
44 40 40 0.0 0.0 0.0 0.0 4.0 0.0 0.0 0.6986027944111775
44 40 41 0.0 0.0 0.0 0.0 1.0 0.0 0.0 0.6996501749125437
44 40 43 0.0 0.0 0.0 0.0 1.0 0.0 0.0 0.6996501749125437
44 41 36 0.0 0.0 0.0 0.0 1.0 0.0 0.0 0.6996501749125437
44 41 41 0.0 0.0 2.0 0.0 2.0 0.0 0.0 0.6986027944111775
44 41 42 0.0 0.0 0.0 0.0 1.0 0.0 0.0 0.6996501749125437
44 42 36 0.0 0.0 2.0 0.0 11.0 0.0 0.0 0.695479384003974
