37 37 40 0.0 0.0 0.0 0.0 2.0 0.0 0.0 0.6993006993006992
37 38 38 0.0 0.0 0.0 0.0 2.0 0.0 0.0 0.6993006993006992
37 38 39 0.0 0.0 0.0 0.0 5.0 0.0 0.0 0.6982543640897755
37 38 40 0.0 0.0 0.0 0.0 4.0 0.0 0.0 0.6986027944111775
37 38 41 0.0 0.0 0.0 0.0 1.0 0.0 0.0 0.6996501749125437
37 38 42 0.0 0.0 0.0 0.0 3.0 0.0 0.0 0.6989515726410384
37 39 38 0.0 0.0 0.0 0.0 6.0 0.0 0.0 0.6979062811565303
37 39 39 0.0 0.0 0.0 0.0 13.0 0.0 0.0 0.695479384003974
37 39 40 0.0 0.0 0.0 0.0 19.0 0.0 0.0 0.6937561942517343
37 39 41 0.0 0.0 0.0 0.0 11.0 0.0 0.0 0.6961710591745399
37 39 42 0.0 0.0 0.0 0.0 2.0 0.0 0.0 0.6993006993006992
37 40 38 0.0 0.0 0.0 0.0 16.0 0.0 0.0 0.6944444444444444
37 40 39 0.0 0.0 22.0 0.0 554.0 2.0 1.0 0.544111931597357
37 40 40 0.0 0.0 1.0 0.0 23.0 0.0 0.0 0.6920415224913494
37 40 41 0.0 0.0 0.0 0.0 9.0 0.0 0.0 0.6968641114982577
37 41 38 0.0 0.0 0.0 0.0 9.0 0.0 0.0 0.6968641114982577
37 41 39 0.0 0.0 2.0 0.0 25.0 0.0 0.0 0.6906758756783422
37 41 40 0.0 0.0 0.0 0.0 6.0 0.0 0.0 0.6979062811565303
37 41 41 0.0 0.0 0.0 0.0 9.0 0.0 0.0 0.6968641114982577
37 42 40 0.0 0.0 0.0 0.0 3.0 0.0 0.0 0.6989515726410384
37 42 41 0.0 0.0 0.0 0.0 4.0 0.0 0.0 0.6986027944111775
37 43 41 0.0 0.0 0.0 0.0 1.0 0.0 0.0 0.6996501749125437
38 37 39 0.0 0.0 0.0 0.0 23.0 0.0 0.0 0.6920415224913494
38 37 40 0.0 0.0 0.0 0.0 14.0 0.0 0.0 0.6951340615690167
38 37 41 0.0 0.0 0.0 0.0 4.0 0.0 0.0 0.6989515726410384
38 37 42 0.0 0.0 0.0 0.0 4.0 0.0 0.0 0.6986027944111775
38 38 37 0.0 0.0 0.0 0.0 1.0 0.0 0.0 0.6996501749125437
38 38 38 0.0 0.0 1.0 0.0 30.0 0.0 0.0 0.6893156080748399
38 38 39 0.0 0.0 4.0 0.0 178.0 2.0 0.0 0.6422018348623851
38 38 40 0.0 0.0 54.0 0.0 1224.0 8.0 5.0 0.4281345565749235
38 38 41 0.0 0.0 19.0 0.0 532.0 6.0 0.0 0.5500982318271119
38 38 42 0.0 0.0 1.0 0.0 57.0 0.0 0.0 0.6806028196402526
38 39 38 0.0 0.0 31.0 0.0 944.0 6.0 4.0 0.4716981132075471
38 39 39 0.0 0.0 167.0 0.0 4573.0 10.0 262.0 0.20783847980997625
38 39 40 0.0 0.0 126.0 0.0 2967.0 13.0 71.0 0.2754820936639118
38 39 41 0.0 0.0 109.0 0.0 2728.0 12.0 77.0 0.2900953170327393
38 39 42 0.0 0.0 1.0 0.0 61.0 0.0 0.0 0.6789524733268669
38 40 37 0.0 0.0 0.0 0.0 1.0 0.0 0.0 0.6996501749125437
38 40 38 0.0 0.0 21.0 0.0 528.0 4.0 1.0 0.5500982318271119
38 40 39 0.0 0.0 319.0 0.0 6894.0 20.0 775.0 0.15212430729110069
38 40 40 0.0 0.0 232.0 0.0 5342.0 16.0 344.0 0.1851362073525522
38 40 41 0.0 0.0 26.0 0.0 698.0 3.0 4.0 0.5145167217934582
38 40 42 0.0 0.0 18.0 0.0 356.0 5.0 1.0 0.590966652596032
38 41 37 0.0 0.0 0.0 0.0 2.0 0.0 0.0 0.6993006993006992
38 41 38 0.0 0.0 3.0 0.0 160.0 1.0 0.0 0.6475485661424606
38 41 39 0.0 0.0 206.0 0.0 4824.0 18.0 276.0 0.19957234497505344
38 41 40 0.0 0.0 233.0 0.0 4745.0 13.0 220.0 0.20094732309458874
38 41 41 0.0 0.0 27.0 0.0 510.0 6.0 1.0 0.5531410509679968
38 41 42 0.0 0.0 0.0 0.0 40.0 0.0 0.0 0.6862745098039215
38 42 38 0.0 0.0 2.0 0.0 35.0 1.0 0.0 0.6876227897838899
38 42 39 0.0 0.0 99.0 0.0 2502.0 18.0 47.0 0.30541012216404884
38 42 40 0.0 0.0 48.0 0.0 1161.0 7.0 9.0 0.437363323961262
38 42 41 0.0 0.0 108.0 0.0 2050.0 16.0 25.0 0.33800096571704485
38 42 42 0.0 0.0 0.0 0.0 20.0 0.0 0.0 0.6930693069306929
38 43 39 0.0 0.0 0.0 0.0 1.0 0.0 0.0 0.6996501749125437
38 43 40 0.0 0.0 0.0 0.0 4.0 0.0 0.0 0.6986027944111775
38 43 41 0.0 0.0 0.0 0.0 2.0 0.0 0.0 0.6993006993006992
38 43 42 0.0 0.0 0.0 0.0 3.0 0.0 0.0 0.6989515726410384
39 37 38 0.0 0.0 0.0 0.0 3.0 0.0 0.0 0.6989515726410384
39 37 39 0.0 0.0 0.0 0.0 13.0 0.0 0.0 0.695479384003974
39 37 40 0.0 0.0 0.0 0.0 26.0 0.0 0.0 0.6910167818361302
39 37 41 0.0 0.0 22.0 0.0 329.0 4.0 0.0 0.5965061780997016
39 37 42 0.0 0.0 2.0 0.0 23.0 0.0 0.0 0.6913580246913579
39 37 43 0.0 0.0 0.0 0.0 2.0 0.0 0.0 0.6993006993006992
39 38 37 0.0 0.0 6.0 0.0 182.0 2.0 0.0 0.6404391582799633
39 38 38 0.0 0.0 2.0 0.0 49.0 0.0 0.0 0.68259385665529
39 38 39 0.0 0.0 42.0 0.0 987.0 13.0 3.0 0.46419098143236065
39 38 40 0.0 0.0 307.0 0.0 6844.0 27.0 720.0 0.1533574323584182
39 38 41 0.0 0.0 211.0 0.0 4701.0 18.0 219.0 0.2029573789504204
39 38 42 0.0 0.0 4.0 0.0 162.0 1.0 0.0 0.6466512702078521
39 38 43 0.0 0.0 0.0 0.0 2.0 0.0 0.0 0.6993006993006992
39 39 37 0.0 0.0 0.0 0.0 12.0 0.0 0.0 0.6958250497017892
39 39 38 0.0 0.0 53.0 0.0 1236.0 11.0 10.0 0.42695943885330884
39 39 39 0.0 0.0 425.0 1.0 8622.0 24.0 1550.0 0.12694958287994196
39 39 40 0.0 0.0 869.0 1.0 12248.0 21.0 7754.0 0.09265387160820647
39 39 41 0.0 0.0 617.0 0.0 10719.0 23.0 3478.0 0.10502625656414102
39 39 42 0.0 0.0 10.0 0.0 325.0 3.0 0.0 0.6003430531732418
39 39 43 0.0 0.0 0.0 0.0 3.0 0.0 0.0 0.6989515726410384
39 40 37 0.0 0.0 0.0 0.0 5.0 0.0 0.0 0.6982543640897755
39 40 38 0.0 0.0 167.0 0.0 3907.0 15.0 158.0 0.231099372730274
39 40 39 2.0 0.0 958.0 0.0 12275.0 30.0 10554.0 0.09188763454975057
39 40 40 0.0 0.0 599.0 4.0 10915.0 28.0 4291.0 0.10371906949177655
39 40 41 0.0 0.0 304.0 1.0 6839.0 21.0 731.0 0.15337423312883433
39 40 42 0.0 0.0 39.0 0.0 825.0 13.0 5.0 0.4910557699052963
39 40 43 0.0 0.0 0.0 0.0 1.0 0.0 0.0 0.0
39 41 37 0.0 0.0 0.0 0.0 12.0 0.0 0.0 0.6958250497017892
39 41 38 0.0 0.0 44.0 0.0 842.0 7.0 1.0 0.4862799583188606
39 41 39 0.0 0.0 469.0 1.0 9032.0 26.0 1776.0 0.12191935905251239
39 41 40 0.0 0.0 625.0 0.0 10800.0 29.0 4511.0 0.10436857015058894
39 41 41 0.0 0.0 514.0 0.0 9411.0 24.0 1996.0 0.11756802149815249
39 41 42 0.0 0.0 4.0 0.0 167.0 0.0 1.0 0.64486411791801
39 42 37 0.0 0.0 0.0 0.0 1.0 0.0 0.0 0.6996501749125437
39 42 38 0.0 0.0 2.0 0.0 75.0 0.0 0.0 0.6740491092922483
39 42 39 0.0 0.0 17.0 0.0 537.0 7.0 2.0 0.5498821681068342
39 42 40 0.0 0.0 131.0 0.0 3518.0 15.0 124.0 0.24849130280440182
39 42 41 0.0 0.0 36.0 0.0 860.0 12.0 2.0 0.48560527228581335
39 42 42 0.0 0.0 2.0 0.0 128.0 0.0 0.0 0.6572769953051641
39 43 38 0.0 0.0 0.0 0.0 8.0 0.0 0.0 0.697211155378486
39 43 39 0.0 0.0 0.0 0.0 10.0 0.0 0.0 0.6965174129353233
39 43 40 0.0 0.0 13.0 0.0 159.0 2.0 0.0 0.6451612903225805
39 43 41 0.0 0.0 0.0 0.0 6.0 0.0 0.0 0.6979062811565303
39 43 42 0.0 0.0 0.0 0.0 5.0 0.0 0.0 0.6982543640897755
40 37 37 0.0 0.0 0.0 0.0 1.0 0.0 0.0 0.6996501749125437
40 37 38 0.0 0.0 3.0 0.0 83.0 2.0 0.0 0.6717850287907868
40 37 39 0.0 0.0 0.0 0.0 30.0 0.0 0.0 0.689655172413793
40 37 40 0.0 0.0 1.0 0.0 32.0 1.0 0.0 0.6889763779527558
40 37 41 0.0 0.0 19.0 0.0 443.0 7.0 2.0 0.570264765784114
40 37 42 0.0 0.0 0.0 0.0 8.0 0.0 0.0 0.697211155378486
40 37 43 0.0 0.0 0.0 0.0 3.0 0.0 0.0 0.6989515726410384
40 38 37 0.0 0.0 0.0 0.0 14.0 0.0 0.0 0.6951340615690167
40 38 38 0.0 0.0 249.0 0.0 5550.0 18.0 361.0 0.17990233873040348
40 38 39 0.0 0.0 6.0 0.0 535.0 4.0 3.0 0.5518328734726053
40 38 40 0.0 0.0 162.0 0.0 3811.0 16.0 176.0 0.23501762632197412
40 38 41 0.0 0.0 202.0 0.0 4501.0 28.0 211.0 0.20967500374419648
40 38 42 0.0 0.0 218.0 0.0 4343.0 23.0 178.0 0.21410001529285821
40 38 43 0.0 0.0 0.0 0.0 10.0 0.0 0.0 0.6965174129353233
40 39 37 0.0 0.0 0.0 0.0 9.0 0.0 0.0 0.6968641114982577
40 39 38 0.0 0.0 67.0 0.0 1338.0 12.0 12.0 0.4126142057176539
40 39 39 0.0 0.0 595.0 0.0 10695.0 23.0 4358.0 0.10540581237765395
40 39 40 0.0 0.0 717.0 1.0 11357.0 30.0 4919.0 0.09955909543450432
40 39 41 0.0 0.0 801.0 1.0 12042.0 33.0 6595.0 0.09443507588532883
40 39 42 0.0 0.0 139.0 0.0 3077.0 18.0 88.0 0.2691272587466359
40 39 43 0.0 0.0 2.0 0.0 57.0 1.0 0.0 0.6802721088435373
40 40 37 0.0 0.0 36.0 0.0 581.0 7.0 0.0 0.5363984674329502
40 40 38 0.0 0.0 109.0 0.0 2358.0 14.0 26.0 0.31439479002919374
40 40 39 0.0 0.0 441.0 0.0 8994.0 21.0 1715.0 0.1225812100516592
40 40 40 11.0 6.0 1974.0 37.0 11622.0 43.0 34195.0 0.08941116362242942
40 40 41 1.0 0.0 385.0 0.0 8373.0 22.0 1470.0 0.1302931596091205
40 40 42 0.0 0.0 68.0 0.0 1778.0 8.0 23.0 0.3647733194372068
40 40 43 0.0 0.0 0.0 0.0 13.0 0.0 0.0 0.695479384003974
40 41 37 0.0 0.0 5.0 0.0 144.0 2.0 0.0 0.6520726595249184
40 41 38 0.0 0.0 205.0 0.0 4469.0 19.0 189.0 0.21033653846153844
40 41 39 0.0 0.0 382.0 2.0 7612.0 29.0 1023.0 0.14033680834001602
40 41 40 0.0 0.0 544.0 3.0 9897.0 24.0 2790.0 0.1126035550550953
40 41 41 0.0 0.0 562.0 0.0 10130.0 25.0 3058.0 0.11031439602868172
40 41 42 0.0 0.0 12.0 0.0 356.0 1.0 2.0 0.5912162162162161
40 41 43 0.0 0.0 1.0 0.0 4.0 0.0 0.0 0.6986027944111775
40 42 37 0.0 0.0 0.0 0.0 7.0 0.0 0.0 0.6975585450921773
40 42 38 0.0 0.0 1.0 0.0 56.0 0.0 0.0 0.6806028196402526
40 42 39 0.0 0.0 322.0 0.0 7043.0 24.0 859.0 0.1497005988023952
40 42 40 0.0 0.0 18.0 2.0 944.0 7.0 9.0 0.47345282380791337
40 42 41 0.0 0.0 188.0 0.0 3785.0 17.0 118.0 0.23493874811209928
40 42 42 0.0 0.0 0.0 0.0 34.0 0.0 0.0 0.6882989183874139
40 43 38 0.0 0.0 0.0 0.0 7.0 0.0 0.0 0.6975585450921773
40 43 39 0.0 0.0 0.0 0.0 12.0 0.0 0.0 0.6961710591745399
40 43 40 0.0 0.0 4.0 0.0 83.0 3.0 0.0 0.6717850287907868
40 43 42 0.0 0.0 0.0 0.0 2.0 0.0 0.0 0.6993006993006992
41 36 39 0.0 0.0 1.0 0.0 0.0 0.0 0.0 0.6996501749125437
41 37 37 0.0 0.0 0.0 0.0 2.0 0.0 0.0 0.6993006993006992
41 37 38 0.0 0.0 0.0 0.0 4.0 0.0 0.0 0.6986027944111775
41 37 39 0.0 0.0 7.0 0.0 214.0 0.0 0.0 0.6303466906798738
41 37 40 0.0 0.0 0.0 0.0 31.0 0.0 0.0 0.6893156080748399
41 37 41 0.0 0.0 0.0 0.0 30.0 0.0 0.0 0.689655172413793
41 37 42 0.0 0.0 1.0 0.0 28.0 1.0 0.0 0.690335305719921
41 37 43 0.0 0.0 0.0 0.0 5.0 0.0 0.0 0.6982543640897755
41 38 37 0.0 0.0 0.0 0.0 2.0 0.0 0.0 0.6993006993006992
41 38 38 0.0 0.0 3.0 0.0 84.0 1.0 0.0 0.6711409395973154
41 38 39 0.0 0.0 95.0 0.0 2739.0 13.0 59.0 0.29039618336444717
41 38 40 0.0 0.0 266.0 0.0 5946.0 11.0 530.0 0.1706484641638225
41 38 41 0.0 0.0 252.0 0.0 5584.0 21.0 355.0 0.17907393195190582
41 38 42 0.0 0.0 320.0 0.0 6802.0 22.0 760.0 0.15377855887521966
41 38 43 0.0 0.0 4.0 0.0 136.0 1.0 0.0 0.6548175865294666
41 39 37 0.0 0.0 0.0 0.0 7.0 0.0 0.0 0.6975585450921773
41 39 38 0.0 0.0 50.0 0.0 1043.0 9.0 5.0 0.4539559014267185
41 39 39 0.0 0.0 351.0 4.0 7551.0 25.0 1059.0 0.14157144301749416
41 39 40 0.0 0.0 883.0 0.0 12355.0 29.0 9617.0 0.09186351706036744
41 39 41 1.0 0.0 1266.0 0.0 12636.0 37.0 16293.0 0.08807247106190234
41 39 42 0.0 0.0 257.0 0.0 5623.0 21.0 391.0 0.17811704834605596
41 39 43 0.0 0.0 1.0 0.0 82.0 0.0 0.0 0.6721075372059528
41 40 37 0.0 0.0 1.0 0.0 29.0 0.0 0.0 0.689655172413793
41 40 38 0.0 0.0 150.0 0.0 3310.0 12.0 86.0 0.25697503671071953
41 40 39 0.0 0.0 736.0 0.0 11653.0 36.0 5204.0 0.09744553490638266
41 40 40 0.0 0.0 232.0 18.0 5155.0 17.0 240.0 0.18944519621109604
41 40 41 0.0 0.0 589.0 2.0 10518.0 28.0 3364.0 0.10688654756451364
41 40 42 0.0 0.0 375.0 0.0 8169.0 14.0 1414.0 0.13289036544850497
41 40 43 0.0 0.0 39.0 0.0 1006.0 6.0 6.0 0.46052631578947356
41 41 37 0.0 0.0 2.0 0.0 51.0 0.0 0.0 0.6819288845591815
41 41 38 0.0 0.0 60.0 0.0 1501.0 9.0 17.0 0.39414414414414406
41 41 39 0.0 0.0 454.0 0.0 8994.0 35.0 1999.0 0.1225812100516592
41 41 40 0.0 0.0 861.0 0.0 12095.0 22.0 7231.0 0.09361417586091607
41 41 41 0.0 0.0 167.0 5.0 3892.0 26.0 144.0 0.23174971031286207
41 41 42 0.0 0.0 1.0 0.0 89.0 0.0 0.0 0.6698564593301434
41 41 43 0.0 0.0 0.0 0.0 5.0 0.0 0.0 0.6982543640897755
41 42 37 0.0 0.0 0.0 0.0 1.0 0.0 0.0 0.6996501749125437
41 42 38 0.0 0.0 0.0 0.0 35.0 0.0 0.0 0.6879606879606879
41 42 39 0.0 0.0 1.0 0.0 131.0 0.0 0.0 0.6566604127579737
41 42 40 0.0 0.0 33.0 0.0 1216.0 9.0 14.0 0.4320987654320987
41 42 41 0.0 0.0 19.0 0.0 478.0 6.0 1.0 0.5620232838217583
41 42 42 0.0 0.0 0.0 0.0 42.0 0.0 0.0 0.6856023506366307
41 43 38 0.0 0.0 0.0 0.0 4.0 0.0 0.0 0.6986027944111775
41 43 39 0.0 0.0 0.0 0.0 9.0 1.0 0.0 0.697211155378486
41 43 40 0.0 0.0 0.0 0.0 8.0 0.0 0.0 0.6975585450921773
41 43 41 0.0 0.0 0.0 0.0 2.0 0.0 0.0 0.6993006993006992
42 36 39 0.0 0.0 0.0 0.0 1.0 0.0 0.0 0.6996501749125437
42 36 40 0.0 0.0 0.0 0.0 1.0 0.0 0.0 0.6996501749125437
42 37 39 0.0 0.0 0.0 0.0 10.0 0.0 0.0 0.6965174129353233
42 37 40 0.0 0.0 40.0 0.0 1335.0 15.0 18.0 0.4166666666666666
42 37 41 0.0 0.0 8.0 0.0 243.0 3.0 0.0 0.6230529595015576
42 37 42 0.0 0.0 0.0 0.0 16.0 0.0 0.0 0.6944444444444444
42 37 43 0.0 0.0 5.0 0.0 105.0 0.0 0.0 0.6635071090047392
42 38 38 0.0 0.0 1.0 0.0 37.0 0.0 0.0 0.6869479882237487
42 38 39 0.0 0.0 22.0 0.0 636.0 6.0 1.0 0.5279034690799397
42 38 40 0.0 0.0 320.0 0.0 6878.0 19.0 790.0 0.15243902439024387
42 38 41 0.0 0.0 374.0 0.0 7501.0 20.0 867.0 0.1420166362345303
42 38 42 0.0 0.0 5.0 0.0 222.0 0.0 0.0 0.6286484059272563
42 38 43 0.0 0.0 0.0 0.0 26.0 0.0 0.0 0.6910167818361302
42 39 38 0.0 0.0 0.0 0.0 33.0 0.0 0.0 0.6886374815543531
42 39 39 0.0 0.0 59.0 0.0 1516.0 10.0 16.0 0.3927068723702664
42 39 40 0.0 0.0 335.0 0.0 6619.0 26.0 609.0 0.15670472352809492
42 39 41 0.0 0.0 207.0 0.0 4620.0 19.0 218.0 0.2055498458376156
42 39 42 0.0 0.0 355.0 0.0 7149.0 22.0 869.0 0.14755480607082627
42 39 43 0.0 0.0 0.0 0.0 32.0 0.0 0.0 0.6889763779527558
42 40 37 0.0 0.0 0.0 0.0 2.0 0.0 0.0 0.6993006993006992
42 40 38 0.0 0.0 130.0 0.0 3207.0 22.0 85.0 0.2633559066967644
42 40 39 0.0 0.0 81.0 0.0 1559.0 14.0 8.0 0.3863134657836644
42 40 40 0.0 0.0 259.0 1.0 5559.0 20.0 356.0 0.17946417126009484
42 40 41 0.0 0.0 236.0 0.0 4935.0 16.0 264.0 0.19555803883223913
42 40 42 0.0 0.0 198.0 0.0 4410.0 29.0 175.0 0.21273362710834218
42 40 43 0.0 0.0 0.0 0.0 32.0 0.0 0.0 0.6889763779527558
42 41 37 0.0 0.0 0.0 0.0 5.0 0.0 0.0 0.6982543640897755
42 41 38 0.0 0.0 14.0 0.0 331.0 5.0 0.0 0.5982905982905982
42 41 39 0.0 0.0 14.0 0.0 264.0 7.0 1.0 0.6164685160722148
42 41 40 0.0 0.0 58.0 0.0 1687.0 9.0 25.0 0.37473233404710915
42 41 41 0.0 0.0 0.0 0.0 118.0 0.0 0.0 0.6610009442870631
42 41 42 0.0 0.0 36.0 0.0 1045.0 7.0 5.0 0.4554326610279765
42 41 43 0.0 0.0 0.0 0.0 7.0 0.0 0.0 0.6975585450921773
42 42 38 0.0 0.0 11.0 0.0 356.0 4.0 1.0 0.5924672027084215
42 42 39 0.0 0.0 18.0 0.0 305.0 3.0 1.0 0.6034482758620688
42 42 40 0.0 0.0 0.0 0.0 85.0 0.0 0.0 0.6714628297362109
42 42 41 0.0 0.0 24.0 0.0 630.0 5.0 3.0 0.5287009063444108
43 36 41 0.0 0.0 0.0 0.0 3.0 0.0 0.0 0.6989515726410384
43 37 39 0.0 0.0 0.0 0.0 4.0 0.0 0.0 0.6986027944111775
43 37 40 0.0 0.0 0.0 0.0 7.0 0.0 0.0 0.6975585450921773
43 37 41 0.0 0.0 0.0 0.0 4.0 0.0 0.0 0.6986027944111775
43 37 42 0.0 0.0 0.0 0.0 4.0 0.0 0.0 0.6986027944111775
43 38 39 0.0 0.0 0.0 0.0 8.0 0.0 0.0 0.697211155378486
43 38 40 0.0 0.0 0.0 0.0 26.0 0.0 0.0 0.6910167818361302
43 38 41 0.0 0.0 2.0 0.0 73.0 0.0 0.0 0.6746987951807227
43 38 42 0.0 0.0 0.0 0.0 17.0 0.0 0.0 0.694100148735746
43 38 43 0.0 0.0 0.0 0.0 2.0 0.0 0.0 0.6993006993006992
43 39 38 0.0 0.0 0.0 0.0 2.0 0.0 0.0 0.6993006993006992
43 39 39 0.0 0.0 1.0 0.0 20.0 0.0 0.0 0.6927263730826323
43 39 40 0.0 0.0 11.0 0.0 145.0 1.0 0.0 0.6496519721577725
43 39 41 0.0 0.0 0.0 0.0 22.0 0.0 0.0 0.6923837784371908
43 39 42 0.0 0.0 2.0 0.0 37.0 1.0 0.0 0.6869479882237487
43 39 43 0.0 0.0 1.0 0.0 30.0 0.0 0.0 0.6893156080748399
43 40 37 0.0 0.0 0.0 0.0 2.0 0.0 0.0 0.6993006993006992
43 40 38 0.0 0.0 0.0 0.0 3.0 0.0 0.0 0.6989515726410384
43 40 39 0.0 0.0 0.0 0.0 20.0 0.0 0.0 0.6930693069306929
43 40 40 0.0 0.0 2.0 0.0 33.0 0.0 0.0 0.6879606879606879
43 40 41 0.0 0.0 18.0 0.0 430.0 4.0 0.0 0.5730659025787964
43 40 42 0.0 0.0 0.0 0.0 15.0 0.0 0.0 0.694789081885856
43 40 43 0.0 0.0 0.0 0.0 8.0 0.0 0.0 0.697211155378486
43 41 37 0.0 0.0 0.0 0.0 2.0 0.0 0.0 0.6993006993006992
43 41 38 0.0 0.0 0.0 0.0 2.0 0.0 0.0 0.6993006993006992
43 41 39 0.0 0.0 0.0 0.0 3.0 0.0 0.0 0.6989515726410384
43 41 40 0.0 0.0 2.0 0.0 15.0 0.0 0.0 0.694100148735746
43 41 41 0.0 0.0 0.0 0.0 7.0 0.0 0.0 0.6975585450921773
43 41 42 0.0 0.0 0.0 0.0 2.0 0.0 0.0 0.6993006993006992
43 41 43 0.0 0.0 0.0 0.0 2.0 0.0 0.0 0.6993006993006992
43 42 40 0.0 0.0 0.0 0.0 1.0 0.0 0.0 0.6996501749125437
