36 39 38 0.0 0.0 0.0 0.0 4.0 0.0 0.0 0.6986027944111775
36 39 39 0.0 0.0 3.0 0.0 103.0 2.0 0.0 0.6653992395437262
36 40 38 0.0 0.0 6.0 0.0 131.0 3.0 0.0 0.6560449859418931
36 40 39 0.0 0.0 1.0 0.0 24.0 0.0 0.0 0.6913580246913579
36 41 38 0.0 0.0 0.0 0.0 5.0 0.0 0.0 0.6986027944111775
36 41 39 0.0 0.0 0.0 0.0 1.0 0.0 0.0 0.6996501749125437
36 41 40 0.0 0.0 1.0 0.0 16.0 0.0 0.0 0.694100148735746
37 37 39 0.0 0.0 0.0 0.0 11.0 0.0 0.0 0.6961710591745399
37 37 40 0.0 0.0 22.0 0.0 351.0 9.0 1.0 0.5922165820642977
37 37 41 0.0 0.0 0.0 0.0 6.0 0.0 0.0 0.6979062811565303
37 38 37 0.0 0.0 0.0 0.0 5.0 0.0 0.0 0.6982543640897755
37 38 38 0.0 0.0 1.0 0.0 47.0 1.0 0.0 0.6839276990718123
37 38 39 0.0 0.0 0.0 0.0 40.0 0.0 0.0 0.6862745098039215
37 38 40 0.0 0.0 0.0 0.0 40.0 0.0 0.0 0.6862745098039215
37 38 41 0.0 0.0 4.0 0.0 90.0 1.0 0.0 0.668896321070234
37 38 42 0.0 0.0 0.0 0.0 24.0 0.0 0.0 0.6920415224913494
37 39 37 0.0 0.0 0.0 0.0 3.0 0.0 0.0 0.6989515726410384
37 39 38 0.0 0.0 2.0 0.0 60.0 0.0 0.0 0.6789524733268669
37 39 39 0.0 0.0 11.0 0.0 278.0 5.0 0.0 0.6129597197898423
37 39 40 0.0 0.0 1.0 0.0 98.0 0.0 0.0 0.6676204101096804
37 39 41 0.0 0.0 2.0 0.0 82.0 0.0 0.0 0.6717850287907868
37 39 42 0.0 0.0 0.0 0.0 18.0 1.0 0.0 0.694100148735746
37 39 43 0.0 0.0 0.0 0.0 1.0 0.0 0.0 0.6996501749125437
37 40 37 0.0 0.0 0.0 0.0 5.0 0.0 0.0 0.6982543640897755
37 40 38 0.0 0.0 0.0 0.0 81.0 0.0 0.0 0.6730769230769229
37 40 39 0.0 0.0 192.0 0.0 4593.0 18.0 214.0 0.20682523267838673
37 40 40 0.0 0.0 39.0 0.0 1089.0 3.0 5.0 0.44799999999999995
37 40 41 0.0 0.0 13.0 0.0 309.0 2.0 1.0 0.6034482758620688
37 40 42 0.0 0.0 0.0 0.0 9.0 0.0 0.0 0.6968641114982577
37 41 37 0.0 0.0 0.0 0.0 3.0 0.0 0.0 0.6989515726410384
37 41 38 0.0 0.0 0.0 0.0 56.0 0.0 0.0 0.6809338521400777
37 41 39 0.0 0.0 20.0 0.0 620.0 9.0 1.0 0.5321170657544659
37 41 40 0.0 0.0 2.0 0.0 125.0 0.0 0.0 0.6582040432534085
37 41 41 0.0 0.0 7.0 0.0 95.0 0.0 0.0 0.6660323501427211
37 41 42 0.0 0.0 0.0 0.0 15.0 0.0 0.0 0.694789081885856
37 41 43 0.0 0.0 0.0 0.0 1.0 0.0 0.0 0.6996501749125437
37 42 38 0.0 0.0 0.0 0.0 16.0 0.0 0.0 0.6944444444444444
37 42 39 0.0 0.0 15.0 0.0 434.0 7.0 2.0 0.5733005733005732
37 42 40 0.0 0.0 73.0 0.0 1327.0 11.0 6.0 0.4131012097964001
37 42 41 0.0 0.0 4.0 0.0 147.0 2.0 0.0 0.6514657980456026
37 42 42 0.0 0.0 4.0 0.0 35.0 1.0 0.0 0.6869479882237487
37 43 38 0.0 0.0 0.0 0.0 4.0 0.0 0.0 0.6986027944111775
37 43 39 0.0 0.0 3.0 0.0 20.0 1.0 0.0 0.6923837784371908
37 43 40 0.0 0.0 0.0 0.0 15.0 0.0 0.0 0.694789081885856
37 43 41 0.0 0.0 0.0 0.0 13.0 0.0 0.0 0.695479384003974
37 43 42 0.0 0.0 0.0 0.0 6.0 0.0 0.0 0.6979062811565303
38 36 40 0.0 0.0 0.0 0.0 1.0 0.0 0.0 0.6996501749125437
38 36 41 0.0 0.0 0.0 0.0 4.0 0.0 0.0 0.6986027944111775
38 37 36 0.0 0.0 0.0 0.0 1.0 0.0 0.0 0.6996501749125437
38 37 37 0.0 0.0 0.0 0.0 2.0 0.0 0.0 0.6993006993006992
38 37 38 0.0 0.0 0.0 0.0 5.0 0.0 0.0 0.6982543640897755
38 37 39 0.0 0.0 0.0 0.0 82.0 1.0 0.0 0.6727534839019701
38 37 40 0.0 0.0 10.0 0.0 290.0 4.0 0.0 0.6097560975609755
38 37 41 0.0 0.0 0.0 0.0 35.0 0.0 0.0 0.6879606879606879
38 37 42 0.0 0.0 11.0 0.0 220.0 3.0 0.0 0.6283662477558347
38 37 43 0.0 0.0 0.0 0.0 1.0 0.0 0.0 0.6996501749125437
38 38 37 0.0 0.0 0.0 0.0 9.0 0.0 0.0 0.6968641114982577
38 38 38 0.0 0.0 68.0 0.0 1495.0 9.0 8.0 0.393922341024198
38 38 39 0.0 0.0 101.0 0.0 2291.0 16.0 34.0 0.31985378112862684
38 38 40 0.0 0.0 279.0 0.0 5964.0 21.0 409.0 0.17023346303501943
38 38 41 0.0 0.0 213.0 0.0 4296.0 27.0 163.0 0.21574973031283706
38 38 42 0.0 0.0 15.0 0.0 601.0 5.0 3.0 0.5361930294906165
38 38 43 0.0 0.0 0.0 0.0 2.0 0.0 0.0 0.6993006993006992
38 39 36 0.0 0.0 0.0 0.0 1.0 0.0 0.0 0.6996501749125437
38 39 37 0.0 0.0 0.0 0.0 21.0 0.0 0.0 0.6927263730826323
38 39 38 0.0 0.0 208.0 0.0 4744.0 23.0 243.0 0.20193278523005911
38 39 39 0.0 0.0 419.0 0.0 8724.0 27.0 1855.0 0.12587664089192588
38 39 40 0.0 0.0 410.0 0.0 7907.0 19.0 1106.0 0.1358695652173913
38 39 41 0.0 0.0 328.0 0.0 7323.0 28.0 1020.0 0.14536392897933753
38 39 42 0.0 0.0 51.0 0.0 1220.0 10.0 8.0 0.42944785276073616
38 39 43 0.0 0.0 2.0 0.0 27.0 1.0 1.0 0.690335305719921
38 40 37 0.0 0.0 0.0 0.0 22.0 0.0 0.0 0.6923837784371908
38 40 38 0.0 0.0 206.0 0.0 4425.0 19.0 190.0 0.2117042189626493
38 40 39 0.0 0.0 662.0 0.0 10903.0 30.0 4055.0 0.10330578512396693
38 40 40 0.0 0.0 498.0 0.0 9649.0 25.0 2524.0 0.11534025374855823
38 40 41 0.0 0.0 192.0 0.0 4548.0 19.0 240.0 0.20820939916716236
38 40 42 0.0 0.0 160.0 0.0 3656.0 15.0 108.0 0.24129610479145117
38 40 43 0.0 0.0 0.0 0.0 5.0 0.0 0.0 0.6982543640897755
38 41 37 0.0 0.0 0.0 0.0 21.0 0.0 0.0 0.6927263730826323
38 41 38 0.0 0.0 71.0 0.0 1852.0 12.0 14.0 0.3579647149066734
38 41 39 0.0 0.0 457.0 0.0 9152.0 30.0 2169.0 0.12076252911239539
38 41 40 0.0 0.0 567.0 0.0 9788.0 30.0 2205.0 0.11350737797956865
38 41 41 0.0 0.0 218.0 0.0 4935.0 25.0 274.0 0.19632590099565275
38 41 42 0.0 0.0 6.0 0.0 254.0 1.0 0.0 0.6197432492253209
38 41 43 0.0 0.0 0.0 0.0 4.0 0.0 0.0 0.6986027944111775
38 42 37 0.0 0.0 0.0 0.0 5.0 0.0 0.0 0.6982543640897755
38 42 38 0.0 0.0 49.0 0.0 1274.0 8.0 14.0 0.4223227752639517
38 42 39 0.0 0.0 316.0 0.0 7040.0 20.0 846.0 0.14990898383124532
38 42 40 0.0 0.0 241.0 0.0 5558.0 26.0 404.0 0.18001800180018
38 42 41 0.0 0.0 393.0 0.0 7261.0 33.0 793.0 0.1454092230992937
38 42 42 0.0 0.0 2.0 0.0 101.0 0.0 0.0 0.6657156443176413
38 42 43 0.0 0.0 0.0 0.0 2.0 0.0 0.0 0.6993006993006992
38 43 37 0.0 0.0 0.0 0.0 1.0 0.0 0.0 0.6996501749125437
38 43 38 0.0 0.0 0.0 0.0 6.0 0.0 0.0 0.6979062811565303
38 43 39 0.0 0.0 0.0 0.0 21.0 1.0 0.0 0.6930693069306929
38 43 40 0.0 0.0 26.0 0.0 643.0 8.0 3.0 0.5261180007515971
38 43 41 0.0 0.0 3.0 0.0 128.0 1.0 0.0 0.6572769953051641
38 43 42 0.0 0.0 0.0 0.0 12.0 0.0 0.0 0.6958250497017892
38 44 40 0.0 0.0 0.0 0.0 2.0 0.0 0.0 0.6993006993006992
38 44 41 0.0 0.0 0.0 0.0 1.0 0.0 0.0 0.6996501749125437
39 36 40 0.0 0.0 0.0 0.0 3.0 0.0 0.0 0.6989515726410384
39 36 41 0.0 0.0 0.0 0.0 6.0 0.0 0.0 0.6979062811565303
39 36 42 0.0 0.0 0.0 0.0 5.0 0.0 0.0 0.6982543640897755
39 37 37 0.0 0.0 3.0 0.0 21.0 0.0 0.0 0.6916996047430829
39 37 38 0.0 0.0 3.0 0.0 49.0 0.0 1.0 0.6822612085769979
39 37 39 0.0 0.0 1.0 0.0 74.0 1.0 0.0 0.6750241080038573
39 37 40 0.0 0.0 53.0 0.0 1147.0 12.0 5.0 0.439146800501882
39 37 41 0.0 0.0 208.0 0.0 4274.0 18.0 183.0 0.21658415841584153
39 37 42 0.0 0.0 61.0 0.0 1452.0 8.0 10.0 0.3995433789954337
39 37 43 0.0 0.0 1.0 0.0 41.0 0.0 0.0 0.6856023506366307
39 38 36 0.0 0.0 0.0 0.0 2.0 0.0 0.0 0.6993006993006992
39 38 37 0.0 0.0 96.0 0.0 2533.0 7.0 62.0 0.3028991778450887
39 38 38 0.0 0.0 72.0 0.0 1499.0 15.0 12.0 0.3937007874015747
39 38 39 0.0 0.0 233.0 0.0 5356.0 19.0 321.0 0.18484288354898332
39 38 40 0.0 0.0 619.0 0.0 10784.0 33.0 3739.0 0.10457125784284432
39 38 41 0.0 0.0 501.0 0.0 9446.0 25.0 2115.0 0.11733154542406972
39 38 42 0.0 0.0 90.0 0.0 2346.0 9.0 38.0 0.316312697695436
39 38 43 0.0 0.0 0.0 0.0 18.0 1.0 0.0 0.694100148735746
39 39 37 0.0 0.0 33.0 0.0 627.0 12.0 4.0 0.5287009063444108
39 39 38 0.0 0.0 257.0 0.0 5863.0 21.0 463.0 0.17277551524126863
39 39 39 0.0 0.0 768.0 1.0 11885.0 32.0 6120.0 0.09560882332855289
39 39 40 1.0 0.0 1339.0 1.0 12892.0 46.0 17416.0 0.08628127696289904
39 39 41 0.0 0.0 994.0 0.0 12518.0 40.0 10339.0 0.09025852620720778
39 39 42 0.0 0.0 121.0 0.0 2987.0 16.0 72.0 0.27494108405341705
39 39 43 0.0 0.0 0.0 0.0 50.0 0.0 0.0 0.6829268292682925
39 40 36 0.0 0.0 0.0 0.0 2.0 0.0 0.0 0.6993006993006992
39 40 37 0.0 0.0 5.0 0.0 199.0 1.0 0.0 0.6354970494779845
39 40 38 0.0 0.0 440.0 0.0 8720.0 22.0 1647.0 0.12560559842095817
39 40 39 2.0 0.0 1465.0 0.0 12409.0 54.0 21206.0 0.08830579033682351
39 40 40 0.0 0.0 996.0 4.0 12522.0 35.0 11278.0 0.09026434558349451
39 40 41 0.0 0.0 580.0 0.0 10780.0 18.0 3747.0 0.10478257615447945
39 40 42 0.0 0.0 248.0 0.0 5315.0 23.0 316.0 0.185602545406337
39 40 43 0.0 0.0 0.0 0.0 22.0 0.0 0.0 0.6923837784371908
39 40 44 0.0 0.0 0.0 0.0 3.0 0.0 0.0 0.6989515726410384
39 41 37 0.0 0.0 8.0 0.0 145.0 2.0 0.0 0.6508600650860064
39 41 38 0.0 0.0 263.0 0.0 5429.0 24.0 313.0 0.18248175182481746
39 41 39 0.0 0.0 851.0 1.0 12075.0 26.0 6679.0 0.09380234505862646
39 41 40 0.0 0.0 1018.0 0.0 12487.0 33.0 11570.0 0.09029927760577915
39 41 41 0.0 0.0 882.0 0.0 12247.0 26.0 7363.0 0.09250693802035151
39 41 42 0.0 0.0 112.0 0.0 2623.0 16.0 54.0 0.2965473416649015
39 41 43 0.0 0.0 30.0 0.0 593.0 6.0 3.0 0.53475935828877
39 42 36 0.0 0.0 0.0 0.0 1.0 0.0 0.0 0.6996501749125437
39 42 37 0.0 0.0 0.0 0.0 24.0 0.0 0.0 0.6916996047430829
39 42 38 0.0 0.0 128.0 0.0 2593.0 18.0 48.0 0.29768233042738673
39 42 39 0.0 0.0 159.0 0.0 3794.0 17.0 151.0 0.23576961940047148
39 42 40 0.0 0.0 371.0 0.0 7954.0 17.0 1343.0 0.1357115160915083
39 42 41 0.0 0.0 178.0 0.0 4625.0 15.0 240.0 0.20618556701030924
39 42 42 0.0 0.0 17.0 0.0 873.0 6.0 7.0 0.48543689320388345
39 42 43 0.0 0.0 0.0 0.0 2.0 0.0 0.0 0.6993006993006992
39 43 38 0.0 0.0 0.0 0.0 39.0 1.0 0.0 0.6869479882237487
39 43 39 0.0 0.0 23.0 0.0 438.0 5.0 0.0 0.570264765784114
39 43 40 0.0 0.0 180.0 0.0 3856.0 10.0 133.0 0.23228803716608593
39 43 41 0.0 0.0 1.0 0.0 80.0 1.0 0.0 0.6734006734006733
39 43 42 0.0 0.0 17.0 0.0 355.0 5.0 0.0 0.5914659907055343
39 44 39 0.0 0.0 1.0 0.0 4.0 0.0 0.0 0.6982543640897755
39 44 40 0.0 0.0 0.0 0.0 4.0 0.0 0.0 0.6986027944111775
39 44 41 0.0 0.0 7.0 0.0 181.0 2.0 1.0 0.6404391582799633
40 36 38 0.0 0.0 0.0 0.0 5.0 0.0 0.0 0.6982543640897755
40 36 39 0.0 0.0 0.0 0.0 4.0 0.0 0.0 0.6986027944111775
40 36 40 0.0 0.0 0.0 0.0 3.0 0.0 0.0 0.6989515726410384
40 36 41 0.0 0.0 2.0 0.0 24.0 0.0 0.0 0.6910167818361302
40 36 42 0.0 0.0 0.0 0.0 1.0 0.0 0.0 0.6996501749125437
40 37 37 0.0 0.0 0.0 0.0 11.0 0.0 0.0 0.6961710591745399
40 37 38 0.0 0.0 60.0 0.0 1483.0 4.0 9.0 0.39536853996046306
40 37 39 0.0 0.0 5.0 0.0 142.0 2.0 0.0 0.6526806526806526
40 37 40 0.0 0.0 16.0 0.0 614.0 6.0 2.0 0.5337399923751428
40 37 41 0.0 0.0 165.0 0.0 3924.0 20.0 152.0 0.23064250411861612
40 37 42 0.0 0.0 2.0 0.0 141.0 1.0 0.0 0.65359477124183
40 37 43 0.0 0.0 0.0 0.0 53.0 0.0 0.0 0.6819288845591815
40 38 36 0.0 0.0 0.0 0.0 1.0 0.0 0.0 0.6996501749125437
40 38 37 0.0 0.0 0.0 0.0 53.0 0.0 0.0 0.6819288845591815
40 38 38 0.0 0.0 515.0 0.0 9792.0 22.0 2667.0 0.11384890623729363
40 38 39 0.0 0.0 136.0 0.0 3194.0 15.0 99.0 0.2634054562558795
40 38 40 0.0 0.0 430.0 0.0 8661.0 29.0 1618.0 0.1265136454003253
40 38 41 0.0 0.0 483.0 0.0 9438.0 22.0 2029.0 0.11760752688172041
40 38 42 0.0 0.0 543.0 0.0 9445.0 23.0 2032.0 0.11689070718877848
40 38 43 0.0 0.0 45.0 0.0 1068.0 10.0 5.0 0.4513217279174725
40 39 36 0.0 0.0 0.0 0.0 3.0 0.0 0.0 0.6989515726410384
40 39 37 0.0 0.0 13.0 0.0 265.0 3.0 1.0 0.6153846153846153
40 39 38 0.0 0.0 270.0 0.0 6088.0 14.0 491.0 0.16778523489932884
40 39 39 0.0 0.0 955.0 0.0 12248.0 28.0 11303.0 0.09202050742736952
40 39 40 0.0 0.0 1185.0 0.0 12902.0 32.0 12939.0 0.08704843623702044
40 39 41 0.0 0.0 1284.0 1.0 12865.0 35.0 15674.0 0.08669267446900736
40 39 42 0.0 0.0 494.0 0.0 8550.0 20.0 1351.0 0.12690355329949238
40 39 43 0.0 0.0 66.0 0.0 1569.0 7.0 13.0 0.3859939343810311
40 39 44 0.0 0.0 0.0 0.0 4.0 0.0 0.0 0.6986027944111775
40 40 36 0.0 0.0 1.0 0.0 9.0 0.0 0.0 0.6965174129353233
40 40 37 0.0 0.0 206.0 0.0 4871.0 19.0 273.0 0.1982721994051834
40 40 38 0.0 0.0 332.0 0.0 7200.0 17.0 902.0 0.14701249606216524
40 40 39 0.0 0.0 774.0 0.0 11918.0 33.0 6551.0 0.09534186870062653
40 40 40 10.0 7.0 2561.0 21.0 10059.0 65.0 52497.0 0.09543285616905248
40 40 41 1.0 0.0 706.0 1.0 11537.0 22.0 5749.0 0.09830080044937509
40 40 42 0.0 0.0 239.0 0.0 6007.0 20.0 523.0 0.1701713868968032
40 40 43 0.0 0.0 7.0 0.0 223.0 2.0 0.0 0.6283662477558347
40 40 44 0.0 0.0 0.0 0.0 3.0 0.0 0.0 0.6989515726410384
40 41 36 0.0 0.0 0.0 0.0 1.0 0.0 0.0 0.6996501749125437
40 41 37 0.0 0.0 131.0 0.0 2829.0 17.0 65.0 0.2831715210355987
40 41 38 0.0 0.0 486.0 0.0 9205.0 27.0 1945.0 0.11991434689507494
40 41 39 0.0 0.0 741.0 6.0 11575.0 24.0 4845.0 0.09779951100244498
40 41 40 0.0 3.0 902.0 14.0 12334.0 31.0 8657.0 0.09186954524575103
40 41 41 0.0 0.0 971.0 1.0 12544.0 18.0 9239.0 0.09018294254058232
40 41 42 0.0 0.0 129.0 0.0 3166.0 16.0 127.0 0.2651013065707252
40 41 43 0.0 0.0 45.0 0.0 994.0 10.0 4.0 0.462198745460548
40 41 44 0.0 0.0 0.0 0.0 2.0 0.0 0.0 0.6993006993006992
40 42 36 0.0 0.0 1.0 0.0 2.0 0.0 0.0 0.6989515726410384
40 42 37 0.0 0.0 11.0 0.0 354.0 2.0 0.0 0.5924672027084215
40 42 38 0.0 0.0 82.0 0.0 1711.0 12.0 9.0 0.37037037037037035
40 42 39 0.0 0.0 571.0 0.0 10650.0 19.0 4011.0 0.1059402194475974
40 42 40 0.0 0.0 168.0 2.0 4308.0 18.0 229.0 0.21668472372697722
40 42 41 0.0 0.0 474.0 0.0 8939.0 20.0 1620.0 0.12274241627213746
40 42 42 0.0 0.0 9.0 0.0 358.0 2.0 0.0 0.5919661733615221
40 42 43 0.0 0.0 0.0 0.0 3.0 0.0 0.0 0.6989515726410384
40 43 38 0.0 0.0 0.0 0.0 31.0 0.0 0.0 0.6893156080748399
40 43 39 0.0 0.0 23.0 0.0 422.0 2.0 0.0 0.5730659025787964
40 43 40 0.0 0.0 120.0 0.0 2498.0 23.0 36.0 0.3046789989118607
40 43 41 0.0 0.0 5.0 0.0 227.0 2.0 0.0 0.6278026905829596
40 43 42 0.0 0.0 0.0 0.0 24.0 0.0 0.0 0.6916996047430829
40 44 40 0.0 0.0 0.0 0.0 1.0 0.0 0.0 0.6996501749125437
41 36 38 0.0 0.0 0.0 0.0 3.0 0.0 0.0 0.6989515726410384
41 36 39 0.0 0.0 32.0 0.0 747.0 9.0 1.0 0.5054151624548735
41 36 40 0.0 0.0 0.0 0.0 3.0 0.0 0.0 0.6989515726410384
41 36 41 0.0 0.0 0.0 0.0 7.0 0.0 0.0 0.6975585450921773
41 36 42 0.0 0.0 0.0 0.0 7.0 0.0 0.0 0.6975585450921773
41 36 43 0.0 0.0 0.0 0.0 1.0 0.0 0.0 0.6996501749125437
41 37 37 0.0 0.0 0.0 0.0 16.0 0.0 0.0 0.6944444444444444
41 37 38 0.0 0.0 0.0 0.0 43.0 0.0 0.0 0.6852667645619186
41 37 39 0.0 0.0 102.0 0.0 2517.0 19.0 48.0 0.3043478260869565
41 37 40 0.0 0.0 31.0 0.0 752.0 5.0 1.0 0.5039596832253418
41 37 41 0.0 0.0 47.0 0.0 863.0 8.0 2.0 0.48259220958290233
41 37 42 0.0 0.0 59.0 0.0 1182.0 7.0 10.0 0.43276661514683146
41 37 43 0.0 0.0 10.0 0.0 226.0 5.0 0.0 0.6275212909009411
41 38 37 0.0 0.0 3.0 0.0 37.0 0.0 0.0 0.6862745098039215
41 38 38 0.0 0.0 65.0 0.0 1595.0 9.0 19.0 0.3835616438356164
41 38 39 0.0 0.0 326.0 0.0 7161.0 17.0 923.0 0.1477728520160439
41 38 40 0.0 0.0 525.0 0.0 9910.0 33.0 3055.0 0.11279407025459232
41 38 41 0.0 0.0 507.0 0.0 9913.0 23.0 2610.0 0.11283043197936815
41 38 42 0.0 0.0 570.0 0.0 10532.0 23.0 3767.0 0.10693553315001528
41 38 43 0.0 0.0 50.0 0.0 1449.0 5.0 12.0 0.4006868918145391
41 38 44 0.0 0.0 0.0 0.0 2.0 0.0 0.0 0.6993006993006992
41 39 36 0.0 0.0 0.0 0.0 1.0 0.0 0.0 0.6996501749125437
41 39 37 0.0 0.0 1.0 0.0 77.0 0.0 0.0 0.6737247353224253
41 39 38 0.0 0.0 252.0 0.0 5482.0 26.0 353.0 0.18160591516409386
41 39 39 0.0 0.0 653.0 2.0 11196.0 29.0 4713.0 0.10115606936416183
41 39 40 0.0 0.0 1342.0 0.0 12280.0 48.0 20148.0 0.08973783731812063
41 39 41 1.0 0.0 1808.0 0.0 11871.0 56.0 29697.0 0.08933699189585859
41 39 42 0.0 0.0 594.0 0.0 10211.0 30.0 2862.0 0.10947763528307788
41 39 43 0.0 0.0 48.0 0.0 1402.0 10.0 11.0 0.40697674418604646
41 39 44 0.0 0.0 0.0 0.0 5.0 1.0 0.0 0.6989515726410384
41 40 36 0.0 0.0 13.0 0.0 307.0 4.0 0.0 0.6044905008635577
41 40 37 0.0 0.0 12.0 0.0 319.0 4.0 0.0 0.6016330038676406
41 40 38 0.0 0.0 400.0 0.0 8212.0 34.0 1335.0 0.13223764994804948
41 40 39 0.0 0.0 1149.0 0.0 12772.0 29.0 13550.0 0.08790656787642848
41 40 40 0.0 0.0 560.0 15.0 9996.0 22.0 2428.0 0.11146496815286623
41 40 41 0.0 0.0 985.0 1.0 12449.0 26.0 9988.0 0.09066770286898516
41 40 42 0.0 0.0 722.0 0.0 11217.0 37.0 5571.0 0.10055304172951231
41 40 43 0.0 0.0 174.0 0.0 4691.0 22.0 255.0 0.20446911055936903
41 40 44 0.0 0.0 1.0 0.0 3.0 0.0 0.0 0.6989515726410384
41 41 36 0.0 0.0 0.0 0.0 3.0 0.0 0.0 0.6989515726410384
41 41 37 0.0 0.0 108.0 0.0 2121.0 20.0 31.0 0.332699619771863
41 41 38 0.0 0.0 253.0 0.0 5878.0 19.0 463.0 0.1724562700172456
41 41 39 0.0 0.0 813.0 0.0 11912.0 32.0 6896.0 0.0951022349025202
41 41 40 0.0 0.0 1247.0 1.0 12521.0 35.0 16771.0 0.08877052818464269
41 41 41 0.0 0.0 466.0 6.0 8770.0 24.0 1634.0 0.12469938541017189
41 41 42 0.0 0.0 114.0 0.0 2318.0 19.0 33.0 0.31724450487196915
41 41 43 0.0 0.0 6.0 0.0 125.0 0.0 0.0 0.6569685593618019
41 41 44 0.0 0.0 0.0 0.0 2.0 0.0 0.0 0.6993006993006992
41 42 36 0.0 0.0 0.0 0.0 1.0 0.0 0.0 0.6996501749125437
41 42 37 0.0 0.0 4.0 0.0 105.0 1.0 0.0 0.6641366223908918
41 42 38 0.0 0.0 13.0 0.0 363.0 5.0 1.0 0.5904681568958244
41 42 39 0.0 0.0 79.0 0.0 1908.0 12.0 23.0 0.352112676056338
41 42 40 0.0 0.0 205.0 0.0 4973.0 14.0 314.0 0.19531249999999994
41 42 41 0.0 0.0 217.0 0.0 4340.0 16.0 171.0 0.21393643031784837
41 42 42 0.0 0.0 4.0 0.0 341.0 1.0 1.0 0.5972696245733787
41 42 43 0.0 0.0 0.0 0.0 3.0 0.0 0.0 0.6989515726410384
41 43 38 0.0 0.0 0.0 0.0 14.0 0.0 0.0 0.6951340615690167
41 43 39 0.0 0.0 15.0 0.0 303.0 3.0 1.0 0.6047516198704103
41 43 40 0.0 0.0 1.0 0.0 50.0 0.0 0.0 0.68259385665529
41 43 41 0.0 0.0 3.0 0.0 117.0 1.0 0.0 0.6606890042472864
41 43 42 0.0 0.0 8.0 0.0 156.0 1.0 0.0 0.6472491909385112
42 36 38 0.0 0.0 0.0 0.0 1.0 0.0 0.0 0.6996501749125437
42 36 39 0.0 0.0 1.0 0.0 10.0 0.0 0.0 0.6961710591745399
42 36 40 0.0 0.0 0.0 0.0 17.0 0.0 0.0 0.694100148735746
42 36 41 0.0 0.0 0.0 0.0 5.0 0.0 0.0 0.6982543640897755
42 36 42 0.0 0.0 0.0 0.0 1.0 0.0 0.0 0.6996501749125437
42 36 43 0.0 0.0 0.0 0.0 3.0 0.0 0.0 0.6989515726410384
42 37 37 0.0 0.0 0.0 0.0 1.0 0.0 0.0 0.6996501749125437
42 37 38 0.0 0.0 0.0 0.0 8.0 0.0 0.0 0.697211155378486
42 37 39 0.0 0.0 26.0 0.0 421.0 4.0 0.0 0.5730659025787964
42 37 40 0.0 0.0 231.0 0.0 5402.0 21.0 405.0 0.1838718150774888
42 37 41 0.0 0.0 144.0 0.0 3197.0 17.0 78.0 0.2627627627627627
42 37 42 0.0 0.0 2.0 0.0 163.0 1.0 0.0 0.6469500924214416
42 37 43 0.0 0.0 49.0 0.0 1529.0 6.0 25.0 0.39193729003359457
42 38 37 0.0 0.0 0.0 0.0 3.0 0.0 0.0 0.6989515726410384
42 38 38 0.0 0.0 38.0 0.0 957.0 8.0 5.0 0.4686976899899564
42 38 39 0.0 0.0 156.0 0.0 3919.0 13.0 186.0 0.23094688221709
42 38 40 0.0 0.0 603.0 0.0 10708.0 25.0 3917.0 0.10528690682108745
42 38 41 0.0 0.0 683.0 0.0 11112.0 27.0 4470.0 0.10158914447427617
42 38 42 0.0 0.0 120.0 0.0 2826.0 7.0 56.0 0.28345818991698724
42 38 43 0.0 0.0 1.0 0.0 103.0 1.0 0.0 0.6657156443176413
42 38 44 0.0 0.0 0.0 0.0 1.0 0.0 0.0 0.6996501749125437
42 39 37 0.0 0.0 11.0 0.0 265.0 7.0 0.0 0.6170118995152049
42 39 38 0.0 0.0 24.0 0.0 533.0 3.0 0.0 0.5481597494126859
42 39 39 0.0 0.0 306.0 0.0 6200.0 22.0 547.0 0.16489988221436983
42 39 40 0.0 0.0 623.0 0.0 10791.0 19.0 3831.0 0.10438413361169102
42 39 41 0.0 0.0 478.0 0.0 9318.0 23.0 2045.0 0.11883541295305998
42 39 42 0.0 0.0 698.0 0.0 11150.0 32.0 4244.0 0.10119994217146161
42 39 43 0.0 0.0 2.0 0.0 154.0 0.0 0.0 0.6493506493506492
42 39 44 0.0 0.0 0.0 0.0 2.0 0.0 0.0 0.6993006993006992
42 40 36 0.0 0.0 0.0 0.0 2.0 0.0 0.0 0.6993006993006992
42 40 37 0.0 0.0 0.0 0.0 27.0 0.0 0.0 0.6910167818361302
42 40 38 0.0 0.0 355.0 0.0 7683.0 23.0 1184.0 0.13966480446927373
42 40 39 0.0 0.0 337.0 0.0 6818.0 22.0 616.0 0.15323992994746058
42 40 40 0.0 0.0 533.0 0.0 10116.0 23.0 2708.0 0.11078578776608371
42 40 41 0.0 0.0 534.0 0.0 9851.0 34.0 2343.0 0.11326860841423947
42 40 42 0.0 0.0 480.0 0.0 9184.0 18.0 1822.0 0.12014073629108382
42 40 43 0.0 0.0 42.0 0.0 1081.0 8.0 2.0 0.44958253050738595
42 40 44 0.0 0.0 0.0 0.0 3.0 0.0 0.0 0.6989515726410384
42 41 37 0.0 0.0 0.0 0.0 26.0 0.0 0.0 0.6910167818361302
42 41 38 0.0 0.0 123.0 0.0 3027.0 11.0 82.0 0.2724265421288188
42 41 39 0.0 0.0 241.0 0.0 4535.0 27.0 164.0 0.20737668493556508
42 41 40 0.0 0.0 220.0 0.0 5659.0 13.0 491.0 0.1779133307917143
42 41 41 0.0 0.0 12.0 0.0 706.0 5.0 3.0 0.5162241887905604
42 41 42 0.0 0.0 190.0 0.0 4745.0 21.0 270.0 0.20237062734894476
42 41 43 0.0 0.0 3.0 0.0 75.0 2.0 0.0 0.6743737957610789
42 41 44 0.0 0.0 0.0 0.0 1.0 0.0 0.0 0.6996501749125437
42 42 36 0.0 0.0 0.0 0.0 1.0 0.0 0.0 0.6996501749125437
42 42 37 0.0 0.0 0.0 0.0 8.0 0.0 0.0 0.697211155378486
42 42 38 0.0 0.0 113.0 0.0 2931.0 5.0 95.0 0.27788805081381496
42 42 39 0.0 0.0 163.0 0.0 3803.0 18.0 132.0 0.23529411764705882
42 42 40 0.0 0.0 17.0 0.0 753.0 4.0 7.0 0.5061460592913954
42 42 41 0.0 0.0 203.0 0.0 4656.0 14.0 221.0 0.20449897750511242
42 42 42 0.0 0.0 0.0 0.0 22.0 0.0 0.0 0.6927263730826323
42 42 43 0.0 0.0 0.0 0.0 4.0 0.0 0.0 0.6986027944111775
42 43 38 0.0 0.0 0.0 0.0 5.0 0.0 0.0 0.6982543640897755
42 43 39 0.0 0.0 0.0 0.0 10.0 0.0 0.0 0.6965174129353233
42 43 40 0.0 0.0 0.0 0.0 16.0 0.0 0.0 0.6944444444444444
42 43 41 0.0 0.0 0.0 0.0 5.0 0.0 0.0 0.6982543640897755
42 43 42 0.0 0.0 0.0 0.0 4.0 0.0 0.0 0.6986027944111775
43 36 39 0.0 0.0 0.0 0.0 2.0 0.0 0.0 0.6993006993006992
43 36 40 0.0 0.0 0.0 0.0 3.0 0.0 0.0 0.6989515726410384
43 36 41 0.0 0.0 0.0 0.0 15.0 1.0 0.0 0.6951340615690167
43 37 38 0.0 0.0 0.0 0.0 2.0 0.0 0.0 0.6993006993006992
43 37 39 0.0 0.0 0.0 0.0 23.0 0.0 1.0 0.6920415224913494
43 37 40 0.0 0.0 1.0 0.0 96.0 0.0 0.0 0.6676204101096804
43 37 41 0.0 0.0 4.0 0.0 147.0 2.0 0.0 0.6514657980456026
43 37 42 0.0 0.0 0.0 0.0 26.0 0.0 0.0 0.6910167818361302
43 37 43 0.0 0.0 0.0 0.0 3.0 0.0 0.0 0.6989515726410384
43 38 38 0.0 0.0 0.0 0.0 4.0 0.0 0.0 0.6986027944111775
43 38 39 0.0 0.0 2.0 0.0 133.0 1.0 0.0 0.6560449859418931
43 38 40 0.0 0.0 20.0 0.0 470.0 4.0 0.0 0.5633802816901408
43 38 41 0.0 0.0 59.0 0.0 1534.0 10.0 16.0 0.39073402176946687
43 38 42 0.0 0.0 33.0 0.0 639.0 7.0 2.0 0.5253283302063789
43 38 43 0.0 0.0 9.0 0.0 75.0 3.0 0.0 0.6727534839019701
43 38 44 0.0 0.0 0.0 0.0 1.0 0.0 0.0 0.6996501749125437
43 39 37 0.0 0.0 0.0 0.0 6.0 0.0 0.0 0.6979062811565303
43 39 38 0.0 0.0 1.0 0.0 47.0 1.0 0.0 0.6839276990718123
43 39 39 0.0 0.0 22.0 0.0 622.0 6.0 0.0 0.5307050796057619
43 39 40 0.0 0.0 131.0 0.0 3184.0 18.0 94.0 0.2642007926023778
43 39 41 0.0 0.0 13.0 0.0 394.0 0.0 1.0 0.5816368923971748
43 39 42 0.0 0.0 98.0 0.0 1872.0 16.0 20.0 0.3540718259989883
43 39 43 0.0 0.0 37.0 0.0 761.0 6.0 3.0 0.5014326647564469
43 40 36 0.0 0.0 0.0 0.0 2.0 0.0 0.0 0.6993006993006992
43 40 37 0.0 0.0 0.0 0.0 9.0 0.0 0.0 0.6968641114982577
43 40 38 0.0 0.0 26.0 0.0 400.0 8.0 1.0 0.5789909015715466
43 40 39 0.0 0.0 14.0 0.0 316.0 5.0 0.0 0.6021505376344085
43 40 40 0.0 0.0 40.0 0.0 1079.0 9.0 9.0 0.45016077170418
43 40 41 0.0 0.0 152.0 0.0 3690.0 16.0 134.0 0.2402608546421829
43 40 42 0.0 0.0 8.0 0.0 266.0 3.0 0.0 0.6167400881057268
43 40 43 0.0 0.0 4.0 0.0 69.0 2.0 0.0 0.6760019314340897
43 41 37 0.0 0.0 71.0 0.0 1588.0 17.0 11.0 0.38440417353102685
43 41 38 0.0 0.0 0.0 0.0 22.0 0.0 0.0 0.6923837784371908
43 41 39 0.0 0.0 15.0 0.0 174.0 3.0 1.0 0.6404391582799633
43 41 40 0.0 0.0 124.0 0.0 2284.0 16.0 30.0 0.31868882312770314
43 41 41 0.0 0.0 0.0 0.0 54.0 0.0 0.0 0.6815968841285296
43 41 42 0.0 0.0 4.0 0.0 98.0 2.0 0.0 0.6666666666666665
43 41 43 0.0 0.0 0.0 0.0 26.0 0.0 0.0 0.6910167818361302
43 42 37 0.0 0.0 0.0 0.0 1.0 0.0 0.0 0.6996501749125437
43 42 38 0.0 0.0 0.0 0.0 10.0 0.0 0.0 0.6965174129353233
43 42 39 0.0 0.0 6.0 0.0 60.0 1.0 0.0 0.6779661016949151
43 42 40 0.0 0.0 2.0 0.0 38.0 1.0 0.0 0.6866110838646394
43 42 41 0.0 0.0 0.0 0.0 7.0 0.0 0.0 0.6975585450921773
43 42 42 0.0 0.0 0.0 0.0 9.0 0.0 0.0 0.6968641114982577
43 42 43 0.0 0.0 0.0 0.0 1.0 0.0 0.0 0.6996501749125437
43 43 38 0.0 0.0 0.0 0.0 1.0 0.0 0.0 0.6996501749125437
43 43 40 0.0 0.0 0.0 0.0 4.0 0.0 0.0 0.6986027944111775
43 43 41 0.0 0.0 0.0 0.0 3.0 0.0 0.0 0.6989515726410384
43 43 42 0.0 0.0 0.0 0.0 2.0 0.0 0.0 0.6993006993006992
44 38 39 0.0 0.0 0.0 0.0 3.0 0.0 0.0 0.6989515726410384
44 38 40 0.0 0.0 0.0 0.0 3.0 0.0 0.0 0.6989515726410384
44 38 41 0.0 0.0 2.0 0.0 13.0 1.0 0.0 0.6951340615690167
44 39 40 0.0 0.0 0.0 0.0 7.0 0.0 0.0 0.6975585450921773
44 39 41 0.0 0.0 0.0 0.0 2.0 0.0 0.0 0.6993006993006992
44 39 42 0.0 0.0 0.0 0.0 2.0 0.0 0.0 0.6993006993006992
44 40 37 0.0 0.0 0.0 0.0 1.0 0.0 0.0 0.6996501749125437
44 40 39 0.0 0.0 0.0 0.0 3.0 0.0 0.0 0.6989515726410384
44 40 40 0.0 0.0 0.0 0.0 7.0 0.0 0.0 0.6975585450921773
44 40 41 0.0 0.0 0.0 0.0 4.0 0.0 0.0 0.6986027944111775
44 40 42 0.0 0.0 0.0 0.0 3.0 0.0 0.0 0.6989515726410384
44 40 43 0.0 0.0 0.0 0.0 1.0 0.0 0.0 0.6996501749125437
44 41 36 0.0 0.0 0.0 0.0 1.0 0.0 0.0 0.6996501749125437
44 41 40 0.0 0.0 0.0 0.0 1.0 0.0 0.0 0.6996501749125437
44 41 41 0.0 0.0 3.0 0.0 36.0 1.0 0.0 0.6869479882237487
44 41 42 0.0 0.0 0.0 0.0 1.0 0.0 0.0 0.6996501749125437
44 42 36 0.0 0.0 2.0 0.0 48.0 0.0 0.0 0.6829268292682925
44 42 38 0.0 0.0 0.0 0.0 1.0 0.0 0.0 0.6996501749125437
