37 37 40 0.0 0.0 0.0 0.0 1.0 0.0 0.0 0.6996501749125437
37 38 39 0.0 0.0 0.0 0.0 1.0 0.0 0.0 0.6996501749125437
37 38 40 0.0 0.0 0.0 0.0 1.0 0.0 0.0 0.6996501749125437
37 39 39 0.0 0.0 0.0 0.0 3.0 0.0 0.0 0.6989515726410384
37 39 40 0.0 0.0 0.0 0.0 9.0 0.0 0.0 0.6968641114982577
37 39 41 0.0 0.0 0.0 0.0 1.0 0.0 0.0 0.6996501749125437
37 39 42 0.0 0.0 0.0 0.0 1.0 0.0 0.0 0.6996501749125437
37 40 38 0.0 0.0 0.0 0.0 5.0 0.0 0.0 0.6982543640897755
37 40 39 0.0 0.0 4.0 0.0 63.0 1.0 0.0 0.6776379477250725
37 40 40 0.0 0.0 0.0 0.0 2.0 0.0 0.0 0.6993006993006992
37 40 41 0.0 0.0 0.0 0.0 3.0 0.0 0.0 0.6989515726410384
37 41 38 0.0 0.0 0.0 0.0 4.0 0.0 0.0 0.6986027944111775
37 41 39 0.0 0.0 0.0 0.0 3.0 0.0 0.0 0.6989515726410384
37 41 40 0.0 0.0 0.0 0.0 1.0 0.0 0.0 0.6996501749125437
37 41 41 0.0 0.0 0.0 0.0 2.0 0.0 0.0 0.6993006993006992
38 37 39 0.0 0.0 0.0 0.0 10.0 0.0 0.0 0.6965174129353233
38 37 40 0.0 0.0 0.0 0.0 6.0 0.0 0.0 0.6979062811565303
38 37 41 0.0 0.0 0.0 0.0 2.0 0.0 0.0 0.6993006993006992
38 37 42 0.0 0.0 0.0 0.0 1.0 0.0 0.0 0.6996501749125437
38 38 38 0.0 0.0 0.0 0.0 12.0 0.0 0.0 0.6958250497017892
38 38 39 0.0 0.0 0.0 0.0 60.0 0.0 0.0 0.6796116504854368
38 38 40 0.0 0.0 13.0 0.0 259.0 2.0 0.0 0.6167400881057268
38 38 41 0.0 0.0 3.0 0.0 59.0 2.0 0.0 0.6796116504854368
38 38 42 0.0 0.0 0.0 0.0 25.0 0.0 0.0 0.6913580246913579
38 39 38 0.0 0.0 9.0 0.0 248.0 0.0 1.0 0.620292423571112
38 39 39 0.0 0.0 88.0 0.0 2506.0 11.0 57.0 0.30541012216404884
38 39 40 0.0 0.0 45.0 0.0 883.0 11.0 5.0 0.4799451491258141
38 39 41 0.0 0.0 35.0 0.0 1181.0 9.0 9.0 0.4365450576863112
38 39 42 0.0 0.0 0.0 0.0 23.0 0.0 0.0 0.6920415224913494
38 40 38 0.0 0.0 3.0 0.0 108.0 1.0 0.0 0.6635071090047392
38 40 39 0.0 0.0 194.0 0.0 4523.0 14.0 210.0 0.20883054892601427
38 40 40 0.0 0.0 128.0 0.0 2994.0 9.0 75.0 0.27386541471048503
38 40 41 0.0 0.0 3.0 0.0 141.0 1.0 0.0 0.65359477124183
38 40 42 0.0 0.0 2.0 0.0 64.0 1.0 0.0 0.6779661016949151
38 41 38 0.0 0.0 1.0 0.0 32.0 1.0 0.0 0.6889763779527558
38 41 39 0.0 0.0 89.0 0.0 2672.0 17.0 56.0 0.29510961214165254
38 41 40 0.0 0.0 107.0 0.0 2162.0 19.0 17.0 0.3294117647058823
38 41 41 0.0 0.0 3.0 0.0 83.0 1.0 0.0 0.6714628297362109
38 41 42 0.0 0.0 0.0 0.0 15.0 1.0 0.0 0.6951340615690167
38 42 38 0.0 0.0 0.0 0.0 4.0 0.0 0.0 0.6986027944111775
38 42 39 0.0 0.0 25.0 0.0 906.0 10.0 5.0 0.47928791509756924
38 42 40 0.0 0.0 11.0 0.0 207.0 3.0 0.0 0.6320541760722347
38 42 41 0.0 0.0 27.0 0.0 401.0 3.0 2.0 0.5773195876288658
38 42 42 0.0 0.0 0.0 0.0 8.0 0.0 0.0 0.697211155378486
38 43 40 0.0 0.0 0.0 0.0 1.0 0.0 0.0 0.6996501749125437
39 37 39 0.0 0.0 0.0 0.0 2.0 0.0 0.0 0.6993006993006992
39 37 40 0.0 0.0 0.0 0.0 4.0 0.0 0.0 0.6986027944111775
39 37 41 0.0 0.0 1.0 0.0 15.0 0.0 0.0 0.6944444444444444
39 37 42 0.0 0.0 0.0 0.0 2.0 0.0 0.0 0.6993006993006992
39 38 37 0.0 0.0 1.0 0.0 35.0 0.0 0.0 0.6876227897838899
39 38 38 0.0 0.0 0.0 0.0 20.0 0.0 0.0 0.6930693069306929
39 38 39 0.0 0.0 8.0 0.0 224.0 4.0 0.0 0.6283662477558347
39 38 40 0.0 0.0 183.0 0.0 4419.0 11.0 175.0 0.21241086329843722
39 38 41 0.0 0.0 111.0 0.0 2221.0 17.0 21.0 0.3243744207599629
39 38 42 0.0 0.0 0.0 0.0 63.0 0.0 0.0 0.6786233640329616
39 39 37 0.0 0.0 0.0 0.0 4.0 0.0 0.0 0.6986027944111775
39 39 38 0.0 0.0 9.0 0.0 257.0 2.0 0.0 0.6183745583038868
39 39 39 0.0 0.0 287.0 1.0 6328.0 23.0 573.0 0.1628664495114006
39 39 40 0.0 0.0 688.0 1.0 11236.0 20.0 4405.0 0.10053859964093356
39 39 41 0.0 0.0 460.0 0.0 8869.0 18.0 1608.0 0.12366398728027557
39 39 42 0.0 0.0 0.0 0.0 82.0 0.0 0.0 0.6724303554274734
39 40 37 0.0 0.0 0.0 0.0 1.0 0.0 0.0 0.6996501749125437
39 40 38 0.0 0.0 74.0 0.0 1762.0 9.0 21.0 0.3658217925267833
39 40 39 2.0 0.0 773.0 0.0 11758.0 29.0 6716.0 0.09634574358268529
39 40 40 0.0 0.0 439.0 7.0 9188.0 23.0 2289.0 0.12035763411279228
39 40 41 0.0 0.0 179.0 1.0 4430.0 15.0 178.0 0.2122176747006215
39 40 42 0.0 0.0 6.0 0.0 79.0 2.0 0.0 0.6721075372059528
39 41 37 0.0 0.0 0.0 0.0 5.0 0.0 0.0 0.6982543640897755
39 41 38 0.0 0.0 5.0 0.0 91.0 0.0 0.0 0.6679389312977099
39 41 39 0.0 0.0 335.0 0.0 6625.0 20.0 666.0 0.15649452269170577
39 41 40 0.0 0.0 467.0 1.0 9213.0 12.0 2445.0 0.11984249272384863
39 41 41 0.0 0.0 358.0 0.0 6990.0 22.0 759.0 0.14998928647953716
39 41 42 0.0 0.0 1.0 0.0 21.0 0.0 0.0 0.6923837784371908
39 42 38 0.0 0.0 0.0 0.0 19.0 0.0 0.0 0.6934125804853887
39 42 39 0.0 0.0 1.0 0.0 103.0 0.0 0.0 0.6657156443176413
39 42 40 0.0 0.0 51.0 0.0 1685.0 9.0 14.0 0.3756372417493962
39 42 41 0.0 0.0 5.0 0.0 214.0 2.0 0.0 0.6314839873703202
39 42 42 0.0 0.0 1.0 0.0 39.0 0.0 0.0 0.6862745098039215
39 43 38 0.0 0.0 0.0 0.0 4.0 0.0 0.0 0.6986027944111775
39 43 39 0.0 0.0 0.0 0.0 2.0 0.0 0.0 0.6993006993006992
39 43 40 0.0 0.0 0.0 0.0 3.0 0.0 0.0 0.6989515726410384
39 43 41 0.0 0.0 0.0 0.0 2.0 0.0 0.0 0.6993006993006992
40 37 39 0.0 0.0 0.0 0.0 11.0 0.0 0.0 0.6961710591745399
40 37 40 0.0 0.0 0.0 0.0 10.0 0.0 0.0 0.6965174129353233
40 37 41 0.0 0.0 4.0 0.0 91.0 1.0 0.0 0.6685768863419292
40 37 42 0.0 0.0 0.0 0.0 5.0 0.0 0.0 0.6982543640897755
40 37 43 0.0 0.0 0.0 0.0 1.0 0.0 0.0 0.6996501749125437
40 38 37 0.0 0.0 0.0 0.0 3.0 0.0 0.0 0.6989515726410384
40 38 38 0.0 0.0 141.0 0.0 3146.0 20.0 82.0 0.2656546489563567
40 38 39 0.0 0.0 3.0 0.0 226.0 0.0 1.0 0.6280843427545983
40 38 40 0.0 0.0 67.0 0.0 1660.0 15.0 24.0 0.37715517241379304
40 38 41 0.0 0.0 84.0 0.0 2180.0 17.0 27.0 0.32964445490934774
40 38 42 0.0 0.0 95.0 0.0 1936.0 10.0 24.0 0.34808552958726996
40 38 43 0.0 0.0 0.0 0.0 5.0 0.0 0.0 0.6982543640897755
40 39 37 0.0 0.0 0.0 0.0 2.0 0.0 0.0 0.6993006993006992
40 39 38 0.0 0.0 10.0 0.0 271.0 3.0 0.0 0.6145741878841088
40 39 39 0.0 0.0 440.0 0.0 9184.0 21.0 2328.0 0.12057531651020582
40 39 40 0.0 0.0 519.0 1.0 9746.0 21.0 2543.0 0.11422044545973728
40 39 41 0.0 0.0 617.0 1.0 10812.0 25.0 3751.0 0.1043219076005961
40 39 42 0.0 0.0 48.0 0.0 1136.0 13.0 4.0 0.4416403785488959
40 39 43 0.0 0.0 0.0 0.0 11.0 0.0 0.0 0.6961710591745399
40 40 37 0.0 0.0 2.0 0.0 88.0 1.0 0.0 0.6701771182383915
40 40 38 0.0 0.0 25.0 0.0 662.0 5.0 0.0 0.5219985085756897
40 40 39 0.0 0.0 306.0 0.0 6501.0 19.0 671.0 0.1592356687898089
40 40 40 11.0 6.0 1698.0 41.0 12198.0 51.0 26436.0 0.08779080704834764
40 40 41 1.0 0.0 256.0 0.0 6064.0 16.0 528.0 0.16841092265126906
40 40 42 0.0 0.0 18.0 0.0 553.0 4.0 2.0 0.5455962587685113
40 40 43 0.0 0.0 0.0 0.0 5.0 0.0 0.0 0.6982543640897755
40 41 38 0.0 0.0 93.0 0.0 2163.0 13.0 24.0 0.3299552203629507
40 41 39 0.0 0.0 242.0 2.0 5122.0 16.0 269.0 0.1904243743199129
40 41 40 0.0 0.0 374.0 4.0 7933.0 19.0 1290.0 0.13597513597513594
40 41 41 0.0 0.0 402.0 0.0 8312.0 23.0 1377.0 0.13087781621015235
40 41 42 0.0 0.0 2.0 0.0 107.0 1.0 0.0 0.6641366223908918
40 41 43 0.0 0.0 0.0 0.0 2.0 0.0 0.0 0.6993006993006992
40 42 37 0.0 0.0 0.0 0.0 2.0 0.0 0.0 0.6993006993006992
40 42 38 0.0 0.0 0.0 0.0 18.0 0.0 0.0 0.6937561942517343
40 42 39 0.0 0.0 201.0 0.0 4707.0 17.0 277.0 0.20307513780098635
40 42 40 0.0 0.0 8.0 2.0 321.0 2.0 2.0 0.6011163589523401
40 42 41 0.0 0.0 72.0 0.0 1354.0 8.0 7.0 0.4095962551199532
40 42 42 0.0 0.0 0.0 0.0 10.0 0.0 0.0 0.6965174129353233
40 43 38 0.0 0.0 0.0 0.0 3.0 0.0 0.0 0.6989515726410384
40 43 39 0.0 0.0 0.0 0.0 1.0 0.0 0.0 0.6996501749125437
40 43 40 0.0 0.0 0.0 0.0 2.0 0.0 0.0 0.6993006993006992
41 37 38 0.0 0.0 0.0 0.0 2.0 0.0 0.0 0.6993006993006992
41 37 39 0.0 0.0 2.0 0.0 12.0 1.0 0.0 0.695479384003974
41 37 40 0.0 0.0 0.0 0.0 4.0 0.0 0.0 0.6986027944111775
41 37 41 0.0 0.0 0.0 0.0 9.0 0.0 0.0 0.6968641114982577
41 37 42 0.0 0.0 0.0 0.0 9.0 0.0 0.0 0.6968641114982577
41 37 43 0.0 0.0 0.0 0.0 2.0 0.0 0.0 0.6993006993006992
41 38 38 0.0 0.0 0.0 0.0 29.0 1.0 0.0 0.6906758756783422
41 38 39 0.0 0.0 34.0 0.0 1119.0 5.0 5.0 0.4447268106734434
41 38 40 0.0 0.0 147.0 0.0 3635.0 14.0 124.0 0.2425922717033443
41 38 41 0.0 0.0 130.0 0.0 2973.0 13.0 62.0 0.27488709994109556
41 38 42 0.0 0.0 201.0 0.0 4393.0 17.0 191.0 0.21283064761325626
41 38 43 0.0 0.0 0.0 0.0 10.0 0.0 0.0 0.6965174129353233
41 39 37 0.0 0.0 0.0 0.0 2.0 0.0 0.0 0.6993006993006992
41 39 38 0.0 0.0 9.0 0.0 175.0 3.0 0.0 0.6419073819348922
41 39 39 0.0 0.0 211.0 3.0 5268.0 19.0 344.0 0.18756698821007503
41 39 40 0.0 0.0 735.0 0.0 11621.0 29.0 5943.0 0.09756777475782283
41 39 41 1.0 0.0 1079.0 0.0 12631.0 33.0 11120.0 0.08915493854677449
41 39 42 0.0 0.0 129.0 0.0 3232.0 6.0 89.0 0.2614867388868135
41 39 43 0.0 0.0 0.0 0.0 15.0 0.0 0.0 0.694789081885856
41 40 38 0.0 0.0 53.0 0.0 1285.0 7.0 12.0 0.42029420594416084
41 40 39 0.0 0.0 561.0 0.0 10195.0 26.0 2698.0 0.1098556183301946
41 40 40 0.0 0.0 99.0 17.0 2578.0 15.0 44.0 0.29927319367250954
41 40 41 0.0 0.0 435.0 0.0 8630.0 28.0 1550.0 0.12674271229404308
41 40 42 0.0 0.0 269.0 0.0 5901.0 21.0 484.0 0.17167381974248924
41 40 43 0.0 0.0 9.0 0.0 184.0 2.0 0.0 0.6389776357827475
41 41 38 0.0 0.0 15.0 0.0 460.0 7.0 1.0 0.5672609400324148
41 41 39 0.0 0.0 311.0 0.0 6910.0 16.0 794.0 0.15204170286707208
41 41 40 0.0 0.0 671.0 0.0 10963.0 33.0 4166.0 0.10279756222923854
41 41 41 0.0 0.0 72.0 3.0 1713.0 12.0 26.0 0.3707627118644067
41 41 42 0.0 0.0 0.0 0.0 43.0 0.0 0.0 0.6852667645619186
41 41 43 0.0 0.0 0.0 0.0 1.0 0.0 0.0 0.6996501749125437
41 42 38 0.0 0.0 0.0 0.0 16.0 0.0 0.0 0.6944444444444444
41 42 39 0.0 0.0 0.0 0.0 67.0 0.0 0.0 0.6773101112723753
41 42 40 0.0 0.0 13.0 0.0 398.0 9.0 2.0 0.5830903790087463
41 42 41 0.0 0.0 2.0 0.0 99.0 2.0 0.0 0.6669842782277274
41 42 42 0.0 0.0 0.0 0.0 21.0 0.0 0.0 0.6927263730826323
41 43 38 0.0 0.0 0.0 0.0 3.0 0.0 0.0 0.6989515726410384
41 43 39 0.0 0.0 0.0 0.0 3.0 0.0 0.0 0.6989515726410384
41 43 40 0.0 0.0 0.0 0.0 1.0 0.0 0.0 0.6996501749125437
42 37 39 0.0 0.0 0.0 0.0 4.0 0.0 0.0 0.6986027944111775
42 37 40 0.0 0.0 15.0 0.0 341.0 5.0 0.0 0.5954912803062525
42 37 41 0.0 0.0 1.0 0.0 27.0 0.0 0.0 0.690335305719921
42 37 42 0.0 0.0 0.0 0.0 5.0 0.0 0.0 0.6982543640897755
42 37 43 0.0 0.0 0.0 0.0 1.0 0.0 0.0 0.6996501749125437
42 38 38 0.0 0.0 0.0 0.0 3.0 0.0 0.0 0.6989515726410384
42 38 39 0.0 0.0 5.0 0.0 177.0 1.0 1.0 0.6422018348623851
42 38 40 0.0 0.0 187.0 0.0 4522.0 21.0 215.0 0.20929884885633127
42 38 41 0.0 0.0 231.0 0.0 4865.0 26.0 234.0 0.1979358122437438
42 38 42 0.0 0.0 0.0 0.0 81.0 1.0 0.0 0.6730769230769229
42 38 43 0.0 0.0 0.0 0.0 7.0 0.0 0.0 0.6975585450921773
42 39 38 0.0 0.0 0.0 0.0 12.0 0.0 0.0 0.6958250497017892
42 39 39 0.0 0.0 16.0 0.0 394.0 4.0 1.0 0.5818786367414795
42 39 40 0.0 0.0 189.0 0.0 3910.0 19.0 141.0 0.23026315789473678
42 39 41 0.0 0.0 88.0 0.0 2164.0 9.0 34.0 0.32987747408105556
42 39 42 0.0 0.0 225.0 0.0 4584.0 19.0 251.0 0.20609450905343735
42 39 43 0.0 0.0 0.0 0.0 10.0 0.0 0.0 0.6965174129353233
42 40 38 0.0 0.0 49.0 0.0 1255.0 11.0 5.0 0.4252733900364519
42 40 39 0.0 0.0 9.0 0.0 215.0 2.0 0.0 0.6303466906798738
42 40 40 0.0 0.0 142.0 1.0 3050.0 22.0 54.0 0.27063599458728005
42 40 41 0.0 0.0 108.0 0.0 2432.0 15.0 55.0 0.30946065428824043
42 40 42 0.0 0.0 89.0 0.0 2053.0 13.0 20.0 0.33906514894647605
42 40 43 0.0 0.0 0.0 0.0 10.0 0.0 0.0 0.6965174129353233
42 41 37 0.0 0.0 0.0 0.0 1.0 0.0 0.0 0.6996501749125437
42 41 38 0.0 0.0 1.0 0.0 42.0 0.0 0.0 0.6852667645619186
42 41 39 0.0 0.0 0.0 0.0 61.0 0.0 0.0 0.6796116504854368
42 41 40 0.0 0.0 21.0 0.0 441.0 2.0 1.0 0.5691056910569106
42 41 41 0.0 0.0 0.0 0.0 56.0 0.0 0.0 0.6809338521400777
42 41 42 0.0 0.0 10.0 0.0 223.0 0.0 0.0 0.6269592476489028
42 41 43 0.0 0.0 0.0 0.0 3.0 0.0 0.0 0.6989515726410384
42 42 38 0.0 0.0 1.0 0.0 155.0 0.0 0.0 0.6493506493506492
42 42 39 0.0 0.0 1.0 0.0 35.0 1.0 0.0 0.6879606879606879
42 42 40 0.0 0.0 0.0 0.0 42.0 0.0 0.0 0.6856023506366307
42 42 41 0.0 0.0 3.0 0.0 137.0 1.0 0.0 0.6545114539504441
43 37 39 0.0 0.0 0.0 0.0 3.0 0.0 0.0 0.6989515726410384
43 37 42 0.0 0.0 0.0 0.0 1.0 0.0 0.0 0.6996501749125437
43 38 39 0.0 0.0 0.0 0.0 1.0 0.0 0.0 0.6996501749125437
43 38 40 0.0 0.0 0.0 0.0 8.0 0.0 0.0 0.697211155378486
43 38 41 0.0 0.0 0.0 0.0 24.0 0.0 0.0 0.6916996047430829
43 38 42 0.0 0.0 0.0 0.0 3.0 0.0 0.0 0.6989515726410384
43 38 43 0.0 0.0 0.0 0.0 1.0 0.0 0.0 0.6996501749125437
43 39 39 0.0 0.0 0.0 0.0 3.0 0.0 0.0 0.6989515726410384
43 39 40 0.0 0.0 0.0 0.0 13.0 0.0 0.0 0.695479384003974
43 39 41 0.0 0.0 0.0 0.0 2.0 0.0 0.0 0.6993006993006992
43 39 42 0.0 0.0 0.0 0.0 2.0 0.0 0.0 0.6996501749125437
43 39 43 0.0 0.0 0.0 0.0 10.0 0.0 0.0 0.6965174129353233
43 40 37 0.0 0.0 0.0 0.0 1.0 0.0 0.0 0.6996501749125437
43 40 39 0.0 0.0 0.0 0.0 7.0 0.0 0.0 0.6975585450921773
43 40 40 0.0 0.0 0.0 0.0 4.0 0.0 0.0 0.6986027944111775
43 40 41 0.0 0.0 4.0 0.0 75.0 3.0 0.0 0.6743737957610789
43 40 42 0.0 0.0 0.0 0.0 5.0 0.0 0.0 0.6982543640897755
43 40 43 0.0 0.0 0.0 0.0 1.0 0.0 0.0 0.6996501749125437
43 41 40 0.0 0.0 0.0 0.0 1.0 0.0 0.0 0.6996501749125437
43 41 41 0.0 0.0 0.0 0.0 2.0 0.0 0.0 0.6993006993006992
43 41 43 0.0 0.0 0.0 0.0 1.0 0.0 0.0 0.6996501749125437
