39 39 40 0.0 0.0 0.0 0.0 4.0 0.0 0.0 0.6986027944111775
39 41 39 0.0 0.0 0.0 0.0 1.0 0.0 0.0 0.6996501749125437
40 39 40 0.0 0.0 0.0 0.0 1.0 0.0 0.0 0.6996501749125437
40 39 41 0.0 0.0 0.0 0.0 1.0 0.0 0.0 0.6996501749125437
40 40 39 0.0 0.0 0.0 0.0 1.0 0.0 0.0 0.6996501749125437
40 40 40 13.0 1.0 120.0 39.0 2351.0 15.0 44.0 0.3104212860310421
40 41 40 0.0 0.0 0.0 0.0 1.0 0.0 0.0 0.6996501749125437
41 39 41 0.0 0.0 5.0 0.0 42.0 1.0 0.0 0.6842619745845552
41 40 39 0.0 0.0 0.0 0.0 1.0 0.0 0.0 0.6996501749125437
41 41 40 0.0 0.0 0.0 0.0 1.0 0.0 0.0 0.6996501749125437
