38 39 39 0.0 0.0 0.0 0.0 3.0 0.0 0.0 0.6989515726410384
38 40 38 0.0 0.0 0.0 0.0 1.0 0.0 0.0 0.6996501749125437
38 40 39 0.0 0.0 0.0 0.0 2.0 0.0 0.0 0.6993006993006992
38 40 40 0.0 0.0 0.0 0.0 1.0 0.0 0.0 0.6996501749125437
38 41 39 0.0 0.0 0.0 0.0 2.0 1.0 0.0 0.6996501749125437
38 41 40 0.0 0.0 0.0 0.0 7.0 0.0 0.0 0.6975585450921773
39 39 39 0.0 0.0 1.0 0.0 45.0 1.0 0.0 0.684931506849315
39 39 40 0.0 0.0 64.0 0.0 1312.0 5.0 6.0 0.4151838671411624
39 39 41 0.0 0.0 10.0 0.0 287.0 2.0 0.0 0.6100217864923746
39 40 38 0.0 0.0 0.0 0.0 2.0 0.0 0.0 0.6993006993006992
39 40 39 2.0 0.0 152.0 0.0 3257.0 19.0 95.0 0.2595476455320726
39 40 40 0.0 0.0 27.0 5.0 768.0 9.0 1.0 0.5017921146953404
39 40 41 0.0 0.0 0.0 0.0 44.0 0.0 0.0 0.6852667645619186
39 41 38 0.0 0.0 0.0 0.0 2.0 0.0 0.0 0.6993006993006992
39 41 39 0.0 0.0 1.0 0.0 22.0 1.0 0.0 0.6923837784371908
39 41 40 0.0 0.0 27.0 0.0 788.0 6.0 2.0 0.49839800640797427
39 41 41 0.0 0.0 1.0 0.0 16.0 0.0 0.0 0.694100148735746
40 38 39 0.0 0.0 0.0 0.0 3.0 0.0 0.0 0.6989515726410384
40 38 40 0.0 0.0 0.0 0.0 5.0 0.0 0.0 0.6982543640897755
40 38 41 0.0 0.0 0.0 0.0 13.0 0.0 0.0 0.6958250497017892
40 38 42 0.0 0.0 0.0 0.0 1.0 0.0 0.0 0.6996501749125437
40 39 39 0.0 0.0 23.0 0.0 766.0 6.0 5.0 0.5030542579949694
40 39 40 0.0 0.0 20.0 0.0 700.0 6.0 1.0 0.5158437730287397
40 39 41 0.0 0.0 68.0 0.0 1279.0 12.0 11.0 0.41979010494752617
40 39 42 0.0 0.0 0.0 0.0 6.0 0.0 0.0 0.6979062811565303
40 40 39 0.0 0.0 1.0 0.0 50.0 0.0 0.0 0.68259385665529
40 40 40 13.0 3.0 682.0 86.0 11006.0 25.0 3985.0 0.10157440325038089
40 40 41 0.0 0.0 0.0 0.0 72.0 1.0 0.0 0.6760019314340897
40 40 42 0.0 0.0 0.0 0.0 6.0 0.0 0.0 0.6979062811565303
40 41 39 0.0 0.0 0.0 0.0 29.0 0.0 0.0 0.690335305719921
40 41 40 0.0 0.0 3.0 3.0 88.0 0.0 0.0 0.6685768863419292
40 41 41 0.0 0.0 5.0 0.0 119.0 1.0 0.0 0.6594441827602449
40 42 41 0.0 0.0 0.0 0.0 1.0 0.0 0.0 0.6996501749125437
41 38 41 0.0 0.0 0.0 0.0 5.0 0.0 0.0 0.6982543640897755
41 38 42 0.0 0.0 0.0 0.0 7.0 0.0 0.0 0.6982543640897755
41 39 39 0.0 0.0 0.0 0.0 15.0 0.0 0.0 0.694789081885856
41 39 40 0.0 0.0 108.0 0.0 2491.0 9.0 36.0 0.3050108932461873
41 39 41 0.0 0.0 259.0 0.0 5604.0 24.0 462.0 0.1784121320249777
41 39 42 0.0 0.0 0.0 0.0 5.0 0.0 0.0 0.6982543640897755
41 40 38 0.0 0.0 0.0 0.0 1.0 0.0 0.0 0.6996501749125437
41 40 39 0.0 0.0 23.0 0.0 412.0 8.0 1.0 0.5768438401318499
41 40 40 0.0 0.0 0.0 4.0 45.0 0.0 0.0 0.6832601268911663
41 40 41 0.0 0.0 8.0 0.0 208.0 4.0 0.0 0.6329113924050632
41 40 42 0.0 0.0 0.0 0.0 2.0 0.0 0.0 0.6993006993006992
41 41 39 0.0 0.0 3.0 0.0 151.0 0.0 0.0 0.6502554575011611
41 41 40 0.0 0.0 52.0 0.0 937.0 14.0 4.0 0.47058823529411764
41 41 41 0.0 0.0 0.0 0.0 35.0 0.0 0.0 0.6879606879606879
42 38 39 0.0 0.0 0.0 0.0 1.0 0.0 0.0 0.6996501749125437
42 38 40 0.0 0.0 0.0 0.0 7.0 0.0 0.0 0.6975585450921773
42 38 41 0.0 0.0 0.0 0.0 11.0 0.0 0.0 0.6961710591745399
42 38 42 0.0 0.0 0.0 0.0 1.0 0.0 0.0 0.6996501749125437
42 39 41 0.0 0.0 0.0 0.0 6.0 0.0 0.0 0.6979062811565303
42 40 40 0.0 0.0 0.0 0.0 3.0 0.0 0.0 0.6989515726410384
42 40 41 0.0 0.0 0.0 0.0 3.0 0.0 0.0 0.6989515726410384
42 40 42 0.0 0.0 0.0 0.0 2.0 0.0 0.0 0.6996501749125437
