35 39 38 0.0 0.0 0.0 0.0 1.0 0.0 0.0 0.6996501749125437
35 40 38 0.0 0.0 0.0 0.0 2.0 0.0 0.0 0.6993006993006992
35 40 39 0.0 0.0 0.0 0.0 2.0 0.0 0.0 0.6996501749125437
35 40 40 0.0 0.0 0.0 0.0 1.0 0.0 0.0 0.6996501749125437
36 36 39 0.0 0.0 0.0 0.0 4.0 0.0 0.0 0.6986027944111775
36 36 40 0.0 0.0 0.0 0.0 1.0 0.0 0.0 0.6996501749125437
36 37 40 0.0 0.0 0.0 0.0 1.0 0.0 0.0 0.6996501749125437
36 38 38 0.0 0.0 0.0 0.0 2.0 0.0 0.0 0.6993006993006992
36 38 39 0.0 0.0 0.0 0.0 2.0 0.0 0.0 0.6993006993006992
36 38 40 0.0 0.0 11.0 0.0 229.0 1.0 0.0 0.6252791424743188
36 38 41 0.0 0.0 0.0 0.0 1.0 0.0 0.0 0.6996501749125437
36 39 38 0.0 0.0 0.0 0.0 13.0 0.0 0.0 0.695479384003974
36 39 39 0.0 0.0 15.0 0.0 634.0 2.0 2.0 0.5287009063444108
36 39 40 0.0 0.0 2.0 0.0 10.0 0.0 0.0 0.6958250497017892
36 39 41 0.0 0.0 0.0 0.0 1.0 0.0 0.0 0.6996501749125437
36 40 37 0.0 0.0 0.0 0.0 4.0 0.0 0.0 0.6986027944111775
36 40 38 0.0 0.0 47.0 0.0 1242.0 12.0 10.0 0.42722001830942935
36 40 39 0.0 0.0 22.0 0.0 508.0 7.0 2.0 0.5548949663099484
36 40 40 0.0 0.0 0.0 0.0 10.0 0.0 0.0 0.6965174129353233
36 40 41 0.0 0.0 0.0 0.0 2.0 0.0 0.0 0.6993006993006992
36 41 38 0.0 0.0 17.0 0.0 317.0 8.0 1.0 0.6021505376344085
36 41 39 0.0 0.0 0.0 0.0 16.0 0.0 0.0 0.6944444444444444
36 41 40 0.0 0.0 4.0 0.0 172.0 2.0 0.0 0.6439742410303587
36 41 41 0.0 0.0 0.0 0.0 12.0 0.0 0.0 0.6961710591745399
36 41 43 0.0 0.0 0.0 0.0 1.0 0.0 0.0 0.6996501749125437
36 42 38 0.0 0.0 0.0 0.0 2.0 0.0 0.0 0.6993006993006992
36 42 39 0.0 0.0 0.0 0.0 3.0 0.0 0.0 0.6989515726410384
36 42 40 0.0 0.0 0.0 0.0 4.0 0.0 0.0 0.6986027944111775
36 42 41 0.0 0.0 0.0 0.0 9.0 0.0 0.0 0.6968641114982577
36 43 39 0.0 0.0 0.0 0.0 9.0 0.0 0.0 0.6968641114982577
36 43 40 0.0 0.0 0.0 0.0 1.0 0.0 0.0 0.6996501749125437
36 43 41 0.0 0.0 0.0 0.0 2.0 0.0 0.0 0.6993006993006992
36 44 39 0.0 0.0 0.0 0.0 1.0 0.0 0.0 0.6996501749125437
37 36 39 0.0 0.0 0.0 0.0 2.0 0.0 0.0 0.6993006993006992
37 36 40 0.0 0.0 0.0 0.0 3.0 0.0 0.0 0.6989515726410384
37 36 41 0.0 0.0 0.0 0.0 5.0 0.0 0.0 0.6982543640897755
37 37 37 0.0 0.0 0.0 0.0 3.0 0.0 0.0 0.6989515726410384
37 37 38 0.0 0.0 0.0 0.0 11.0 0.0 0.0 0.6961710591745399
37 37 39 0.0 0.0 12.0 0.0 169.0 1.0 0.0 0.6422018348623851
37 37 40 0.0 0.0 128.0 0.0 3059.0 6.0 69.0 0.27016595908915475
37 37 41 0.0 0.0 5.0 0.0 87.0 1.0 0.0 0.669536107125777
37 37 42 0.0 0.0 0.0 0.0 6.0 0.0 0.0 0.6979062811565303
37 38 37 0.0 0.0 0.0 0.0 23.0 0.0 0.0 0.6920415224913494
37 38 38 0.0 0.0 10.0 0.0 300.0 1.0 0.0 0.6063230835859679
37 38 39 0.0 0.0 3.0 0.0 163.0 3.0 0.0 0.6472491909385112
37 38 40 0.0 0.0 0.0 0.0 148.0 0.0 0.0 0.6520726595249184
37 38 41 0.0 0.0 38.0 0.0 1066.0 7.0 12.0 0.45205037132709064
37 38 42 0.0 0.0 0.0 0.0 76.0 0.0 0.0 0.6743737957610789
37 38 43 0.0 0.0 0.0 0.0 2.0 0.0 0.0 0.6993006993006992
37 39 37 0.0 0.0 2.0 0.0 32.0 0.0 0.0 0.6882989183874139
37 39 38 0.0 0.0 31.0 0.0 840.0 5.0 2.0 0.4884856943475226
37 39 39 0.0 0.0 115.0 0.0 2616.0 18.0 55.0 0.2970507107999151
37 39 40 0.0 0.0 51.0 0.0 1199.0 8.0 13.0 0.4316990440949737
37 39 41 0.0 0.0 32.0 0.0 1108.0 10.0 3.0 0.44728434504792325
37 39 42 0.0 0.0 0.0 0.0 61.0 0.0 0.0 0.6792819019893255
37 39 43 0.0 0.0 0.0 0.0 12.0 0.0 0.0 0.6958250497017892
37 40 37 0.0 0.0 0.0 0.0 20.0 0.0 0.0 0.6930693069306929
37 40 38 0.0 0.0 6.0 0.0 339.0 1.0 0.0 0.5972696245733787
37 40 39 0.0 0.0 398.0 0.0 8197.0 26.0 1376.0 0.13238770685579193
37 40 40 0.0 0.0 166.0 0.0 4135.0 18.0 172.0 0.2227525855210819
37 40 41 0.0 0.0 115.0 0.0 2640.0 13.0 44.0 0.29517183217372966
37 40 42 0.0 0.0 0.0 0.0 51.0 0.0 0.0 0.68259385665529
37 40 43 0.0 0.0 0.0 0.0 5.0 0.0 0.0 0.6982543640897755
37 41 37 0.0 0.0 0.0 0.0 16.0 0.0 0.0 0.694789081885856
37 41 38 0.0 0.0 4.0 0.0 253.0 1.0 0.0 0.6205673758865247
37 41 39 0.0 0.0 93.0 0.0 2982.0 9.0 83.0 0.27635215159889454
37 41 40 0.0 0.0 49.0 0.0 1190.0 8.0 11.0 0.43370508054522916
37 41 41 0.0 0.0 39.0 0.0 1471.0 7.0 9.0 0.39965743648301444
37 41 42 0.0 0.0 0.0 0.0 70.0 0.0 0.0 0.6763285024154588
37 41 43 0.0 0.0 0.0 0.0 12.0 0.0 0.0 0.6958250497017892
37 42 38 0.0 0.0 0.0 0.0 80.0 1.0 0.0 0.6734006734006733
37 42 39 0.0 0.0 81.0 0.0 2412.0 11.0 53.0 0.3123605533244087
37 42 40 0.0 0.0 273.0 0.0 5476.0 15.0 300.0 0.1809486881220111
37 42 41 0.0 0.0 52.0 0.0 1337.0 13.0 7.0 0.41481481481481475
37 42 42 0.0 0.0 67.0 0.0 1338.0 11.0 5.0 0.4123711340206185
37 42 43 0.0 0.0 0.0 0.0 2.0 0.0 0.0 0.6993006993006992
37 43 37 0.0 0.0 0.0 0.0 2.0 0.0 0.0 0.6996501749125437
37 43 38 0.0 0.0 17.0 0.0 349.0 5.0 1.0 0.5929690808979245
37 43 39 0.0 0.0 70.0 0.0 1361.0 12.0 9.0 0.40935672514619875
37 43 40 0.0 0.0 29.0 0.0 720.0 6.0 4.0 0.5103900838497994
37 43 41 0.0 0.0 7.0 0.0 121.0 2.0 0.0 0.6585136406396989
37 43 42 0.0 0.0 0.0 0.0 20.0 0.0 0.0 0.6930693069306929
37 44 39 0.0 0.0 0.0 0.0 2.0 0.0 0.0 0.6993006993006992
37 44 41 0.0 0.0 0.0 0.0 3.0 0.0 0.0 0.6989515726410384
38 36 39 0.0 0.0 0.0 0.0 1.0 0.0 0.0 0.6996501749125437
38 36 40 0.0 0.0 0.0 0.0 9.0 0.0 0.0 0.6968641114982577
38 36 41 0.0 0.0 0.0 0.0 33.0 0.0 0.0 0.6886374815543531
38 36 42 0.0 0.0 0.0 0.0 9.0 0.0 0.0 0.6968641114982577
38 36 43 0.0 0.0 0.0 0.0 1.0 0.0 0.0 0.6996501749125437
38 37 36 0.0 0.0 0.0 0.0 7.0 1.0 0.0 0.6979062811565303
38 37 37 0.0 0.0 0.0 0.0 13.0 0.0 0.0 0.695479384003974
38 37 38 0.0 0.0 8.0 0.0 110.0 2.0 0.0 0.661625708884688
38 37 39 0.0 0.0 0.0 0.0 233.0 0.0 1.0 0.6269592476489028
38 37 40 0.0 0.0 127.0 0.0 2635.0 18.0 38.0 0.29510961214165254
38 37 41 0.0 0.0 19.0 0.0 388.0 3.0 0.0 0.5823627287853577
38 37 42 0.0 0.0 100.0 0.0 2275.0 9.0 24.0 0.32073310423825885
38 37 43 0.0 0.0 21.0 0.0 315.0 4.0 0.0 0.6003430531732418
38 38 36 0.0 0.0 0.0 0.0 2.0 0.0 0.0 0.6993006993006992
38 38 37 0.0 0.0 0.0 0.0 55.0 0.0 0.0 0.6812652068126519
38 38 38 0.0 0.0 215.0 0.0 5092.0 12.0 318.0 0.19183337900794736
38 38 39 0.0 0.0 269.0 0.0 6145.0 27.0 519.0 0.166865315852205
38 38 40 0.0 0.0 526.0 0.0 9629.0 38.0 2299.0 0.11540680900173109
38 38 41 0.0 0.0 426.0 0.0 8343.0 17.0 1334.0 0.13009943313818417
38 38 42 0.0 0.0 127.0 0.0 2877.0 10.0 74.0 0.2802241793434747
38 38 43 0.0 0.0 0.0 0.0 27.0 0.0 0.0 0.6906758756783422
38 38 44 0.0 0.0 0.0 0.0 1.0 0.0 0.0 0.6996501749125437
38 39 36 0.0 0.0 0.0 0.0 9.0 0.0 0.0 0.6968641114982577
38 39 37 0.0 0.0 10.0 0.0 215.0 6.0 0.0 0.6309148264984226
38 39 38 0.0 0.0 434.0 0.0 8455.0 25.0 1535.0 0.12879484820607176
38 39 39 0.0 0.0 692.0 0.0 11323.0 30.0 5367.0 0.0999357555856949
38 39 40 0.0 0.0 703.0 0.0 11229.0 28.0 4210.0 0.10055304172951231
38 39 41 0.0 0.0 561.0 0.0 10307.0 15.0 3603.0 0.10884776862074326
38 39 42 0.0 0.0 160.0 0.0 4380.0 22.0 201.0 0.21469099831314212
38 39 43 0.0 0.0 93.0 0.0 1806.0 13.0 16.0 0.3602676273803396
38 39 44 0.0 0.0 0.0 0.0 3.0 0.0 0.0 0.6989515726410384
38 40 37 0.0 0.0 11.0 0.0 199.0 5.0 0.0 0.6349206349206349
38 40 38 0.0 0.0 439.0 0.0 8637.0 23.0 1403.0 0.1265593925149159
38 40 39 0.0 0.0 1009.0 0.0 12528.0 30.0 9581.0 0.09006690684508491
38 40 40 0.0 0.0 809.0 0.0 11807.0 29.0 6806.0 0.095831336847149
38 40 41 0.0 0.0 363.0 0.0 8309.0 17.0 1414.0 0.13129513270186624
38 40 42 0.0 0.0 364.0 0.0 7518.0 20.0 985.0 0.1418870984088375
38 40 43 0.0 0.0 9.0 0.0 193.0 0.0 0.0 0.6357856494096276
38 40 44 0.0 0.0 0.0 0.0 1.0 0.0 0.0 0.6996501749125437
38 41 37 0.0 0.0 6.0 0.0 171.0 2.0 0.0 0.6436781609195401
38 41 38 0.0 0.0 236.0 0.0 5441.0 21.0 372.0 0.18288700195950355
38 41 39 0.0 0.0 714.0 0.0 11372.0 24.0 6050.0 0.09940357852882702
38 41 40 0.0 0.0 883.0 0.0 12314.0 26.0 6550.0 0.09211738386629818
38 41 41 0.0 0.0 490.0 0.0 8945.0 30.0 1736.0 0.12264564169951817
38 41 42 0.0 0.0 114.0 0.0 2155.0 17.0 31.0 0.3294117647058823
38 41 43 0.0 0.0 0.0 0.0 19.0 0.0 0.0 0.6934125804853887
38 41 44 0.0 0.0 0.0 0.0 1.0 0.0 0.0 0.6996501749125437
38 42 37 0.0 0.0 1.0 0.0 28.0 0.0 0.0 0.6899950714637751
38 42 38 0.0 0.0 207.0 0.0 4648.0 21.0 238.0 0.20473822755191576
38 42 39 0.0 0.0 523.0 0.0 10022.0 28.0 3075.0 0.11176752355101388
38 42 40 0.0 0.0 462.0 0.0 9183.0 23.0 1981.0 0.12038868346375439
38 42 41 0.0 0.0 665.0 0.0 10762.0 18.0 3403.0 0.10428305400372438
38 42 42 0.0 0.0 77.0 0.0 1456.0 15.0 11.0 0.39795338260375207
38 42 43 0.0 0.0 0.0 0.0 4.0 0.0 0.0 0.6986027944111775
38 43 37 0.0 0.0 2.0 0.0 16.0 1.0 0.0 0.694100148735746
38 43 38 0.0 0.0 30.0 0.0 653.0 5.0 3.0 0.5227781926811051
38 43 39 0.0 0.0 22.0 0.0 471.0 3.0 0.0 0.5622489959839357
38 43 40 0.0 0.0 142.0 0.0 3440.0 23.0 94.0 0.2518438568087785
38 43 41 0.0 0.0 72.0 0.0 1640.0 13.0 14.0 0.3784806704514733
38 43 42 0.0 0.0 6.0 0.0 146.0 1.0 0.0 0.6508600650860064
38 43 43 0.0 0.0 0.0 0.0 2.0 0.0 0.0 0.6993006993006992
38 44 38 0.0 0.0 0.0 0.0 2.0 0.0 0.0 0.6993006993006992
38 44 39 0.0 0.0 0.0 0.0 15.0 0.0 0.0 0.694789081885856
38 44 40 0.0 0.0 2.0 0.0 32.0 1.0 0.0 0.6886374815543531
38 44 41 0.0 0.0 3.0 0.0 33.0 0.0 0.0 0.6879606879606879
39 36 37 0.0 0.0 0.0 0.0 10.0 0.0 0.0 0.6965174129353233
39 36 38 0.0 0.0 0.0 0.0 1.0 0.0 0.0 0.6996501749125437
39 36 39 0.0 0.0 0.0 0.0 7.0 0.0 0.0 0.6975585450921773
39 36 40 0.0 0.0 1.0 0.0 34.0 0.0 0.0 0.6882989183874139
39 36 41 0.0 0.0 9.0 0.0 192.0 4.0 0.0 0.6372325898953117
39 36 42 0.0 0.0 0.0 0.0 26.0 1.0 0.0 0.6916996047430829
39 36 43 0.0 0.0 0.0 0.0 3.0 0.0 0.0 0.6989515726410384
39 37 36 0.0 0.0 0.0 0.0 3.0 0.0 0.0 0.6989515726410384
39 37 37 0.0 0.0 67.0 0.0 1375.0 14.0 15.0 0.4084014002333722
39 37 38 0.0 0.0 45.0 0.0 1122.0 13.0 5.0 0.4438807863031071
39 37 39 0.0 0.0 11.0 0.0 472.0 5.0 3.0 0.5649717514124293
39 37 40 0.0 0.0 221.0 0.0 4718.0 21.0 247.0 0.20237062734894476
39 37 41 0.0 0.0 465.0 0.0 8589.0 23.0 1394.0 0.1268345714803406
39 37 42 0.0 0.0 254.0 0.0 5186.0 18.0 323.0 0.18855218855218855
39 37 43 0.0 0.0 2.0 0.0 204.0 0.0 0.0 0.6343452650657
39 38 36 0.0 0.0 1.0 0.0 28.0 0.0 0.0 0.6899950714637751
39 38 37 0.0 0.0 258.0 0.0 6181.0 16.0 610.0 0.16609324949578833
39 38 38 0.0 0.0 265.0 0.0 5524.0 19.0 347.0 0.1801569939518723
39 38 39 0.0 0.0 454.0 0.0 9202.0 20.0 1881.0 0.12023359670216419
39 38 40 0.0 0.0 965.0 0.0 12595.0 27.0 9127.0 0.08999742864489585
39 38 41 0.0 0.0 775.0 0.0 11799.0 35.0 6140.0 0.096160450580397
39 38 42 0.0 0.0 226.0 0.0 5914.0 16.0 503.0 0.17224409448818898
39 38 43 0.0 0.0 1.0 0.0 128.0 0.0 0.0 0.6582040432534085
39 38 44 0.0 0.0 44.0 0.0 733.0 6.0 6.0 0.5052327679538072
39 39 36 0.0 0.0 7.0 0.0 206.0 1.0 0.0 0.6329113924050632
39 39 37 0.0 0.0 229.0 0.0 4331.0 20.0 162.0 0.2139691273116307
39 39 38 0.0 0.0 537.0 0.0 9640.0 20.0 2242.0 0.11507479861910241
39 39 39 0.0 0.0 1085.0 3.0 12553.0 43.0 13065.0 0.08949117872666836
39 39 40 0.0 0.0 1818.0 1.0 12168.0 63.0 28626.0 0.08768633345859951
39 39 41 0.0 0.0 1415.0 0.0 12615.0 55.0 19051.0 0.08741258741258741
39 39 42 0.0 0.0 318.0 0.0 7027.0 28.0 725.0 0.15016625549715754
39 39 43 0.0 0.0 28.0 0.0 747.0 8.0 4.0 0.5059631369714491
39 40 36 0.0 0.0 0.0 0.0 23.0 1.0 0.0 0.6923837784371908
39 40 37 0.0 0.0 67.0 0.0 1834.0 11.0 30.0 0.3601749421147414
39 40 38 0.0 0.0 706.0 0.0 11419.0 37.0 5131.0 0.09922744347579558
39 40 39 2.0 0.0 1938.0 1.0 11771.0 42.0 33103.0 0.08907552331869949
39 40 40 1.0 0.0 1446.0 2.0 12534.0 44.0 20317.0 0.0875821082264623
39 40 41 1.0 0.0 887.0 0.0 12251.0 20.0 9081.0 0.0924397490921096
39 40 42 0.0 0.0 478.0 0.0 9132.0 29.0 1907.0 0.12077294685990336
39 40 43 0.0 0.0 2.0 0.0 133.0 0.0 0.0 0.6557377049180326
39 40 44 0.0 0.0 0.0 0.0 11.0 0.0 0.0 0.6961710591745399
39 41 36 0.0 0.0 0.0 0.0 7.0 0.0 0.0 0.6975585450921773
39 41 37 0.0 0.0 70.0 0.0 1814.0 10.0 22.0 0.36138358286009287
39 41 38 0.0 0.0 508.0 0.0 9351.0 27.0 1965.0 0.11820330969267137
39 41 39 0.0 0.0 1274.0 1.0 13066.0 41.0 14055.0 0.08575278696557637
39 41 40 0.0 0.0 1478.0 0.0 12567.0 38.0 20585.0 0.08720024914356897
39 41 41 0.0 0.0 1230.0 0.0 12858.0 45.0 14988.0 0.08707550690384375
39 41 42 0.0 0.0 288.0 0.0 6561.0 16.0 607.0 0.15844273426889996
39 41 43 0.0 0.0 185.0 0.0 3895.0 24.0 130.0 0.231099372730274
39 41 44 0.0 0.0 0.0 0.0 6.0 0.0 0.0 0.6979062811565303
39 42 36 0.0 0.0 0.0 0.0 10.0 0.0 0.0 0.6965174129353233
39 42 37 0.0 0.0 28.0 0.0 738.0 10.0 1.0 0.5079825834542815
39 42 38 0.0 0.0 352.0 0.0 6805.0 23.0 681.0 0.1531896268738374
39 42 39 0.0 0.0 352.0 0.0 7696.0 24.0 1132.0 0.1395673412421493
39 42 40 0.0 0.0 659.0 0.0 10837.0 27.0 4306.0 0.10381135992881506
39 42 41 0.0 0.0 353.0 0.0 8086.0 16.0 1433.0 0.13425393172228614
39 42 42 0.0 0.0 84.0 0.0 2723.0 11.0 101.0 0.29190992493744783
39 42 43 0.0 0.0 0.0 0.0 22.0 0.0 0.0 0.6923837784371908
39 42 44 0.0 0.0 0.0 0.0 6.0 0.0 0.0 0.6979062811565303
39 43 37 0.0 0.0 0.0 0.0 6.0 0.0 0.0 0.6979062811565303
39 43 38 0.0 0.0 7.0 0.0 270.0 4.0 1.0 0.6159260888693356
39 43 39 0.0 0.0 140.0 0.0 3135.0 16.0 79.0 0.26621030614185204
39 43 40 0.0 0.0 416.0 0.0 8057.0 25.0 1142.0 0.1339072214251554
39 43 41 0.0 0.0 33.0 0.0 906.0 8.0 5.0 0.47781569965870296
39 43 42 0.0 0.0 126.0 0.0 3045.0 18.0 65.0 0.27158098933074676
39 43 43 0.0 0.0 0.0 0.0 2.0 0.0 0.0 0.6993006993006992
39 44 38 0.0 0.0 0.0 0.0 4.0 0.0 0.0 0.6986027944111775
39 44 39 0.0 0.0 6.0 0.0 169.0 2.0 0.0 0.6442705936493326
39 44 40 0.0 0.0 7.0 0.0 105.0 3.0 0.0 0.6638217164532954
39 44 41 0.0 0.0 90.0 0.0 2222.0 11.0 27.0 0.32550569634968607
39 44 42 0.0 0.0 12.0 0.0 221.0 3.0 0.0 0.6278026905829596
39 44 43 0.0 0.0 0.0 0.0 2.0 0.0 0.0 0.6993006993006992
40 35 39 0.0 0.0 0.0 0.0 1.0 0.0 0.0 0.6996501749125437
40 35 40 0.0 0.0 0.0 0.0 1.0 0.0 0.0 0.6996501749125437
40 36 37 0.0 0.0 0.0 0.0 1.0 0.0 0.0 0.6996501749125437
40 36 38 0.0 0.0 1.0 0.0 44.0 1.0 0.0 0.684931506849315
40 36 39 0.0 0.0 3.0 0.0 63.0 0.0 0.0 0.6776379477250725
40 36 40 0.0 0.0 1.0 0.0 46.0 2.0 0.0 0.6845965770171147
40 36 41 0.0 0.0 13.0 0.0 549.0 2.0 3.0 0.5468749999999999
40 36 42 0.0 0.0 0.0 0.0 21.0 0.0 0.0 0.6927263730826323
40 36 43 0.0 0.0 0.0 0.0 2.0 0.0 0.0 0.6993006993006992
40 37 36 0.0 0.0 0.0 0.0 4.0 0.0 0.0 0.6986027944111775
40 37 37 0.0 0.0 2.0 0.0 75.0 0.0 0.0 0.6740491092922483
40 37 38 0.0 0.0 255.0 0.0 5269.0 27.0 323.0 0.18661690215942414
40 37 39 0.0 0.0 94.0 0.0 1851.0 14.0 15.0 0.3561434749427626
40 37 40 0.0 0.0 115.0 0.0 2878.0 14.0 54.0 0.28118096003213494
40 37 41 0.0 0.0 379.0 0.0 7803.0 18.0 1167.0 0.13760566149007272
40 37 42 0.0 0.0 118.0 0.0 2304.0 13.0 33.0 0.3174603174603174
40 37 43 0.0 0.0 17.0 0.0 380.0 4.0 2.0 0.5850396991224404
40 37 44 0.0 0.0 1.0 0.0 25.0 0.0 0.0 0.6910167818361302
40 38 36 0.0 0.0 0.0 0.0 14.0 0.0 0.0 0.6951340615690167
40 38 37 0.0 0.0 8.0 0.0 302.0 1.0 2.0 0.6063230835859679
40 38 38 0.0 0.0 790.0 0.0 11791.0 25.0 7023.0 0.09602853419301735
40 38 39 0.0 0.0 353.0 0.0 7382.0 30.0 917.0 0.14416640922665017
40 38 40 1.0 0.0 724.0 0.0 11480.0 20.0 5033.0 0.0985637848493382
40 38 41 0.0 0.0 765.0 0.0 11853.0 29.0 5958.0 0.09577888759663404
40 38 42 0.0 0.0 866.0 0.0 12068.0 29.0 6182.0 0.09380234505862646
40 38 43 0.0 0.0 156.0 0.0 4224.0 25.0 194.0 0.2202643171806167
40 38 44 0.0 0.0 0.0 0.0 16.0 0.0 0.0 0.6944444444444444
40 39 36 0.0 0.0 4.0 0.0 77.0 0.0 0.0 0.6727534839019701
40 39 37 0.0 0.0 110.0 0.0 2797.0 17.0 59.0 0.2862400327131465
40 39 38 0.0 0.0 493.0 0.0 9621.0 22.0 2399.0 0.11557830430116402
40 39 39 0.0 0.0 1397.0 1.0 12343.0 32.0 19986.0 0.08885503935008884
40 39 40 0.0 0.0 1668.0 1.0 12816.0 45.0 22852.0 0.08486905916585838
40 39 41 0.0 0.0 1759.0 1.0 12315.0 40.0 26536.0 0.08703761268262356
40 39 42 0.0 0.0 782.0 0.0 11808.0 28.0 4824.0 0.09606147934678193
40 39 43 0.0 0.0 217.0 0.0 5121.0 15.0 302.0 0.19112627986348124
40 39 44 0.0 0.0 0.0 0.0 21.0 0.0 0.0 0.6927263730826323
40 40 36 0.0 0.0 33.0 0.0 754.0 6.0 2.0 0.5034160373966199
40 40 37 0.0 0.0 381.0 0.0 8378.0 23.0 1575.0 0.13032954757028484
40 40 38 0.0 0.0 563.0 0.0 10463.0 24.0 3467.0 0.10755992624462199
40 40 39 1.0 0.0 1128.0 0.0 12854.0 35.0 13745.0 0.08763693270735524
40 40 40 8.0 8.0 3038.0 17.0 8852.0 84.0 69039.0 0.10066872797871575
40 40 41 0.0 0.0 1064.0 1.0 12643.0 36.0 12233.0 0.08917197452229299
40 40 42 0.0 0.0 470.0 0.0 9459.0 14.0 2365.0 0.11739057521381853
40 40 43 0.0 0.0 55.0 0.0 1759.0 10.0 17.0 0.3680336487907465
40 40 44 0.0 0.0 0.0 0.0 15.0 0.0 0.0 0.694789081885856
40 41 36 0.0 0.0 4.0 0.0 42.0 0.0 0.0 0.6842619745845552
40 41 37 0.0 0.0 315.0 0.0 6637.0 23.0 713.0 0.15672226575618492
40 41 38 0.0 0.0 812.0 0.0 11822.0 32.0 5841.0 0.09579199452617174
40 41 39 0.0 0.0 1111.0 5.0 13023.0 29.0 11093.0 0.0867894116917736
40 41 40 0.0 4.0 1292.0 18.0 12769.0 42.0 16598.0 0.08709175738724727
40 41 41 0.0 0.0 1364.0 0.0 12596.0 40.0 17712.0 0.08771929824561402
40 41 42 0.0 0.0 349.0 0.0 7065.0 14.0 901.0 0.14893617021276595
40 41 43 0.0 0.0 185.0 0.0 4399.0 18.0 196.0 0.2132196162046908
40 41 44 0.0 0.0 0.0 0.0 14.0 0.0 0.0 0.6951340615690167
40 42 35 0.0 0.0 0.0 0.0 1.0 0.0 0.0 0.6996501749125437
40 42 36 0.0 0.0 55.0 0.0 1057.0 9.0 2.0 0.45117628101836926
40 42 37 0.0 0.0 69.0 0.0 2024.0 10.0 29.0 0.34280117531831533
40 42 38 0.0 0.0 243.0 0.0 5562.0 17.0 389.0 0.17971758664955065
40 42 39 0.0 0.0 873.0 0.0 12141.0 30.0 9108.0 0.09330223258913695
40 42 40 0.0 0.0 402.0 3.0 8115.0 26.0 1334.0 0.13328255902513328
40 42 41 0.0 0.0 767.0 0.0 11731.0 32.0 5252.0 0.09661169001449174
40 42 42 0.0 0.0 106.0 0.0 2643.0 10.0 53.0 0.2954209748892171
40 42 43 0.0 0.0 4.0 0.0 92.0 2.0 0.0 0.6685768863419292
40 42 44 0.0 0.0 7.0 0.0 129.0 0.0 0.0 0.6551240056153486
40 43 37 0.0 0.0 2.0 0.0 89.0 2.0 0.0 0.6701771182383915
40 43 38 0.0 0.0 1.0 0.0 102.0 0.0 0.0 0.6657156443176413
40 43 39 0.0 0.0 162.0 0.0 3386.0 17.0 93.0 0.2530730296456977
40 43 40 0.0 0.0 338.0 0.0 6789.0 24.0 665.0 0.15372790161414293
40 43 41 0.0 0.0 99.0 0.0 1999.0 8.0 24.0 0.34229828850855737
40 43 42 0.0 0.0 12.0 0.0 289.0 2.0 0.0 0.6089604175728577
40 43 43 0.0 0.0 0.0 0.0 8.0 0.0 0.0 0.6975585450921773
40 44 38 0.0 0.0 0.0 0.0 1.0 0.0 0.0 0.6996501749125437
40 44 39 0.0 0.0 8.0 0.0 168.0 2.0 0.0 0.6439742410303587
40 44 40 0.0 0.0 3.0 0.0 69.0 2.0 0.0 0.6763285024154588
40 44 41 0.0 0.0 0.0 0.0 13.0 0.0 0.0 0.695479384003974
40 44 42 0.0 0.0 0.0 0.0 1.0 0.0 0.0 0.6996501749125437
40 44 43 0.0 0.0 0.0 0.0 1.0 0.0 0.0 0.6996501749125437
40 45 41 0.0 0.0 0.0 0.0 2.0 0.0 0.0 0.6993006993006992
41 35 39 0.0 0.0 0.0 0.0 1.0 0.0 0.0 0.6996501749125437
41 35 40 0.0 0.0 0.0 0.0 3.0 0.0 0.0 0.6989515726410384
41 36 37 0.0 0.0 0.0 0.0 3.0 0.0 0.0 0.6989515726410384
41 36 38 0.0 0.0 0.0 0.0 21.0 0.0 0.0 0.6930693069306929
41 36 39 0.0 0.0 130.0 0.0 3492.0 13.0 115.0 0.249554367201426
41 36 40 0.0 0.0 6.0 0.0 94.0 1.0 0.0 0.6669842782277274
41 36 41 0.0 0.0 0.0 0.0 37.0 0.0 0.0 0.6872852233676975
41 36 42 0.0 0.0 0.0 0.0 31.0 0.0 0.0 0.6893156080748399
41 36 43 0.0 0.0 3.0 0.0 66.0 0.0 0.0 0.6766553890768486
41 37 37 0.0 0.0 1.0 0.0 48.0 0.0 0.0 0.6832601268911663
41 37 38 0.0 0.0 10.0 0.0 409.0 5.0 0.0 0.579950289975145
41 37 39 0.0 0.0 259.0 0.0 6205.0 21.0 617.0 0.16577856719952633
41 37 40 0.0 0.0 164.0 0.0 4026.0 21.0 150.0 0.22686760654675092
41 37 41 0.0 0.0 209.0 0.0 4464.0 21.0 215.0 0.2104630186410102
41 37 42 0.0 0.0 284.0 0.0 5294.0 14.0 276.0 0.18496498876998277
41 37 43 0.0 0.0 120.0 0.0 2468.0 21.0 42.0 0.3066141042487954
41 37 44 0.0 0.0 0.0 0.0 9.0 0.0 0.0 0.6968641114982577
41 38 37 0.0 0.0 84.0 0.0 1603.0 19.0 15.0 0.38167938931297707
41 38 38 0.0 0.0 234.0 0.0 5412.0 14.0 366.0 0.18336607727570395
41 38 39 0.0 0.0 588.0 0.0 10403.0 24.0 3403.0 0.10793308148947652
41 38 40 0.0 0.0 867.0 0.0 12144.0 31.0 7613.0 0.09330845107971207
41 38 41 0.0 0.0 798.0 0.0 11941.0 27.0 6988.0 0.09496676163342829
41 38 42 0.0 0.0 837.0 0.0 12093.0 24.0 8740.0 0.09375837128315026
41 38 43 0.0 0.0 187.0 0.0 4676.0 9.0 273.0 0.20408163265306117
41 38 44 0.0 0.0 14.0 0.0 245.0 3.0 1.0 0.6205673758865247
41 39 36 0.0 0.0 10.0 0.0 170.0 3.0 0.0 0.6430868167202571
41 39 37 0.0 0.0 14.0 0.0 479.0 6.0 1.0 0.5629272215520706
41 39 38 0.0 0.0 501.0 0.0 9444.0 27.0 2051.0 0.11743981209630062
41 39 39 0.0 0.0 1002.0 2.0 12582.0 26.0 10505.0 0.08980115458627325
41 39 40 0.0 0.0 1901.0 0.0 11611.0 44.0 31605.0 0.0902061855670103
41 39 41 1.0 0.0 2304.0 0.0 10835.0 62.0 43433.0 0.09251305094825876
41 39 42 0.0 0.0 906.0 0.0 12474.0 43.0 7651.0 0.09109838625715773
41 39 43 0.0 0.0 198.0 0.0 4581.0 14.0 233.0 0.20682523267838673
41 39 44 0.0 0.0 7.0 0.0 173.0 3.0 0.0 0.6430868167202571
41 40 35 0.0 0.0 0.0 0.0 1.0 0.0 0.0 0.6996501749125437
41 40 36 0.0 0.0 97.0 0.0 2369.0 13.0 49.0 0.31439479002919374
41 40 37 0.0 0.0 110.0 0.0 2538.0 15.0 44.0 0.3021800129505719
41 40 38 0.0 0.0 661.0 0.0 11196.0 14.0 4533.0 0.10098824208324315
41 40 39 0.0 0.0 1540.0 0.0 12397.0 41.0 23264.0 0.08780181875195985
41 40 40 0.0 0.0 899.0 10.0 12575.0 30.0 7001.0 0.09046849757673665
41 40 41 0.0 0.0 1436.0 1.0 12782.0 40.0 18668.0 0.08624407072013798
41 40 42 0.0 0.0 1067.0 0.0 12599.0 38.0 11795.0 0.08945686900958466
41 40 43 0.0 0.0 393.0 0.0 8236.0 20.0 1474.0 0.13188883655204897
41 40 44 0.0 0.0 43.0 0.0 788.0 4.0 0.0 0.49522461973823834
41 41 36 0.0 0.0 1.0 0.0 32.0 0.0 0.0 0.6886374815543531
41 41 37 0.0 0.0 315.0 0.0 6374.0 20.0 538.0 0.16134608735738154
41 41 38 0.0 0.0 486.0 0.0 9450.0 38.0 2247.0 0.11759764804703904
41 41 39 0.0 0.0 1215.0 1.0 12697.0 40.0 14139.0 0.08808355354221718
41 41 40 0.0 0.0 1650.0 0.0 11927.0 44.0 27413.0 0.0898703299524971
41 41 41 0.0 1.0 842.0 9.0 11851.0 30.0 5247.0 0.09527698380291275
41 41 42 0.0 0.0 316.0 0.0 6523.0 15.0 567.0 0.15851449275362317
41 41 43 0.0 0.0 126.0 0.0 2675.0 22.0 49.0 0.29288702928870286
41 41 44 0.0 0.0 0.0 0.0 13.0 0.0 0.0 0.695479384003974
41 42 36 0.0 0.0 17.0 0.0 242.0 3.0 0.0 0.6205673758865247
41 42 37 0.0 0.0 61.0 0.0 1438.0 12.0 10.0 0.4016064257028112
41 42 38 0.0 0.0 116.0 0.0 2825.0 17.0 58.0 0.2843216896831844
41 42 39 0.0 0.0 263.0 0.0 5808.0 21.0 444.0 0.17380509000620728
41 42 40 0.0 0.0 414.0 0.0 8723.0 25.0 1695.0 0.12592192840438926
41 42 41 0.0 0.0 438.0 0.0 8485.0 21.0 1390.0 0.12831087892952067
41 42 42 0.0 0.0 58.0 0.0 1791.0 13.0 25.0 0.3649635036496349
41 42 43 0.0 0.0 2.0 0.0 25.0 1.0 0.0 0.6913580246913579
41 42 44 0.0 0.0 0.0 0.0 1.0 0.0 0.0 0.6996501749125437
41 43 37 0.0 0.0 0.0 0.0 4.0 0.0 0.0 0.6986027944111775
41 43 38 0.0 0.0 3.0 0.0 133.0 2.0 0.0 0.6563525550867322
41 43 39 0.0 0.0 152.0 0.0 2975.0 29.0 55.0 0.27461749705766964
41 43 40 0.0 0.0 16.0 0.0 497.0 6.0 1.0 0.5584363781412045
41 43 41 0.0 0.0 48.0 0.0 1197.0 12.0 8.0 0.43316831683168305
41 43 42 0.0 0.0 113.0 0.0 2098.0 13.0 27.0 0.33349213911386366
41 43 43 0.0 0.0 0.0 0.0 2.0 0.0 0.0 0.6993006993006992
41 44 38 0.0 0.0 3.0 0.0 38.0 0.0 0.0 0.6859382655560998
41 44 39 0.0 0.0 0.0 0.0 1.0 0.0 0.0 0.6996501749125437
41 44 40 0.0 0.0 0.0 0.0 9.0 0.0 0.0 0.6968641114982577
41 44 41 0.0 0.0 1.0 0.0 16.0 0.0 0.0 0.694100148735746
41 44 42 0.0 0.0 0.0 0.0 1.0 0.0 0.0 0.6996501749125437
41 44 43 0.0 0.0 0.0 0.0 1.0 0.0 0.0 0.6996501749125437
42 35 38 0.0 0.0 0.0 0.0 2.0 0.0 0.0 0.6993006993006992
42 36 38 0.0 0.0 0.0 0.0 9.0 0.0 0.0 0.6968641114982577
42 36 39 0.0 0.0 49.0 0.0 794.0 12.0 2.0 0.4945249028611797
42 36 40 0.0 0.0 1.0 0.0 53.0 1.0 0.0 0.6819288845591815
42 36 41 0.0 0.0 8.0 0.0 234.0 4.0 0.0 0.6255585344057193
42 36 42 0.0 0.0 0.0 0.0 14.0 0.0 0.0 0.6951340615690167
42 36 43 0.0 0.0 0.0 0.0 11.0 0.0 0.0 0.6961710591745399
42 36 44 0.0 0.0 0.0 0.0 4.0 0.0 0.0 0.6986027944111775
42 37 37 0.0 0.0 0.0 0.0 6.0 0.0 0.0 0.6979062811565303
42 37 38 0.0 0.0 2.0 0.0 89.0 1.0 0.0 0.6698564593301434
42 37 39 0.0 0.0 193.0 0.0 3748.0 16.0 110.0 0.23624704691191356
42 37 40 0.0 0.0 471.0 0.0 9000.0 26.0 1987.0 0.12228142195824962
42 37 41 0.0 0.0 361.0 0.0 7125.0 22.0 866.0 0.14781966001478195
42 37 42 0.0 0.0 48.0 0.0 1229.0 11.0 11.0 0.42865890998162887
42 37 43 0.0 0.0 156.0 0.0 4439.0 12.0 252.0 0.21260440394836747
42 37 44 0.0 0.0 0.0 0.0 6.0 0.0 0.0 0.6979062811565303
42 38 36 0.0 0.0 0.0 0.0 1.0 0.0 0.0 0.6996501749125437
42 38 37 0.0 0.0 0.0 0.0 25.0 0.0 0.0 0.6913580246913579
42 38 38 0.0 0.0 158.0 0.0 3920.0 22.0 164.0 0.23113752682846292
42 38 39 0.0 0.0 335.0 0.0 7647.0 12.0 1180.0 0.14033680834001602
42 38 40 0.0 0.0 880.0 0.0 12195.0 26.0 9180.0 0.09284435307381125
42 38 41 0.0 0.0 1032.0 0.0 12639.0 33.0 10288.0 0.08938262146459809
42 38 42 0.0 0.0 298.0 0.0 6607.0 19.0 691.0 0.1574803149606299
42 38 43 0.0 0.0 22.0 0.0 767.0 4.0 5.0 0.5026929982046677
42 38 44 0.0 0.0 0.0 0.0 8.0 0.0 0.0 0.697211155378486
42 39 37 0.0 0.0 67.0 0.0 1924.0 9.0 22.0 0.3515821195379206
42 39 38 0.0 0.0 178.0 0.0 3772.0 21.0 125.0 0.23596831282656325
42 39 39 0.0 0.0 571.0 0.0 9972.0 24.0 2594.0 0.11172292714069107
42 39 40 0.0 0.0 938.0 0.0 12352.0 45.0 9289.0 0.09168303863785199
42 39 41 0.0 0.0 786.0 0.0 11903.0 24.0 6085.0 0.09530292716133422
42 39 42 0.0 0.0 1000.0 0.0 12696.0 33.0 10119.0 0.08922312153463768
42 39 43 0.0 0.0 61.0 0.0 1420.0 10.0 7.0 0.4033419763756842
42 39 44 0.0 0.0 2.0 0.0 48.0 0.0 0.0 0.6829268292682925
42 40 36 0.0 0.0 0.0 0.0 11.0 0.0 0.0 0.6961710591745399
42 40 37 0.0 0.0 25.0 0.0 471.0 5.0 1.0 0.562700964630225
42 40 38 0.0 0.0 583.0 0.0 10646.0 20.0 3852.0 0.10585210948132465
42 40 39 0.0 0.0 598.0 0.0 10471.0 22.0 2936.0 0.10720575848074124
42 40 40 0.0 0.0 808.0 0.0 12052.0 21.0 7201.0 0.09421899185678713
42 40 41 0.0 0.0 864.0 0.0 12267.0 37.0 6630.0 0.09264160931709897
42 40 42 0.0 0.0 756.0 0.0 11827.0 23.0 5742.0 0.09597586892438471
42 40 43 0.0 0.0 208.0 0.0 4661.0 17.0 207.0 0.20426028596440032
42 40 44 0.0 0.0 19.0 0.0 322.0 4.0 0.0 0.5990586221651689
42 41 36 0.0 0.0 0.0 0.0 3.0 0.0 0.0 0.6989515726410384
42 41 37 0.0 0.0 5.0 0.0 212.0 2.0 0.0 0.6320541760722347
42 41 38 0.0 0.0 308.0 0.0 6863.0 16.0 764.0 0.1528551151872475
42 41 39 0.0 0.0 475.0 0.0 8801.0 24.0 1480.0 0.12432288429091552
42 41 40 0.0 0.0 439.0 0.0 9042.0 20.0 2166.0 0.12207882804325076
42 41 41 0.0 0.0 101.0 1.0 2870.0 13.0 78.0 0.28225806451612895
42 41 42 0.0 0.0 375.0 0.0 8248.0 20.0 1520.0 0.13197586726998492
42 41 43 0.0 0.0 86.0 0.0 1851.0 17.0 13.0 0.3571428571428571
42 41 44 0.0 0.0 0.0 0.0 10.0 0.0 0.0 0.6965174129353233
42 42 36 0.0 0.0 0.0 0.0 8.0 0.0 0.0 0.697211155378486
42 42 37 0.0 0.0 0.0 0.0 49.0 0.0 0.0 0.6832601268911663
42 42 38 0.0 0.0 299.0 0.0 6784.0 21.0 711.0 0.15442311934701078
42 42 39 0.0 0.0 348.0 0.0 7623.0 21.0 1090.0 0.14053402931138326
42 42 40 0.0 0.0 105.0 0.0 2943.0 13.0 101.0 0.2780536246276067
42 42 41 0.0 0.0 424.0 0.0 8493.0 20.0 1486.0 0.12838147638697844
42 42 42 0.0 0.0 12.0 0.0 299.0 5.0 0.0 0.6071118820468342
42 42 43 0.0 0.0 0.0 0.0 28.0 0.0 0.0 0.690335305719921
42 43 36 0.0 0.0 0.0 0.0 1.0 0.0 0.0 0.6996501749125437
42 43 37 0.0 0.0 0.0 0.0 7.0 0.0 0.0 0.6975585450921773
42 43 38 0.0 0.0 3.0 0.0 63.0 0.0 0.0 0.6776379477250725
42 43 39 0.0 0.0 4.0 0.0 69.0 1.0 0.0 0.6756756756756755
42 43 40 0.0 0.0 0.0 0.0 66.0 1.0 0.0 0.6779661016949151
42 43 41 0.0 0.0 21.0 0.0 391.0 6.0 0.0 0.5818786367414795
42 43 42 0.0 0.0 9.0 0.0 240.0 2.0 0.0 0.6230529595015576
42 44 40 0.0 0.0 0.0 0.0 2.0 0.0 0.0 0.6993006993006992
42 44 41 0.0 0.0 0.0 0.0 1.0 0.0 0.0 0.6996501749125437
43 36 38 0.0 0.0 0.0 0.0 1.0 0.0 0.0 0.6996501749125437
43 36 39 0.0 0.0 9.0 0.0 104.0 0.0 0.0 0.6625650733554187
43 36 40 0.0 0.0 0.0 0.0 14.0 0.0 0.0 0.6951340615690167
43 36 41 0.0 0.0 2.0 0.0 52.0 1.0 0.0 0.6819288845591815
43 36 42 0.0 0.0 0.0 0.0 5.0 0.0 0.0 0.6982543640897755
43 36 43 0.0 0.0 0.0 0.0 1.0 0.0 0.0 0.6996501749125437
43 36 44 0.0 0.0 0.0 0.0 1.0 0.0 0.0 0.6996501749125437
43 37 38 0.0 0.0 1.0 0.0 14.0 1.0 0.0 0.6951340615690167
43 37 39 0.0 0.0 1.0 0.0 106.0 0.0 1.0 0.6644518272425248
43 37 40 0.0 0.0 46.0 0.0 1003.0 9.0 6.0 0.46052631578947356
43 37 41 0.0 0.0 64.0 0.0 1541.0 9.0 18.0 0.38932146829810893
43 37 42 0.0 0.0 5.0 0.0 173.0 3.0 0.0 0.6436781609195401
43 37 43 0.0 0.0 42.0 0.0 889.0 11.0 4.0 0.4794520547945204
43 37 44 0.0 0.0 0.0 0.0 2.0 0.0 0.0 0.6993006993006992
43 38 38 0.0 0.0 10.0 0.0 123.0 5.0 0.0 0.6578947368421051
43 38 39 0.0 0.0 15.0 0.0 691.0 3.0 4.0 0.5179430262671106
43 38 40 0.0 0.0 159.0 0.0 3497.0 15.0 122.0 0.24800708591674045
43 38 41 0.0 0.0 196.0 0.0 5025.0 16.0 290.0 0.19439044709802833
43 38 42 0.0 0.0 134.0 0.0 3532.0 14.0 110.0 0.24774376216598828
43 38 43 0.0 0.0 101.0 0.0 2103.0 17.0 30.0 0.33428844317096457
43 38 44 0.0 0.0 0.0 0.0 6.0 1.0 0.0 0.6982543640897755
43 39 37 0.0 0.0 0.0 0.0 28.0 0.0 0.0 0.690335305719921
43 39 38 0.0 0.0 18.0 0.0 509.0 8.0 2.0 0.5562177195073499
43 39 39 0.0 0.0 148.0 0.0 3406.0 18.0 91.0 0.25284450063211117
43 39 40 0.0 0.0 323.0 0.0 7037.0 20.0 821.0 0.14981273408239698
43 39 41 0.0 0.0 134.0 0.0 3139.0 17.0 75.0 0.26636225266362246
43 39 42 0.0 0.0 289.0 0.0 6007.0 27.0 467.0 0.16922519037833914
43 39 43 0.0 0.0 195.0 0.0 4163.0 18.0 160.0 0.2207853650843715
43 39 44 0.0 0.0 0.0 0.0 7.0 0.0 0.0 0.6975585450921773
43 40 36 0.0 0.0 0.0 0.0 3.0 0.0 0.0 0.6989515726410384
43 40 37 0.0 0.0 8.0 0.0 146.0 3.0 0.0 0.6508600650860064
43 40 38 0.0 0.0 136.0 0.0 3251.0 13.0 87.0 0.2604651162790697
43 40 39 0.0 0.0 144.0 0.0 2861.0 13.0 72.0 0.2805611222444889
43 40 40 0.0 0.0 174.0 0.0 4359.0 18.0 199.0 0.21485573971761815
43 40 41 0.0 0.0 357.0 0.0 7505.0 36.0 1046.0 0.14233428222854816
43 40 42 0.0 0.0 115.0 0.0 2638.0 13.0 36.0 0.2952963509808057
43 40 43 0.0 0.0 85.0 0.0 1729.0 17.0 14.0 0.3688092729188619
43 40 44 0.0 0.0 1.0 0.0 28.0 1.0 0.0 0.690335305719921
43 41 36 0.0 0.0 0.0 0.0 4.0 0.0 0.0 0.6986027944111775
43 41 37 0.0 0.0 257.0 0.0 5298.0 21.0 356.0 0.1857749469214437
43 41 38 0.0 0.0 2.0 0.0 142.0 1.0 0.0 0.6532897806812878
43 41 39 0.0 0.0 141.0 0.0 2710.0 12.0 55.0 0.28925619834710736
43 41 40 0.0 0.0 394.0 0.0 7123.0 29.0 632.0 0.14744602422327538
43 41 41 0.0 0.0 11.0 0.0 481.0 1.0 1.0 0.5620232838217583
43 41 42 0.0 0.0 55.0 0.0 1471.0 4.0 12.0 0.39750141964792723
43 41 43 0.0 0.0 13.0 0.0 371.0 4.0 1.0 0.588235294117647
43 41 44 0.0 0.0 0.0 0.0 3.0 0.0 0.0 0.6989515726410384
43 42 36 0.0 0.0 0.0 0.0 1.0 0.0 0.0 0.6996501749125437
43 42 37 0.0 0.0 1.0 0.0 58.0 1.0 0.0 0.6802721088435373
43 42 38 0.0 0.0 5.0 0.0 129.0 0.0 0.0 0.6560449859418931
43 42 39 0.0 0.0 56.0 0.0 1437.0 5.0 9.0 0.4013761467889908
43 42 40 0.0 0.0 15.0 0.0 664.0 4.0 2.0 0.5233644859813084
43 42 41 0.0 0.0 1.0 0.0 52.0 1.0 0.0 0.6822612085769979
43 42 42 0.0 0.0 0.0 0.0 30.0 0.0 0.0 0.689655172413793
43 42 43 0.0 0.0 0.0 0.0 13.0 0.0 0.0 0.695479384003974
43 43 35 0.0 0.0 0.0 0.0 1.0 0.0 0.0 0.6996501749125437
43 43 37 0.0 0.0 0.0 0.0 7.0 0.0 0.0 0.6979062811565303
43 43 38 0.0 0.0 0.0 0.0 13.0 0.0 0.0 0.6958250497017892
43 43 39 0.0 0.0 0.0 0.0 31.0 0.0 0.0 0.6893156080748399
43 43 40 0.0 0.0 0.0 0.0 17.0 0.0 0.0 0.694100148735746
43 43 41 0.0 0.0 0.0 0.0 22.0 0.0 0.0 0.6923837784371908
43 43 42 0.0 0.0 0.0 0.0 12.0 0.0 0.0 0.6958250497017892
44 36 40 0.0 0.0 0.0 0.0 1.0 0.0 0.0 0.6996501749125437
44 37 40 0.0 0.0 0.0 0.0 6.0 0.0 0.0 0.6979062811565303
44 37 41 0.0 0.0 0.0 0.0 6.0 0.0 0.0 0.6979062811565303
44 37 42 0.0 0.0 0.0 0.0 3.0 0.0 0.0 0.6989515726410384
44 37 43 0.0 0.0 0.0 0.0 3.0 0.0 0.0 0.6989515726410384
44 38 38 0.0 0.0 2.0 0.0 20.0 1.0 0.0 0.6927263730826323
44 38 39 0.0 0.0 0.0 0.0 16.0 0.0 0.0 0.6944444444444444
44 38 40 0.0 0.0 0.0 0.0 16.0 0.0 0.0 0.6944444444444444
44 38 41 0.0 0.0 46.0 0.0 879.0 8.0 6.0 0.4799451491258141
44 38 42 0.0 0.0 0.0 0.0 9.0 0.0 0.0 0.6968641114982577
44 38 43 0.0 0.0 0.0 0.0 7.0 0.0 0.0 0.6975585450921773
44 38 44 0.0 0.0 0.0 0.0 1.0 0.0 0.0 0.6996501749125437
44 39 38 0.0 0.0 0.0 0.0 7.0 0.0 0.0 0.6975585450921773
44 39 39 0.0 0.0 0.0 0.0 7.0 0.0 0.0 0.6975585450921773
44 39 40 0.0 0.0 0.0 0.0 45.0 0.0 0.0 0.6845965770171147
44 39 41 0.0 0.0 23.0 0.0 314.0 11.0 1.0 0.6018916595012896
44 39 42 0.0 0.0 0.0 0.0 32.0 0.0 0.0 0.6893156080748399
44 39 43 0.0 0.0 0.0 0.0 3.0 0.0 0.0 0.6989515726410384
44 39 44 0.0 0.0 0.0 0.0 2.0 0.0 0.0 0.6993006993006992
44 40 36 0.0 0.0 12.0 0.0 158.0 5.0 0.0 0.6466512702078521
44 40 37 0.0 0.0 0.0 0.0 4.0 0.0 0.0 0.6986027944111775
44 40 38 0.0 0.0 0.0 0.0 5.0 0.0 0.0 0.6982543640897755
44 40 39 0.0 0.0 1.0 0.0 38.0 1.0 0.0 0.6869479882237487
44 40 40 0.0 0.0 15.0 0.0 240.0 8.0 1.0 0.6230529595015576
44 40 41 0.0 0.0 0.0 0.0 22.0 0.0 0.0 0.6923837784371908
44 40 42 0.0 0.0 4.0 0.0 70.0 0.0 0.0 0.6750241080038573
44 40 43 0.0 0.0 1.0 0.0 24.0 0.0 0.0 0.6913580246913579
44 40 44 0.0 0.0 5.0 0.0 141.0 1.0 0.0 0.6526806526806526
44 41 36 0.0 0.0 0.0 0.0 3.0 0.0 0.0 0.6989515726410384
44 41 37 0.0 0.0 0.0 0.0 11.0 0.0 0.0 0.6961710591745399
44 41 38 0.0 0.0 0.0 0.0 10.0 0.0 0.0 0.6965174129353233
44 41 39 0.0 0.0 0.0 0.0 11.0 0.0 0.0 0.6961710591745399
44 41 40 0.0 0.0 0.0 0.0 20.0 0.0 0.0 0.6930693069306929
44 41 41 0.0 0.0 87.0 0.0 1808.0 10.0 21.0 0.3601749421147414
44 41 42 0.0 0.0 0.0 0.0 13.0 0.0 0.0 0.695479384003974
44 41 43 0.0 0.0 0.0 0.0 1.0 0.0 0.0 0.6996501749125437
44 41 44 0.0 0.0 0.0 0.0 1.0 0.0 0.0 0.6996501749125437
44 42 36 0.0 0.0 47.0 0.0 1076.0 8.0 4.0 0.4492939666238767
44 42 37 0.0 0.0 0.0 0.0 5.0 0.0 0.0 0.6982543640897755
44 42 38 0.0 0.0 0.0 0.0 5.0 0.0 0.0 0.6982543640897755
44 42 39 0.0 0.0 0.0 0.0 3.0 0.0 0.0 0.6989515726410384
44 42 40 0.0 0.0 0.0 0.0 6.0 0.0 0.0 0.6979062811565303
44 42 41 0.0 0.0 0.0 0.0 3.0 0.0 0.0 0.6989515726410384
44 42 44 0.0 0.0 0.0 0.0 1.0 0.0 0.0 0.6996501749125437
45 40 40 0.0 0.0 0.0 0.0 1.0 0.0 0.0 0.6996501749125437
45 41 36 0.0 0.0 0.0 0.0 2.0 0.0 0.0 0.6993006993006992
45 41 37 0.0 0.0 0.0 0.0 1.0 0.0 0.0 0.6996501749125437
45 42 41 0.0 0.0 0.0 0.0 2.0 0.0 0.0 0.6993006993006992
