36 38 40 0.0 0.0 1.0 0.0 4.0 0.0 0.0 0.6982543640897755
36 39 38 0.0 0.0 0.0 0.0 6.0 0.0 0.0 0.6979062811565303
36 39 39 0.0 0.0 4.0 0.0 188.0 0.0 0.0 0.6386861313868613
36 39 40 0.0 0.0 0.0 0.0 3.0 0.0 0.0 0.6989515726410384
36 40 38 0.0 0.0 10.0 0.0 319.0 1.0 0.0 0.6013745704467354
36 40 39 0.0 0.0 2.0 0.0 57.0 3.0 0.0 0.6809338521400777
36 40 40 0.0 0.0 0.0 0.0 1.0 0.0 0.0 0.6996501749125437
36 41 38 0.0 0.0 1.0 0.0 10.0 0.0 0.0 0.6961710591745399
36 41 39 0.0 0.0 0.0 0.0 3.0 0.0 0.0 0.6989515726410384
36 41 40 0.0 0.0 1.0 0.0 40.0 0.0 0.0 0.6859382655560998
37 37 37 0.0 0.0 0.0 0.0 2.0 0.0 0.0 0.6993006993006992
37 37 38 0.0 0.0 0.0 0.0 3.0 0.0 0.0 0.6989515726410384
37 37 39 0.0 0.0 0.0 0.0 14.0 0.0 0.0 0.6951340615690167
37 37 40 0.0 0.0 40.0 0.0 930.0 3.0 6.0 0.47185709470845966
37 37 41 0.0 0.0 0.0 0.0 9.0 0.0 0.0 0.6968641114982577
37 37 42 0.0 0.0 0.0 0.0 1.0 0.0 0.0 0.6996501749125437
37 38 37 0.0 0.0 0.0 0.0 7.0 0.0 0.0 0.6975585450921773
37 38 38 0.0 0.0 1.0 0.0 82.0 0.0 0.0 0.6721075372059528
37 38 39 0.0 0.0 0.0 0.0 57.0 1.0 0.0 0.6809338521400777
37 38 40 0.0 0.0 0.0 0.0 57.0 0.0 0.0 0.6806028196402526
37 38 41 0.0 0.0 7.0 0.0 227.0 1.0 2.0 0.6269592476489028
37 38 42 0.0 0.0 0.0 0.0 38.0 0.0 0.0 0.6869479882237487
37 39 37 0.0 0.0 0.0 0.0 5.0 0.0 0.0 0.6982543640897755
37 39 38 0.0 0.0 5.0 0.0 149.0 3.0 0.0 0.6508600650860064
37 39 39 0.0 0.0 28.0 0.0 672.0 10.0 1.0 0.520639642989959
37 39 40 0.0 0.0 8.0 0.0 225.0 0.0 2.0 0.6272401433691756
37 39 41 0.0 0.0 9.0 0.0 216.0 3.0 0.0 0.63006300630063
37 39 42 0.0 0.0 0.0 0.0 25.0 0.0 0.0 0.6913580246913579
37 39 43 0.0 0.0 0.0 0.0 3.0 0.0 0.0 0.6989515726410384
37 40 37 0.0 0.0 0.0 0.0 8.0 0.0 0.0 0.697211155378486
37 40 38 0.0 0.0 0.0 0.0 115.0 0.0 0.0 0.6619385342789597
37 40 39 0.0 0.0 244.0 0.0 5763.0 23.0 400.0 0.17517517517517514
37 40 40 0.0 0.0 67.0 0.0 1810.0 16.0 20.0 0.36269430051813467
37 40 41 0.0 0.0 26.0 0.0 658.0 5.0 4.0 0.5221932114882506
37 40 42 0.0 0.0 0.0 0.0 18.0 0.0 0.0 0.6937561942517343
37 41 37 0.0 0.0 0.0 0.0 6.0 0.0 0.0 0.6979062811565303
37 41 38 0.0 0.0 0.0 0.0 90.0 0.0 0.0 0.6701771182383915
37 41 39 0.0 0.0 41.0 0.0 1133.0 10.0 6.0 0.4426177679418273
37 41 40 0.0 0.0 5.0 0.0 236.0 2.0 0.0 0.6252791424743188
37 41 41 0.0 0.0 13.0 0.0 333.0 6.0 0.0 0.5982905982905982
37 41 42 0.0 0.0 0.0 0.0 29.0 0.0 0.0 0.6899950714637751
37 41 43 0.0 0.0 0.0 0.0 5.0 0.0 0.0 0.6982543640897755
37 42 38 0.0 0.0 0.0 0.0 33.0 0.0 0.0 0.6886374815543531
37 42 39 0.0 0.0 27.0 0.0 818.0 7.0 8.0 0.4933051444679351
37 42 40 0.0 0.0 129.0 0.0 2497.0 19.0 34.0 0.3038853917950944
37 42 41 0.0 0.0 7.0 0.0 299.0 4.0 0.0 0.6081668114682883
37 42 42 0.0 0.0 4.0 0.0 130.0 3.0 0.0 0.6569685593618019
37 43 38 0.0 0.0 1.0 0.0 25.0 0.0 0.0 0.6910167818361302
37 43 39 0.0 0.0 10.0 0.0 156.0 0.0 0.0 0.6463527239150507
37 43 40 0.0 0.0 5.0 0.0 83.0 2.0 0.0 0.6711409395973154
37 43 41 0.0 0.0 0.0 0.0 22.0 0.0 0.0 0.6923837784371908
37 43 42 0.0 0.0 0.0 0.0 9.0 0.0 0.0 0.6968641114982577
38 36 40 0.0 0.0 0.0 0.0 4.0 0.0 0.0 0.6986027944111775
38 36 41 0.0 0.0 0.0 0.0 12.0 0.0 0.0 0.6958250497017892
38 36 43 0.0 0.0 0.0 0.0 1.0 0.0 0.0 0.6996501749125437
38 37 36 0.0 0.0 0.0 0.0 2.0 0.0 0.0 0.6993006993006992
38 37 37 0.0 0.0 0.0 0.0 6.0 0.0 0.0 0.6979062811565303
38 37 38 0.0 0.0 0.0 0.0 8.0 0.0 0.0 0.697211155378486
38 37 39 0.0 0.0 0.0 0.0 125.0 0.0 0.0 0.6591337099811675
38 37 40 0.0 0.0 27.0 0.0 615.0 3.0 1.0 0.5305039787798408
38 37 41 0.0 0.0 0.0 0.0 48.0 0.0 0.0 0.6835937499999999
38 37 42 0.0 0.0 24.0 0.0 545.0 3.0 0.0 0.5455962587685113
38 37 43 0.0 0.0 2.0 0.0 16.0 0.0 0.0 0.6937561942517343
38 38 37 0.0 0.0 0.0 0.0 18.0 0.0 0.0 0.6937561942517343
38 38 38 0.0 0.0 108.0 0.0 2489.0 12.0 39.0 0.30534351145038163
38 38 39 0.0 0.0 137.0 0.0 3397.0 16.0 93.0 0.2537151141718013
38 38 40 0.0 0.0 347.0 0.0 7345.0 23.0 755.0 0.1447776628748707
38 38 41 0.0 0.0 268.0 0.0 5663.0 21.0 361.0 0.1769240490332364
38 38 42 0.0 0.0 30.0 0.0 1007.0 8.0 9.0 0.4620462046204619
38 38 43 0.0 0.0 0.0 0.0 4.0 0.0 0.0 0.6986027944111775
38 39 36 0.0 0.0 0.0 0.0 3.0 0.0 0.0 0.6989515726410384
38 39 37 0.0 0.0 0.0 0.0 35.0 0.0 0.0 0.6879606879606879
38 39 38 0.0 0.0 254.0 0.0 5936.0 21.0 493.0 0.17129572984216318
38 39 39 0.0 0.0 491.0 0.0 9598.0 35.0 2680.0 0.11598044901002401
38 39 40 0.0 0.0 496.0 0.0 9021.0 23.0 1824.0 0.12167564748826697
38 39 41 0.0 0.0 397.0 0.0 8363.0 31.0 1603.0 0.13036595586181207
38 39 42 0.0 0.0 73.0 0.0 2025.0 11.0 32.0 0.3426333822809593
38 39 43 0.0 0.0 14.0 0.0 201.0 7.0 1.0 0.6340579710144926
38 40 37 0.0 0.0 0.0 0.0 32.0 0.0 0.0 0.6889763779527558
38 40 38 0.0 0.0 275.0 0.0 5724.0 25.0 408.0 0.17539463793535454
38 40 39 0.0 0.0 736.0 0.0 11545.0 31.0 5456.0 0.09813542688910695
38 40 40 0.0 0.0 579.0 0.0 10428.0 21.0 3555.0 0.10768402430582262
38 40 41 0.0 0.0 249.0 0.0 5786.0 15.0 434.0 0.1745418277022815
38 40 42 0.0 0.0 210.0 0.0 4854.0 25.0 253.0 0.19883539269990058
38 40 43 0.0 0.0 1.0 0.0 14.0 0.0 0.0 0.694789081885856
38 41 37 0.0 0.0 0.0 0.0 29.0 0.0 0.0 0.6899950714637751
38 41 38 0.0 0.0 108.0 0.0 2818.0 13.0 49.0 0.2849582739670262
38 41 39 0.0 0.0 529.0 0.0 10047.0 23.0 3123.0 0.11137629276054095
38 41 40 0.0 0.0 656.0 0.0 10721.0 19.0 3229.0 0.10469638049655997
38 41 41 0.0 0.0 296.0 0.0 6220.0 19.0 553.0 0.16468650746970942
38 41 42 0.0 0.0 14.0 0.0 479.0 4.0 1.0 0.562700964630225
38 41 43 0.0 0.0 0.0 0.0 7.0 0.0 0.0 0.6975585450921773
38 42 37 0.0 0.0 0.0 0.0 6.0 0.0 0.0 0.6979062811565303
38 42 38 0.0 0.0 88.0 0.0 2079.0 12.0 39.0 0.3369434416365824
38 42 39 0.0 0.0 371.0 0.0 8093.0 16.0 1324.0 0.13386880856760372
38 42 40 0.0 0.0 297.0 0.0 6735.0 17.0 704.0 0.15519343753464135
38 42 41 0.0 0.0 469.0 0.0 8501.0 27.0 1373.0 0.12784220619121542
38 42 42 0.0 0.0 11.0 0.0 180.0 3.0 0.0 0.6401463191586647
38 42 43 0.0 0.0 0.0 0.0 2.0 0.0 0.0 0.6993006993006992
38 43 37 0.0 0.0 0.0 0.0 2.0 0.0 0.0 0.6993006993006992
38 43 38 0.0 0.0 3.0 0.0 42.0 0.0 0.0 0.6845965770171147
38 43 39 0.0 0.0 0.0 0.0 41.0 0.0 0.0 0.6862745098039215
38 43 40 0.0 0.0 46.0 0.0 1254.0 8.0 11.0 0.4252733900364519
38 43 41 0.0 0.0 13.0 0.0 317.0 6.0 0.0 0.6024096385542168
38 43 42 0.0 0.0 0.0 0.0 16.0 0.0 0.0 0.6944444444444444
38 44 39 0.0 0.0 0.0 0.0 2.0 0.0 0.0 0.6993006993006992
38 44 40 0.0 0.0 0.0 0.0 3.0 0.0 0.0 0.6989515726410384
38 44 41 0.0 0.0 0.0 0.0 1.0 0.0 0.0 0.6996501749125437
39 36 39 0.0 0.0 0.0 0.0 3.0 0.0 0.0 0.6989515726410384
39 36 40 0.0 0.0 0.0 0.0 8.0 0.0 0.0 0.697211155378486
39 36 41 0.0 0.0 1.0 0.0 25.0 1.0 0.0 0.6913580246913579
39 36 42 0.0 0.0 0.0 0.0 7.0 0.0 0.0 0.6975585450921773
39 37 36 0.0 0.0 0.0 0.0 1.0 0.0 0.0 0.6996501749125437
39 37 37 0.0 0.0 11.0 0.0 189.0 1.0 0.0 0.6366530241018644
39 37 38 0.0 0.0 5.0 0.0 130.0 0.0 1.0 0.6557377049180326
39 37 39 0.0 0.0 2.0 0.0 126.0 0.0 0.0 0.6578947368421051
39 37 40 0.0 0.0 93.0 0.0 2106.0 12.0 27.0 0.3343682827800334
39 37 41 0.0 0.0 269.0 0.0 5631.0 18.0 375.0 0.17750729047800176
39 37 42 0.0 0.0 107.0 0.0 2400.0 17.0 39.0 0.3119429590017825
39 37 43 0.0 0.0 1.0 0.0 69.0 0.0 0.0 0.6763285024154588
39 38 36 0.0 0.0 0.0 0.0 5.0 0.0 0.0 0.6982543640897755
39 38 37 0.0 0.0 140.0 0.0 3592.0 15.0 134.0 0.24484085344526052
39 38 38 0.0 0.0 121.0 0.0 2579.0 20.0 40.0 0.2990813928647724
39 38 39 0.0 0.0 286.0 0.0 6623.0 17.0 619.0 0.15735641227380015
39 38 40 0.0 0.0 725.0 0.0 11449.0 33.0 5078.0 0.09887005649717513
39 38 41 0.0 0.0 581.0 0.0 10363.0 24.0 3075.0 0.10825858335910918
39 38 42 0.0 0.0 139.0 0.0 3381.0 14.0 114.0 0.2541757443718228
39 38 43 0.0 0.0 0.0 0.0 32.0 0.0 0.0 0.6893156080748399
39 39 36 0.0 0.0 0.0 0.0 5.0 0.0 0.0 0.6982543640897755
39 39 37 0.0 0.0 78.0 0.0 1424.0 16.0 15.0 0.4016064257028112
39 39 38 0.0 0.0 331.0 0.0 7050.0 16.0 801.0 0.14942896787277188
39 39 39 0.0 0.0 849.0 2.0 12254.0 27.0 7969.0 0.09272751357795733
39 39 40 1.0 0.0 1465.0 1.0 12626.0 30.0 20612.0 0.08694572102844365
39 39 41 0.0 0.0 1098.0 0.0 12686.0 37.0 12723.0 0.08877052818464269
39 39 42 0.0 0.0 181.0 0.0 4154.0 21.0 161.0 0.22165927802406582
39 39 43 0.0 0.0 0.0 0.0 68.0 0.0 0.0 0.6769825918762088
39 40 36 0.0 0.0 0.0 0.0 7.0 0.0 0.0 0.6975585450921773
39 40 37 0.0 0.0 16.0 0.0 456.0 6.0 2.0 0.56772100567721
39 40 38 0.0 0.0 514.0 0.0 9726.0 23.0 2433.0 0.1145475372279496
39 40 39 2.0 0.0 1604.0 1.0 12290.0 52.0 24533.0 0.08815010703941568
39 40 40 1.0 0.0 1115.0 5.0 12528.0 34.0 13771.0 0.0894683026584867
39 40 41 1.0 0.0 674.0 0.0 11392.0 25.0 5059.0 0.09958033999573226
39 40 42 0.0 0.0 302.0 0.0 6641.0 16.0 610.0 0.15675736199753665
39 40 43 0.0 0.0 0.0 0.0 40.0 1.0 0.0 0.6869479882237487
39 40 44 0.0 0.0 0.0 0.0 3.0 0.0 0.0 0.6989515726410384
39 41 36 0.0 0.0 0.0 0.0 2.0 0.0 0.0 0.6993006993006992
39 41 37 0.0 0.0 16.0 0.0 405.0 1.0 0.0 0.5787515502273666
39 41 38 0.0 0.0 319.0 0.0 6753.0 29.0 610.0 0.15483300154833
39 41 39 0.0 0.0 978.0 1.0 12515.0 26.0 8624.0 0.09035755776429584
39 41 40 0.0 0.0 1120.0 0.0 12631.0 42.0 13995.0 0.08895101340618844
39 41 41 0.0 0.0 996.0 0.0 12521.0 33.0 9396.0 0.09025852620720778
39 41 42 0.0 0.0 161.0 0.0 3849.0 22.0 131.0 0.2338009352037408
39 41 43 0.0 0.0 68.0 0.0 1357.0 9.0 8.0 0.40983606557377045
39 41 44 0.0 0.0 0.0 0.0 2.0 0.0 0.0 0.6993006993006992
39 42 36 0.0 0.0 0.0 0.0 2.0 0.0 0.0 0.6993006993006992
39 42 37 0.0 0.0 4.0 0.0 69.0 3.0 0.0 0.6763285024154588
39 42 38 0.0 0.0 188.0 0.0 3829.0 19.0 143.0 0.23341113704568184
39 42 39 0.0 0.0 228.0 0.0 5002.0 16.0 299.0 0.19390581717451522
39 42 40 0.0 0.0 440.0 0.0 8934.0 23.0 2013.0 0.1231527093596059
39 42 41 0.0 0.0 231.0 0.0 5741.0 19.0 471.0 0.1759678230266465
39 42 42 0.0 0.0 27.0 0.0 1328.0 5.0 22.0 0.41791044776119396
39 42 43 0.0 0.0 0.0 0.0 5.0 0.0 0.0 0.6982543640897755
39 42 44 0.0 0.0 0.0 0.0 1.0 0.0 0.0 0.6996501749125437
39 43 38 0.0 0.0 0.0 0.0 55.0 0.0 0.0 0.6812652068126519
39 43 39 0.0 0.0 41.0 0.0 1014.0 10.0 3.0 0.45992115637319314
39 43 40 0.0 0.0 244.0 0.0 5172.0 18.0 296.0 0.18916362653695445
39 43 41 0.0 0.0 3.0 0.0 157.0 2.0 0.0 0.6487488415199257
39 43 42 0.0 0.0 41.0 0.0 846.0 14.0 1.0 0.48729550991994425
39 44 39 0.0 0.0 1.0 0.0 30.0 0.0 0.0 0.6893156080748399
39 44 40 0.0 0.0 0.0 0.0 6.0 0.0 0.0 0.6979062811565303
39 44 41 0.0 0.0 26.0 0.0 495.0 6.0 1.0 0.5566600397614313
39 44 42 0.0 0.0 1.0 0.0 9.0 0.0 0.0 0.6965174129353233
40 35 40 0.0 0.0 0.0 0.0 1.0 0.0 0.0 0.6996501749125437
40 36 38 0.0 0.0 0.0 0.0 5.0 0.0 0.0 0.6982543640897755
40 36 39 0.0 0.0 0.0 0.0 6.0 0.0 0.0 0.6979062811565303
40 36 40 0.0 0.0 0.0 0.0 10.0 0.0 0.0 0.6965174129353233
40 36 41 0.0 0.0 5.0 0.0 120.0 3.0 0.0 0.6597549481621111
40 36 42 0.0 0.0 0.0 0.0 2.0 0.0 0.0 0.6993006993006992
40 37 37 0.0 0.0 0.0 0.0 21.0 0.0 0.0 0.6927263730826323
40 37 38 0.0 0.0 119.0 0.0 2490.0 16.0 33.0 0.3048116699325059
40 37 39 0.0 0.0 12.0 0.0 366.0 4.0 0.0 0.5897219882055602
40 37 40 0.0 0.0 27.0 0.0 1026.0 6.0 11.0 0.4594683295044305
40 37 41 0.0 0.0 221.0 0.0 5054.0 27.0 328.0 0.19297036526533423
40 37 42 0.0 0.0 20.0 0.0 352.0 7.0 0.0 0.5919661733615221
40 37 43 0.0 0.0 0.0 0.0 81.0 1.0 0.0 0.6730769230769229
40 38 36 0.0 0.0 0.0 0.0 3.0 0.0 0.0 0.6989515726410384
40 38 37 0.0 0.0 0.0 0.0 82.0 0.0 0.0 0.6727534839019701
40 38 38 0.0 0.0 587.0 0.0 10548.0 32.0 3751.0 0.10672358591248664
40 38 39 0.0 0.0 206.0 0.0 4455.0 24.0 204.0 0.21087513179695733
40 38 40 0.0 0.0 504.0 0.0 9702.0 23.0 2413.0 0.11483881551964562
40 38 41 0.0 0.0 563.0 0.0 10305.0 28.0 2977.0 0.10890704006223258
40 38 42 0.0 0.0 626.0 0.0 10414.0 30.0 2989.0 0.107469102632993
40 38 43 0.0 0.0 71.0 0.0 1830.0 15.0 18.0 0.3602676273803396
40 38 44 0.0 0.0 0.0 0.0 3.0 0.0 0.0 0.6989515726410384
40 39 36 0.0 0.0 0.0 0.0 7.0 0.0 0.0 0.6975585450921773
40 39 37 0.0 0.0 35.0 0.0 746.0 10.0 2.0 0.5052327679538072
40 39 38 0.0 0.0 336.0 0.0 7320.0 21.0 886.0 0.14524328249818444
40 39 39 0.0 0.0 1074.0 0.0 12361.0 25.0 13630.0 0.09067357512953367
40 39 40 0.0 0.0 1322.0 0.0 13041.0 32.0 15645.0 0.08559550012227927
40 39 41 0.0 0.0 1415.0 1.0 12884.0 46.0 18647.0 0.08598980406608929
40 39 42 0.0 0.0 562.0 0.0 9714.0 29.0 2123.0 0.11422976501305482
40 39 43 0.0 0.0 109.0 0.0 2620.0 17.0 38.0 0.2969876962240135
40 39 44 0.0 0.0 0.0 0.0 8.0 0.0 0.0 0.697211155378486
40 40 36 0.0 0.0 5.0 0.0 83.0 0.0 0.0 0.6704980842911876
40 40 37 0.0 0.0 253.0 0.0 6055.0 21.0 525.0 0.16877637130801684
40 40 38 0.0 0.0 395.0 0.0 8398.0 24.0 1440.0 0.1299062818966317
40 40 39 0.0 0.0 891.0 0.0 12383.0 31.0 8412.0 0.09168303863785199
40 40 40 9.0 8.0 2704.0 26.0 9659.0 65.0 57422.0 0.09714801193532717
40 40 41 0.0 0.0 807.0 1.0 12071.0 31.0 7419.0 0.09419997308572196
40 40 42 0.0 0.0 313.0 0.0 7169.0 16.0 893.0 0.1477884513881558
40 40 43 0.0 0.0 13.0 0.0 478.0 5.0 0.0 0.5631536604987931
40 40 44 0.0 0.0 0.0 0.0 3.0 0.0 0.0 0.6989515726410384
40 41 36 0.0 0.0 0.0 0.0 5.0 0.0 0.0 0.6982543640897755
40 41 37 0.0 0.0 174.0 0.0 4041.0 22.0 171.0 0.22598870056497172
40 41 38 0.0 0.0 588.0 0.0 10142.0 23.0 2870.0 0.11008020128951092
40 41 39 0.0 0.0 845.0 8.0 12110.0 28.0 6497.0 0.09362669698388282
40 41 40 0.0 3.0 997.0 16.0 12640.0 23.0 10787.0 0.08944543828264757
40 41 41 0.0 0.0 1063.0 0.0 12685.0 31.0 11512.0 0.08888888888888888
40 41 42 0.0 0.0 190.0 0.0 4294.0 12.0 242.0 0.21624961383997526
40 41 43 0.0 0.0 84.0 0.0 1886.0 12.0 17.0 0.3537139969681657
40 41 44 0.0 0.0 0.0 0.0 4.0 0.0 0.0 0.6986027944111775
40 42 36 0.0 0.0 5.0 0.0 66.0 3.0 0.0 0.6769825918762088
40 42 37 0.0 0.0 21.0 0.0 622.0 5.0 0.0 0.5307050796057619
40 42 38 0.0 0.0 124.0 0.0 2816.0 15.0 46.0 0.2842639593908629
40 42 39 0.0 0.0 642.0 0.0 11234.0 21.0 5280.0 0.10092999783721432
40 42 40 0.0 0.0 226.0 3.0 5461.0 28.0 425.0 0.182648401826484
40 42 41 0.0 0.0 546.0 0.0 10002.0 17.0 2430.0 0.1116516468617912
40 42 42 0.0 0.0 26.0 0.0 719.0 5.0 4.0 0.510948905109489
40 42 43 0.0 0.0 0.0 0.0 6.0 0.0 0.0 0.6979062811565303
40 42 44 0.0 0.0 0.0 0.0 1.0 0.0 0.0 0.6996501749125437
40 43 37 0.0 0.0 1.0 0.0 5.0 0.0 0.0 0.6979062811565303
40 43 38 0.0 0.0 0.0 0.0 46.0 0.0 0.0 0.6842619745845552
40 43 39 0.0 0.0 43.0 0.0 987.0 11.0 3.0 0.4637297118251076
40 43 40 0.0 0.0 196.0 0.0 3785.0 13.0 110.0 0.23458445040214476
40 43 41 0.0 0.0 13.0 0.0 407.0 4.0 1.0 0.5794701986754967
40 43 42 0.0 0.0 1.0 0.0 35.0 0.0 0.0 0.6876227897838899
40 43 43 0.0 0.0 0.0 0.0 1.0 0.0 0.0 0.6996501749125437
40 44 39 0.0 0.0 1.0 0.0 6.0 1.0 0.0 0.6979062811565303
40 44 40 0.0 0.0 0.0 0.0 4.0 0.0 0.0 0.6986027944111775
40 44 41 0.0 0.0 0.0 0.0 2.0 0.0 0.0 0.6993006993006992
41 36 37 0.0 0.0 0.0 0.0 2.0 0.0 0.0 0.6993006993006992
41 36 38 0.0 0.0 0.0 0.0 4.0 0.0 0.0 0.6986027944111775
41 36 39 0.0 0.0 55.0 0.0 1446.0 13.0 11.0 0.4013761467889908
41 36 40 0.0 0.0 0.0 0.0 14.0 0.0 0.0 0.6951340615690167
41 36 41 0.0 0.0 0.0 0.0 14.0 0.0 0.0 0.6951340615690167
41 36 42 0.0 0.0 0.0 0.0 7.0 0.0 0.0 0.6975585450921773
41 36 43 0.0 0.0 0.0 0.0 2.0 0.0 0.0 0.6993006993006992
41 37 37 0.0 0.0 0.0 0.0 23.0 0.0 0.0 0.6920415224913494
41 37 38 0.0 0.0 2.0 0.0 66.0 0.0 0.0 0.6769825918762088
41 37 39 0.0 0.0 141.0 0.0 3509.0 19.0 140.0 0.24853541629682227
41 37 40 0.0 0.0 64.0 0.0 1470.0 9.0 10.0 0.3972758229284903
41 37 41 0.0 0.0 88.0 0.0 1763.0 11.0 15.0 0.3645833333333333
41 37 42 0.0 0.0 103.0 0.0 2201.0 13.0 32.0 0.3263403263403263
41 37 43 0.0 0.0 27.0 0.0 571.0 8.0 1.0 0.5405405405405405
41 37 44 0.0 0.0 0.0 0.0 1.0 0.0 0.0 0.6996501749125437
41 38 37 0.0 0.0 11.0 0.0 174.0 5.0 0.0 0.6422018348623851
41 38 38 0.0 0.0 120.0 0.0 2666.0 14.0 57.0 0.29337803855825645
41 38 39 0.0 0.0 394.0 0.0 8297.0 25.0 1445.0 0.13115982761851225
41 38 40 0.0 0.0 629.0 0.0 10685.0 28.0 4196.0 0.10521569216894633
41 38 41 0.0 0.0 586.0 0.0 10687.0 20.0 3672.0 0.10545344983428742
41 38 42 0.0 0.0 646.0 0.0 11201.0 39.0 5029.0 0.10129513059836479
41 38 43 0.0 0.0 86.0 0.0 2294.0 17.0 37.0 0.3208801283520513
41 38 44 0.0 0.0 0.0 0.0 2.0 0.0 0.0 0.6993006993006992
41 39 36 0.0 0.0 1.0 0.0 4.0 0.0 0.0 0.6982543640897755
41 39 37 0.0 0.0 2.0 0.0 130.0 1.0 0.0 0.6569685593618019
41 39 38 0.0 0.0 316.0 0.0 6785.0 32.0 654.0 0.1542699724517906
41 39 39 0.0 0.0 742.0 2.0 11789.0 32.0 6173.0 0.0964585917045611
41 39 40 0.0 0.0 1491.0 0.0 12184.0 43.0 23297.0 0.08931989281612861
41 39 41 1.0 0.0 1960.0 0.0 11684.0 49.0 33569.0 0.08948545861297538
41 39 42 0.0 0.0 701.0 0.0 11023.0 26.0 4058.0 0.10214504596527067
41 39 43 0.0 0.0 78.0 0.0 2188.0 16.0 32.0 0.3294117647058823
41 39 44 0.0 0.0 0.0 0.0 11.0 0.0 0.0 0.6961710591745399
41 40 36 0.0 0.0 24.0 0.0 745.0 3.0 2.0 0.5061460592913954
41 40 37 0.0 0.0 29.0 0.0 659.0 9.0 3.0 0.5227781926811051
41 40 38 0.0 0.0 478.0 0.0 9344.0 24.0 2029.0 0.11854360711261641
41 40 39 0.0 0.0 1246.0 0.0 12650.0 30.0 16250.0 0.08801710046523324
41 40 40 0.0 0.0 656.0 12.0 10965.0 29.0 3533.0 0.1027824682475589
41 40 41 0.0 0.0 1117.0 1.0 12601.0 28.0 12339.0 0.08905285923287322
41 40 42 0.0 0.0 826.0 0.0 11934.0 41.0 7127.0 0.09495387954422137
41 40 43 0.0 0.0 235.0 0.0 5730.0 19.0 495.0 0.17614494212380472
41 40 44 0.0 0.0 3.0 0.0 43.0 1.0 0.0 0.6845965770171147
41 41 36 0.0 0.0 0.0 0.0 4.0 0.0 0.0 0.6989515726410384
41 41 37 0.0 0.0 157.0 0.0 3289.0 23.0 87.0 0.25806451612903225
41 41 38 0.0 0.0 322.0 0.0 7104.0 18.0 796.0 0.14877789585547288
41 41 39 0.0 0.0 932.0 2.0 12250.0 28.0 8843.0 0.09212344541685857
41 41 40 0.0 0.0 1361.0 0.0 12346.0 44.0 19799.0 0.08920606601248883
41 41 41 0.0 0.0 564.0 6.0 9803.0 23.0 2457.0 0.1133052767886047
41 41 42 0.0 0.0 160.0 0.0 3559.0 9.0 105.0 0.24509803921568624
41 41 43 0.0 0.0 29.0 0.0 482.0 4.0 1.0 0.5584363781412045
41 41 44 0.0 0.0 0.0 0.0 5.0 0.0 0.0 0.6982543640897755
41 42 36 0.0 0.0 0.0 0.0 6.0 0.0 0.0 0.6979062811565303
41 42 37 0.0 0.0 12.0 0.0 236.0 1.0 1.0 0.6230529595015576
41 42 38 0.0 0.0 25.0 0.0 723.0 5.0 4.0 0.5103900838497994
41 42 39 0.0 0.0 132.0 0.0 3008.0 10.0 65.0 0.2729044834307992
41 42 40 0.0 0.0 268.0 0.0 6157.0 18.0 596.0 0.1665278934221482
41 42 41 0.0 0.0 286.0 0.0 5722.0 20.0 370.0 0.17526289434151227
41 42 42 0.0 0.0 15.0 0.0 571.0 3.0 2.0 0.5420054200542004
41 42 43 0.0 0.0 0.0 0.0 5.0 0.0 0.0 0.6982543640897755
41 43 38 0.0 0.0 1.0 0.0 26.0 1.0 0.0 0.6910167818361302
41 43 39 0.0 0.0 34.0 0.0 736.0 7.0 3.0 0.5066956207021354
41 43 40 0.0 0.0 2.0 0.0 105.0 2.0 0.0 0.6650831353919239
41 43 41 0.0 0.0 6.0 0.0 234.0 3.0 0.0 0.6258381761287437
41 43 42 0.0 0.0 16.0 0.0 395.0 3.0 0.0 0.5813953488372092
41 44 40 0.0 0.0 0.0 0.0 1.0 0.0 0.0 0.6996501749125437
42 36 38 0.0 0.0 0.0 0.0 1.0 0.0 0.0 0.6996501749125437
42 36 39 0.0 0.0 2.0 0.0 43.0 0.0 0.0 0.6845965770171147
42 36 40 0.0 0.0 0.0 0.0 21.0 0.0 0.0 0.6927263730826323
42 36 41 0.0 0.0 2.0 0.0 27.0 0.0 0.0 0.6899950714637751
42 36 42 0.0 0.0 0.0 0.0 2.0 0.0 0.0 0.6993006993006992
42 36 43 0.0 0.0 0.0 0.0 5.0 0.0 0.0 0.6982543640897755
42 36 44 0.0 0.0 0.0 0.0 1.0 0.0 0.0 0.6996501749125437
42 37 37 0.0 0.0 0.0 0.0 1.0 0.0 0.0 0.6996501749125437
42 37 38 0.0 0.0 0.0 0.0 22.0 0.0 0.0 0.6923837784371908
42 37 39 0.0 0.0 59.0 0.0 1111.0 15.0 7.0 0.44374009508716317
42 37 40 0.0 0.0 292.0 0.0 6574.0 23.0 712.0 0.15826362197603433
42 37 41 0.0 0.0 197.0 0.0 4390.0 17.0 201.0 0.21305737330695476
42 37 42 0.0 0.0 6.0 0.0 294.0 1.0 1.0 0.6089604175728577
42 37 43 0.0 0.0 72.0 0.0 2269.0 13.0 57.0 0.3234003234003233
42 37 44 0.0 0.0 0.0 0.0 1.0 0.0 0.0 0.6996501749125437
42 38 37 0.0 0.0 0.0 0.0 7.0 0.0 0.0 0.6975585450921773
42 38 38 0.0 0.0 57.0 0.0 1681.0 6.0 20.0 0.37503348513260104
42 38 39 0.0 0.0 222.0 0.0 5141.0 19.0 335.0 0.19060585432266847
42 38 40 0.0 0.0 694.0 0.0 11322.0 30.0 5228.0 0.09994288977727012
42 38 41 0.0 0.0 795.0 0.0 11699.0 29.0 5990.0 0.09665838166252416
42 38 42 0.0 0.0 161.0 0.0 3970.0 19.0 160.0 0.22902012105349254
42 38 43 0.0 0.0 3.0 0.0 180.0 2.0 0.0 0.6419073819348922
42 38 44 0.0 0.0 0.0 0.0 2.0 0.0 0.0 0.6993006993006992
42 39 37 0.0 0.0 18.0 0.0 597.0 8.0 1.0 0.5370157268891445
42 39 38 0.0 0.0 55.0 0.0 1253.0 5.0 5.0 0.4238570996064183
42 39 39 0.0 0.0 381.0 0.0 7450.0 33.0 991.0 0.14271151885830782
42 39 40 0.0 0.0 710.0 0.0 11447.0 23.0 5211.0 0.0989679061218719
42 39 41 0.0 0.0 567.0 0.0 10266.0 29.0 2971.0 0.10919585055767879
42 39 42 0.0 0.0 791.0 0.0 11856.0 31.0 5731.0 0.09561535309383963
42 39 43 0.0 0.0 8.0 0.0 312.0 4.0 0.0 0.6044905008635577
42 39 44 0.0 0.0 0.0 0.0 4.0 0.0 0.0 0.6986027944111775
42 40 36 0.0 0.0 0.0 0.0 3.0 0.0 0.0 0.6989515726410384
42 40 37 0.0 0.0 0.0 0.0 45.0 0.0 0.0 0.6845965770171147
42 40 38 0.0 0.0 419.0 0.0 8727.0 27.0 1827.0 0.12578616352201258
42 40 39 0.0 0.0 406.0 0.0 8046.0 25.0 1105.0 0.13426680732713148
42 40 40 0.0 0.0 616.0 0.0 10898.0 34.0 3806.0 0.10374981473247369
42 40 41 0.0 0.0 630.0 0.0 10679.0 19.0 3423.0 0.10519987977156596
42 40 42 0.0 0.0 582.0 0.0 10171.0 23.0 2763.0 0.10982976386600768
42 40 43 0.0 0.0 83.0 0.0 1895.0 5.0 19.0 0.35237855524792344
42 40 44 0.0 0.0 1.0 0.0 7.0 0.0 0.0 0.697211155378486
42 41 37 0.0 0.0 0.0 0.0 48.0 0.0 0.0 0.6835937499999999
42 41 38 0.0 0.0 179.0 0.0 4184.0 15.0 185.0 0.22047244094488186
42 41 39 0.0 0.0 306.0 0.0 6044.0 20.0 374.0 0.16798656107511395
42 41 40 0.0 0.0 281.0 0.0 6745.0 13.0 839.0 0.15514184397163117
42 41 41 0.0 0.0 31.0 0.0 1136.0 10.0 15.0 0.4434589800443458
42 41 42 0.0 0.0 239.0 0.0 5890.0 17.0 505.0 0.1724987678659438
42 41 43 0.0 0.0 12.0 0.0 249.0 2.0 1.0 0.6197432492253209
42 41 44 0.0 0.0 0.0 0.0 2.0 0.0 0.0 0.6993006993006992
42 42 36 0.0 0.0 0.0 0.0 1.0 0.0 0.0 0.6996501749125437
42 42 37 0.0 0.0 0.0 0.0 14.0 0.0 0.0 0.6951340615690167
42 42 38 0.0 0.0 171.0 0.0 4074.0 19.0 171.0 0.22479126525369297
42 42 39 0.0 0.0 212.0 0.0 5053.0 23.0 286.0 0.1932633903920486
42 42 40 0.0 0.0 31.0 0.0 1212.0 9.0 14.0 0.43290043290043284
42 42 41 0.0 0.0 279.0 0.0 5837.0 14.0 460.0 0.17271157167530224
42 42 42 0.0 0.0 1.0 0.0 43.0 1.0 0.0 0.6852667645619186
42 42 43 0.0 0.0 0.0 0.0 9.0 0.0 0.0 0.6968641114982577
42 43 37 0.0 0.0 0.0 0.0 3.0 0.0 0.0 0.6989515726410384
42 43 38 0.0 0.0 0.0 0.0 9.0 0.0 0.0 0.6968641114982577
42 43 39 0.0 0.0 0.0 0.0 16.0 0.0 0.0 0.6944444444444444
42 43 40 0.0 0.0 0.0 0.0 24.0 0.0 0.0 0.6916996047430829
42 43 41 0.0 0.0 0.0 0.0 12.0 1.0 0.0 0.6961710591745399
42 43 42 0.0 0.0 0.0 0.0 7.0 0.0 0.0 0.6975585450921773
43 36 39 0.0 0.0 0.0 0.0 4.0 0.0 0.0 0.6986027944111775
43 36 40 0.0 0.0 0.0 0.0 6.0 0.0 0.0 0.6979062811565303
43 36 41 0.0 0.0 0.0 0.0 16.0 0.0 0.0 0.6944444444444444
43 37 38 0.0 0.0 0.0 0.0 4.0 0.0 0.0 0.6986027944111775
43 37 39 0.0 0.0 0.0 0.0 33.0 0.0 1.0 0.6886374815543531
43 37 40 0.0 0.0 3.0 0.0 163.0 0.0 1.0 0.6463527239150507
43 37 41 0.0 0.0 12.0 0.0 287.0 6.0 0.0 0.6105538595726122
43 37 42 0.0 0.0 0.0 0.0 38.0 0.0 0.0 0.6869479882237487
43 37 43 0.0 0.0 5.0 0.0 32.0 0.0 1.0 0.6872852233676975
43 38 38 0.0 0.0 0.0 0.0 6.0 0.0 0.0 0.6979062811565303
43 38 39 0.0 0.0 4.0 0.0 218.0 0.0 0.0 0.63006300630063
43 38 40 0.0 0.0 52.0 0.0 1030.0 6.0 6.0 0.45513654096228867
43 38 41 0.0 0.0 99.0 0.0 2495.0 9.0 44.0 0.30534351145038163
43 38 42 0.0 0.0 53.0 0.0 1343.0 8.0 11.0 0.4132231404958677
43 38 43 0.0 0.0 23.0 0.0 350.0 5.0 0.0 0.5912162162162161
43 38 44 0.0 0.0 0.0 0.0 2.0 0.0 0.0 0.6993006993006992
43 39 37 0.0 0.0 0.0 0.0 14.0 0.0 0.0 0.6951340615690167
43 39 38 0.0 0.0 1.0 0.0 87.0 1.0 0.0 0.670819357930043
43 39 39 0.0 0.0 44.0 0.0 1233.0 12.0 3.0 0.4287901990811638
43 39 40 0.0 0.0 183.0 0.0 4345.0 16.0 207.0 0.21495470597267002
43 39 41 0.0 0.0 37.0 0.0 870.0 11.0 5.0 0.4834254143646408
43 39 42 0.0 0.0 137.0 0.0 3103.0 15.0 65.0 0.2677888293802601
43 39 43 0.0 0.0 77.0 0.0 1553.0 14.0 11.0 0.3871681415929203
43 39 44 0.0 0.0 0.0 0.0 1.0 0.0 0.0 0.6996501749125437
43 40 36 0.0 0.0 0.0 0.0 2.0 0.0 0.0 0.6993006993006992
43 40 37 0.0 0.0 0.0 0.0 12.0 0.0 0.0 0.6958250497017892
43 40 38 0.0 0.0 50.0 0.0 1042.0 11.0 4.0 0.454397922752353
43 40 39 0.0 0.0 34.0 0.0 762.0 7.0 3.0 0.5019720329867334
43 40 40 0.0 0.0 75.0 0.0 1887.0 11.0 25.0 0.35434067324727914
43 40 41 0.0 0.0 217.0 0.0 4931.0 19.0 275.0 0.1963534361851332
43 40 42 0.0 0.0 29.0 0.0 579.0 7.0 2.0 0.5382545174932718
43 40 43 0.0 0.0 11.0 0.0 234.0 3.0 0.0 0.6244424620874218
43 41 37 0.0 0.0 119.0 0.0 2587.0 15.0 44.0 0.2984438286079727
43 41 38 0.0 0.0 0.0 0.0 34.0 0.0 0.0 0.6882989183874139
43 41 39 0.0 0.0 34.0 0.0 598.0 7.0 4.0 0.5333333333333332
43 41 40 0.0 0.0 217.0 0.0 3704.0 20.0 99.0 0.23716754192783326
43 41 41 0.0 0.0 2.0 0.0 94.0 1.0 0.0 0.6685768863419292
43 41 42 0.0 0.0 10.0 0.0 247.0 2.0 0.0 0.6208425720620842
43 41 43 0.0 0.0 2.0 0.0 45.0 0.0 0.0 0.6839276990718123
43 41 44 0.0 0.0 0.0 0.0 1.0 0.0 0.0 0.6996501749125437
43 42 37 0.0 0.0 0.0 0.0 4.0 0.0 0.0 0.6986027944111775
43 42 38 0.0 0.0 0.0 0.0 17.0 0.0 0.0 0.694100148735746
43 42 39 0.0 0.0 14.0 0.0 260.0 3.0 0.0 0.6167400881057268
43 42 40 0.0 0.0 7.0 0.0 105.0 3.0 0.0 0.6638217164532954
43 42 41 0.0 0.0 0.0 0.0 10.0 0.0 0.0 0.6965174129353233
43 42 42 0.0 0.0 0.0 0.0 12.0 0.0 0.0 0.6958250497017892
43 42 43 0.0 0.0 0.0 0.0 1.0 0.0 0.0 0.6996501749125437
43 43 38 0.0 0.0 0.0 0.0 2.0 0.0 0.0 0.6993006993006992
43 43 39 0.0 0.0 0.0 0.0 6.0 0.0 0.0 0.6979062811565303
43 43 40 0.0 0.0 0.0 0.0 8.0 0.0 0.0 0.697211155378486
43 43 41 0.0 0.0 0.0 0.0 6.0 0.0 0.0 0.6979062811565303
43 43 42 0.0 0.0 0.0 0.0 4.0 0.0 0.0 0.6986027944111775
44 37 42 0.0 0.0 0.0 0.0 1.0 0.0 0.0 0.6996501749125437
44 38 39 0.0 0.0 0.0 0.0 4.0 0.0 0.0 0.6986027944111775
44 38 40 0.0 0.0 0.0 0.0 3.0 0.0 0.0 0.6989515726410384
44 38 41 0.0 0.0 3.0 0.0 58.0 0.0 0.0 0.6792819019893255
44 38 42 0.0 0.0 0.0 0.0 4.0 1.0 0.0 0.6989515726410384
44 38 43 0.0 0.0 0.0 0.0 1.0 0.0 0.0 0.6996501749125437
44 39 38 0.0 0.0 0.0 0.0 1.0 0.0 0.0 0.6996501749125437
44 39 39 0.0 0.0 0.0 0.0 1.0 0.0 0.0 0.6996501749125437
44 39 40 0.0 0.0 0.0 0.0 17.0 0.0 0.0 0.694100148735746
44 39 41 0.0 0.0 1.0 0.0 3.0 0.0 0.0 0.6989515726410384
44 39 42 0.0 0.0 0.0 0.0 7.0 0.0 0.0 0.6975585450921773
44 39 43 0.0 0.0 0.0 0.0 1.0 0.0 0.0 0.6996501749125437
44 40 37 0.0 0.0 0.0 0.0 1.0 0.0 0.0 0.6996501749125437
44 40 39 0.0 0.0 0.0 0.0 9.0 0.0 0.0 0.6968641114982577
44 40 40 0.0 0.0 0.0 0.0 10.0 0.0 0.0 0.6965174129353233
44 40 41 0.0 0.0 0.0 0.0 8.0 0.0 0.0 0.697211155378486
44 40 42 0.0 0.0 0.0 0.0 4.0 0.0 0.0 0.6986027944111775
44 40 43 0.0 0.0 0.0 0.0 2.0 0.0 0.0 0.6993006993006992
44 40 44 0.0 0.0 1.0 0.0 30.0 1.0 0.0 0.689655172413793
44 41 36 0.0 0.0 0.0 0.0 2.0 0.0 0.0 0.6993006993006992
44 41 37 0.0 0.0 0.0 0.0 1.0 0.0 0.0 0.6996501749125437
44 41 40 0.0 0.0 0.0 0.0 4.0 0.0 0.0 0.6986027944111775
44 41 41 0.0 0.0 16.0 0.0 233.0 8.0 0.0 0.6247211066488174
44 41 42 0.0 0.0 0.0 0.0 3.0 0.0 0.0 0.6989515726410384
44 42 36 0.0 0.0 8.0 0.0 131.0 3.0 0.0 0.6554307116104868
44 42 37 0.0 0.0 0.0 0.0 2.0 0.0 0.0 0.6993006993006992
44 42 38 0.0 0.0 0.0 0.0 2.0 0.0 0.0 0.6993006993006992
44 42 40 0.0 0.0 0.0 0.0 1.0 0.0 0.0 0.6996501749125437
