38 37 39 0.0 0.0 0.0 0.0 1.0 0.0 0.0 0.6996501749125437
38 38 38 0.0 0.0 0.0 0.0 1.0 0.0 0.0 0.6996501749125437
38 38 39 0.0 0.0 0.0 0.0 4.0 0.0 0.0 0.6986027944111775
38 38 40 0.0 0.0 0.0 0.0 6.0 0.0 0.0 0.6979062811565303
38 38 41 0.0 0.0 0.0 0.0 6.0 0.0 0.0 0.6979062811565303
38 38 42 0.0 0.0 0.0 0.0 3.0 0.0 0.0 0.6989515726410384
38 39 38 0.0 0.0 0.0 0.0 10.0 0.0 0.0 0.6965174129353233
38 39 39 0.0 0.0 4.0 0.0 105.0 1.0 0.0 0.6644518272425248
38 39 40 0.0 0.0 0.0 0.0 9.0 0.0 0.0 0.6968641114982577
38 39 41 0.0 0.0 1.0 0.0 7.0 0.0 0.0 0.697211155378486
38 39 42 0.0 0.0 0.0 0.0 3.0 0.0 0.0 0.6989515726410384
38 40 38 0.0 0.0 0.0 0.0 11.0 0.0 0.0 0.6961710591745399
38 40 39 0.0 0.0 13.0 0.0 387.0 5.0 1.0 0.5845511482254696
38 40 40 0.0 0.0 3.0 0.0 179.0 2.0 0.0 0.6422018348623851
38 40 41 0.0 0.0 0.0 0.0 11.0 0.0 0.0 0.6961710591745399
38 40 42 0.0 0.0 0.0 0.0 1.0 0.0 0.0 0.6996501749125437
38 41 38 0.0 0.0 0.0 0.0 7.0 1.0 0.0 0.6979062811565303
38 41 39 0.0 0.0 3.0 0.0 194.0 1.0 0.0 0.6375227686703095
38 41 40 0.0 0.0 0.0 0.0 32.0 0.0 0.0 0.6889763779527558
38 41 41 0.0 0.0 0.0 0.0 3.0 0.0 0.0 0.6989515726410384
38 42 38 0.0 0.0 0.0 0.0 1.0 0.0 0.0 0.6996501749125437
38 42 39 0.0 0.0 2.0 0.0 53.0 0.0 0.0 0.6812652068126519
38 42 40 0.0 0.0 0.0 0.0 5.0 0.0 0.0 0.6982543640897755
38 42 41 0.0 0.0 0.0 0.0 4.0 0.0 0.0 0.6986027944111775
39 38 39 0.0 0.0 0.0 0.0 8.0 0.0 0.0 0.697211155378486
39 38 40 0.0 0.0 14.0 0.0 235.0 6.0 0.0 0.6241640659830583
39 38 41 0.0 0.0 0.0 0.0 11.0 0.0 0.0 0.6961710591745399
39 38 42 0.0 0.0 0.0 0.0 13.0 0.0 0.0 0.695479384003974
39 39 38 0.0 0.0 0.0 0.0 23.0 0.0 0.0 0.6920415224913494
39 39 39 0.0 0.0 47.0 0.0 1102.0 9.0 5.0 0.4458598726114649
39 39 40 0.0 0.0 304.0 2.0 6367.0 23.0 589.0 0.16175621028307335
39 39 41 0.0 0.0 136.0 0.0 3019.0 15.0 72.0 0.2723735408560311
39 39 42 0.0 0.0 0.0 0.0 10.0 0.0 0.0 0.6965174129353233
39 40 38 0.0 0.0 0.0 0.0 19.0 0.0 0.0 0.6934125804853887
39 40 39 2.0 0.0 406.0 0.0 8249.0 28.0 1397.0 0.13160368490317725
39 40 40 0.0 0.0 153.0 6.0 4336.0 14.0 216.0 0.21594940613913305
39 40 41 0.0 0.0 14.0 0.0 469.0 7.0 1.0 0.5654281098546041
39 40 42 0.0 0.0 0.0 0.0 4.0 0.0 0.0 0.6986027944111775
39 41 38 0.0 0.0 0.0 0.0 10.0 0.0 0.0 0.6965174129353233
39 41 39 0.0 0.0 50.0 0.0 1220.0 6.0 8.0 0.4289215686274509
39 41 40 0.0 0.0 170.0 0.0 4440.0 15.0 249.0 0.21228203184230476
39 41 41 0.0 0.0 62.0 0.0 1065.0 18.0 3.0 0.45016077170418
39 42 39 0.0 0.0 0.0 0.0 3.0 0.0 0.0 0.6989515726410384
39 42 40 0.0 0.0 2.0 0.0 14.0 0.0 0.0 0.6944444444444444
39 42 41 0.0 0.0 0.0 0.0 7.0 0.0 0.0 0.6975585450921773
39 42 42 0.0 0.0 0.0 0.0 2.0 0.0 0.0 0.6993006993006992
40 37 42 0.0 0.0 0.0 0.0 1.0 0.0 0.0 0.6996501749125437
40 38 38 0.0 0.0 3.0 0.0 48.0 1.0 0.0 0.6829268292682925
40 38 39 0.0 0.0 0.0 0.0 31.0 0.0 0.0 0.6893156080748399
40 38 40 0.0 0.0 1.0 0.0 70.0 0.0 0.0 0.6760019314340897
40 38 41 0.0 0.0 1.0 0.0 80.0 0.0 0.0 0.6727534839019701
40 38 42 0.0 0.0 0.0 0.0 17.0 0.0 0.0 0.6944444444444444
40 38 43 0.0 0.0 0.0 0.0 1.0 0.0 0.0 0.6996501749125437
40 39 38 0.0 0.0 0.0 0.0 10.0 0.0 0.0 0.6965174129353233
40 39 39 0.0 0.0 157.0 0.0 4488.0 15.0 233.0 0.21112954305534606
40 39 40 0.0 0.0 182.0 0.0 4545.0 16.0 211.0 0.20858164481525623
40 39 41 0.0 0.0 254.0 0.0 5925.0 14.0 471.0 0.17133765756945293
40 39 42 0.0 0.0 0.0 0.0 39.0 0.0 0.0 0.6866110838646394
40 40 38 0.0 0.0 0.0 0.0 23.0 0.0 0.0 0.6920415224913494
40 40 39 0.0 0.0 44.0 0.0 1209.0 7.0 13.0 0.43130006161429446
40 40 40 13.0 5.0 1121.0 72.0 12621.0 41.0 11961.0 0.0884620245166182
40 40 41 0.0 0.0 36.0 0.0 1000.0 4.0 9.0 0.4620462046204619
40 40 42 0.0 0.0 0.0 0.0 39.0 0.0 0.0 0.6866110838646394
40 41 38 0.0 0.0 0.0 0.0 5.0 0.0 0.0 0.6982543640897755
40 41 39 0.0 0.0 17.0 1.0 478.0 5.0 2.0 0.5620232838217583
40 41 40 0.0 0.0 98.0 5.0 2395.0 13.0 41.0 0.31215161649944256
40 41 41 0.0 0.0 101.0 0.0 2735.0 12.0 52.0 0.2901554404145077
40 41 42 0.0 0.0 0.0 0.0 3.0 0.0 0.0 0.6989515726410384
40 42 39 0.0 0.0 26.0 0.0 458.0 4.0 0.0 0.564516129032258
40 42 40 0.0 0.0 0.0 0.0 10.0 0.0 0.0 0.6965174129353233
40 42 41 0.0 0.0 0.0 0.0 9.0 0.0 0.0 0.6968641114982577
40 42 42 0.0 0.0 0.0 0.0 2.0 0.0 0.0 0.6993006993006992
41 38 38 0.0 0.0 0.0 0.0 3.0 0.0 0.0 0.6989515726410384
41 38 39 0.0 0.0 1.0 0.0 25.0 0.0 0.0 0.6910167818361302
41 38 40 0.0 0.0 11.0 0.0 340.0 2.0 3.0 0.5962521294718909
41 38 41 0.0 0.0 1.0 0.0 73.0 1.0 0.0 0.6753497346840327
41 38 42 0.0 0.0 19.0 0.0 307.0 2.0 0.0 0.6024096385542168
41 39 38 0.0 0.0 0.0 0.0 4.0 0.0 0.0 0.6986027944111775
41 39 39 0.0 0.0 26.0 1.0 493.0 10.0 1.0 0.557991231566361
41 39 40 0.0 0.0 378.0 0.0 7750.0 19.0 1034.0 0.1382989232440976
41 39 41 0.0 0.0 585.0 0.0 10114.0 28.0 3217.0 0.11036657469452107
41 39 42 0.0 0.0 6.0 0.0 260.0 3.0 0.0 0.618647812638091
41 40 38 0.0 0.0 2.0 0.0 19.0 1.0 0.0 0.6930693069306929
41 40 39 0.0 0.0 218.0 0.0 4790.0 23.0 212.0 0.20045819014891178
41 40 40 0.0 0.0 1.0 8.0 218.0 1.0 0.0 0.6289308176100628
41 40 41 0.0 0.0 120.0 0.0 2864.0 11.0 65.0 0.2814070351758794
41 40 42 0.0 0.0 40.0 0.0 873.0 8.0 3.0 0.4819277108433734
41 41 38 0.0 0.0 0.0 0.0 3.0 0.0 0.0 0.6989515726410384
41 41 39 0.0 0.0 68.0 0.0 1645.0 9.0 22.0 0.3779697624190064
41 41 40 0.0 0.0 309.0 0.0 6157.0 20.0 482.0 0.16566086853626788
41 41 41 0.0 0.0 0.0 1.0 124.0 0.0 0.0 0.6591337099811675
41 41 42 0.0 0.0 0.0 0.0 2.0 0.0 0.0 0.6993006993006992
41 42 38 0.0 0.0 0.0 0.0 1.0 0.0 0.0 0.6996501749125437
41 42 39 0.0 0.0 0.0 0.0 2.0 0.0 0.0 0.6993006993006992
41 42 40 0.0 0.0 0.0 0.0 9.0 0.0 0.0 0.6968641114982577
41 42 41 0.0 0.0 0.0 0.0 13.0 0.0 0.0 0.695479384003974
41 42 42 0.0 0.0 0.0 0.0 2.0 0.0 0.0 0.6993006993006992
42 38 39 0.0 0.0 0.0 0.0 9.0 0.0 0.0 0.6968641114982577
42 38 40 0.0 0.0 15.0 0.0 367.0 5.0 0.0 0.5889777029869583
42 38 41 0.0 0.0 13.0 0.0 255.0 6.0 1.0 0.6189213085764809
42 38 42 0.0 0.0 0.0 0.0 14.0 0.0 0.0 0.6951340615690167
42 39 39 0.0 0.0 0.0 0.0 8.0 0.0 0.0 0.697211155378486
42 39 40 0.0 0.0 8.0 0.0 137.0 0.0 0.0 0.6526806526806526
42 39 41 0.0 0.0 3.0 0.0 122.0 1.0 0.0 0.6591337099811675
42 39 42 0.0 0.0 11.0 0.0 280.0 2.0 0.0 0.6116207951070335
42 40 38 0.0 0.0 0.0 0.0 1.0 0.0 0.0 0.6996501749125437
42 40 39 0.0 0.0 0.0 0.0 4.0 0.0 0.0 0.6986027944111775
42 40 40 0.0 0.0 2.0 0.0 76.0 1.0 0.0 0.6740491092922483
42 40 41 0.0 0.0 1.0 0.0 21.0 0.0 0.0 0.6923837784371908
42 40 42 0.0 0.0 0.0 0.0 22.0 1.0 0.0 0.6927263730826323
42 41 38 0.0 0.0 0.0 0.0 5.0 0.0 0.0 0.6982543640897755
42 41 39 0.0 0.0 0.0 0.0 6.0 0.0 0.0 0.6979062811565303
42 41 40 0.0 0.0 0.0 0.0 7.0 0.0 0.0 0.6979062811565303
42 41 41 0.0 0.0 0.0 0.0 4.0 0.0 0.0 0.6986027944111775
42 42 38 0.0 0.0 1.0 0.0 3.0 0.0 0.0 0.6986027944111775
42 42 39 0.0 0.0 0.0 0.0 4.0 0.0 0.0 0.6986027944111775
42 42 40 0.0 0.0 0.0 0.0 4.0 0.0 0.0 0.6986027944111775
42 42 41 0.0 0.0 0.0 0.0 7.0 0.0 0.0 0.6975585450921773
