38 38 39 0.0 0.0 0.0 0.0 1.0 0.0 0.0 0.6996501749125437
38 38 40 0.0 0.0 0.0 0.0 1.0 0.0 0.0 0.6996501749125437
38 38 41 0.0 0.0 0.0 0.0 4.0 0.0 0.0 0.6986027944111775
38 38 42 0.0 0.0 0.0 0.0 2.0 0.0 0.0 0.6993006993006992
38 39 38 0.0 0.0 0.0 0.0 7.0 0.0 0.0 0.6975585450921773
38 39 39 0.0 0.0 1.0 0.0 60.0 0.0 0.0 0.6792819019893255
38 39 40 0.0 0.0 0.0 0.0 5.0 0.0 0.0 0.6982543640897755
38 39 41 0.0 0.0 0.0 0.0 3.0 1.0 0.0 0.6993006993006992
38 39 42 0.0 0.0 0.0 0.0 2.0 0.0 0.0 0.6993006993006992
38 40 38 0.0 0.0 0.0 0.0 10.0 0.0 0.0 0.6965174129353233
38 40 39 0.0 0.0 8.0 0.0 227.0 2.0 1.0 0.6269592476489028
38 40 40 0.0 0.0 3.0 0.0 111.0 0.0 0.0 0.662251655629139
38 40 41 0.0 0.0 0.0 0.0 5.0 0.0 0.0 0.6982543640897755
38 41 38 0.0 0.0 0.0 0.0 4.0 0.0 0.0 0.6986027944111775
38 41 39 0.0 0.0 3.0 0.0 123.0 2.0 0.0 0.6591337099811675
38 41 40 0.0 0.0 0.0 0.0 25.0 0.0 0.0 0.6913580246913579
38 41 41 0.0 0.0 0.0 0.0 1.0 0.0 0.0 0.6996501749125437
38 42 39 0.0 0.0 1.0 0.0 34.0 0.0 0.0 0.6879606879606879
38 42 40 0.0 0.0 0.0 0.0 2.0 0.0 0.0 0.6993006993006992
38 42 41 0.0 0.0 0.0 0.0 2.0 0.0 0.0 0.6993006993006992
39 38 39 0.0 0.0 0.0 0.0 5.0 0.0 0.0 0.6986027944111775
39 38 40 0.0 0.0 7.0 0.0 81.0 1.0 0.0 0.670819357930043
39 38 41 0.0 0.0 0.0 0.0 9.0 0.0 0.0 0.6968641114982577
39 38 42 0.0 0.0 0.0 0.0 5.0 0.0 0.0 0.6982543640897755
39 39 38 0.0 0.0 0.0 0.0 13.0 0.0 0.0 0.695479384003974
39 39 39 0.0 0.0 29.0 0.0 661.0 6.0 1.0 0.5216095380029805
39 39 40 0.0 0.0 255.0 1.0 5451.0 23.0 352.0 0.18210197710718
39 39 41 0.0 0.0 90.0 0.0 2238.0 10.0 34.0 0.32422417786012037
39 39 42 0.0 0.0 0.0 0.0 6.0 0.0 0.0 0.6979062811565303
39 40 38 0.0 0.0 0.0 0.0 15.0 0.0 0.0 0.694789081885856
39 40 39 2.0 0.0 339.0 0.0 7463.0 25.0 1006.0 0.1431053868956353
39 40 40 0.0 0.0 120.0 5.0 3585.0 12.0 122.0 0.24565713283032106
39 40 41 0.0 0.0 9.0 0.0 266.0 7.0 0.0 0.6172839506172839
39 40 42 0.0 0.0 0.0 0.0 3.0 0.0 0.0 0.6989515726410384
39 41 38 0.0 0.0 0.0 0.0 9.0 0.0 0.0 0.6968641114982577
39 41 39 0.0 0.0 32.0 0.0 760.0 7.0 3.0 0.5026929982046677
39 41 40 0.0 0.0 134.0 0.0 3634.0 16.0 158.0 0.24330900243308998
39 41 41 0.0 0.0 32.0 0.0 494.0 5.0 1.0 0.5553351844506148
39 42 39 0.0 0.0 0.0 0.0 3.0 1.0 0.0 0.6993006993006992
39 42 40 0.0 0.0 0.0 0.0 4.0 0.0 0.0 0.6989515726410384
39 42 41 0.0 0.0 0.0 0.0 6.0 0.0 0.0 0.6979062811565303
39 42 42 0.0 0.0 0.0 0.0 1.0 0.0 0.0 0.6996501749125437
40 38 38 0.0 0.0 1.0 0.0 17.0 0.0 0.0 0.6937561942517343
40 38 39 0.0 0.0 0.0 0.0 20.0 0.0 0.0 0.6934125804853887
40 38 40 0.0 0.0 1.0 0.0 48.0 0.0 0.0 0.6835937499999999
40 38 41 0.0 0.0 0.0 0.0 53.0 0.0 0.0 0.6819288845591815
40 38 42 0.0 0.0 0.0 0.0 12.0 0.0 0.0 0.6958250497017892
40 38 43 0.0 0.0 0.0 0.0 1.0 0.0 0.0 0.6996501749125437
40 39 38 0.0 0.0 0.0 0.0 8.0 0.0 0.0 0.697211155378486
40 39 39 0.0 0.0 135.0 0.0 3733.0 16.0 131.0 0.23907103825136608
40 39 40 0.0 0.0 141.0 0.0 3687.0 12.0 127.0 0.2406738868832731
40 39 41 0.0 0.0 212.0 0.0 5046.0 21.0 296.0 0.19334346084794918
40 39 42 0.0 0.0 0.0 0.0 24.0 0.0 0.0 0.6916996047430829
40 40 38 0.0 0.0 0.0 0.0 16.0 0.0 0.0 0.6944444444444444
40 40 39 0.0 0.0 27.0 0.0 769.0 9.0 3.0 0.5023322569070685
40 40 40 13.0 5.0 1045.0 80.0 12446.0 40.0 10202.0 0.0898530261215583
40 40 41 0.0 0.0 23.0 0.0 617.0 12.0 4.0 0.5327245053272449
40 40 42 0.0 0.0 0.0 0.0 25.0 0.0 0.0 0.6913580246913579
40 41 38 0.0 0.0 0.0 0.0 4.0 0.0 0.0 0.6986027944111775
40 41 39 0.0 0.0 9.0 1.0 295.0 0.0 0.0 0.6073752711496745
40 41 40 0.0 0.0 66.0 5.0 1687.0 15.0 19.0 0.3739316239316239
40 41 41 0.0 0.0 82.0 0.0 1993.0 15.0 27.0 0.34474267421817284
40 41 42 0.0 0.0 0.0 0.0 3.0 0.0 0.0 0.6993006993006992
40 42 39 0.0 0.0 10.0 0.0 169.0 2.0 0.0 0.6430868167202571
40 42 40 0.0 0.0 0.0 0.0 7.0 0.0 0.0 0.6975585450921773
40 42 41 0.0 0.0 0.0 0.0 8.0 0.0 0.0 0.697211155378486
40 42 42 0.0 0.0 0.0 0.0 2.0 0.0 0.0 0.6993006993006992
41 38 38 0.0 0.0 0.0 0.0 2.0 0.0 0.0 0.6993006993006992
41 38 39 0.0 0.0 0.0 0.0 14.0 0.0 0.0 0.695479384003974
41 38 40 0.0 0.0 5.0 0.0 198.0 3.0 1.0 0.6363636363636362
41 38 41 0.0 0.0 1.0 0.0 43.0 0.0 0.0 0.684931506849315
41 38 42 0.0 0.0 10.0 0.0 120.0 3.0 0.0 0.6588235294117646
41 39 38 0.0 0.0 0.0 0.0 1.0 0.0 0.0 0.6996501749125437
41 39 39 0.0 0.0 10.0 1.0 241.0 3.0 1.0 0.622498888394842
41 39 40 0.0 0.0 328.0 0.0 6867.0 17.0 704.0 0.15247222827270743
41 39 41 0.0 0.0 518.0 1.0 9493.0 33.0 2446.0 0.11674449633088724
41 39 42 0.0 0.0 4.0 0.0 153.0 3.0 0.0 0.649953574744661
41 40 38 0.0 0.0 0.0 0.0 5.0 0.0 0.0 0.6982543640897755
41 40 39 0.0 0.0 182.0 0.0 3807.0 10.0 118.0 0.2341528683726375
41 40 40 0.0 0.0 0.0 5.0 177.0 0.0 0.0 0.6416131989000916
41 40 41 0.0 0.0 74.0 0.0 2076.0 8.0 25.0 0.3379193820902727
41 40 42 0.0 0.0 26.0 0.0 412.0 9.0 1.0 0.5763688760806915
41 41 39 0.0 0.0 42.0 0.0 1134.0 5.0 11.0 0.44136191677175274
41 41 40 0.0 0.0 254.0 0.0 5213.0 14.0 255.0 0.18784382128002142
41 41 41 0.0 0.0 0.0 1.0 97.0 1.0 0.0 0.6676204101096804
41 41 42 0.0 0.0 0.0 0.0 1.0 0.0 0.0 0.6996501749125437
41 42 38 0.0 0.0 0.0 0.0 1.0 0.0 0.0 0.6996501749125437
41 42 39 0.0 0.0 0.0 0.0 1.0 0.0 0.0 0.6996501749125437
41 42 40 0.0 0.0 0.0 0.0 5.0 0.0 0.0 0.6982543640897755
41 42 41 0.0 0.0 0.0 0.0 6.0 0.0 0.0 0.6979062811565303
41 42 42 0.0 0.0 0.0 0.0 2.0 0.0 0.0 0.6993006993006992
42 38 39 0.0 0.0 0.0 0.0 5.0 0.0 0.0 0.6982543640897755
42 38 40 0.0 0.0 9.0 0.0 166.0 4.0 0.0 0.64486411791801
42 38 41 0.0 0.0 5.0 0.0 113.0 1.0 0.0 0.6613131790269249
42 38 42 0.0 0.0 0.0 0.0 7.0 0.0 0.0 0.6975585450921773
42 39 39 0.0 0.0 0.0 0.0 6.0 0.0 0.0 0.6979062811565303
42 39 40 0.0 0.0 2.0 0.0 56.0 1.0 0.0 0.6806028196402526
42 39 41 0.0 0.0 2.0 0.0 68.0 0.0 0.0 0.6763285024154588
42 39 42 0.0 0.0 7.0 0.0 140.0 1.0 0.0 0.6523765144454798
42 40 39 0.0 0.0 0.0 0.0 3.0 0.0 0.0 0.6989515726410384
42 40 40 0.0 0.0 1.0 0.0 39.0 0.0 0.0 0.6862745098039215
42 40 41 0.0 0.0 0.0 0.0 16.0 0.0 0.0 0.6944444444444444
42 40 42 0.0 0.0 0.0 0.0 15.0 0.0 0.0 0.694789081885856
42 41 38 0.0 0.0 0.0 0.0 2.0 0.0 0.0 0.6993006993006992
42 41 39 0.0 0.0 0.0 0.0 1.0 0.0 0.0 0.6996501749125437
42 41 40 0.0 0.0 0.0 0.0 5.0 0.0 0.0 0.6982543640897755
42 41 41 0.0 0.0 0.0 0.0 1.0 0.0 0.0 0.6996501749125437
42 42 38 0.0 0.0 0.0 0.0 1.0 0.0 0.0 0.6996501749125437
42 42 39 0.0 0.0 0.0 0.0 3.0 0.0 0.0 0.6989515726410384
42 42 40 0.0 0.0 0.0 0.0 4.0 0.0 0.0 0.6986027944111775
42 42 41 0.0 0.0 0.0 0.0 6.0 0.0 0.0 0.6979062811565303
