39 39 39 0.0 0.0 0.0 0.0 2.0 0.0 0.0 0.6993006993006992
39 39 40 0.0 0.0 3.0 0.0 34.0 1.0 0.0 0.6876227897838899
39 39 41 0.0 0.0 2.0 0.0 21.0 0.0 0.0 0.6920415224913494
39 40 39 1.0 0.0 24.0 0.0 442.0 5.0 2.0 0.5686433793663687
39 40 40 0.0 0.0 3.0 1.0 72.0 1.0 0.0 0.6746987951807227
39 40 41 0.0 0.0 0.0 0.0 10.0 0.0 0.0 0.6965174129353233
39 41 39 0.0 0.0 0.0 0.0 6.0 0.0 0.0 0.6979062811565303
39 41 40 0.0 0.0 3.0 0.0 94.0 1.0 0.0 0.6679389312977099
39 41 41 0.0 0.0 0.0 0.0 5.0 0.0 0.0 0.6982543640897755
40 38 40 0.0 0.0 0.0 0.0 1.0 0.0 0.0 0.6996501749125437
40 38 41 0.0 0.0 0.0 0.0 3.0 0.0 0.0 0.6989515726410384
40 39 39 0.0 0.0 4.0 0.0 113.0 2.0 0.0 0.6619385342789597
40 39 40 0.0 0.0 3.0 0.0 49.0 4.0 0.0 0.6835937499999999
40 39 41 0.0 0.0 4.0 0.0 45.0 0.0 0.0 0.6832601268911663
40 39 42 0.0 0.0 0.0 0.0 1.0 0.0 0.0 0.6996501749125437
40 40 39 0.0 0.0 0.0 0.0 18.0 0.0 0.0 0.6937561942517343
40 40 40 13.0 2.0 426.0 93.0 8127.0 20.0 1240.0 0.13144305698995395
40 40 41 0.0 0.0 0.0 0.0 18.0 0.0 0.0 0.694100148735746
40 41 39 0.0 0.0 0.0 0.0 5.0 0.0 0.0 0.6982543640897755
40 41 40 0.0 0.0 0.0 0.0 13.0 0.0 0.0 0.695479384003974
40 41 41 0.0 0.0 0.0 0.0 16.0 0.0 0.0 0.6944444444444444
41 38 41 0.0 0.0 0.0 0.0 1.0 0.0 0.0 0.6996501749125437
41 39 39 0.0 0.0 0.0 0.0 2.0 0.0 0.0 0.6993006993006992
41 39 40 0.0 0.0 17.0 0.0 396.0 3.0 1.0 0.5809128630705394
41 39 41 0.0 0.0 87.0 0.0 2301.0 14.0 50.0 0.31999999999999995
41 39 42 0.0 0.0 0.0 0.0 1.0 0.0 0.0 0.6996501749125437
41 40 39 0.0 0.0 0.0 0.0 7.0 0.0 0.0 0.6975585450921773
41 40 40 0.0 0.0 0.0 1.0 14.0 0.0 0.0 0.694789081885856
41 40 41 0.0 0.0 0.0 0.0 17.0 0.0 0.0 0.694100148735746
41 41 39 0.0 0.0 1.0 0.0 15.0 0.0 0.0 0.6944444444444444
41 41 40 0.0 0.0 1.0 0.0 11.0 0.0 0.0 0.6958250497017892
41 41 41 0.0 0.0 0.0 0.0 6.0 0.0 0.0 0.6979062811565303
42 38 40 0.0 0.0 0.0 0.0 1.0 0.0 0.0 0.6996501749125437
42 38 41 0.0 0.0 0.0 0.0 3.0 0.0 0.0 0.6989515726410384
