36 39 39 0.0 0.0 1.0 0.0 3.0 0.0 0.0 0.6986027944111775
36 40 38 0.0 0.0 1.0 0.0 8.0 1.0 0.0 0.697211155378486
36 40 39 0.0 0.0 0.0 0.0 1.0 0.0 0.0 0.6996501749125437
36 41 38 0.0 0.0 0.0 0.0 1.0 0.0 0.0 0.6996501749125437
37 37 39 0.0 0.0 0.0 0.0 2.0 0.0 0.0 0.6993006993006992
37 37 40 0.0 0.0 1.0 0.0 3.0 0.0 0.0 0.6986027944111775
37 37 41 0.0 0.0 0.0 0.0 2.0 0.0 0.0 0.6993006993006992
37 38 37 0.0 0.0 0.0 0.0 2.0 0.0 0.0 0.6993006993006992
37 38 38 0.0 0.0 0.0 0.0 6.0 0.0 0.0 0.6979062811565303
37 38 39 0.0 0.0 0.0 0.0 15.0 0.0 0.0 0.694789081885856
37 38 40 0.0 0.0 0.0 0.0 16.0 0.0 0.0 0.6944444444444444
37 38 41 0.0 0.0 0.0 0.0 5.0 0.0 0.0 0.6982543640897755
37 38 42 0.0 0.0 0.0 0.0 7.0 0.0 0.0 0.6975585450921773
37 39 37 0.0 0.0 0.0 0.0 2.0 0.0 0.0 0.6993006993006992
37 39 38 0.0 0.0 0.0 0.0 14.0 0.0 0.0 0.695479384003974
37 39 39 0.0 0.0 2.0 0.0 40.0 0.0 0.0 0.6856023506366307
37 39 40 0.0 0.0 0.0 0.0 36.0 0.0 0.0 0.6876227897838899
37 39 41 0.0 0.0 0.0 0.0 23.0 0.0 0.0 0.6920415224913494
37 39 42 0.0 0.0 0.0 0.0 6.0 0.0 0.0 0.6979062811565303
37 40 37 0.0 0.0 0.0 0.0 2.0 0.0 0.0 0.6993006993006992
37 40 38 0.0 0.0 0.0 0.0 33.0 0.0 0.0 0.6886374815543531
37 40 39 0.0 0.0 95.0 0.0 2194.0 12.0 23.0 0.3273322422258592
37 40 40 0.0 0.0 11.0 0.0 213.0 3.0 0.0 0.6303466906798738
37 40 41 0.0 0.0 1.0 0.0 52.0 2.0 0.0 0.68259385665529
37 40 42 0.0 0.0 0.0 0.0 2.0 0.0 0.0 0.6993006993006992
37 41 37 0.0 0.0 0.0 0.0 1.0 0.0 0.0 0.6996501749125437
37 41 38 0.0 0.0 0.0 0.0 22.0 0.0 0.0 0.6923837784371908
37 41 39 0.0 0.0 4.0 0.0 191.0 1.0 0.0 0.6381039197812214
37 41 40 0.0 0.0 0.0 0.0 29.0 0.0 0.0 0.6899950714637751
37 41 41 0.0 0.0 0.0 0.0 23.0 0.0 0.0 0.6920415224913494
37 41 42 0.0 0.0 0.0 0.0 2.0 0.0 0.0 0.6993006993006992
37 42 38 0.0 0.0 0.0 0.0 3.0 0.0 0.0 0.6989515726410384
37 42 39 0.0 0.0 2.0 0.0 46.0 0.0 0.0 0.6835937499999999
37 42 40 0.0 0.0 9.0 0.0 92.0 0.0 0.0 0.6663493574488338
37 42 41 0.0 0.0 1.0 0.0 26.0 0.0 0.0 0.6906758756783422
37 42 42 0.0 0.0 0.0 0.0 1.0 0.0 0.0 0.6996501749125437
37 43 38 0.0 0.0 0.0 0.0 2.0 0.0 0.0 0.6993006993006992
37 43 40 0.0 0.0 0.0 0.0 4.0 0.0 0.0 0.6986027944111775
37 43 41 0.0 0.0 0.0 0.0 2.0 0.0 0.0 0.6993006993006992
37 43 42 0.0 0.0 0.0 0.0 1.0 0.0 0.0 0.6996501749125437
38 36 41 0.0 0.0 0.0 0.0 1.0 0.0 0.0 0.6996501749125437
38 37 37 0.0 0.0 0.0 0.0 1.0 0.0 0.0 0.6996501749125437
38 37 39 0.0 0.0 0.0 0.0 44.0 0.0 0.0 0.684931506849315
38 37 40 0.0 0.0 2.0 0.0 38.0 1.0 0.0 0.6866110838646394
38 37 41 0.0 0.0 0.0 0.0 13.0 0.0 0.0 0.6958250497017892
38 37 42 0.0 0.0 1.0 0.0 12.0 0.0 0.0 0.695479384003974
38 37 43 0.0 0.0 0.0 0.0 1.0 0.0 0.0 0.6996501749125437
38 38 37 0.0 0.0 0.0 0.0 5.0 0.0 0.0 0.6982543640897755
38 38 38 0.0 0.0 15.0 0.0 240.0 4.0 0.0 0.6219458018658373
38 38 39 0.0 0.0 29.0 0.0 773.0 8.0 3.0 0.5012531328320802
38 38 40 0.0 0.0 154.0 0.0 3301.0 15.0 92.0 0.2573056423451571
38 38 41 0.0 0.0 78.0 0.0 1866.0 11.0 16.0 0.3559623696923468
38 38 42 0.0 0.0 3.0 0.0 196.0 2.0 0.0 0.6372325898953117
38 39 37 0.0 0.0 0.0 0.0 7.0 0.0 0.0 0.6975585450921773
38 39 38 0.0 0.0 98.0 0.0 2565.0 13.0 40.0 0.30107526881720426
38 39 39 0.0 0.0 271.0 0.0 6694.0 15.0 789.0 0.15630233337054816
38 39 40 0.0 0.0 241.0 0.0 5383.0 16.0 363.0 0.18399264029438817
38 39 41 0.0 0.0 207.0 0.0 5040.0 18.0 320.0 0.1936376210235131
38 39 42 0.0 0.0 9.0 0.0 226.0 6.0 0.0 0.6280843427545983
38 40 37 0.0 0.0 0.0 0.0 6.0 0.0 0.0 0.6979062811565303
38 40 38 0.0 0.0 89.0 0.0 2033.0 16.0 23.0 0.341130604288499
38 40 39 0.0 0.0 491.0 0.0 9156.0 16.0 1958.0 0.12027491408934705
38 40 40 0.0 0.0 353.0 0.0 7633.0 13.0 1073.0 0.14035087719298242
38 40 41 0.0 0.0 87.0 0.0 2254.0 12.0 46.0 0.32325098129762175
38 40 42 0.0 0.0 66.0 0.0 1469.0 13.0 11.0 0.39750141964792723
38 40 43 0.0 0.0 0.0 0.0 3.0 0.0 0.0 0.6989515726410384
38 41 37 0.0 0.0 0.0 0.0 7.0 0.0 0.0 0.6975585450921773
38 41 38 0.0 0.0 19.0 0.0 552.0 2.0 1.0 0.5451713395638628
38 41 39 0.0 0.0 310.0 0.0 7136.0 30.0 921.0 0.1486357362777365
38 41 40 0.0 0.0 392.0 0.0 7451.0 29.0 840.0 0.14260975858205152
38 41 41 0.0 0.0 123.0 0.0 2440.0 14.0 36.0 0.3078276165347405
38 41 42 0.0 0.0 1.0 0.0 75.0 0.0 0.0 0.6743737957610789
38 42 37 0.0 0.0 0.0 0.0 2.0 0.0 0.0 0.6993006993006992
38 42 38 0.0 0.0 12.0 0.0 299.0 4.0 2.0 0.6068487212830515
38 42 39 0.0 0.0 186.0 0.0 4715.0 19.0 252.0 0.2033110659308742
38 42 40 0.0 0.0 134.0 0.0 3181.0 17.0 83.0 0.26410111299754757
38 42 41 0.0 0.0 215.0 0.0 4539.0 19.0 192.0 0.20783847980997625
38 42 42 0.0 0.0 0.0 0.0 42.0 0.0 0.0 0.6856023506366307
38 43 39 0.0 0.0 0.0 0.0 7.0 0.0 0.0 0.6975585450921773
38 43 40 0.0 0.0 6.0 0.0 77.0 1.0 0.0 0.6724303554274734
38 43 41 0.0 0.0 1.0 0.0 28.0 0.0 0.0 0.6899950714637751
38 43 42 0.0 0.0 0.0 0.0 7.0 0.0 0.0 0.6975585450921773
39 36 40 0.0 0.0 0.0 0.0 1.0 0.0 0.0 0.6996501749125437
39 36 41 0.0 0.0 0.0 0.0 1.0 0.0 0.0 0.6996501749125437
39 37 37 0.0 0.0 0.0 0.0 3.0 0.0 0.0 0.6989515726410384
39 37 38 0.0 0.0 0.0 0.0 10.0 0.0 0.0 0.6965174129353233
39 37 39 0.0 0.0 0.0 0.0 26.0 0.0 0.0 0.6913580246913579
39 37 40 0.0 0.0 9.0 0.0 210.0 2.0 0.0 0.6314839873703202
39 37 41 0.0 0.0 92.0 0.0 1836.0 18.0 20.0 0.3579647149066734
39 37 42 0.0 0.0 13.0 0.0 278.0 4.0 0.0 0.6121556624398775
39 37 43 0.0 0.0 0.0 0.0 4.0 0.0 0.0 0.6986027944111775
39 38 37 0.0 0.0 37.0 0.0 909.0 8.0 3.0 0.47651463580667114
39 38 38 0.0 0.0 12.0 0.0 298.0 6.0 0.0 0.6076388888888887
39 38 39 0.0 0.0 123.0 0.0 2834.0 17.0 59.0 0.2832861189801699
39 38 40 0.0 0.0 444.0 0.0 8986.0 22.0 1876.0 0.12264564169951817
39 38 41 0.0 0.0 355.0 0.0 7236.0 17.0 822.0 0.1461530431151477
39 38 42 0.0 0.0 28.0 0.0 702.0 3.0 2.0 0.5133846718005133
39 38 43 0.0 0.0 0.0 0.0 7.0 0.0 0.0 0.6975585450921773
39 39 37 0.0 0.0 4.0 0.0 100.0 0.0 0.0 0.6653992395437262
39 39 38 0.0 0.0 153.0 0.0 3377.0 17.0 77.0 0.25385312783318215
39 39 39 0.0 0.0 589.0 1.0 10552.0 30.0 3345.0 0.1066504151748305
39 39 40 0.0 0.0 1087.0 1.0 12844.0 34.0 12019.0 0.08790656787642848
39 39 41 0.0 0.0 811.0 0.0 11983.0 28.0 6341.0 0.09465855307640296
39 39 42 0.0 0.0 40.0 0.0 1169.0 6.0 8.0 0.43709022791133306
39 39 43 0.0 0.0 0.0 0.0 17.0 0.0 0.0 0.694100148735746
39 40 37 0.0 0.0 1.0 0.0 36.0 0.0 0.0 0.6872852233676975
39 40 38 0.0 0.0 311.0 0.0 6344.0 29.0 651.0 0.16222479721900346
39 40 39 2.0 0.0 1209.0 0.0 12461.0 44.0 15343.0 0.08936550491510276
39 40 40 0.0 0.0 786.0 4.0 11925.0 19.0 7273.0 0.0951086956521739
39 40 41 0.0 0.0 434.0 1.0 9042.0 23.0 1846.0 0.12218537266538661
39 40 42 0.0 0.0 126.0 0.0 2753.0 18.0 57.0 0.28800658300761156
39 40 43 0.0 0.0 0.0 0.0 7.0 0.0 0.0 0.6975585450921773
39 41 37 0.0 0.0 0.0 0.0 24.0 0.0 0.0 0.6916996047430829
39 41 38 0.0 0.0 131.0 0.0 2781.0 14.0 50.0 0.2858893199918317
39 41 39 0.0 0.0 646.0 1.0 10837.0 21.0 3710.0 0.10384986276982418
39 41 40 0.0 0.0 802.0 0.0 11918.0 30.0 7565.0 0.09516041326808046
39 41 41 0.0 0.0 681.0 0.0 11179.0 26.0 4108.0 0.10104655359076145
39 41 42 0.0 0.0 34.0 0.0 845.0 6.0 5.0 0.48729550991994425
39 41 43 0.0 0.0 2.0 0.0 57.0 1.0 0.0 0.6802721088435373
39 42 37 0.0 0.0 0.0 0.0 6.0 0.0 0.0 0.6979062811565303
39 42 38 0.0 0.0 33.0 0.0 692.0 7.0 3.0 0.5150846210448858
39 42 39 0.0 0.0 59.0 0.0 1689.0 7.0 18.0 0.37423148890670943
39 42 40 0.0 0.0 248.0 0.0 5793.0 17.0 469.0 0.17443309244953897
39 42 41 0.0 0.0 91.0 0.0 2470.0 15.0 48.0 0.3079630444346678
39 42 42 0.0 0.0 6.0 0.0 341.0 4.0 0.0 0.5975245411865129
39 43 38 0.0 0.0 0.0 0.0 18.0 0.0 0.0 0.6937561942517343
39 43 39 0.0 0.0 2.0 0.0 38.0 0.0 0.0 0.6862745098039215
39 43 40 0.0 0.0 69.0 0.0 1446.0 12.0 11.0 0.39977155910908047
39 43 41 0.0 0.0 0.0 0.0 20.0 0.0 0.0 0.6930693069306929
39 43 42 0.0 0.0 2.0 0.0 46.0 0.0 0.0 0.6835937499999999
39 44 41 0.0 0.0 1.0 0.0 9.0 0.0 0.0 0.6965174129353233
40 36 39 0.0 0.0 0.0 0.0 1.0 0.0 0.0 0.6996501749125437
40 37 37 0.0 0.0 0.0 0.0 3.0 0.0 0.0 0.6989515726410384
40 37 38 0.0 0.0 11.0 0.0 359.0 2.0 0.0 0.5912162162162161
40 37 39 0.0 0.0 0.0 0.0 49.0 0.0 0.0 0.6832601268911663
40 37 40 0.0 0.0 4.0 0.0 156.0 1.0 0.0 0.6484483557202407
40 37 41 0.0 0.0 70.0 0.0 1722.0 16.0 24.0 0.3707627118644067
40 37 42 0.0 0.0 0.0 0.0 46.0 0.0 0.0 0.6842619745845552
40 37 43 0.0 0.0 0.0 0.0 20.0 0.0 0.0 0.6930693069306929
40 38 37 0.0 0.0 0.0 0.0 28.0 0.0 0.0 0.6906758756783422
40 38 38 0.0 0.0 380.0 0.0 7835.0 26.0 1137.0 0.13729528292635088
40 38 39 0.0 0.0 41.0 0.0 1317.0 5.0 21.0 0.417536534446764
40 38 40 0.0 0.0 272.0 0.0 6200.0 22.0 638.0 0.16558249556475454
40 38 41 0.0 0.0 332.0 0.0 7067.0 23.0 819.0 0.14919011082693945
40 38 42 0.0 0.0 361.0 0.0 6994.0 27.0 759.0 0.14990898383124532
40 38 43 0.0 0.0 11.0 0.0 178.0 5.0 0.0 0.641025641025641
40 39 36 0.0 0.0 0.0 0.0 1.0 0.0 0.0 0.6996501749125437
40 39 37 0.0 0.0 0.0 0.0 26.0 0.0 0.0 0.6913580246913579
40 39 38 0.0 0.0 154.0 0.0 3637.0 16.0 117.0 0.24221453287197225
40 39 39 0.0 0.0 756.0 0.0 11645.0 21.0 7357.0 0.09724248107244564
40 39 40 0.0 0.0 933.0 1.0 12277.0 29.0 8387.0 0.09203865623561894
40 39 41 0.0 0.0 1027.0 1.0 12629.0 35.0 10651.0 0.08941116362242942
40 39 42 0.0 0.0 311.0 0.0 5783.0 15.0 443.0 0.1732244493937144
40 39 43 0.0 0.0 15.0 0.0 417.0 5.0 0.0 0.5768438401318499
40 39 44 0.0 0.0 0.0 0.0 2.0 0.0 0.0 0.6993006993006992
40 40 37 0.0 0.0 117.0 0.0 2498.0 14.0 41.0 0.3042816778961095
40 40 38 0.0 0.0 217.0 0.0 4799.0 20.0 259.0 0.20002857551078723
40 40 39 0.0 0.0 585.0 0.0 10735.0 27.0 3636.0 0.10522360015031941
40 40 40 11.0 7.0 2287.0 24.0 10840.0 51.0 42978.0 0.09217196655474356
40 40 41 1.0 0.0 519.0 0.0 10193.0 25.0 3184.0 0.11019283746556473
40 40 42 0.0 0.0 139.0 0.0 3888.0 12.0 141.0 0.232674090078112
40 40 43 0.0 0.0 1.0 0.0 50.0 1.0 0.0 0.6829268292682925
40 41 37 0.0 0.0 40.0 0.0 929.0 3.0 4.0 0.4720161834120026
40 41 38 0.0 0.0 335.0 0.0 7001.0 24.0 737.0 0.15027908973808501
40 41 39 0.0 0.0 555.0 5.0 9844.0 21.0 2474.0 0.11291233163964835
40 41 40 0.0 3.0 708.0 10.0 11336.0 31.0 5241.0 0.09970089730807576
40 41 41 0.0 0.0 754.0 0.0 11523.0 15.0 5677.0 0.0980254866265229
40 41 42 0.0 0.0 54.0 0.0 1373.0 11.0 13.0 0.40983606557377045
40 41 43 0.0 0.0 8.0 0.0 153.0 3.0 0.0 0.6487488415199257
40 42 37 0.0 0.0 2.0 0.0 95.0 0.0 0.0 0.6676204101096804
40 42 38 0.0 0.0 14.0 0.0 335.0 5.0 0.0 0.5972696245733787
40 42 39 0.0 0.0 449.0 0.0 9179.0 26.0 2054.0 0.12059608924110603
40 42 40 0.0 0.0 75.0 2.0 2293.0 19.0 45.0 0.32183908045977005
40 42 41 0.0 0.0 329.0 0.0 6527.0 23.0 563.0 0.15844273426889996
40 42 42 0.0 0.0 1.0 0.0 123.0 0.0 0.0 0.6591337099811675
40 43 38 0.0 0.0 0.0 0.0 19.0 0.0 0.0 0.6934125804853887
40 43 39 0.0 0.0 3.0 0.0 40.0 0.0 0.0 0.6852667645619186
40 43 40 0.0 0.0 31.0 0.0 706.0 5.0 1.0 0.5124450951683748
40 43 41 0.0 0.0 1.0 0.0 53.0 1.0 0.0 0.6819288845591815
40 43 42 0.0 0.0 0.0 0.0 8.0 1.0 0.0 0.6975585450921773
41 36 38 0.0 0.0 0.0 0.0 2.0 0.0 0.0 0.6993006993006992
41 36 39 0.0 0.0 6.0 0.0 117.0 2.0 0.0 0.66006600660066
41 36 41 0.0 0.0 0.0 0.0 3.0 0.0 0.0 0.6989515726410384
41 37 37 0.0 0.0 0.0 0.0 7.0 0.0 0.0 0.6975585450921773
41 37 38 0.0 0.0 0.0 0.0 17.0 0.0 0.0 0.694100148735746
41 37 39 0.0 0.0 34.0 0.0 954.0 7.0 1.0 0.469641060046964
41 37 40 0.0 0.0 4.0 0.0 123.0 0.0 0.0 0.6582040432534085
41 37 41 0.0 0.0 4.0 0.0 151.0 1.0 0.0 0.649953574744661
41 37 42 0.0 0.0 6.0 0.0 202.0 2.0 0.0 0.6346328195829555
41 37 43 0.0 0.0 1.0 0.0 25.0 0.0 0.0 0.6910167818361302
41 38 37 0.0 0.0 0.0 0.0 3.0 0.0 0.0 0.6989515726410384
41 38 38 0.0 0.0 15.0 0.0 432.0 4.0 1.0 0.5730659025787964
41 38 39 0.0 0.0 201.0 0.0 4920.0 19.0 309.0 0.1970443349753694
41 38 40 0.0 0.0 375.0 0.0 8152.0 22.0 1407.0 0.1331304678585013
41 38 41 0.0 0.0 366.0 0.0 8010.0 18.0 1148.0 0.1350960146675673
41 38 42 0.0 0.0 432.0 0.0 8882.0 23.0 1907.0 0.12387188108299414
41 38 43 0.0 0.0 12.0 0.0 486.0 5.0 1.0 0.5615724027276373
41 39 37 0.0 0.0 0.0 0.0 21.0 0.0 0.0 0.6927263730826323
41 39 38 0.0 0.0 129.0 0.0 2943.0 17.0 66.0 0.2769535113748763
41 39 39 0.0 0.0 505.0 4.0 9634.0 15.0 2447.0 0.11530225662987975
41 39 40 0.0 0.0 1107.0 0.0 12429.0 44.0 14383.0 0.09016551812970953
41 39 41 1.0 0.0 1513.0 0.0 12485.0 44.0 22370.0 0.08746719980007496
41 39 42 0.0 0.0 413.0 0.0 8125.0 15.0 1231.0 0.13297872340425532
41 39 43 0.0 0.0 10.0 0.0 396.0 3.0 1.0 0.5826050769870994
41 39 44 0.0 0.0 0.0 0.0 1.0 0.0 0.0 0.6996501749125437
41 40 36 0.0 0.0 3.0 0.0 14.0 1.0 0.0 0.6944444444444444
41 40 37 0.0 0.0 1.0 0.0 99.0 1.0 0.0 0.6669842782277274
41 40 38 0.0 0.0 265.0 0.0 5814.0 27.0 445.0 0.1738482553085806
41 40 39 0.0 0.0 944.0 0.0 12495.0 29.0 8862.0 0.09066770286898516
41 40 40 0.0 0.0 373.0 19.0 7690.0 16.0 1002.0 0.13899920571882443
41 40 41 0.0 0.0 772.0 2.0 11783.0 33.0 6099.0 0.09622654477970993
41 40 42 0.0 0.0 524.0 0.0 9936.0 16.0 3034.0 0.11244076780981445
41 40 43 0.0 0.0 99.0 0.0 2670.0 8.0 50.0 0.2940558706154169
41 40 44 0.0 0.0 0.0 0.0 1.0 0.0 0.0 0.6996501749125437
41 41 36 0.0 0.0 0.0 0.0 1.0 0.0 0.0 0.6996501749125437
41 41 37 0.0 0.0 28.0 0.0 494.0 4.0 0.0 0.5559968228752977
41 41 38 0.0 0.0 149.0 0.0 3509.0 13.0 106.0 0.24800708591674045
41 41 39 0.0 0.0 636.0 0.0 10638.0 36.0 4010.0 0.10563645966950878
41 41 40 0.0 0.0 1056.0 0.0 12617.0 42.0 11484.0 0.08941116362242942
41 41 41 0.0 0.0 297.0 5.0 6427.0 18.0 589.0 0.16055045871559628
41 41 42 0.0 0.0 24.0 0.0 541.0 3.0 1.0 0.5466614603670441
41 41 43 0.0 0.0 0.0 0.0 15.0 0.0 0.0 0.694789081885856
41 42 37 0.0 0.0 0.0 0.0 12.0 0.0 0.0 0.6958250497017892
41 42 38 0.0 0.0 0.0 0.0 84.0 2.0 0.0 0.6724303554274734
41 42 39 0.0 0.0 20.0 0.0 436.0 10.0 4.0 0.5721291377196566
41 42 40 0.0 0.0 105.0 0.0 2826.0 12.0 76.0 0.2845528455284552
41 42 41 0.0 0.0 88.0 0.0 1820.0 17.0 16.0 0.35980467746080697
41 42 42 0.0 0.0 2.0 0.0 132.0 2.0 0.0 0.6566604127579737
41 43 38 0.0 0.0 0.0 0.0 9.0 0.0 0.0 0.6968641114982577
41 43 39 0.0 0.0 2.0 0.0 35.0 0.0 0.0 0.6872852233676975
41 43 40 0.0 0.0 0.0 0.0 19.0 1.0 0.0 0.6937561942517343
41 43 41 0.0 0.0 1.0 0.0 26.0 0.0 0.0 0.6906758756783422
42 36 39 0.0 0.0 0.0 0.0 1.0 0.0 0.0 0.6996501749125437
42 36 40 0.0 0.0 0.0 0.0 4.0 0.0 0.0 0.6986027944111775
42 36 41 0.0 0.0 0.0 0.0 2.0 0.0 0.0 0.6993006993006992
42 37 39 0.0 0.0 2.0 0.0 39.0 1.0 0.0 0.6862745098039215
42 37 40 0.0 0.0 126.0 0.0 3143.0 19.0 95.0 0.2666158826890116
42 37 41 0.0 0.0 55.0 0.0 1168.0 19.0 12.0 0.43695380774032455
42 37 42 0.0 0.0 1.0 0.0 48.0 0.0 0.0 0.6832601268911663
42 37 43 0.0 0.0 17.0 0.0 516.0 5.0 2.0 0.5537974683544302
42 38 38 0.0 0.0 6.0 0.0 142.0 1.0 0.0 0.6520726595249184
42 38 39 0.0 0.0 70.0 0.0 1882.0 15.0 33.0 0.355691056910569
42 38 40 0.0 0.0 441.0 0.0 9050.0 28.0 1930.0 0.12199372603694666
42 38 41 0.0 0.0 509.0 0.0 9626.0 22.0 2244.0 0.11549249298795577
42 38 42 0.0 0.0 37.0 0.0 1034.0 7.0 5.0 0.45706823375775374
42 38 43 0.0 0.0 0.0 0.0 56.0 0.0 0.0 0.6809338521400777
42 39 37 0.0 0.0 2.0 0.0 2.0 0.0 0.0 0.6986027944111775
42 39 38 0.0 0.0 2.0 0.0 117.0 0.0 0.0 0.6606890042472864
42 39 39 0.0 0.0 159.0 0.0 3611.0 27.0 109.0 0.24373259052924787
42 39 40 0.0 0.0 490.0 0.0 9124.0 26.0 1700.0 0.12073128665056915
42 39 41 0.0 0.0 339.0 0.0 7174.0 19.0 785.0 0.14736842105263157
42 39 42 0.0 0.0 511.0 0.0 9479.0 31.0 2090.0 0.11705685618729096
42 39 43 0.0 0.0 0.0 0.0 68.0 0.0 0.0 0.6769825918762088
42 40 37 0.0 0.0 0.0 0.0 8.0 0.0 0.0 0.697211155378486
42 40 38 0.0 0.0 225.0 0.0 5406.0 19.0 386.0 0.18384766907419564
42 40 39 0.0 0.0 212.0 0.0 4119.0 20.0 130.0 0.22183489145935667
42 40 40 0.0 0.0 393.0 1.0 8114.0 25.0 1174.0 0.13344771709083975
42 40 41 0.0 0.0 385.0 0.0 7555.0 21.0 948.0 0.14107214832728737
42 40 42 0.0 0.0 339.0 0.0 6875.0 16.0 708.0 0.15209125475285168
42 40 43 0.0 0.0 6.0 0.0 168.0 2.0 0.0 0.6445672191528544
42 41 37 0.0 0.0 0.0 0.0 11.0 0.0 0.0 0.6961710591745399
42 41 38 0.0 0.0 39.0 0.0 1224.0 11.0 4.0 0.4305043050430503
42 41 39 0.0 0.0 99.0 0.0 1692.0 19.0 19.0 0.3710575139146567
42 41 40 0.0 0.0 131.0 0.0 3452.0 10.0 143.0 0.25116612845353425
42 41 41 0.0 0.0 2.0 0.0 247.0 1.0 0.0 0.6227758007117437
42 41 42 0.0 0.0 97.0 0.0 2614.0 18.0 51.0 0.29831664180694645
42 41 43 0.0 0.0 0.0 0.0 23.0 0.0 0.0 0.6920415224913494
42 42 37 0.0 0.0 0.0 0.0 2.0 0.0 0.0 0.6993006993006992
42 42 38 0.0 0.0 35.0 0.0 1190.0 7.0 13.0 0.4350528278433809
42 42 39 0.0 0.0 67.0 0.0 1616.0 18.0 17.0 0.38188761593016907
42 42 40 0.0 0.0 5.0 0.0 235.0 0.0 0.0 0.6249999999999999
42 42 41 0.0 0.0 102.0 0.0 2270.0 17.0 43.0 0.3213957759412305
42 42 42 0.0 0.0 0.0 0.0 4.0 0.0 0.0 0.6986027944111775
42 43 39 0.0 0.0 0.0 0.0 3.0 0.0 0.0 0.6993006993006992
42 43 40 0.0 0.0 0.0 0.0 4.0 0.0 0.0 0.6986027944111775
42 43 41 0.0 0.0 0.0 0.0 1.0 0.0 0.0 0.6996501749125437
42 43 42 0.0 0.0 0.0 0.0 3.0 0.0 0.0 0.6989515726410384
43 36 41 0.0 0.0 0.0 0.0 7.0 0.0 0.0 0.6975585450921773
43 37 39 0.0 0.0 0.0 0.0 11.0 0.0 0.0 0.6961710591745399
43 37 40 0.0 0.0 0.0 0.0 20.0 0.0 0.0 0.6930693069306929
43 37 41 0.0 0.0 1.0 0.0 22.0 1.0 0.0 0.6923837784371908
43 37 42 0.0 0.0 0.0 0.0 12.0 0.0 0.0 0.6958250497017892
43 37 43 0.0 0.0 0.0 0.0 1.0 0.0 0.0 0.6996501749125437
43 38 38 0.0 0.0 0.0 0.0 1.0 0.0 0.0 0.6996501749125437
43 38 39 0.0 0.0 1.0 0.0 42.0 0.0 0.0 0.6852667645619186
43 38 40 0.0 0.0 2.0 0.0 84.0 1.0 0.0 0.6714628297362109
43 38 41 0.0 0.0 15.0 0.0 436.0 2.0 1.0 0.5718954248366012
43 38 42 0.0 0.0 2.0 0.0 52.0 1.0 0.0 0.6819288845591815
43 38 43 0.0 0.0 0.0 0.0 6.0 0.0 0.0 0.6979062811565303
43 39 37 0.0 0.0 0.0 0.0 1.0 0.0 0.0 0.6996501749125437
43 39 38 0.0 0.0 0.0 0.0 10.0 0.0 0.0 0.6965174129353233
43 39 39 0.0 0.0 3.0 0.0 131.0 1.0 0.0 0.6563525550867322
43 39 40 0.0 0.0 55.0 0.0 1219.0 13.0 10.0 0.42931616068690576
43 39 41 0.0 0.0 0.0 0.0 74.0 0.0 0.0 0.6750241080038573
43 39 42 0.0 0.0 20.0 0.0 426.0 6.0 0.0 0.5737704918032785
43 39 43 0.0 0.0 4.0 0.0 164.0 2.0 0.0 0.6463527239150507
43 40 37 0.0 0.0 0.0 0.0 5.0 0.0 0.0 0.6982543640897755
43 40 38 0.0 0.0 2.0 0.0 18.0 0.0 0.0 0.6930693069306929
43 40 39 0.0 0.0 0.0 0.0 39.0 0.0 0.0 0.6869479882237487
43 40 40 0.0 0.0 11.0 0.0 283.0 1.0 1.0 0.6105538595726122
43 40 41 0.0 0.0 67.0 0.0 1574.0 12.0 19.0 0.3857812069440617
43 40 42 0.0 0.0 1.0 0.0 65.0 0.0 0.0 0.6776379477250725
43 40 43 0.0 0.0 0.0 0.0 16.0 0.0 0.0 0.6944444444444444
43 41 37 0.0 0.0 19.0 0.0 193.0 3.0 0.0 0.6337709370755997
43 41 38 0.0 0.0 0.0 0.0 5.0 0.0 0.0 0.6982543640897755
43 41 39 0.0 0.0 0.0 0.0 16.0 0.0 0.0 0.6944444444444444
43 41 40 0.0 0.0 30.0 0.0 387.0 9.0 2.0 0.5813953488372092
43 41 41 0.0 0.0 0.0 0.0 22.0 0.0 0.0 0.6923837784371908
43 41 42 0.0 0.0 0.0 0.0 9.0 0.0 0.0 0.6968641114982577
43 41 43 0.0 0.0 0.0 0.0 8.0 0.0 0.0 0.697211155378486
43 42 38 0.0 0.0 0.0 0.0 2.0 0.0 0.0 0.6993006993006992
43 42 39 0.0 0.0 0.0 0.0 2.0 0.0 0.0 0.6993006993006992
43 42 40 0.0 0.0 0.0 0.0 8.0 0.0 0.0 0.697211155378486
43 42 41 0.0 0.0 0.0 0.0 2.0 0.0 0.0 0.6993006993006992
43 42 42 0.0 0.0 0.0 0.0 1.0 0.0 0.0 0.6996501749125437
43 43 40 0.0 0.0 0.0 0.0 2.0 0.0 0.0 0.6993006993006992
43 43 41 0.0 0.0 0.0 0.0 1.0 0.0 0.0 0.6996501749125437
43 43 42 0.0 0.0 0.0 0.0 1.0 0.0 0.0 0.6996501749125437
44 38 40 0.0 0.0 0.0 0.0 1.0 0.0 0.0 0.6996501749125437
44 39 40 0.0 0.0 0.0 0.0 2.0 0.0 0.0 0.6993006993006992
44 40 41 0.0 0.0 0.0 0.0 1.0 0.0 0.0 0.6996501749125437
44 41 42 0.0 0.0 0.0 0.0 1.0 0.0 0.0 0.6996501749125437
