39 39 39 0.0 0.0 0.0 0.0 6.0 0.0 0.0 0.6979062811565303
39 39 40 0.0 0.0 9.0 0.0 122.0 2.0 0.0 0.6575857209957726
39 39 41 0.0 0.0 2.0 0.0 59.0 1.0 0.0 0.6796116504854368
39 40 39 1.0 0.0 52.0 0.0 912.0 7.0 4.0 0.4732927653820148
39 40 40 0.0 0.0 5.0 2.0 142.0 3.0 0.0 0.6523765144454798
39 40 41 0.0 0.0 0.0 0.0 17.0 0.0 0.0 0.694100148735746
39 41 39 0.0 0.0 0.0 0.0 9.0 0.0 0.0 0.6968641114982577
39 41 40 0.0 0.0 4.0 0.0 169.0 3.0 0.0 0.6451612903225805
39 41 41 0.0 0.0 0.0 0.0 8.0 0.0 0.0 0.697211155378486
40 38 40 0.0 0.0 0.0 0.0 1.0 0.0 0.0 0.6996501749125437
40 38 41 0.0 0.0 0.0 0.0 4.0 0.0 0.0 0.6986027944111775
40 39 39 0.0 0.0 6.0 0.0 209.0 2.0 1.0 0.632625395390872
40 39 40 0.0 0.0 6.0 0.0 127.0 2.0 0.0 0.6569685593618019
40 39 41 0.0 0.0 8.0 0.0 136.0 3.0 0.0 0.6539000467071461
40 39 42 0.0 0.0 0.0 0.0 2.0 0.0 0.0 0.6993006993006992
40 40 39 0.0 0.0 0.0 0.0 19.0 0.0 0.0 0.6934125804853887
40 40 40 13.0 2.0 485.0 94.0 8957.0 25.0 1766.0 0.1213697442566103
40 40 41 0.0 0.0 0.0 0.0 28.0 0.0 0.0 0.690335305719921
40 41 39 0.0 0.0 0.0 0.0 8.0 0.0 0.0 0.697211155378486
40 41 40 0.0 0.0 0.0 2.0 24.0 0.0 0.0 0.6913580246913579
40 41 41 0.0 0.0 0.0 0.0 17.0 0.0 0.0 0.694100148735746
41 38 41 0.0 0.0 0.0 0.0 1.0 0.0 0.0 0.6996501749125437
41 39 39 0.0 0.0 0.0 0.0 2.0 0.0 0.0 0.6993006993006992
41 39 40 0.0 0.0 33.0 0.0 730.0 5.0 1.0 0.5076142131979694
41 39 41 0.0 0.0 119.0 0.0 3028.0 14.0 97.0 0.27269185820023367
41 39 42 0.0 0.0 0.0 0.0 1.0 0.0 0.0 0.6996501749125437
41 40 39 0.0 0.0 0.0 0.0 10.0 0.0 0.0 0.6965174129353233
41 40 40 0.0 0.0 0.0 1.0 22.0 0.0 0.0 0.6920415224913494
41 40 41 0.0 0.0 1.0 0.0 25.0 0.0 0.0 0.6910167818361302
41 41 39 0.0 0.0 1.0 0.0 37.0 0.0 0.0 0.6869479882237487
41 41 40 0.0 0.0 3.0 0.0 44.0 1.0 0.0 0.6842619745845552
41 41 41 0.0 0.0 0.0 0.0 11.0 0.0 0.0 0.6961710591745399
42 38 40 0.0 0.0 0.0 0.0 1.0 0.0 0.0 0.6996501749125437
42 38 41 0.0 0.0 0.0 0.0 3.0 0.0 0.0 0.6989515726410384
42 40 41 0.0 0.0 0.0 0.0 1.0 0.0 0.0 0.6996501749125437
