34 41 37 0.0 0.0 0.0 0.0 1.0 0.0 0.0 0.6996501749125437
35 37 39 0.0 0.0 0.0 0.0 2.0 0.0 0.0 0.6993006993006992
35 37 40 0.0 0.0 0.0 0.0 2.0 0.0 0.0 0.6993006993006992
35 37 41 0.0 0.0 0.0 0.0 4.0 0.0 0.0 0.6986027944111775
35 38 39 0.0 0.0 0.0 0.0 14.0 0.0 0.0 0.6951340615690167
35 38 40 0.0 0.0 16.0 0.0 388.0 3.0 1.0 0.5830903790087463
35 38 41 0.0 0.0 4.0 0.0 15.0 2.0 0.0 0.6944444444444444
35 39 37 0.0 0.0 0.0 0.0 13.0 0.0 0.0 0.695479384003974
35 39 38 0.0 0.0 11.0 0.0 218.0 5.0 0.0 0.6294964028776977
35 39 39 0.0 0.0 0.0 0.0 37.0 0.0 0.0 0.6872852233676975
35 39 40 0.0 0.0 0.0 0.0 20.0 0.0 0.0 0.6930693069306929
35 39 41 0.0 0.0 0.0 0.0 2.0 0.0 0.0 0.6993006993006992
35 40 37 0.0 0.0 1.0 0.0 41.0 0.0 0.0 0.6856023506366307
35 40 38 0.0 0.0 31.0 0.0 671.0 8.0 3.0 0.5194805194805194
35 40 39 0.0 0.0 0.0 0.0 55.0 1.0 0.0 0.6815968841285296
35 40 40 0.0 0.0 1.0 0.0 72.0 1.0 0.0 0.6756756756756755
35 40 41 0.0 0.0 0.0 0.0 4.0 0.0 0.0 0.6986027944111775
35 40 42 0.0 0.0 0.0 0.0 1.0 0.0 0.0 0.6996501749125437
35 41 37 0.0 0.0 3.0 0.0 28.0 1.0 0.0 0.689655172413793
35 41 38 0.0 0.0 4.0 0.0 104.0 1.0 0.0 0.6644518272425248
35 41 39 0.0 0.0 2.0 0.0 53.0 1.0 0.0 0.6815968841285296
35 41 40 0.0 0.0 0.0 0.0 18.0 0.0 0.0 0.6937561942517343
35 41 41 0.0 0.0 0.0 0.0 2.0 0.0 0.0 0.6993006993006992
35 41 42 0.0 0.0 0.0 0.0 1.0 0.0 0.0 0.6996501749125437
35 42 37 0.0 0.0 0.0 0.0 10.0 0.0 0.0 0.6965174129353233
35 42 38 0.0 0.0 0.0 0.0 10.0 0.0 0.0 0.6965174129353233
35 42 39 0.0 0.0 0.0 0.0 11.0 0.0 0.0 0.6961710591745399
35 42 41 0.0 0.0 0.0 0.0 3.0 0.0 0.0 0.6989515726410384
35 42 42 0.0 0.0 0.0 0.0 3.0 0.0 0.0 0.6989515726410384
35 43 38 0.0 0.0 0.0 0.0 1.0 0.0 0.0 0.6996501749125437
35 43 41 0.0 0.0 0.0 0.0 1.0 0.0 0.0 0.6996501749125437
36 35 44 0.0 0.0 0.0 0.0 1.0 0.0 0.0 0.6996501749125437
36 36 38 0.0 0.0 0.0 0.0 9.0 0.0 0.0 0.6968641114982577
36 36 39 0.0 0.0 0.0 0.0 43.0 0.0 0.0 0.6852667645619186
36 36 40 0.0 0.0 0.0 0.0 41.0 0.0 0.0 0.6859382655560998
36 36 41 0.0 0.0 0.0 0.0 24.0 0.0 0.0 0.6916996047430829
36 36 42 0.0 0.0 0.0 0.0 2.0 0.0 0.0 0.6993006993006992
36 37 37 0.0 0.0 0.0 0.0 3.0 0.0 0.0 0.6989515726410384
36 37 38 0.0 0.0 3.0 0.0 65.0 0.0 0.0 0.6769825918762088
36 37 39 0.0 0.0 2.0 0.0 60.0 0.0 0.0 0.6789524733268669
36 37 40 0.0 0.0 15.0 0.0 237.0 3.0 0.0 0.6227758007117437
36 37 41 0.0 0.0 0.0 0.0 79.0 0.0 0.0 0.6740491092922483
36 37 42 0.0 0.0 6.0 0.0 96.0 0.0 0.0 0.6660323501427211
36 37 43 0.0 0.0 0.0 0.0 1.0 0.0 0.0 0.6996501749125437
36 37 44 0.0 0.0 0.0 0.0 2.0 0.0 0.0 0.6993006993006992
36 38 36 0.0 0.0 0.0 0.0 4.0 0.0 0.0 0.6986027944111775
36 38 37 0.0 0.0 0.0 0.0 16.0 0.0 0.0 0.6944444444444444
36 38 38 0.0 0.0 1.0 0.0 62.0 0.0 0.0 0.6786233640329616
36 38 39 0.0 0.0 7.0 0.0 140.0 2.0 0.0 0.6526806526806526
36 38 40 0.0 0.0 256.0 0.0 5887.0 14.0 493.0 0.17209588199139517
36 38 41 0.0 0.0 26.0 0.0 684.0 10.0 2.0 0.5185185185185184
36 38 42 0.0 0.0 0.0 0.0 13.0 0.0 0.0 0.695479384003974
36 38 43 0.0 0.0 0.0 0.0 1.0 0.0 0.0 0.6996501749125437
36 38 44 0.0 0.0 0.0 0.0 2.0 0.0 0.0 0.6993006993006992
36 39 36 0.0 0.0 0.0 0.0 1.0 0.0 0.0 0.6996501749125437
36 39 37 0.0 0.0 5.0 0.0 188.0 2.0 0.0 0.6389776357827475
36 39 38 0.0 0.0 13.0 0.0 395.0 2.0 2.0 0.5818786367414795
36 39 39 0.0 0.0 310.0 0.0 6680.0 21.0 773.0 0.15602362643486012
36 39 40 0.0 0.0 164.0 0.0 4194.0 15.0 167.0 0.22064617809298656
36 39 41 0.0 0.0 0.0 0.0 93.0 0.0 0.0 0.6692160611854684
36 39 42 0.0 0.0 0.0 0.0 48.0 0.0 0.0 0.6835937499999999
36 39 43 0.0 0.0 0.0 0.0 5.0 0.0 0.0 0.6982543640897755
36 40 36 0.0 0.0 0.0 0.0 3.0 0.0 0.0 0.6989515726410384
36 40 37 0.0 0.0 8.0 0.0 202.0 0.0 0.0 0.6334841628959276
36 40 38 0.0 0.0 513.0 0.0 9001.0 38.0 1797.0 0.12187690432663008
36 40 39 0.0 0.0 294.0 0.0 6777.0 14.0 770.0 0.15449128227764286
36 40 40 0.0 0.0 26.0 0.0 1002.0 7.0 7.0 0.4634227077126778
36 40 41 0.0 0.0 44.0 0.0 960.0 9.0 3.0 0.46744574290484137
36 40 42 0.0 0.0 4.0 0.0 92.0 0.0 0.0 0.6679389312977099
36 40 43 0.0 0.0 5.0 0.0 87.0 3.0 0.0 0.6701771182383915
36 41 36 0.0 0.0 0.0 0.0 2.0 0.0 0.0 0.6993006993006992
36 41 37 0.0 0.0 31.0 0.0 715.0 5.0 3.0 0.5107624954396205
36 41 38 0.0 0.0 372.0 0.0 7463.0 30.0 844.0 0.1427406199021207
36 41 39 0.0 0.0 6.0 0.0 327.0 0.0 0.0 0.6000857265323617
36 41 40 0.0 0.0 252.0 0.0 4957.0 25.0 234.0 0.19482326746451428
36 41 41 0.0 0.0 62.0 0.0 1568.0 9.0 10.0 0.38674033149171266
36 41 42 0.0 0.0 67.0 0.0 1490.0 18.0 13.0 0.39548022598870053
36 41 43 0.0 0.0 0.0 0.0 6.0 0.0 0.0 0.6979062811565303
36 42 36 0.0 0.0 0.0 0.0 1.0 0.0 0.0 0.6996501749125437
36 42 37 0.0 0.0 0.0 0.0 15.0 0.0 0.0 0.694789081885856
36 42 38 0.0 0.0 76.0 0.0 1821.0 9.0 24.0 0.3600823045267489
36 42 39 0.0 0.0 3.0 0.0 230.0 2.0 0.0 0.6275212909009411
36 42 40 0.0 0.0 65.0 0.0 1835.0 11.0 25.0 0.3599897145795834
36 42 41 0.0 0.0 38.0 0.0 571.0 13.0 0.0 0.5392912172573189
36 42 42 0.0 0.0 21.0 0.0 461.0 1.0 0.0 0.5642885933091495
36 42 43 0.0 0.0 77.0 0.0 1902.0 7.0 22.0 0.35237855524792344
36 43 37 0.0 0.0 0.0 0.0 5.0 0.0 0.0 0.6982543640897755
36 43 38 0.0 0.0 4.0 0.0 93.0 2.0 0.0 0.6685768863419292
36 43 39 0.0 0.0 6.0 0.0 309.0 2.0 0.0 0.6055363321799306
36 43 40 0.0 0.0 21.0 0.0 310.0 6.0 1.0 0.6021505376344085
36 43 41 0.0 0.0 2.0 0.0 89.0 2.0 0.0 0.6701771182383915
36 43 42 0.0 0.0 3.0 0.0 97.0 0.0 0.0 0.6669842782277274
36 43 43 0.0 0.0 0.0 0.0 10.0 0.0 0.0 0.6965174129353233
36 44 37 0.0 0.0 0.0 0.0 4.0 0.0 0.0 0.6986027944111775
36 44 38 0.0 0.0 0.0 0.0 6.0 0.0 0.0 0.6979062811565303
36 44 39 0.0 0.0 25.0 0.0 623.0 8.0 3.0 0.5303030303030303
36 44 40 0.0 0.0 0.0 0.0 18.0 0.0 0.0 0.6937561942517343
36 44 41 0.0 0.0 23.0 0.0 690.0 9.0 2.0 0.5177514792899407
36 44 42 0.0 0.0 10.0 0.0 233.0 4.0 0.0 0.6252791424743188
37 35 39 0.0 0.0 0.0 0.0 1.0 0.0 0.0 0.6996501749125437
37 35 41 0.0 0.0 0.0 0.0 1.0 0.0 0.0 0.6996501749125437
37 35 43 0.0 0.0 0.0 0.0 1.0 0.0 0.0 0.6996501749125437
37 36 36 0.0 0.0 0.0 0.0 3.0 0.0 0.0 0.6989515726410384
37 36 37 0.0 0.0 0.0 0.0 6.0 0.0 0.0 0.6979062811565303
37 36 38 0.0 0.0 0.0 0.0 17.0 0.0 0.0 0.694100148735746
37 36 39 0.0 0.0 0.0 0.0 53.0 0.0 0.0 0.6819288845591815
37 36 40 0.0 0.0 6.0 0.0 235.0 1.0 1.0 0.6249999999999999
37 36 41 0.0 0.0 5.0 0.0 221.0 1.0 0.0 0.6292134831460673
37 36 42 0.0 0.0 1.0 0.0 84.0 1.0 0.0 0.6717850287907868
37 36 43 0.0 0.0 61.0 0.0 1342.0 10.0 10.0 0.4126142057176539
37 36 44 0.0 0.0 0.0 0.0 6.0 0.0 0.0 0.6979062811565303
37 37 35 0.0 0.0 0.0 0.0 1.0 0.0 0.0 0.6996501749125437
37 37 36 0.0 0.0 0.0 0.0 1.0 0.0 0.0 0.6996501749125437
37 37 37 0.0 0.0 0.0 0.0 55.0 0.0 0.0 0.6812652068126519
37 37 38 0.0 0.0 7.0 0.0 258.0 1.0 0.0 0.6183745583038868
37 37 39 0.0 0.0 294.0 0.0 6144.0 30.0 541.0 0.16644869813339674
37 37 40 0.0 0.0 610.0 0.0 10359.0 34.0 3106.0 0.1081081081081081
37 37 41 0.0 0.0 241.0 0.0 5145.0 13.0 320.0 0.18975332068311193
37 37 42 0.0 0.0 37.0 0.0 798.0 12.0 3.0 0.49592631951824295
37 37 43 0.0 0.0 32.0 0.0 849.0 6.0 2.0 0.48695652173913034
37 37 44 0.0 0.0 0.0 0.0 1.0 0.0 0.0 0.6996501749125437
37 38 36 0.0 0.0 0.0 0.0 12.0 0.0 0.0 0.6958250497017892
37 38 37 0.0 0.0 1.0 0.0 220.0 0.0 2.0 0.6303466906798738
37 38 38 0.0 0.0 239.0 0.0 5892.0 10.0 525.0 0.17224409448818898
37 38 39 0.0 0.0 206.0 0.0 4671.0 21.0 246.0 0.2041113864994897
37 38 40 0.0 0.0 117.0 0.0 3131.0 17.0 72.0 0.2676352513859682
37 38 41 0.0 0.0 361.0 0.0 7713.0 27.0 1224.0 0.13924806047344337
37 38 42 0.0 0.0 35.0 0.0 1208.0 6.0 11.0 0.43263288009888745
37 38 43 0.0 0.0 113.0 0.0 2084.0 16.0 20.0 0.3347680535628885
37 38 44 0.0 0.0 58.0 0.0 1114.0 17.0 6.0 0.44374009508716317
37 39 36 0.0 0.0 1.0 0.0 12.0 1.0 0.0 0.6958250497017892
37 39 37 0.0 0.0 204.0 0.0 4353.0 17.0 165.0 0.21400183430143682
37 39 38 0.0 0.0 364.0 0.0 7615.0 18.0 1035.0 0.14037902336308028
37 39 39 0.0 0.0 549.0 0.0 10282.0 30.0 2892.0 0.10928108656623214
37 39 40 0.0 0.0 443.0 0.0 8853.0 21.0 1614.0 0.1240804750509616
37 39 41 0.0 0.0 356.0 0.0 7742.0 16.0 1178.0 0.1388062661114416
37 39 42 0.0 0.0 74.0 0.0 1929.0 8.0 25.0 0.3505257886830245
37 39 43 0.0 0.0 17.0 0.0 423.0 3.0 1.0 0.5744768157570782
37 39 44 0.0 0.0 2.0 0.0 25.0 1.0 0.0 0.6910167818361302
37 40 36 0.0 0.0 7.0 0.0 190.0 2.0 1.0 0.6378132118451024
37 40 37 0.0 0.0 63.0 0.0 1221.0 14.0 3.0 0.4281345565749235
37 40 38 0.0 0.0 225.0 0.0 5652.0 15.0 476.0 0.1779359430604982
37 40 39 0.0 0.0 1013.0 0.0 12582.0 28.0 10263.0 0.08974934290659656
37 40 40 0.0 0.0 611.0 0.0 10795.0 30.0 3992.0 0.1045400238948626
37 40 41 0.0 0.0 511.0 0.0 9834.0 26.0 2738.0 0.11347977628272675
37 40 42 0.0 0.0 224.0 0.0 4787.0 20.0 261.0 0.20017157563625962
37 40 43 0.0 0.0 108.0 0.0 2159.0 9.0 33.0 0.3287928604978863
37 40 44 0.0 0.0 0.0 0.0 15.0 0.0 0.0 0.694789081885856
37 40 45 0.0 0.0 0.0 0.0 1.0 0.0 0.0 0.6996501749125437
37 41 35 0.0 0.0 0.0 0.0 1.0 0.0 0.0 0.6996501749125437
37 41 36 0.0 0.0 74.0 0.0 1458.0 13.0 7.0 0.39784029553850525
37 41 37 0.0 0.0 101.0 0.0 2366.0 15.0 38.0 0.31439479002919374
37 41 38 0.0 0.0 149.0 0.0 4178.0 19.0 180.0 0.22190521477254713
37 41 39 0.0 0.0 517.0 0.0 9877.0 21.0 2719.0 0.11303996770286637
37 41 40 0.0 0.0 522.0 0.0 9280.0 25.0 1810.0 0.11882532676964859
37 41 41 0.0 0.0 364.0 0.0 8097.0 15.0 1351.0 0.13397129186602869
37 41 42 0.0 0.0 98.0 0.0 2812.0 17.0 73.0 0.28606456885982834
37 41 43 0.0 0.0 28.0 0.0 866.0 3.0 5.0 0.48426150121065364
37 41 44 0.0 0.0 0.0 0.0 4.0 0.0 0.0 0.6986027944111775
37 42 35 0.0 0.0 1.0 0.0 7.0 0.0 0.0 0.697211155378486
37 42 36 0.0 0.0 0.0 0.0 7.0 0.0 0.0 0.6975585450921773
37 42 37 0.0 0.0 28.0 0.0 586.0 4.0 2.0 0.5363984674329502
37 42 38 0.0 0.0 69.0 0.0 2192.0 8.0 47.0 0.32910202162670427
37 42 39 0.0 0.0 496.0 0.0 9416.0 24.0 2285.0 0.11768661735036987
37 42 40 0.0 0.0 770.0 0.0 11851.0 27.0 5941.0 0.0957723354768094
37 42 41 0.0 0.0 358.0 0.0 8228.0 16.0 1456.0 0.1323251417769376
37 42 42 0.0 0.0 481.0 0.0 9029.0 24.0 1791.0 0.12178148921363952
37 42 43 0.0 0.0 15.0 0.0 373.0 4.0 1.0 0.587248322147651
37 42 44 0.0 0.0 0.0 0.0 4.0 0.0 0.0 0.6986027944111775
37 43 35 0.0 0.0 0.0 0.0 2.0 0.0 0.0 0.6993006993006992
37 43 36 0.0 0.0 0.0 0.0 3.0 0.0 0.0 0.6989515726410384
37 43 37 0.0 0.0 18.0 0.0 268.0 5.0 0.0 0.6137658921525645
37 43 38 0.0 0.0 269.0 0.0 6385.0 16.0 631.0 0.16192458940550541
37 43 39 0.0 0.0 383.0 0.0 8337.0 26.0 1540.0 0.13082889449584148
37 43 40 0.0 0.0 363.0 0.0 7533.0 26.0 1033.0 0.14175779667881733
37 43 41 0.0 0.0 194.0 0.0 5136.0 23.0 333.0 0.19146608315098465
37 43 42 0.0 0.0 36.0 0.0 1095.0 10.0 2.0 0.4485741749439281
37 43 43 0.0 0.0 37.0 0.0 753.0 4.0 5.0 0.5025125628140703
37 44 37 0.0 0.0 0.0 0.0 12.0 0.0 0.0 0.6958250497017892
37 44 38 0.0 0.0 1.0 0.0 38.0 1.0 0.0 0.6869479882237487
37 44 39 0.0 0.0 17.0 0.0 615.0 1.0 7.0 0.5319148936170213
37 44 40 0.0 0.0 19.0 0.0 591.0 5.0 2.0 0.5374280230326295
37 44 41 0.0 0.0 108.0 0.0 2327.0 18.0 31.0 0.31695721077654515
37 44 42 0.0 0.0 26.0 0.0 439.0 9.0 0.0 0.5700325732899022
37 44 43 0.0 0.0 0.0 0.0 3.0 0.0 0.0 0.6989515726410384
37 44 44 0.0 0.0 0.0 0.0 1.0 0.0 0.0 0.6996501749125437
37 45 39 0.0 0.0 0.0 0.0 3.0 0.0 0.0 0.6993006993006992
37 45 40 0.0 0.0 0.0 0.0 3.0 0.0 0.0 0.6989515726410384
37 45 41 0.0 0.0 0.0 0.0 1.0 0.0 0.0 0.6996501749125437
37 45 42 0.0 0.0 0.0 0.0 1.0 0.0 0.0 0.6996501749125437
37 46 40 0.0 0.0 0.0 0.0 1.0 0.0 0.0 0.6996501749125437
38 35 39 0.0 0.0 0.0 0.0 4.0 0.0 0.0 0.6986027944111775
38 35 40 0.0 0.0 0.0 0.0 4.0 0.0 0.0 0.6986027944111775
38 35 41 0.0 0.0 0.0 0.0 7.0 0.0 0.0 0.6975585450921773
38 35 42 0.0 0.0 0.0 0.0 2.0 0.0 0.0 0.6993006993006992
38 36 36 0.0 0.0 0.0 0.0 11.0 0.0 0.0 0.6961710591745399
38 36 37 0.0 0.0 46.0 0.0 758.0 10.0 1.0 0.5010737294201861
38 36 38 0.0 0.0 13.0 0.0 389.0 1.0 0.0 0.5830903790087463
38 36 39 0.0 0.0 11.0 0.0 351.0 2.0 0.0 0.5937234944868531
38 36 40 0.0 0.0 102.0 0.0 2527.0 18.0 43.0 0.30355594102341715
38 36 41 0.0 0.0 67.0 0.0 1821.0 15.0 27.0 0.36157024793388426
38 36 42 0.0 0.0 3.0 0.0 272.0 1.0 2.0 0.615655233069481
38 36 43 0.0 0.0 10.0 0.0 201.0 1.0 0.0 0.6334841628959276
38 36 44 0.0 0.0 0.0 0.0 12.0 0.0 0.0 0.6958250497017892
38 37 36 0.0 0.0 65.0 0.0 1486.0 9.0 9.0 0.39525691699604737
38 37 37 0.0 0.0 9.0 0.0 380.0 4.0 1.0 0.5870020964360586
38 37 38 0.0 0.0 328.0 0.0 6674.0 26.0 580.0 0.15586729013582717
38 37 39 0.0 0.0 182.0 0.0 4352.0 16.0 190.0 0.21465808034345288
38 37 40 0.0 0.0 548.0 0.0 10139.0 21.0 2806.0 0.11043622308117061
38 37 41 0.0 0.0 306.0 0.0 6750.0 15.0 718.0 0.1547816473189607
38 37 42 0.0 0.0 501.0 0.0 9494.0 28.0 2439.0 0.11691022964509393
38 37 43 0.0 0.0 340.0 0.0 6976.0 14.0 800.0 0.15044057597249083
38 37 44 0.0 0.0 20.0 0.0 347.0 0.0 0.0 0.5914659907055343
38 37 45 0.0 0.0 0.0 0.0 18.0 0.0 0.0 0.6937561942517343
38 38 35 0.0 0.0 0.0 0.0 4.0 0.0 0.0 0.6986027944111775
38 38 36 0.0 0.0 35.0 0.0 839.0 9.0 5.0 0.48882681564245806
38 38 37 0.0 0.0 85.0 0.0 2527.0 15.0 61.0 0.3046127067014795
38 38 38 0.0 0.0 660.0 0.0 11248.0 19.0 5183.0 0.10067596720839923
38 38 39 0.0 0.0 797.0 0.0 12076.0 33.0 6754.0 0.09419363520150709
38 38 40 0.0 0.0 1194.0 0.0 13038.0 36.0 13673.0 0.08629723232447759
38 38 41 0.0 0.0 1059.0 0.0 12820.0 38.0 10600.0 0.08821120282275849
38 38 42 0.0 0.0 702.0 0.0 11087.0 30.0 3506.0 0.10167029774872911
38 38 43 0.0 0.0 108.0 0.0 2027.0 16.0 22.0 0.3398058252427184
38 38 44 0.0 0.0 3.0 0.0 136.0 1.0 0.0 0.6548175865294666
38 38 45 0.0 0.0 22.0 0.0 369.0 5.0 0.0 0.5867560771165129
38 39 35 0.0 0.0 1.0 0.0 15.0 0.0 0.0 0.6944444444444444
38 39 36 0.0 0.0 10.0 0.0 261.0 4.0 0.0 0.6175562417291574
38 39 37 0.0 0.0 274.0 0.0 6359.0 18.0 551.0 0.16241299303944312
38 39 38 0.0 0.0 1063.0 0.0 12806.0 41.0 11111.0 0.08823900163872431
38 39 39 0.0 0.0 1428.0 0.0 12365.0 45.0 20768.0 0.08870865543023697
38 39 40 0.0 0.0 1517.0 0.0 13157.0 42.0 19206.0 0.083978165676924
38 39 41 0.0 0.0 1332.0 0.0 12975.0 39.0 16532.0 0.08585270129392285
38 39 42 0.0 0.0 633.0 0.0 10868.0 32.0 4264.0 0.10375750389090639
38 39 43 0.0 0.0 537.0 0.0 9633.0 27.0 2311.0 0.11523582187834387
38 39 44 0.0 0.0 29.0 0.0 532.0 3.0 0.0 0.5473025801407349
38 39 45 0.0 0.0 1.0 0.0 11.0 0.0 0.0 0.6958250497017892
38 40 35 0.0 0.0 0.0 0.0 4.0 0.0 0.0 0.6986027944111775
38 40 36 0.0 0.0 4.0 0.0 168.0 2.0 0.0 0.6451612903225805
38 40 37 0.0 0.0 357.0 0.0 7161.0 16.0 734.0 0.1472599137477648
38 40 38 0.0 0.0 1047.0 0.0 12883.0 33.0 10901.0 0.08789001192793018
38 40 39 0.0 0.0 1918.0 0.0 12294.0 48.0 29993.0 0.08631851532153645
38 40 40 0.0 0.0 1729.0 0.0 12819.0 60.0 24038.0 0.08457681387059747
38 40 41 0.0 0.0 1014.0 0.0 12608.0 35.0 10385.0 0.08966886568884903
38 40 42 0.0 0.0 927.0 0.0 12543.0 26.0 8998.0 0.09053870529651425
38 40 43 0.0 0.0 307.0 0.0 6679.0 20.0 622.0 0.15612802498048398
38 40 44 0.0 0.0 0.0 0.0 69.0 0.0 1.0 0.6766553890768486
38 40 45 0.0 0.0 2.0 0.0 31.0 0.0 0.0 0.6886374815543531
38 41 36 0.0 0.0 1.0 0.0 72.0 0.0 0.0 0.6753497346840327
38 41 37 0.0 0.0 251.0 0.0 5374.0 22.0 358.0 0.1841136244082062
38 41 38 0.0 0.0 784.0 0.0 11875.0 31.0 5840.0 0.09560229445506692
38 41 39 0.0 0.0 1540.0 0.0 12470.0 48.0 21989.0 0.08747813046738315
38 41 40 0.0 0.0 1713.0 0.0 12647.0 50.0 24227.0 0.08561643835616438
38 41 41 0.0 0.0 1125.0 0.0 13017.0 39.0 12044.0 0.08676789587852494
38 41 42 0.0 0.0 646.0 0.0 10684.0 27.0 3058.0 0.10512088902237571
38 41 43 0.0 0.0 83.0 0.0 1737.0 17.0 20.0 0.3681304233499868
38 41 44 0.0 0.0 61.0 0.0 1431.0 14.0 8.0 0.4026459591601955
38 41 45 0.0 0.0 0.0 0.0 1.0 0.0 0.0 0.6996501749125437
38 42 35 0.0 0.0 0.0 0.0 2.0 0.0 0.0 0.6993006993006992
38 42 36 0.0 0.0 67.0 0.0 1754.0 9.0 18.0 0.36745406824146976
38 42 37 0.0 0.0 207.0 0.0 4629.0 14.0 259.0 0.20503807850029288
38 42 38 0.0 0.0 676.0 0.0 11204.0 22.0 4765.0 0.10082823190493337
38 42 39 0.0 0.0 1159.0 0.0 12735.0 30.0 15004.0 0.08810018249323516
38 42 40 0.0 0.0 1097.0 0.0 12628.0 25.0 12347.0 0.0889905924230867
38 42 41 0.0 0.0 1287.0 0.0 12753.0 40.0 16783.0 0.08727635434199861
38 42 42 0.0 0.0 528.0 0.0 9443.0 26.0 2241.0 0.11712540784740232
38 42 43 0.0 0.0 10.0 0.0 314.0 4.0 1.0 0.6031882809133993
38 42 44 0.0 0.0 0.0 0.0 21.0 0.0 0.0 0.6927263730826323
38 43 34 0.0 0.0 0.0 0.0 1.0 0.0 0.0 0.6996501749125437
38 43 35 0.0 0.0 0.0 0.0 1.0 0.0 0.0 0.6996501749125437
38 43 36 0.0 0.0 4.0 0.0 64.0 1.0 0.0 0.6773101112723753
38 43 37 0.0 0.0 93.0 0.0 2576.0 13.0 58.0 0.3006872852233677
38 43 38 0.0 0.0 342.0 0.0 7535.0 18.0 867.0 0.14191586416624427
38 43 39 0.0 0.0 360.0 0.0 7490.0 15.0 883.0 0.14236322961155173
38 43 40 0.0 0.0 574.0 0.0 10294.0 32.0 3398.0 0.10896637608966375
38 43 41 0.0 0.0 466.0 0.0 9411.0 20.0 2037.0 0.11800404585300064
38 43 42 0.0 0.0 303.0 0.0 6142.0 24.0 467.0 0.16621156357592304
38 43 43 0.0 0.0 12.0 0.0 305.0 2.0 0.0 0.6047516198704103
38 43 44 0.0 0.0 0.0 0.0 1.0 0.0 0.0 0.6996501749125437
38 44 34 0.0 0.0 0.0 0.0 1.0 0.0 0.0 0.6996501749125437
38 44 37 0.0 0.0 0.0 0.0 20.0 0.0 0.0 0.6930693069306929
38 44 38 0.0 0.0 19.0 0.0 388.0 10.0 0.0 0.5843071786310516
38 44 39 0.0 0.0 79.0 0.0 1707.0 11.0 25.0 0.3708609271523178
38 44 40 0.0 0.0 160.0 0.0 3611.0 14.0 112.0 0.2431399791594303
38 44 41 0.0 0.0 247.0 0.0 5192.0 27.0 286.0 0.18878101402373243
38 44 42 0.0 0.0 2.0 0.0 143.0 1.0 0.0 0.6529850746268656
38 44 43 0.0 0.0 1.0 0.0 36.0 0.0 0.0 0.6872852233676975
38 45 38 0.0 0.0 0.0 0.0 3.0 0.0 0.0 0.6989515726410384
38 45 39 0.0 0.0 5.0 0.0 56.0 2.0 0.0 0.6799417192812044
38 45 40 0.0 0.0 46.0 0.0 984.0 12.0 2.0 0.46388336646785944
38 45 41 0.0 0.0 110.0 0.0 2190.0 20.0 23.0 0.32702639570193875
38 45 42 0.0 0.0 0.0 0.0 16.0 0.0 0.0 0.6944444444444444
38 45 43 0.0 0.0 0.0 0.0 6.0 0.0 0.0 0.6979062811565303
38 46 42 0.0 0.0 0.0 0.0 2.0 0.0 0.0 0.6993006993006992
39 35 37 0.0 0.0 0.0 0.0 5.0 0.0 0.0 0.6982543640897755
39 35 38 0.0 0.0 0.0 0.0 8.0 0.0 0.0 0.697211155378486
39 35 39 0.0 0.0 9.0 0.0 112.0 4.0 0.0 0.6613131790269249
39 35 40 0.0 0.0 0.0 0.0 3.0 0.0 0.0 0.6989515726410384
39 35 41 0.0 0.0 13.0 0.0 289.0 3.0 0.0 0.6089604175728577
39 35 42 0.0 0.0 5.0 0.0 194.0 1.0 0.0 0.6369426751592355
39 35 43 0.0 0.0 1.0 0.0 5.0 0.0 0.0 0.6979062811565303
39 36 35 0.0 0.0 0.0 0.0 1.0 0.0 0.0 0.6996501749125437
39 36 36 0.0 0.0 19.0 0.0 454.0 6.0 2.0 0.5674908796108633
39 36 37 0.0 0.0 25.0 0.0 446.0 8.0 1.0 0.5684125050751115
39 36 38 0.0 0.0 178.0 0.0 3671.0 15.0 100.0 0.23997257456290705
39 36 39 0.0 0.0 9.0 0.0 240.0 3.0 0.0 0.6236080178173719
39 36 40 0.0 0.0 108.0 0.0 2647.0 13.0 53.0 0.29517183217372966
39 36 41 0.0 0.0 265.0 0.0 5968.0 14.0 471.0 0.17027487229384575
39 36 42 0.0 0.0 95.0 0.0 2356.0 14.0 28.0 0.31552851025467654
39 36 43 0.0 0.0 14.0 0.0 379.0 5.0 1.0 0.5862646566164154
39 36 44 0.0 0.0 0.0 0.0 12.0 0.0 0.0 0.6958250497017892
39 36 45 0.0 0.0 0.0 0.0 3.0 0.0 0.0 0.6989515726410384
39 37 35 0.0 0.0 0.0 0.0 1.0 0.0 0.0 0.6996501749125437
39 37 36 0.0 0.0 12.0 0.0 406.0 0.0 1.0 0.5789909015715466
39 37 37 0.0 0.0 546.0 0.0 9647.0 23.0 2127.0 0.11499917857729586
39 37 38 0.0 0.0 388.0 0.0 8451.0 22.0 1383.0 0.12928248222365868
39 37 39 0.0 0.0 412.0 0.0 7578.0 20.0 858.0 0.14033680834001602
39 37 40 0.0 0.0 736.0 0.0 11474.0 32.0 5040.0 0.09854990848937067
39 37 41 0.0 0.0 1086.0 0.0 12908.0 31.0 11137.0 0.087527352297593
39 37 42 0.0 0.0 814.0 0.0 12054.0 34.0 5916.0 0.09418096199125461
39 37 43 0.0 0.0 209.0 0.0 4459.0 18.0 220.0 0.2104630186410102
39 37 44 0.0 0.0 2.0 0.0 83.0 0.0 0.0 0.6714628297362109
39 37 45 0.0 0.0 0.0 0.0 8.0 0.0 0.0 0.697211155378486
39 38 35 0.0 0.0 1.0 0.0 43.0 1.0 0.0 0.6852667645619186
39 38 36 0.0 0.0 107.0 0.0 2498.0 16.0 44.0 0.30507735890172144
39 38 37 0.0 0.0 696.0 0.0 11374.0 33.0 6320.0 0.09954493742889646
39 38 38 0.0 0.0 823.0 0.0 11982.0 26.0 6241.0 0.09461377306210718
39 38 39 0.0 0.0 1129.0 0.0 12940.0 29.0 12376.0 0.08708092305778439
39 38 40 0.0 0.0 1863.0 0.0 12480.0 43.0 28859.0 0.08561643835616438
39 38 41 0.0 0.0 1662.0 0.0 12849.0 43.0 22914.0 0.08480736612551489
39 38 42 0.0 0.0 746.0 0.0 11720.0 35.0 6099.0 0.09691934925579783
39 38 43 0.0 0.0 231.0 0.0 5096.0 19.0 272.0 0.1914922719190261
39 38 44 0.0 0.0 418.0 0.0 8230.0 27.0 1236.0 0.13173990778206454
39 38 45 0.0 0.0 0.0 0.0 11.0 0.0 0.0 0.6961710591745399
39 39 35 0.0 0.0 0.0 0.0 28.0 0.0 0.0 0.690335305719921
39 39 36 0.0 0.0 307.0 0.0 6145.0 24.0 550.0 0.166073546856465
39 39 37 0.0 0.0 781.0 0.0 11902.0 37.0 5095.0 0.09543936191969458
39 39 38 0.0 0.0 1226.0 0.0 13013.0 44.0 13816.0 0.08619628124615193
39 39 39 0.0 0.0 2187.0 2.0 12062.0 63.0 35061.0 0.08619097457366248
39 39 40 0.0 0.0 2951.0 0.0 10038.0 69.0 58851.0 0.09343923112861242
39 39 41 0.0 0.0 2474.0 0.0 11114.0 60.0 45035.0 0.0898299647096567
39 39 42 0.0 0.0 977.0 0.0 12866.0 31.0 8202.0 0.08839499936860713
39 39 43 0.0 0.0 437.0 0.0 8374.0 33.0 1241.0 0.12985808366570817
39 39 44 0.0 0.0 20.0 0.0 427.0 7.0 1.0 0.5737704918032785
39 39 45 0.0 0.0 0.0 0.0 14.0 0.0 0.0 0.6951340615690167
39 40 35 0.0 0.0 0.0 0.0 21.0 0.0 0.0 0.6927263730826323
39 40 36 0.0 0.0 59.0 0.0 1595.0 14.0 15.0 0.3846153846153846
39 40 37 0.0 0.0 409.0 0.0 8955.0 20.0 1795.0 0.12335888624548418
39 40 38 0.0 0.0 1513.0 0.0 12639.0 43.0 20553.0 0.08671952428146679
39 40 39 2.0 0.0 3023.0 0.0 9487.0 64.0 64366.0 0.09649848359525777
39 40 40 1.0 0.0 2697.0 1.0 11313.0 59.0 47224.0 0.08734169318110924
39 40 41 1.0 1.0 1875.0 0.0 12424.0 54.0 28602.0 0.08595812611285072
39 40 42 0.0 0.0 1154.0 0.0 12926.0 25.0 12629.0 0.08702138239681749
39 40 43 0.0 0.0 193.0 0.0 4492.0 23.0 225.0 0.21011556355995792
39 40 44 0.0 0.0 111.0 0.0 2806.0 15.0 71.0 0.2853648593558907
39 41 35 0.0 0.0 2.0 0.0 30.0 0.0 0.0 0.6889763779527558
39 41 36 0.0 0.0 80.0 0.0 1564.0 12.0 13.0 0.38556871385293306
39 41 37 0.0 0.0 457.0 0.0 8983.0 31.0 1949.0 0.12264564169951817
39 41 38 0.0 0.0 1219.0 0.0 13032.0 29.0 13021.0 0.08609556607834695
39 41 39 0.0 0.0 2386.0 0.0 11850.0 58.0 38196.0 0.08622282441337685
39 41 40 0.0 0.0 2607.0 0.0 10877.0 48.0 47590.0 0.09020037368726241
39 41 41 0.0 0.0 2233.0 0.0 11619.0 66.0 38769.0 0.0883894185238967
39 41 42 0.0 0.0 861.0 0.0 12272.0 29.0 7147.0 0.09256198347107437
39 41 43 0.0 0.0 648.0 0.0 11070.0 26.0 4069.0 0.1021897810218978
39 41 44 0.0 0.0 24.0 0.0 443.0 5.0 1.0 0.5686433793663687
39 41 45 0.0 0.0 0.0 0.0 5.0 0.0 0.0 0.6982543640897755
39 42 35 0.0 0.0 0.0 0.0 26.0 0.0 0.0 0.6910167818361302
39 42 36 0.0 0.0 71.0 0.0 1912.0 13.0 24.0 0.35264483627204024
39 42 37 0.0 0.0 426.0 0.0 8141.0 27.0 1242.0 0.13273916753579215
39 42 38 0.0 0.0 896.0 0.0 12439.0 27.0 7892.0 0.091324200913242
39 42 39 0.0 0.0 954.0 0.0 12520.0 28.0 9376.0 0.09045680687471731
39 42 40 0.0 0.0 1424.0 0.0 12899.0 33.0 18450.0 0.08581060373889059
39 42 41 0.0 0.0 1032.0 0.0 12605.0 28.0 10270.0 0.08953696597595291
39 42 42 0.0 0.0 445.0 0.0 9324.0 22.0 2436.0 0.11904761904761901
39 42 43 0.0 0.0 80.0 0.0 1899.0 17.0 23.0 0.3533568904593639
39 42 44 0.0 0.0 11.0 0.0 280.0 3.0 0.0 0.6118881118881118
39 42 45 0.0 0.0 0.0 0.0 4.0 0.0 0.0 0.6986027944111775
39 43 35 0.0 0.0 84.0 0.0 1587.0 15.0 21.0 0.3829321663019693
39 43 36 0.0 0.0 1.0 0.0 41.0 0.0 0.0 0.6859382655560998
39 43 37 0.0 0.0 112.0 0.0 2756.0 12.0 54.0 0.2883625128733264
39 43 38 0.0 0.0 299.0 0.0 6220.0 21.0 506.0 0.16464777137480888
39 43 39 0.0 0.0 586.0 0.0 10474.0 27.0 3308.0 0.10727147345031032
39 43 40 0.0 0.0 952.0 0.0 12557.0 29.0 9958.0 0.09031675375782207
39 43 41 0.0 0.0 349.0 0.0 7637.0 14.0 1125.0 0.1403227423073068
39 43 42 0.0 0.0 547.0 0.0 10270.0 27.0 3066.0 0.10935791282612091
39 43 43 0.0 0.0 7.0 0.0 229.0 3.0 0.0 0.6269592476489028
39 43 44 0.0 0.0 0.0 0.0 7.0 0.0 0.0 0.6979062811565303
39 43 45 0.0 0.0 0.0 0.0 4.0 0.0 0.0 0.6986027944111775
39 44 36 0.0 0.0 0.0 0.0 3.0 0.0 0.0 0.6989515726410384
39 44 37 0.0 0.0 0.0 0.0 15.0 0.0 0.0 0.6951340615690167
39 44 38 0.0 0.0 4.0 0.0 159.0 1.0 0.0 0.6475485661424606
39 44 39 0.0 0.0 337.0 0.0 6787.0 22.0 720.0 0.15369414864419803
39 44 40 0.0 0.0 362.0 0.0 6868.0 29.0 668.0 0.15205821657434557
39 44 41 0.0 0.0 503.0 0.0 9330.0 21.0 2319.0 0.11839323467230442
39 44 42 0.0 0.0 249.0 0.0 5601.0 16.0 470.0 0.17861699413115587
39 44 43 0.0 0.0 3.0 0.0 111.0 0.0 0.0 0.662251655629139
39 45 38 0.0 0.0 0.0 0.0 5.0 0.0 0.0 0.6982543640897755
39 45 39 0.0 0.0 1.0 0.0 54.0 1.0 0.0 0.6815968841285296
39 45 40 0.0 0.0 0.0 0.0 53.0 0.0 0.0 0.6819288845591815
39 45 41 0.0 0.0 8.0 0.0 176.0 1.0 0.0 0.6419073819348922
39 45 42 0.0 0.0 17.0 0.0 440.0 0.0 1.0 0.5700325732899022
39 45 43 0.0 0.0 0.0 0.0 5.0 0.0 0.0 0.6982543640897755
40 34 37 0.0 0.0 0.0 0.0 1.0 0.0 0.0 0.6996501749125437
40 34 39 0.0 0.0 0.0 0.0 3.0 0.0 0.0 0.6989515726410384
40 35 37 0.0 0.0 0.0 0.0 1.0 0.0 0.0 0.6996501749125437
40 35 38 0.0 0.0 1.0 0.0 30.0 0.0 0.0 0.6893156080748399
40 35 39 0.0 0.0 6.0 0.0 97.0 3.0 0.0 0.6666666666666665
40 35 40 0.0 0.0 23.0 0.0 568.0 7.0 2.0 0.5417956656346749
40 35 41 0.0 0.0 1.0 0.0 39.0 0.0 0.0 0.6866110838646394
40 35 42 0.0 0.0 0.0 0.0 19.0 0.0 0.0 0.6934125804853887
40 35 43 0.0 0.0 0.0 0.0 2.0 0.0 0.0 0.6993006993006992
40 36 36 0.0 0.0 0.0 0.0 17.0 0.0 0.0 0.694100148735746
40 36 37 0.0 0.0 18.0 0.0 358.0 6.0 0.0 0.590966652596032
40 36 38 0.0 0.0 165.0 0.0 3686.0 16.0 111.0 0.23989033584647015
40 36 39 0.0 0.0 268.0 0.0 5658.0 12.0 343.0 0.17683465959328024
40 36 40 0.0 0.0 130.0 0.0 3564.0 7.0 129.0 0.24621878297572983
40 36 41 0.0 0.0 288.0 0.0 6486.0 23.0 670.0 0.15989036089538602
40 36 42 0.0 0.0 148.0 0.0 3479.0 13.0 93.0 0.24924336834609215
40 36 43 0.0 0.0 80.0 0.0 1681.0 16.0 16.0 0.37373198077949804
40 36 44 0.0 0.0 1.0 0.0 19.0 0.0 0.0 0.6930693069306929
40 37 36 0.0 0.0 100.0 0.0 2200.0 17.0 23.0 0.3266448903406439
40 37 37 0.0 0.0 244.0 0.0 5132.0 18.0 289.0 0.1902432395705938
40 37 38 0.0 0.0 795.0 0.0 11725.0 33.0 5802.0 0.0964585917045611
40 37 39 0.0 0.0 563.0 0.0 10064.0 26.0 2529.0 0.11099659081899625
40 37 40 0.0 0.0 563.0 0.0 10375.0 30.0 2952.0 0.10833397817844152
40 37 41 0.0 0.0 915.0 0.0 12228.0 25.0 9598.0 0.09243364584708834
40 37 42 0.0 0.0 614.0 0.0 10636.0 36.0 3016.0 0.10582010582010581
40 37 43 0.0 0.0 370.0 0.0 7321.0 21.0 839.0 0.14461315979754158
40 37 44 0.0 0.0 155.0 0.0 3455.0 13.0 87.0 0.25008931761343334
40 37 45 0.0 0.0 0.0 0.0 14.0 0.0 0.0 0.6951340615690167
40 38 35 0.0 0.0 0.0 0.0 9.0 0.0 0.0 0.6968641114982577
40 38 36 0.0 0.0 16.0 0.0 523.0 4.0 1.0 0.5522682445759368
40 38 37 0.0 0.0 274.0 0.0 6187.0 21.0 543.0 0.16575893914278947
40 38 38 0.0 0.0 1549.0 0.0 12282.0 35.0 23696.0 0.08837268021714428
40 38 39 0.0 0.0 1071.0 0.0 13010.0 40.0 9112.0 0.08711343413602139
40 38 40 0.0 0.0 1557.0 0.0 12896.0 52.0 20667.0 0.08522035549062575
40 38 41 0.0 0.0 1599.0 0.0 12787.0 43.0 22701.0 0.08548574219942602
40 38 42 0.0 0.0 1663.0 0.0 12719.0 41.0 23671.0 0.08542314967356153
40 38 43 0.0 0.0 605.0 0.0 10785.0 28.0 4057.0 0.10468855155911164
40 38 44 0.0 0.0 10.0 0.0 563.0 4.0 4.0 0.544959128065395
40 38 45 0.0 0.0 0.0 0.0 24.0 0.0 0.0 0.6916996047430829
40 39 35 0.0 0.0 1.0 0.0 59.0 1.0 0.0 0.6799417192812044
40 39 36 0.0 0.0 271.0 0.0 5922.0 16.0 411.0 0.17110730872647273
40 39 37 0.0 0.0 585.0 0.0 10358.0 19.0 3037.0 0.10819165378670786
40 39 38 0.0 0.0 1233.0 0.0 12931.0 44.0 13775.0 0.0866765725606736
40 39 39 0.0 0.0 2454.0 0.0 11110.0 67.0 45643.0 0.09000321440051429
40 39 40 0.0 0.0 2997.0 1.0 10964.0 70.0 52249.0 0.08775228782750406
40 39 41 0.0 0.0 2965.0 0.0 10350.0 71.0 56304.0 0.09136592051164914
40 39 42 0.0 0.0 1610.0 0.0 13134.0 41.0 21056.0 0.08363201911589008
40 39 43 0.0 0.0 708.0 0.0 11465.0 25.0 5091.0 0.0988351570773032
40 39 44 0.0 0.0 21.0 0.0 804.0 7.0 9.0 0.4968062455642299
40 39 45 0.0 0.0 1.0 0.0 43.0 0.0 0.0 0.684931506849315
40 40 35 0.0 0.0 22.0 0.0 289.0 6.0 0.0 0.6073752711496745
40 40 36 0.0 0.0 422.0 0.0 8159.0 23.0 1307.0 0.1325506532853626
40 40 37 0.0 0.0 900.0 0.0 12240.0 39.0 10337.0 0.09254362771020623
40 40 38 0.0 0.0 1342.0 0.0 12798.0 43.0 16584.0 0.08674101610904583
40 40 39 1.0 0.0 2342.0 0.0 11727.0 68.0 37250.0 0.087173100871731
40 40 40 8.0 13.0 3479.0 16.0 6197.0 57.0 104540.0 0.11935208866155156
40 40 41 0.0 0.0 2249.0 1.0 12063.0 49.0 34267.0 0.08578431372549018
40 40 42 0.0 0.0 1288.0 0.0 13085.0 41.0 13691.0 0.08549096238397655
40 40 43 0.0 0.0 442.0 0.0 8822.0 24.0 1735.0 0.12449977767896842
40 40 44 0.0 0.0 32.0 0.0 785.0 3.0 3.0 0.49751243781094523
40 40 45 0.0 0.0 0.0 0.0 19.0 0.0 0.0 0.6934125804853887
40 41 35 0.0 0.0 1.0 0.0 54.0 1.0 0.0 0.6819288845591815
40 41 36 0.0 0.0 187.0 0.0 4558.0 14.0 247.0 0.207961972667855
40 41 37 0.0 0.0 874.0 0.0 12290.0 37.0 7481.0 0.09240924092409239
40 41 38 0.0 0.0 1636.0 0.0 12820.0 45.0 22727.0 0.08509086488786238
40 41 39 0.0 0.0 2226.0 1.0 12392.0 49.0 33350.0 0.08418014551139437
40 41 40 0.0 5.0 2466.0 16.0 11699.0 67.0 41687.0 0.08653727283965879
40 41 41 0.0 0.0 2387.0 2.0 11094.0 48.0 43219.0 0.09042175289026673
40 41 42 0.0 0.0 1019.0 1.0 12836.0 27.0 8824.0 0.08831136062574907
40 41 43 0.0 0.0 611.0 0.0 10636.0 19.0 4134.0 0.10570824524312895
40 41 44 0.0 0.0 2.0 0.0 299.0 0.0 0.0 0.6084311169056931
40 41 45 0.0 0.0 0.0 0.0 4.0 0.0 0.0 0.6986027944111775
40 42 35 0.0 0.0 0.0 0.0 25.0 0.0 0.0 0.6913580246913579
40 42 36 0.0 0.0 541.0 0.0 9484.0 26.0 1900.0 0.11655982016484887
40 42 37 0.0 0.0 442.0 0.0 9014.0 33.0 1968.0 0.12245254963701564
40 42 38 0.0 0.0 811.0 0.0 11968.0 25.0 6273.0 0.09476748121573139
40 42 39 0.0 0.0 1705.0 0.0 12058.0 49.0 27447.0 0.08878741755454084
40 42 40 0.0 0.0 1113.0 2.0 13118.0 36.0 10672.0 0.08627595982005298
40 42 41 0.0 0.0 1558.0 1.0 12686.0 49.0 21380.0 0.08620158857213224
40 42 42 0.0 0.0 600.0 0.0 10488.0 30.0 3030.0 0.10711553175210405
40 42 43 0.0 0.0 200.0 0.0 5027.0 24.0 295.0 0.1944174420219414
40 42 44 0.0 0.0 175.0 0.0 4496.0 24.0 235.0 0.2104946624567734
40 42 45 0.0 0.0 0.0 0.0 3.0 0.0 0.0 0.6989515726410384
40 43 35 0.0 0.0 0.0 0.0 27.0 0.0 0.0 0.6906758756783422
40 43 36 0.0 0.0 25.0 0.0 716.0 7.0 0.0 0.5120702267739574
40 43 37 0.0 0.0 195.0 0.0 4415.0 19.0 191.0 0.21231422505307854
40 43 38 0.0 0.0 135.0 0.0 3485.0 20.0 135.0 0.24995536511337257
40 43 39 0.0 0.0 654.0 0.0 11110.0 27.0 3727.0 0.10179597178797352
40 43 40 0.0 0.0 851.0 0.0 12178.0 30.0 7674.0 0.09322767530132516
40 43 41 0.0 0.0 586.0 0.0 9907.0 34.0 2555.0 0.11223344556677889
40 43 42 0.0 0.0 281.0 0.0 6332.0 20.0 570.0 0.16284750494358494
40 43 43 0.0 0.0 107.0 0.0 2070.0 16.0 15.0 0.33645758231194417
40 43 44 0.0 0.0 0.0 0.0 12.0 0.0 0.0 0.6958250497017892
40 43 45 0.0 0.0 3.0 0.0 77.0 2.0 0.0 0.6737247353224253
40 44 34 0.0 0.0 0.0 0.0 3.0 0.0 0.0 0.6989515726410384
40 44 36 0.0 0.0 0.0 0.0 8.0 0.0 0.0 0.697211155378486
40 44 37 0.0 0.0 0.0 0.0 18.0 0.0 0.0 0.6937561942517343
40 44 38 0.0 0.0 11.0 0.0 322.0 3.0 0.0 0.6008583690987124
40 44 39 0.0 0.0 266.0 0.0 5969.0 20.0 500.0 0.17031630170316298
40 44 40 0.0 0.0 229.0 0.0 5281.0 21.0 349.0 0.18691588785046725
40 44 41 0.0 0.0 36.0 0.0 951.0 5.0 4.0 0.46948356807511726
40 44 42 0.0 0.0 100.0 0.0 2697.0 19.0 53.0 0.29294831554718553
40 44 43 0.0 0.0 6.0 0.0 183.0 3.0 2.0 0.6404391582799633
40 45 37 0.0 0.0 0.0 0.0 2.0 0.0 0.0 0.6993006993006992
40 45 38 0.0 0.0 0.0 0.0 21.0 0.0 0.0 0.6927263730826323
40 45 39 0.0 0.0 0.0 0.0 21.0 0.0 0.0 0.6927263730826323
40 45 40 0.0 0.0 2.0 0.0 25.0 1.0 0.0 0.6910167818361302
40 45 41 0.0 0.0 0.0 0.0 30.0 0.0 0.0 0.689655172413793
40 45 42 0.0 0.0 0.0 0.0 18.0 0.0 0.0 0.6937561942517343
40 45 43 0.0 0.0 0.0 0.0 2.0 0.0 0.0 0.6993006993006992
41 35 37 0.0 0.0 0.0 0.0 2.0 0.0 0.0 0.6993006993006992
41 35 38 0.0 0.0 82.0 0.0 1799.0 16.0 10.0 0.3622250970245795
41 35 39 0.0 0.0 9.0 0.0 289.0 2.0 1.0 0.6100217864923746
41 35 40 0.0 0.0 13.0 0.0 380.0 4.0 1.0 0.5860192549183758
41 35 41 0.0 0.0 0.0 0.0 14.0 0.0 0.0 0.695479384003974
41 35 42 0.0 0.0 0.0 0.0 10.0 0.0 0.0 0.6965174129353233
41 35 43 0.0 0.0 0.0 0.0 1.0 0.0 0.0 0.6996501749125437
41 35 44 0.0 0.0 0.0 0.0 1.0 0.0 0.0 0.6996501749125437
41 36 36 0.0 0.0 0.0 0.0 6.0 0.0 0.0 0.6979062811565303
41 36 37 0.0 0.0 0.0 0.0 76.0 0.0 0.0 0.6743737957610789
41 36 38 0.0 0.0 49.0 0.0 1028.0 9.0 2.0 0.45647212259536996
41 36 39 0.0 0.0 592.0 0.0 10332.0 28.0 3333.0 0.10841787346085338
41 36 40 0.0 0.0 224.0 0.0 5339.0 15.0 342.0 0.1854304635761589
41 36 41 0.0 0.0 91.0 0.0 2025.0 9.0 24.0 0.3407984420642648
41 36 42 0.0 0.0 34.0 0.0 887.0 8.0 4.0 0.48060418812221073
41 36 43 0.0 0.0 98.0 0.0 2855.0 12.0 81.0 0.2833434527423598
41 36 44 0.0 0.0 1.0 0.0 54.0 1.0 0.0 0.6815968841285296
41 36 45 0.0 0.0 0.0 0.0 1.0 0.0 0.0 0.6996501749125437
41 37 35 0.0 0.0 0.0 0.0 2.0 0.0 0.0 0.6993006993006992
41 37 36 0.0 0.0 2.0 0.0 62.0 0.0 0.0 0.6782945736434108
41 37 37 0.0 0.0 224.0 0.0 4801.0 13.0 222.0 0.199657729606389
41 37 38 0.0 0.0 197.0 0.0 5421.0 26.0 401.0 0.18433179723502302
41 37 39 1.0 0.0 810.0 0.0 11895.0 33.0 6759.0 0.09529643999727723
41 37 40 0.0 0.0 644.0 0.0 10908.0 26.0 3937.0 0.10338970533933976
41 37 41 0.0 0.0 690.0 0.0 11312.0 31.0 4682.0 0.10010725777618876
41 37 42 0.0 0.0 785.0 0.0 12087.0 21.0 5976.0 0.09416195856873821
41 37 43 0.0 0.0 611.0 0.0 10049.0 23.0 2901.0 0.11065444198545682
41 37 44 0.0 0.0 8.0 0.0 300.0 2.0 1.0 0.6071118820468342
41 37 45 0.0 0.0 1.0 0.0 9.0 0.0 0.0 0.6965174129353233
41 38 35 0.0 0.0 2.0 0.0 50.0 1.0 0.0 0.68259385665529
41 38 36 0.0 0.0 14.0 0.0 368.0 4.0 0.0 0.5892255892255891
41 38 37 0.0 0.0 526.0 0.0 9644.0 18.0 2160.0 0.11513157894736842
41 38 38 0.0 0.0 773.0 0.0 11912.0 29.0 5909.0 0.09542635130529614
41 38 39 0.0 0.0 1320.0 0.0 12952.0 47.0 16371.0 0.08613264427217915
41 38 40 0.0 0.0 1824.0 0.0 12660.0 53.0 25808.0 0.08490508824064527
41 38 41 0.0 0.0 1662.0 0.0 12634.0 39.0 24254.0 0.08586323213738116
41 38 42 0.0 0.0 1654.0 0.0 11876.0 34.0 26982.0 0.09003794456235127
41 38 43 0.0 0.0 707.0 0.0 11359.0 25.0 4796.0 0.09964412811387899
41 38 44 0.0 0.0 214.0 0.0 5466.0 22.0 416.0 0.18283923207522526
41 38 45 0.0 0.0 2.0 0.0 22.0 1.0 0.0 0.6920415224913494
41 39 35 0.0 0.0 0.0 0.0 37.0 0.0 0.0 0.6872852233676975
41 39 36 0.0 0.0 339.0 0.0 6709.0 26.0 594.0 0.15512465373961215
41 39 37 0.0 0.0 343.0 0.0 7134.0 17.0 814.0 0.1479133650290544
41 39 38 0.0 0.0 1186.0 0.0 13193.0 35.0 13165.0 0.08547008547008546
41 39 39 0.0 0.0 2073.0 1.0 12328.0 61.0 31632.0 0.08541272649624793
41 39 40 1.0 0.0 3134.0 0.0 9715.0 68.0 62447.0 0.09428244326217251
41 39 41 0.0 0.0 3254.0 0.0 8387.0 62.0 77054.0 0.10258664908038395
41 39 42 0.0 0.0 1824.0 0.0 12578.0 59.0 26461.0 0.08545965083628371
41 39 43 0.0 0.0 678.0 0.0 11278.0 32.0 4676.0 0.10043041606886657
41 39 44 0.0 0.0 218.0 0.0 5329.0 19.0 336.0 0.1859476690131491
41 39 45 0.0 0.0 0.0 0.0 30.0 0.0 0.0 0.689655172413793
41 40 35 0.0 0.0 5.0 0.0 167.0 1.0 0.0 0.64486411791801
41 40 36 0.0 0.0 493.0 0.0 9500.0 17.0 2474.0 0.11672502918125728
41 40 37 0.0 0.0 546.0 0.0 10145.0 19.0 2829.0 0.1104013879031622
41 40 38 0.0 0.0 1472.0 0.0 12876.0 37.0 19422.0 0.08560073372057474
41 40 39 0.0 0.0 2721.0 1.0 10571.0 76.0 51061.0 0.09151523074911752
41 40 40 0.0 0.0 2060.0 3.0 13265.0 52.0 26433.0 0.0808080808080808
41 40 41 0.0 0.0 2553.0 0.0 11135.0 65.0 45070.0 0.08928571428571427
41 40 42 0.0 0.0 2046.0 0.0 11932.0 47.0 33238.0 0.08759306763436149
41 40 43 0.0 0.0 966.0 0.0 12536.0 29.0 10306.0 0.09038089089735313
41 40 44 0.0 0.0 419.0 0.0 8127.0 17.0 1266.0 0.13292821876186856
41 40 45 0.0 0.0 1.0 0.0 39.0 0.0 0.0 0.6862745098039215
41 41 35 0.0 0.0 2.0 0.0 99.0 0.0 0.0 0.6663493574488338
41 41 36 0.0 0.0 95.0 0.0 2579.0 18.0 58.0 0.30062271848829714
41 41 37 0.0 0.0 829.0 0.0 12071.0 25.0 7094.0 0.09401020682245499
41 41 38 0.0 0.0 1134.0 0.0 12782.0 27.0 13045.0 0.08795627316705408
41 41 39 0.0 0.0 2255.0 1.0 11775.0 60.0 37687.0 0.08736349453978158
41 41 40 0.0 0.0 2823.0 0.0 10010.0 63.0 56100.0 0.09439687141797584
41 41 41 0.0 5.0 1765.0 17.0 13314.0 50.0 22573.0 0.08188571094344037
41 41 42 0.0 0.0 884.0 0.0 12314.0 41.0 7510.0 0.0922387666359204
41 41 43 0.0 0.0 573.0 0.0 10261.0 24.0 2983.0 0.10918733426922476
41 41 44 0.0 0.0 157.0 0.0 3794.0 13.0 139.0 0.23569023569023564
41 41 45 0.0 0.0 0.0 0.0 16.0 0.0 0.0 0.6944444444444444
41 42 35 0.0 0.0 0.0 0.0 26.0 0.0 0.0 0.6910167818361302
41 42 36 0.0 0.0 319.0 0.0 7073.0 18.0 807.0 0.14926964495148737
41 42 37 0.0 0.0 502.0 0.0 9120.0 26.0 1815.0 0.12055455093429776
41 42 38 0.0 0.0 571.0 0.0 10185.0 26.0 2918.0 0.1098642391901436
41 42 39 0.0 0.0 853.0 0.0 12129.0 28.0 6415.0 0.09351412731280474
41 42 40 0.0 0.0 1046.0 0.0 12746.0 34.0 11161.0 0.08864125617323033
41 42 41 0.0 0.0 1062.0 0.0 12830.0 26.0 10942.0 0.08809463881198086
41 42 42 0.0 0.0 460.0 0.0 9050.0 23.0 1975.0 0.12179208351457155
41 42 43 0.0 0.0 210.0 0.0 4945.0 20.0 292.0 0.1961333706920706
41 42 44 0.0 0.0 28.0 0.0 611.0 5.0 0.0 0.5315110098709187
41 42 45 0.0 0.0 3.0 0.0 85.0 1.0 0.0 0.670819357930043
41 43 35 0.0 0.0 3.0 0.0 79.0 0.0 0.0 0.6724303554274734
41 43 36 0.0 0.0 0.0 0.0 66.0 0.0 0.0 0.6776379477250725
41 43 37 0.0 0.0 110.0 0.0 2323.0 11.0 37.0 0.31652724395206866
41 43 38 0.0 0.0 175.0 0.0 4524.0 20.0 236.0 0.20958083832335325
41 43 39 0.0 0.0 590.0 0.0 10601.0 20.0 3335.0 0.10615711252653927
41 43 40 0.0 0.0 334.0 0.0 7092.0 20.0 809.0 0.1487620869195622
41 43 41 0.0 0.0 459.0 0.0 8924.0 23.0 1572.0 0.12320689958637682
41 43 42 0.0 0.0 575.0 0.0 10089.0 26.0 2797.0 0.11067193675889328
41 43 43 0.0 0.0 28.0 0.0 572.0 6.0 2.0 0.5397070161912104
41 43 44 0.0 0.0 0.0 0.0 7.0 0.0 0.0 0.6975585450921773
41 43 45 0.0 0.0 0.0 0.0 2.0 0.0 0.0 0.6993006993006992
41 44 36 0.0 0.0 3.0 0.0 67.0 1.0 0.0 0.6766553890768486
41 44 37 0.0 0.0 0.0 0.0 14.0 0.0 0.0 0.6951340615690167
41 44 38 0.0 0.0 230.0 0.0 5238.0 16.0 297.0 0.1878186208746981
41 44 39 0.0 0.0 63.0 0.0 1748.0 8.0 28.0 0.3681304233499868
41 44 40 0.0 0.0 5.0 0.0 399.0 2.0 1.0 0.5830903790087463
41 44 41 0.0 0.0 192.0 0.0 4192.0 14.0 179.0 0.2196422968308754
41 44 42 0.0 0.0 1.0 0.0 71.0 0.0 0.0 0.6756756756756755
41 44 43 0.0 0.0 1.0 0.0 68.0 0.0 0.0 0.6766553890768486
41 44 44 0.0 0.0 0.0 0.0 1.0 0.0 0.0 0.6996501749125437
41 45 37 0.0 0.0 2.0 0.0 11.0 0.0 0.0 0.695479384003974
41 45 38 0.0 0.0 0.0 0.0 13.0 0.0 0.0 0.695479384003974
41 45 39 0.0 0.0 1.0 0.0 24.0 0.0 0.0 0.6913580246913579
41 45 40 0.0 0.0 2.0 0.0 66.0 0.0 0.0 0.6769825918762088
41 45 41 0.0 0.0 0.0 0.0 1.0 0.0 0.0 0.6996501749125437
41 45 42 0.0 0.0 0.0 0.0 2.0 0.0 0.0 0.6993006993006992
42 35 38 0.0 0.0 0.0 0.0 48.0 0.0 0.0 0.6835937499999999
42 35 39 0.0 0.0 8.0 0.0 145.0 2.0 0.0 0.6508600650860064
42 35 40 0.0 0.0 0.0 0.0 39.0 0.0 0.0 0.6866110838646394
42 35 41 0.0 0.0 3.0 0.0 76.0 1.0 0.0 0.6737247353224253
42 35 42 0.0 0.0 0.0 0.0 6.0 0.0 0.0 0.6979062811565303
42 35 43 0.0 0.0 0.0 0.0 6.0 0.0 0.0 0.6979062811565303
42 35 44 0.0 0.0 0.0 0.0 2.0 0.0 0.0 0.6993006993006992
42 36 36 0.0 0.0 1.0 0.0 12.0 0.0 0.0 0.695479384003974
42 36 37 0.0 0.0 0.0 0.0 3.0 0.0 0.0 0.6989515726410384
42 36 38 0.0 0.0 30.0 0.0 837.0 7.0 5.0 0.4895104895104894
42 36 39 0.0 0.0 411.0 0.0 8211.0 19.0 1322.0 0.1319883096068634
42 36 40 0.0 0.0 105.0 0.0 2551.0 12.0 59.0 0.30139935414424107
42 36 41 0.0 0.0 310.0 0.0 6517.0 20.0 579.0 0.15885623510722796
42 36 42 0.0 0.0 106.0 0.0 2481.0 12.0 34.0 0.3060109289617486
42 36 43 0.0 0.0 114.0 0.0 2490.0 9.0 46.0 0.3045464433326082
42 36 44 0.0 0.0 0.0 0.0 82.0 0.0 0.0 0.6724303554274734
42 37 36 0.0 0.0 0.0 0.0 17.0 0.0 0.0 0.694100148735746
42 37 37 0.0 0.0 8.0 0.0 213.0 1.0 0.0 0.6306306306306305
42 37 38 0.0 0.0 200.0 0.0 4666.0 22.0 249.0 0.20449897750511242
42 37 39 0.0 0.0 709.0 0.0 11420.0 32.0 4122.0 0.09915716410510658
42 37 40 0.0 0.0 1098.0 0.0 12651.0 30.0 12269.0 0.08887760284408329
42 37 41 0.0 0.0 970.0 0.0 12639.0 32.0 8518.0 0.08977811978966267
42 37 42 0.0 0.0 413.0 0.0 8335.0 17.0 1460.0 0.13035381750465547
42 37 43 0.0 0.0 567.0 0.0 10540.0 24.0 4074.0 0.10686207159758795
42 37 44 0.0 0.0 126.0 0.0 2540.0 11.0 36.0 0.3006872852233677
42 37 45 0.0 0.0 12.0 0.0 194.0 1.0 1.0 0.6346328195829555
42 38 35 0.0 0.0 0.0 0.0 10.0 0.0 0.0 0.6965174129353233
42 38 36 0.0 0.0 89.0 0.0 1943.0 15.0 22.0 0.3485187951207368
42 38 37 0.0 0.0 26.0 0.0 794.0 7.0 4.0 0.4976892996800568
42 38 38 0.0 0.0 596.0 0.0 10914.0 25.0 3752.0 0.10372675409350225
42 38 39 0.0 0.0 887.0 0.0 12177.0 19.0 9098.0 0.09288747346072185
42 38 40 0.0 0.0 1745.0 0.0 11934.0 40.0 28138.0 0.08925156190233328
42 38 41 0.0 0.0 1969.0 0.0 12197.0 65.0 31070.0 0.08657473254591552
42 38 42 0.0 0.0 840.0 0.0 12013.0 30.0 7537.0 0.09428879310344826
42 38 43 0.0 0.0 303.0 0.0 7048.0 19.0 861.0 0.14995715509854327
42 38 44 0.0 0.0 93.0 0.0 2187.0 18.0 24.0 0.32848427968090094
42 38 45 0.0 0.0 0.0 0.0 3.0 0.0 0.0 0.6989515726410384
42 39 35 0.0 0.0 5.0 0.0 177.0 2.0 1.0 0.6422018348623851
42 39 36 0.0 0.0 77.0 0.0 1538.0 10.0 8.0 0.38834951456310673
42 39 37 0.0 0.0 490.0 0.0 9340.0 18.0 2064.0 0.11843329667540814
42 39 38 0.0 0.0 680.0 0.0 11186.0 25.0 4105.0 0.10104655359076145
42 39 39 0.0 0.0 1355.0 0.0 13220.0 45.0 15290.0 0.08452575016603271
42 39 40 0.0 0.0 1893.0 0.0 12343.0 55.0 28913.0 0.08620689655172413
42 39 41 0.0 0.0 1662.0 0.0 12791.0 44.0 23057.0 0.08512708257327009
42 39 42 0.0 0.0 1874.0 0.0 12128.0 43.0 30383.0 0.08746719980007496
42 39 43 0.0 0.0 450.0 0.0 8826.0 27.0 1703.0 0.12433392539964473
42 39 44 0.0 0.0 190.0 0.0 4176.0 14.0 162.0 0.22036832992287106
42 39 45 0.0 0.0 0.0 0.0 27.0 0.0 0.0 0.6906758756783422
42 40 35 0.0 0.0 8.0 0.0 206.0 2.0 0.0 0.6329113924050632
42 40 36 0.0 0.0 29.0 0.0 992.0 10.0 8.0 0.46496180670873455
42 40 37 0.0 0.0 407.0 0.0 7651.0 30.0 992.0 0.13945612112760233
42 40 38 0.0 0.0 1219.0 0.0 12522.0 43.0 16831.0 0.0889001778003556
42 40 39 0.0 0.0 1347.0 0.0 13210.0 45.0 15821.0 0.0846177092777274
42 40 40 0.0 0.0 1679.0 0.0 12582.0 51.0 24730.0 0.08617505847593253
42 40 41 0.0 0.0 1736.0 0.0 12805.0 46.0 24465.0 0.08469961885171516
42 40 42 0.0 0.0 1595.0 0.0 12699.0 48.0 21891.0 0.08592647149082427
42 40 43 0.0 0.0 673.0 0.0 11262.0 23.0 4808.0 0.10042321210817012
42 40 44 0.0 0.0 356.0 0.0 7475.0 18.0 925.0 0.14260975858205152
42 40 45 0.0 0.0 7.0 0.0 134.0 1.0 0.0 0.6542056074766354
42 41 35 0.0 0.0 1.0 0.0 21.0 0.0 0.0 0.6923837784371908
42 41 36 0.0 0.0 17.0 0.0 425.0 4.0 0.0 0.5744768157570782
42 41 37 0.0 0.0 240.0 0.0 5419.0 21.0 364.0 0.1832700615263778
42 41 38 0.0 0.0 863.0 0.0 12310.0 26.0 7857.0 0.09230566361178874
42 41 39 0.0 0.0 1160.0 0.0 12893.0 34.0 11819.0 0.08718395815170008
42 41 40 0.0 0.0 1132.0 0.0 12737.0 34.0 12593.0 0.08818342151675483
42 41 41 0.0 0.0 633.0 1.0 10623.0 25.0 3187.0 0.10568430588057673
42 41 42 0.0 0.0 941.0 0.0 12288.0 40.0 10194.0 0.0919963201471941
42 41 43 0.0 0.0 527.0 0.0 9777.0 17.0 2248.0 0.11387668781519439
42 41 44 0.0 0.0 150.0 0.0 3631.0 15.0 102.0 0.24267637372161552
42 41 45 0.0 0.0 1.0 0.0 33.0 1.0 0.0 0.6886374815543531
42 42 35 0.0 0.0 0.0 0.0 7.0 0.0 0.0 0.6975585450921773
42 42 36 0.0 0.0 92.0 0.0 2032.0 11.0 25.0 0.34030140982012635
42 42 37 0.0 0.0 42.0 0.0 1296.0 9.0 15.0 0.42054671072394106
42 42 38 0.0 0.0 855.0 0.0 12160.0 31.0 7570.0 0.09328358208955223
42 42 39 0.0 0.0 892.0 0.0 12190.0 21.0 9001.0 0.09283819628647214
42 42 40 0.0 0.0 497.0 0.0 9966.0 26.0 2911.0 0.11249497790277219
42 42 41 0.0 0.0 1082.0 0.0 12690.0 37.0 10795.0 0.08875927217396817
42 42 42 0.0 0.0 361.0 0.0 6876.0 24.0 733.0 0.1519426958975472
42 42 43 0.0 0.0 14.0 0.0 530.0 4.0 2.0 0.5511811023622046
42 42 44 0.0 0.0 3.0 0.0 43.0 0.0 0.0 0.6842619745845552
42 42 45 0.0 0.0 0.0 0.0 2.0 0.0 0.0 0.6993006993006992
42 43 35 0.0 0.0 0.0 0.0 9.0 0.0 0.0 0.6968641114982577
42 43 36 0.0 0.0 0.0 0.0 8.0 0.0 0.0 0.697211155378486
42 43 37 0.0 0.0 37.0 0.0 833.0 5.0 3.0 0.48865619546247807
42 43 38 0.0 0.0 129.0 0.0 3358.0 17.0 105.0 0.2559414990859232
42 43 39 0.0 0.0 218.0 0.0 4797.0 26.0 257.0 0.20025747389500784
42 43 40 0.0 0.0 44.0 0.0 1244.0 15.0 14.0 0.427742132600061
42 43 41 0.0 0.0 378.0 0.0 7543.0 19.0 869.0 0.14132848778518067
42 43 42 0.0 0.0 185.0 0.0 4970.0 16.0 305.0 0.19599608007839842
42 43 43 0.0 0.0 0.0 0.0 40.0 0.0 0.0 0.6862745098039215
42 43 44 0.0 0.0 0.0 0.0 2.0 0.0 0.0 0.6993006993006992
42 44 36 0.0 0.0 0.0 0.0 1.0 0.0 0.0 0.6996501749125437
42 44 37 0.0 0.0 0.0 0.0 5.0 0.0 0.0 0.6982543640897755
42 44 38 0.0 0.0 0.0 0.0 69.0 1.0 0.0 0.6769825918762088
42 44 39 0.0 0.0 0.0 0.0 44.0 0.0 0.0 0.684931506849315
42 44 40 0.0 0.0 186.0 0.0 3951.0 16.0 126.0 0.22872079725535038
42 44 41 0.0 0.0 3.0 0.0 208.0 1.0 0.0 0.6334841628959276
42 44 42 0.0 0.0 0.0 0.0 52.0 0.0 0.0 0.6822612085769979
42 44 43 0.0 0.0 0.0 0.0 27.0 1.0 0.0 0.6910167818361302
42 45 37 0.0 0.0 1.0 0.0 0.0 0.0 0.0 0.6996501749125437
42 45 38 0.0 0.0 0.0 0.0 1.0 0.0 0.0 0.6996501749125437
42 45 39 0.0 0.0 0.0 0.0 4.0 0.0 0.0 0.6986027944111775
42 45 40 0.0 0.0 5.0 0.0 65.0 3.0 0.0 0.6773101112723753
42 45 41 0.0 0.0 0.0 0.0 4.0 0.0 0.0 0.6986027944111775
43 35 38 0.0 0.0 3.0 0.0 22.0 1.0 0.0 0.6916996047430829
43 35 39 0.0 0.0 1.0 0.0 20.0 0.0 0.0 0.6927263730826323
43 35 40 0.0 0.0 10.0 0.0 153.0 1.0 0.0 0.6475485661424606
43 35 41 0.0 0.0 0.0 0.0 3.0 0.0 0.0 0.6989515726410384
43 35 42 0.0 0.0 0.0 0.0 16.0 0.0 0.0 0.6944444444444444
43 35 43 0.0 0.0 0.0 0.0 2.0 0.0 0.0 0.6993006993006992
43 36 37 0.0 0.0 0.0 0.0 6.0 0.0 0.0 0.6979062811565303
43 36 38 0.0 0.0 0.0 0.0 48.0 0.0 0.0 0.6835937499999999
43 36 39 0.0 0.0 239.0 0.0 5492.0 22.0 402.0 0.18153526970954353
43 36 40 0.0 0.0 54.0 0.0 1176.0 16.0 4.0 0.43559427504667075
43 36 41 0.0 0.0 138.0 0.0 3380.0 23.0 111.0 0.254730713245997
43 36 42 0.0 0.0 210.0 0.0 4465.0 29.0 165.0 0.2106213329321498
43 36 43 0.0 0.0 11.0 0.0 282.0 3.0 0.0 0.6113537117903929
43 36 44 0.0 0.0 66.0 0.0 1249.0 11.0 11.0 0.42372881355932196
43 37 36 0.0 0.0 0.0 0.0 1.0 0.0 0.0 0.6996501749125437
43 37 37 0.0 0.0 0.0 0.0 28.0 0.0 0.0 0.690335305719921
43 37 38 0.0 0.0 179.0 0.0 3908.0 18.0 179.0 0.2306045132597595
43 37 39 0.0 0.0 253.0 0.0 5379.0 26.0 361.0 0.1839442911575351
43 37 40 0.0 0.0 420.0 0.0 8334.0 29.0 1459.0 0.13041453190498367
43 37 41 0.0 0.0 479.0 0.0 9059.0 31.0 1946.0 0.12153832797985933
43 37 42 0.0 0.0 194.0 0.0 4402.0 27.0 209.0 0.2131222408281321
43 37 43 0.0 0.0 371.0 0.0 7994.0 26.0 1232.0 0.13530491930028027
43 37 44 0.0 0.0 9.0 0.0 283.0 2.0 0.0 0.6113537117903929
43 37 45 0.0 0.0 0.0 0.0 3.0 0.0 0.0 0.6989515726410384
43 38 35 0.0 0.0 0.0 0.0 2.0 0.0 0.0 0.6993006993006992
43 38 36 0.0 0.0 11.0 0.0 197.0 4.0 0.0 0.6352087114337567
43 38 37 0.0 0.0 2.0 0.0 86.0 1.0 0.0 0.670819357930043
43 38 38 0.0 0.0 333.0 0.0 6893.0 17.0 751.0 0.1519097222222222
43 38 39 0.0 0.0 401.0 0.0 7863.0 15.0 1007.0 0.13649215170127715
43 38 40 0.0 0.0 643.0 0.0 10798.0 26.0 3700.0 0.10426752066731212
43 38 41 0.0 0.0 665.0 0.0 11178.0 25.0 5009.0 0.10124385305177899
43 38 42 0.0 0.0 550.0 0.0 10315.0 21.0 3371.0 0.10894093844836977
43 38 43 0.0 0.0 576.0 0.0 10052.0 16.0 2534.0 0.11085596642647874
43 38 44 0.0 0.0 21.0 0.0 599.0 6.0 0.0 0.535782625334864
43 38 45 0.0 0.0 0.0 0.0 4.0 0.0 0.0 0.6986027944111775
43 39 35 0.0 0.0 0.0 0.0 2.0 0.0 0.0 0.6993006993006992
43 39 36 0.0 0.0 4.0 0.0 86.0 1.0 0.0 0.6701771182383915
43 39 37 0.0 0.0 104.0 0.0 2439.0 10.0 42.0 0.30884623869402156
43 39 38 0.0 0.0 339.0 0.0 7344.0 28.0 844.0 0.14494254063567655
43 39 39 0.0 0.0 567.0 0.0 10524.0 28.0 3514.0 0.10706638115631689
43 39 40 0.0 0.0 881.0 0.0 12367.0 38.0 8123.0 0.0918936659008861
43 39 41 0.0 0.0 655.0 0.0 10603.0 29.0 3406.0 0.10564443102927859
43 39 42 0.0 0.0 801.0 0.0 12019.0 26.0 6535.0 0.09448606330566241
43 39 43 0.0 0.0 570.0 0.0 10731.0 24.0 4157.0 0.10530274539300488
43 39 44 0.0 0.0 83.0 0.0 1485.0 17.0 3.0 0.3942551393973528
43 39 45 0.0 0.0 0.0 0.0 13.0 0.0 0.0 0.6958250497017892
43 40 35 0.0 0.0 0.0 0.0 3.0 0.0 0.0 0.6989515726410384
43 40 36 0.0 0.0 0.0 0.0 87.0 1.0 0.0 0.6711409395973154
43 40 37 0.0 0.0 300.0 0.0 6147.0 16.0 491.0 0.1659554291133238
43 40 38 0.0 0.0 610.0 0.0 10652.0 27.0 3523.0 0.10567632850241546
43 40 39 0.0 0.0 623.0 0.0 10623.0 25.0 3511.0 0.10574018126888216
43 40 40 0.0 0.0 729.0 0.0 11339.0 25.0 4609.0 0.09957325746799431
43 40 41 0.0 0.0 1005.0 0.0 12648.0 32.0 9073.0 0.08945686900958466
43 40 42 0.0 0.0 545.0 0.0 10105.0 22.0 2883.0 0.11076825698235619
43 40 43 0.0 0.0 491.0 0.0 9343.0 20.0 2055.0 0.11839323467230442
43 40 44 0.0 0.0 61.0 0.0 1783.0 14.0 17.0 0.3655352480417754
43 40 45 0.0 0.0 4.0 0.0 109.0 1.0 0.0 0.6628787878787878
43 41 35 0.0 0.0 2.0 0.0 82.0 1.0 0.0 0.6721075372059528
43 41 36 0.0 0.0 9.0 0.0 203.0 3.0 0.0 0.6337709370755997
43 41 37 0.0 0.0 753.0 0.0 11683.0 36.0 5785.0 0.09706718435831657
43 41 38 0.0 0.0 211.0 0.0 5011.0 21.0 293.0 0.19436345966958213
43 41 39 0.0 0.0 659.0 0.0 10875.0 19.0 3415.0 0.10348141030379185
43 41 40 0.0 0.0 972.0 0.0 12691.0 23.0 8425.0 0.08941116362242942
43 41 41 0.0 0.0 217.0 0.0 5732.0 20.0 471.0 0.17656703241266236
43 41 42 0.0 0.0 416.0 0.0 8502.0 14.0 1601.0 0.12836970474967907
43 41 43 0.0 0.0 273.0 0.0 6171.0 20.0 669.0 0.16609324949578833
43 41 44 0.0 0.0 34.0 0.0 665.0 5.0 3.0 0.5196733481811432
43 41 45 0.0 0.0 2.0 0.0 29.0 0.0 0.0 0.6893156080748399
43 42 35 0.0 0.0 0.0 0.0 7.0 0.0 0.0 0.6975585450921773
43 42 36 0.0 0.0 0.0 0.0 43.0 0.0 0.0 0.6852667645619186
43 42 37 0.0 0.0 101.0 0.0 2422.0 13.0 36.0 0.31049013084941224
43 42 38 0.0 0.0 332.0 0.0 6536.0 38.0 549.0 0.15851449275362317
43 42 39 0.0 0.0 464.0 0.0 8867.0 30.0 1734.0 0.12380615493455958
43 42 40 0.0 0.0 231.0 0.0 5831.0 15.0 540.0 0.17389144205688728
43 42 41 0.0 0.0 204.0 0.0 4213.0 17.0 160.0 0.21871582565224176
43 42 42 0.0 0.0 14.0 0.0 671.0 1.0 1.0 0.5216095380029805
43 42 43 0.0 0.0 71.0 0.0 1553.0 13.0 11.0 0.38781163434903043
43 42 44 0.0 0.0 2.0 0.0 49.0 0.0 0.0 0.68259385665529
43 42 45 0.0 0.0 0.0 0.0 1.0 0.0 0.0 0.6996501749125437
43 43 35 0.0 0.0 0.0 0.0 3.0 0.0 0.0 0.6989515726410384
43 43 36 0.0 0.0 0.0 0.0 14.0 0.0 0.0 0.6951340615690167
43 43 37 0.0 0.0 4.0 0.0 146.0 4.0 0.0 0.6523765144454798
43 43 38 0.0 0.0 19.0 0.0 871.0 6.0 6.0 0.48543689320388345
43 43 39 0.0 0.0 69.0 0.0 1570.0 13.0 17.0 0.38610038610038605
43 43 40 0.0 0.0 59.0 0.0 1517.0 6.0 10.0 0.39215686274509803
43 43 41 0.0 0.0 142.0 0.0 3417.0 24.0 99.0 0.25289017341040454
43 43 42 0.0 0.0 9.0 0.0 273.0 5.0 0.0 0.6148440931049626
43 43 43 0.0 0.0 0.0 0.0 14.0 0.0 0.0 0.6951340615690167
43 43 44 0.0 0.0 0.0 0.0 1.0 0.0 0.0 0.6996501749125437
43 44 37 0.0 0.0 0.0 0.0 4.0 0.0 0.0 0.6986027944111775
43 44 38 0.0 0.0 0.0 0.0 2.0 0.0 0.0 0.6993006993006992
43 44 39 0.0 0.0 0.0 0.0 2.0 0.0 0.0 0.6993006993006992
43 44 40 0.0 0.0 0.0 0.0 14.0 0.0 0.0 0.6951340615690167
43 44 41 0.0 0.0 5.0 0.0 155.0 0.0 0.0 0.648148148148148
43 44 42 0.0 0.0 0.0 0.0 10.0 0.0 0.0 0.6968641114982577
43 44 43 0.0 0.0 0.0 0.0 1.0 0.0 0.0 0.6996501749125437
43 45 40 0.0 0.0 0.0 0.0 1.0 0.0 0.0 0.6996501749125437
43 45 41 0.0 0.0 0.0 0.0 1.0 0.0 0.0 0.6996501749125437
44 35 38 0.0 0.0 0.0 0.0 2.0 0.0 0.0 0.6993006993006992
44 35 39 0.0 0.0 1.0 0.0 12.0 0.0 0.0 0.695479384003974
44 35 40 0.0 0.0 0.0 0.0 3.0 0.0 0.0 0.6989515726410384
44 35 41 0.0 0.0 0.0 0.0 6.0 0.0 0.0 0.6979062811565303
44 35 42 0.0 0.0 0.0 0.0 5.0 0.0 0.0 0.6982543640897755
44 35 43 0.0 0.0 0.0 0.0 1.0 0.0 0.0 0.6996501749125437
44 36 37 0.0 0.0 0.0 0.0 3.0 0.0 0.0 0.6989515726410384
44 36 38 0.0 0.0 0.0 0.0 7.0 0.0 0.0 0.6975585450921773
44 36 39 0.0 0.0 0.0 0.0 20.0 0.0 0.0 0.6930693069306929
44 36 40 0.0 0.0 0.0 0.0 34.0 0.0 0.0 0.6882989183874139
44 36 41 0.0 0.0 35.0 0.0 1291.0 5.0 9.0 0.42155977115326704
44 36 42 0.0 0.0 0.0 0.0 15.0 0.0 0.0 0.694789081885856
44 36 43 0.0 0.0 0.0 0.0 16.0 0.0 0.0 0.6944444444444444
44 36 44 0.0 0.0 0.0 0.0 6.0 0.0 0.0 0.6979062811565303
44 37 37 0.0 0.0 0.0 0.0 15.0 0.0 0.0 0.694789081885856
44 37 38 0.0 0.0 2.0 0.0 44.0 0.0 0.0 0.6842619745845552
44 37 39 0.0 0.0 2.0 0.0 73.0 2.0 0.0 0.6753497346840327
44 37 40 0.0 0.0 98.0 0.0 1627.0 15.0 11.0 0.3773584905660377
44 37 41 0.0 0.0 34.0 0.0 816.0 9.0 2.0 0.492784230904611
44 37 42 0.0 0.0 6.0 0.0 238.0 1.0 0.0 0.6244424620874218
44 37 43 0.0 0.0 90.0 0.0 1891.0 19.0 18.0 0.35326772646984606
44 37 44 0.0 0.0 28.0 0.0 761.0 8.0 3.0 0.5034160373966199
44 37 45 0.0 0.0 0.0 0.0 1.0 0.0 0.0 0.6996501749125437
44 38 37 0.0 0.0 3.0 0.0 39.0 0.0 0.0 0.6856023506366307
44 38 38 0.0 0.0 67.0 0.0 1753.0 12.0 28.0 0.3676470588235293
44 38 39 0.0 0.0 23.0 0.0 638.0 7.0 0.0 0.5277044854881267
44 38 40 0.0 0.0 119.0 0.0 2727.0 14.0 46.0 0.2897350993377483
44 38 41 0.0 0.0 451.0 0.0 8675.0 15.0 1469.0 0.12587664089192588
44 38 42 0.0 0.0 90.0 0.0 2000.0 15.0 28.0 0.3433897473632572
44 38 43 0.0 0.0 104.0 0.0 2382.0 16.0 38.0 0.31326918773774887
44 38 44 0.0 0.0 0.0 0.0 67.0 0.0 0.0 0.6773101112723753
44 39 35 0.0 0.0 4.0 0.0 94.0 0.0 0.0 0.6676204101096804
44 39 36 0.0 0.0 1.0 0.0 50.0 0.0 0.0 0.68259385665529
44 39 37 0.0 0.0 17.0 0.0 479.0 5.0 1.0 0.5620232838217583
44 39 38 0.0 0.0 4.0 0.0 214.0 1.0 0.0 0.6317689530685919
44 39 39 0.0 0.0 35.0 0.0 977.0 7.0 5.0 0.4662004662004661
44 39 40 0.0 0.0 104.0 0.0 2362.0 14.0 36.0 0.31460674157303364
44 39 41 0.0 0.0 447.0 0.0 7945.0 29.0 995.0 0.13505691684352691
44 39 42 0.0 0.0 100.0 0.0 2193.0 16.0 36.0 0.3274087932647333
44 39 43 0.0 0.0 5.0 0.0 256.0 2.0 0.0 0.6197432492253209
44 39 44 0.0 0.0 2.0 0.0 138.0 2.0 0.0 0.6551240056153486
44 39 45 0.0 0.0 0.0 0.0 5.0 0.0 0.0 0.6982543640897755
44 40 35 0.0 0.0 0.0 0.0 6.0 0.0 0.0 0.6979062811565303
44 40 36 0.0 0.0 280.0 0.0 6280.0 18.0 583.0 0.1637618434904667
44 40 37 0.0 0.0 6.0 0.0 156.0 0.0 0.0 0.6475485661424606
44 40 38 0.0 0.0 72.0 0.0 1332.0 11.0 7.0 0.41273584905660365
44 40 39 0.0 0.0 100.0 0.0 2226.0 9.0 32.0 0.32422417786012037
44 40 40 0.0 0.0 314.0 0.0 6821.0 25.0 668.0 0.15359297860669224
44 40 41 0.0 0.0 39.0 0.0 907.0 15.0 7.0 0.47781569965870296
44 40 42 0.0 0.0 255.0 0.0 5632.0 17.0 367.0 0.17775520568816655
44 40 43 0.0 0.0 141.0 0.0 3154.0 12.0 72.0 0.26500094643195155
44 40 44 0.0 0.0 367.0 0.0 6992.0 17.0 672.0 0.14971660784942784
44 40 45 0.0 0.0 0.0 0.0 3.0 0.0 0.0 0.6989515726410384
44 41 35 0.0 0.0 0.0 0.0 19.0 1.0 0.0 0.6937561942517343
44 41 36 0.0 0.0 0.0 0.0 83.0 0.0 0.0 0.6721075372059528
44 41 37 0.0 0.0 92.0 0.0 1820.0 17.0 19.0 0.3595274781715459
44 41 38 0.0 0.0 15.0 0.0 461.0 5.0 0.0 0.5665722379603398
44 41 39 0.0 0.0 48.0 0.0 1151.0 10.0 8.0 0.43900909375979924
44 41 40 0.0 0.0 157.0 0.0 3857.0 16.0 132.0 0.23325558147284234
44 41 41 0.0 0.0 418.0 0.0 9069.0 34.0 1996.0 0.1220362622036262
44 41 42 0.0 0.0 119.0 0.0 2457.0 23.0 42.0 0.3075571177504393
44 41 43 0.0 0.0 1.0 0.0 73.0 1.0 0.0 0.6753497346840327
44 41 44 0.0 0.0 26.0 0.0 542.0 7.0 1.0 0.5466614603670441
44 41 45 0.0 0.0 0.0 0.0 5.0 0.0 0.0 0.6982543640897755
44 42 35 0.0 0.0 0.0 0.0 9.0 0.0 0.0 0.6968641114982577
44 42 36 0.0 0.0 324.0 0.0 7523.0 11.0 1062.0 0.14224751066856328
44 42 37 0.0 0.0 1.0 0.0 102.0 2.0 0.0 0.6663493574488338
44 42 38 0.0 0.0 1.0 0.0 123.0 0.0 0.0 0.6591337099811675
44 42 39 0.0 0.0 38.0 0.0 862.0 9.0 4.0 0.48426150121065364
44 42 40 0.0 0.0 56.0 0.0 1098.0 10.0 4.0 0.4452926208651399
44 42 41 0.0 0.0 14.0 0.0 309.0 1.0 0.0 0.6029285099052539
44 42 42 0.0 0.0 2.0 0.0 52.0 1.0 0.0 0.6819288845591815
44 42 43 0.0 0.0 0.0 0.0 20.0 0.0 0.0 0.6930693069306929
44 42 44 0.0 0.0 0.0 0.0 8.0 0.0 0.0 0.697211155378486
44 43 35 0.0 0.0 0.0 0.0 6.0 0.0 0.0 0.6979062811565303
44 43 36 0.0 0.0 0.0 0.0 10.0 0.0 0.0 0.6965174129353233
44 43 37 0.0 0.0 1.0 0.0 18.0 0.0 0.0 0.6934125804853887
44 43 38 0.0 0.0 0.0 0.0 9.0 0.0 0.0 0.6968641114982577
44 43 39 0.0 0.0 0.0 0.0 13.0 0.0 0.0 0.695479384003974
44 43 40 0.0 0.0 0.0 0.0 23.0 0.0 0.0 0.6920415224913494
44 43 41 0.0 0.0 0.0 0.0 8.0 0.0 0.0 0.6975585450921773
44 43 42 0.0 0.0 17.0 0.0 234.0 1.0 0.0 0.6222222222222221
44 44 40 0.0 0.0 0.0 0.0 2.0 0.0 0.0 0.6993006993006992
44 44 41 0.0 0.0 0.0 0.0 1.0 0.0 0.0 0.6996501749125437
45 35 42 0.0 0.0 0.0 0.0 1.0 0.0 0.0 0.6996501749125437
45 36 42 0.0 0.0 0.0 0.0 1.0 0.0 0.0 0.6996501749125437
45 37 40 0.0 0.0 24.0 0.0 416.0 5.0 0.0 0.5749486652977411
45 37 41 0.0 0.0 0.0 0.0 21.0 0.0 0.0 0.6927263730826323
45 37 42 0.0 0.0 40.0 0.0 797.0 6.0 4.0 0.4945249028611797
45 37 43 0.0 0.0 0.0 0.0 2.0 0.0 0.0 0.6993006993006992
45 37 44 0.0 0.0 2.0 0.0 32.0 2.0 0.0 0.6889763779527558
45 38 37 0.0 0.0 0.0 0.0 1.0 0.0 0.0 0.6996501749125437
45 38 40 0.0 0.0 0.0 0.0 27.0 0.0 0.0 0.6906758756783422
45 38 41 0.0 0.0 1.0 0.0 42.0 0.0 0.0 0.6852667645619186
45 38 42 0.0 0.0 2.0 0.0 33.0 0.0 0.0 0.6879606879606879
45 38 43 0.0 0.0 9.0 0.0 192.0 4.0 0.0 0.6372325898953117
45 38 44 0.0 0.0 0.0 0.0 1.0 0.0 0.0 0.6996501749125437
45 39 35 0.0 0.0 3.0 0.0 18.0 1.0 0.0 0.6930693069306929
45 39 36 0.0 0.0 0.0 0.0 7.0 0.0 0.0 0.6975585450921773
45 39 37 0.0 0.0 1.0 0.0 15.0 0.0 0.0 0.6944444444444444
45 39 39 0.0 0.0 0.0 0.0 11.0 0.0 0.0 0.6961710591745399
45 39 40 0.0 0.0 0.0 0.0 11.0 0.0 0.0 0.6961710591745399
45 39 41 0.0 0.0 3.0 0.0 53.0 0.0 0.0 0.6809338521400777
45 39 42 0.0 0.0 1.0 0.0 40.0 0.0 0.0 0.6859382655560998
45 39 43 0.0 0.0 0.0 0.0 7.0 0.0 0.0 0.6975585450921773
45 39 44 0.0 0.0 0.0 0.0 10.0 0.0 0.0 0.6965174129353233
45 39 45 0.0 0.0 0.0 0.0 7.0 0.0 0.0 0.6975585450921773
45 40 35 0.0 0.0 0.0 0.0 8.0 0.0 0.0 0.6975585450921773
45 40 36 0.0 0.0 0.0 0.0 8.0 0.0 0.0 0.697211155378486
45 40 37 0.0 0.0 5.0 0.0 139.0 1.0 0.0 0.6532897806812878
45 40 38 0.0 0.0 0.0 0.0 1.0 0.0 0.0 0.6996501749125437
45 40 39 0.0 0.0 0.0 0.0 9.0 0.0 0.0 0.6968641114982577
45 40 40 0.0 0.0 0.0 0.0 38.0 0.0 0.0 0.6869479882237487
45 40 41 0.0 0.0 0.0 0.0 65.0 0.0 0.0 0.6779661016949151
45 40 42 0.0 0.0 29.0 0.0 536.0 6.0 0.0 0.5470887065259866
45 40 43 0.0 0.0 0.0 0.0 13.0 0.0 0.0 0.695479384003974
45 40 44 0.0 0.0 0.0 0.0 7.0 0.0 0.0 0.6975585450921773
45 40 45 0.0 0.0 32.0 0.0 624.0 5.0 1.0 0.5281026027913994
45 41 35 0.0 0.0 0.0 0.0 17.0 0.0 0.0 0.694100148735746
45 41 36 0.0 0.0 0.0 0.0 6.0 0.0 0.0 0.6979062811565303
45 41 37 0.0 0.0 0.0 0.0 12.0 1.0 0.0 0.6961710591745399
45 41 39 0.0 0.0 3.0 0.0 78.0 1.0 0.0 0.6730769230769229
45 41 40 0.0 0.0 1.0 0.0 16.0 0.0 0.0 0.6944444444444444
45 41 41 0.0 0.0 1.0 0.0 57.0 0.0 0.0 0.6802721088435373
45 41 42 0.0 0.0 0.0 0.0 10.0 0.0 0.0 0.6965174129353233
45 41 43 0.0 0.0 4.0 0.0 63.0 1.0 0.0 0.6776379477250725
45 41 44 0.0 0.0 0.0 0.0 6.0 0.0 0.0 0.6979062811565303
45 41 45 0.0 0.0 0.0 0.0 3.0 0.0 0.0 0.6989515726410384
45 42 35 0.0 0.0 0.0 0.0 5.0 0.0 0.0 0.6982543640897755
45 42 36 0.0 0.0 10.0 0.0 483.0 3.0 1.0 0.5622489959839357
45 42 37 0.0 0.0 0.0 0.0 6.0 0.0 0.0 0.6979062811565303
45 42 38 0.0 0.0 0.0 0.0 1.0 0.0 0.0 0.6996501749125437
45 42 39 0.0 0.0 0.0 0.0 2.0 0.0 0.0 0.6993006993006992
45 42 40 0.0 0.0 0.0 0.0 10.0 0.0 0.0 0.6965174129353233
45 42 41 0.0 0.0 0.0 0.0 31.0 0.0 0.0 0.6893156080748399
45 42 42 0.0 0.0 4.0 0.0 146.0 0.0 0.0 0.6511627906976742
45 43 35 0.0 0.0 0.0 0.0 15.0 0.0 0.0 0.694789081885856
45 43 36 0.0 0.0 0.0 0.0 9.0 0.0 0.0 0.6968641114982577
45 43 37 0.0 0.0 18.0 0.0 320.0 4.0 1.0 0.5995717344753746
46 36 41 0.0 0.0 0.0 0.0 1.0 0.0 0.0 0.6996501749125437
46 41 36 0.0 0.0 0.0 0.0 1.0 0.0 0.0 0.6996501749125437
