0.0
0.0
0.0
0.0
0.0
0.0
0.0
0.0
4.0
5.0
5.0
9.0
11.0
18.0
22.0
33.0
44.0
57.0
84.0
103.0
122.0
165.0
218.0
256.0
297.0
347.0
408.0
485.0
562.0
642.0
769.0
885.0
1025.0
1141.0
1293.0
1472.0
1661.0
1869.0
2080.0
2323.0
2609.0
2871.0
3154.0
3475.0
3790.0
4189.0
4609.0
5060.0
5569.0
6132.0
6702.0
7313.0
8018.0
8773.0
9612.0
10524.0
11433.0
12428.0
13601.0
14781.0
16049.0
17467.0
18963.0
20574.0
22283.0
24151.0
26182.0
28276.0
30658.0
33157.0
35882.0
38790.0
41968.0
45374.0
49051.0
52880.0
56962.0
61468.0
66234.0
71192.0
76573.0
82387.0
88641.0
95354.0
102252.0
109655.0
117698.0
126282.0
135415.0
145191.0
155490.0
166609.0
178396.0
190658.0
203583.0
217418.0
231938.0
247423.0
263938.0
281090.0
299467.0
318733.0
339009.0
360163.0
382857.0
406321.0
431555.0
458070.0
485498.0
514349.0
544851.0
576736.0
610549.0
645621.0
682424.0
721263.0
761985.0
804546.0
849203.0
895954.0
944525.0
995506.0
1.048466e6
1.104368e6
1.162012e6
1.222649e6
1.285631e6
1.35191e6
1.420206e6
1.491625e6
1.566156e6
1.643942e6
1.725214e6
1.809762e6
1.897754e6
1.989021e6
2.083958e6
2.182794e6
2.28523e6
2.391816e6
2.503443e6
2.618643e6
2.738701e6
2.86261e6
2.991048e6
3.124269e6
3.262516e6
3.40543e6
3.554097e6
3.707803e6
3.86676e6
4.031869e6
4.202061e6
4.378001e6
4.560367e6
4.748876e6
4.943808e6
5.145598e6
5.354187e6
5.569282e6
5.791109e6
6.020003e6
6.255985e6
6.498346e6
6.749996e6
7.008878e6
7.277341e6
7.552782e6
7.836718e6
8.130268e6
8.432141e6
8.743832e6
9.063826e6
9.393668e6
9.732992e6
1.0083005e7
1.0443112e7
1.0812221e7
1.1192904e7
1.1584811e7
1.1986521e7
1.2400568e7
1.2826263e7
1.3262041e7
1.3712267e7
1.4173008e7
1.4647451e7
1.5134363e7
1.5634637e7
1.614751e7
1.6675387e7
1.7216675e7
1.7771318e7
1.8340359e7
1.8925169e7
1.9523621e7
2.0137052e7
2.0767984e7
2.1413776e7
2.2074769e7
2.275135e7
2.3444899e7
2.4155723e7
2.4883701e7
2.5628962e7
2.6392192e7
2.7173122e7
2.797226e7
2.879134e7
2.9628801e7
3.0486722e7
3.136318e7
3.2257921e7
3.3173866e7
3.4109892e7
3.5067182e7
3.6044853e7
3.7045042e7
3.8065869e7
3.9110204e7
4.0175238e7
4.1262367e7
4.2371494e7
4.3504579e7
4.4662083e7
4.5843308e7
4.704716e7
4.8276456e7
4.953028e7
5.0809916e7
5.2114152e7
5.3447164e7
5.4805711e7
5.6191789e7
5.7603904e7
5.9044826e7
6.051098e7
6.2006526e7
6.3528887e7
6.5081732e7
6.6661026e7
6.826804e7
6.9907337e7
7.1575383e7
7.3274313e7
7.5004933e7
7.676662e7
7.855972e7
8.0385209e7
8.2243695e7
8.413292e7
8.6053559e7
8.8008134e7
8.9994498e7
9.2015348e7
9.4071212e7
9.6161521e7
9.8288804e7
1.00449792e8
1.02647712e8
1.04880577e8
1.07148054e8
1.09454711e8
1.11797716e8
1.14175899e8
1.16592482e8
1.19046178e8
1.2153903e8
1.24071769e8
1.26645549e8
1.29257076e8
1.31906545e8
1.34597708e8
1.37328879e8
1.40102019e8
1.42918047e8
1.45775155e8
1.48672098e8
1.51612676e8
1.54594441e8
1.57619486e8
1.60691982e8
1.63807969e8
1.66965068e8
1.70168006e8
1.73414657e8
1.76708538e8
1.80045476e8
1.83428961e8
1.86859095e8
1.9033485e8
1.93857603e8
1.97427003e8
2.01045953e8
2.04711395e8
2.08428927e8
2.12188274e8
2.15996276e8
2.19858094e8
2.23765692e8
2.27726147e8
2.31734931e8
2.35797676e8
2.3991017e8
2.4407351e8
2.48290063e8
2.52558589e8
2.56875779e8
2.61243584e8
2.65667543e8
2.70144821e8
2.74674912e8
2.79261558e8
2.83901065e8
2.88596256e8
2.93350374e8
2.98157622e8
3.03016231e8
3.07931305e8
3.1290425e8
3.17938092e8
3.23027478e8
3.28173837e8
3.33377638e8
3.38636982e8
3.43960094e8
3.49331204e8
3.54767985e8
3.60269019e8
3.65826933e8
3.71442976e8
3.77117938e8
3.82856941e8
3.88657001e8
3.94516922e8
4.00436293e8
4.06417686e8
4.12465373e8
4.18579007e8
4.24755749e8
4.30991127e8
4.37295733e8
4.43659734e8
4.50093064e8
4.56586636e8
4.63151553e8
4.69776865e8
4.76469958e8
4.83227175e8
4.90051681e8
4.96942865e8
5.03903017e8
5.10933506e8
5.18030916e8
5.25199611e8
5.32432641e8
5.39730874e8
5.47101625e8
5.54543199e8
5.62054478e8
5.69635516e8
5.77291479e8
5.85017115e8
5.92811379e8
6.00682498e8
6.08621218e8
6.16631701e8
6.24717555e8
6.32884297e8
6.41118396e8
6.49433964e8
6.57812718e8
6.66276511e8
6.74810581e8
6.83421658e8
6.92106551e8
7.00873893e8
7.09714013e8
7.18632305e8
7.27625339e8
7.36700132e8
7.45852131e8
7.55086031e8
7.64399539e8
7.7378671e8
7.8326175e8
7.92809603e8
8.0244256e8
8.12152711e8
8.21951076e8
8.31826072e8
8.41783411e8
8.51825664e8
8.61954033e8
8.7216477e8
8.82464658e8
8.92840917e8
9.03306413e8
9.13856308e8
9.24491981e8
9.35217667e8
9.46024598e8
9.56922518e8
9.67898202e8
9.78970087e8
9.90126657e8
1.001372335e9
1.012708201e9
1.024131661e9
1.03565019e9
1.047253333e9
1.058949898e9
1.070730795e9
1.082607401e9
1.094578646e9
1.106634723e9
1.118795477e9
1.131045156e9
1.143380478e9
1.155818766e9
1.168343682e9
1.1809657e9
1.193684904e9
1.20650042e9
1.219410896e9
1.232419565e9
1.245517594e9
1.258717119e9
1.272008813e9
1.285405463e9
1.298895835e9
1.312480612e9
1.326174844e9
1.339964346e9
1.353857645e9
1.367850559e9
1.381940465e9
1.396125268e9
1.410410825e9
1.424804662e9
1.439301752e9
1.453903551e9
1.468603398e9
1.483407689e9
1.498314482e9
1.513330346e9
1.528451571e9
1.543672387e9
1.558998582e9
1.574430428e9
1.589963635e9
1.605606882e9
1.621360209e9
1.637222487e9
1.653191754e9
1.669262374e9
1.685436648e9
1.701721845e9
1.718114066e9
1.734622223e9
1.751242612e9
1.767965745e9
1.78480539e9
1.801761223e9
1.818823729e9
1.835997576e9
1.853288503e9
1.870689382e9
1.888193226e9
1.905814357e9
1.923554862e9
1.941409153e9
1.959376393e9
1.977459076e9
1.995663319e9
2.013970453e9
2.032388052e9
2.050926626e9
2.069584775e9
2.088351557e9
2.107248529e9
2.126254631e9
2.145378419e9
2.164624637e9
2.18398463e9
2.203464198e9
2.223063619e9
2.242786998e9
2.262628771e9
2.282588723e9
2.30267093e9
2.322873022e9
2.343194495e9
2.36363565e9
2.384204498e9
2.404895817e9
2.425710551e9
2.446648429e9
2.46770259e9
2.488884396e9
2.510188473e9
2.531614408e9
2.553178257e9
2.574858934e9
2.596668168e9
2.618593506e9
2.640654765e9
2.66283691e9
2.685138832e9
2.707576531e9
2.730143451e9
2.752836847e9
2.775667483e9
2.798634229e9
2.821716859e9
2.844938076e9
2.868285188e9
2.891759538e9
2.915368577e9
2.939114233e9
2.962986329e9
2.986994321e9
3.011124443e9
3.035385885e9
3.059788301e9
3.084324884e9
3.108978622e9
3.133781261e9
3.158711505e9
3.183779218e9
3.208978273e9
3.23432366e9
3.25980724e9
3.285429093e9
3.311183739e9
3.337070426e9
3.363095599e9
3.389261028e9
3.415561333e9
3.442004515e9
3.468583052e9
3.495296038e9
3.522150499e9
3.549153168e9
3.576298676e9
3.603579461e9
3.631017644e9
3.65858249e9
3.686297657e9
3.714153834e9
3.742150558e9
3.770297766e9
3.798583201e9
3.827013081e9
3.855579861e9
3.884300911e9
3.913171978e9
3.94218676e9
3.971346568e9
4.000644273e9
4.03009259e9
4.059684359e9
4.089440944e9
4.11933408e9
4.149378721e9
4.179567968e9
4.20991401e9
4.240412762e9
4.271053897e9
4.301848059e9
4.332793462e9
4.363876265e9
4.395117697e9
4.426517845e9
4.458076935e9
4.489775469e9
4.521638006e9
4.553641816e9
4.585806119e9
4.618126474e9
4.65059644e9
4.683230722e9
4.716011669e9
4.748961563e9
4.782069527e9
4.815328255e9
4.848744913e9
4.882317399e9
4.916041539e9
4.949921409e9
4.983960322e9
5.01816639e9
5.052525289e9
5.087055062e9
5.121733054e9
5.156580299e9
5.19159385e9
5.226760013e9
5.262090225e9
5.29758817e9
5.333237224e9
5.369052959e9
5.405035035e9
5.44118061e9
5.477484237e9
5.513956654e9
5.550599235e9
5.587407872e9
5.624386618e9
5.661522105e9
5.698824346e9
5.736295715e9
5.773930097e9
5.811738064e9
5.849705444e9
5.887848563e9
5.926151906e9
5.964624911e9
6.003264306e9
6.042077932e9
6.081052405e9
6.120199526e9
6.159520919e9
6.199016281e9
6.238673065e9
6.278509771e9
6.318528703e9
6.35870001e9
6.399052807e9
6.43957964e9
6.480274757e9
6.521147029e9
6.562196739e9
6.603418406e9
6.644830525e9
6.686398556e9
6.728140198e9
6.770067192e9
6.812163897e9
6.854444049e9
6.896893766e9
6.939527785e9
6.982359326e9
7.025349131e9
7.068524497e9
7.111880832e9
7.155416629e9
7.199129377e9
7.243024147e9
7.287098344e9
7.331354336e9
7.375805485e9
7.42043833e9
7.465249423e9
7.51023748e9
7.555405123e9
7.600758995e9
7.646307077e9
7.692035938e9
7.737959836e9
7.784062131e9
7.830353437e9
7.876839744e9
7.923509748e9
7.970369346e9
8.017418745e9
8.064654121e9
8.112075632e9
8.159687664e9
8.207488358e9
8.2554755e9
8.303659519e9
8.352042556e9
8.400616133e9
8.449372875e9
8.498318724e9
8.547463339e9
8.59680836e9
8.646335281e9
8.696058785e9
8.745989836e9
8.796119613e9
8.846441421e9
8.896955497e9
8.947656475e9
8.998555665e9
9.049668997e9
9.100964384e9
9.152467497e9
9.204156608e9
9.25606587e9
9.308159406e9
9.360465355e9
9.412966931e9
9.465665246e9
9.518580357e9
9.571689115e9
9.625002799e9
9.678522292e9
9.732241707e9
9.786171849e9
9.840301645e9
9.89463661e9
9.949179211e9
1.0003920039e10
1.005886511e10
1.0114021437e10
1.0169387681e10
1.0224964432e10
1.0280746173e10
1.0336747607e10
1.0392946695e10
1.0449367832e10
1.0505996134e10
1.056283984e10
1.0619885587e10
1.0677158876e10
1.0734627056e10
1.0792313259e10
1.0850214272e10
1.090831475e10
1.0966641803e10
1.1025183053e10
1.1083950229e10
1.1142930058e10
1.1202128016e10
1.1261543161e10
1.1321168055e10
1.1380995779e10
1.1441060333e10
1.1501342425e10
1.1561828184e10
1.1622538828e10
1.1683486714e10
1.174465202e10
1.1806020061e10
1.1867629063e10
1.1929454024e10
1.1991493651e10
1.205375526e10
1.2116265552e10
1.21789809e10
1.2241921727e10
1.2305075096e10
1.2368453717e10
1.2432071521e10
1.2495906127e10
1.25599866e10
1.2624268341e10
1.2688788006e10
1.2753528645e10
1.2818483237e10
1.2883689813e10
1.2949106146e10
1.3014752349e10
1.308062201e10
1.3146738542e10
1.3213079783e10
1.3279644112e10
1.3346448389e10
1.3413463523e10
1.3480712844e10
1.3548197964e10
1.3615914891e10
1.3683857899e10
1.3752042755e10
1.3820457597e10
1.3889108221e10
1.3958000916e10
1.4027110655e10
1.4096460751e10
1.4166033723e10
1.423583494e10
1.4305890572e10
1.4376184355e10
1.4446714736e10
1.451747969e10
1.4588476566e10
1.4659708199e10
1.473117882e10
1.4802894135e10
1.4874833288e10
1.4947008166e10
1.5019436281e10
1.5092114133e10
1.516502359e10
1.5238156102e10
1.5311533042e10
1.5385170626e10
1.5459030757e10
1.5533133656e10
1.5607475317e10
1.5682077133e10
1.5756908813e10
1.5831976867e10
1.5907295752e10
1.5982880831e10
1.6058679116e10
1.6134723892e10
1.62110001e10
1.6287529125e10
1.6364313374e10
1.6441354727e10
1.6518644619e10
1.6596174956e10
1.6673963389e10
1.6752002106e10
1.6830288139e10
1.6908804424e10
1.6987564158e10
1.7066569775e10
1.7145839491e10
1.7225356439e10
1.7305133519e10
1.7385144188e10
1.746541224e10
1.7545912869e10
1.7626675599e10
1.7707689125e10
1.7788958386e10
1.7870476472e10
1.7952251571e10
1.8034277856e10
1.8116538974e10
1.8199067972e10
1.8281860045e10
1.8364901693e10
1.844820271e10
0.0
0.0
0.0
0.0
0.0
0.0
0.0
0.0
0.0
0.0
0.0
0.0
0.0
0.0
0.0
0.0
0.0
0.0
0.0
0.0
0.0
0.0
0.0
0.0
0.0
0.0
0.0
0.0
0.0
0.0
0.0
0.0
0.0
0.0
0.0
0.0
0.0
0.0
0.0
0.0
0.0
0.0
0.0
0.0
0.0
0.0
0.0
0.0
0.0
0.0
0.0
0.0
0.0
0.0
0.0
0.0
0.0
0.0
0.0
0.0
0.0
0.0
0.0
0.0
0.0
0.0
0.0
0.0
0.0
0.0
0.0
0.0
0.0
0.0
0.0
0.0
0.0
0.0
0.0
0.0
0.0
0.0
0.0
0.0
0.0
0.0
0.0
0.0
0.0
0.0
0.0
0.0
0.0
0.0
0.0
0.0
0.0
0.0
0.0
0.0
0.0
0.0
0.0
0.0
0.0
0.0
0.0
0.0
0.0
0.0
0.0
0.0
0.0
0.0
0.0
0.0
0.0
0.0
0.0
0.0
0.0
0.0
0.0
0.0
0.0
0.0
0.0
0.0
0.0
0.0
0.0
0.0
0.0
0.0
0.0
0.0
0.0
0.0
0.0
0.0
0.0
0.0
0.0
0.0
0.0
0.0
0.0
0.0
0.0
0.0
0.0
0.0
0.0
0.0
0.0
0.0
0.0
0.0
0.0
0.0
0.0
0.0
0.0
0.0
0.0
0.0
0.0
0.0
0.0
0.0
0.0
0.0
0.0
0.0
0.0
0.0
0.0
0.0
0.0
0.0
0.0
0.0
0.0
0.0
0.0
0.0
0.0
0.0
0.0
0.0
0.0
0.0
0.0
0.0
0.0
0.0
0.0
0.0
0.0
0.0
0.0
0.0
0.0
0.0
0.0
0.0
0.0
0.0
0.0
0.0
0.0
0.0
0.0
0.0
0.0
0.0
0.0
0.0
0.0
0.0
0.0
0.0
0.0
0.0
0.0
0.0
0.0
0.0
0.0
0.0
0.0
0.0
0.0
0.0
0.0
0.0
0.0
0.0
0.0
0.0
0.0
0.0
0.0
0.0
0.0
0.0
0.0
0.0
0.0
0.0
0.0
0.0
0.0
0.0
0.0
0.0
0.0
0.0
0.0
0.0
0.0
0.0
0.0
0.0
0.0
0.0
0.0
0.0
0.0
0.0
0.0
0.0
0.0
0.0
0.0
0.0
0.0
0.0
0.0
0.0
0.0
0.0
0.0
0.0
0.0
0.0
0.0
0.0
0.0
0.0
0.0
0.0
0.0
0.0
0.0
0.0
0.0
0.0
0.0
0.0
0.0
0.0
0.0
0.0
0.0
0.0
0.0
0.0
0.0
0.0
0.0
0.0
0.0
0.0
0.0
0.0
0.0
0.0
0.0
0.0
0.0
0.0
0.0
0.0
0.0
0.0
0.0
0.0
0.0
0.0
0.0
0.0
0.0
0.0
0.0
0.0
0.0
0.0
0.0
0.0
0.0
0.0
0.0
0.0
0.0
0.0
0.0
0.0
0.0
0.0
0.0
0.0
0.0
0.0
0.0
0.0
0.0
0.0
0.0
0.0
0.0
0.0
0.0
0.0
0.0
0.0
0.0
0.0
0.0
0.0
0.0
0.0
0.0
0.0
0.0
0.0
0.0
0.0
0.0
0.0
0.0
0.0
0.0
0.0
0.0
0.0
0.0
0.0
0.0
0.0
0.0
0.0
0.0
0.0
0.0
0.0
0.0
0.0
0.0
0.0
0.0
0.0
0.0
0.0
0.0
0.0
0.0
0.0
0.0
0.0
0.0
0.0
0.0
0.0
0.0
0.0
0.0
0.0
0.0
0.0
0.0
0.0
0.0
