0.0
0.0
0.0
0.0
0.0
0.0
0.0
0.0
0.0
0.0
0.0
0.0
0.0
0.0
0.0
0.0
0.0
0.0
0.0
0.0
0.0
0.0
0.0
0.0
0.0
0.0
0.0
0.0
0.0
0.0
0.0
0.0
0.0
0.0
0.0
0.0
0.0
0.0
0.0
0.0
0.0
0.0
0.0
0.0
0.0
0.0
0.0
0.0
0.0
0.0
0.0
0.0
0.0
0.0
0.0
0.0
0.0
0.0
0.0
0.0
0.0
0.0
0.0
0.0
0.0
0.0
0.0
0.0
0.0
0.0
0.0
0.0
0.0
0.0
0.0
0.0
0.0
0.0
0.0
0.0
0.0
0.0
1.0
1.0
1.0
1.0
1.0
1.0
1.0
1.0
1.0
1.0
1.0
1.0
1.0
1.0
1.0
1.0
1.0
1.0
1.0
1.0
1.0
2.0
2.0
2.0
2.0
2.0
2.0
2.0
2.0
2.0
3.0
3.0
4.0
4.0
4.0
5.0
6.0
7.0
7.0
7.0
8.0
9.0
9.0
9.0
11.0
12.0
14.0
15.0
16.0
16.0
16.0
18.0
19.0
20.0
21.0
22.0
24.0
25.0
26.0
28.0
31.0
32.0
34.0
37.0
37.0
42.0
47.0
49.0
53.0
55.0
57.0
58.0
59.0
59.0
61.0
66.0
66.0
68.0
72.0
73.0
78.0
82.0
84.0
91.0
93.0
97.0
103.0
107.0
110.0
113.0
117.0
122.0
126.0
129.0
131.0
137.0
142.0
150.0
152.0
160.0
164.0
174.0
184.0
191.0
192.0
203.0
207.0
218.0
221.0
226.0
235.0
242.0
249.0
254.0
260.0
265.0
278.0
287.0
292.0
298.0
312.0
323.0
327.0
334.0
339.0
343.0
354.0
365.0
375.0
386.0
400.0
407.0
418.0
431.0
438.0
448.0
459.0
471.0
490.0
503.0
515.0
528.0
544.0
563.0
573.0
583.0
595.0
607.0
625.0
635.0
653.0
676.0
693.0
706.0
724.0
742.0
758.0
775.0
792.0
805.0
819.0
834.0
855.0
868.0
882.0
894.0
908.0
935.0
954.0
975.0
1000.0
1012.0
1027.0
1049.0
1074.0
1098.0
1123.0
1139.0
1162.0
1182.0
1213.0
1247.0
1265.0
1283.0
1312.0
1345.0
1367.0
1389.0
1413.0
1441.0
1471.0
1499.0
1521.0
1548.0
1570.0
1602.0
1622.0
1655.0
1671.0
1697.0
1726.0
1749.0
1782.0
1812.0
1839.0
1866.0
1902.0
1941.0
1985.0
2020.0
2041.0
2072.0
2104.0
2135.0
2172.0
2211.0
2247.0
2281.0
2305.0
2334.0
2361.0
2407.0
2439.0
2477.0
2523.0
2556.0
2602.0
2640.0
2673.0
2710.0
2745.0
2794.0
2832.0
2862.0
2908.0
2956.0
3000.0
3038.0
3080.0
3118.0
3163.0
3220.0
3264.0
3302.0
3346.0
3402.0
3443.0
3487.0
3545.0
3595.0
3633.0
3671.0
3724.0
3769.0
3810.0
3853.0
3889.0
3938.0
3994.0
4045.0
4104.0
4159.0
4213.0
4278.0
4323.0
4382.0
4433.0
4488.0
4547.0
4598.0
4656.0
4704.0
4766.0
4810.0
4866.0
4932.0
4979.0
5028.0
5090.0
5132.0
5206.0
5267.0
5330.0
5393.0
5445.0
5523.0
5600.0
5663.0
5734.0
5801.0
5866.0
5933.0
6007.0
6070.0
6127.0
6205.0
6264.0
6332.0
6398.0
6461.0
6530.0
6604.0
6690.0
6764.0
6827.0
6888.0
6959.0
7019.0
7091.0
7163.0
7230.0
7291.0
7358.0
7443.0
7526.0
7613.0
7683.0
7788.0
7871.0
7958.0
8049.0
8134.0
8215.0
8294.0
8362.0
8442.0
8526.0
8611.0
8706.0
8808.0
8892.0
8975.0
9054.0
9144.0
9244.0
9338.0
9423.0
9497.0
9600.0
9697.0
9784.0
9872.0
9957.0
10056.0
10146.0
10257.0
10367.0
10468.0
10568.0
10665.0
10755.0
10849.0
10944.0
11071.0
11172.0
11268.0
11358.0
11476.0
11591.0
11706.0
11823.0
11923.0
12032.0
12147.0
12240.0
12330.0
12445.0
12544.0
12650.0
12745.0
12855.0
12995.0
13100.0
13213.0
13331.0
13438.0
13547.0
13675.0
13788.0
13897.0
14008.0
14123.0
14253.0
14384.0
14519.0
14640.0
14767.0
14885.0
15001.0
15148.0
15275.0
15387.0
15516.0
15641.0
15772.0
15913.0
16042.0
16168.0
16302.0
16448.0
16572.0
16702.0
16840.0
16989.0
17105.0
17250.0
17403.0
17527.0
17667.0
17805.0
17925.0
18068.0
18203.0
18323.0
18459.0
18598.0
18733.0
18895.0
19020.0
19176.0
19326.0
19462.0
19624.0
19777.0
19937.0
20081.0
20233.0
20399.0
20551.0
20737.0
20885.0
21045.0
21220.0
21360.0
21530.0
21675.0
21839.0
21968.0
22113.0
22279.0
22452.0
22590.0
22736.0
22914.0
23097.0
23279.0
23432.0
23599.0
23759.0
23913.0
24075.0
24236.0
24442.0
24603.0
24795.0
24977.0
25163.0
25348.0
25542.0
25722.0
25918.0
26098.0
26264.0
26460.0
26620.0
26798.0
26956.0
27131.0
27319.0
27522.0
27707.0
27906.0
28106.0
28301.0
28479.0
28659.0
28844.0
29062.0
29251.0
29442.0
29641.0
29844.0
30055.0
30258.0
30465.0
30648.0
30835.0
31021.0
31229.0
31449.0
31649.0
31893.0
32112.0
32315.0
32526.0
32723.0
32929.0
33162.0
33353.0
33568.0
33786.0
34000.0
34204.0
34443.0
34656.0
34880.0
35086.0
35279.0
35521.0
35726.0
35932.0
36170.0
36371.0
36581.0
36822.0
37072.0
37275.0
37503.0
37766.0
37994.0
38211.0
38458.0
38713.0
38958.0
39211.0
39450.0
39687.0
39937.0
40174.0
40415.0
40700.0
40941.0
41179.0
41405.0
41640.0
41895.0
42120.0
42354.0
42591.0
42815.0
43055.0
43302.0
43566.0
43817.0
44045.0
44329.0
44614.0
44898.0
45160.0
45444.0
45693.0
45967.0
46232.0
46483.0
46761.0
47048.0
47337.0
47597.0
47873.0
48145.0
48407.0
48658.0
48945.0
49258.0
49539.0
49805.0
50072.0
50323.0
50613.0
50878.0
51143.0
51437.0
51720.0
52018.0
52282.0
52576.0
52873.0
53157.0
53474.0
53775.0
54094.0
54399.0
54687.0
54956.0
55252.0
55562.0
55853.0
56137.0
56441.0
56744.0
57040.0
57330.0
57621.0
57909.0
58216.0
58528.0
58856.0
59187.0
59500.0
59818.0
60148.0
60476.0
60808.0
61136.0
61461.0
61796.0
62117.0
62446.0
62752.0
63047.0
63421.0
63799.0
64110.0
64446.0
64757.0
65078.0
65438.0
65774.0
66132.0
66458.0
66781.0
67118.0
67467.0
67815.0
68178.0
68502.0
68857.0
69187.0
69547.0
69921.0
70283.0
70633.0
71008.0
71348.0
71695.0
72072.0
72431.0
72793.0
73181.0
73547.0
73916.0
74240.0
74616.0
74970.0
75340.0
75751.0
76117.0
76496.0
76883.0
77240.0
77625.0
77976.0
78379.0
78716.0
79093.0
79466.0
79866.0
80277.0
80677.0
81033.0
81451.0
81828.0
82235.0
82620.0
83027.0
83402.0
83799.0
84206.0
84599.0
84988.0
85393.0
85839.0
86242.0
86631.0
87000.0
87426.0
87868.0
88299.0
88727.0
89133.0
89574.0
89988.0
90385.0
90818.0
91243.0
91663.0
92149.0
92593.0
93007.0
93437.0
93806.0
94234.0
94651.0
95081.0
95479.0
95900.0
96335.0
96773.0
97224.0
97666.0
98124.0
98560.0
99007.0
99445.0
99917.0
100383.0
100856.0
101345.0
101820.0
102267.0
102702.0
103174.0
103600.0
104109.0
104567.0
105014.0
105448.0
105916.0
106418.0
106889.0
107344.0
107790.0
108232.0
108661.0
109121.0
109606.0
110062.0
110558.0
111043.0
111523.0
112017.0
112499.0
113019.0
113499.0
114001.0
114500.0
114968.0
115486.0
116021.0
116519.0
117079.0
117600.0
118107.0
118598.0
119109.0
119611.0
0.0
0.0
0.0
0.0
0.0
0.0
0.0
0.0
0.0
0.0
0.0
0.0
0.0
0.0
0.0
0.0
0.0
0.0
0.0
0.0
0.0
0.0
0.0
0.0
0.0
0.0
0.0
0.0
0.0
0.0
0.0
0.0
0.0
0.0
0.0
0.0
0.0
0.0
0.0
0.0
0.0
0.0
0.0
0.0
0.0
0.0
0.0
0.0
0.0
0.0
0.0
0.0
0.0
0.0
0.0
0.0
0.0
0.0
0.0
0.0
0.0
0.0
0.0
0.0
0.0
0.0
0.0
0.0
0.0
0.0
0.0
0.0
0.0
0.0
0.0
0.0
0.0
0.0
0.0
0.0
0.0
0.0
0.0
0.0
0.0
0.0
0.0
0.0
0.0
0.0
0.0
0.0
0.0
0.0
0.0
0.0
0.0
0.0
0.0
0.0
0.0
0.0
0.0
0.0
0.0
0.0
0.0
0.0
0.0
0.0
0.0
0.0
0.0
0.0
0.0
0.0
0.0
0.0
0.0
0.0
0.0
0.0
0.0
0.0
0.0
0.0
0.0
0.0
0.0
0.0
0.0
0.0
0.0
0.0
0.0
0.0
0.0
0.0
0.0
0.0
0.0
0.0
0.0
0.0
0.0
0.0
0.0
0.0
0.0
0.0
0.0
0.0
0.0
0.0
0.0
0.0
0.0
0.0
0.0
0.0
0.0
0.0
0.0
0.0
0.0
0.0
0.0
0.0
0.0
0.0
0.0
0.0
0.0
0.0
0.0
0.0
0.0
0.0
0.0
0.0
0.0
0.0
0.0
0.0
0.0
0.0
0.0
0.0
0.0
0.0
0.0
0.0
0.0
0.0
0.0
0.0
0.0
0.0
0.0
0.0
0.0
0.0
0.0
0.0
0.0
0.0
0.0
0.0
0.0
0.0
0.0
0.0
0.0
0.0
0.0
0.0
0.0
0.0
0.0
0.0
0.0
0.0
0.0
0.0
0.0
0.0
0.0
0.0
0.0
0.0
0.0
0.0
0.0
0.0
0.0
0.0
0.0
0.0
0.0
0.0
0.0
0.0
0.0
0.0
0.0
0.0
0.0
0.0
0.0
0.0
0.0
0.0
0.0
0.0
0.0
0.0
0.0
0.0
0.0
0.0
0.0
0.0
0.0
0.0
0.0
0.0
0.0
0.0
0.0
0.0
0.0
0.0
0.0
0.0
0.0
0.0
0.0
0.0
0.0
0.0
0.0
0.0
0.0
0.0
0.0
0.0
0.0
0.0
0.0
0.0
0.0
0.0
0.0
0.0
0.0
0.0
0.0
0.0
0.0
0.0
0.0
0.0
0.0
0.0
0.0
0.0
0.0
0.0
0.0
0.0
0.0
0.0
0.0
0.0
0.0
0.0
0.0
0.0
0.0
0.0
0.0
0.0
0.0
0.0
0.0
0.0
0.0
0.0
0.0
0.0
0.0
0.0
0.0
0.0
0.0
0.0
0.0
0.0
0.0
0.0
0.0
0.0
0.0
0.0
0.0
0.0
0.0
0.0
0.0
0.0
0.0
0.0
0.0
0.0
0.0
0.0
0.0
0.0
0.0
0.0
0.0
0.0
0.0
0.0
0.0
0.0
0.0
0.0
0.0
0.0
0.0
0.0
0.0
0.0
0.0
0.0
0.0
0.0
0.0
0.0
0.0
0.0
0.0
0.0
0.0
0.0
0.0
0.0
0.0
0.0
0.0
0.0
0.0
0.0
0.0
0.0
0.0
0.0
0.0
0.0
0.0
0.0
0.0
0.0
0.0
0.0
0.0
0.0
0.0
0.0
0.0
0.0
0.0
0.0
0.0
0.0
0.0
0.0
0.0
0.0
0.0
0.0
0.0
