0.0
0.0
2.0
2.0
2.0
4.0
2.0
6.0
7.0
6.0
10.0
9.0
13.0
9.0
15.0
16.0
20.0
17.0
27.0
31.0
31.0
16.0
34.0
22.0
27.0
23.0
28.0
45.0
26.0
36.0
41.0
39.0
53.0
38.0
55.0
64.0
57.0
74.0
72.0
87.0
74.0
106.0
103.0
123.0
138.0
122.0
186.0
180.0
200.0
190.0
224.0
252.0
259.0
269.0
275.0
294.0
364.0
332.0
411.0
393.0
425.0
475.0
497.0
555.0
528.0
600.0
697.0
666.0
783.0
723.0
864.0
899.0
909.0
974.0
1031.0
1084.0
1204.0
1199.0
1235.0
1369.0
1331.0
1412.0
1593.0
1526.0
1715.0
1751.0
1807.0
1878.0
2088.0
2151.0
2146.0
2277.0
2358.0
2467.0
2693.0
2799.0
2926.0
3017.0
3096.0
3362.0
3454.0
3523.0
3663.0
3946.0
3987.0
4179.0
4260.0
4501.0
4666.0
4842.0
5005.0
5029.0
5437.0
5658.0
5879.0
5969.0
6225.0
6351.0
6657.0
6825.0
7114.0
7479.0
7808.0
8073.0
8331.0
8524.0
8765.0
9251.0
9426.0
9849.0
10115.0
10600.0
10701.0
11298.0
11275.0
11875.0
12272.0
12547.0
13004.0
13290.0
13768.0
14129.0
14628.0
15309.0
15635.0
15968.0
16426.0
17037.0
17424.0
18001.0
18273.0
18909.0
19325.0
19946.0
20303.0
21178.0
21766.0
22101.0
23050.0
23622.0
24270.0
24713.0
25664.0
26089.0
27024.0
26921.0
28182.0
28785.0
29596.0
30437.0
31179.0
31706.0
32954.0
33496.0
34155.0
35399.0
36179.0
37115.0
38214.0
38768.0
39597.0
40956.0
41848.0
42640.0
43255.0
44885.0
45914.0
46668.0
47824.0
49180.0
50382.0
51230.0
52402.0
53733.0
54839.0
55918.0
57559.0
58438.0
59684.0
61397.0
62575.0
63863.0
64525.0
66383.0
67796.0
69030.0
70586.0
72522.0
73373.0
75092.0
76666.0
78152.0
79510.0
81595.0
82982.0
84450.0
85297.0
87425.0
88851.0
90587.0
92477.0
94152.0
95911.0
98027.0
99772.0
101216.0
103669.0
104613.0
106699.0
108795.0
110552.0
112623.0
114974.0
117112.0
119002.0
120700.0
123647.0
125325.0
127274.0
129048.0
131429.0
133251.0
135699.0
138143.0
139653.0
142721.0
145029.0
147729.0
150250.0
152511.0
154623.0
156943.0
159727.0
161556.0
163546.0
166921.0
168891.0
171426.0
174678.0
177638.0
180090.0
183230.0
185514.0
188145.0
191197.0
193871.0
196329.0
198743.0
202053.0
204472.0
208634.0
210700.0
212513.0
216085.0
220273.0
221823.0
225395.0
228839.0
232240.0
234990.0
238379.0
242118.0
244172.0
246677.0
250648.0
253854.0
257287.0
261134.0
264820.0
267217.0
270942.0
273782.0
278787.0
281586.0
283935.0
288246.0
293081.0
294814.0
298655.0
302833.0
306370.0
308677.0
313359.0
316480.0
321349.0
323569.0
329061.0
331969.0
335585.0
340893.0
343787.0
348723.0
351857.0
355185.0
360181.0
364273.0
368426.0
372301.0
375745.0
379375.0
383818.0
388193.0
392192.0
396017.0
401105.0
405454.0
409471.0
412997.0
417283.0
422099.0
427229.0
429915.0
436401.0
440090.0
444215.0
449143.0
455539.0
458533.0
462468.0
467953.0
472230.0
477359.0
480744.0
486664.0
491341.0
495344.0
500334.0
506369.0
510656.0
515071.0
519632.0
525276.0
529149.0
535611.0
540942.0
545220.0
550613.0
556006.0
560927.0
565831.0
570839.0
577349.0
581168.0
585941.0
592488.0
598161.0
601546.0
606034.0
613398.0
618395.0
624635.0
627867.0
635142.0
641531.0
647718.0
651291.0
656510.0
662653.0
668906.0
673593.0
679924.0
687255.0
691806.0
698901.0
702628.0
709704.0
715132.0
719645.0
727606.0
732670.0
738998.0
744441.0
751411.0
755236.0
762939.0
769727.0
773998.0
781467.0
786467.0
792963.0
798935.0
805301.0
812462.0
819762.0
824249.0
831150.0
837194.0
844780.0
850175.0
857381.0
864761.0
871699.0
877870.0
883671.0
889550.0
897364.0
904382.0
911727.0
915777.0
923464.0
931567.0
936746.0
946028.0
951194.0
957722.0
965072.0
971751.0
979359.0
986261.0
994240.0
1.000635e6
1.007377e6
1.01395e6
1.020142e6
1.029452e6
1.036393e6
1.041067e6
1.051201e6
1.056255e6
1.063553e6
1.07354e6
1.080176e6
1.086294e6
1.092848e6
1.100838e6
1.107691e6
1.116855e6
1.122725e6
1.130768e6
1.138008e6
1.146275e6
1.158059e6
1.162184e6
1.169337e6
1.176566e6
1.185267e6
1.191198e6
1.199262e6
1.206574e6
1.215915e6
1.223481e6
1.230754e6
1.24078e6
1.246004e6
1.255102e6
1.263538e6
1.271582e6
1.278379e6
1.287398e6
1.296188e6
1.30351e6
1.314435e6
1.322909e6
1.330505e6
1.338076e6
1.346869e6
1.353702e6
1.362307e6
1.370167e6
1.37852e6
1.386963e6
1.396474e6
1.406832e6
1.413888e6
1.42217e6
1.430336e6
1.439297e6
1.448849e6
1.456417e6
1.464737e6
1.473939e6
1.481844e6
1.493987e6
1.496509e6
1.507319e6
1.517791e6
1.52592e6
1.53498e6
1.545014e6
1.554599e6
1.563766e6
1.569215e6
1.579751e6
1.590141e6
1.599982e6
1.609027e6
1.618708e6
1.625804e6
1.636554e6
1.646287e6
1.653692e6
1.663661e6
1.672741e6
1.681495e6
1.690063e6
1.699894e6
1.710936e6
1.723834e6
1.72894e6
1.740029e6
1.749606e6
1.760192e6
1.768811e6
1.778701e6
1.789182e6
1.796353e6
1.805397e6
1.818007e6
1.827123e6
1.837347e6
1.846675e6
1.856291e6
1.867364e6
1.876193e6
1.888011e6
1.89668e6
1.905834e6
1.916888e6
1.927707e6
1.934479e6
1.946975e6
1.958655e6
1.96667e6
1.978953e6
1.989776e6
1.997867e6
2.006966e6
2.017826e6
2.027316e6
2.040119e6
2.049136e6
2.060644e6
2.070286e6
2.078978e6
2.092677e6
2.101041e6
2.11426e6
2.120649e6
2.132579e6
2.144332e6
2.15555e6
2.164599e6
2.176755e6
2.187217e6
2.197931e6
2.210624e6
2.220902e6
2.229166e6
2.244682e6
2.253224e6
2.26235e6
2.27312e6
2.286311e6
2.296272e6
2.306756e6
2.321102e6
2.330274e6
2.340345e6
2.352347e6
2.365046e6
2.374691e6
2.387094e6
2.397806e6
2.410577e6
2.420704e6
2.434074e6
2.441621e6
2.454714e6
2.46413e6
2.474903e6
2.490716e6
2.502956e6
2.512103e6
2.523793e6
2.535164e6
2.549633e6
2.558028e6
2.569963e6
2.583199e6
2.598335e6
2.60509e6
2.617611e6
2.630164e6
2.643216e6
2.655176e6
2.667973e6
2.67747e6
2.68702e6
2.703571e6
2.713643e6
2.725625e6
2.737499e6
2.751229e6
2.762337e6
2.771698e6
2.787362e6
2.798363e6
2.811581e6
2.824319e6
2.834665e6
2.852061e6
2.860568e6
2.874742e6
2.884656e6
2.899351e6
2.911544e6
2.923539e6
2.938996e6
2.948877e6
2.963773e6
2.974128e6
2.988665e6
3.00251e6
3.010535e6
3.024333e6
3.039044e6
3.053981e6
3.066445e6
3.075046e6
3.088489e6
3.105288e6
3.11663e6
3.132309e6
3.142718e6
3.154253e6
3.167855e6
3.178383e6
3.194439e6
3.209154e6
3.225459e6
3.231931e6
3.249083e6
3.262998e6
3.27397e6
3.291965e6
3.300096e6
3.316613e6
3.326245e6
3.340146e6
3.352843e6
3.367572e6
3.376943e6
3.39632e6
3.407639e6
3.422717e6
3.437454e6
3.451455e6
3.466704e6
3.476172e6
3.487023e6
3.505336e6
3.518821e6
3.535829e6
3.54627e6
3.560987e6
3.568466e6
3.585553e6
3.604905e6
3.615424e6
3.630889e6
3.640468e6
3.657085e6
3.671e6
3.690472e6
3.701247e6
3.714934e6
3.730359e6
3.73969e6
3.754727e6
3.770689e6
3.782753e6
3.799072e6
3.814601e6
3.826892e6
3.845974e6
3.856182e6
3.870082e6
3.887113e6
3.892422e6
3.91403e6
3.926843e6
3.943047e6
3.957697e6
3.972722e6
3.984121e6
3.99829e6
4.01457e6
4.028596e6
4.042485e6
4.057979e6
4.07366e6
4.082734e6
4.102571e6
4.117224e6
4.132516e6
4.149083e6
4.165239e6
4.177497e6
4.193738e6
4.205329e6
4.22282e6
4.237571e6
4.255556e6
4.267153e6
4.286511e6
4.295488e6
4.315451e6
4.326909e6
4.340571e6
4.359559e6
4.374526e6
4.387286e6
4.406504e6
4.42217e6
4.435282e6
4.448044e6
4.46589e6
4.480794e6
4.494413e6
4.513222e6
4.529257e6
4.543708e6
4.558274e6
4.575631e6
4.590933e6
4.602907e6
4.618595e6
4.636199e6
4.651089e6
4.664961e6
4.678225e6
4.699984e6
4.711536e6
4.732109e6
4.747186e6
4.765134e6
4.780868e6
4.795839e6
4.806455e6
4.828563e6
4.841339e6
4.857864e6
0.0
0.0
0.0
0.0
0.0
0.0
0.0
0.0
0.0
0.0
0.0
0.0
0.0
0.0
0.0
0.0
0.0
0.0
0.0
0.0
0.0
0.0
0.0
0.0
0.0
0.0
0.0
0.0
0.0
0.0
0.0
0.0
0.0
0.0
0.0
0.0
0.0
0.0
0.0
0.0
0.0
0.0
0.0
0.0
0.0
0.0
0.0
0.0
0.0
0.0
0.0
0.0
0.0
0.0
0.0
0.0
0.0
0.0
0.0
0.0
0.0
0.0
0.0
0.0
0.0
0.0
0.0
0.0
0.0
0.0
0.0
0.0
0.0
0.0
0.0
0.0
0.0
0.0
0.0
0.0
0.0
0.0
0.0
0.0
0.0
0.0
0.0
0.0
0.0
0.0
0.0
0.0
0.0
0.0
0.0
0.0
0.0
0.0
0.0
0.0
0.0
0.0
0.0
0.0
0.0
0.0
0.0
0.0
0.0
0.0
0.0
0.0
0.0
0.0
0.0
0.0
0.0
0.0
0.0
0.0
0.0
0.0
0.0
0.0
0.0
0.0
0.0
0.0
0.0
0.0
0.0
0.0
0.0
0.0
0.0
0.0
0.0
0.0
0.0
0.0
0.0
0.0
0.0
0.0
0.0
0.0
0.0
0.0
0.0
0.0
0.0
0.0
0.0
0.0
0.0
0.0
0.0
0.0
0.0
0.0
0.0
0.0
0.0
0.0
0.0
0.0
0.0
0.0
0.0
0.0
0.0
0.0
0.0
0.0
0.0
0.0
0.0
0.0
0.0
0.0
0.0
0.0
0.0
0.0
0.0
0.0
0.0
0.0
0.0
0.0
0.0
0.0
0.0
0.0
0.0
0.0
0.0
0.0
0.0
0.0
0.0
0.0
0.0
0.0
0.0
0.0
0.0
0.0
0.0
0.0
0.0
0.0
0.0
0.0
0.0
0.0
0.0
0.0
0.0
0.0
0.0
0.0
0.0
0.0
0.0
0.0
0.0
0.0
0.0
0.0
0.0
0.0
0.0
0.0
0.0
0.0
0.0
0.0
0.0
0.0
0.0
0.0
0.0
0.0
0.0
0.0
0.0
0.0
0.0
0.0
0.0
0.0
0.0
0.0
0.0
0.0
0.0
0.0
0.0
0.0
0.0
0.0
0.0
0.0
0.0
0.0
0.0
0.0
0.0
0.0
0.0
0.0
0.0
0.0
0.0
0.0
0.0
0.0
0.0
0.0
0.0
0.0
0.0
0.0
0.0
0.0
0.0
0.0
0.0
0.0
0.0
0.0
0.0
0.0
0.0
0.0
0.0
0.0
0.0
0.0
0.0
0.0
0.0
0.0
0.0
0.0
0.0
0.0
0.0
0.0
0.0
0.0
0.0
0.0
0.0
0.0
0.0
0.0
0.0
0.0
0.0
0.0
0.0
0.0
0.0
0.0
0.0
0.0
0.0
0.0
0.0
0.0
0.0
0.0
0.0
0.0
0.0
0.0
0.0
0.0
0.0
0.0
0.0
0.0
0.0
0.0
0.0
0.0
0.0
0.0
0.0
0.0
0.0
0.0
0.0
0.0
0.0
0.0
0.0
0.0
0.0
0.0
0.0
0.0
0.0
0.0
0.0
0.0
0.0
0.0
0.0
0.0
0.0
0.0
0.0
0.0
0.0
0.0
0.0
0.0
0.0
0.0
0.0
0.0
0.0
0.0
0.0
0.0
0.0
0.0
0.0
0.0
0.0
0.0
0.0
0.0
0.0
0.0
0.0
0.0
0.0
0.0
0.0
0.0
0.0
0.0
0.0
0.0
0.0
0.0
0.0
0.0
0.0
0.0
0.0
0.0
0.0
0.0
0.0
0.0
0.0
0.0
0.0
0.0
0.0
0.0
0.0
0.0
0.0
0.0
0.0
0.0
0.0
0.0
0.0
0.0
0.0
0.0
0.0
0.0
0.0
0.0
0.0
0.0
0.0
0.0
0.0
0.0
0.0
0.0
0.0
0.0
0.0
0.0
0.0
0.0
0.0
0.0
0.0
0.0
0.0
0.0
0.0
0.0
0.0
0.0
0.0
0.0
0.0
0.0
0.0
0.0
0.0
0.0
0.0
0.0
0.0
0.0
0.0
0.0
0.0
0.0
0.0
0.0
0.0
0.0
0.0
0.0
0.0
