33 39 37 0.0 0.0 0.0 0.0 5.0 0.0 0.0 0.6982543640897755
33 39 38 0.0 0.0 0.0 0.0 4.0 0.0 0.0 0.6989515726410384
33 39 39 0.0 0.0 0.0 0.0 10.0 0.0 0.0 0.6965174129353233
33 40 37 0.0 0.0 1.0 0.0 54.0 0.0 0.0 0.6812652068126519
33 40 38 0.0 0.0 0.0 0.0 16.0 0.0 0.0 0.6944444444444444
33 40 39 0.0 0.0 0.0 0.0 2.0 0.0 0.0 0.6993006993006992
33 40 40 0.0 0.0 0.0 0.0 1.0 0.0 0.0 0.6996501749125437
33 41 37 0.0 0.0 0.0 0.0 6.0 0.0 0.0 0.6979062811565303
33 41 38 0.0 0.0 0.0 0.0 13.0 0.0 0.0 0.695479384003974
33 41 39 0.0 0.0 0.0 0.0 10.0 0.0 0.0 0.6965174129353233
33 41 40 0.0 0.0 0.0 0.0 3.0 0.0 0.0 0.6989515726410384
33 42 37 0.0 0.0 0.0 0.0 4.0 0.0 0.0 0.6986027944111775
33 42 38 0.0 0.0 10.0 0.0 268.0 2.0 0.0 0.6151142355008786
33 42 39 0.0 0.0 0.0 0.0 9.0 0.0 0.0 0.6968641114982577
33 43 37 0.0 0.0 0.0 0.0 2.0 0.0 0.0 0.6993006993006992
33 43 38 0.0 0.0 1.0 0.0 17.0 1.0 0.0 0.694100148735746
33 43 39 0.0 0.0 30.0 0.0 603.0 10.0 1.0 0.5337399923751428
33 43 40 0.0 0.0 14.0 0.0 184.0 3.0 0.0 0.6378132118451024
34 35 40 0.0 0.0 0.0 0.0 1.0 0.0 0.0 0.6996501749125437
34 36 41 0.0 0.0 0.0 0.0 1.0 0.0 0.0 0.6996501749125437
34 37 36 0.0 0.0 2.0 0.0 39.0 0.0 0.0 0.6859382655560998
34 37 37 0.0 0.0 0.0 0.0 3.0 0.0 0.0 0.6989515726410384
34 37 38 0.0 0.0 0.0 0.0 4.0 0.0 0.0 0.6986027944111775
34 37 42 0.0 0.0 2.0 0.0 12.0 1.0 0.0 0.695479384003974
34 38 36 0.0 0.0 0.0 0.0 9.0 0.0 0.0 0.6968641114982577
34 38 37 0.0 0.0 0.0 0.0 16.0 0.0 0.0 0.694789081885856
34 38 38 0.0 0.0 16.0 0.0 351.0 5.0 0.0 0.592718035563082
34 38 39 0.0 0.0 0.0 0.0 3.0 0.0 0.0 0.6989515726410384
34 38 40 0.0 0.0 3.0 0.0 60.0 1.0 0.0 0.6789524733268669
34 38 41 0.0 0.0 0.0 0.0 6.0 0.0 0.0 0.6979062811565303
34 38 42 0.0 0.0 0.0 0.0 3.0 0.0 0.0 0.6989515726410384
34 39 36 0.0 0.0 10.0 0.0 120.0 4.0 0.0 0.6585136406396989
34 39 37 0.0 0.0 2.0 0.0 113.0 1.0 0.0 0.662251655629139
34 39 38 0.0 0.0 2.0 0.0 153.0 1.0 0.0 0.649953574744661
34 39 39 0.0 0.0 4.0 0.0 173.0 2.0 0.0 0.6436781609195401
34 39 40 0.0 0.0 0.0 0.0 33.0 0.0 0.0 0.6886374815543531
34 39 41 0.0 0.0 0.0 0.0 7.0 0.0 0.0 0.6975585450921773
34 39 42 0.0 0.0 1.0 0.0 14.0 0.0 0.0 0.694789081885856
34 40 36 0.0 0.0 0.0 0.0 1.0 0.0 0.0 0.6996501749125437
34 40 37 0.0 0.0 16.0 0.0 246.0 5.0 0.0 0.620292423571112
34 40 38 0.0 0.0 236.0 0.0 5105.0 15.0 271.0 0.19102196752626546
34 40 39 0.0 0.0 82.0 0.0 1826.0 13.0 26.0 0.3593429158110882
34 40 40 0.0 0.0 20.0 0.0 450.0 1.0 2.0 0.5670311867152693
34 40 41 0.0 0.0 1.0 0.0 11.0 0.0 0.0 0.6961710591745399
34 40 42 0.0 0.0 1.0 0.0 82.0 0.0 0.0 0.6721075372059528
34 40 43 0.0 0.0 0.0 0.0 2.0 0.0 0.0 0.6993006993006992
34 40 44 0.0 0.0 0.0 0.0 1.0 0.0 0.0 0.6996501749125437
34 41 37 0.0 0.0 0.0 0.0 17.0 0.0 0.0 0.694100148735746
34 41 38 0.0 0.0 1.0 0.0 104.0 0.0 1.0 0.6650831353919239
34 41 39 0.0 0.0 69.0 0.0 1174.0 18.0 7.0 0.4341085271317829
34 41 40 0.0 0.0 5.0 0.0 169.0 2.0 1.0 0.6445672191528544
34 41 41 0.0 0.0 0.0 0.0 10.0 0.0 0.0 0.6965174129353233
34 41 42 0.0 0.0 0.0 0.0 9.0 0.0 0.0 0.6968641114982577
34 41 43 0.0 0.0 0.0 0.0 6.0 0.0 0.0 0.6979062811565303
34 41 44 0.0 0.0 0.0 0.0 2.0 0.0 0.0 0.6993006993006992
34 41 45 0.0 0.0 0.0 0.0 3.0 0.0 0.0 0.6989515726410384
34 42 37 0.0 0.0 0.0 0.0 7.0 0.0 0.0 0.6975585450921773
34 42 38 0.0 0.0 198.0 0.0 4254.0 16.0 157.0 0.2174588381484933
34 42 39 0.0 0.0 228.0 0.0 5063.0 15.0 250.0 0.1924134139637163
34 42 40 0.0 0.0 5.0 0.0 82.0 0.0 0.0 0.670819357930043
34 42 41 0.0 0.0 0.0 0.0 16.0 0.0 0.0 0.694789081885856
34 42 42 0.0 0.0 0.0 0.0 9.0 0.0 0.0 0.6968641114982577
34 42 43 0.0 0.0 0.0 0.0 5.0 0.0 0.0 0.6982543640897755
34 42 44 0.0 0.0 0.0 0.0 2.0 0.0 0.0 0.6993006993006992
34 43 37 0.0 0.0 0.0 0.0 2.0 0.0 0.0 0.6993006993006992
34 43 38 0.0 0.0 0.0 0.0 8.0 0.0 0.0 0.697211155378486
34 43 39 0.0 0.0 0.0 0.0 22.0 0.0 0.0 0.6923837784371908
34 43 40 0.0 0.0 0.0 0.0 11.0 0.0 0.0 0.6961710591745399
34 43 41 0.0 0.0 0.0 0.0 9.0 0.0 0.0 0.6968641114982577
34 43 42 0.0 0.0 0.0 0.0 8.0 0.0 0.0 0.6975585450921773
34 43 43 0.0 0.0 0.0 0.0 3.0 0.0 0.0 0.6989515726410384
34 44 40 0.0 0.0 0.0 0.0 1.0 0.0 0.0 0.6996501749125437
34 44 41 0.0 0.0 0.0 0.0 1.0 0.0 0.0 0.6996501749125437
34 44 42 0.0 0.0 0.0 0.0 6.0 0.0 0.0 0.6979062811565303
35 35 36 0.0 0.0 0.0 0.0 1.0 0.0 0.0 0.6996501749125437
35 35 37 0.0 0.0 0.0 0.0 5.0 0.0 0.0 0.6982543640897755
35 35 38 0.0 0.0 0.0 0.0 1.0 0.0 0.0 0.6996501749125437
35 35 40 0.0 0.0 0.0 0.0 1.0 0.0 0.0 0.6996501749125437
35 36 36 0.0 0.0 0.0 0.0 9.0 0.0 0.0 0.6968641114982577
35 36 37 0.0 0.0 0.0 0.0 7.0 0.0 0.0 0.6975585450921773
35 36 38 0.0 0.0 0.0 0.0 19.0 0.0 0.0 0.6934125804853887
35 36 39 0.0 0.0 0.0 0.0 34.0 0.0 0.0 0.6882989183874139
35 36 40 0.0 0.0 43.0 0.0 1069.0 10.0 4.0 0.4510309278350515
35 36 41 0.0 0.0 0.0 0.0 30.0 0.0 0.0 0.689655172413793
35 36 42 0.0 0.0 0.0 0.0 19.0 2.0 0.0 0.6944444444444444
35 37 36 0.0 0.0 0.0 0.0 4.0 0.0 0.0 0.6986027944111775
35 37 37 0.0 0.0 0.0 0.0 22.0 0.0 0.0 0.6923837784371908
35 37 38 0.0 0.0 21.0 0.0 510.0 2.0 1.0 0.55357848952155
35 37 39 0.0 0.0 8.0 0.0 166.0 4.0 0.0 0.6451612903225805
35 37 40 0.0 0.0 2.0 0.0 126.0 1.0 0.0 0.6585136406396989
35 37 41 0.0 0.0 6.0 0.0 110.0 1.0 0.0 0.6619385342789597
35 37 42 0.0 0.0 1.0 0.0 59.0 1.0 0.0 0.6799417192812044
35 37 43 0.0 0.0 0.0 0.0 3.0 0.0 0.0 0.6989515726410384
35 37 44 0.0 0.0 0.0 0.0 2.0 0.0 0.0 0.6993006993006992
35 38 36 0.0 0.0 0.0 0.0 11.0 0.0 0.0 0.6961710591745399
35 38 37 0.0 0.0 217.0 0.0 4127.0 28.0 108.0 0.22162418869716635
35 38 38 0.0 0.0 8.0 0.0 233.0 2.0 0.0 0.6255585344057193
35 38 39 0.0 0.0 5.0 0.0 335.0 1.0 3.0 0.5988023952095808
35 38 40 0.0 0.0 31.0 0.0 748.0 5.0 1.0 0.5048683736025964
35 38 41 0.0 0.0 79.0 0.0 1764.0 9.0 16.0 0.36524915210018255
35 38 42 0.0 0.0 62.0 0.0 1394.0 13.0 11.0 0.4066221318617484
35 38 43 0.0 0.0 30.0 0.0 724.0 5.0 1.0 0.5092761004001454
35 38 44 0.0 0.0 0.0 0.0 5.0 0.0 0.0 0.6982543640897755
35 39 36 0.0 0.0 0.0 0.0 15.0 0.0 0.0 0.694789081885856
35 39 37 0.0 0.0 112.0 0.0 2226.0 16.0 30.0 0.32384917881101083
35 39 38 0.0 0.0 298.0 0.0 6327.0 18.0 565.0 0.16262051341619235
35 39 39 0.0 0.0 156.0 0.0 3481.0 22.0 83.0 0.24924336834609215
35 39 40 0.0 0.0 156.0 0.0 3752.0 9.0 133.0 0.23720772619451028
35 39 41 0.0 0.0 59.0 0.0 1309.0 8.0 4.0 0.4167907115212861
35 39 42 0.0 0.0 88.0 0.0 2074.0 16.0 28.0 0.33767486734201635
35 39 43 0.0 0.0 58.0 0.0 1184.0 8.0 2.0 0.43290043290043284
35 39 44 0.0 0.0 9.0 0.0 395.0 3.0 2.0 0.5830903790087463
35 40 36 0.0 0.0 0.0 0.0 2.0 0.0 0.0 0.6993006993006992
35 40 37 0.0 0.0 47.0 0.0 1305.0 12.0 7.0 0.41928721174004185
35 40 38 0.0 0.0 213.0 0.0 5632.0 20.0 433.0 0.17882232724485886
35 40 39 0.0 0.0 556.0 0.0 10263.0 30.0 2843.0 0.10932375449008276
35 40 40 0.0 0.0 128.0 0.0 3474.0 9.0 103.0 0.25040243248077265
35 40 41 0.0 0.0 51.0 0.0 1581.0 7.0 15.0 0.3862068965517241
35 40 42 0.0 0.0 98.0 0.0 2806.0 15.0 63.0 0.2864157119476268
35 40 43 0.0 0.0 6.0 0.0 306.0 3.0 0.0 0.606585788561525
35 40 44 0.0 0.0 12.0 0.0 527.0 5.0 0.0 0.5524861878453038
35 40 45 0.0 0.0 0.0 0.0 3.0 0.0 0.0 0.6989515726410384
35 41 36 0.0 0.0 2.0 0.0 25.0 1.0 0.0 0.6910167818361302
35 41 37 0.0 0.0 1.0 0.0 117.0 0.0 0.0 0.6610009442870631
35 41 38 0.0 0.0 153.0 0.0 3266.0 20.0 86.0 0.25930727912576396
35 41 39 0.0 0.0 491.0 0.0 9713.0 24.0 2320.0 0.1148293963254593
35 41 40 0.0 0.0 123.0 0.0 2892.0 15.0 44.0 0.27999999999999997
35 41 41 0.0 0.0 98.0 0.0 1736.0 20.0 20.0 0.367068694284216
35 41 42 0.0 0.0 72.0 0.0 1571.0 9.0 11.0 0.3853564547206165
35 41 43 0.0 0.0 18.0 0.0 540.0 4.0 1.0 0.5483744614179396
35 41 44 0.0 0.0 166.0 0.0 3785.0 19.0 128.0 0.23600809170600134
35 41 45 0.0 0.0 0.0 0.0 6.0 0.0 0.0 0.6979062811565303
35 42 36 0.0 0.0 0.0 0.0 3.0 0.0 0.0 0.6989515726410384
35 42 37 0.0 0.0 18.0 0.0 278.0 2.0 0.0 0.6102877070619005
35 42 38 0.0 0.0 23.0 0.0 395.0 7.0 0.0 0.5806719203649937
35 42 39 0.0 0.0 185.0 0.0 3971.0 17.0 113.0 0.2280873248615184
35 42 40 0.0 0.0 183.0 0.0 4309.0 21.0 173.0 0.2162162162162162
35 42 41 0.0 0.0 148.0 0.0 3221.0 14.0 69.0 0.2613890963405526
35 42 42 0.0 0.0 34.0 0.0 643.0 9.0 3.0 0.5247376311844076
35 42 43 0.0 0.0 2.0 0.0 155.0 1.0 1.0 0.6493506493506492
35 42 44 0.0 0.0 2.0 0.0 38.0 1.0 0.0 0.6866110838646394
35 42 45 0.0 0.0 0.0 0.0 2.0 0.0 0.0 0.6993006993006992
35 43 37 0.0 0.0 0.0 0.0 5.0 0.0 0.0 0.6982543640897755
35 43 38 0.0 0.0 5.0 0.0 93.0 1.0 0.0 0.6676204101096804
35 43 39 0.0 0.0 0.0 0.0 49.0 0.0 0.0 0.6832601268911663
35 43 40 0.0 0.0 53.0 0.0 1030.0 2.0 3.0 0.454397922752353
35 43 41 0.0 0.0 103.0 0.0 2238.0 14.0 29.0 0.3235498035590478
35 43 42 0.0 0.0 156.0 0.0 4112.0 13.0 160.0 0.22357074417119127
35 43 43 0.0 0.0 4.0 0.0 196.0 1.0 0.0 0.6369426751592355
35 43 44 0.0 0.0 1.0 0.0 21.0 1.0 0.0 0.6927263730826323
35 43 45 0.0 0.0 0.0 0.0 3.0 0.0 0.0 0.6989515726410384
35 44 37 0.0 0.0 0.0 0.0 1.0 0.0 0.0 0.6996501749125437
35 44 38 0.0 0.0 3.0 0.0 86.0 0.0 0.0 0.6701771182383915
35 44 39 0.0 0.0 0.0 0.0 21.0 0.0 0.0 0.6927263730826323
35 44 40 0.0 0.0 0.0 0.0 9.0 0.0 0.0 0.6968641114982577
35 44 41 0.0 0.0 7.0 0.0 118.0 2.0 0.0 0.6594441827602449
35 44 42 0.0 0.0 6.0 0.0 169.0 2.0 0.0 0.6442705936493326
35 44 43 0.0 0.0 0.0 0.0 5.0 0.0 0.0 0.6982543640897755
35 44 44 0.0 0.0 0.0 0.0 1.0 0.0 0.0 0.6996501749125437
35 45 40 0.0 0.0 0.0 0.0 1.0 0.0 0.0 0.6996501749125437
35 45 41 0.0 0.0 0.0 0.0 3.0 0.0 0.0 0.6989515726410384
35 46 39 0.0 0.0 1.0 0.0 6.0 0.0 0.0 0.6975585450921773
36 35 36 0.0 0.0 0.0 0.0 4.0 0.0 0.0 0.6986027944111775
36 35 37 0.0 0.0 0.0 0.0 11.0 0.0 0.0 0.6961710591745399
36 35 38 0.0 0.0 3.0 0.0 90.0 1.0 0.0 0.6692160611854684
36 35 39 0.0 0.0 0.0 0.0 24.0 0.0 0.0 0.6916996047430829
36 35 40 0.0 0.0 0.0 0.0 14.0 0.0 0.0 0.6951340615690167
36 35 41 0.0 0.0 0.0 0.0 11.0 0.0 0.0 0.6961710591745399
36 35 42 0.0 0.0 0.0 0.0 12.0 0.0 0.0 0.6958250497017892
36 36 36 0.0 0.0 0.0 0.0 21.0 0.0 0.0 0.6927263730826323
36 36 37 0.0 0.0 232.0 0.0 4817.0 15.0 235.0 0.19897669130187604
36 36 38 0.0 0.0 2.0 0.0 222.0 0.0 0.0 0.6297795771479981
36 36 39 0.0 0.0 3.0 0.0 253.0 2.0 0.0 0.6211180124223601
36 36 40 0.0 0.0 62.0 0.0 1220.0 14.0 7.0 0.4283965728274174
36 36 41 0.0 0.0 3.0 0.0 260.0 0.0 1.0 0.6189213085764809
36 36 42 0.0 0.0 6.0 0.0 149.0 1.0 0.0 0.649953574744661
36 36 43 0.0 0.0 0.0 0.0 24.0 0.0 0.0 0.6916996047430829
36 37 36 0.0 0.0 1.0 0.0 75.0 0.0 0.0 0.6746987951807227
36 37 37 0.0 0.0 144.0 0.0 2959.0 23.0 50.0 0.2756448119708604
36 37 38 0.0 0.0 66.0 0.0 1910.0 12.0 13.0 0.35308953341740223
36 37 39 0.0 0.0 380.0 0.0 7396.0 26.0 950.0 0.14356029532403608
36 37 40 0.0 0.0 376.0 0.0 7505.0 17.0 850.0 0.14191586416624427
36 37 41 0.0 0.0 341.0 0.0 7621.0 22.0 965.0 0.14083090232370987
36 37 42 0.0 0.0 25.0 0.0 883.0 7.0 4.0 0.48259220958290233
36 37 43 0.0 0.0 0.0 0.0 68.0 0.0 0.0 0.6769825918762088
36 37 44 0.0 0.0 0.0 0.0 3.0 0.0 0.0 0.6989515726410384
36 38 36 0.0 0.0 42.0 0.0 1305.0 11.0 7.0 0.41966426858513184
36 38 37 0.0 0.0 10.0 0.0 523.0 4.0 3.0 0.55357848952155
36 38 38 0.0 0.0 262.0 0.0 5790.0 26.0 365.0 0.17441136165441634
36 38 39 0.0 0.0 371.0 0.0 7671.0 23.0 945.0 0.13963694394574103
36 38 40 0.0 0.0 495.0 0.0 9473.0 25.0 1826.0 0.11712540784740232
36 38 41 0.0 0.0 266.0 0.0 6167.0 13.0 472.0 0.1661918328584995
36 38 42 0.0 0.0 201.0 0.0 4575.0 16.0 204.0 0.20700872393908026
36 38 43 0.0 0.0 12.0 0.0 648.0 7.0 1.0 0.5281026027913994
36 38 44 0.0 0.0 31.0 0.0 775.0 10.0 3.0 0.5007153075822602
36 39 35 0.0 0.0 0.0 0.0 5.0 0.0 0.0 0.6989515726410384
36 39 36 0.0 0.0 2.0 0.0 94.0 1.0 0.0 0.6685768863419292
36 39 37 0.0 0.0 212.0 0.0 4633.0 18.0 228.0 0.20494803103498752
36 39 38 0.0 0.0 539.0 0.0 10456.0 28.0 3024.0 0.10788317793018415
36 39 39 0.0 0.0 571.0 0.0 10458.0 24.0 2882.0 0.1075681905493661
36 39 40 0.0 0.0 417.0 0.0 8801.0 16.0 1647.0 0.12489963422249976
36 39 41 0.0 0.0 266.0 0.0 5049.0 22.0 250.0 0.19193857965451053
36 39 42 0.0 0.0 692.0 0.0 11300.0 35.0 3981.0 0.100150225338007
36 39 43 0.0 0.0 193.0 0.0 3999.0 17.0 141.0 0.22657387926849
36 39 44 0.0 0.0 68.0 0.0 1814.0 9.0 23.0 0.36101083032490966
36 39 45 0.0 0.0 3.0 0.0 61.0 0.0 0.0 0.6782945736434108
36 40 35 0.0 0.0 0.0 0.0 8.0 1.0 0.0 0.6975585450921773
36 40 36 0.0 0.0 0.0 0.0 35.0 0.0 0.0 0.6879606879606879
36 40 37 0.0 0.0 127.0 0.0 3030.0 14.0 56.0 0.27216174183514774
36 40 38 0.0 0.0 474.0 0.0 9428.0 22.0 1884.0 0.11776581426648719
36 40 39 0.0 0.0 786.0 0.0 12043.0 25.0 6674.0 0.09439687141797584
36 40 40 0.0 0.0 576.0 0.0 10418.0 20.0 2520.0 0.10775862068965517
36 40 41 0.0 0.0 331.0 0.0 7469.0 14.0 959.0 0.14300306435137894
36 40 42 0.0 0.0 175.0 0.0 4514.0 15.0 221.0 0.2098006893451221
36 40 43 0.0 0.0 432.0 0.0 8606.0 22.0 1562.0 0.12700716683298555
36 40 44 0.0 0.0 42.0 0.0 1118.0 7.0 10.0 0.4438807863031071
36 40 45 0.0 0.0 4.0 0.0 143.0 0.0 0.0 0.6520726595249184
36 41 36 0.0 0.0 16.0 0.0 330.0 4.0 0.0 0.5980350277659119
36 41 37 0.0 0.0 140.0 0.0 3359.0 12.0 83.0 0.25514853289593586
36 41 38 0.0 0.0 488.0 0.0 9470.0 23.0 1960.0 0.11718423035071564
36 41 39 0.0 0.0 605.0 0.0 10999.0 27.0 3814.0 0.1030017657445556
36 41 40 0.0 0.0 410.0 0.0 8522.0 21.0 1358.0 0.1282756093091442
36 41 41 0.0 0.0 769.0 0.0 12188.0 29.0 5390.0 0.09369562307589345
36 41 42 0.0 0.0 737.0 0.0 11926.0 32.0 4981.0 0.09553053565336062
36 41 43 0.0 0.0 303.0 0.0 6597.0 20.0 644.0 0.15758667266996845
36 41 44 0.0 0.0 26.0 0.0 682.0 7.0 1.0 0.5183265457238059
36 41 45 0.0 0.0 3.0 0.0 64.0 2.0 0.0 0.6782945736434108
36 41 46 0.0 0.0 0.0 0.0 1.0 0.0 0.0 0.6996501749125437
36 42 36 0.0 0.0 0.0 0.0 9.0 0.0 0.0 0.6968641114982577
36 42 37 0.0 0.0 16.0 0.0 584.0 3.0 1.0 0.5390835579514823
36 42 38 0.0 0.0 84.0 0.0 2060.0 12.0 27.0 0.33881897386253623
36 42 39 0.0 0.0 286.0 0.0 6666.0 22.0 570.0 0.15679247396124985
36 42 40 0.0 0.0 315.0 0.0 7226.0 25.0 797.0 0.1470279353077084
36 42 41 0.0 0.0 413.0 0.0 8175.0 23.0 1139.0 0.13247539742619227
36 42 42 0.0 0.0 640.0 0.0 11137.0 32.0 3616.0 0.10178117048346055
36 42 43 0.0 0.0 299.0 0.0 6290.0 21.0 535.0 0.16332244517032196
36 42 44 0.0 0.0 50.0 0.0 1332.0 10.0 8.0 0.4150607767565964
36 42 45 0.0 0.0 0.0 0.0 8.0 0.0 0.0 0.697211155378486
36 43 36 0.0 0.0 0.0 0.0 3.0 0.0 0.0 0.6989515726410384
36 43 37 0.0 0.0 2.0 0.0 101.0 1.0 0.0 0.6660323501427211
36 43 38 0.0 0.0 3.0 0.0 257.0 0.0 0.0 0.6197432492253209
36 43 39 0.0 0.0 217.0 0.0 5174.0 13.0 309.0 0.18972760536658081
36 43 40 0.0 0.0 284.0 0.0 5771.0 17.0 394.0 0.1741726797710873
36 43 41 0.0 0.0 80.0 0.0 2400.0 11.0 45.0 0.31326918773774887
36 43 42 0.0 0.0 119.0 0.0 2817.0 15.0 63.0 0.28461069323033134
36 43 43 0.0 0.0 125.0 0.0 2457.0 20.0 36.0 0.30695023021267265
36 43 44 0.0 0.0 66.0 0.0 1917.0 13.0 20.0 0.3525560312263913
36 43 45 0.0 0.0 13.0 0.0 314.0 4.0 0.0 0.6026689625484287
36 44 37 0.0 0.0 0.0 0.0 9.0 0.0 0.0 0.6968641114982577
36 44 38 0.0 0.0 77.0 0.0 1876.0 16.0 14.0 0.35560071120142234
36 44 39 0.0 0.0 24.0 0.0 605.0 6.0 2.0 0.5337399923751428
36 44 40 0.0 0.0 24.0 0.0 533.0 5.0 2.0 0.5483744614179396
36 44 41 0.0 0.0 157.0 0.0 3576.0 10.0 95.0 0.24454148471615716
36 44 42 0.0 0.0 19.0 0.0 559.0 4.0 0.0 0.5439005439005438
36 44 43 0.0 0.0 0.0 0.0 24.0 0.0 0.0 0.6916996047430829
36 44 44 0.0 0.0 0.0 0.0 11.0 0.0 0.0 0.6961710591745399
36 44 45 0.0 0.0 0.0 0.0 1.0 0.0 0.0 0.6996501749125437
36 45 38 0.0 0.0 0.0 0.0 11.0 0.0 0.0 0.6961710591745399
36 45 39 0.0 0.0 50.0 0.0 1020.0 9.0 6.0 0.4573668735707284
36 45 40 0.0 0.0 1.0 0.0 21.0 1.0 0.0 0.6927263730826323
36 45 41 0.0 0.0 5.0 0.0 99.0 1.0 0.0 0.6657156443176413
36 45 42 0.0 0.0 0.0 0.0 5.0 0.0 0.0 0.6982543640897755
37 35 36 0.0 0.0 0.0 0.0 8.0 0.0 0.0 0.697211155378486
37 35 37 0.0 0.0 0.0 0.0 10.0 0.0 0.0 0.6965174129353233
37 35 38 0.0 0.0 0.0 0.0 41.0 0.0 0.0 0.6859382655560998
37 35 39 0.0 0.0 3.0 0.0 105.0 2.0 0.0 0.664767331433998
37 35 40 0.0 0.0 0.0 0.0 58.0 0.0 0.0 0.6802721088435373
37 35 41 0.0 0.0 2.0 0.0 71.0 1.0 0.0 0.6756756756756755
37 35 42 0.0 0.0 5.0 0.0 34.0 2.0 0.0 0.6872852233676975
37 35 43 0.0 0.0 0.0 0.0 1.0 0.0 0.0 0.6996501749125437
37 36 36 0.0 0.0 3.0 0.0 141.0 1.0 0.0 0.6532897806812878
37 36 37 0.0 0.0 19.0 0.0 576.0 5.0 3.0 0.5405405405405405
37 36 38 0.0 0.0 109.0 0.0 2566.0 20.0 43.0 0.30075187969924805
37 36 39 0.0 0.0 426.0 0.0 8906.0 21.0 1603.0 0.12368583797155223
37 36 40 0.0 0.0 228.0 0.0 4880.0 20.0 222.0 0.19734987313222438
37 36 41 0.0 0.0 186.0 0.0 4754.0 15.0 258.0 0.20210769452865593
37 36 42 0.0 0.0 65.0 0.0 1432.0 12.0 7.0 0.4017216642754662
37 36 43 0.0 0.0 17.0 0.0 225.0 6.0 0.0 0.626118067978533
37 36 44 0.0 0.0 0.0 0.0 11.0 0.0 0.0 0.6961710591745399
37 37 35 0.0 0.0 3.0 0.0 26.0 0.0 0.0 0.6899950714637751
37 37 36 0.0 0.0 9.0 0.0 316.0 4.0 0.0 0.6031882809133993
37 37 37 0.0 0.0 564.0 0.0 10128.0 17.0 2535.0 0.11036657469452107
37 37 38 0.0 0.0 593.0 0.0 10373.0 20.0 2548.0 0.10804136440808765
37 37 39 0.0 0.0 364.0 0.0 7825.0 22.0 975.0 0.13757861635220123
37 37 40 0.0 0.0 822.0 0.0 12282.0 24.0 6316.0 0.09266613714588297
37 37 41 0.0 0.0 359.0 0.0 7777.0 26.0 1003.0 0.13836726625815376
37 37 42 0.0 0.0 532.0 0.0 10350.0 18.0 2773.0 0.10870409193260344
37 37 43 0.0 0.0 44.0 0.0 1261.0 6.0 8.0 0.42449969678593086
37 37 44 0.0 0.0 0.0 0.0 80.0 0.0 0.0 0.6730769230769229
37 37 45 0.0 0.0 0.0 0.0 2.0 0.0 0.0 0.6993006993006992
37 38 34 0.0 0.0 0.0 0.0 4.0 0.0 0.0 0.6986027944111775
37 38 35 0.0 0.0 1.0 0.0 27.0 0.0 0.0 0.690335305719921
37 38 36 0.0 0.0 37.0 0.0 1011.0 9.0 5.0 0.46052631578947356
37 38 37 0.0 0.0 332.0 0.0 7149.0 19.0 781.0 0.1478352692713833
37 38 38 0.0 0.0 656.0 0.0 11192.0 23.0 3640.0 0.10119994217146161
37 38 39 0.0 0.0 1260.0 0.0 13113.0 42.0 14970.0 0.08554319931565439
37 38 40 0.0 0.0 1103.0 0.0 13199.0 30.0 11408.0 0.08584217303329449
37 38 41 0.0 0.0 1365.0 0.0 13112.0 40.0 18103.0 0.08497208060208788
37 38 42 0.0 0.0 549.0 0.0 10302.0 31.0 2690.0 0.10911925175370225
37 38 43 0.0 0.0 124.0 0.0 3217.0 17.0 74.0 0.2630095810633101
37 38 44 0.0 0.0 42.0 0.0 1276.0 13.0 15.0 0.42372881355932196
37 38 45 0.0 0.0 0.0 0.0 19.0 1.0 0.0 0.6937561942517343
37 39 34 0.0 0.0 0.0 0.0 4.0 0.0 0.0 0.6986027944111775
37 39 35 0.0 0.0 2.0 0.0 38.0 0.0 0.0 0.6862745098039215
37 39 36 0.0 0.0 188.0 0.0 4110.0 22.0 138.0 0.22303648239604904
37 39 37 0.0 0.0 404.0 0.0 8427.0 19.0 1359.0 0.1293541531922757
37 39 38 0.0 0.0 610.0 0.0 11049.0 24.0 3754.0 0.10261672652642378
37 39 39 0.0 0.0 895.0 0.0 12773.0 24.0 7857.0 0.089354097523615
37 39 40 0.0 0.0 997.0 0.0 13089.0 35.0 8952.0 0.08708633988554366
37 39 41 0.0 0.0 764.0 0.0 12258.0 26.0 4688.0 0.09328979809422269
37 39 42 0.0 0.0 526.0 0.0 10411.0 22.0 2879.0 0.10829207920792079
37 39 43 0.0 0.0 812.0 0.0 12298.0 32.0 5709.0 0.09273365569318406
37 39 44 0.0 0.0 129.0 0.0 2748.0 18.0 39.0 0.28806584362139914
37 39 45 0.0 0.0 8.0 0.0 262.0 0.0 1.0 0.6170118995152049
37 40 34 0.0 0.0 0.0 0.0 4.0 0.0 0.0 0.6986027944111775
37 40 35 0.0 0.0 14.0 0.0 231.0 2.0 0.0 0.6241640659830583
37 40 36 0.0 0.0 86.0 0.0 2071.0 12.0 24.0 0.33767486734201635
37 40 37 0.0 0.0 320.0 0.0 6268.0 19.0 467.0 0.16326530612244894
37 40 38 0.0 0.0 775.0 0.0 11987.0 37.0 5129.0 0.09493456296195835
37 40 39 0.0 0.0 1589.0 0.0 13146.0 45.0 22014.0 0.08366700531883105
37 40 40 0.0 0.0 1063.0 0.0 13295.0 30.0 11245.0 0.08559550012227927
37 40 41 0.0 0.0 1045.0 0.0 13233.0 38.0 9596.0 0.08603207767467584
37 40 42 0.0 0.0 830.0 0.0 12582.0 29.0 7448.0 0.09085599325069764
37 40 43 0.0 0.0 501.0 0.0 10106.0 22.0 2832.0 0.11108466238197254
37 40 44 0.0 0.0 423.0 0.0 8562.0 22.0 1362.0 0.1276207839562443
37 40 45 0.0 0.0 2.0 0.0 58.0 0.0 0.0 0.6796116504854368
37 41 34 0.0 0.0 0.0 0.0 1.0 0.0 0.0 0.6996501749125437
37 41 35 0.0 0.0 0.0 0.0 12.0 0.0 0.0 0.6958250497017892
37 41 36 0.0 0.0 42.0 0.0 770.0 12.0 3.0 0.4999999999999999
37 41 37 0.0 0.0 219.0 0.0 5218.0 19.0 320.0 0.18873011593421404
37 41 38 0.0 0.0 834.0 0.0 12345.0 29.0 7079.0 0.09232392508572936
37 41 39 0.0 0.0 1178.0 0.0 13457.0 41.0 11887.0 0.08424599831508003
37 41 40 0.0 0.0 1069.0 0.0 13163.0 33.0 11082.0 0.08628659476117102
37 41 41 0.0 0.0 1200.0 1.0 13429.0 44.0 13700.0 0.08423079237109679
37 41 42 0.0 0.0 1437.0 0.0 12784.0 37.0 20934.0 0.08628659476117102
37 41 43 0.0 0.0 419.0 0.0 8665.0 16.0 1304.0 0.12642225031605558
37 41 44 0.0 0.0 92.0 0.0 2042.0 12.0 24.0 0.3395585738539898
37 41 45 0.0 0.0 45.0 0.0 1037.0 11.0 5.0 0.45587756431129917
37 42 34 0.0 0.0 0.0 0.0 1.0 0.0 0.0 0.6996501749125437
37 42 35 0.0 0.0 1.0 0.0 21.0 1.0 0.0 0.6927263730826323
37 42 36 0.0 0.0 6.0 0.0 320.0 5.0 0.0 0.6031882809133993
37 42 37 0.0 0.0 223.0 0.0 5140.0 18.0 250.0 0.19055396760582546
37 42 38 0.0 0.0 679.0 0.0 11654.0 26.0 4788.0 0.0977039570102589
37 42 39 0.0 0.0 771.0 0.0 12184.0 30.0 5458.0 0.09367681498829039
37 42 40 0.0 0.0 917.0 0.0 12736.0 23.0 8971.0 0.0893883284382582
37 42 41 0.0 0.0 637.0 0.0 11073.0 23.0 3342.0 0.10219724067450177
37 42 42 0.0 0.0 699.0 0.0 11622.0 26.0 4773.0 0.0978336827393431
37 42 43 0.0 0.0 756.0 0.0 11946.0 24.0 5829.0 0.09523809523809523
37 42 44 0.0 0.0 284.0 0.0 6107.0 30.0 481.0 0.16726403823178015
37 42 45 0.0 0.0 0.0 0.0 46.0 0.0 0.0 0.6845965770171147
37 42 46 0.0 0.0 0.0 0.0 1.0 0.0 0.0 0.6996501749125437
37 43 35 0.0 0.0 0.0 0.0 4.0 0.0 0.0 0.6986027944111775
37 43 36 0.0 0.0 0.0 0.0 14.0 0.0 0.0 0.6951340615690167
37 43 37 0.0 0.0 18.0 0.0 604.0 4.0 2.0 0.53475935828877
37 43 38 0.0 0.0 354.0 0.0 7848.0 22.0 1069.0 0.13741656851197484
37 43 39 0.0 0.0 575.0 0.0 10009.0 32.0 2107.0 0.11142948105698822
37 43 40 0.0 0.0 427.0 0.0 8692.0 20.0 1378.0 0.1260806916426513
37 43 41 0.0 0.0 744.0 0.0 12091.0 37.0 5958.0 0.09444144630329196
37 43 42 0.0 0.0 229.0 0.0 5926.0 15.0 434.0 0.17194792434291326
37 43 43 0.0 0.0 358.0 0.0 7026.0 27.0 672.0 0.14950875694147797
37 43 44 0.0 0.0 22.0 0.0 596.0 8.0 0.0 0.5363984674329502
37 43 45 0.0 0.0 0.0 0.0 44.0 0.0 0.0 0.684931506849315
37 44 36 0.0 0.0 0.0 0.0 3.0 0.0 0.0 0.6989515726410384
37 44 37 0.0 0.0 0.0 0.0 30.0 0.0 0.0 0.689655172413793
37 44 38 0.0 0.0 8.0 0.0 371.0 4.0 1.0 0.5894736842105263
37 44 39 0.0 0.0 426.0 0.0 8747.0 27.0 1467.0 0.1255380200860832
37 44 40 0.0 0.0 40.0 0.0 1479.0 6.0 13.0 0.398633257403189
37 44 41 0.0 0.0 138.0 0.0 3199.0 18.0 73.0 0.26325686348251215
37 44 42 0.0 0.0 12.0 0.0 486.0 5.0 1.0 0.5615724027276373
37 44 43 0.0 0.0 18.0 0.0 519.0 4.0 3.0 0.5529225908372827
37 44 44 0.0 0.0 14.0 0.0 214.0 2.0 0.0 0.6289308176100628
37 44 45 0.0 0.0 4.0 0.0 266.0 2.0 0.0 0.6172839506172839
37 45 36 0.0 0.0 0.0 0.0 1.0 0.0 0.0 0.6996501749125437
37 45 38 0.0 0.0 0.0 0.0 22.0 0.0 0.0 0.6923837784371908
37 45 39 0.0 0.0 19.0 0.0 603.0 7.0 3.0 0.5353728489483747
37 45 40 0.0 0.0 5.0 0.0 191.0 3.0 0.0 0.6383948928408572
37 45 41 0.0 0.0 0.0 0.0 40.0 0.0 0.0 0.6862745098039215
37 45 42 0.0 0.0 0.0 0.0 4.0 0.0 0.0 0.6986027944111775
37 45 43 0.0 0.0 0.0 0.0 4.0 1.0 0.0 0.6989515726410384
37 46 39 0.0 0.0 0.0 0.0 1.0 0.0 0.0 0.6996501749125437
37 46 40 0.0 0.0 0.0 0.0 1.0 0.0 0.0 0.6996501749125437
38 34 38 0.0 0.0 0.0 0.0 2.0 0.0 0.0 0.6993006993006992
38 34 39 0.0 0.0 0.0 0.0 3.0 0.0 0.0 0.6989515726410384
38 34 42 0.0 0.0 0.0 0.0 1.0 0.0 0.0 0.6996501749125437
38 35 35 0.0 0.0 30.0 0.0 783.0 3.0 2.0 0.4982206405693949
38 35 36 0.0 0.0 0.0 0.0 12.0 1.0 0.0 0.6965174129353233
38 35 37 0.0 0.0 0.0 0.0 14.0 0.0 0.0 0.6951340615690167
38 35 38 0.0 0.0 0.0 0.0 43.0 0.0 0.0 0.6852667645619186
38 35 39 0.0 0.0 52.0 0.0 1244.0 11.0 5.0 0.42617960426179596
38 35 40 0.0 0.0 13.0 0.0 500.0 5.0 1.0 0.5582137161084528
38 35 41 0.0 0.0 15.0 0.0 420.0 4.0 2.0 0.5761316872427983
38 35 42 0.0 0.0 13.0 0.0 223.0 2.0 0.0 0.6266786034019695
38 35 43 0.0 0.0 0.0 0.0 10.0 0.0 0.0 0.6965174129353233
38 36 34 0.0 0.0 0.0 0.0 1.0 0.0 0.0 0.6996501749125437
38 36 35 0.0 0.0 0.0 0.0 24.0 0.0 0.0 0.6916996047430829
38 36 36 0.0 0.0 28.0 0.0 939.0 6.0 3.0 0.4728132387706855
38 36 37 0.0 0.0 212.0 0.0 4573.0 16.0 220.0 0.20670308578178057
38 36 38 0.0 0.0 89.0 0.0 2090.0 11.0 18.0 0.3358925143953934
38 36 39 0.0 0.0 200.0 0.0 4524.0 17.0 185.0 0.2086438152011922
38 36 40 0.0 0.0 325.0 0.0 7208.0 21.0 756.0 0.1471206389239176
38 36 41 0.0 0.0 303.0 0.0 6534.0 22.0 600.0 0.15882019285309132
38 36 42 0.0 0.0 43.0 0.0 1356.0 9.0 12.0 0.4128575641403715
38 36 43 0.0 0.0 0.0 0.0 127.0 0.0 0.0 0.6582040432534085
38 36 44 0.0 0.0 6.0 0.0 166.0 1.0 1.0 0.64486411791801
38 37 34 0.0 0.0 12.0 0.0 271.0 1.0 0.0 0.6134969325153373
38 37 35 0.0 0.0 3.0 0.0 56.0 1.0 0.0 0.6802721088435373
38 37 36 0.0 0.0 110.0 0.0 2827.0 9.0 59.0 0.28409090909090906
38 37 37 0.0 0.0 343.0 0.0 7877.0 16.0 1088.0 0.1371339014594965
38 37 38 0.0 0.0 494.0 0.0 9915.0 28.0 2325.0 0.11293965795417875
38 37 39 0.0 0.0 920.0 0.0 12835.0 29.0 8824.0 0.08887760284408329
38 37 40 0.0 0.0 682.0 0.0 11453.0 17.0 3805.0 0.09904492394764768
38 37 41 0.0 0.0 643.0 0.0 11618.0 25.0 4029.0 0.09823182711198428
38 37 42 0.0 0.0 400.0 0.0 8562.0 22.0 1356.0 0.1279122887163088
38 37 43 0.0 0.0 302.0 0.0 6553.0 20.0 534.0 0.1584068793844761
38 37 44 0.0 0.0 110.0 0.0 2774.0 11.0 51.0 0.2871794871794871
38 37 45 0.0 0.0 16.0 0.0 413.0 3.0 1.0 0.5770816158285242
38 38 34 0.0 0.0 11.0 0.0 78.0 2.0 0.0 0.670819357930043
38 38 35 0.0 0.0 7.0 0.0 255.0 2.0 0.0 0.6197432492253209
38 38 36 0.0 0.0 216.0 0.0 4855.0 15.0 241.0 0.1983283751239552
38 38 37 0.0 0.0 512.0 0.0 9467.0 30.0 1936.0 0.11708622564188341
38 38 38 0.0 0.0 1407.0 0.0 13032.0 46.0 19377.0 0.08515815085158149
38 38 39 0.0 0.0 1384.0 0.0 13529.0 42.0 16561.0 0.08285984848484848
38 38 40 0.0 0.0 1074.0 0.0 13504.0 34.0 10281.0 0.08447984552256818
38 38 41 0.0 0.0 1442.0 0.0 13203.0 44.0 19866.0 0.08413967185527976
38 38 42 0.0 0.0 1004.0 0.0 13001.0 36.0 9210.0 0.08747266479225241
38 38 43 0.0 0.0 505.0 0.0 9964.0 26.0 2616.0 0.11241368235105186
38 38 44 0.0 0.0 146.0 0.0 3313.0 11.0 104.0 0.2568807339449541
38 38 45 0.0 0.0 16.0 0.0 314.0 4.0 1.0 0.6018916595012896
38 39 34 0.0 0.0 8.0 0.0 105.0 2.0 0.0 0.6631927996210326
38 39 35 0.0 0.0 89.0 0.0 2263.0 12.0 34.0 0.32250633494586495
38 39 36 0.0 0.0 272.0 0.0 5814.0 21.0 338.0 0.17356806347632034
38 39 37 0.0 0.0 760.0 0.0 12053.0 38.0 5756.0 0.09460737937559129
38 39 38 0.0 0.0 1179.0 0.0 13777.0 32.0 10422.0 0.0825715128280743
38 39 39 0.0 0.0 2088.0 1.0 11683.0 54.0 38445.0 0.08875927217396817
38 39 40 0.0 0.0 2358.0 0.0 11569.0 55.0 43031.0 0.08785140562248994
38 39 41 0.0 0.0 1316.0 0.0 13726.0 32.0 15424.0 0.08214034264257215
38 39 42 0.0 0.0 975.0 0.0 12932.0 21.0 8279.0 0.08798944126704794
38 39 43 0.0 0.0 445.0 0.0 9390.0 24.0 1912.0 0.11849344054168429
38 39 44 0.0 0.0 441.0 0.0 8487.0 24.0 1127.0 0.12832263978001832
38 39 45 0.0 0.0 15.0 0.0 205.0 1.0 0.0 0.6309148264984226
38 40 34 0.0 0.0 0.0 0.0 12.0 0.0 0.0 0.6958250497017892
38 40 35 0.0 0.0 219.0 0.0 4621.0 11.0 199.0 0.20497803806734988
38 40 36 0.0 0.0 320.0 0.0 6240.0 35.0 452.0 0.16416510318949343
38 40 37 0.0 0.0 468.0 0.0 9537.0 12.0 2159.0 0.1166375072898442
38 40 38 0.0 0.0 1305.0 1.0 13877.0 35.0 12675.0 0.08147587732060757
38 40 39 0.0 0.0 2123.0 2.0 12553.0 71.0 33351.0 0.08399328053755699
38 40 40 0.0 2.0 2061.0 5.0 12535.0 48.0 32168.0 0.08438309927068892
38 40 41 0.0 0.0 2001.0 1.0 12663.0 38.0 31257.0 0.08399832003359932
38 40 42 0.0 0.0 1436.0 2.0 13764.0 40.0 16885.0 0.08144269924374635
38 40 43 0.0 0.0 670.0 0.0 11338.0 27.0 4062.0 0.10002143316424948
38 40 44 0.0 0.0 103.0 0.0 3089.0 12.0 77.0 0.27021810461300905
38 40 45 0.0 0.0 7.0 0.0 306.0 2.0 1.0 0.6057983556901773
38 41 34 0.0 0.0 0.0 0.0 4.0 0.0 0.0 0.6986027944111775
38 41 35 0.0 0.0 20.0 0.0 935.0 7.0 5.0 0.4747371990505256
38 41 36 0.0 0.0 161.0 0.0 4246.0 15.0 138.0 0.21888680425265786
38 41 37 0.0 0.0 489.0 0.0 9512.0 22.0 2343.0 0.11672502918125728
38 41 38 0.0 0.0 854.0 6.0 12496.0 34.0 5814.0 0.09130037824442414
38 41 39 0.0 0.0 1745.0 0.0 12921.0 43.0 26411.0 0.08397312859884835
38 41 40 0.0 0.0 2356.0 0.0 11480.0 58.0 43247.0 0.08845084660096031
38 41 41 0.0 0.0 1752.0 3.0 13418.0 30.0 24425.0 0.08148061925270632
38 41 42 0.0 0.0 1290.0 2.0 13601.0 35.0 14683.0 0.08282553392888835
38 41 43 0.0 0.0 597.0 0.0 10770.0 27.0 3252.0 0.1048532055122828
38 41 44 0.0 0.0 238.0 0.0 6116.0 17.0 528.0 0.16784558206450062
38 41 45 0.0 0.0 55.0 0.0 1481.0 11.0 5.0 0.3971631205673758
38 41 46 0.0 0.0 0.0 0.0 3.0 0.0 0.0 0.6989515726410384
38 42 34 0.0 0.0 0.0 0.0 2.0 0.0 0.0 0.6993006993006992
38 42 35 0.0 0.0 8.0 0.0 95.0 2.0 0.0 0.6663493574488338
38 42 36 0.0 0.0 156.0 0.0 3672.0 18.0 108.0 0.24083949767761909
38 42 37 0.0 0.0 223.0 0.0 4860.0 22.0 244.0 0.1981879954699886
38 42 38 0.0 0.0 573.0 3.0 10799.0 23.0 3671.0 0.10475905417539658
38 42 39 0.0 0.0 1536.0 0.0 13521.0 41.0 19330.0 0.0820969917316601
38 42 40 0.0 1.0 1680.0 4.0 12759.0 48.0 24892.0 0.08512190673071075
38 42 41 0.0 0.0 1493.0 3.0 13497.0 48.0 19086.0 0.08240626287597856
38 42 42 0.0 0.0 681.0 3.0 11462.0 26.0 3719.0 0.0991150442477876
38 42 43 0.0 0.0 581.0 0.0 10449.0 25.0 2668.0 0.10758472296933835
38 42 44 0.0 0.0 264.0 0.0 6189.0 23.0 545.0 0.1660538488909975
38 42 45 0.0 0.0 49.0 0.0 1308.0 4.0 10.0 0.417536534446764
38 42 46 0.0 0.0 0.0 0.0 1.0 0.0 0.0 0.6996501749125437
38 43 35 0.0 0.0 0.0 0.0 3.0 0.0 0.0 0.6989515726410384
38 43 36 0.0 0.0 10.0 0.0 339.0 4.0 0.0 0.5972696245733787
38 43 37 0.0 0.0 206.0 0.0 4033.0 24.0 126.0 0.22526146419951726
38 43 38 0.0 0.0 280.0 0.0 6464.0 18.0 561.0 0.16038492381716116
38 43 39 0.0 0.0 984.0 1.0 12875.0 39.0 10146.0 0.08832807570977917
38 43 40 0.0 0.0 696.0 3.0 11898.0 19.0 5263.0 0.09594298245614034
38 43 41 0.0 1.0 514.0 0.0 9950.0 19.0 2325.0 0.11238660993818735
38 43 42 0.0 0.0 430.0 1.0 8874.0 19.0 1332.0 0.1239157372986369
38 43 43 0.0 0.0 224.0 0.0 5058.0 19.0 272.0 0.19273127753303965
38 43 44 0.0 0.0 368.0 0.0 8079.0 24.0 1190.0 0.13420245398773004
38 43 45 0.0 0.0 5.0 0.0 175.0 1.0 1.0 0.6424965580541532
38 43 46 0.0 0.0 0.0 0.0 1.0 0.0 0.0 0.6996501749125437
38 44 36 0.0 0.0 19.0 0.0 566.0 5.0 0.0 0.5426356589147286
38 44 37 0.0 0.0 103.0 0.0 2327.0 13.0 29.0 0.31702898550724634
38 44 38 0.0 0.0 144.0 0.0 2976.0 15.0 50.0 0.2742409402546523
38 44 39 0.0 0.0 85.0 0.0 2575.0 14.0 52.0 0.30133448127421436
38 44 40 0.0 0.0 453.0 0.0 8924.0 28.0 1515.0 0.12329370321444297
38 44 41 0.0 0.0 95.0 0.0 2128.0 13.0 22.0 0.33254156769596194
38 44 42 0.0 0.0 173.0 0.0 4194.0 19.0 149.0 0.22040302267002518
38 44 43 0.0 0.0 36.0 0.0 743.0 12.0 4.0 0.5063291139240506
38 44 44 0.0 0.0 3.0 0.0 178.0 2.0 0.0 0.6424965580541532
38 44 45 0.0 0.0 0.0 0.0 9.0 0.0 0.0 0.6968641114982577
38 45 36 0.0 0.0 0.0 0.0 1.0 0.0 0.0 0.6996501749125437
38 45 37 0.0 0.0 0.0 0.0 16.0 0.0 0.0 0.6944444444444444
38 45 38 0.0 0.0 15.0 0.0 345.0 7.0 0.0 0.5952380952380951
38 45 39 0.0 0.0 28.0 0.0 601.0 12.0 1.0 0.5349636988918608
38 45 40 0.0 0.0 1.0 0.0 71.0 0.0 0.0 0.6760019314340897
38 45 41 0.0 0.0 19.0 0.0 388.0 7.0 0.0 0.5833333333333333
38 45 42 0.0 0.0 0.0 0.0 10.0 0.0 0.0 0.6965174129353233
38 45 43 0.0 0.0 0.0 0.0 10.0 0.0 0.0 0.6965174129353233
38 45 44 0.0 0.0 0.0 0.0 1.0 0.0 0.0 0.6996501749125437
39 34 38 0.0 0.0 0.0 0.0 1.0 0.0 0.0 0.6996501749125437
39 34 41 0.0 0.0 0.0 0.0 5.0 0.0 0.0 0.6982543640897755
39 35 35 0.0 0.0 0.0 0.0 12.0 0.0 0.0 0.6958250497017892
39 35 36 0.0 0.0 0.0 0.0 27.0 0.0 0.0 0.6906758756783422
39 35 37 0.0 0.0 3.0 0.0 85.0 1.0 0.0 0.670819357930043
39 35 38 0.0 0.0 1.0 0.0 101.0 0.0 0.0 0.6663493574488338
39 35 39 0.0 0.0 59.0 0.0 1657.0 9.0 17.0 0.3777657852131678
39 35 40 0.0 0.0 5.0 0.0 226.0 3.0 1.0 0.6286484059272563
39 35 41 0.0 0.0 74.0 0.0 1867.0 10.0 26.0 0.3561434749427626
39 35 42 0.0 0.0 2.0 0.0 30.0 1.0 0.0 0.6893156080748399
39 36 34 0.0 0.0 0.0 0.0 2.0 0.0 0.0 0.6993006993006992
39 36 35 0.0 0.0 6.0 0.0 309.0 3.0 1.0 0.6055363321799306
39 36 36 0.0 0.0 180.0 0.0 4268.0 14.0 168.0 0.21756021756021754
39 36 37 0.0 0.0 122.0 0.0 2844.0 19.0 65.0 0.28282828282828276
39 36 38 0.0 0.0 298.0 0.0 6303.0 15.0 473.0 0.16294227188081936
39 36 39 0.0 0.0 245.0 0.0 5946.0 21.0 451.0 0.1713796058269066
39 36 40 0.0 0.0 591.0 0.0 10684.0 29.0 3454.0 0.10556477152767303
39 36 41 0.0 0.0 282.0 0.0 6192.0 11.0 499.0 0.165347820951931
39 36 42 0.0 0.0 175.0 0.0 4389.0 12.0 211.0 0.2137078308655167
39 36 43 0.0 0.0 20.0 0.0 418.0 7.0 1.0 0.5758946935417523
39 36 44 0.0 0.0 12.0 0.0 226.0 5.0 0.0 0.6269592476489028
39 36 45 0.0 0.0 4.0 0.0 52.0 0.0 0.0 0.6809338521400777
39 37 34 0.0 0.0 0.0 0.0 7.0 0.0 0.0 0.6975585450921773
39 37 35 0.0 0.0 120.0 0.0 2778.0 27.0 40.0 0.28735632183908044
39 37 36 0.0 0.0 395.0 0.0 8454.0 28.0 1272.0 0.12922281705741182
39 37 37 0.0 0.0 625.0 0.0 11122.0 27.0 4146.0 0.10189970157944535
39 37 38 0.0 0.0 714.0 0.0 12029.0 30.0 5397.0 0.09504412763068566
39 37 39 0.0 0.0 780.0 0.0 12290.0 26.0 5640.0 0.09298000929800092
39 37 40 0.0 0.0 1293.0 0.0 13407.0 35.0 15111.0 0.08380222674488207
39 37 41 0.0 0.0 1170.0 0.0 13189.0 33.0 12761.0 0.08554842652001221
39 37 42 0.0 0.0 462.0 0.0 9312.0 20.0 1733.0 0.11899702507437313
39 37 43 0.0 0.0 544.0 0.0 10118.0 19.0 2509.0 0.11066318868073668
39 37 44 0.0 0.0 99.0 0.0 2435.0 8.0 37.0 0.3093239063190455
39 37 45 0.0 0.0 0.0 0.0 35.0 0.0 0.0 0.6879606879606879
39 38 34 0.0 0.0 0.0 0.0 21.0 0.0 0.0 0.6930693069306929
39 38 35 0.0 0.0 243.0 0.0 5373.0 14.0 291.0 0.18408941485864563
39 38 36 0.0 0.0 520.0 0.0 9999.0 20.0 2350.0 0.1119194180190263
39 38 37 0.0 0.0 924.0 0.0 12564.0 31.0 9789.0 0.09044511919374636
39 38 38 0.0 0.0 1290.0 0.0 13451.0 27.0 15504.0 0.08361703398435165
39 38 39 0.0 0.0 1414.0 0.0 13482.0 34.0 17313.0 0.08283533518726702
39 38 40 0.0 0.0 2137.0 1.0 12399.0 44.0 35156.0 0.08457681387059747
39 38 41 0.0 0.0 1191.0 1.0 13663.0 30.0 11393.0 0.08307619273676714
39 38 42 0.0 0.0 1264.0 0.0 13568.0 39.0 14183.0 0.08321940200915412
39 38 43 0.0 0.0 468.0 0.0 9640.0 25.0 2198.0 0.11577902745616934
39 38 44 0.0 0.0 411.0 0.0 8442.0 20.0 1349.0 0.12911555842479017
39 38 45 0.0 0.0 0.0 0.0 88.0 0.0 0.0 0.6704980842911876
39 38 46 0.0 0.0 0.0 0.0 1.0 0.0 0.0 0.6996501749125437
39 39 34 0.0 0.0 0.0 0.0 41.0 0.0 0.0 0.6859382655560998
39 39 35 0.0 0.0 215.0 0.0 5212.0 16.0 279.0 0.1888319395737793
39 39 36 0.0 0.0 734.0 0.0 11883.0 33.0 4862.0 0.09587727708533077
39 39 37 0.0 0.0 958.0 0.0 13112.0 28.0 8731.0 0.08709175738724727
39 39 38 0.0 0.0 1784.0 1.0 13016.0 32.0 26595.0 0.0832738520104687
39 39 39 2.0 1.0 2509.0 16.0 11200.0 50.0 47218.0 0.08895666539585714
39 39 40 0.0 4.0 2760.0 36.0 11855.0 49.0 47183.0 0.08393788596438635
39 39 41 0.0 4.0 2758.0 30.0 10680.0 63.0 53711.0 0.09049188804860707
39 39 42 1.0 0.0 1383.0 5.0 13952.0 31.0 14657.0 0.08072886633606273
39 39 43 0.0 0.0 658.0 0.0 11273.0 25.0 3798.0 0.10058193835764064
39 39 44 0.0 0.0 265.0 0.0 5699.0 15.0 428.0 0.1759457081814754
39 39 45 0.0 0.0 6.0 0.0 219.0 1.0 0.0 0.6294964028776977
39 39 46 0.0 0.0 0.0 0.0 5.0 0.0 0.0 0.6982543640897755
39 40 34 0.0 0.0 3.0 0.0 114.0 3.0 0.0 0.662251655629139
39 40 35 0.0 0.0 121.0 0.0 2719.0 15.0 47.0 0.2901554404145077
39 40 36 0.0 0.0 604.0 0.0 10942.0 23.0 3324.0 0.10341261633919337
39 40 37 0.0 0.0 1250.0 0.0 13576.0 43.0 13489.0 0.08329366968110423
39 40 38 0.0 1.0 1834.0 12.0 13116.0 41.0 27502.0 0.08244023083264633
39 40 39 0.0 0.0 2730.0 6.0 11555.0 65.0 49395.0 0.08596340415080436
39 40 40 0.0 12.0 3126.0 59.0 8599.0 69.0 76931.0 0.10146398028699811
39 40 41 0.0 12.0 2538.0 105.0 12557.0 51.0 38966.0 0.08131025670809618
39 40 42 0.0 11.0 1165.0 114.0 13508.0 38.0 11860.0 0.08336310587114444
39 40 43 0.0 0.0 1047.0 0.0 13069.0 35.0 10819.0 0.08684324793747285
39 40 44 0.0 0.0 518.0 0.0 10155.0 22.0 2797.0 0.11055831951354339
39 40 45 0.0 0.0 12.0 0.0 427.0 2.0 0.0 0.5744768157570782
39 40 46 0.0 0.0 0.0 0.0 2.0 0.0 0.0 0.6993006993006992
39 41 34 0.0 0.0 0.0 0.0 11.0 0.0 0.0 0.6961710591745399
39 41 35 0.0 0.0 102.0 0.0 2189.0 17.0 20.0 0.3275620028076743
39 41 36 0.0 0.0 355.0 0.0 8088.0 16.0 1200.0 0.13420245398773004
39 41 37 0.0 0.0 745.0 0.0 12054.0 25.0 6096.0 0.09463935645237612
39 41 38 0.0 0.0 865.0 2.0 12680.0 33.0 6609.0 0.09007849697593616
39 41 39 0.0 1.0 2104.0 20.0 12706.0 50.0 33857.0 0.0831551437396056
39 41 40 1.0 9.0 2776.0 48.0 10761.0 72.0 54843.0 0.08980115458627325
39 41 41 0.0 6.0 2278.0 67.0 12495.0 41.0 35919.0 0.0829875518672199
39 41 42 0.0 13.0 1518.0 77.0 13253.0 34.0 20788.0 0.0830072334874896
39 41 43 0.0 0.0 1222.0 2.0 13385.0 43.0 14928.0 0.08438309927068892
39 41 44 0.0 0.0 252.0 0.0 5983.0 16.0 468.0 0.1703370239688526
39 41 45 0.0 0.0 13.0 0.0 393.0 7.0 0.0 0.5835764902042517
39 41 46 0.0 0.0 0.0 0.0 5.0 0.0 0.0 0.6982543640897755
39 42 34 0.0 0.0 0.0 0.0 1.0 0.0 0.0 0.6996501749125437
39 42 35 0.0 0.0 73.0 0.0 1320.0 9.0 7.0 0.4137115839243498
39 42 36 0.0 0.0 183.0 0.0 4203.0 30.0 140.0 0.22019502988361117
39 42 37 0.0 0.0 939.0 0.0 12677.0 28.0 9307.0 0.08970908624887863
39 42 38 0.0 0.0 722.0 0.0 11829.0 33.0 5111.0 0.0963789067878287
39 42 39 0.0 13.0 1006.0 131.0 13292.0 39.0 8192.0 0.08526706863999026
39 42 40 0.0 3.0 1633.0 68.0 13672.0 39.0 20324.0 0.08058017727639
39 42 41 0.0 16.0 1663.0 134.0 12857.0 44.0 25185.0 0.08399328053755699
39 42 42 0.0 2.0 777.0 44.0 12039.0 30.0 5606.0 0.09425070688030159
39 42 43 0.0 0.0 876.0 1.0 12602.0 35.0 8476.0 0.09049773755656108
39 42 44 0.0 0.0 426.0 0.0 9145.0 14.0 1741.0 0.1210235131396957
39 42 45 0.0 0.0 2.0 0.0 124.0 1.0 0.0 0.6588235294117646
39 43 35 0.0 0.0 0.0 0.0 21.0 0.0 0.0 0.6927263730826323
39 43 36 0.0 0.0 33.0 0.0 780.0 4.0 1.0 0.49839800640797427
39 43 37 0.0 0.0 668.0 0.0 11309.0 25.0 3978.0 0.10022191996563819
39 43 38 0.0 0.0 545.0 0.0 10334.0 30.0 2489.0 0.10890704006223258
39 43 39 0.0 0.0 855.0 4.0 12521.0 34.0 6980.0 0.09103914683313824
39 43 40 0.0 0.0 508.0 2.0 10021.0 23.0 2564.0 0.11187470033562408
39 43 41 0.0 0.0 714.0 0.0 11729.0 21.0 5378.0 0.0969797727902466
39 43 42 0.0 0.0 500.0 2.0 9566.0 25.0 2011.0 0.11614401858304296
39 43 43 0.0 0.0 387.0 0.0 7592.0 23.0 873.0 0.14059048001606747
39 43 44 0.0 0.0 94.0 0.0 2235.0 14.0 26.0 0.32452480296708386
39 43 45 0.0 0.0 10.0 0.0 206.0 0.0 0.0 0.6317689530685919
39 44 35 0.0 0.0 13.0 0.0 314.0 5.0 0.0 0.6029285099052539
39 44 36 0.0 0.0 9.0 0.0 281.0 2.0 0.0 0.6118881118881118
39 44 37 0.0 0.0 124.0 0.0 2712.0 10.0 51.0 0.2899751449875725
39 44 38 0.0 0.0 184.0 0.0 4800.0 14.0 271.0 0.2008320183617845
39 44 39 0.0 0.0 235.0 0.0 5447.0 20.0 321.0 0.1826007564888483
39 44 40 0.0 0.0 285.0 0.0 5699.0 20.0 339.0 0.17568076295645627
39 44 41 0.0 0.0 200.0 0.0 4897.0 16.0 249.0 0.19762845849802366
39 44 42 0.0 0.0 193.0 0.0 4505.0 17.0 184.0 0.2094867574442615
39 44 43 0.0 0.0 156.0 0.0 2949.0 18.0 52.0 0.27521132298014545
39 44 44 0.0 0.0 5.0 0.0 168.0 1.0 0.0 0.6445672191528544
39 44 45 0.0 0.0 0.0 0.0 19.0 0.0 0.0 0.6934125804853887
39 45 36 0.0 0.0 0.0 0.0 1.0 0.0 0.0 0.6996501749125437
39 45 37 0.0 0.0 0.0 0.0 19.0 0.0 0.0 0.6934125804853887
39 45 38 0.0 0.0 3.0 0.0 33.0 0.0 0.0 0.6876227897838899
39 45 39 0.0 0.0 4.0 0.0 53.0 0.0 0.0 0.6806028196402526
39 45 40 0.0 0.0 4.0 0.0 181.0 2.0 0.0 0.6413192853870818
39 45 41 0.0 0.0 14.0 0.0 451.0 1.0 0.0 0.5681818181818181
39 45 42 0.0 0.0 2.0 0.0 21.0 0.0 0.0 0.6923837784371908
39 45 43 0.0 0.0 0.0 0.0 6.0 0.0 0.0 0.6979062811565303
39 45 44 0.0 0.0 0.0 0.0 1.0 0.0 0.0 0.6996501749125437
40 34 39 0.0 0.0 2.0 0.0 16.0 0.0 0.0 0.6937561942517343
40 34 40 0.0 0.0 1.0 0.0 13.0 0.0 0.0 0.6951340615690167
40 34 41 0.0 0.0 0.0 0.0 8.0 0.0 0.0 0.697211155378486
40 34 42 0.0 0.0 0.0 0.0 1.0 0.0 0.0 0.6996501749125437
40 35 35 0.0 0.0 1.0 0.0 16.0 1.0 0.0 0.6944444444444444
40 35 36 0.0 0.0 2.0 0.0 39.0 0.0 0.0 0.6859382655560998
40 35 37 0.0 0.0 6.0 0.0 179.0 1.0 0.0 0.641025641025641
40 35 38 0.0 0.0 35.0 0.0 668.0 12.0 0.0 0.5202526941657376
40 35 39 0.0 0.0 41.0 0.0 934.0 5.0 3.0 0.47153923880094306
40 35 40 0.0 0.0 106.0 0.0 2056.0 12.0 23.0 0.33734939759036137
40 35 41 0.0 0.0 0.0 0.0 87.0 0.0 1.0 0.6711409395973154
40 35 42 0.0 0.0 2.0 0.0 52.0 1.0 0.0 0.6819288845591815
40 35 43 0.0 0.0 0.0 0.0 3.0 0.0 0.0 0.6989515726410384
40 35 44 0.0 0.0 2.0 0.0 37.0 0.0 0.0 0.6866110838646394
40 36 34 0.0 0.0 0.0 0.0 3.0 0.0 0.0 0.6989515726410384
40 36 35 0.0 0.0 16.0 0.0 529.0 8.0 0.0 0.5518328734726053
40 36 36 0.0 0.0 349.0 0.0 7066.0 21.0 711.0 0.14893617021276595
40 36 37 0.0 0.0 244.0 0.0 5504.0 21.0 348.0 0.18118286527759803
40 36 38 0.0 0.0 221.0 0.0 5275.0 24.0 321.0 0.18731602890018728
40 36 39 0.0 0.0 559.0 0.0 10374.0 22.0 2808.0 0.10831721470019341
40 36 40 0.0 0.0 193.0 0.0 5017.0 19.0 293.0 0.19471488178025032
40 36 41 0.0 0.0 404.0 0.0 7565.0 28.0 862.0 0.14076010456464907
40 36 42 0.0 0.0 25.0 0.0 1021.0 3.0 9.0 0.4600722970752546
40 36 43 0.0 0.0 50.0 0.0 1293.0 14.0 8.0 0.42079951908626384
40 36 44 0.0 0.0 11.0 0.0 357.0 4.0 0.0 0.5922165820642977
40 36 45 0.0 0.0 0.0 0.0 1.0 0.0 0.0 0.6996501749125437
40 37 34 0.0 0.0 4.0 0.0 45.0 2.0 0.0 0.6839276990718123
40 37 35 0.0 0.0 31.0 0.0 898.0 8.0 5.0 0.47928791509756924
40 37 36 0.0 0.0 620.0 0.0 10861.0 27.0 3305.0 0.10397326401782397
40 37 37 0.0 0.0 365.0 0.0 8058.0 23.0 1240.0 0.13457656445256175
40 37 38 0.0 0.0 830.0 0.0 12695.0 24.0 6583.0 0.09022362570084422
40 37 39 0.0 0.0 1055.0 0.0 13300.0 25.0 10467.0 0.08559026716390536
40 37 40 0.0 0.0 964.0 0.0 13096.0 25.0 7623.0 0.08714596949891067
40 37 41 0.0 0.0 625.0 0.0 10857.0 21.0 2939.0 0.10392695419790661
40 37 42 0.0 0.0 570.0 1.0 10200.0 27.0 2258.0 0.10975227343994981
40 37 43 0.0 0.0 386.0 0.0 8292.0 19.0 1233.0 0.13125820363772733
40 37 44 0.0 0.0 7.0 0.0 490.0 0.0 2.0 0.5606728073688425
40 37 45 0.0 0.0 23.0 0.0 570.0 5.0 0.0 0.5411673753382295
40 38 34 0.0 0.0 6.0 0.0 99.0 1.0 0.0 0.6653992395437262
40 38 35 0.0 0.0 101.0 0.0 2777.0 19.0 64.0 0.28794734677087613
40 38 36 0.0 0.0 578.0 0.0 10538.0 27.0 2360.0 0.10682130321989927
40 38 37 0.0 0.0 1365.0 0.0 12922.0 44.0 18935.0 0.08600565179997542
40 38 38 0.0 0.0 1862.0 0.0 12055.0 37.0 34230.0 0.0878679470281805
40 38 39 0.0 1.0 1777.0 1.0 13321.0 40.0 25308.0 0.08185219831618334
40 38 40 0.0 0.0 1944.0 0.0 13769.0 57.0 25525.0 0.07900677200902934
40 38 41 0.0 0.0 1923.0 2.0 13066.0 50.0 28078.0 0.08241596514982044
40 38 42 0.0 0.0 1432.0 0.0 13779.0 45.0 16868.0 0.08138115444980526
40 38 43 0.0 0.0 651.0 1.0 11149.0 31.0 3359.0 0.10155966630395356
40 38 44 0.0 0.0 287.0 0.0 5795.0 24.0 362.0 0.173697270471464
40 38 45 0.0 0.0 25.0 0.0 621.0 4.0 2.0 0.5301022340022719
40 38 46 0.0 0.0 0.0 0.0 6.0 0.0 0.0 0.6979062811565303
40 39 34 0.0 0.0 0.0 0.0 43.0 1.0 0.0 0.6856023506366307
40 39 35 0.0 0.0 379.0 0.0 7493.0 26.0 743.0 0.1420887039480361
40 39 36 0.0 0.0 662.0 0.0 11201.0 39.0 3496.0 0.10118531367447238
40 39 37 0.0 0.0 1325.0 0.0 13479.0 39.0 15447.0 0.08337303477846593
40 39 38 0.0 0.0 2067.0 1.0 12820.0 55.0 32194.0 0.08289909995262908
40 39 39 0.0 5.0 2729.0 20.0 11171.0 48.0 51179.0 0.08779631255487269
40 39 40 0.0 3.0 2773.0 21.0 12078.0 63.0 45939.0 0.08294330232833698
40 39 41 0.0 5.0 2733.0 49.0 12202.0 46.0 43959.0 0.08237716975581053
40 39 42 0.0 2.0 2089.0 9.0 12662.0 48.0 33841.0 0.08348738744111156
40 39 43 0.0 0.0 1026.0 0.0 13192.0 29.0 7848.0 0.08636644046884638
40 39 44 0.0 0.0 439.0 0.0 8779.0 18.0 1386.0 0.12489963422249976
40 39 45 0.0 0.0 173.0 0.0 3919.0 18.0 123.0 0.23049061573921628
40 39 46 0.0 0.0 0.0 0.0 5.0 0.0 0.0 0.6982543640897755
40 40 34 0.0 0.0 3.0 0.0 92.0 1.0 0.0 0.668896321070234
40 40 35 0.0 0.0 263.0 0.0 5887.0 10.0 435.0 0.17194792434291326
40 40 36 0.0 0.0 819.0 0.0 12254.0 29.0 6608.0 0.09294914354003452
40 40 37 0.0 0.0 1188.0 0.0 13190.0 28.0 14559.0 0.08545965083628371
40 40 38 0.0 0.0 2157.0 1.0 12056.0 63.0 37937.0 0.08641441886303314
40 40 39 0.0 17.0 3016.0 116.0 10805.0 64.0 55926.0 0.08768633345859951
40 40 40 7.0 83.0 2769.0 307.0 6034.0 65.0 101359.0 0.12499999999999997
40 40 41 0.0 9.0 3150.0 48.0 9271.0 76.0 71009.0 0.09667840618741799
40 40 42 0.0 17.0 2001.0 145.0 12853.0 51.0 30266.0 0.08224650452355774
40 40 43 0.0 0.0 1068.0 1.0 13278.0 34.0 11332.0 0.08570554025099479
40 40 44 0.0 0.0 215.0 0.0 5512.0 19.0 350.0 0.18153526970954353
40 40 45 0.0 0.0 115.0 0.0 2404.0 16.0 27.0 0.31083481349911185
40 40 46 0.0 0.0 2.0 0.0 16.0 1.0 0.0 0.694100148735746
40 41 34 0.0 0.0 0.0 0.0 24.0 0.0 0.0 0.6916996047430829
40 41 35 0.0 0.0 225.0 0.0 4417.0 20.0 169.0 0.21135265700483086
40 41 36 0.0 0.0 448.0 0.0 8997.0 24.0 1608.0 0.12247397428046539
40 41 37 0.0 0.0 943.0 0.0 12775.0 41.0 9676.0 0.0891606164819768
40 41 38 0.0 0.0 1583.0 3.0 13703.0 51.0 20433.0 0.08101851851851852
40 41 39 0.0 4.0 2425.0 23.0 12875.0 59.0 36259.0 0.08078942812626232
40 41 40 0.0 37.0 2749.0 204.0 11593.0 55.0 46804.0 0.08438818565400844
40 41 41 0.0 640.0 2117.0 4905.0 8894.0 61.0 42241.0 0.0754513608191862
40 41 42 0.0 7.0 1929.0 91.0 12545.0 61.0 31200.0 0.0845461682468748
40 41 43 0.0 0.0 606.0 1.0 10815.0 20.0 2967.0 0.10440748750838988
40 41 44 0.0 0.0 498.0 0.0 9952.0 21.0 2425.0 0.11249497790277219
40 41 45 0.0 0.0 30.0 0.0 878.0 7.0 2.0 0.48292514660227653
40 41 46 0.0 0.0 0.0 0.0 1.0 0.0 0.0 0.6996501749125437
40 42 34 0.0 0.0 5.0 0.0 42.0 0.0 0.0 0.6839276990718123
40 42 35 0.0 0.0 23.0 0.0 748.0 3.0 6.0 0.5057803468208091
40 42 36 0.0 0.0 164.0 0.0 4314.0 13.0 190.0 0.21648368640791707
40 42 37 0.0 0.0 454.0 0.0 8874.0 24.0 1376.0 0.12375143640060107
40 42 38 0.0 0.0 1445.0 0.0 13145.0 43.0 19558.0 0.08441362677117877
40 42 39 0.0 3.0 1430.0 23.0 13834.0 49.0 16455.0 0.08103258667592753
40 42 40 0.0 6.0 2208.0 42.0 12445.0 52.0 35875.0 0.08381727833323353
40 42 41 0.0 13.0 1390.0 179.0 13494.0 34.0 16688.0 0.0819480215406228
40 42 42 0.0 5.0 876.0 137.0 12702.0 30.0 5911.0 0.0890925289550719
40 42 43 0.0 0.0 1036.0 0.0 13010.0 27.0 11705.0 0.08722741433021806
40 42 44 0.0 0.0 426.0 0.0 8698.0 22.0 1532.0 0.1260239445494644
40 42 45 0.0 0.0 8.0 0.0 266.0 4.0 0.0 0.6170118995152049
40 43 34 0.0 0.0 0.0 0.0 1.0 0.0 0.0 0.6996501749125437
40 43 35 0.0 0.0 1.0 0.0 52.0 1.0 0.0 0.6822612085769979
40 43 36 0.0 0.0 300.0 0.0 6641.0 24.0 649.0 0.15693307925120498
40 43 37 0.0 0.0 319.0 0.0 6289.0 15.0 471.0 0.16290435187340005
40 43 38 0.0 0.0 904.0 0.0 12576.0 35.0 6864.0 0.0905211431527221
40 43 39 0.0 0.0 785.0 0.0 12198.0 35.0 5171.0 0.09353287012292891
40 43 40 0.0 0.0 652.0 8.0 10931.0 23.0 3274.0 0.1030700139880733
40 43 41 0.0 0.0 1041.0 1.0 13176.0 35.0 11247.0 0.08632916075723006
40 43 42 0.0 0.0 656.0 1.0 11315.0 20.0 3796.0 0.10028653295128939
40 43 43 0.0 0.0 324.0 0.0 6966.0 20.0 731.0 0.15091085480219898
40 43 44 0.0 0.0 385.0 0.0 7763.0 27.0 979.0 0.13825794983211534
40 43 45 0.0 0.0 4.0 0.0 159.0 1.0 0.0 0.6472491909385112
40 44 34 0.0 0.0 0.0 0.0 1.0 0.0 0.0 0.6996501749125437
40 44 35 0.0 0.0 0.0 0.0 24.0 0.0 0.0 0.6916996047430829
40 44 36 0.0 0.0 36.0 0.0 911.0 8.0 3.0 0.47635250085062936
40 44 37 0.0 0.0 8.0 0.0 379.0 5.0 1.0 0.5877413937867337
40 44 38 0.0 0.0 175.0 0.0 3865.0 13.0 99.0 0.2321724709784411
40 44 39 0.0 0.0 200.0 0.0 4017.0 15.0 108.0 0.22566086395873625
40 44 40 0.0 0.0 254.0 0.0 5947.0 16.0 465.0 0.17096104530467698
40 44 41 0.0 0.0 354.0 1.0 7659.0 13.0 905.0 0.13990206855201356
40 44 42 0.0 0.0 96.0 0.0 2358.0 14.0 42.0 0.31538634827663886
40 44 43 0.0 0.0 74.0 0.0 1630.0 14.0 12.0 0.37960954446854656
40 44 44 0.0 0.0 53.0 0.0 1023.0 14.0 7.0 0.4573668735707284
40 44 45 0.0 0.0 8.0 0.0 368.0 3.0 0.0 0.5899705014749261
40 45 36 0.0 0.0 0.0 0.0 3.0 0.0 0.0 0.6989515726410384
40 45 37 0.0 0.0 0.0 0.0 4.0 0.0 0.0 0.6986027944111775
40 45 38 0.0 0.0 6.0 0.0 184.0 3.0 0.0 0.6401463191586647
40 45 39 0.0 0.0 0.0 0.0 30.0 0.0 0.0 0.689655172413793
40 45 40 0.0 0.0 0.0 0.0 73.0 0.0 0.0 0.6753497346840327
40 45 41 0.0 0.0 22.0 0.0 826.0 4.0 2.0 0.4922644163150492
40 45 42 0.0 0.0 17.0 0.0 394.0 3.0 0.0 0.5813953488372092
40 45 43 0.0 0.0 0.0 0.0 7.0 0.0 0.0 0.6975585450921773
40 45 44 0.0 0.0 1.0 0.0 9.0 1.0 0.0 0.6968641114982577
40 45 45 0.0 0.0 0.0 0.0 1.0 0.0 0.0 0.6996501749125437
40 45 46 0.0 0.0 1.0 0.0 11.0 1.0 0.0 0.6961710591745399
40 46 38 0.0 0.0 1.0 0.0 26.0 0.0 0.0 0.6906758756783422
40 46 40 0.0 0.0 0.0 0.0 1.0 0.0 0.0 0.6996501749125437
41 34 37 0.0 0.0 0.0 0.0 2.0 0.0 0.0 0.6993006993006992
41 34 39 0.0 0.0 0.0 0.0 5.0 0.0 0.0 0.6982543640897755
41 34 40 0.0 0.0 0.0 0.0 8.0 0.0 0.0 0.697211155378486
41 34 41 0.0 0.0 3.0 0.0 22.0 1.0 0.0 0.6916996047430829
41 35 35 0.0 0.0 0.0 0.0 13.0 0.0 0.0 0.695479384003974
41 35 36 0.0 0.0 4.0 0.0 75.0 0.0 0.0 0.6734006734006733
41 35 37 0.0 0.0 11.0 0.0 373.0 4.0 1.0 0.588235294117647
41 35 38 0.0 0.0 31.0 0.0 827.0 9.0 6.0 0.4914004914004913
41 35 39 0.0 0.0 5.0 0.0 311.0 1.0 0.0 0.6047516198704103
41 35 40 0.0 0.0 245.0 0.0 5060.0 17.0 247.0 0.19201755589082425
41 35 41 0.0 0.0 3.0 0.0 100.0 1.0 0.0 0.6660323501427211
41 35 42 0.0 0.0 11.0 0.0 165.0 1.0 0.0 0.6436781609195401
41 35 43 0.0 0.0 0.0 0.0 6.0 0.0 0.0 0.6979062811565303
41 35 44 0.0 0.0 0.0 0.0 8.0 0.0 0.0 0.697211155378486
41 36 34 0.0 0.0 0.0 0.0 1.0 0.0 0.0 0.6996501749125437
41 36 35 0.0 0.0 3.0 0.0 146.0 0.0 0.0 0.6514657980456026
41 36 36 0.0 0.0 128.0 0.0 3332.0 19.0 103.0 0.2573056423451571
41 36 37 0.0 0.0 376.0 0.0 7919.0 22.0 1070.0 0.13622652525055948
41 36 38 0.0 0.0 187.0 0.0 4604.0 20.0 200.0 0.20676414119037068
41 36 39 0.0 0.0 434.0 0.0 8468.0 26.0 1225.0 0.12862918044836455
41 36 40 0.0 0.0 407.0 0.0 7970.0 30.0 979.0 0.1352918438345574
41 36 41 0.0 0.0 184.0 0.0 4039.0 20.0 129.0 0.22569724326938573
41 36 42 0.0 0.0 78.0 0.0 1916.0 15.0 21.0 0.351935646053293
41 36 43 0.0 0.0 182.0 0.0 4522.0 15.0 219.0 0.20923628755044085
41 36 44 0.0 0.0 0.0 0.0 41.0 0.0 0.0 0.6859382655560998
41 36 45 0.0 0.0 0.0 0.0 4.0 0.0 0.0 0.6986027944111775
41 37 33 0.0 0.0 0.0 0.0 1.0 0.0 0.0 0.6996501749125437
41 37 34 0.0 0.0 0.0 0.0 2.0 0.0 0.0 0.6993006993006992
41 37 35 0.0 0.0 29.0 0.0 869.0 5.0 3.0 0.4840940525587828
41 37 36 0.0 0.0 471.0 0.0 9804.0 15.0 2612.0 0.11406224539677365
41 37 37 0.0 0.0 1111.0 0.0 13156.0 28.0 13174.0 0.08601093567610739
41 37 38 0.0 0.0 919.0 0.0 13017.0 41.0 7429.0 0.08792313006343025
41 37 39 0.0 0.0 1337.0 0.0 13132.0 37.0 17317.0 0.08500819721901753
41 37 40 0.0 0.0 551.0 0.0 10589.0 25.0 3029.0 0.1066504151748305
41 37 41 0.0 0.0 869.0 1.0 12656.0 31.0 6766.0 0.09022362570084422
41 37 42 0.0 0.0 628.0 0.0 11323.0 18.0 4365.0 0.10038720780152013
41 37 43 0.0 0.0 351.0 0.0 7369.0 26.0 833.0 0.14432989690721648
41 37 44 0.0 0.0 115.0 0.0 2528.0 17.0 38.0 0.30270270270270266
41 37 45 0.0 0.0 0.0 0.0 31.0 0.0 0.0 0.6893156080748399
41 37 46 0.0 0.0 0.0 0.0 2.0 0.0 0.0 0.6993006993006992
41 38 34 0.0 0.0 19.0 0.0 504.0 4.0 0.0 0.5557761016276299
41 38 35 0.0 0.0 111.0 0.0 2343.0 10.0 29.0 0.31474820143884885
41 38 36 0.0 0.0 426.0 0.0 8811.0 19.0 1431.0 0.12474382963556979
41 38 37 0.0 0.0 642.0 0.0 11634.0 36.0 4641.0 0.09814918676388108
41 38 38 0.0 0.0 1668.0 0.0 12676.0 41.0 25789.0 0.08560596795890912
41 38 39 0.0 0.0 1350.0 1.0 13497.0 33.0 16719.0 0.08311071534579993
41 38 40 0.0 0.0 1368.0 1.0 13723.0 43.0 16279.0 0.08191925102399063
41 38 41 0.0 15.0 1411.0 207.0 13766.0 32.0 16190.0 0.08043203493048373
41 38 42 0.0 0.0 1354.0 1.0 13434.0 30.0 16612.0 0.08342271481349063
41 38 43 0.0 0.0 810.0 0.0 12335.0 34.0 5981.0 0.0925252792280748
41 38 44 0.0 0.0 192.0 0.0 4424.0 16.0 201.0 0.21192854980320916
41 38 45 0.0 0.0 8.0 0.0 249.0 3.0 0.0 0.6211180124223601
41 38 46 0.0 0.0 0.0 0.0 9.0 0.0 0.0 0.6968641114982577
41 39 34 0.0 0.0 0.0 0.0 26.0 0.0 0.0 0.6910167818361302
41 39 35 0.0 0.0 153.0 0.0 3574.0 20.0 115.0 0.24531277378657787
41 39 36 0.0 0.0 455.0 0.0 9003.0 23.0 1653.0 0.12233484795526038
41 39 37 0.0 0.0 1092.0 0.0 13573.0 37.0 9447.0 0.08405379442843419
41 39 38 0.0 0.0 1887.0 1.0 13150.0 46.0 28108.0 0.08216444627032102
41 39 39 0.0 0.0 2714.0 7.0 9839.0 46.0 60418.0 0.0961076405574243
41 39 40 0.0 4.0 2601.0 21.0 11920.0 61.0 45160.0 0.08457681387059747
41 39 41 0.0 0.0 2856.0 7.0 10354.0 66.0 59822.0 0.09200841219768663
41 39 42 0.0 0.0 2051.0 2.0 12538.0 51.0 32657.0 0.08434751174840342
41 39 43 0.0 0.0 1058.0 0.0 13370.0 29.0 11395.0 0.08517887563884156
41 39 44 0.0 0.0 494.0 0.0 9626.0 22.0 2080.0 0.11565468814539447
41 39 45 0.0 0.0 84.0 0.0 1716.0 7.0 14.0 0.3691009754811494
41 39 46 0.0 0.0 0.0 0.0 9.0 1.0 0.0 0.697211155378486
41 40 34 0.0 0.0 11.0 0.0 390.0 3.0 2.0 0.5840634125990821
41 40 35 0.0 0.0 239.0 0.0 5732.0 12.0 379.0 0.1758352172820899
41 40 36 0.0 0.0 737.0 0.0 11999.0 26.0 5512.0 0.09506994431617546
41 40 37 0.0 0.0 1320.0 0.0 13482.0 42.0 15648.0 0.08336310587114444
41 40 38 0.0 0.0 1920.0 0.0 13175.0 66.0 28225.0 0.08200562324273664
41 40 39 0.0 0.0 2805.0 6.0 11318.0 51.0 50611.0 0.08672489623985627
41 40 40 0.0 4.0 2624.0 46.0 12635.0 49.0 40663.0 0.0808687615526802
41 40 41 0.0 9.0 2913.0 44.0 9477.0 60.0 66793.0 0.09681881051175656
41 40 42 0.0 4.0 2133.0 40.0 12807.0 52.0 34009.0 0.08242081714352995
41 40 43 0.0 0.0 781.0 0.0 12183.0 42.0 5445.0 0.09370816599732261
41 40 44 0.0 0.0 517.0 0.0 9752.0 33.0 2106.0 0.11430437622468972
41 40 45 0.0 0.0 15.0 0.0 460.0 1.0 0.0 0.5661140315406388
41 41 34 0.0 0.0 3.0 0.0 87.0 2.0 0.0 0.6704980842911876
41 41 35 0.0 0.0 221.0 0.0 5544.0 22.0 357.0 0.18073844564936742
41 41 36 0.0 0.0 970.0 0.0 13113.0 32.0 8686.0 0.08705926248367638
41 41 37 0.0 0.0 1478.0 0.0 13050.0 33.0 21167.0 0.08463817181548877
41 41 38 0.0 0.0 1929.0 0.0 12730.0 53.0 29623.0 0.08410428931875524
41 41 39 0.0 12.0 2851.0 32.0 10639.0 71.0 57037.0 0.09007849697593616
41 41 40 0.0 12.0 2828.0 68.0 10610.0 58.0 56549.0 0.09017132551848511
41 41 41 0.0 22.0 2415.0 139.0 11899.0 62.0 41739.0 0.08492053863884506
41 41 42 0.0 3.0 1319.0 61.0 13848.0 45.0 14196.0 0.08135278052181996
41 41 43 0.0 0.0 917.0 1.0 12836.0 39.0 7616.0 0.08889453298622134
41 41 44 0.0 0.0 317.0 0.0 7182.0 24.0 746.0 0.14772607365199955
41 41 45 0.0 0.0 28.0 0.0 822.0 8.0 2.0 0.492784230904611
41 41 46 0.0 0.0 0.0 0.0 1.0 0.0 0.0 0.6996501749125437
41 42 34 0.0 0.0 0.0 0.0 10.0 0.0 0.0 0.6965174129353233
41 42 35 0.0 0.0 194.0 0.0 4661.0 24.0 212.0 0.20488804331918628
41 42 36 0.0 0.0 285.0 0.0 6336.0 16.0 545.0 0.16265830138259554
41 42 37 0.0 0.0 680.0 0.0 11360.0 38.0 3841.0 0.09991435912075362
41 42 38 0.0 0.0 818.0 0.0 12167.0 33.0 4892.0 0.09352037408149631
41 42 39 0.0 0.0 1380.0 1.0 13730.0 34.0 15498.0 0.08185698415482663
41 42 40 0.0 8.0 1751.0 82.0 13370.0 39.0 23229.0 0.08130081300813008
41 42 41 0.0 9.0 1254.0 86.0 13580.0 42.0 13556.0 0.08273742686602446
41 42 42 0.0 5.0 1288.0 52.0 13396.0 34.0 16498.0 0.08359207069500835
41 42 43 0.0 0.0 1025.0 2.0 12956.0 43.0 9583.0 0.08768633345859951
41 42 44 0.0 0.0 116.0 0.0 2874.0 14.0 61.0 0.28118096003213494
41 42 45 0.0 0.0 29.0 0.0 765.0 4.0 0.0 0.5017921146953404
41 42 46 0.0 0.0 0.0 0.0 2.0 0.0 0.0 0.6993006993006992
41 43 34 0.0 0.0 0.0 0.0 8.0 0.0 0.0 0.697211155378486
41 43 35 0.0 0.0 46.0 0.0 1295.0 9.0 7.0 0.42029420594416084
41 43 36 0.0 0.0 118.0 0.0 2263.0 14.0 22.0 0.3205128205128205
41 43 37 0.0 0.0 486.0 0.0 9192.0 26.0 1708.0 0.12010981468771448
41 43 38 0.0 0.0 476.0 0.0 8773.0 21.0 1272.0 0.1246216841730461
41 43 39 0.0 0.0 614.0 0.0 11008.0 32.0 3730.0 0.10294117647058822
41 43 40 0.0 0.0 705.0 0.0 11719.0 25.0 4767.0 0.09710758132759935
41 43 41 0.0 0.0 680.0 0.0 11569.0 39.0 4108.0 0.09845980730009142
41 43 42 0.0 0.0 626.0 0.0 11130.0 23.0 3707.0 0.10185522008002909
41 43 43 0.0 0.0 571.0 1.0 10310.0 30.0 2541.0 0.10883930653813262
41 43 44 0.0 0.0 298.0 0.0 6665.0 25.0 598.0 0.15658203780337765
41 43 45 0.0 0.0 1.0 0.0 53.0 0.0 0.0 0.6815968841285296
41 44 35 0.0 0.0 0.0 0.0 15.0 0.0 0.0 0.694789081885856
41 44 36 0.0 0.0 6.0 0.0 141.0 1.0 0.0 0.6523765144454798
41 44 37 0.0 0.0 40.0 0.0 1084.0 6.0 7.0 0.4490057729313662
41 44 38 0.0 0.0 25.0 0.0 968.0 10.0 8.0 0.469641060046964
41 44 39 0.0 0.0 136.0 0.0 3288.0 18.0 100.0 0.25892361753282783
41 44 40 0.0 0.0 274.0 0.0 5963.0 19.0 417.0 0.1703370239688526
41 44 41 0.0 0.0 80.0 0.0 2204.0 12.0 32.0 0.3277153558052434
41 44 42 0.0 0.0 52.0 0.0 1537.0 6.0 12.0 0.39073402176946687
41 44 43 0.0 0.0 116.0 0.0 3180.0 15.0 86.0 0.2651013065707252
41 44 44 0.0 0.0 0.0 0.0 78.0 0.0 0.0 0.6740491092922483
41 44 45 0.0 0.0 16.0 0.0 423.0 4.0 0.0 0.5749486652977411
41 45 36 0.0 0.0 0.0 0.0 1.0 0.0 0.0 0.6996501749125437
41 45 38 0.0 0.0 2.0 0.0 45.0 1.0 0.0 0.6842619745845552
41 45 39 0.0 0.0 105.0 0.0 2345.0 14.0 43.0 0.31531531531531526
41 45 40 0.0 0.0 4.0 0.0 125.0 2.0 0.0 0.6582040432534085
41 45 41 0.0 0.0 1.0 0.0 40.0 1.0 0.0 0.6862745098039215
41 45 42 0.0 0.0 0.0 0.0 18.0 0.0 0.0 0.6937561942517343
41 45 43 0.0 0.0 0.0 0.0 9.0 0.0 0.0 0.6968641114982577
41 45 44 0.0 0.0 0.0 0.0 7.0 0.0 0.0 0.6975585450921773
41 46 40 0.0 0.0 0.0 0.0 1.0 0.0 0.0 0.6996501749125437
42 34 37 0.0 0.0 0.0 0.0 1.0 0.0 0.0 0.6996501749125437
42 34 39 0.0 0.0 26.0 0.0 549.0 3.0 0.0 0.5443234836702955
42 34 40 0.0 0.0 0.0 0.0 4.0 0.0 0.0 0.6986027944111775
42 34 41 0.0 0.0 0.0 0.0 3.0 0.0 0.0 0.6989515726410384
42 35 35 0.0 0.0 0.0 0.0 6.0 0.0 0.0 0.6979062811565303
42 35 36 0.0 0.0 1.0 0.0 58.0 0.0 0.0 0.6799417192812044
42 35 37 0.0 0.0 73.0 0.0 1897.0 11.0 24.0 0.3535353535353535
42 35 38 0.0 0.0 36.0 0.0 1091.0 13.0 13.0 0.44958253050738595
42 35 39 0.0 0.0 1.0 0.0 159.0 1.0 1.0 0.6484483557202407
42 35 40 0.0 0.0 0.0 0.0 80.0 0.0 0.0 0.6734006734006733
42 35 41 0.0 0.0 16.0 0.0 480.0 5.0 2.0 0.5620232838217583
42 35 42 0.0 0.0 0.0 0.0 20.0 0.0 0.0 0.6930693069306929
42 35 43 0.0 0.0 0.0 0.0 10.0 0.0 0.0 0.6965174129353233
42 36 34 0.0 0.0 0.0 0.0 2.0 0.0 0.0 0.6993006993006992
42 36 35 0.0 0.0 3.0 0.0 144.0 0.0 0.0 0.6520726595249184
42 36 36 0.0 0.0 182.0 0.0 3759.0 23.0 117.0 0.23652644027707376
42 36 37 0.0 0.0 265.0 0.0 6423.0 25.0 529.0 0.16145773267212546
42 36 38 0.0 0.0 501.0 0.0 9599.0 35.0 1866.0 0.11596123581545596
42 36 39 0.0 0.0 235.0 0.0 5143.0 22.0 280.0 0.19032082653616092
42 36 40 0.0 0.0 358.0 0.0 8384.0 19.0 1487.0 0.13045098770033542
42 36 41 0.0 0.0 145.0 0.0 3256.0 18.0 82.0 0.25998142989786444
42 36 42 0.0 0.0 149.0 0.0 3623.0 14.0 125.0 0.2430555555555555
42 36 43 0.0 0.0 9.0 0.0 269.0 4.0 0.0 0.6161971830985915
42 36 44 0.0 0.0 1.0 0.0 96.0 0.0 0.0 0.6676204101096804
42 37 34 0.0 0.0 0.0 0.0 1.0 0.0 0.0 0.6996501749125437
42 37 35 0.0 0.0 29.0 0.0 1124.0 9.0 11.0 0.4452926208651399
42 37 36 0.0 0.0 296.0 0.0 6034.0 23.0 420.0 0.16853256289876006
42 37 37 0.0 0.0 548.0 0.0 10275.0 24.0 2814.0 0.10922992900054614
42 37 38 0.0 0.0 641.0 0.0 11250.0 30.0 3934.0 0.10087908920593745
42 37 39 0.0 0.0 1031.0 0.0 13139.0 30.0 10106.0 0.08660150934059135
42 37 40 0.0 0.0 761.0 1.0 12204.0 26.0 5198.0 0.09360165808651466
42 37 41 0.0 0.0 726.0 0.0 11806.0 25.0 4927.0 0.09640545379424321
42 37 42 0.0 0.0 486.0 0.0 9281.0 23.0 1646.0 0.11910838863365661
42 37 43 0.0 0.0 209.0 0.0 4713.0 17.0 186.0 0.2027516292541636
42 37 44 0.0 0.0 22.0 0.0 721.0 8.0 3.0 0.5118829981718463
42 37 45 0.0 0.0 1.0 0.0 54.0 0.0 0.0 0.6812652068126519
42 37 46 0.0 0.0 0.0 0.0 5.0 0.0 0.0 0.6982543640897755
42 38 34 0.0 0.0 1.0 0.0 40.0 0.0 0.0 0.6859382655560998
42 38 35 0.0 0.0 90.0 0.0 2402.0 11.0 50.0 0.3123605533244087
42 38 36 0.0 0.0 286.0 0.0 5863.0 19.0 392.0 0.17218054359857335
42 38 37 0.0 0.0 889.0 0.0 12637.0 34.0 6452.0 0.09028763059460854
42 38 38 0.0 0.0 1551.0 0.0 12777.0 37.0 24084.0 0.08566882878472645
42 38 39 0.0 0.0 1742.0 0.0 12326.0 44.0 30272.0 0.08712969878018421
42 38 40 0.0 0.0 1384.0 1.0 13581.0 38.0 16856.0 0.0825277057297807
42 38 41 0.0 0.0 1426.0 0.0 13807.0 37.0 16616.0 0.08122063004003016
42 38 42 0.0 0.0 943.0 0.0 12979.0 32.0 7405.0 0.08797838245459687
42 38 43 0.0 0.0 926.0 0.0 12707.0 31.0 7516.0 0.08968609865470852
42 38 44 0.0 0.0 333.0 0.0 7142.0 20.0 749.0 0.1480384900074019
42 38 45 0.0 0.0 240.0 0.0 4801.0 17.0 222.0 0.19928825622775795
42 38 46 0.0 0.0 0.0 0.0 10.0 0.0 0.0 0.6965174129353233
42 39 34 0.0 0.0 0.0 0.0 33.0 0.0 0.0 0.6886374815543531
42 39 35 0.0 0.0 284.0 0.0 6249.0 17.0 456.0 0.16433853738701723
42 39 36 0.0 0.0 588.0 0.0 10220.0 28.0 2210.0 0.10944340212632893
42 39 37 0.0 0.0 1006.0 0.0 12872.0 32.0 10710.0 0.08817231389343745
42 39 38 0.0 0.0 1423.0 0.0 13867.0 37.0 16221.0 0.08093421204763555
42 39 39 0.0 0.0 1697.0 0.0 13358.0 44.0 22674.0 0.08211625315267757
42 39 40 0.0 4.0 1709.0 24.0 13942.0 41.0 21080.0 0.07917208618447096
42 39 41 0.0 0.0 1706.0 0.0 13127.0 52.0 25030.0 0.08325404376784014
42 39 42 0.0 0.0 1699.0 0.0 12213.0 39.0 29285.0 0.08791760864104495
42 39 43 0.0 0.0 1356.0 0.0 13367.0 30.0 16867.0 0.08365200764818355
42 39 44 0.0 0.0 335.0 0.0 7764.0 23.0 1000.0 0.13888888888888887
42 39 45 0.0 0.0 9.0 0.0 426.0 1.0 1.0 0.5749486652977411
42 39 46 0.0 0.0 0.0 0.0 3.0 0.0 0.0 0.6989515726410384
42 40 34 0.0 0.0 20.0 0.0 364.0 5.0 0.0 0.5887300252312867
42 40 35 0.0 0.0 158.0 0.0 3478.0 22.0 84.0 0.24937655860349126
42 40 36 0.0 0.0 433.0 0.0 8820.0 16.0 1349.0 0.12446657183499288
42 40 37 0.0 0.0 1057.0 0.0 13241.0 24.0 10549.0 0.08590011044299914
42 40 38 0.0 0.0 2190.0 0.0 11705.0 62.0 39705.0 0.0880890958283521
42 40 39 0.0 0.0 2277.0 1.0 12162.0 65.0 38002.0 0.08523592085235919
42 40 40 0.0 0.0 2383.0 0.0 11552.0 44.0 43537.0 0.08772479478664075
42 40 41 0.0 0.0 1953.0 5.0 13300.0 44.0 27472.0 0.08106073765271263
42 40 42 0.0 2.0 1781.0 14.0 13356.0 41.0 24160.0 0.08158983623754297
42 40 43 0.0 0.0 904.0 2.0 12666.0 34.0 8299.0 0.0899396119748169
42 40 44 0.0 0.0 385.0 0.0 8071.0 24.0 1025.0 0.13415101571483323
42 40 45 0.0 0.0 45.0 0.0 964.0 13.0 5.0 0.4672897196261681
42 40 46 0.0 0.0 1.0 0.0 1.0 0.0 0.0 0.6993006993006992
42 41 34 0.0 0.0 0.0 0.0 16.0 0.0 0.0 0.694789081885856
42 41 35 0.0 0.0 36.0 0.0 718.0 8.0 1.0 0.5098324836125272
42 41 36 0.0 0.0 502.0 0.0 9813.0 20.0 2130.0 0.11376564277588168
42 41 37 0.0 0.0 807.0 0.0 12486.0 29.0 6104.0 0.09159306509649982
42 41 38 0.0 0.0 1114.0 0.0 13432.0 42.0 11632.0 0.08466888418506198
42 41 39 0.0 0.0 1849.0 0.0 13195.0 41.0 26989.0 0.08205849598499501
42 41 40 0.0 0.0 1712.0 1.0 13925.0 47.0 21027.0 0.07938758151403458
42 41 41 0.0 0.0 2204.0 1.0 11919.0 56.0 38540.0 0.08682170542635657
42 41 42 0.0 0.0 1427.0 1.0 13230.0 38.0 19683.0 0.08402856971370265
42 41 43 0.0 0.0 608.0 1.0 10919.0 30.0 3352.0 0.10358094110683634
42 41 44 0.0 0.0 248.0 0.0 6180.0 14.0 538.0 0.16627078384798097
42 41 45 0.0 0.0 6.0 0.0 187.0 3.0 0.0 0.639269406392694
42 42 34 0.0 0.0 0.0 0.0 11.0 0.0 0.0 0.6965174129353233
42 42 35 0.0 0.0 135.0 0.0 2732.0 10.0 48.0 0.28818443804034577
42 42 36 0.0 0.0 463.0 0.0 9039.0 32.0 1752.0 0.12196184336614685
42 42 37 0.0 0.0 368.0 0.0 7611.0 20.0 915.0 0.14056224899598393
42 42 38 0.0 0.0 1018.0 0.0 12871.0 29.0 10488.0 0.08815010703941568
42 42 39 0.0 0.0 1428.0 0.0 13663.0 45.0 17890.0 0.08193363375665709
42 42 40 0.0 0.0 1846.0 2.0 12703.0 51.0 29433.0 0.08457681387059747
42 42 41 0.0 0.0 1333.0 1.0 13287.0 38.0 16805.0 0.08425106818318588
42 42 42 0.0 0.0 1147.0 1.0 13184.0 41.0 13738.0 0.08574753475837568
42 42 43 0.0 0.0 583.0 0.0 10604.0 20.0 2968.0 0.10625379477838492
42 42 44 0.0 0.0 225.0 0.0 4596.0 10.0 206.0 0.20542920029347025
42 42 45 0.0 0.0 15.0 0.0 346.0 6.0 0.0 0.5944798301486198
42 43 34 0.0 0.0 0.0 0.0 6.0 0.0 0.0 0.6979062811565303
42 43 35 0.0 0.0 0.0 0.0 39.0 0.0 0.0 0.6866110838646394
42 43 36 0.0 0.0 195.0 0.0 4022.0 24.0 150.0 0.2259522272433828
42 43 37 0.0 0.0 26.0 0.0 875.0 6.0 5.0 0.4837595024187975
42 43 38 0.0 0.0 235.0 0.0 5401.0 14.0 305.0 0.18358248098610017
42 43 39 0.0 0.0 894.0 0.0 12775.0 40.0 7217.0 0.08945686900958466
42 43 40 0.0 0.0 458.0 1.0 9738.0 31.0 2386.0 0.11502752444334892
42 43 41 0.0 0.0 774.0 0.0 12280.0 29.0 5775.0 0.09306035628822121
42 43 42 0.0 0.0 358.0 1.0 7461.0 27.0 803.0 0.14282799428688023
42 43 43 0.0 0.0 227.0 0.0 5567.0 21.0 403.0 0.18006430868167198
42 43 44 0.0 0.0 93.0 0.0 1838.0 22.0 10.0 0.35814786390381165
42 43 45 0.0 0.0 0.0 0.0 19.0 0.0 0.0 0.6934125804853887
42 44 35 0.0 0.0 0.0 0.0 3.0 0.0 0.0 0.6989515726410384
42 44 36 0.0 0.0 2.0 0.0 34.0 0.0 0.0 0.6876227897838899
42 44 37 0.0 0.0 0.0 0.0 91.0 0.0 0.0 0.669536107125777
42 44 38 0.0 0.0 51.0 0.0 1369.0 6.0 7.0 0.4101963082332258
42 44 39 0.0 0.0 297.0 0.0 5949.0 28.0 426.0 0.17029558447877385
42 44 40 0.0 0.0 217.0 0.0 4552.0 21.0 208.0 0.20746887966804975
42 44 41 0.0 0.0 59.0 0.0 1409.0 15.0 6.0 0.4056795131845841
42 44 42 0.0 0.0 173.0 0.0 4287.0 23.0 143.0 0.21749262078608042
42 44 43 0.0 0.0 149.0 0.0 3680.0 20.0 137.0 0.2410053365467378
42 44 44 0.0 0.0 10.0 0.0 244.0 0.0 0.0 0.6211180124223601
42 44 45 0.0 0.0 0.0 0.0 8.0 0.0 0.0 0.697211155378486
42 45 38 0.0 0.0 0.0 0.0 14.0 0.0 0.0 0.695479384003974
42 45 39 0.0 0.0 0.0 0.0 24.0 0.0 0.0 0.6916996047430829
42 45 40 0.0 0.0 0.0 0.0 55.0 0.0 0.0 0.6812652068126519
42 45 41 0.0 0.0 1.0 0.0 54.0 0.0 0.0 0.6812652068126519
42 45 42 0.0 0.0 0.0 0.0 7.0 0.0 0.0 0.6975585450921773
42 45 43 0.0 0.0 0.0 0.0 6.0 0.0 0.0 0.6979062811565303
42 45 44 0.0 0.0 0.0 0.0 7.0 0.0 0.0 0.6975585450921773
42 46 38 0.0 0.0 0.0 0.0 1.0 0.0 0.0 0.6996501749125437
42 46 39 0.0 0.0 0.0 0.0 1.0 0.0 0.0 0.6996501749125437
43 34 38 0.0 0.0 0.0 0.0 2.0 0.0 0.0 0.6993006993006992
43 35 35 0.0 0.0 0.0 0.0 3.0 0.0 0.0 0.6989515726410384
43 35 36 0.0 0.0 7.0 0.0 110.0 3.0 0.0 0.662251655629139
43 35 37 0.0 0.0 9.0 0.0 203.0 3.0 0.0 0.6337709370755997
43 35 38 0.0 0.0 22.0 0.0 450.0 7.0 1.0 0.5681818181818181
43 35 39 0.0 0.0 18.0 0.0 395.0 6.0 0.0 0.5816368923971748
43 35 40 0.0 0.0 4.0 0.0 150.0 1.0 0.0 0.6502554575011611
43 35 41 0.0 0.0 2.0 0.0 75.0 2.0 0.0 0.6746987951807227
43 35 42 0.0 0.0 3.0 0.0 49.0 2.0 0.0 0.6829268292682925
43 35 43 0.0 0.0 0.0 0.0 10.0 0.0 0.0 0.6965174129353233
43 36 35 0.0 0.0 0.0 0.0 7.0 0.0 0.0 0.6975585450921773
43 36 36 0.0 0.0 8.0 0.0 218.0 2.0 0.0 0.6294964028776977
43 36 37 0.0 0.0 32.0 0.0 893.0 6.0 2.0 0.4796163069544363
43 36 38 0.0 0.0 261.0 0.0 5802.0 18.0 370.0 0.17402113113735238
43 36 39 0.0 0.0 403.0 0.0 7858.0 21.0 959.0 0.13666536509176103
43 36 40 0.0 0.0 183.0 0.0 4285.0 15.0 180.0 0.21691973969631234
43 36 41 0.0 0.0 186.0 0.0 3987.0 17.0 139.0 0.22734654108476776
43 36 42 0.0 0.0 168.0 0.0 3829.0 14.0 128.0 0.2338790511192783
43 36 43 0.0 0.0 5.0 0.0 221.0 3.0 0.0 0.6297795771479981
43 36 44 0.0 0.0 0.0 0.0 15.0 0.0 0.0 0.694789081885856
43 37 34 0.0 0.0 0.0 0.0 2.0 0.0 0.0 0.6993006993006992
43 37 35 0.0 0.0 0.0 0.0 29.0 0.0 0.0 0.6899950714637751
43 37 36 0.0 0.0 50.0 0.0 1170.0 9.0 9.0 0.4357298474945533
43 37 37 0.0 0.0 347.0 0.0 7171.0 27.0 725.0 0.1474615546661049
43 37 38 0.0 0.0 932.0 0.0 12876.0 30.0 8142.0 0.08860759493670885
43 37 39 0.0 0.0 614.0 0.0 10777.0 23.0 3354.0 0.10459469555472542
43 37 40 0.0 0.0 471.0 0.0 9839.0 30.0 2192.0 0.11388595135442933
43 37 41 0.0 0.0 535.0 0.0 10222.0 25.0 2534.0 0.1098556183301946
43 37 42 0.0 0.0 263.0 0.0 6342.0 15.0 508.0 0.16292330967066215
43 37 43 0.0 0.0 290.0 0.0 6093.0 16.0 462.0 0.16708437761069336
43 37 44 0.0 0.0 32.0 0.0 893.0 9.0 2.0 0.48010973936899853
43 37 45 0.0 0.0 1.0 0.0 42.0 1.0 0.0 0.6856023506366307
43 37 46 0.0 0.0 0.0 0.0 2.0 0.0 0.0 0.6993006993006992
43 38 34 0.0 0.0 0.0 0.0 11.0 0.0 0.0 0.6961710591745399
43 38 35 0.0 0.0 26.0 0.0 572.0 5.0 4.0 0.5399151561897415
43 38 36 0.0 0.0 227.0 0.0 5399.0 16.0 302.0 0.1839442911575351
43 38 37 0.0 0.0 497.0 0.0 10084.0 20.0 2787.0 0.11132315521628497
43 38 38 0.0 0.0 823.0 0.0 12523.0 28.0 7776.0 0.09125277017338025
43 38 39 0.0 0.0 1114.0 0.0 13247.0 33.0 11263.0 0.0855798031664527
43 38 40 0.0 0.0 768.0 0.0 12156.0 23.0 5715.0 0.09385265133740027
43 38 41 0.0 0.0 879.0 0.0 12710.0 20.0 7665.0 0.08975509680728297
43 38 42 0.0 0.0 1140.0 0.0 12999.0 48.0 11416.0 0.08686480114165165
43 38 43 0.0 0.0 498.0 0.0 9423.0 21.0 1971.0 0.11759764804703904
43 38 44 0.0 0.0 331.0 0.0 7099.0 16.0 729.0 0.1485568760611205
43 38 45 0.0 0.0 19.0 0.0 369.0 6.0 0.0 0.5877413937867337
43 38 46 0.0 0.0 0.0 0.0 2.0 0.0 0.0 0.6993006993006992
43 39 34 0.0 0.0 0.0 0.0 13.0 0.0 0.0 0.695479384003974
43 39 35 0.0 0.0 8.0 0.0 239.0 4.0 1.0 0.6241640659830583
43 39 36 0.0 0.0 421.0 0.0 8519.0 23.0 1390.0 0.1281347245103423
43 39 37 0.0 0.0 656.0 0.0 11258.0 30.0 3869.0 0.10072667098352399
43 39 38 0.0 0.0 823.0 0.0 12356.0 25.0 6152.0 0.09217196655474356
43 39 39 0.0 0.0 1154.0 0.0 13417.0 26.0 12045.0 0.08445945945945946
43 39 40 0.0 0.0 1435.0 1.0 13283.0 43.0 18934.0 0.08381727833323353
43 39 41 0.0 0.0 1077.0 0.0 13455.0 31.0 10045.0 0.0846177092777274
43 39 42 0.0 0.0 917.0 0.0 12887.0 31.0 8171.0 0.08863564419119974
43 39 43 0.0 0.0 521.0 0.0 10404.0 19.0 2888.0 0.10837590958352684
43 39 44 0.0 0.0 169.0 0.0 4512.0 19.0 187.0 0.21017865185407594
43 39 45 0.0 0.0 9.0 0.0 284.0 1.0 1.0 0.6110868616324747
43 39 46 0.0 0.0 0.0 0.0 6.0 0.0 0.0 0.6979062811565303
43 40 34 0.0 0.0 0.0 0.0 5.0 0.0 0.0 0.6982543640897755
43 40 35 0.0 0.0 3.0 0.0 214.0 2.0 0.0 0.6323396567299006
43 40 36 0.0 0.0 360.0 0.0 7857.0 20.0 1093.0 0.13717421124828533
43 40 37 0.0 0.0 924.0 0.0 12781.0 20.0 7955.0 0.0891208861162391
43 40 38 0.0 0.0 1033.0 0.0 13130.0 28.0 9489.0 0.08662830270404058
43 40 39 0.0 0.0 1102.0 0.0 13269.0 29.0 11464.0 0.08543878921030147
43 40 40 0.0 0.0 1122.0 0.0 13231.0 32.0 11615.0 0.08567407135426228
43 40 41 0.0 0.0 1104.0 0.0 13428.0 37.0 10739.0 0.08477141992128367
43 40 42 0.0 0.0 870.0 0.0 12585.0 28.0 7437.0 0.090591432638799
43 40 43 0.0 0.0 1105.0 0.0 12912.0 21.0 12560.0 0.0873743993010048
43 40 44 0.0 0.0 416.0 0.0 8127.0 22.0 1011.0 0.13294084132561007
43 40 45 0.0 0.0 3.0 0.0 116.0 0.0 0.0 0.6606890042472864
43 41 34 0.0 0.0 0.0 0.0 5.0 0.0 0.0 0.6982543640897755
43 41 35 0.0 0.0 1.0 0.0 114.0 0.0 1.0 0.6619385342789597
43 41 36 0.0 0.0 169.0 0.0 3839.0 14.0 103.0 0.23352793994995827
43 41 37 0.0 0.0 363.0 0.0 8205.0 16.0 1279.0 0.1326259946949602
43 41 38 0.0 0.0 748.0 0.0 11923.0 34.0 4989.0 0.09551750017056695
43 41 39 0.0 0.0 1263.0 0.0 13492.0 30.0 14226.0 0.08351727017836902
43 41 40 0.0 0.0 1137.0 0.0 13237.0 36.0 13341.0 0.08552752153460809
43 41 41 0.0 0.0 1147.0 0.0 13411.0 31.0 12443.0 0.08451554482342287
43 41 42 0.0 0.0 738.0 0.0 11868.0 23.0 5539.0 0.0958641468090934
43 41 43 0.0 0.0 515.0 0.0 9946.0 22.0 2366.0 0.11249497790277219
43 41 44 0.0 0.0 38.0 0.0 1219.0 11.0 9.0 0.43130006161429446
43 41 45 0.0 0.0 10.0 0.0 219.0 3.0 0.0 0.6289308176100628
43 42 34 0.0 0.0 1.0 0.0 3.0 0.0 0.0 0.6986027944111775
43 42 35 0.0 0.0 2.0 0.0 120.0 1.0 0.0 0.66006600660066
43 42 36 0.0 0.0 20.0 0.0 616.0 8.0 1.0 0.5327245053272449
43 42 37 0.0 0.0 233.0 0.0 5783.0 18.0 436.0 0.17499999999999996
43 42 38 0.0 0.0 661.0 0.0 11496.0 19.0 4533.0 0.09892594686263424
43 42 39 0.0 0.0 540.0 0.0 10476.0 21.0 2930.0 0.1076178030594204
43 42 40 0.0 0.0 941.0 0.0 12829.0 30.0 9000.0 0.08880994671403196
43 42 41 0.0 0.0 662.0 0.0 11456.0 28.0 3741.0 0.09928373874193319
43 42 42 0.0 0.0 579.0 0.0 10541.0 27.0 2801.0 0.10680500457735734
43 42 43 0.0 0.0 442.0 0.0 9032.0 21.0 1554.0 0.12219603735707425
43 42 44 0.0 0.0 6.0 0.0 254.0 1.0 1.0 0.6197432492253209
43 42 45 0.0 0.0 0.0 0.0 11.0 0.0 0.0 0.6961710591745399
43 43 35 0.0 0.0 0.0 0.0 18.0 0.0 0.0 0.6937561942517343
43 43 36 0.0 0.0 1.0 0.0 82.0 1.0 0.0 0.6724303554274734
43 43 37 0.0 0.0 108.0 0.0 3169.0 9.0 100.0 0.2657050673752135
43 43 38 0.0 0.0 340.0 0.0 7740.0 21.0 935.0 0.13912352181258072
43 43 39 0.0 0.0 603.0 0.0 10471.0 27.0 2692.0 0.10712372790573112
43 43 40 0.0 0.0 392.0 0.0 8793.0 22.0 1668.0 0.12529085376767496
43 43 41 0.0 0.0 665.0 0.0 11224.0 30.0 3745.0 0.1009154472716788
43 43 42 0.0 0.0 495.0 0.0 9352.0 24.0 1671.0 0.11836320595197834
43 43 43 0.0 0.0 321.0 0.0 6610.0 26.0 550.0 0.1571621014818141
43 43 44 0.0 0.0 0.0 0.0 67.0 0.0 0.0 0.6773101112723753
43 43 45 0.0 0.0 0.0 0.0 4.0 0.0 0.0 0.6986027944111775
43 44 35 0.0 0.0 0.0 0.0 2.0 0.0 0.0 0.6993006993006992
43 44 36 0.0 0.0 0.0 0.0 3.0 0.0 0.0 0.6989515726410384
43 44 37 0.0 0.0 0.0 0.0 32.0 0.0 0.0 0.6889763779527558
43 44 38 0.0 0.0 105.0 0.0 2244.0 14.0 33.0 0.3229527104959631
43 44 39 0.0 0.0 64.0 0.0 1638.0 11.0 20.0 0.3791982665222101
43 44 40 0.0 0.0 471.0 0.0 8916.0 31.0 1493.0 0.1232177433550431
43 44 41 0.0 0.0 9.0 0.0 406.0 3.0 1.0 0.5804311774461027
43 44 42 0.0 0.0 105.0 0.0 2216.0 17.0 34.0 0.32512772875058055
43 44 43 0.0 0.0 0.0 0.0 53.0 0.0 0.0 0.6819288845591815
43 44 44 0.0 0.0 1.0 0.0 16.0 0.0 0.0 0.694100148735746
43 45 37 0.0 0.0 0.0 0.0 4.0 0.0 0.0 0.6986027944111775
43 45 38 0.0 0.0 49.0 0.0 1227.0 14.0 13.0 0.4291845493562231
43 45 39 0.0 0.0 5.0 0.0 176.0 1.0 0.0 0.6422018348623851
43 45 40 0.0 0.0 0.0 0.0 38.0 1.0 0.0 0.6872852233676975
43 45 41 0.0 0.0 0.0 0.0 18.0 0.0 0.0 0.6937561942517343
43 45 42 0.0 0.0 1.0 0.0 12.0 0.0 0.0 0.695479384003974
43 45 43 0.0 0.0 0.0 0.0 4.0 0.0 0.0 0.6986027944111775
43 45 44 0.0 0.0 0.0 0.0 5.0 0.0 0.0 0.6982543640897755
44 35 36 0.0 0.0 0.0 0.0 1.0 0.0 0.0 0.6996501749125437
44 35 37 0.0 0.0 1.0 0.0 24.0 1.0 0.0 0.6916996047430829
44 35 38 0.0 0.0 0.0 0.0 43.0 0.0 0.0 0.6852667645619186
44 35 39 0.0 0.0 8.0 0.0 276.0 0.0 0.0 0.6129597197898423
44 35 40 0.0 0.0 1.0 0.0 77.0 0.0 0.0 0.6737247353224253
44 35 41 0.0 0.0 1.0 0.0 29.0 1.0 0.0 0.6899950714637751
44 35 42 0.0 0.0 0.0 0.0 2.0 0.0 0.0 0.6993006993006992
44 35 43 0.0 0.0 0.0 0.0 8.0 0.0 0.0 0.697211155378486
44 36 36 0.0 0.0 0.0 0.0 8.0 0.0 0.0 0.697211155378486
44 36 37 0.0 0.0 1.0 0.0 224.0 0.0 0.0 0.6294964028776977
44 36 38 0.0 0.0 318.0 0.0 6627.0 22.0 615.0 0.15675736199753665
44 36 39 0.0 0.0 401.0 0.0 8042.0 27.0 1065.0 0.13435700575815737
44 36 40 0.0 0.0 258.0 0.0 5433.0 14.0 301.0 0.18233915082052615
44 36 41 0.0 0.0 3.0 0.0 131.0 0.0 0.0 0.6560449859418931
44 36 42 0.0 0.0 0.0 0.0 55.0 0.0 0.0 0.6812652068126519
44 36 43 0.0 0.0 2.0 0.0 34.0 1.0 0.0 0.6879606879606879
44 36 44 0.0 0.0 0.0 0.0 8.0 0.0 0.0 0.697211155378486
44 37 34 0.0 0.0 0.0 0.0 3.0 0.0 0.0 0.6989515726410384
44 37 35 0.0 0.0 0.0 0.0 3.0 0.0 0.0 0.6989515726410384
44 37 36 0.0 0.0 120.0 0.0 2744.0 18.0 54.0 0.288838456777388
44 37 37 0.0 0.0 93.0 0.0 2278.0 16.0 30.0 0.3213957759412305
44 37 38 0.0 0.0 385.0 0.0 8019.0 16.0 1177.0 0.13471901462663585
44 37 39 0.0 0.0 242.0 0.0 5569.0 17.0 348.0 0.17951019361456594
44 37 40 0.0 0.0 179.0 0.0 4595.0 19.0 176.0 0.2071005917159763
44 37 41 0.0 0.0 291.0 0.0 6316.0 18.0 505.0 0.16292330967066215
44 37 42 0.0 0.0 88.0 0.0 1959.0 13.0 17.0 0.34705007436787305
44 37 43 0.0 0.0 246.0 0.0 5325.0 16.0 292.0 0.1852341889388727
44 37 44 0.0 0.0 2.0 0.0 87.0 2.0 0.0 0.670819357930043
44 37 45 0.0 0.0 0.0 0.0 15.0 0.0 0.0 0.694789081885856
44 38 34 0.0 0.0 0.0 0.0 1.0 0.0 0.0 0.6996501749125437
44 38 35 0.0 0.0 50.0 0.0 1153.0 9.0 3.0 0.43832185347526603
44 38 36 0.0 0.0 12.0 0.0 424.0 4.0 0.0 0.5758946935417523
44 38 37 0.0 0.0 151.0 0.0 4041.0 19.0 169.0 0.2267206477732793
44 38 38 0.0 0.0 168.0 0.0 4154.0 13.0 168.0 0.22190521477254713
44 38 39 0.0 0.0 431.0 0.0 8444.0 14.0 1124.0 0.12884226026136572
44 38 40 0.0 0.0 968.0 0.0 12729.0 22.0 10214.0 0.089126559714795
44 38 41 0.0 0.0 363.0 0.0 7676.0 24.0 911.0 0.13969267611255237
44 38 42 0.0 0.0 356.0 0.0 7617.0 27.0 848.0 0.1407176600663383
44 38 43 0.0 0.0 108.0 0.0 2672.0 13.0 40.0 0.29380902413431265
44 38 44 0.0 0.0 87.0 0.0 2414.0 11.0 44.0 0.3118040089086859
44 38 45 0.0 0.0 0.0 0.0 33.0 0.0 0.0 0.6889763779527558
44 39 35 0.0 0.0 1.0 0.0 83.0 1.0 0.0 0.6721075372059528
44 39 36 0.0 0.0 155.0 0.0 3930.0 17.0 129.0 0.23068050749711647
44 39 37 0.0 0.0 436.0 0.0 8702.0 32.0 1345.0 0.12603528988116672
44 39 38 0.0 0.0 299.0 0.0 6554.0 13.0 600.0 0.15831731312902858
44 39 39 0.0 0.0 621.0 0.0 10784.0 22.0 2898.0 0.1045400238948626
44 39 40 0.0 0.0 593.0 0.0 10882.0 29.0 3200.0 0.10401961512742401
44 39 41 0.0 0.0 434.0 0.0 8763.0 27.0 1225.0 0.12525722465777933
44 39 42 0.0 0.0 634.0 0.0 10619.0 28.0 2818.0 0.10579611577117812
44 39 43 0.0 0.0 152.0 0.0 3922.0 15.0 169.0 0.23102310231023096
44 39 44 0.0 0.0 418.0 0.0 8417.0 16.0 1242.0 0.1293063637203288
44 39 45 0.0 0.0 29.0 0.0 629.0 3.0 0.0 0.527306967984934
44 40 35 0.0 0.0 0.0 0.0 38.0 0.0 0.0 0.6869479882237487
44 40 36 0.0 0.0 210.0 0.0 5068.0 16.0 290.0 0.19265171322416397
44 40 37 0.0 0.0 246.0 0.0 5921.0 20.0 450.0 0.17177914110429446
44 40 38 0.0 0.0 311.0 0.0 7034.0 17.0 705.0 0.14994109456999036
44 40 39 0.0 0.0 525.0 0.0 9744.0 29.0 2044.0 0.11429504449342802
44 40 40 0.0 0.0 824.0 0.0 12410.0 30.0 8008.0 0.09192987064153917
44 40 41 0.0 0.0 302.0 0.0 6660.0 13.0 627.0 0.15642458100558657
44 40 42 0.0 0.0 410.0 0.0 8364.0 17.0 1379.0 0.13000278577398086
44 40 43 0.0 0.0 292.0 0.0 6613.0 20.0 550.0 0.15749803127460904
44 40 44 0.0 0.0 31.0 0.0 1175.0 5.0 4.0 0.437363323961262
44 40 45 0.0 0.0 0.0 0.0 36.0 0.0 0.0 0.6876227897838899
44 41 35 0.0 0.0 0.0 0.0 38.0 0.0 0.0 0.6869479882237487
44 41 36 0.0 0.0 26.0 0.0 580.0 6.0 0.0 0.5386687187379761
44 41 37 0.0 0.0 223.0 0.0 4940.0 23.0 233.0 0.19602352282273872
44 41 38 0.0 0.0 273.0 0.0 5736.0 23.0 371.0 0.17524095631493303
44 41 39 0.0 0.0 567.0 0.0 10378.0 25.0 2816.0 0.1082334750676459
44 41 40 0.0 0.0 355.0 0.0 7505.0 28.0 815.0 0.14233428222854816
44 41 41 0.0 0.0 385.0 0.0 8028.0 16.0 1007.0 0.13460244207287758
44 41 42 0.0 0.0 573.0 0.0 10142.0 30.0 2345.0 0.11020151133501259
44 41 43 0.0 0.0 344.0 0.0 7778.0 20.0 1089.0 0.1385315654066891
44 41 44 0.0 0.0 81.0 0.0 1722.0 19.0 13.0 0.36997885835095135
44 41 45 0.0 0.0 0.0 0.0 10.0 0.0 0.0 0.6965174129353233
44 42 35 0.0 0.0 0.0 0.0 3.0 0.0 0.0 0.6989515726410384
44 42 36 0.0 0.0 8.0 0.0 112.0 4.0 0.0 0.661625708884688
44 42 37 0.0 0.0 3.0 0.0 171.0 1.0 0.0 0.6442705936493326
44 42 38 0.0 0.0 282.0 0.0 6334.0 14.0 574.0 0.16275284817484303
44 42 39 0.0 0.0 713.0 0.0 11749.0 33.0 5292.0 0.09685900096859
44 42 40 0.0 0.0 146.0 0.0 3948.0 17.0 170.0 0.23033892727871008
44 42 41 0.0 0.0 309.0 0.0 6605.0 25.0 518.0 0.15737410071942445
44 42 42 0.0 0.0 153.0 0.0 3220.0 24.0 70.0 0.26178010471204183
44 42 43 0.0 0.0 90.0 0.0 1978.0 27.0 20.0 0.3464488987874288
44 42 44 0.0 0.0 1.0 0.0 80.0 0.0 0.0 0.6730769230769229
44 42 45 0.0 0.0 0.0 0.0 1.0 0.0 0.0 0.6996501749125437
44 43 36 0.0 0.0 2.0 0.0 83.0 0.0 0.0 0.6714628297362109
44 43 37 0.0 0.0 17.0 0.0 422.0 3.0 1.0 0.5747126436781609
44 43 38 0.0 0.0 27.0 0.0 795.0 5.0 5.0 0.49698260560880364
44 43 39 0.0 0.0 269.0 0.0 5708.0 19.0 344.0 0.17585730435874888
44 43 40 0.0 0.0 114.0 0.0 2393.0 8.0 32.0 0.3111802622805067
44 43 41 0.0 0.0 31.0 0.0 828.0 5.0 5.0 0.4907115317209954
44 43 42 0.0 0.0 11.0 0.0 407.0 3.0 0.0 0.579950289975145
44 43 43 0.0 0.0 67.0 0.0 1422.0 14.0 10.0 0.40287769784172656
44 43 44 0.0 0.0 5.0 0.0 55.0 1.0 0.0 0.6799417192812044
44 44 36 0.0 0.0 0.0 0.0 2.0 0.0 0.0 0.6993006993006992
44 44 37 0.0 0.0 13.0 0.0 280.0 7.0 0.0 0.6124234470691162
44 44 38 0.0 0.0 71.0 0.0 1732.0 12.0 17.0 0.3692957003429174
44 44 39 0.0 0.0 12.0 0.0 308.0 2.0 0.0 0.6039689387402932
44 44 40 0.0 0.0 6.0 0.0 209.0 1.0 0.0 0.632625395390872
44 44 41 0.0 0.0 32.0 0.0 834.0 7.0 2.0 0.48985304408677394
44 44 42 0.0 0.0 40.0 0.0 1068.0 12.0 8.0 0.45219638242894056
44 44 43 0.0 0.0 1.0 0.0 32.0 0.0 0.0 0.6886374815543531
44 44 44 0.0 0.0 0.0 0.0 6.0 0.0 0.0 0.6979062811565303
44 45 37 0.0 0.0 0.0 0.0 3.0 0.0 0.0 0.6989515726410384
44 45 38 0.0 0.0 0.0 0.0 3.0 0.0 0.0 0.6989515726410384
44 45 39 0.0 0.0 0.0 0.0 20.0 0.0 0.0 0.6930693069306929
44 45 40 0.0 0.0 0.0 0.0 28.0 0.0 0.0 0.690335305719921
44 45 41 0.0 0.0 0.0 0.0 11.0 0.0 0.0 0.6961710591745399
44 45 42 0.0 0.0 0.0 0.0 1.0 0.0 0.0 0.6996501749125437
44 45 43 0.0 0.0 0.0 0.0 1.0 0.0 0.0 0.6996501749125437
44 46 38 0.0 0.0 0.0 0.0 1.0 0.0 0.0 0.6996501749125437
45 35 37 0.0 0.0 1.0 0.0 22.0 1.0 0.0 0.6923837784371908
45 35 38 0.0 0.0 5.0 0.0 148.0 1.0 0.0 0.6511627906976742
45 35 39 0.0 0.0 0.0 0.0 36.0 0.0 0.0 0.6876227897838899
45 35 40 0.0 0.0 9.0 0.0 49.0 4.0 0.0 0.6815968841285296
45 35 41 0.0 0.0 0.0 0.0 3.0 0.0 0.0 0.6989515726410384
45 36 36 0.0 0.0 0.0 0.0 1.0 0.0 0.0 0.6996501749125437
45 36 37 0.0 0.0 9.0 0.0 206.0 4.0 0.0 0.6334841628959276
45 36 38 0.0 0.0 1.0 0.0 71.0 0.0 0.0 0.6756756756756755
45 36 39 0.0 0.0 72.0 0.0 1861.0 12.0 14.0 0.35696073431922487
45 36 40 0.0 0.0 1.0 0.0 92.0 0.0 0.0 0.668896321070234
45 36 41 0.0 0.0 2.0 0.0 94.0 0.0 0.0 0.6682577565632457
45 36 42 0.0 0.0 0.0 0.0 14.0 0.0 0.0 0.6951340615690167
45 36 43 0.0 0.0 0.0 0.0 6.0 0.0 0.0 0.6979062811565303
45 36 44 0.0 0.0 0.0 0.0 8.0 0.0 0.0 0.697211155378486
45 37 35 0.0 0.0 0.0 0.0 1.0 0.0 0.0 0.6996501749125437
45 37 36 0.0 0.0 0.0 0.0 5.0 0.0 0.0 0.6982543640897755
45 37 37 0.0 0.0 13.0 0.0 216.0 5.0 1.0 0.6294964028776977
45 37 38 0.0 0.0 2.0 0.0 94.0 3.0 0.0 0.6692160611854684
45 37 39 0.0 0.0 269.0 0.0 6551.0 23.0 579.0 0.15909090909090906
45 37 40 0.0 0.0 347.0 0.0 7037.0 19.0 736.0 0.14934926392148495
45 37 41 0.0 0.0 201.0 0.0 4509.0 29.0 201.0 0.209612217397814
45 37 42 0.0 0.0 16.0 0.0 347.0 3.0 0.0 0.5932203389830507
45 37 43 0.0 0.0 1.0 0.0 36.0 0.0 0.0 0.6872852233676975
45 37 44 0.0 0.0 0.0 0.0 5.0 0.0 0.0 0.6986027944111775
45 37 45 0.0 0.0 0.0 0.0 1.0 0.0 0.0 0.6996501749125437
45 38 35 0.0 0.0 0.0 0.0 1.0 0.0 0.0 0.6996501749125437
45 38 36 0.0 0.0 3.0 0.0 66.0 1.0 0.0 0.6769825918762088
45 38 37 0.0 0.0 35.0 0.0 756.0 7.0 2.0 0.5028735632183908
45 38 38 0.0 0.0 138.0 0.0 2871.0 19.0 42.0 0.2805611222444889
45 38 39 0.0 0.0 14.0 0.0 722.0 1.0 5.0 0.5122575923893158
45 38 40 0.0 0.0 173.0 0.0 4209.0 15.0 125.0 0.21988377571854872
45 38 41 0.0 0.0 540.0 0.0 10097.0 21.0 2555.0 0.11084718923198733
45 38 42 0.0 0.0 46.0 0.0 1174.0 14.0 5.0 0.43668122270742354
45 38 43 0.0 0.0 27.0 0.0 606.0 3.0 1.0 0.5323193916349809
45 38 44 0.0 0.0 2.0 0.0 34.0 1.0 0.0 0.6879606879606879
45 38 45 0.0 0.0 1.0 0.0 16.0 1.0 0.0 0.6944444444444444
45 39 35 0.0 0.0 0.0 0.0 5.0 0.0 0.0 0.6982543640897755
45 39 36 0.0 0.0 4.0 0.0 62.0 4.0 0.0 0.6789524733268669
45 39 37 0.0 0.0 40.0 0.0 964.0 7.0 2.0 0.4672897196261681
45 39 38 0.0 0.0 58.0 0.0 1364.0 13.0 8.0 0.41055718475073305
45 39 39 0.0 0.0 105.0 0.0 2301.0 17.0 29.0 0.31897926634768736
45 39 40 0.0 0.0 104.0 0.0 2524.0 14.0 39.0 0.3032928942807625
45 39 41 0.0 0.0 334.0 0.0 7186.0 23.0 797.0 0.14729089952656493
45 39 42 0.0 0.0 78.0 0.0 2074.0 11.0 21.0 0.3380825887466795
45 39 43 0.0 0.0 14.0 0.0 197.0 6.0 0.0 0.6349206349206349
45 39 44 0.0 0.0 15.0 0.0 334.0 5.0 0.0 0.5972696245733787
45 39 45 0.0 0.0 4.0 0.0 60.0 0.0 0.0 0.6782945736434108
45 40 35 0.0 0.0 1.0 0.0 11.0 0.0 0.0 0.6958250497017892
45 40 36 0.0 0.0 0.0 0.0 22.0 0.0 0.0 0.6927263730826323
45 40 37 0.0 0.0 16.0 0.0 563.0 5.0 2.0 0.5439005439005438
45 40 38 0.0 0.0 35.0 0.0 855.0 4.0 2.0 0.48510048510048503
45 40 39 0.0 0.0 203.0 0.0 4845.0 20.0 228.0 0.19911819086900864
45 40 40 0.0 0.0 106.0 0.0 2852.0 18.0 69.0 0.28340080971659914
45 40 41 0.0 0.0 208.0 0.0 4533.0 20.0 219.0 0.20824036888293915
45 40 42 0.0 0.0 23.0 0.0 647.0 3.0 0.0 0.5253283302063789
45 40 43 0.0 0.0 25.0 0.0 753.0 3.0 3.0 0.5045045045045045
45 40 44 0.0 0.0 0.0 0.0 30.0 0.0 0.0 0.689655172413793
45 40 45 0.0 0.0 0.0 0.0 20.0 0.0 0.0 0.6930693069306929
45 41 35 0.0 0.0 0.0 0.0 3.0 0.0 0.0 0.6989515726410384
45 41 36 0.0 0.0 0.0 0.0 19.0 0.0 0.0 0.6934125804853887
45 41 37 0.0 0.0 2.0 0.0 63.0 1.0 0.0 0.6782945736434108
45 41 38 0.0 0.0 92.0 0.0 2100.0 9.0 35.0 0.3346880229500358
45 41 39 0.0 0.0 460.0 0.0 9248.0 25.0 1895.0 0.11969904240766073
45 41 40 0.0 0.0 187.0 0.0 4406.0 24.0 177.0 0.21308980213089798
45 41 41 0.0 0.0 120.0 0.0 2788.0 14.0 53.0 0.2861815208503679
45 41 42 0.0 0.0 102.0 0.0 2729.0 13.0 64.0 0.29051670471052077
45 41 43 0.0 0.0 77.0 0.0 1528.0 16.0 14.0 0.39008080245193644
45 41 44 0.0 0.0 1.0 0.0 29.0 0.0 0.0 0.6899950714637751
45 42 36 0.0 0.0 0.0 0.0 7.0 0.0 0.0 0.6975585450921773
45 42 37 0.0 0.0 0.0 0.0 16.0 0.0 0.0 0.6944444444444444
45 42 38 0.0 0.0 99.0 0.0 2788.0 20.0 67.0 0.2876515307170741
45 42 39 0.0 0.0 67.0 0.0 1357.0 9.0 12.0 0.40983606557377045
45 42 40 0.0 0.0 161.0 0.0 3407.0 19.0 88.0 0.2521613832853026
45 42 41 0.0 0.0 0.0 0.0 85.0 0.0 0.0 0.6714628297362109
45 42 42 0.0 0.0 42.0 0.0 1285.0 7.0 8.0 0.4218137993371497
45 42 43 0.0 0.0 0.0 0.0 41.0 0.0 0.0 0.6859382655560998
45 42 44 0.0 0.0 0.0 0.0 13.0 0.0 0.0 0.695479384003974
45 43 37 0.0 0.0 0.0 0.0 16.0 0.0 0.0 0.6944444444444444
45 43 38 0.0 0.0 51.0 0.0 1193.0 7.0 5.0 0.4324992276799505
45 43 39 0.0 0.0 439.0 0.0 8561.0 29.0 1255.0 0.127516167228345
45 43 40 0.0 0.0 3.0 0.0 176.0 0.0 0.0 0.6424965580541532
45 43 41 0.0 0.0 4.0 0.0 106.0 0.0 0.0 0.6635071090047392
45 43 42 0.0 0.0 0.0 0.0 14.0 1.0 0.0 0.695479384003974
45 43 43 0.0 0.0 0.0 0.0 7.0 0.0 0.0 0.6975585450921773
45 43 44 0.0 0.0 1.0 0.0 2.0 0.0 0.0 0.6989515726410384
45 44 38 0.0 0.0 34.0 0.0 732.0 7.0 2.0 0.5074302283436026
45 44 39 0.0 0.0 1.0 0.0 35.0 0.0 0.0 0.6879606879606879
45 44 40 0.0 0.0 75.0 0.0 1444.0 12.0 9.0 0.39920159680638717
45 44 41 0.0 0.0 0.0 0.0 2.0 0.0 0.0 0.6993006993006992
45 44 44 0.0 0.0 0.0 0.0 1.0 0.0 0.0 0.6996501749125437
45 45 37 0.0 0.0 0.0 0.0 2.0 0.0 0.0 0.6993006993006992
45 45 38 0.0 0.0 0.0 0.0 1.0 0.0 0.0 0.6996501749125437
45 45 39 0.0 0.0 0.0 0.0 1.0 0.0 0.0 0.6996501749125437
45 45 42 0.0 0.0 0.0 0.0 1.0 0.0 0.0 0.6996501749125437
46 35 40 0.0 0.0 0.0 0.0 2.0 0.0 0.0 0.6993006993006992
46 36 38 0.0 0.0 0.0 0.0 14.0 0.0 0.0 0.6951340615690167
46 36 39 0.0 0.0 0.0 0.0 16.0 0.0 0.0 0.6944444444444444
46 36 40 0.0 0.0 1.0 0.0 31.0 1.0 0.0 0.689655172413793
46 36 41 0.0 0.0 6.0 0.0 87.0 1.0 0.0 0.6692160611854684
46 36 42 0.0 0.0 1.0 0.0 29.0 0.0 0.0 0.689655172413793
46 37 38 0.0 0.0 20.0 0.0 425.0 2.0 0.0 0.5730659025787964
46 37 39 0.0 0.0 24.0 0.0 655.0 2.0 4.0 0.5227781926811051
46 37 40 0.0 0.0 107.0 0.0 2748.0 15.0 44.0 0.28919644701507946
46 37 41 0.0 0.0 43.0 0.0 1228.0 10.0 10.0 0.42931616068690576
46 37 42 0.0 0.0 0.0 0.0 56.0 0.0 0.0 0.6809338521400777
46 37 43 0.0 0.0 0.0 0.0 1.0 0.0 0.0 0.6996501749125437
46 38 37 0.0 0.0 0.0 0.0 1.0 0.0 0.0 0.6996501749125437
46 38 38 0.0 0.0 0.0 0.0 10.0 0.0 0.0 0.6965174129353233
46 38 39 0.0 0.0 21.0 0.0 396.0 9.0 0.0 0.5813953488372092
46 38 40 0.0 0.0 9.0 0.0 167.0 2.0 1.0 0.6439742410303587
46 38 41 0.0 0.0 3.0 0.0 164.0 0.0 0.0 0.646054453161052
46 38 42 0.0 0.0 2.0 0.0 78.0 0.0 0.0 0.6730769230769229
46 39 37 0.0 0.0 0.0 0.0 3.0 0.0 0.0 0.6989515726410384
46 39 38 0.0 0.0 0.0 0.0 3.0 0.0 0.0 0.6989515726410384
46 39 39 0.0 0.0 1.0 0.0 31.0 1.0 0.0 0.6893156080748399
46 39 40 0.0 0.0 2.0 0.0 72.0 0.0 0.0 0.6750241080038573
46 39 41 0.0 0.0 7.0 0.0 213.0 2.0 1.0 0.6311992786293958
46 39 42 0.0 0.0 23.0 0.0 472.0 7.0 1.0 0.562700964630225
46 40 37 0.0 0.0 0.0 0.0 1.0 0.0 0.0 0.6996501749125437
46 40 38 0.0 0.0 13.0 0.0 155.0 4.0 0.0 0.6469500924214416
46 40 39 0.0 0.0 0.0 0.0 37.0 0.0 0.0 0.6872852233676975
46 40 40 0.0 0.0 4.0 0.0 140.0 0.0 1.0 0.6529850746268656
46 40 41 0.0 0.0 2.0 0.0 37.0 0.0 0.0 0.6866110838646394
46 40 42 0.0 0.0 0.0 0.0 22.0 0.0 0.0 0.6923837784371908
46 40 43 0.0 0.0 0.0 0.0 1.0 0.0 0.0 0.6996501749125437
46 41 37 0.0 0.0 24.0 0.0 411.0 5.0 0.0 0.5761316872427983
46 41 38 0.0 0.0 0.0 0.0 29.0 0.0 0.0 0.690335305719921
46 41 39 0.0 0.0 46.0 0.0 900.0 7.0 5.0 0.47635250085062936
46 41 40 0.0 0.0 1.0 0.0 61.0 1.0 0.0 0.6792819019893255
46 41 41 0.0 0.0 3.0 0.0 63.0 2.0 0.0 0.6782945736434108
46 41 42 0.0 0.0 0.0 0.0 11.0 0.0 0.0 0.6961710591745399
46 41 43 0.0 0.0 0.0 0.0 2.0 0.0 0.0 0.6993006993006992
46 42 37 0.0 0.0 0.0 0.0 2.0 0.0 0.0 0.6993006993006992
46 42 38 0.0 0.0 5.0 0.0 235.0 3.0 1.0 0.6258381761287437
46 42 39 0.0 0.0 10.0 0.0 300.0 8.0 0.0 0.6081668114682883
46 42 40 0.0 0.0 28.0 0.0 514.0 6.0 1.0 0.5520504731861199
46 42 41 0.0 0.0 0.0 0.0 9.0 0.0 0.0 0.6968641114982577
46 42 42 0.0 0.0 0.0 0.0 1.0 0.0 0.0 0.6996501749125437
46 43 37 0.0 0.0 0.0 0.0 4.0 0.0 0.0 0.6986027944111775
46 43 38 0.0 0.0 16.0 0.0 329.0 3.0 0.0 0.5977796754910332
46 43 39 0.0 0.0 86.0 0.0 2112.0 11.0 17.0 0.3343682827800334
46 43 40 0.0 0.0 0.0 0.0 12.0 0.0 0.0 0.6958250497017892
46 43 41 0.0 0.0 0.0 0.0 4.0 0.0 0.0 0.6986027944111775
46 43 43 0.0 0.0 0.0 0.0 1.0 0.0 0.0 0.6996501749125437
46 44 38 0.0 0.0 14.0 0.0 305.0 4.0 1.0 0.6050129645635263
46 44 39 0.0 0.0 2.0 0.0 59.0 0.0 0.0 0.6792819019893255
46 44 40 0.0 0.0 0.0 0.0 23.0 0.0 0.0 0.6920415224913494
46 45 40 0.0 0.0 0.0 0.0 1.0 0.0 0.0 0.6996501749125437
46 45 41 0.0 0.0 0.0 0.0 1.0 0.0 0.0 0.6996501749125437
47 36 39 0.0 0.0 0.0 0.0 6.0 0.0 0.0 0.6979062811565303
47 36 40 0.0 0.0 0.0 0.0 1.0 0.0 0.0 0.6996501749125437
47 36 41 0.0 0.0 0.0 0.0 3.0 0.0 0.0 0.6989515726410384
47 36 42 0.0 0.0 0.0 0.0 1.0 0.0 0.0 0.6996501749125437
47 37 38 0.0 0.0 0.0 0.0 1.0 0.0 0.0 0.6996501749125437
47 37 40 0.0 0.0 0.0 0.0 1.0 0.0 0.0 0.6996501749125437
47 37 41 0.0 0.0 0.0 0.0 3.0 0.0 0.0 0.6989515726410384
47 38 40 0.0 0.0 0.0 0.0 3.0 0.0 0.0 0.6989515726410384
47 38 41 0.0 0.0 4.0 0.0 40.0 2.0 0.0 0.6856023506366307
47 39 38 0.0 0.0 0.0 0.0 1.0 0.0 0.0 0.6996501749125437
47 39 40 0.0 0.0 0.0 0.0 1.0 0.0 0.0 0.6996501749125437
47 42 40 0.0 0.0 0.0 0.0 1.0 0.0 0.0 0.6996501749125437
47 43 38 0.0 0.0 0.0 0.0 1.0 0.0 0.0 0.6996501749125437
47 43 39 0.0 0.0 0.0 0.0 3.0 0.0 0.0 0.6989515726410384
