32 43 39 0.0 0.0 0.0 0.0 1.0 0.0 0.0 0.6996501749125437
32 43 41 0.0 0.0 0.0 0.0 1.0 0.0 0.0 0.6996501749125437
32 44 38 0.0 0.0 0.0 0.0 1.0 0.0 0.0 0.6996501749125437
33 39 37 0.0 0.0 0.0 0.0 9.0 0.0 0.0 0.6968641114982577
33 39 38 0.0 0.0 0.0 0.0 6.0 0.0 0.0 0.6979062811565303
33 39 39 0.0 0.0 0.0 0.0 21.0 0.0 0.0 0.6927263730826323
33 39 40 0.0 0.0 0.0 0.0 1.0 0.0 0.0 0.6996501749125437
33 40 37 0.0 0.0 5.0 0.0 97.0 1.0 0.0 0.6663493574488338
33 40 38 0.0 0.0 0.0 0.0 22.0 0.0 0.0 0.6927263730826323
33 40 39 0.0 0.0 0.0 0.0 3.0 0.0 0.0 0.6989515726410384
33 40 40 0.0 0.0 0.0 0.0 3.0 0.0 0.0 0.6989515726410384
33 40 41 0.0 0.0 0.0 0.0 1.0 0.0 0.0 0.6996501749125437
33 41 37 0.0 0.0 0.0 0.0 9.0 0.0 0.0 0.6968641114982577
33 41 38 0.0 0.0 0.0 0.0 20.0 0.0 0.0 0.6930693069306929
33 41 39 0.0 0.0 0.0 0.0 15.0 0.0 0.0 0.694789081885856
33 41 40 0.0 0.0 0.0 0.0 5.0 0.0 0.0 0.6982543640897755
33 42 37 0.0 0.0 0.0 0.0 10.0 0.0 0.0 0.6965174129353233
33 42 38 0.0 0.0 20.0 0.0 573.0 6.0 1.0 0.5411673753382295
33 42 39 0.0 0.0 1.0 0.0 28.0 0.0 0.0 0.6899950714637751
33 42 40 0.0 0.0 0.0 0.0 5.0 0.0 0.0 0.6986027944111775
33 43 37 0.0 0.0 0.0 0.0 2.0 0.0 0.0 0.6993006993006992
33 43 38 0.0 0.0 2.0 0.0 42.0 1.0 0.0 0.6856023506366307
33 43 39 0.0 0.0 40.0 0.0 1193.0 6.0 6.0 0.4338394793926247
33 43 40 0.0 0.0 27.0 0.0 571.0 6.0 0.0 0.5401234567901234
33 44 39 0.0 0.0 1.0 0.0 10.0 0.0 0.0 0.6961710591745399
34 35 39 0.0 0.0 0.0 0.0 1.0 0.0 0.0 0.6996501749125437
34 35 40 0.0 0.0 0.0 0.0 3.0 0.0 0.0 0.6989515726410384
34 36 39 0.0 0.0 0.0 0.0 1.0 0.0 0.0 0.6996501749125437
34 36 40 0.0 0.0 0.0 0.0 1.0 0.0 0.0 0.6996501749125437
34 36 41 0.0 0.0 0.0 0.0 2.0 0.0 0.0 0.6993006993006992
34 37 36 0.0 0.0 4.0 0.0 103.0 3.0 0.0 0.6653992395437262
34 37 37 0.0 0.0 0.0 0.0 8.0 0.0 0.0 0.697211155378486
34 37 38 0.0 0.0 0.0 0.0 8.0 0.0 0.0 0.697211155378486
34 37 39 0.0 0.0 0.0 0.0 2.0 0.0 0.0 0.6993006993006992
34 37 40 0.0 0.0 0.0 0.0 2.0 0.0 0.0 0.6993006993006992
34 37 41 0.0 0.0 0.0 0.0 3.0 0.0 0.0 0.6989515726410384
34 37 42 0.0 0.0 3.0 0.0 68.0 0.0 0.0 0.6760019314340897
34 37 43 0.0 0.0 0.0 0.0 1.0 0.0 0.0 0.6996501749125437
34 38 36 0.0 0.0 0.0 0.0 16.0 0.0 0.0 0.6944444444444444
34 38 37 0.0 0.0 0.0 0.0 22.0 0.0 0.0 0.6923837784371908
34 38 38 0.0 0.0 36.0 0.0 813.0 8.0 2.0 0.492784230904611
34 38 39 0.0 0.0 0.0 0.0 10.0 0.0 0.0 0.6965174129353233
34 38 40 0.0 0.0 5.0 0.0 150.0 2.0 0.0 0.6502554575011611
34 38 41 0.0 0.0 0.0 0.0 11.0 0.0 0.0 0.6965174129353233
34 38 42 0.0 0.0 3.0 0.0 26.0 2.0 0.0 0.6906758756783422
34 38 43 0.0 0.0 0.0 0.0 1.0 0.0 0.0 0.6996501749125437
34 38 44 0.0 0.0 0.0 0.0 2.0 0.0 0.0 0.6993006993006992
34 39 36 0.0 0.0 35.0 0.0 549.0 12.0 0.0 0.5443234836702955
34 39 37 0.0 0.0 7.0 0.0 253.0 4.0 1.0 0.6205673758865247
34 39 38 0.0 0.0 4.0 0.0 277.0 1.0 0.0 0.6143045195261079
34 39 39 0.0 0.0 13.0 0.0 402.0 2.0 0.0 0.5801906340654785
34 39 40 0.0 0.0 1.0 0.0 61.0 2.0 0.0 0.6799417192812044
34 39 41 0.0 0.0 0.0 0.0 19.0 0.0 0.0 0.6934125804853887
34 39 42 0.0 0.0 3.0 0.0 63.0 0.0 0.0 0.6776379477250725
34 39 43 0.0 0.0 0.0 0.0 2.0 0.0 0.0 0.6996501749125437
34 40 36 0.0 0.0 0.0 0.0 2.0 0.0 0.0 0.6993006993006992
34 40 37 0.0 0.0 41.0 0.0 774.0 6.0 2.0 0.49839800640797427
34 40 38 0.0 0.0 293.0 0.0 6458.0 28.0 513.0 0.16045845272206302
34 40 39 0.0 0.0 142.0 0.0 2925.0 11.0 74.0 0.27673453251630753
34 40 40 0.0 0.0 42.0 0.0 991.0 9.0 5.0 0.4629629629629629
34 40 41 0.0 0.0 7.0 0.0 106.0 2.0 0.0 0.6631927996210326
34 40 42 0.0 0.0 4.0 0.0 134.0 1.0 0.0 0.6551240056153486
34 40 43 0.0 0.0 0.0 0.0 8.0 0.0 0.0 0.697211155378486
34 40 44 0.0 0.0 0.0 0.0 3.0 0.0 0.0 0.6989515726410384
34 41 36 0.0 0.0 0.0 0.0 1.0 0.0 0.0 0.6996501749125437
34 41 37 0.0 0.0 0.0 0.0 31.0 0.0 0.0 0.6893156080748399
34 41 38 0.0 0.0 2.0 0.0 178.0 2.0 1.0 0.6427915518824608
34 41 39 0.0 0.0 128.0 0.0 2328.0 15.0 28.0 0.31531531531531526
34 41 40 0.0 0.0 12.0 0.0 354.0 3.0 1.0 0.5924672027084215
34 41 41 0.0 0.0 0.0 0.0 23.0 0.0 0.0 0.6920415224913494
34 41 42 0.0 0.0 0.0 0.0 17.0 0.0 0.0 0.694100148735746
34 41 43 0.0 0.0 0.0 0.0 9.0 0.0 0.0 0.6968641114982577
34 41 44 0.0 0.0 0.0 0.0 4.0 0.0 0.0 0.6986027944111775
34 41 45 0.0 0.0 0.0 0.0 8.0 0.0 0.0 0.697211155378486
34 42 37 0.0 0.0 0.0 0.0 15.0 0.0 0.0 0.694789081885856
34 42 38 0.0 0.0 255.0 0.0 5536.0 21.0 343.0 0.18006430868167198
34 42 39 0.0 0.0 279.0 0.0 6291.0 27.0 485.0 0.1638576779026217
34 42 40 0.0 0.0 18.0 0.0 312.0 4.0 0.0 0.6018916595012896
34 42 41 0.0 0.0 0.0 0.0 29.0 1.0 0.0 0.690335305719921
34 42 42 0.0 0.0 2.0 0.0 36.0 2.0 0.0 0.6876227897838899
34 42 43 0.0 0.0 0.0 0.0 7.0 0.0 0.0 0.6975585450921773
34 42 44 0.0 0.0 0.0 0.0 4.0 0.0 0.0 0.6986027944111775
34 42 45 0.0 0.0 0.0 0.0 2.0 0.0 0.0 0.6993006993006992
34 43 37 0.0 0.0 4.0 0.0 34.0 0.0 0.0 0.6869479882237487
34 43 38 0.0 0.0 0.0 0.0 15.0 0.0 0.0 0.694789081885856
34 43 39 0.0 0.0 0.0 0.0 32.0 1.0 0.0 0.6893156080748399
34 43 40 0.0 0.0 1.0 0.0 47.0 1.0 0.0 0.6839276990718123
34 43 41 0.0 0.0 2.0 0.0 26.0 0.0 0.0 0.690335305719921
34 43 42 0.0 0.0 0.0 0.0 21.0 0.0 0.0 0.6930693069306929
34 43 43 0.0 0.0 3.0 0.0 16.0 1.0 0.0 0.6937561942517343
34 44 39 0.0 0.0 0.0 0.0 4.0 0.0 0.0 0.6986027944111775
34 44 40 0.0 0.0 0.0 0.0 1.0 0.0 0.0 0.6996501749125437
34 44 41 0.0 0.0 2.0 0.0 39.0 0.0 0.0 0.6859382655560998
34 44 42 0.0 0.0 0.0 0.0 8.0 0.0 0.0 0.697211155378486
35 35 36 0.0 0.0 0.0 0.0 2.0 0.0 0.0 0.6993006993006992
35 35 37 0.0 0.0 0.0 0.0 7.0 0.0 0.0 0.6975585450921773
35 35 38 0.0 0.0 0.0 0.0 2.0 0.0 0.0 0.6993006993006992
35 35 40 0.0 0.0 0.0 0.0 1.0 0.0 0.0 0.6996501749125437
35 36 36 0.0 0.0 0.0 0.0 17.0 0.0 0.0 0.694100148735746
35 36 37 0.0 0.0 0.0 0.0 14.0 0.0 0.0 0.6951340615690167
35 36 38 0.0 0.0 0.0 0.0 34.0 0.0 0.0 0.6882989183874139
35 36 39 0.0 0.0 0.0 0.0 46.0 0.0 0.0 0.6842619745845552
35 36 40 0.0 0.0 83.0 0.0 1960.0 12.0 18.0 0.34730836020838496
35 36 41 0.0 0.0 1.0 0.0 51.0 0.0 0.0 0.6822612085769979
35 36 42 0.0 0.0 0.0 0.0 27.0 0.0 0.0 0.6906758756783422
35 37 36 0.0 0.0 0.0 0.0 12.0 0.0 0.0 0.6958250497017892
35 37 37 0.0 0.0 0.0 0.0 42.0 1.0 0.0 0.6859382655560998
35 37 38 0.0 0.0 45.0 0.0 1082.0 12.0 8.0 0.44943820224719094
35 37 39 0.0 0.0 14.0 0.0 438.0 2.0 1.0 0.5714285714285713
35 37 40 0.0 0.0 7.0 0.0 264.0 4.0 0.0 0.6175562417291574
35 37 41 0.0 0.0 11.0 0.0 291.0 3.0 0.0 0.6089604175728577
35 37 42 0.0 0.0 1.0 0.0 92.0 0.0 1.0 0.6692160611854684
35 37 43 0.0 0.0 2.0 0.0 27.0 0.0 0.0 0.6899950714637751
35 37 44 0.0 0.0 0.0 0.0 4.0 0.0 0.0 0.6986027944111775
35 38 35 0.0 0.0 0.0 0.0 1.0 0.0 0.0 0.6996501749125437
35 38 36 0.0 0.0 0.0 0.0 21.0 0.0 0.0 0.6927263730826323
35 38 37 0.0 0.0 299.0 0.0 5536.0 19.0 290.0 0.17907393195190582
35 38 38 0.0 0.0 19.0 0.0 566.0 5.0 2.0 0.5428460643660332
35 38 39 0.0 0.0 17.0 0.0 625.0 2.0 6.0 0.5303030303030303
35 38 40 0.0 0.0 70.0 0.0 1483.0 16.0 10.0 0.39581566299123544
35 38 41 0.0 0.0 121.0 0.0 2865.0 22.0 43.0 0.2819738167170191
35 38 42 0.0 0.0 113.0 0.0 2475.0 23.0 34.0 0.3066141042487954
35 38 43 0.0 0.0 70.0 0.0 1461.0 8.0 10.0 0.3971631205673758
35 38 44 0.0 0.0 0.0 0.0 13.0 0.0 0.0 0.695479384003974
35 39 36 0.0 0.0 0.0 0.0 28.0 0.0 0.0 0.690335305719921
35 39 37 0.0 0.0 180.0 0.0 3466.0 15.0 85.0 0.24853541629682227
35 39 38 0.0 0.0 362.0 0.0 7533.0 19.0 950.0 0.14170040485829957
35 39 39 0.0 0.0 226.0 0.0 4793.0 27.0 218.0 0.20011435105774728
35 39 40 0.0 0.0 206.0 0.0 4929.0 24.0 254.0 0.1969334646223097
35 39 41 0.0 0.0 95.0 0.0 2285.0 14.0 28.0 0.32065964269354097
35 39 42 0.0 0.0 133.0 0.0 3133.0 14.0 74.0 0.26651437273938694
35 39 43 0.0 0.0 104.0 0.0 2191.0 21.0 21.0 0.3275620028076743
35 39 44 0.0 0.0 15.0 0.0 692.0 8.0 4.0 0.5187106335679881
35 39 45 0.0 0.0 0.0 0.0 1.0 0.0 0.0 0.6996501749125437
35 40 36 0.0 0.0 0.0 0.0 10.0 0.0 0.0 0.6965174129353233
35 40 37 0.0 0.0 78.0 0.0 2130.0 16.0 30.0 0.33396946564885494
35 40 38 0.0 0.0 267.0 0.0 6701.0 21.0 727.0 0.15645954403218593
35 40 39 0.0 0.0 625.0 0.0 11071.0 27.0 3894.0 0.10225695712511867
35 40 40 0.0 0.0 176.0 0.0 4535.0 16.0 210.0 0.2090800477897252
35 40 41 0.0 0.0 84.0 0.0 2405.0 14.0 48.0 0.31270940361849453
35 40 42 0.0 0.0 150.0 0.0 3904.0 18.0 134.0 0.23194168323392972
35 40 43 0.0 0.0 19.0 0.0 632.0 4.0 3.0 0.528900642236494
35 40 44 0.0 0.0 24.0 0.0 908.0 8.0 3.0 0.4787961696306429
35 40 45 0.0 0.0 0.0 0.0 4.0 0.0 0.0 0.6986027944111775
35 41 36 0.0 0.0 7.0 0.0 143.0 4.0 0.0 0.6523765144454798
35 41 37 0.0 0.0 2.0 0.0 185.0 1.0 0.0 0.641025641025641
35 41 38 0.0 0.0 209.0 0.0 4520.0 16.0 194.0 0.20848845867460908
35 41 39 0.0 0.0 572.0 0.0 10593.0 26.0 3241.0 0.10642341315089318
35 41 40 0.0 0.0 171.0 0.0 4042.0 24.0 132.0 0.2262077880109872
35 41 41 0.0 0.0 164.0 0.0 3119.0 15.0 53.0 0.2656546489563567
35 41 42 0.0 0.0 106.0 0.0 2626.0 13.0 45.0 0.29661016949152536
35 41 43 0.0 0.0 39.0 0.0 1043.0 10.0 7.0 0.45587756431129917
35 41 44 0.0 0.0 224.0 0.0 5081.0 26.0 267.0 0.19225487503433122
35 41 45 0.0 0.0 2.0 0.0 46.0 0.0 0.0 0.6835937499999999
35 42 36 0.0 0.0 1.0 0.0 14.0 0.0 0.0 0.694789081885856
35 42 37 0.0 0.0 48.0 0.0 854.0 9.0 1.0 0.4839267196681645
35 42 38 0.0 0.0 47.0 0.0 939.0 13.0 4.0 0.47106325706594876
35 42 39 0.0 0.0 260.0 0.0 5345.0 29.0 286.0 0.18474531538664551
35 42 40 0.0 0.0 248.0 0.0 5515.0 11.0 335.0 0.18055197317513538
35 42 41 0.0 0.0 190.0 0.0 4530.0 15.0 176.0 0.208768267223382
35 42 42 0.0 0.0 63.0 0.0 1411.0 11.0 11.0 0.404273751082876
35 42 43 0.0 0.0 6.0 0.0 292.0 2.0 1.0 0.6097560975609755
35 42 44 0.0 0.0 9.0 0.0 165.0 4.0 0.0 0.6451612903225805
35 42 45 0.0 0.0 0.0 0.0 4.0 0.0 0.0 0.6986027944111775
35 43 37 0.0 0.0 0.0 0.0 7.0 1.0 0.0 0.6979062811565303
35 43 38 0.0 0.0 15.0 0.0 332.0 6.0 0.0 0.5982905982905982
35 43 39 0.0 0.0 0.0 0.0 88.0 0.0 0.0 0.6704980842911876
35 43 40 0.0 0.0 78.0 0.0 1928.0 9.0 21.0 0.3501750875437718
35 43 41 0.0 0.0 154.0 0.0 3377.0 17.0 83.0 0.25376110204821456
35 43 42 0.0 0.0 201.0 0.0 5262.0 20.0 321.0 0.18799516583859266
35 43 43 0.0 0.0 7.0 0.0 331.0 3.0 0.0 0.5995717344753746
35 43 44 0.0 0.0 3.0 0.0 72.0 1.0 0.0 0.6750241080038573
35 43 45 0.0 0.0 0.0 0.0 3.0 0.0 0.0 0.6989515726410384
35 44 37 0.0 0.0 0.0 0.0 3.0 0.0 0.0 0.6989515726410384
35 44 38 0.0 0.0 6.0 0.0 194.0 2.0 0.0 0.6369426751592355
35 44 39 0.0 0.0 0.0 0.0 37.0 0.0 0.0 0.6872852233676975
35 44 40 0.0 0.0 0.0 0.0 25.0 0.0 0.0 0.6913580246913579
35 44 41 0.0 0.0 22.0 0.0 367.0 3.0 0.0 0.5867560771165129
35 44 42 0.0 0.0 14.0 0.0 379.0 4.0 0.0 0.5860192549183758
35 44 43 0.0 0.0 0.0 0.0 7.0 0.0 0.0 0.6975585450921773
35 44 44 0.0 0.0 0.0 0.0 5.0 0.0 0.0 0.6982543640897755
35 44 45 0.0 0.0 0.0 0.0 1.0 0.0 0.0 0.6996501749125437
35 45 37 0.0 0.0 0.0 0.0 1.0 0.0 0.0 0.6996501749125437
35 45 40 0.0 0.0 0.0 0.0 2.0 0.0 0.0 0.6993006993006992
35 45 41 0.0 0.0 0.0 0.0 6.0 0.0 0.0 0.6979062811565303
35 46 38 0.0 0.0 0.0 0.0 1.0 0.0 0.0 0.6996501749125437
35 46 39 0.0 0.0 1.0 0.0 26.0 0.0 0.0 0.6906758756783422
36 34 37 0.0 0.0 0.0 0.0 1.0 0.0 0.0 0.6996501749125437
36 35 36 0.0 0.0 0.0 0.0 7.0 0.0 0.0 0.6975585450921773
36 35 37 0.0 0.0 0.0 0.0 19.0 0.0 0.0 0.6934125804853887
36 35 38 0.0 0.0 8.0 0.0 213.0 0.0 0.0 0.6303466906798738
36 35 39 0.0 0.0 0.0 0.0 32.0 0.0 0.0 0.6889763779527558
36 35 40 0.0 0.0 0.0 0.0 25.0 0.0 0.0 0.6913580246913579
36 35 41 0.0 0.0 0.0 0.0 20.0 0.0 0.0 0.6930693069306929
36 35 42 0.0 0.0 0.0 0.0 16.0 0.0 0.0 0.6944444444444444
36 35 43 0.0 0.0 0.0 0.0 1.0 0.0 0.0 0.6996501749125437
36 36 36 0.0 0.0 0.0 0.0 33.0 0.0 0.0 0.6886374815543531
36 36 37 0.0 0.0 294.0 0.0 6153.0 14.0 478.0 0.1659554291133238
36 36 38 0.0 0.0 5.0 0.0 362.0 1.0 0.0 0.5917159763313609
36 36 39 0.0 0.0 11.0 0.0 439.0 5.0 2.0 0.5728314238952537
36 36 40 0.0 0.0 109.0 0.0 2288.0 15.0 27.0 0.31956174389408804
36 36 41 0.0 0.0 13.0 0.0 494.0 4.0 1.0 0.5593288054334797
36 36 42 0.0 0.0 14.0 0.0 364.0 6.0 0.0 0.5904681568958244
36 36 43 0.0 0.0 0.0 0.0 35.0 0.0 0.0 0.6882989183874139
36 37 36 0.0 0.0 3.0 0.0 144.0 0.0 0.0 0.6520726595249184
36 37 37 0.0 0.0 221.0 0.0 4367.0 27.0 149.0 0.2133821063862216
36 37 38 0.0 0.0 113.0 0.0 2896.0 11.0 51.0 0.2801120448179271
36 37 39 0.0 0.0 464.0 0.0 8681.0 23.0 1459.0 0.12583138594283658
36 37 40 0.0 0.0 444.0 0.0 8674.0 20.0 1400.0 0.12604663725578463
36 37 41 0.0 0.0 416.0 0.0 8638.0 19.0 1502.0 0.12678862524904908
36 37 42 0.0 0.0 38.0 0.0 1443.0 11.0 16.0 0.40345821325648407
36 37 43 0.0 0.0 1.0 0.0 113.0 1.0 0.0 0.6625650733554187
36 37 44 0.0 0.0 0.0 0.0 10.0 0.0 0.0 0.6965174129353233
36 37 45 0.0 0.0 0.0 0.0 1.0 0.0 0.0 0.6996501749125437
36 38 36 0.0 0.0 81.0 0.0 2122.0 12.0 26.0 0.33396946564885494
36 38 37 0.0 0.0 21.0 0.0 861.0 2.0 10.0 0.486111111111111
36 38 38 0.0 0.0 322.0 0.0 7008.0 19.0 709.0 0.15029522275899085
36 38 39 0.0 0.0 437.0 0.0 8894.0 24.0 1510.0 0.12375143640060107
36 38 40 0.0 0.0 572.0 0.0 10449.0 29.0 2710.0 0.10768402430582262
36 38 41 0.0 0.0 334.0 0.0 7387.0 23.0 826.0 0.14434477781214558
36 38 42 0.0 0.0 279.0 0.0 5949.0 21.0 400.0 0.17048222113979541
36 38 43 0.0 0.0 30.0 0.0 1058.0 9.0 7.0 0.4546930821695355
36 38 44 0.0 0.0 56.0 0.0 1500.0 13.0 11.0 0.39514535704205467
36 38 45 0.0 0.0 0.0 0.0 10.0 0.0 0.0 0.6965174129353233
36 39 35 0.0 0.0 0.0 0.0 8.0 0.0 0.0 0.697211155378486
36 39 36 0.0 0.0 7.0 0.0 216.0 3.0 0.0 0.6306306306306305
36 39 37 0.0 0.0 281.0 0.0 5999.0 21.0 424.0 0.16949152542372878
36 39 38 0.0 0.0 603.0 0.0 11154.0 23.0 4106.0 0.10181077739800741
36 39 39 0.0 0.0 670.0 0.0 11369.0 31.0 4021.0 0.09983598374099692
36 39 40 0.0 0.0 504.0 0.0 9852.0 25.0 2405.0 0.11341542449773169
36 39 41 0.0 0.0 356.0 0.0 6576.0 17.0 508.0 0.15695067264573986
36 39 42 0.0 0.0 779.0 0.0 12066.0 26.0 5290.0 0.09430149535228344
36 39 43 0.0 0.0 252.0 0.0 5307.0 12.0 304.0 0.18550417384391144
36 39 44 0.0 0.0 96.0 0.0 2740.0 13.0 55.0 0.2900953170327393
36 39 45 0.0 0.0 6.0 0.0 148.0 2.0 0.0 0.6505576208178437
36 39 46 0.0 0.0 0.0 0.0 1.0 0.0 0.0 0.6996501749125437
36 40 35 0.0 0.0 0.0 0.0 15.0 0.0 0.0 0.694789081885856
36 40 36 0.0 0.0 1.0 0.0 83.0 0.0 0.0 0.6721075372059528
36 40 37 0.0 0.0 189.0 0.0 4228.0 19.0 180.0 0.21871582565224176
36 40 38 0.0 0.0 539.0 0.0 10410.0 25.0 2726.0 0.10824184320395853
36 40 39 0.0 0.0 872.0 0.0 12450.0 32.0 8434.0 0.09140171051772539
36 40 40 0.0 0.0 671.0 0.0 11251.0 19.0 3633.0 0.10058916510992959
36 40 41 0.0 0.0 402.0 0.0 8633.0 17.0 1512.0 0.12699564586357037
36 40 42 0.0 0.0 242.0 0.0 5688.0 14.0 444.0 0.17674536043428857
36 40 43 0.0 0.0 515.0 0.0 9607.0 21.0 2285.0 0.11558784676354027
36 40 44 0.0 0.0 83.0 0.0 1975.0 15.0 29.0 0.3462775166955231
36 40 45 0.0 0.0 9.0 0.0 308.0 1.0 1.0 0.6047516198704103
36 41 36 0.0 0.0 36.0 0.0 770.0 4.0 3.0 0.4996431120628122
36 41 37 0.0 0.0 179.0 0.0 4575.0 12.0 200.0 0.20768431983385252
36 41 38 0.0 0.0 588.0 0.0 10512.0 27.0 2814.0 0.10693553315001528
36 41 39 0.0 0.0 673.0 0.0 11675.0 20.0 5086.0 0.09757457485363812
36 41 40 0.0 0.0 478.0 0.0 9598.0 28.0 2048.0 0.1160669872326314
36 41 41 0.0 0.0 875.0 0.0 12681.0 39.0 7044.0 0.09011908593498551
36 41 42 0.0 0.0 833.0 0.0 12489.0 36.0 6553.0 0.09149728775897
36 41 43 0.0 0.0 384.0 0.0 7789.0 16.0 1059.0 0.13778171439818915
36 41 44 0.0 0.0 40.0 0.0 1292.0 11.0 11.0 0.42155977115326704
36 41 45 0.0 0.0 6.0 0.0 177.0 0.0 1.0 0.6413192853870818
36 41 46 0.0 0.0 0.0 0.0 1.0 0.0 0.0 0.6996501749125437
36 42 36 0.0 0.0 5.0 0.0 60.0 3.0 0.0 0.6789524733268669
36 42 37 0.0 0.0 37.0 0.0 1054.0 8.0 7.0 0.4541031462860849
36 42 38 0.0 0.0 125.0 0.0 3129.0 16.0 76.0 0.26722656995609845
36 42 39 0.0 0.0 357.0 0.0 7770.0 13.0 1010.0 0.13836726625815376
36 42 40 0.0 0.0 397.0 0.0 8355.0 23.0 1271.0 0.13036595586181207
36 42 41 0.0 0.0 517.0 0.0 9488.0 27.0 1766.0 0.11681268251981641
36 42 42 0.0 0.0 725.0 0.0 11751.0 23.0 4931.0 0.09679203539823009
36 42 43 0.0 0.0 371.0 0.0 7541.0 20.0 894.0 0.14147130153597412
36 42 44 0.0 0.0 85.0 0.0 2210.0 10.0 25.0 0.32672112018669774
36 42 45 0.0 0.0 2.0 0.0 39.0 0.0 0.0 0.6859382655560998
36 43 36 0.0 0.0 0.0 0.0 9.0 0.0 0.0 0.6968641114982577
36 43 37 0.0 0.0 10.0 0.0 221.0 3.0 0.0 0.6286484059272563
36 43 38 0.0 0.0 20.0 0.0 569.0 6.0 0.0 0.5420054200542004
36 43 39 0.0 0.0 277.0 0.0 6340.0 25.0 541.0 0.16284750494358494
36 43 40 0.0 0.0 381.0 0.0 7178.0 24.0 713.0 0.1467966865890741
36 43 41 0.0 0.0 138.0 0.0 3499.0 12.0 123.0 0.2488446498400284
36 43 42 0.0 0.0 169.0 0.0 4054.0 10.0 144.0 0.2252252252252252
36 43 43 0.0 0.0 188.0 0.0 3800.0 22.0 110.0 0.2346237640355287
36 43 44 0.0 0.0 109.0 0.0 2835.0 16.0 73.0 0.2840332724690606
36 43 45 0.0 0.0 22.0 0.0 652.0 7.0 2.0 0.5249343832020996
36 44 37 0.0 0.0 0.0 0.0 14.0 0.0 0.0 0.6951340615690167
36 44 38 0.0 0.0 114.0 0.0 2850.0 10.0 57.0 0.2825428859737638
36 44 39 0.0 0.0 39.0 0.0 1201.0 12.0 9.0 0.4339739615623062
36 44 40 0.0 0.0 51.0 0.0 1180.0 9.0 12.0 0.4343779087806391
36 44 41 0.0 0.0 225.0 0.0 4826.0 19.0 240.0 0.19908987485779292
36 44 42 0.0 0.0 27.0 0.0 1040.0 8.0 4.0 0.45766590389016015
36 44 43 0.0 0.0 1.0 0.0 64.0 0.0 0.0 0.6779661016949151
36 44 44 0.0 0.0 0.0 0.0 18.0 0.0 0.0 0.6937561942517343
36 44 45 0.0 0.0 0.0 0.0 1.0 0.0 0.0 0.6996501749125437
36 45 37 0.0 0.0 0.0 0.0 2.0 0.0 0.0 0.6993006993006992
36 45 38 0.0 0.0 0.0 0.0 14.0 0.0 0.0 0.6951340615690167
36 45 39 0.0 0.0 94.0 0.0 1913.0 15.0 25.0 0.3506135737540696
36 45 40 0.0 0.0 5.0 0.0 83.0 1.0 0.0 0.670819357930043
36 45 41 0.0 0.0 22.0 0.0 342.0 6.0 1.0 0.5937234944868531
36 45 42 0.0 0.0 0.0 0.0 8.0 0.0 0.0 0.697211155378486
37 34 36 0.0 0.0 0.0 0.0 1.0 0.0 0.0 0.6996501749125437
37 34 38 0.0 0.0 0.0 0.0 1.0 0.0 0.0 0.6996501749125437
37 34 40 0.0 0.0 0.0 0.0 1.0 0.0 0.0 0.6996501749125437
37 35 36 0.0 0.0 0.0 0.0 16.0 0.0 0.0 0.6944444444444444
37 35 37 0.0 0.0 2.0 0.0 45.0 1.0 0.0 0.6842619745845552
37 35 38 0.0 0.0 0.0 0.0 61.0 0.0 0.0 0.6792819019893255
37 35 39 0.0 0.0 11.0 0.0 259.0 0.0 0.0 0.6167400881057268
37 35 40 0.0 0.0 0.0 0.0 89.0 0.0 0.0 0.6704980842911876
37 35 41 0.0 0.0 12.0 0.0 232.0 2.0 1.0 0.6244424620874218
37 35 42 0.0 0.0 13.0 0.0 220.0 4.0 0.0 0.6280843427545983
37 35 43 0.0 0.0 0.0 0.0 2.0 0.0 0.0 0.6993006993006992
37 36 36 0.0 0.0 8.0 0.0 290.0 2.0 1.0 0.6100217864923746
37 36 37 0.0 0.0 34.0 0.0 1126.0 7.0 8.0 0.44416243654822324
37 36 38 0.0 0.0 156.0 0.0 3710.0 13.0 120.0 0.23919357594396032
37 36 39 0.0 0.0 506.0 0.0 9829.0 24.0 2390.0 0.11363636363636363
37 36 40 0.0 0.0 301.0 0.0 6216.0 18.0 433.0 0.16470588235294115
37 36 41 0.0 0.0 230.0 0.0 5898.0 14.0 470.0 0.1724987678659438
37 36 42 0.0 0.0 112.0 0.0 2447.0 18.0 31.0 0.3083700440528634
37 36 43 0.0 0.0 35.0 0.0 698.0 5.0 3.0 0.5131964809384163
37 36 44 0.0 0.0 0.0 0.0 17.0 0.0 0.0 0.694100148735746
37 36 45 0.0 0.0 0.0 0.0 4.0 0.0 0.0 0.6986027944111775
37 37 35 0.0 0.0 7.0 0.0 128.0 3.0 0.0 0.6566604127579737
37 37 36 0.0 0.0 22.0 0.0 619.0 6.0 1.0 0.5313092979127134
37 37 37 0.0 0.0 646.0 0.0 11021.0 31.0 3581.0 0.10257161696827605
37 37 38 0.0 0.0 663.0 0.0 11336.0 25.0 3556.0 0.10011441647597252
37 37 39 0.0 0.0 455.0 0.0 9036.0 33.0 1557.0 0.12214273250741578
37 37 40 0.0 0.0 920.0 0.0 12752.0 33.0 7991.0 0.08941116362242942
37 37 41 0.0 0.0 435.0 0.0 8870.0 19.0 1603.0 0.12392670620518718
37 37 42 0.0 0.0 612.0 0.0 11100.0 20.0 3769.0 0.10216740859665766
37 37 43 0.0 0.0 77.0 0.0 2039.0 7.0 32.0 0.3407984420642648
37 37 44 0.0 0.0 0.0 0.0 110.0 1.0 0.0 0.6638217164532954
37 37 45 0.0 0.0 0.0 0.0 7.0 0.0 0.0 0.6979062811565303
37 38 34 0.0 0.0 0.0 0.0 6.0 0.0 0.0 0.6979062811565303
37 38 35 0.0 0.0 1.0 0.0 61.0 0.0 0.0 0.6792819019893255
37 38 36 0.0 0.0 70.0 0.0 1804.0 10.0 17.0 0.3623188405797101
37 38 37 0.0 0.0 408.0 0.0 8336.0 32.0 1264.0 0.13058483350433725
37 38 38 0.0 0.0 768.0 0.0 11987.0 19.0 4935.0 0.09491525423728812
37 38 39 0.0 0.0 1399.0 0.0 13222.0 28.0 17712.0 0.08422065812428561
37 38 40 0.0 0.0 1236.0 0.0 13408.0 40.0 13864.0 0.08416496332812311
37 38 41 0.0 0.0 1513.0 0.0 13013.0 43.0 21128.0 0.08470474346563406
37 38 42 0.0 0.0 638.0 0.0 11119.0 30.0 3781.0 0.10181818181818181
37 38 43 0.0 0.0 172.0 0.0 4324.0 13.0 177.0 0.21594940613913305
37 38 44 0.0 0.0 73.0 0.0 2032.0 14.0 36.0 0.3423820004891171
37 38 45 0.0 0.0 2.0 0.0 66.0 0.0 0.0 0.6769825918762088
37 39 34 0.0 0.0 0.0 0.0 6.0 0.0 0.0 0.6979062811565303
37 39 35 0.0 0.0 6.0 0.0 162.0 2.0 0.0 0.6463527239150507
37 39 36 0.0 0.0 260.0 0.0 5440.0 13.0 322.0 0.18212566671002992
37 39 37 0.0 0.0 483.0 0.0 9535.0 21.0 2007.0 0.11659865078704088
37 39 38 0.0 0.0 720.0 0.0 11811.0 28.0 5011.0 0.0963789067878287
37 39 39 0.0 0.0 1024.0 0.0 13119.0 35.0 9866.0 0.0867894116917736
37 39 40 0.0 0.0 1110.0 0.0 13427.0 41.0 11118.0 0.08473550417624984
37 39 41 0.0 0.0 870.0 0.0 12877.0 31.0 6307.0 0.08897362567524625
37 39 42 0.0 0.0 620.0 0.0 11172.0 26.0 4037.0 0.10156703424260011
37 39 43 0.0 0.0 905.0 0.0 12840.0 36.0 7433.0 0.08903586873569065
37 39 44 0.0 0.0 177.0 0.0 4021.0 18.0 124.0 0.22650056625141557
37 39 45 0.0 0.0 23.0 0.0 506.0 3.0 1.0 0.5542359461599367
37 40 34 0.0 0.0 0.0 0.0 9.0 0.0 0.0 0.6968641114982577
37 40 35 0.0 0.0 36.0 0.0 661.0 11.0 3.0 0.5212211466865226
37 40 36 0.0 0.0 139.0 0.0 3198.0 8.0 69.0 0.26261489401613203
37 40 37 0.0 0.0 387.0 0.0 7699.0 28.0 839.0 0.13908205841446453
37 40 38 0.0 0.0 887.0 0.0 12575.0 28.0 6734.0 0.090591432638799
37 40 39 0.0 0.0 1747.0 0.0 13000.0 39.0 25411.0 0.08353720389044691
37 40 40 0.0 0.0 1201.0 0.0 13356.0 29.0 13678.0 0.08452064718666988
37 40 41 0.0 0.0 1192.0 0.0 13618.0 30.0 11901.0 0.08329366968110423
37 40 42 0.0 0.0 930.0 0.0 12927.0 35.0 9368.0 0.08835594824865887
37 40 43 0.0 0.0 579.0 0.0 10856.0 30.0 3883.0 0.10427528675703857
37 40 44 0.0 0.0 473.0 0.0 9565.0 23.0 2038.0 0.11640475596574372
37 40 45 0.0 0.0 8.0 0.0 194.0 0.0 0.0 0.6363636363636362
37 41 34 0.0 0.0 0.0 0.0 4.0 0.0 0.0 0.6986027944111775
37 41 35 0.0 0.0 1.0 0.0 27.0 0.0 0.0 0.690335305719921
37 41 36 0.0 0.0 82.0 0.0 1659.0 13.0 15.0 0.3756372417493962
37 41 37 0.0 0.0 280.0 0.0 6414.0 21.0 586.0 0.1613646841862609
37 41 38 0.0 0.0 934.0 0.0 12747.0 38.0 8885.0 0.0893883284382582
37 41 39 0.0 0.0 1299.0 0.0 13498.0 36.0 14563.0 0.0833134967864794
37 41 40 0.0 0.0 1188.0 0.0 13342.0 42.0 13472.0 0.08476628723661903
37 41 41 0.0 0.0 1302.0 1.0 13449.0 42.0 16477.0 0.08360205422190373
37 41 42 0.0 0.0 1550.0 0.0 12662.0 39.0 24172.0 0.08636644046884638
37 41 43 0.0 0.0 503.0 0.0 9738.0 29.0 2004.0 0.11457566085604386
37 41 44 0.0 0.0 142.0 0.0 3250.0 22.0 61.0 0.2606590951405697
37 41 45 0.0 0.0 88.0 0.0 1944.0 9.0 25.0 0.3479990057171265
37 41 46 0.0 0.0 0.0 0.0 1.0 0.0 0.0 0.6996501749125437
37 42 34 0.0 0.0 0.0 0.0 1.0 0.0 0.0 0.6996501749125437
37 42 35 0.0 0.0 3.0 0.0 69.0 1.0 0.0 0.6760019314340897
37 42 36 0.0 0.0 12.0 0.0 539.0 4.0 2.0 0.5496662740478994
37 42 37 0.0 0.0 281.0 0.0 6387.0 23.0 450.0 0.16192458940550541
37 42 38 0.0 0.0 751.0 0.0 12193.0 24.0 6276.0 0.09374581491897682
37 42 39 0.0 0.0 873.0 0.0 12694.0 29.0 7127.0 0.0899165061014772
37 42 40 0.0 0.0 1032.0 0.0 12897.0 47.0 11141.0 0.08792313006343025
37 42 41 0.0 0.0 723.0 0.0 11887.0 17.0 4625.0 0.09587071149763747
37 42 42 0.0 0.0 790.0 0.0 12195.0 24.0 6304.0 0.09347042328748831
37 42 43 0.0 0.0 839.0 0.0 12429.0 25.0 7420.0 0.091767173571054
37 42 44 0.0 0.0 358.0 0.0 7430.0 20.0 812.0 0.14323715981174542
37 42 45 0.0 0.0 0.0 0.0 74.0 0.0 0.0 0.6756756756756755
37 42 46 0.0 0.0 0.0 0.0 2.0 0.0 0.0 0.6993006993006992
37 43 35 0.0 0.0 0.0 0.0 7.0 0.0 0.0 0.6975585450921773
37 43 36 0.0 0.0 0.0 0.0 26.0 0.0 0.0 0.6910167818361302
37 43 37 0.0 0.0 30.0 0.0 1066.0 4.0 4.0 0.4527813712807244
37 43 38 0.0 0.0 419.0 0.0 8868.0 20.0 1598.0 0.12415750266051788
37 43 39 0.0 0.0 664.0 0.0 11061.0 28.0 3061.0 0.10204081632653059
37 43 40 0.0 0.0 500.0 0.0 9767.0 31.0 2103.0 0.11429504449342802
37 43 41 0.0 0.0 835.0 0.0 12508.0 19.0 7640.0 0.09122898475172683
37 43 42 0.0 0.0 289.0 0.0 7100.0 12.0 763.0 0.1491742141715503
37 43 43 0.0 0.0 438.0 0.0 8263.0 24.0 1180.0 0.13108614232209737
37 43 44 0.0 0.0 42.0 0.0 1212.0 14.0 8.0 0.4320987654320987
37 43 45 0.0 0.0 2.0 0.0 75.0 1.0 0.0 0.6743737957610789
37 44 36 0.0 0.0 0.0 0.0 6.0 0.0 0.0 0.6979062811565303
37 44 37 0.0 0.0 0.0 0.0 47.0 0.0 0.0 0.6839276990718123
37 44 38 0.0 0.0 23.0 0.0 712.0 9.0 1.0 0.5137614678899082
37 44 39 0.0 0.0 507.0 0.0 9749.0 37.0 2148.0 0.11448196908986832
37 44 40 0.0 0.0 78.0 0.0 2235.0 11.0 40.0 0.3254300325430032
37 44 41 0.0 0.0 188.0 0.0 4386.0 11.0 179.0 0.21328458257160263
37 44 42 0.0 0.0 23.0 0.0 838.0 6.0 2.0 0.49053959355290816
37 44 43 0.0 0.0 44.0 0.0 1051.0 6.0 10.0 0.4532211071544188
37 44 44 0.0 0.0 34.0 0.0 653.0 9.0 2.0 0.5227781926811051
37 44 45 0.0 0.0 11.0 0.0 460.0 2.0 2.0 0.5670311867152693
37 45 36 0.0 0.0 0.0 0.0 2.0 0.0 0.0 0.6993006993006992
37 45 37 0.0 0.0 0.0 0.0 2.0 0.0 0.0 0.6993006993006992
37 45 38 0.0 0.0 0.0 0.0 46.0 0.0 0.0 0.6845965770171147
37 45 39 0.0 0.0 37.0 0.0 1117.0 11.0 6.0 0.44543429844097987
37 45 40 0.0 0.0 25.0 0.0 503.0 2.0 1.0 0.5542359461599367
37 45 41 0.0 0.0 0.0 0.0 57.0 0.0 0.0 0.6806028196402526
37 45 42 0.0 0.0 0.0 0.0 15.0 0.0 0.0 0.694789081885856
37 45 43 0.0 0.0 0.0 0.0 8.0 0.0 0.0 0.697211155378486
37 46 39 0.0 0.0 0.0 0.0 1.0 0.0 0.0 0.6996501749125437
37 46 40 0.0 0.0 0.0 0.0 7.0 0.0 0.0 0.6975585450921773
38 34 38 0.0 0.0 1.0 0.0 16.0 0.0 0.0 0.694100148735746
38 34 39 0.0 0.0 0.0 0.0 3.0 0.0 0.0 0.6989515726410384
38 34 40 0.0 0.0 0.0 0.0 4.0 0.0 0.0 0.6986027944111775
38 34 41 0.0 0.0 0.0 0.0 2.0 0.0 0.0 0.6993006993006992
38 34 42 0.0 0.0 0.0 0.0 2.0 0.0 0.0 0.6993006993006992
38 35 34 0.0 0.0 0.0 0.0 1.0 0.0 0.0 0.6996501749125437
38 35 35 0.0 0.0 62.0 0.0 1445.0 12.0 10.0 0.4005722460658082
38 35 36 0.0 0.0 0.0 0.0 20.0 0.0 0.0 0.6930693069306929
38 35 37 0.0 0.0 0.0 0.0 33.0 1.0 0.0 0.6889763779527558
38 35 38 0.0 0.0 8.0 0.0 132.0 3.0 0.0 0.6551240056153486
38 35 39 0.0 0.0 77.0 0.0 2167.0 12.0 20.0 0.33073470351996215
38 35 40 0.0 0.0 28.0 0.0 899.0 5.0 4.0 0.47928791509756924
38 35 41 0.0 0.0 34.0 0.0 920.0 7.0 4.0 0.47505938242280277
38 35 42 0.0 0.0 23.0 0.0 578.0 5.0 1.0 0.5392912172573189
38 35 43 0.0 0.0 0.0 0.0 18.0 0.0 0.0 0.6937561942517343
38 35 44 0.0 0.0 0.0 0.0 1.0 0.0 0.0 0.6996501749125437
38 35 45 0.0 0.0 0.0 0.0 1.0 0.0 0.0 0.6996501749125437
38 36 34 0.0 0.0 0.0 0.0 2.0 0.0 0.0 0.6993006993006992
38 36 35 0.0 0.0 0.0 0.0 37.0 0.0 0.0 0.6872852233676975
38 36 36 0.0 0.0 53.0 0.0 1579.0 6.0 15.0 0.38610038610038605
38 36 37 0.0 0.0 288.0 0.0 5846.0 20.0 425.0 0.1724562700172456
38 36 38 0.0 0.0 145.0 0.0 3239.0 20.0 75.0 0.2609019754006709
38 36 39 0.0 0.0 263.0 0.0 5762.0 6.0 378.0 0.1745418277022815
38 36 40 0.0 0.0 417.0 0.0 8409.0 22.0 1241.0 0.1294618087664139
38 36 41 0.0 0.0 379.0 0.0 7825.0 21.0 973.0 0.13740308175483362
38 36 42 0.0 0.0 74.0 0.0 2092.0 17.0 34.0 0.3375120540019286
38 36 43 0.0 0.0 6.0 0.0 245.0 3.0 0.0 0.6227758007117437
38 36 44 0.0 0.0 21.0 0.0 429.0 4.0 2.0 0.5723630417007358
38 36 45 0.0 0.0 0.0 0.0 3.0 0.0 0.0 0.6989515726410384
38 37 34 0.0 0.0 39.0 0.0 745.0 7.0 2.0 0.5041411595246669
38 37 35 0.0 0.0 8.0 0.0 198.0 6.0 0.0 0.6363636363636362
38 37 36 0.0 0.0 160.0 0.0 3924.0 16.0 151.0 0.2306045132597595
38 37 37 0.0 0.0 402.0 0.0 8916.0 24.0 1675.0 0.12387188108299414
38 37 38 0.0 0.0 581.0 0.0 10787.0 22.0 3261.0 0.1048532055122828
38 37 39 0.0 0.0 1036.0 0.0 13132.0 28.0 10909.0 0.08666047663262147
38 37 40 0.0 0.0 759.0 0.0 12259.0 30.0 5171.0 0.09333333333333332
38 37 41 0.0 0.0 739.0 0.0 12282.0 31.0 5429.0 0.09331467039925348
38 37 42 0.0 0.0 477.0 0.0 9509.0 26.0 2068.0 0.11692975862356968
38 37 43 0.0 0.0 389.0 0.0 7821.0 21.0 970.0 0.13728181996469893
38 37 44 0.0 0.0 162.0 0.0 3937.0 25.0 123.0 0.2305285690762391
38 37 45 0.0 0.0 26.0 0.0 788.0 3.0 3.0 0.4982206405693949
38 37 46 0.0 0.0 0.0 0.0 1.0 0.0 0.0 0.6996501749125437
38 38 34 0.0 0.0 30.0 0.0 428.0 7.0 0.0 0.5711954304365564
38 38 35 0.0 0.0 15.0 0.0 549.0 8.0 0.0 0.547945205479452
38 38 36 0.0 0.0 273.0 0.0 6172.0 16.0 452.0 0.1660538488909975
38 38 37 0.0 0.0 610.0 0.0 10544.0 25.0 2823.0 0.10655301012253594
38 38 38 0.0 0.0 1525.0 0.0 12860.0 34.0 22508.0 0.08536064874093041
38 38 39 0.0 0.0 1532.0 0.0 13457.0 45.0 19695.0 0.08241596514982044
38 38 40 0.0 0.0 1226.0 0.0 13755.0 29.0 12667.0 0.08249366566495786
38 38 41 0.0 0.0 1602.0 0.0 13059.0 42.0 23097.0 0.08403361344537814
38 38 42 0.0 0.0 1121.0 0.0 13230.0 25.0 11386.0 0.08564262555820638
38 38 43 0.0 0.0 591.0 0.0 10819.0 32.0 3595.0 0.10456344760624392
38 38 44 0.0 0.0 214.0 0.0 4530.0 25.0 226.0 0.20836433993153738
38 38 45 0.0 0.0 38.0 0.0 757.0 9.0 3.0 0.5023322569070685
38 39 34 0.0 0.0 15.0 0.0 312.0 5.0 0.0 0.6029285099052539
38 39 35 0.0 0.0 138.0 0.0 3387.0 13.0 80.0 0.25399129172714074
38 39 36 0.0 0.0 358.0 0.0 7213.0 24.0 636.0 0.14645883460613035
38 39 37 0.0 0.0 841.0 0.0 12542.0 31.0 7446.0 0.0910450673083176
38 39 38 0.0 0.0 1311.0 0.0 13963.0 45.0 13026.0 0.08110300081103
38 39 39 0.0 0.0 2276.0 1.0 11353.0 44.0 42808.0 0.08948545861297538
38 39 40 0.0 0.0 2546.0 0.0 11241.0 60.0 47557.0 0.0886300329197265
38 39 41 0.0 0.0 1465.0 0.0 13675.0 37.0 18477.0 0.08166598611678236
38 39 42 0.0 0.0 1113.0 1.0 13370.0 36.0 10358.0 0.0849772382397572
38 39 43 0.0 0.0 524.0 0.0 10323.0 21.0 2760.0 0.1090427603395903
38 39 44 0.0 0.0 533.0 0.0 9643.0 26.0 1858.0 0.11508425811755034
38 39 45 0.0 0.0 43.0 0.0 712.0 11.0 4.0 0.510204081632653
38 40 34 0.0 0.0 0.0 0.0 23.0 0.0 0.0 0.6920415224913494
38 40 35 0.0 0.0 279.0 0.0 5869.0 19.0 413.0 0.1721382023853436
38 40 36 0.0 0.0 394.0 0.0 7671.0 29.0 825.0 0.13937282229965156
38 40 37 0.0 0.0 559.0 0.0 10568.0 34.0 2998.0 0.10687838766318038
38 40 38 0.0 0.0 1462.0 1.0 13877.0 44.0 15502.0 0.08076612437983154
38 40 39 0.0 0.0 2300.0 1.0 12347.0 52.0 37585.0 0.08401848406649462
38 40 40 0.0 4.0 2291.0 9.0 12449.0 62.0 36210.0 0.08367700675392982
38 40 41 0.0 1.0 2220.0 2.0 12476.0 50.0 35333.0 0.08390267289943663
38 40 42 0.0 0.0 1589.0 2.0 13633.0 44.0 20047.0 0.08130553458388988
38 40 43 0.0 0.0 751.0 1.0 12062.0 30.0 5445.0 0.09460098655314547
38 40 44 0.0 0.0 178.0 0.0 4229.0 17.0 176.0 0.21905805038335158
38 40 45 0.0 0.0 19.0 0.0 594.0 1.0 1.0 0.5359877488514548
38 40 46 0.0 0.0 0.0 0.0 2.0 0.0 0.0 0.6993006993006992
38 41 34 0.0 0.0 0.0 0.0 10.0 0.0 0.0 0.6965174129353233
38 41 35 0.0 0.0 43.0 0.0 1435.0 11.0 13.0 0.40369088811995385
38 41 36 0.0 0.0 215.0 0.0 5431.0 20.0 292.0 0.18355841090861413
38 41 37 0.0 0.0 568.0 0.0 10504.0 22.0 3263.0 0.10724682089780908
38 41 38 0.0 0.0 963.0 6.0 13126.0 36.0 7552.0 0.08709717556302102
38 41 39 0.0 0.0 1913.0 0.0 12749.0 67.0 30072.0 0.08413461538461538
38 41 40 0.0 1.0 2503.0 4.0 11243.0 62.0 47849.0 0.0888719608963372
38 41 41 0.0 0.0 1917.0 5.0 13182.0 51.0 28182.0 0.0818330605564648
38 41 42 0.0 0.0 1420.0 2.0 13638.0 48.0 17521.0 0.08207292765857661
38 41 43 0.0 0.0 702.0 0.0 11538.0 23.0 4437.0 0.09834913944502985
38 41 44 0.0 0.0 299.0 0.0 7263.0 20.0 859.0 0.14667365112624406
38 41 45 0.0 0.0 95.0 0.0 2374.0 20.0 32.0 0.31474820143884885
38 41 46 0.0 0.0 0.0 0.0 3.0 0.0 0.0 0.6989515726410384
38 42 34 0.0 0.0 0.0 0.0 3.0 0.0 0.0 0.6989515726410384
38 42 35 0.0 0.0 17.0 0.0 306.0 6.0 0.0 0.6044905008635577
38 42 36 0.0 0.0 214.0 0.0 4884.0 31.0 251.0 0.19799179748267567
38 42 37 0.0 0.0 301.0 0.0 6276.0 14.0 479.0 0.16349410253415855
38 42 38 0.0 0.0 658.0 3.0 11576.0 24.0 4862.0 0.09839752600506042
38 42 39 0.0 0.0 1682.0 0.0 13461.0 49.0 22631.0 0.0816850458019721
38 42 40 0.0 1.0 1810.0 6.0 12540.0 51.0 28552.0 0.08554319931565439
38 42 41 0.0 0.0 1658.0 2.0 13356.0 43.0 22317.0 0.08225133658421949
38 42 42 0.0 0.0 795.0 3.0 12255.0 27.0 5113.0 0.09304798617572776
38 42 43 0.0 0.0 665.0 0.0 11411.0 23.0 3717.0 0.09950956002558815
38 42 44 0.0 0.0 314.0 0.0 7304.0 15.0 947.0 0.14571190674437964
38 42 45 0.0 0.0 85.0 0.0 2151.0 15.0 30.0 0.3315963998105163
38 42 46 0.0 0.0 2.0 0.0 9.0 0.0 0.0 0.6961710591745399
38 43 34 0.0 0.0 0.0 0.0 1.0 0.0 0.0 0.6996501749125437
38 43 35 0.0 0.0 0.0 0.0 9.0 0.0 0.0 0.6968641114982577
38 43 36 0.0 0.0 23.0 0.0 664.0 8.0 5.0 0.522583053378126
38 43 37 0.0 0.0 264.0 0.0 5443.0 23.0 275.0 0.18219677251431546
38 43 38 0.0 0.0 344.0 0.0 7681.0 23.0 950.0 0.13988808952837725
38 43 39 0.0 0.0 1083.0 0.0 13006.0 37.0 12409.0 0.08704843623702044
38 43 40 0.0 0.0 796.0 3.0 12287.0 26.0 6856.0 0.09285051067780872
38 43 41 0.0 3.0 609.0 7.0 10909.0 38.0 3266.0 0.10369602251685059
38 43 42 0.0 0.0 510.0 1.0 9915.0 31.0 2098.0 0.11289412144181919
38 43 43 0.0 0.0 293.0 0.0 6355.0 21.0 528.0 0.1621684234912545
38 43 44 0.0 0.0 428.0 0.0 9025.0 16.0 1793.0 0.12222804260520341
38 43 45 0.0 0.0 16.0 0.0 383.0 4.0 1.0 0.5845511482254696
38 43 46 0.0 0.0 0.0 0.0 1.0 0.0 0.0 0.6996501749125437
38 44 34 0.0 0.0 0.0 0.0 1.0 0.0 0.0 0.6996501749125437
38 44 35 0.0 0.0 0.0 0.0 4.0 0.0 0.0 0.6986027944111775
38 44 36 0.0 0.0 43.0 0.0 1104.0 5.0 3.0 0.4452926208651399
38 44 37 0.0 0.0 156.0 0.0 3451.0 16.0 89.0 0.25040243248077265
38 44 38 0.0 0.0 198.0 0.0 4234.0 19.0 152.0 0.21830656479026975
38 44 39 0.0 0.0 127.0 0.0 3592.0 15.0 113.0 0.24544179523141652
38 44 40 0.0 0.0 533.0 0.0 9880.0 26.0 2201.0 0.1128850185453959
38 44 41 0.0 0.0 173.0 0.0 3427.0 14.0 70.0 0.25080616266571115
38 44 42 0.0 0.0 230.0 0.0 5375.0 25.0 324.0 0.1846478501714587
38 44 43 0.0 0.0 65.0 0.0 1477.0 13.0 19.0 0.39671294984414845
38 44 44 0.0 0.0 7.0 0.0 325.0 3.0 0.0 0.6011163589523401
38 44 45 0.0 0.0 1.0 0.0 15.0 0.0 0.0 0.6944444444444444
38 45 36 0.0 0.0 0.0 0.0 2.0 0.0 0.0 0.6996501749125437
38 45 37 0.0 0.0 0.0 0.0 25.0 0.0 0.0 0.6913580246913579
38 45 38 0.0 0.0 24.0 0.0 727.0 7.0 4.0 0.510204081632653
38 45 39 0.0 0.0 51.0 0.0 1247.0 10.0 6.0 0.4257907542579075
38 45 40 0.0 0.0 3.0 0.0 146.0 2.0 0.0 0.6520726595249184
38 45 41 0.0 0.0 41.0 0.0 958.0 6.0 3.0 0.4677581022385566
38 45 42 0.0 0.0 0.0 0.0 22.0 0.0 0.0 0.6923837784371908
38 45 43 0.0 0.0 0.0 0.0 28.0 1.0 0.0 0.6913580246913579
38 45 44 0.0 0.0 0.0 0.0 3.0 0.0 0.0 0.6989515726410384
38 46 39 0.0 0.0 0.0 0.0 1.0 0.0 0.0 0.6996501749125437
39 34 38 0.0 0.0 0.0 0.0 2.0 0.0 0.0 0.6993006993006992
39 34 39 0.0 0.0 0.0 0.0 3.0 0.0 0.0 0.6989515726410384
39 34 40 0.0 0.0 0.0 0.0 4.0 0.0 0.0 0.6986027944111775
39 34 41 0.0 0.0 1.0 0.0 21.0 0.0 0.0 0.6923837784371908
39 35 34 0.0 0.0 0.0 0.0 2.0 0.0 0.0 0.6993006993006992
39 35 35 0.0 0.0 0.0 0.0 19.0 0.0 0.0 0.6934125804853887
39 35 36 0.0 0.0 0.0 0.0 47.0 0.0 0.0 0.6839276990718123
39 35 37 0.0 0.0 6.0 0.0 184.0 2.0 0.0 0.639853747714808
39 35 38 0.0 0.0 7.0 0.0 217.0 4.0 0.0 0.6306306306306305
39 35 39 0.0 0.0 90.0 0.0 2586.0 11.0 42.0 0.2999143101970865
39 35 40 0.0 0.0 13.0 0.0 443.0 2.0 3.0 0.5707297187117814
39 35 41 0.0 0.0 127.0 0.0 2893.0 17.0 65.0 0.27972027972027974
39 35 42 0.0 0.0 7.0 0.0 141.0 1.0 0.0 0.6520726595249184
39 35 43 0.0 0.0 0.0 0.0 5.0 0.0 0.0 0.6982543640897755
39 36 34 0.0 0.0 0.0 0.0 6.0 0.0 0.0 0.6979062811565303
39 36 35 0.0 0.0 25.0 0.0 653.0 6.0 2.0 0.5239520958083832
39 36 36 0.0 0.0 238.0 0.0 5477.0 26.0 364.0 0.18203094526069427
39 36 37 0.0 0.0 175.0 0.0 4097.0 20.0 162.0 0.22382094324540364
39 36 38 0.0 0.0 370.0 0.0 7634.0 20.0 854.0 0.1401261135021519
39 36 39 0.0 0.0 326.0 0.0 7186.0 24.0 780.0 0.14747708838091222
39 36 40 0.0 0.0 662.0 0.0 11342.0 26.0 4673.0 0.10008578781812981
39 36 41 0.0 0.0 332.0 0.0 7487.0 21.0 858.0 0.14279885760913913
39 36 42 0.0 0.0 233.0 0.0 5623.0 15.0 385.0 0.17857142857142855
39 36 43 0.0 0.0 35.0 0.0 962.0 8.0 4.0 0.46838407494145196
39 36 44 0.0 0.0 24.0 0.0 593.0 6.0 1.0 0.5363984674329502
39 36 45 0.0 0.0 13.0 0.0 197.0 1.0 0.0 0.6337709370755997
39 37 33 0.0 0.0 0.0 0.0 1.0 0.0 0.0 0.6996501749125437
39 37 34 0.0 0.0 0.0 0.0 16.0 0.0 0.0 0.6944444444444444
39 37 35 0.0 0.0 175.0 0.0 3920.0 15.0 113.0 0.23014959723820477
39 37 36 0.0 0.0 462.0 0.0 9520.0 23.0 1974.0 0.1169981614574628
39 37 37 0.0 0.0 713.0 0.0 11828.0 29.0 5440.0 0.09635237439779765
39 37 38 0.0 0.0 805.0 0.0 12556.0 23.0 7050.0 0.09112803488901906
39 37 39 0.0 0.0 880.0 0.0 12848.0 30.0 7345.0 0.08903586873569065
39 37 40 0.0 0.0 1407.0 0.0 13347.0 34.0 18068.0 0.0835571471202626
39 37 41 0.0 0.0 1291.0 0.0 13273.0 31.0 15393.0 0.08447984552256818
39 37 42 0.0 0.0 549.0 0.0 10388.0 28.0 2509.0 0.10838429976000617
39 37 43 0.0 0.0 627.0 0.0 10988.0 18.0 3484.0 0.10287309868469394
39 37 44 0.0 0.0 163.0 0.0 3592.0 23.0 99.0 0.24411508282476022
39 37 45 0.0 0.0 1.0 0.0 78.0 1.0 0.0 0.6737247353224253
39 38 33 0.0 0.0 0.0 0.0 2.0 0.0 0.0 0.6993006993006992
39 38 34 0.0 0.0 0.0 0.0 39.0 0.0 0.0 0.6866110838646394
39 38 35 0.0 0.0 301.0 0.0 6524.0 20.0 585.0 0.15885623510722796
39 38 36 0.0 0.0 590.0 0.0 10869.0 22.0 3402.0 0.10411244143675168
39 38 37 0.0 0.0 1027.0 0.0 12839.0 35.0 11939.0 0.0882556893399735
39 38 38 0.0 0.0 1429.0 0.0 13523.0 31.0 18335.0 0.08256664307619721
39 38 39 0.0 0.0 1603.0 0.0 13564.0 47.0 20434.0 0.08157557394243095
39 38 40 0.0 0.0 2344.0 1.0 11973.0 53.0 39509.0 0.0857948277975242
39 38 41 0.0 0.0 1380.0 1.0 13863.0 34.0 14043.0 0.08124419684308262
39 38 42 0.0 0.0 1389.0 0.0 13565.0 44.0 17023.0 0.08259587020648966
39 38 43 0.0 0.0 556.0 0.0 10578.0 24.0 3081.0 0.10664229128580133
39 38 44 0.0 0.0 474.0 0.0 9489.0 21.0 2013.0 0.11711560983771122
39 38 45 0.0 0.0 0.0 0.0 138.0 0.0 0.0 0.6548175865294666
39 38 46 0.0 0.0 0.0 0.0 4.0 0.0 0.0 0.6986027944111775
39 39 34 0.0 0.0 0.0 0.0 66.0 0.0 0.0 0.6776379477250725
39 39 35 0.0 0.0 288.0 0.0 6397.0 18.0 527.0 0.16145773267212546
39 39 36 0.0 0.0 811.0 0.0 12432.0 29.0 6393.0 0.09188763454975057
39 39 37 0.0 0.0 1071.0 0.0 13259.0 20.0 10966.0 0.0856898029134533
39 39 38 0.0 0.0 1953.0 2.0 12850.0 49.0 30413.0 0.08334821694350181
39 39 39 2.0 1.0 2680.0 15.0 10995.0 69.0 51904.0 0.0892458723784025
39 39 40 0.0 4.0 2951.0 29.0 11609.0 62.0 52088.0 0.08444417636769407
39 39 41 0.0 5.0 2961.0 32.0 10413.0 61.0 58741.0 0.09076175040518637
39 39 42 1.0 0.0 1564.0 4.0 13993.0 44.0 17696.0 0.07972211149706736
39 39 43 0.0 0.0 757.0 0.0 12046.0 34.0 5148.0 0.09469056476158268
39 39 44 0.0 0.0 329.0 0.0 6959.0 20.0 731.0 0.15095967220185463
39 39 45 0.0 0.0 19.0 0.0 473.0 7.0 3.0 0.5633802816901408
39 39 46 0.0 0.0 0.0 0.0 8.0 0.0 0.0 0.697211155378486
39 40 34 0.0 0.0 19.0 0.0 355.0 5.0 0.0 0.590966652596032
39 40 35 0.0 0.0 170.0 0.0 3930.0 17.0 127.0 0.23022529189278074
39 40 36 0.0 0.0 698.0 0.0 11707.0 23.0 4548.0 0.09719522354901415
39 40 37 0.0 0.0 1375.0 1.0 13567.0 45.0 16315.0 0.08262511803588289
39 40 38 0.0 1.0 2004.0 14.0 12792.0 45.0 31407.0 0.08330358205402831
39 40 39 0.0 1.0 2913.0 5.0 11042.0 61.0 54434.0 0.08781283321834032
39 40 40 0.0 15.0 3265.0 56.0 8190.0 67.0 82207.0 0.10351201478743068
39 40 41 0.0 14.0 2771.0 119.0 12327.0 57.0 43739.0 0.08118295158016817
39 40 42 0.0 13.0 1334.0 135.0 13699.0 44.0 14471.0 0.08155656530350691
39 40 43 0.0 0.0 1157.0 0.0 13350.0 38.0 13119.0 0.08486391465114869
39 40 44 0.0 0.0 611.0 0.0 11015.0 16.0 3862.0 0.10281266064478226
39 40 45 0.0 0.0 33.0 0.0 870.0 10.0 3.0 0.4839267196681645
39 40 46 0.0 0.0 1.0 0.0 15.0 2.0 0.0 0.6951340615690167
39 41 34 0.0 0.0 0.0 0.0 24.0 0.0 0.0 0.6916996047430829
39 41 35 0.0 0.0 157.0 0.0 3387.0 14.0 74.0 0.2531187850298318
39 41 36 0.0 0.0 426.0 0.0 9132.0 23.0 1806.0 0.12130664587124164
39 41 37 0.0 0.0 834.0 0.0 12482.0 22.0 7795.0 0.09141364675155075
39 41 38 0.0 0.0 973.0 3.0 13219.0 45.0 8504.0 0.08658544127651678
39 41 39 1.0 2.0 2302.0 14.0 12337.0 49.0 38198.0 0.08399832003359932
39 41 40 1.0 11.0 2947.0 65.0 10463.0 78.0 59918.0 0.09044511919374636
39 41 41 0.0 8.0 2474.0 80.0 12131.0 53.0 40565.0 0.08382229673093042
39 41 42 0.0 15.0 1684.0 104.0 13085.0 52.0 24143.0 0.08297771455666192
39 41 43 0.0 0.0 1348.0 3.0 13267.0 34.0 17704.0 0.08420039694472845
39 41 44 0.0 0.0 316.0 0.0 7200.0 18.0 816.0 0.14735291021997685
39 41 45 0.0 0.0 26.0 0.0 824.0 6.0 0.0 0.4922644163150492
39 41 46 0.0 0.0 0.0 0.0 17.0 0.0 0.0 0.694100148735746
39 42 34 0.0 0.0 0.0 0.0 3.0 0.0 0.0 0.6989515726410384
39 42 35 0.0 0.0 128.0 0.0 2469.0 18.0 33.0 0.3057436121423891
39 42 36 0.0 0.0 247.0 0.0 5476.0 20.0 326.0 0.18160591516409386
39 42 37 0.0 0.0 1039.0 0.0 12939.0 39.0 11464.0 0.08766437069505321
39 42 38 0.0 0.0 825.0 0.0 12406.0 33.0 6655.0 0.0919781880296958
39 42 39 0.0 14.0 1153.0 159.0 13735.0 34.0 10418.0 0.08207292765857661
39 42 40 0.0 3.0 1774.0 66.0 13613.0 47.0 23757.0 0.0802062446290461
39 42 41 0.0 17.0 1848.0 143.0 12577.0 53.0 28853.0 0.08442889880593413
39 42 42 0.0 3.0 878.0 54.0 12647.0 22.0 7272.0 0.08983572895277206
39 42 43 0.0 0.0 979.0 0.0 12967.0 36.0 10385.0 0.08789001192793018
39 42 44 0.0 0.0 504.0 0.0 10031.0 21.0 2525.0 0.11170509853985476
39 42 45 0.0 0.0 7.0 0.0 296.0 0.0 0.0 0.6081668114682883
39 43 35 0.0 0.0 0.0 0.0 36.0 0.0 0.0 0.6876227897838899
39 43 36 0.0 0.0 61.0 0.0 1554.0 11.0 10.0 0.3885650846516791
39 43 37 0.0 0.0 739.0 0.0 11935.0 23.0 5368.0 0.09543936191969458
39 43 38 0.0 0.0 643.0 0.0 11109.0 30.0 3595.0 0.10190711894016596
39 43 39 0.0 0.0 983.0 5.0 12946.0 36.0 8875.0 0.08793417498900821
39 43 40 0.0 0.0 607.0 2.0 10900.0 17.0 3634.0 0.10361927318481237
39 43 41 0.0 0.0 833.0 0.0 12275.0 26.0 6941.0 0.09269681520227768
39 43 42 0.0 0.0 578.0 2.0 10579.0 26.0 2922.0 0.10650437428680105
39 43 43 0.0 0.0 474.0 0.0 8784.0 25.0 1446.0 0.12452192475317973
39 43 44 0.0 0.0 145.0 0.0 3407.0 8.0 84.0 0.2526163839769036
39 43 45 0.0 0.0 22.0 0.0 541.0 4.0 2.0 0.5473025801407349
39 43 46 0.0 0.0 0.0 0.0 1.0 0.0 0.0 0.0
39 44 34 0.0 0.0 0.0 0.0 2.0 0.0 0.0 0.6993006993006992
39 44 35 0.0 0.0 42.0 0.0 801.0 6.0 0.0 0.49347902714134645
39 44 36 0.0 0.0 24.0 0.0 596.0 3.0 0.0 0.5349636988918608
39 44 37 0.0 0.0 176.0 0.0 3939.0 25.0 128.0 0.22980958634274457
39 44 38 0.0 0.0 235.0 0.0 5951.0 16.0 491.0 0.17125382262996938
39 44 39 0.0 0.0 288.0 0.0 6625.0 14.0 585.0 0.15719739501459687
39 44 40 0.0 0.0 364.0 0.0 6988.0 15.0 635.0 0.14989293361884368
39 44 41 0.0 0.0 272.0 0.0 6155.0 25.0 474.0 0.1665278934221482
39 44 42 0.0 0.0 236.0 0.0 5703.0 17.0 389.0 0.17663386323492303
39 44 43 0.0 0.0 205.0 0.0 4320.0 22.0 149.0 0.2151529122483479
39 44 44 0.0 0.0 11.0 0.0 345.0 3.0 1.0 0.594732370433305
39 44 45 0.0 0.0 0.0 0.0 29.0 0.0 0.0 0.6899950714637751
39 45 35 0.0 0.0 0.0 0.0 1.0 0.0 0.0 0.6996501749125437
39 45 36 0.0 0.0 0.0 0.0 7.0 0.0 0.0 0.6975585450921773
39 45 37 0.0 0.0 1.0 0.0 34.0 0.0 0.0 0.6879606879606879
39 45 38 0.0 0.0 9.0 0.0 212.0 6.0 0.0 0.6320541760722347
39 45 39 0.0 0.0 10.0 0.0 226.0 4.0 0.0 0.6272401433691756
39 45 40 0.0 0.0 14.0 0.0 386.0 6.0 1.0 0.5850396991224404
39 45 41 0.0 0.0 31.0 0.0 938.0 4.0 1.0 0.4723346828609986
39 45 42 0.0 0.0 4.0 0.0 109.0 0.0 0.0 0.6628787878787878
39 45 43 0.0 0.0 0.0 0.0 9.0 0.0 0.0 0.6968641114982577
39 45 44 0.0 0.0 0.0 0.0 7.0 0.0 0.0 0.6975585450921773
39 45 45 0.0 0.0 0.0 0.0 1.0 0.0 0.0 0.6996501749125437
39 46 37 0.0 0.0 0.0 0.0 1.0 0.0 0.0 0.6996501749125437
39 46 40 0.0 0.0 0.0 0.0 2.0 0.0 0.0 0.6993006993006992
39 46 42 0.0 0.0 1.0 0.0 5.0 0.0 0.0 0.6979062811565303
40 34 38 0.0 0.0 0.0 0.0 2.0 0.0 0.0 0.6993006993006992
40 34 39 0.0 0.0 7.0 0.0 117.0 2.0 0.0 0.66006600660066
40 34 40 0.0 0.0 3.0 0.0 44.0 1.0 0.0 0.6842619745845552
40 34 41 0.0 0.0 0.0 0.0 16.0 0.0 0.0 0.6944444444444444
40 34 42 0.0 0.0 0.0 0.0 3.0 0.0 0.0 0.6989515726410384
40 35 35 0.0 0.0 1.0 0.0 46.0 1.0 0.0 0.6842619745845552
40 35 36 0.0 0.0 8.0 0.0 176.0 3.0 0.0 0.6419073819348922
40 35 37 0.0 0.0 14.0 0.0 360.0 5.0 1.0 0.590966652596032
40 35 38 0.0 0.0 74.0 0.0 1446.0 18.0 9.0 0.39988574692944867
40 35 39 0.0 0.0 73.0 0.0 1731.0 14.0 22.0 0.3693931398416886
40 35 40 0.0 0.0 150.0 0.0 3281.0 19.0 81.0 0.258636615555145
40 35 41 0.0 0.0 2.0 0.0 166.0 1.0 1.0 0.6463527239150507
40 35 42 0.0 0.0 10.0 0.0 181.0 2.0 0.0 0.639561443581544
40 35 43 0.0 0.0 0.0 0.0 7.0 0.0 0.0 0.6975585450921773
40 35 44 0.0 0.0 8.0 0.0 113.0 0.0 0.0 0.66006600660066
40 36 34 0.0 0.0 0.0 0.0 7.0 0.0 0.0 0.6975585450921773
40 36 35 0.0 0.0 42.0 0.0 1075.0 7.0 2.0 0.45016077170418
40 36 36 0.0 0.0 429.0 0.0 8300.0 21.0 1189.0 0.13065795613625755
40 36 37 0.0 0.0 313.0 0.0 6845.0 17.0 620.0 0.15310586176727906
40 36 38 0.0 0.0 284.0 0.0 6485.0 21.0 618.0 0.16001828780432048
40 36 39 0.0 0.0 626.0 0.0 11206.0 32.0 3907.0 0.10137581462708181
40 36 40 0.0 0.0 276.0 0.0 6214.0 27.0 526.0 0.16544552115339162
40 36 41 0.0 0.0 498.0 0.0 8950.0 23.0 1394.0 0.12248468941382326
40 36 42 0.0 0.0 57.0 0.0 1736.0 9.0 17.0 0.3701745108408249
40 36 43 0.0 0.0 77.0 0.0 2117.0 17.0 33.0 0.3352490421455938
40 36 44 0.0 0.0 29.0 0.0 728.0 7.0 5.0 0.5092761004001454
40 36 45 0.0 0.0 0.0 0.0 5.0 0.0 0.0 0.6982543640897755
40 37 34 0.0 0.0 10.0 0.0 207.0 3.0 0.0 0.6323396567299006
40 37 35 0.0 0.0 59.0 0.0 1608.0 13.0 16.0 0.3831417624521072
40 37 36 0.0 0.0 703.0 0.0 11644.0 21.0 4486.0 0.09760858955588092
40 37 37 0.0 0.0 449.0 0.0 9257.0 27.0 1867.0 0.11982197877439231
40 37 38 0.0 0.0 938.0 0.0 13129.0 31.0 8456.0 0.087173100871731
40 37 39 0.0 0.0 1158.0 0.0 13573.0 39.0 12847.0 0.08374708380690314
40 37 40 0.0 0.0 1080.0 0.0 13402.0 36.0 9775.0 0.08502884907379288
40 37 41 0.0 0.0 746.0 0.0 11758.0 30.0 4193.0 0.09660502346121998
40 37 42 0.0 0.0 663.0 1.0 11181.0 21.0 3277.0 0.10119262739428984
40 37 43 0.0 0.0 469.0 0.0 9330.0 17.0 1883.0 0.11869436201780414
40 37 44 0.0 0.0 37.0 0.0 874.0 9.0 8.0 0.48259220958290233
40 37 45 0.0 0.0 41.0 0.0 1140.0 6.0 5.0 0.4409448818897637
40 37 46 0.0 0.0 0.0 0.0 1.0 0.0 0.0 0.6996501749125437
40 38 34 0.0 0.0 18.0 0.0 342.0 6.0 0.0 0.5949851253718657
40 38 35 0.0 0.0 154.0 0.0 3857.0 18.0 149.0 0.2336448598130841
40 38 36 0.0 0.0 662.0 0.0 11419.0 25.0 3399.0 0.09953078344945257
40 38 37 0.0 0.0 1487.0 0.0 12870.0 42.0 21986.0 0.08560073372057474
40 38 38 0.0 0.0 2018.0 0.0 11584.0 47.0 38323.0 0.08970908624887863
40 38 39 0.0 1.0 1956.0 6.0 13212.0 46.0 29078.0 0.08152806894945258
40 38 40 0.0 0.0 2137.0 0.0 13498.0 48.0 29527.0 0.07936957877430692
40 38 41 0.0 0.0 2104.0 2.0 12872.0 40.0 32018.0 0.08231420507996236
40 38 42 0.0 0.0 1578.0 1.0 13632.0 47.0 19979.0 0.08135278052181996
40 38 43 0.0 0.0 750.0 1.0 12003.0 29.0 4632.0 0.09497964721845319
40 38 44 0.0 0.0 358.0 0.0 7152.0 26.0 729.0 0.1474615546661049
40 38 45 0.0 0.0 56.0 0.0 1255.0 10.0 9.0 0.4241139048773099
40 38 46 0.0 0.0 1.0 0.0 13.0 0.0 0.0 0.6951340615690167
40 39 34 0.0 0.0 1.0 0.0 79.0 1.0 0.0 0.6737247353224253
40 39 35 0.0 0.0 459.0 0.0 8777.0 16.0 1248.0 0.12463277842072464
40 39 36 0.0 0.0 761.0 0.0 12069.0 40.0 4721.0 0.09456264775413711
40 39 37 0.0 0.0 1442.0 0.0 13463.0 53.0 18448.0 0.08289419148558232
40 39 38 0.0 0.0 2250.0 0.0 12542.0 51.0 36426.0 0.08330358205402831
40 39 39 0.0 6.0 2918.0 30.0 10724.0 62.0 56268.0 0.08924018357980622
40 39 40 0.0 3.0 3027.0 22.0 11662.0 60.0 51086.0 0.08380222674488207
40 39 41 0.0 6.0 2946.0 46.0 11630.0 58.0 49108.0 0.08414472893376607
40 39 42 0.0 2.0 2317.0 7.0 12255.0 68.0 38132.0 0.08451044307618012
40 39 43 0.0 0.0 1141.0 0.0 13627.0 31.0 10005.0 0.08352723584511663
40 39 44 0.0 0.0 514.0 0.0 9901.0 15.0 2096.0 0.11284862163469289
40 39 45 0.0 0.0 233.0 0.0 5208.0 23.0 286.0 0.1886284020479655
40 39 46 0.0 0.0 1.0 0.0 20.0 1.0 0.0 0.6930693069306929
40 40 34 0.0 0.0 5.0 0.0 195.0 0.0 0.0 0.6369426751592355
40 40 35 0.0 0.0 325.0 0.0 7087.0 16.0 776.0 0.14887282007656313
40 40 36 0.0 0.0 911.0 0.0 12661.0 30.0 8487.0 0.08992228145674096
40 40 37 0.0 0.0 1335.0 0.0 13219.0 36.0 17361.0 0.08451554482342287
40 40 38 0.0 0.0 2371.0 0.0 11577.0 58.0 42369.0 0.0877302920165434
40 40 39 0.0 18.0 3182.0 112.0 10493.0 70.0 61366.0 0.08857956342929452
40 40 40 6.0 84.0 2749.0 277.0 5655.0 68.0 106071.0 0.13005109150023222
40 40 41 0.0 9.0 3283.0 50.0 8844.0 72.0 76400.0 0.09850137198339547
40 40 42 0.0 19.0 2180.0 142.0 12601.0 51.0 34451.0 0.08265926669421975
40 40 43 0.0 0.0 1195.0 1.0 13378.0 29.0 13803.0 0.08450024142926121
40 40 44 0.0 0.0 280.0 0.0 6707.0 14.0 612.0 0.15598885793871867
40 40 45 0.0 0.0 165.0 0.0 3633.0 22.0 96.0 0.242382271468144
40 40 46 0.0 0.0 4.0 0.0 69.0 2.0 0.0 0.6760019314340897
40 41 34 0.0 0.0 0.0 0.0 47.0 0.0 0.0 0.6839276990718123
40 41 35 0.0 0.0 297.0 0.0 5804.0 26.0 360.0 0.17328877336303994
40 41 36 0.0 0.0 529.0 0.0 10034.0 25.0 2418.0 0.11157156518967165
40 41 37 0.0 0.0 1070.0 0.0 13000.0 42.0 11883.0 0.08720024914356897
40 41 38 0.0 0.0 1786.0 2.0 13632.0 43.0 23833.0 0.08032589362556657
40 41 39 0.0 5.0 2635.0 26.0 12521.0 48.0 40881.0 0.08139061682460322
40 41 40 0.0 44.0 2957.0 226.0 11302.0 76.0 51844.0 0.08472012102874431
40 41 41 0.0 672.0 2313.0 4626.0 8717.0 46.0 47097.0 0.07630675314765356
40 41 42 0.0 9.0 2102.0 96.0 12227.0 47.0 35186.0 0.08516333110286513
40 41 43 0.0 0.0 723.0 2.0 11827.0 25.0 4161.0 0.09633248469001582
40 41 44 0.0 0.0 558.0 0.0 10674.0 24.0 3409.0 0.10593220338983049
40 41 45 0.0 0.0 55.0 0.0 1559.0 12.0 11.0 0.38867295946696273
40 41 46 0.0 0.0 0.0 0.0 6.0 0.0 0.0 0.6979062811565303
40 42 34 0.0 0.0 12.0 0.0 219.0 4.0 0.0 0.6286484059272563
40 42 35 0.0 0.0 48.0 0.0 1334.0 15.0 11.0 0.41580041580041577
40 42 36 0.0 0.0 216.0 0.0 5509.0 24.0 347.0 0.18174737115409578
40 42 37 0.0 0.0 550.0 0.0 10090.0 25.0 2125.0 0.11084718923198733
40 42 38 0.0 0.0 1613.0 0.0 13108.0 48.0 22738.0 0.08380724334031725
40 42 39 0.0 3.0 1597.0 27.0 13799.0 44.0 19669.0 0.08042279411764705
40 42 40 0.0 7.0 2421.0 38.0 12100.0 63.0 40302.0 0.0845359579735523
40 42 41 0.0 15.0 1574.0 193.0 13479.0 39.0 19708.0 0.08115471566865688
40 42 42 0.0 7.0 999.0 156.0 13256.0 34.0 7755.0 0.08524630091944223
40 42 43 0.0 0.0 1148.0 0.0 13166.0 25.0 14070.0 0.08578431372549018
40 42 44 0.0 0.0 488.0 0.0 9692.0 14.0 2260.0 0.1149614058137625
40 42 45 0.0 0.0 19.0 0.0 534.0 6.0 0.0 0.5496662740478994
40 42 46 0.0 0.0 0.0 0.0 1.0 0.0 0.0 0.6996501749125437
40 43 34 0.0 0.0 0.0 0.0 1.0 0.0 0.0 0.6996501749125437
40 43 35 0.0 0.0 3.0 0.0 111.0 1.0 0.0 0.6628787878787878
40 43 36 0.0 0.0 364.0 0.0 7806.0 18.0 1068.0 0.13776815587482777
40 43 37 0.0 0.0 396.0 0.0 7701.0 26.0 874.0 0.1389854065323141
40 43 38 0.0 0.0 995.0 0.0 12982.0 24.0 8771.0 0.08759306763436149
40 43 39 0.0 0.0 883.0 0.0 12731.0 28.0 6849.0 0.08966312283847827
40 43 40 0.0 0.0 759.0 9.0 11839.0 20.0 4527.0 0.09590354843129195
40 43 41 0.0 0.0 1135.0 0.0 13144.0 25.0 13697.0 0.08597396217145663
40 43 42 0.0 0.0 751.0 2.0 11983.0 19.0 5176.0 0.09502477431616099
40 43 43 0.0 0.0 402.0 0.0 8192.0 20.0 1155.0 0.13228763110649153
40 43 44 0.0 0.0 451.0 0.0 8889.0 26.0 1540.0 0.12369676621311183
40 43 45 0.0 0.0 5.0 0.0 291.0 2.0 0.0 0.6102877070619005
40 43 46 0.0 0.0 0.0 0.0 2.0 0.0 0.0 0.6993006993006992
40 44 34 0.0 0.0 0.0 0.0 1.0 0.0 0.0 0.6996501749125437
40 44 35 0.0 0.0 0.0 0.0 37.0 1.0 0.0 0.6876227897838899
40 44 36 0.0 0.0 57.0 0.0 1622.0 11.0 17.0 0.3815753611338239
40 44 37 0.0 0.0 17.0 0.0 723.0 6.0 3.0 0.5124450951683748
40 44 38 0.0 0.0 265.0 0.0 5209.0 26.0 231.0 0.18796992481203004
40 44 39 0.0 0.0 262.0 0.0 5468.0 24.0 284.0 0.18165304268846502
40 44 40 0.0 0.0 311.0 0.0 7154.0 14.0 781.0 0.14808546646921936
40 44 41 0.0 0.0 421.0 1.0 8700.0 24.0 1468.0 0.12605798667386997
40 44 42 0.0 0.0 151.0 0.0 3542.0 15.0 97.0 0.24660912453760783
40 44 43 0.0 0.0 131.0 0.0 2840.0 24.0 42.0 0.2829997978572872
40 44 44 0.0 0.0 90.0 0.0 1967.0 25.0 22.0 0.3471361269526407
40 44 45 0.0 0.0 22.0 0.0 657.0 4.0 1.0 0.5233644859813084
40 44 46 0.0 0.0 0.0 0.0 1.0 0.0 0.0 0.6996501749125437
40 45 35 0.0 0.0 0.0 0.0 2.0 0.0 0.0 0.6993006993006992
40 45 36 0.0 0.0 0.0 0.0 10.0 0.0 0.0 0.6965174129353233
40 45 37 0.0 0.0 0.0 0.0 13.0 0.0 0.0 0.6958250497017892
40 45 38 0.0 0.0 17.0 0.0 429.0 3.0 0.0 0.5730659025787964
40 45 39 0.0 0.0 7.0 0.0 98.0 1.0 0.0 0.6657156443176413
40 45 40 0.0 0.0 3.0 0.0 137.0 0.0 0.0 0.6542056074766354
40 45 41 0.0 0.0 43.0 0.0 1360.0 12.0 16.0 0.4128575641403715
40 45 42 0.0 0.0 35.0 0.0 879.0 8.0 2.0 0.48176187198898823
40 45 43 0.0 0.0 2.0 0.0 46.0 1.0 0.0 0.6839276990718123
40 45 44 0.0 0.0 1.0 0.0 38.0 0.0 0.0 0.6866110838646394
40 45 45 0.0 0.0 0.0 0.0 1.0 0.0 0.0 0.6996501749125437
40 45 46 0.0 0.0 1.0 0.0 31.0 1.0 0.0 0.6893156080748399
40 46 38 0.0 0.0 2.0 0.0 61.0 2.0 0.0 0.6792819019893255
40 46 40 0.0 0.0 0.0 0.0 4.0 0.0 0.0 0.6986027944111775
40 46 41 0.0 0.0 0.0 0.0 1.0 0.0 0.0 0.6996501749125437
41 34 37 0.0 0.0 0.0 0.0 6.0 0.0 0.0 0.6979062811565303
41 34 38 0.0 0.0 0.0 0.0 1.0 0.0 0.0 0.6996501749125437
41 34 39 0.0 0.0 0.0 0.0 12.0 0.0 0.0 0.6958250497017892
41 34 40 0.0 0.0 0.0 0.0 13.0 0.0 0.0 0.6958250497017892
41 34 41 0.0 0.0 8.0 0.0 123.0 1.0 0.0 0.6572769953051641
41 35 35 0.0 0.0 1.0 0.0 37.0 0.0 0.0 0.6872852233676975
41 35 36 0.0 0.0 13.0 0.0 263.0 4.0 0.0 0.6167400881057268
41 35 37 0.0 0.0 27.0 0.0 746.0 7.0 3.0 0.5063291139240506
41 35 38 0.0 0.0 64.0 0.0 1544.0 9.0 24.0 0.3889969435954431
41 35 39 0.0 0.0 15.0 0.0 564.0 2.0 1.0 0.5434782608695652
41 35 40 0.0 0.0 308.0 0.0 6354.0 20.0 500.0 0.16196205460434981
41 35 41 0.0 0.0 13.0 0.0 283.0 2.0 0.0 0.6102877070619005
41 35 42 0.0 0.0 26.0 0.0 482.0 6.0 1.0 0.559552358113509
41 35 43 0.0 0.0 0.0 0.0 17.0 0.0 0.0 0.694100148735746
41 35 44 0.0 0.0 0.0 0.0 19.0 0.0 0.0 0.6934125804853887
41 36 34 0.0 0.0 0.0 0.0 2.0 0.0 0.0 0.6993006993006992
41 36 35 0.0 0.0 9.0 0.0 281.0 2.0 0.0 0.6118881118881118
41 36 36 0.0 0.0 173.0 0.0 4417.0 13.0 221.0 0.21279829761361907
41 36 37 0.0 0.0 441.0 0.0 8981.0 20.0 1661.0 0.12268863377442817
41 36 38 0.0 0.0 248.0 0.0 5847.0 28.0 419.0 0.1734820322180917
41 36 39 0.0 0.0 516.0 0.0 9688.0 27.0 1939.0 0.11491422473939095
41 36 40 0.0 0.0 492.0 0.0 9102.0 19.0 1601.0 0.1208563535911602
41 36 41 0.0 0.0 252.0 0.0 5370.0 19.0 294.0 0.18399264029438817
41 36 42 0.0 0.0 128.0 0.0 3029.0 17.0 65.0 0.2724265421288188
41 36 43 0.0 0.0 236.0 0.0 5675.0 22.0 410.0 0.17730496453900704
41 36 44 0.0 0.0 0.0 0.0 65.0 0.0 0.0 0.6782945736434108
41 36 45 0.0 0.0 0.0 0.0 9.0 0.0 0.0 0.6968641114982577
41 37 33 0.0 0.0 0.0 0.0 2.0 0.0 0.0 0.6993006993006992
41 37 34 0.0 0.0 0.0 0.0 5.0 0.0 0.0 0.6982543640897755
41 37 35 0.0 0.0 50.0 0.0 1484.0 9.0 11.0 0.3971631205673758
41 37 36 0.0 0.0 550.0 0.0 10592.0 23.0 3511.0 0.10663416863432096
41 37 37 0.0 0.0 1228.0 0.0 13199.0 37.0 15689.0 0.08527226215129735
41 37 38 0.0 0.0 1039.0 0.0 13371.0 29.0 9465.0 0.08527745629530364
41 37 39 0.0 0.0 1473.0 0.0 13248.0 37.0 20177.0 0.08366700531883105
41 37 40 0.0 0.0 661.0 0.0 11477.0 25.0 4129.0 0.09910101224605364
41 37 41 0.0 0.0 968.0 1.0 13147.0 34.0 8622.0 0.08693492300049675
41 37 42 0.0 0.0 700.0 1.0 11922.0 22.0 5744.0 0.0957657842533689
41 37 43 0.0 0.0 427.0 0.0 8656.0 19.0 1336.0 0.12643366747945453
41 37 44 0.0 0.0 162.0 0.0 3761.0 18.0 104.0 0.23704707077548254
41 37 45 0.0 0.0 2.0 0.0 58.0 1.0 0.0 0.6799417192812044
41 37 46 0.0 0.0 0.0 0.0 5.0 0.0 0.0 0.6982543640897755
41 38 34 0.0 0.0 32.0 0.0 946.0 4.0 5.0 0.47074646940147946
41 38 35 0.0 0.0 172.0 0.0 3701.0 22.0 97.0 0.2392344497607655
41 38 36 0.0 0.0 526.0 0.0 9824.0 27.0 2189.0 0.11347057869995136
41 38 37 0.0 0.0 750.0 0.0 12195.0 19.0 6107.0 0.0936830835117773
41 38 38 0.0 0.0 1794.0 0.0 12552.0 32.0 29317.0 0.08555888284544398
41 38 39 0.0 0.0 1509.0 1.0 13537.0 38.0 19824.0 0.08211625315267757
41 38 40 0.0 0.0 1513.0 1.0 13637.0 43.0 19356.0 0.08161837579432168
41 38 41 0.0 17.0 1587.0 217.0 13730.0 38.0 19276.0 0.07979936160510716
41 38 42 0.0 1.0 1519.0 4.0 13370.0 50.0 19662.0 0.08294821661334281
41 38 43 0.0 0.0 921.0 0.0 12842.0 29.0 7717.0 0.0888437618987181
41 38 44 0.0 0.0 258.0 0.0 5750.0 19.0 420.0 0.17513134851138348
41 38 45 0.0 0.0 16.0 0.0 496.0 6.0 1.0 0.5586592178770949
41 38 46 0.0 0.0 0.0 0.0 12.0 0.0 0.0 0.6958250497017892
41 39 34 0.0 0.0 1.0 0.0 59.0 0.0 0.0 0.6799417192812044
41 39 35 0.0 0.0 210.0 0.0 4896.0 20.0 258.0 0.19757267852102733
41 39 36 0.0 0.0 537.0 0.0 10101.0 23.0 2424.0 0.1108998732572877
41 39 37 0.0 0.0 1247.0 0.0 13792.0 38.0 11862.0 0.08225616921269095
41 39 38 0.0 1.0 2047.0 1.0 12767.0 42.0 32156.0 0.08316008316008315
41 39 39 0.0 0.0 2877.0 8.0 9565.0 69.0 65369.0 0.09687910871219983
41 39 40 0.0 3.0 2823.0 25.0 11465.0 59.0 50197.0 0.08575803981623276
41 39 41 0.0 0.0 3003.0 6.0 9843.0 72.0 65087.0 0.09422533315385649
41 39 42 0.0 0.0 2242.0 1.0 12219.0 49.0 36846.0 0.08504951096531194
41 39 43 0.0 0.0 1214.0 0.0 13444.0 43.0 13903.0 0.08409923709977772
41 39 44 0.0 0.0 580.0 0.0 10589.0 17.0 3017.0 0.10631027412863542
41 39 45 0.0 0.0 127.0 0.0 2855.0 17.0 44.0 0.2818602778337024
41 39 46 0.0 0.0 0.0 0.0 16.0 0.0 0.0 0.6944444444444444
41 40 33 0.0 0.0 1.0 0.0 8.0 0.0 0.0 0.6968641114982577
41 40 34 0.0 0.0 28.0 0.0 779.0 9.0 5.0 0.5003573981415296
41 40 35 0.0 0.0 292.0 0.0 6913.0 21.0 697.0 0.15235607791925126
41 40 36 0.0 0.0 846.0 0.0 12593.0 32.0 7048.0 0.0907205806117159
41 40 37 0.0 0.0 1463.0 0.0 13427.0 34.0 18554.0 0.08280104092737164
41 40 38 0.0 0.0 2109.0 1.0 12886.0 62.0 32322.0 0.0824742268041237
41 40 39 0.0 0.0 3007.0 7.0 10969.0 70.0 55700.0 0.08768084173608065
41 40 40 0.0 7.0 2859.0 49.0 12244.0 55.0 45726.0 0.08157557394243095
41 40 41 0.0 13.0 3073.0 57.0 9168.0 54.0 71927.0 0.09769032168027351
41 40 42 0.0 4.0 2329.0 44.0 12346.0 57.0 38473.0 0.08372204281784475
41 40 43 0.0 0.0 925.0 1.0 12792.0 37.0 7083.0 0.0891208861162391
41 40 44 0.0 0.0 612.0 0.0 10689.0 33.0 3095.0 0.10543756589847866
41 40 45 0.0 0.0 37.0 0.0 1009.0 7.0 2.0 0.46082949308755755
41 40 46 0.0 0.0 0.0 0.0 3.0 0.0 0.0 0.6989515726410384
41 41 34 0.0 0.0 6.0 0.0 203.0 1.0 1.0 0.6340579710144926
41 41 35 0.0 0.0 272.0 0.0 6748.0 19.0 640.0 0.15555555555555553
41 41 36 0.0 0.0 1074.0 0.0 13234.0 33.0 10869.0 0.085831647354546
41 41 37 0.0 0.0 1612.0 0.0 13008.0 44.0 24428.0 0.08415990381725277
41 41 38 0.0 0.0 2054.0 0.0 12517.0 64.0 33599.0 0.08451044307618012
41 41 39 0.0 14.0 3048.0 36.0 10316.0 78.0 62157.0 0.0909090909090909
41 41 40 0.0 15.0 3030.0 76.0 10191.0 58.0 61698.0 0.09148532967392013
41 41 41 0.0 24.0 2606.0 154.0 11470.0 63.0 46557.0 0.0860849781713091
41 41 42 0.0 3.0 1488.0 57.0 13804.0 40.0 17171.0 0.08067304367869078
41 41 43 0.0 0.0 1033.0 1.0 13310.0 25.0 9600.0 0.08563738683631024
41 41 44 0.0 0.0 381.0 0.0 8339.0 24.0 1207.0 0.1307555804613804
41 41 45 0.0 0.0 64.0 0.0 1508.0 10.0 14.0 0.39303761931499154
41 41 46 0.0 0.0 4.0 0.0 49.0 0.0 0.0 0.6819288845591815
41 42 34 0.0 0.0 0.0 0.0 20.0 0.0 0.0 0.6930693069306929
41 42 35 0.0 0.0 270.0 0.0 5933.0 17.0 426.0 0.17096104530467698
41 42 36 0.0 0.0 362.0 0.0 7578.0 26.0 931.0 0.14115749142972372
41 42 37 0.0 0.0 780.0 0.0 12117.0 18.0 5213.0 0.09399127223900637
41 42 38 0.0 0.0 959.0 1.0 12902.0 31.0 6513.0 0.08834479712248375
41 42 39 0.0 0.0 1536.0 2.0 13739.0 39.0 18528.0 0.08092485549132947
41 42 40 0.0 8.0 1910.0 82.0 13180.0 46.0 26972.0 0.08144743731456162
41 42 41 0.0 10.0 1428.0 101.0 13751.0 39.0 16402.0 0.0809950824414232
41 42 42 0.0 6.0 1461.0 57.0 13339.0 36.0 19412.0 0.08300231220726861
41 42 43 0.0 0.0 1151.0 2.0 13291.0 36.0 11794.0 0.08516851198442632
41 42 44 0.0 0.0 183.0 0.0 4133.0 27.0 151.0 0.22261090793448876
41 42 45 0.0 0.0 57.0 0.0 1516.0 6.0 11.0 0.39237668161434974
41 42 46 0.0 0.0 0.0 0.0 3.0 0.0 0.0 0.6989515726410384
41 43 34 0.0 0.0 0.0 0.0 11.0 0.0 0.0 0.6961710591745399
41 43 35 0.0 0.0 81.0 0.0 2121.0 12.0 31.0 0.33404915294679066
41 43 36 0.0 0.0 172.0 0.0 3571.0 27.0 98.0 0.2449265220433869
41 43 37 0.0 0.0 574.0 0.0 10194.0 23.0 2521.0 0.10974367014188287
41 43 38 0.0 0.0 554.0 0.0 10001.0 24.0 1974.0 0.11162494020092488
41 43 39 0.0 0.0 727.0 0.0 11788.0 30.0 5032.0 0.09655838333678184
41 43 40 0.0 0.0 793.0 0.0 12252.0 27.0 6302.0 0.09309748636786806
41 43 41 0.0 0.0 780.0 0.0 12316.0 29.0 5486.0 0.09274594236502151
41 43 42 0.0 0.0 723.0 0.0 11852.0 26.0 5015.0 0.09606807109037259
41 43 43 0.0 0.0 648.0 1.0 11156.0 21.0 3590.0 0.10153020523605771
41 43 44 0.0 0.0 374.0 0.0 7929.0 20.0 989.0 0.13610733035193465
41 43 45 0.0 0.0 3.0 0.0 108.0 1.0 0.0 0.6635071090047392
41 44 35 0.0 0.0 0.0 0.0 27.0 0.0 0.0 0.6906758756783422
41 44 36 0.0 0.0 21.0 0.0 398.0 5.0 0.0 0.579950289975145
41 44 37 0.0 0.0 78.0 0.0 1904.0 14.0 19.0 0.3528225806451612
41 44 38 0.0 0.0 56.0 0.0 1603.0 7.0 18.0 0.3834565872363736
41 44 39 0.0 0.0 198.0 0.0 4539.0 16.0 218.0 0.20836433993153738
41 44 40 0.0 0.0 337.0 0.0 7257.0 20.0 758.0 0.146168302359574
41 44 41 0.0 0.0 126.0 0.0 3265.0 23.0 86.0 0.26085336314514623
41 44 42 0.0 0.0 92.0 0.0 2417.0 16.0 41.0 0.3115264797507788
41 44 43 0.0 0.0 148.0 0.0 4189.0 19.0 179.0 0.2215540433612913
41 44 44 0.0 0.0 3.0 0.0 144.0 1.0 0.0 0.6523765144454798
41 44 45 0.0 0.0 33.0 0.0 879.0 10.0 1.0 0.48242591316333555
41 45 36 0.0 0.0 0.0 0.0 2.0 0.0 0.0 0.6993006993006992
41 45 37 0.0 0.0 0.0 0.0 1.0 0.0 0.0 0.6996501749125437
41 45 38 0.0 0.0 3.0 0.0 129.0 2.0 0.0 0.6572769953051641
41 45 39 0.0 0.0 165.0 0.0 3498.0 15.0 102.0 0.24783147459727384
41 45 40 0.0 0.0 16.0 0.0 348.0 2.0 0.0 0.5929690808979245
41 45 41 0.0 0.0 3.0 0.0 123.0 1.0 0.0 0.6588235294117646
41 45 42 0.0 0.0 0.0 0.0 34.0 0.0 0.0 0.6882989183874139
41 45 43 0.0 0.0 0.0 0.0 20.0 0.0 0.0 0.6930693069306929
41 45 44 0.0 0.0 0.0 0.0 15.0 0.0 0.0 0.694789081885856
41 46 38 0.0 0.0 0.0 0.0 1.0 0.0 0.0 0.6996501749125437
41 46 39 0.0 0.0 0.0 0.0 3.0 0.0 0.0 0.6989515726410384
41 46 40 0.0 0.0 0.0 0.0 1.0 0.0 0.0 0.6996501749125437
42 34 37 0.0 0.0 0.0 0.0 4.0 0.0 0.0 0.6986027944111775
42 34 38 0.0 0.0 0.0 0.0 5.0 0.0 0.0 0.6982543640897755
42 34 39 0.0 0.0 41.0 0.0 1157.0 8.0 4.0 0.43873393920401116
42 34 40 0.0 0.0 0.0 0.0 11.0 0.0 0.0 0.6961710591745399
42 34 41 0.0 0.0 0.0 0.0 5.0 0.0 0.0 0.6982543640897755
42 35 35 0.0 0.0 1.0 0.0 13.0 0.0 0.0 0.6951340615690167
42 35 36 0.0 0.0 6.0 0.0 134.0 1.0 0.0 0.6545114539504441
42 35 37 0.0 0.0 107.0 0.0 2876.0 11.0 72.0 0.28152020912929815
42 35 38 0.0 0.0 79.0 0.0 1838.0 16.0 35.0 0.3588823378620866
42 35 39 0.0 0.0 4.0 0.0 268.0 1.0 1.0 0.6164685160722148
42 35 40 0.0 0.0 0.0 0.0 131.0 0.0 0.0 0.6569685593618019
42 35 41 0.0 0.0 34.0 0.0 939.0 6.0 4.0 0.47185709470845966
42 35 42 0.0 0.0 1.0 0.0 54.0 0.0 0.0 0.6812652068126519
42 35 43 0.0 0.0 1.0 0.0 22.0 0.0 0.0 0.6920415224913494
42 36 34 0.0 0.0 0.0 0.0 5.0 0.0 0.0 0.6982543640897755
42 36 35 0.0 0.0 9.0 0.0 271.0 4.0 0.0 0.6151142355008786
42 36 36 0.0 0.0 262.0 0.0 5219.0 22.0 280.0 0.1875921211309125
42 36 37 0.0 0.0 334.0 0.0 7492.0 17.0 905.0 0.14259523324506007
42 36 38 0.0 0.0 567.0 0.0 10534.0 26.0 2737.0 0.10694370177984874
42 36 39 0.0 0.0 292.0 0.0 6459.0 27.0 536.0 0.16036655211912942
42 36 40 0.0 0.0 410.0 0.0 9327.0 23.0 2173.0 0.11942335579629786
42 36 41 0.0 0.0 203.0 0.0 4595.0 21.0 183.0 0.20658108307510697
42 36 42 0.0 0.0 189.0 0.0 4754.0 18.0 267.0 0.20204935777168417
42 36 43 0.0 0.0 21.0 0.0 611.0 2.0 1.0 0.5323193916349809
42 36 44 0.0 0.0 8.0 0.0 234.0 2.0 0.0 0.6249999999999999
42 36 45 0.0 0.0 0.0 0.0 3.0 0.0 0.0 0.6989515726410384
42 37 34 0.0 0.0 0.0 0.0 4.0 0.0 0.0 0.6986027944111775
42 37 35 0.0 0.0 67.0 0.0 1874.0 12.0 22.0 0.35650623885918
42 37 36 0.0 0.0 381.0 0.0 7342.0 26.0 765.0 0.14435966178593523
42 37 37 0.0 0.0 631.0 0.0 11096.0 29.0 3909.0 0.10204825424593628
42 37 38 0.0 0.0 748.0 0.0 12023.0 30.0 5283.0 0.09482525060959089
42 37 39 0.0 0.0 1135.0 0.0 13373.0 45.0 12381.0 0.08489993935718616
42 37 40 0.0 0.0 864.0 1.0 12796.0 36.0 6862.0 0.08947973923047424
42 37 41 0.0 0.0 835.0 0.0 12414.0 36.0 6480.0 0.09190573097879602
42 37 42 0.0 1.0 568.0 2.0 10374.0 21.0 2411.0 0.10829207920792079
42 37 43 0.0 0.0 285.0 0.0 6025.0 20.0 423.0 0.16887816646562123
42 37 44 0.0 0.0 49.0 0.0 1272.0 13.0 7.0 0.42334442092530994
42 37 45 0.0 0.0 2.0 0.0 102.0 3.0 0.0 0.6663493574488338
42 37 46 0.0 0.0 0.0 0.0 10.0 0.0 0.0 0.6965174129353233
42 38 34 0.0 0.0 3.0 0.0 88.0 1.0 0.0 0.6701771182383915
42 38 35 0.0 0.0 131.0 0.0 3409.0 16.0 107.0 0.2533478103510677
42 38 36 0.0 0.0 362.0 0.0 7262.0 28.0 741.0 0.14586372160866845
42 38 37 0.0 0.0 999.0 0.0 13178.0 32.0 8326.0 0.08653192409914084
42 38 38 0.0 0.0 1681.0 0.0 12540.0 45.0 27536.0 0.08635045950780237
42 38 39 0.0 0.0 1893.0 0.0 12037.0 51.0 34038.0 0.08788449466415567
42 38 40 0.0 0.0 1507.0 0.0 13463.0 39.0 19983.0 0.0825082508250825
42 38 41 0.0 0.0 1557.0 0.0 13666.0 37.0 19777.0 0.08125834349062626
42 38 42 0.0 0.0 1075.0 0.0 13416.0 40.0 9429.0 0.08496692359045942
42 38 43 0.0 0.0 1019.0 0.0 13174.0 36.0 9415.0 0.08652657601977749
42 38 44 0.0 0.0 407.0 0.0 8311.0 25.0 1238.0 0.13089005235602091
42 38 45 0.0 0.0 317.0 0.0 6173.0 26.0 429.0 0.16528925619834708
42 38 46 0.0 0.0 0.0 0.0 14.0 0.0 0.0 0.6951340615690167
42 39 34 0.0 0.0 0.0 0.0 53.0 0.0 0.0 0.6819288845591815
42 39 35 0.0 0.0 348.0 0.0 7491.0 23.0 829.0 0.1425371614742415
42 39 36 0.0 0.0 681.0 0.0 11246.0 24.0 3205.0 0.10063978146790309
42 39 37 0.0 0.0 1099.0 0.0 13031.0 22.0 12971.0 0.08681632146843606
42 39 38 0.0 0.0 1602.0 0.0 13891.0 44.0 19322.0 0.08001828989483309
42 39 39 0.0 0.0 1899.0 0.0 13257.0 44.0 26242.0 0.08157557394243095
42 39 40 0.0 7.0 1904.0 34.0 13844.0 53.0 24709.0 0.07874901563730452
42 39 41 0.0 0.0 1844.0 0.0 12864.0 48.0 28712.0 0.08379721074998503
42 39 42 0.0 0.0 1864.0 1.0 12083.0 45.0 32928.0 0.08776328986960882
42 39 43 0.0 0.0 1468.0 0.0 13212.0 37.0 19844.0 0.08391776059461727
42 39 44 0.0 0.0 395.0 0.0 8729.0 24.0 1579.0 0.1260806916426513
42 39 45 0.0 0.0 19.0 0.0 734.0 3.0 2.0 0.509090909090909
42 39 46 0.0 0.0 0.0 0.0 6.0 0.0 0.0 0.6979062811565303
42 40 34 0.0 0.0 37.0 0.0 912.0 10.0 3.0 0.47635250085062936
42 40 35 0.0 0.0 229.0 0.0 4808.0 31.0 213.0 0.19968620738838963
42 40 36 0.0 0.0 512.0 0.0 9935.0 25.0 2139.0 0.11254924029262801
42 40 37 0.0 0.0 1182.0 0.0 13524.0 32.0 12907.0 0.08383233532934131
42 40 38 0.0 0.0 2337.0 0.0 11427.0 70.0 44131.0 0.08895101340618844
42 40 39 0.0 0.0 2451.0 1.0 11858.0 64.0 42489.0 0.08588430157659038
42 40 40 0.0 0.0 2539.0 0.0 11301.0 54.0 48091.0 0.08832807570977917
42 40 41 0.0 0.0 2149.0 4.0 13185.0 50.0 31501.0 0.08070559750965584
42 40 42 0.0 2.0 1991.0 14.0 13176.0 60.0 27881.0 0.08155181452787323
42 40 43 0.0 0.0 1019.0 2.0 13121.0 28.0 10259.0 0.08672489623985627
42 40 44 0.0 0.0 461.0 0.0 9145.0 20.0 1644.0 0.12078336640496935
42 40 45 0.0 0.0 88.0 0.0 1766.0 10.0 22.0 0.36420395421435997
42 40 46 0.0 0.0 2.0 0.0 34.0 1.0 0.0 0.6879606879606879
42 41 34 0.0 0.0 0.0 0.0 28.0 0.0 0.0 0.690335305719921
42 41 35 0.0 0.0 77.0 0.0 1545.0 16.0 9.0 0.3882418191902384
42 41 36 0.0 0.0 589.0 0.0 10720.0 25.0 3074.0 0.10525524396661903
42 41 37 0.0 0.0 885.0 0.0 12895.0 20.0 7917.0 0.08869179600886917
42 41 38 0.0 0.0 1225.0 0.0 13378.0 30.0 14276.0 0.08429672447013487
42 41 39 0.0 0.0 2015.0 1.0 13018.0 52.0 30787.0 0.082174091682808
42 41 40 0.0 0.0 1910.0 2.0 13768.0 41.0 24643.0 0.0791631325982471
42 41 41 0.0 0.0 2374.0 1.0 11573.0 42.0 43021.0 0.08778530223225482
42 41 42 0.0 0.0 1610.0 1.0 13219.0 64.0 22941.0 0.08325404376784014
42 41 43 0.0 0.0 697.0 1.0 11710.0 19.0 4572.0 0.09718847622353348
42 41 44 0.0 0.0 316.0 0.0 7288.0 26.0 932.0 0.1461530431151477
42 41 45 0.0 0.0 10.0 0.0 408.0 3.0 1.0 0.5797101449275361
42 41 46 0.0 0.0 0.0 0.0 1.0 0.0 0.0 0.6996501749125437
42 42 34 0.0 0.0 0.0 0.0 23.0 0.0 0.0 0.6920415224913494
42 42 35 0.0 0.0 206.0 0.0 4058.0 21.0 133.0 0.22403584573531762
42 42 36 0.0 0.0 552.0 0.0 10086.0 20.0 2499.0 0.11082963901203291
42 42 37 0.0 0.0 440.0 0.0 8852.0 18.0 1442.0 0.12411347517730494
42 42 38 0.0 0.0 1144.0 0.0 13153.0 35.0 12777.0 0.08594229588704726
42 42 39 0.0 0.0 1593.0 0.0 13603.0 46.0 21071.0 0.08142375247179248
42 42 40 0.0 0.0 1961.0 2.0 12185.0 55.0 33486.0 0.08671415298854133
42 42 41 0.0 0.0 1476.0 1.0 13202.0 36.0 19839.0 0.08393285371702637
42 42 42 0.0 0.0 1259.0 1.0 13181.0 29.0 16419.0 0.08511673151750972
42 42 43 0.0 1.0 667.0 3.0 11429.0 20.0 4093.0 0.09935419771485345
42 42 44 0.0 0.0 298.0 0.0 5996.0 21.0 416.0 0.16914340944786754
42 42 45 0.0 0.0 39.0 0.0 884.0 17.0 2.0 0.48176187198898823
42 43 34 0.0 0.0 0.0 0.0 9.0 0.0 0.0 0.6968641114982577
42 43 35 0.0 0.0 2.0 0.0 74.0 0.0 0.0 0.6743737957610789
42 43 36 0.0 0.0 252.0 0.0 5350.0 14.0 317.0 0.1844289289948623
42 43 37 0.0 0.0 64.0 0.0 1542.0 14.0 21.0 0.3898635477582845
42 43 38 0.0 0.0 308.0 0.0 6747.0 15.0 577.0 0.1548672566371681
42 43 39 0.0 0.0 989.0 0.0 13038.0 32.0 9217.0 0.08740712992445525
42 43 40 0.0 0.0 553.0 1.0 10620.0 26.0 3302.0 0.10639106315069533
42 43 41 0.0 0.0 865.0 1.0 12627.0 24.0 7515.0 0.0903400658191908
42 43 42 0.0 0.0 445.0 1.0 8687.0 25.0 1322.0 0.12588795971585287
42 43 43 0.0 0.0 290.0 0.0 6809.0 20.0 702.0 0.1542020046260601
42 43 44 0.0 0.0 136.0 0.0 3068.0 24.0 62.0 0.27032245607260086
42 43 45 0.0 0.0 0.0 0.0 30.0 0.0 0.0 0.689655172413793
42 44 34 0.0 0.0 0.0 0.0 1.0 0.0 0.0 0.6996501749125437
42 44 35 0.0 0.0 0.0 0.0 11.0 0.0 0.0 0.6961710591745399
42 44 36 0.0 0.0 7.0 0.0 137.0 3.0 0.0 0.6539000467071461
42 44 37 0.0 0.0 3.0 0.0 177.0 1.0 0.0 0.6424965580541532
42 44 38 0.0 0.0 78.0 0.0 2234.0 21.0 39.0 0.32626427406199016
42 44 39 0.0 0.0 356.0 0.0 7313.0 21.0 792.0 0.14501760928112697
42 44 40 0.0 0.0 290.0 0.0 5986.0 22.0 421.0 0.16953257447323802
42 44 41 0.0 0.0 104.0 0.0 2357.0 9.0 41.0 0.31439479002919374
42 44 42 0.0 0.0 227.0 0.0 5523.0 19.0 284.0 0.18104228630544417
42 44 43 0.0 0.0 208.0 0.0 4877.0 18.0 258.0 0.19801980198019797
42 44 44 0.0 0.0 19.0 0.0 550.0 6.0 1.0 0.5462348809988293
42 44 45 0.0 0.0 0.0 0.0 17.0 0.0 0.0 0.694100148735746
42 45 37 0.0 0.0 0.0 0.0 1.0 0.0 0.0 0.6996501749125437
42 45 38 0.0 0.0 0.0 0.0 29.0 0.0 0.0 0.6899950714637751
42 45 39 0.0 0.0 1.0 0.0 70.0 1.0 0.0 0.6763285024154588
42 45 40 0.0 0.0 0.0 0.0 82.0 0.0 0.0 0.6727534839019701
42 45 41 0.0 0.0 3.0 0.0 104.0 1.0 0.0 0.664767331433998
42 45 42 0.0 0.0 0.0 0.0 12.0 0.0 0.0 0.6958250497017892
42 45 43 0.0 0.0 0.0 0.0 14.0 0.0 0.0 0.6951340615690167
42 45 44 0.0 0.0 0.0 0.0 17.0 0.0 0.0 0.694100148735746
42 46 38 0.0 0.0 0.0 0.0 4.0 0.0 0.0 0.6986027944111775
42 46 39 0.0 0.0 0.0 0.0 3.0 0.0 0.0 0.6989515726410384
42 46 40 0.0 0.0 0.0 0.0 2.0 0.0 0.0 0.6993006993006992
43 34 36 0.0 0.0 0.0 0.0 2.0 0.0 0.0 0.6993006993006992
43 34 37 0.0 0.0 0.0 0.0 1.0 0.0 0.0 0.6996501749125437
43 34 38 0.0 0.0 0.0 0.0 5.0 0.0 0.0 0.6982543640897755
43 35 35 0.0 0.0 0.0 0.0 4.0 0.0 0.0 0.6986027944111775
43 35 36 0.0 0.0 13.0 0.0 342.0 2.0 0.0 0.5949851253718657
43 35 37 0.0 0.0 15.0 0.0 470.0 3.0 0.0 0.5642885933091495
43 35 38 0.0 0.0 41.0 0.0 1017.0 6.0 2.0 0.45871559633027514
43 35 39 0.0 0.0 37.0 0.0 899.0 9.0 3.0 0.4783054321831226
43 35 40 0.0 0.0 8.0 0.0 310.0 3.0 0.0 0.6047516198704103
43 35 41 0.0 0.0 7.0 0.0 194.0 2.0 0.0 0.6366530241018644
43 35 42 0.0 0.0 8.0 0.0 168.0 2.0 0.0 0.6439742410303587
43 35 43 0.0 0.0 0.0 0.0 13.0 0.0 0.0 0.695479384003974
43 36 35 0.0 0.0 0.0 0.0 21.0 0.0 0.0 0.6927263730826323
43 36 36 0.0 0.0 16.0 0.0 512.0 2.0 1.0 0.5542359461599367
43 36 37 0.0 0.0 58.0 0.0 1590.0 8.0 14.0 0.38472107721901616
43 36 38 0.0 0.0 324.0 0.0 7067.0 21.0 705.0 0.14931740614334468
43 36 39 0.0 0.0 493.0 0.0 9082.0 22.0 1531.0 0.12105490704712492
43 36 40 0.0 0.0 241.0 0.0 5585.0 13.0 355.0 0.17921146953405012
43 36 41 0.0 0.0 235.0 0.0 5305.0 15.0 316.0 0.1859476690131491
43 36 42 0.0 0.0 222.0 0.0 5057.0 24.0 278.0 0.1928640308582449
43 36 43 0.0 0.0 12.0 0.0 440.0 6.0 1.0 0.5723630417007358
43 36 44 0.0 0.0 0.0 0.0 26.0 0.0 0.0 0.6910167818361302
43 37 34 0.0 0.0 0.0 0.0 6.0 0.0 0.0 0.6979062811565303
43 37 35 0.0 0.0 0.0 0.0 46.0 0.0 0.0 0.6842619745845552
43 37 36 0.0 0.0 78.0 0.0 1974.0 14.0 20.0 0.34670629024269434
43 37 37 0.0 0.0 434.0 0.0 8426.0 32.0 1237.0 0.12924667651403246
43 37 38 0.0 0.0 1039.0 0.0 13092.0 34.0 10163.0 0.08686480114165165
43 37 39 0.0 0.0 728.0 0.0 11563.0 23.0 4537.0 0.09804608165837943
43 37 40 0.0 0.0 529.0 0.0 10640.0 16.0 3144.0 0.10628606134224111
43 37 41 0.0 0.0 630.0 0.0 11012.0 26.0 3616.0 0.10273721288618183
43 37 42 0.0 0.0 322.0 0.0 7503.0 15.0 888.0 0.14266788953429121
43 37 43 0.0 0.0 364.0 0.0 7412.0 29.0 809.0 0.14356029532403608
43 37 44 0.0 0.0 74.0 0.0 1622.0 14.0 13.0 0.3801248981808308
43 37 45 0.0 0.0 1.0 0.0 73.0 0.0 0.0 0.6750241080038573
43 37 46 0.0 0.0 0.0 0.0 2.0 0.0 0.0 0.6993006993006992
43 38 34 0.0 0.0 0.0 0.0 19.0 0.0 0.0 0.6934125804853887
43 38 35 0.0 0.0 51.0 0.0 1183.0 10.0 12.0 0.4343779087806391
43 38 36 0.0 0.0 310.0 0.0 6644.0 20.0 541.0 0.15661707126076738
43 38 37 0.0 0.0 573.0 0.0 10785.0 20.0 3799.0 0.10483750187209824
43 38 38 0.0 0.0 928.0 0.0 12800.0 26.0 9729.0 0.0889679715302491
43 38 39 0.0 0.0 1235.0 0.0 13336.0 36.0 13799.0 0.08449514152936205
43 38 40 0.0 0.0 857.0 0.0 12591.0 25.0 7405.0 0.09063835297164313
43 38 41 0.0 0.0 996.0 0.0 13100.0 40.0 9590.0 0.08709175738724727
43 38 42 0.0 0.0 1251.0 0.0 13307.0 36.0 13794.0 0.0845359579735523
43 38 43 0.0 0.0 585.0 0.0 10333.0 28.0 2878.0 0.10854396030392308
43 38 44 0.0 0.0 404.0 0.0 8183.0 22.0 1222.0 0.13245033112582777
43 38 45 0.0 0.0 45.0 0.0 922.0 8.0 1.0 0.47313281514025
43 38 46 0.0 0.0 1.0 0.0 9.0 0.0 0.0 0.6965174129353233
43 39 34 0.0 0.0 0.0 0.0 20.0 0.0 0.0 0.6930693069306929
43 39 35 0.0 0.0 12.0 0.0 514.0 7.0 1.0 0.5559968228752977
43 39 36 0.0 0.0 483.0 0.0 9645.0 21.0 2092.0 0.11559739080175045
43 39 37 0.0 0.0 761.0 0.0 11925.0 28.0 5190.0 0.09540034071550255
43 39 38 0.0 0.0 940.0 0.0 12860.0 33.0 7928.0 0.08861320336730172
43 39 39 0.0 0.0 1281.0 0.0 13590.0 35.0 14614.0 0.0829973915105525
43 39 40 0.0 0.0 1546.0 1.0 13157.0 48.0 22152.0 0.08381226053639845
43 39 41 0.0 0.0 1212.0 0.0 13745.0 34.0 12426.0 0.08253743662303974
43 39 42 0.0 0.0 1048.0 0.0 13238.0 36.0 10195.0 0.08612204724409449
43 39 43 0.0 0.0 600.0 0.0 11222.0 20.0 3981.0 0.10135379714761455
43 39 44 0.0 0.0 227.0 0.0 5662.0 18.0 396.0 0.1778455284552845
43 39 45 0.0 0.0 21.0 0.0 644.0 4.0 2.0 0.5263157894736842
43 39 46 0.0 0.0 0.0 0.0 8.0 1.0 0.0 0.6975585450921773
43 40 34 0.0 0.0 0.0 0.0 9.0 0.0 0.0 0.6968641114982577
43 40 35 0.0 0.0 7.0 0.0 367.0 4.0 0.0 0.590966652596032
43 40 36 0.0 0.0 442.0 0.0 8953.0 30.0 1673.0 0.12308774397749252
43 40 37 0.0 0.0 1035.0 0.0 13139.0 25.0 9928.0 0.08651053574738922
43 40 38 0.0 0.0 1171.0 0.0 13442.0 38.0 11701.0 0.08425106818318588
43 40 39 0.0 0.0 1224.0 0.0 13547.0 42.0 13938.0 0.08354717431521155
43 40 40 0.0 0.0 1273.0 0.0 13524.0 39.0 14139.0 0.08338793257490022
43 40 41 0.0 0.0 1245.0 0.0 13656.0 40.0 13180.0 0.08287946957139473
43 40 42 0.0 0.0 981.0 0.0 12967.0 32.0 9355.0 0.08780181875195985
43 40 43 0.0 0.0 1233.0 1.0 13009.0 46.0 15097.0 0.08624407072013798
43 40 44 0.0 0.0 496.0 0.0 9250.0 20.0 1659.0 0.11926058437686342
43 40 45 0.0 0.0 9.0 0.0 262.0 3.0 0.0 0.6172839506172839
43 40 46 0.0 0.0 0.0 0.0 1.0 0.0 0.0 0.6996501749125437
43 41 34 0.0 0.0 3.0 0.0 53.0 2.0 0.0 0.6815968841285296
43 41 35 0.0 0.0 3.0 0.0 221.0 0.0 1.0 0.6297795771479981
43 41 36 0.0 0.0 239.0 0.0 5035.0 16.0 250.0 0.19289060347203085
43 41 37 0.0 0.0 438.0 0.0 9149.0 15.0 1942.0 0.12091898428053201
43 41 38 0.0 0.0 869.0 0.0 12660.0 31.0 6513.0 0.0902061855670103
43 41 39 0.0 0.0 1402.0 0.0 13501.0 46.0 16988.0 0.08283533518726702
43 41 40 0.0 0.0 1281.0 0.0 13322.0 43.0 16026.0 0.08430687703239792
43 41 41 0.0 0.0 1275.0 0.0 13377.0 36.0 15170.0 0.08405379442843419
43 41 42 0.0 0.0 854.0 0.0 12478.0 26.0 7148.0 0.091324200913242
43 41 43 0.0 0.0 598.0 0.0 10802.0 34.0 3331.0 0.10460251046025103
43 41 44 0.0 0.0 76.0 0.0 2055.0 10.0 31.0 0.33964095099466274
43 41 45 0.0 0.0 17.0 0.0 525.0 2.0 0.0 0.5511811023622046
43 41 46 0.0 0.0 0.0 0.0 1.0 0.0 0.0 0.6996501749125437
43 42 34 0.0 0.0 2.0 0.0 30.0 1.0 0.0 0.6893156080748399
43 42 35 0.0 0.0 5.0 0.0 217.0 0.0 0.0 0.6303466906798738
43 42 36 0.0 0.0 46.0 0.0 1199.0 10.0 9.0 0.43276661514683146
43 42 37 0.0 0.0 313.0 0.0 6945.0 18.0 758.0 0.15149875554593656
43 42 38 0.0 0.0 728.0 0.0 11991.0 36.0 5970.0 0.09523161689680973
43 42 39 0.0 0.0 623.0 0.0 11332.0 26.0 4026.0 0.1004016064257028
43 42 40 0.0 0.0 1068.0 0.0 13165.0 37.0 11104.0 0.08630255208975464
43 42 41 0.0 0.0 782.0 0.0 12215.0 33.0 5048.0 0.09342676009342675
43 42 42 0.0 0.0 656.0 0.0 11347.0 24.0 3954.0 0.0999857163262391
43 42 43 0.0 0.0 520.0 0.0 10093.0 27.0 2318.0 0.1111463956811686
43 42 44 0.0 0.0 18.0 0.0 573.0 5.0 1.0 0.5413766434648105
43 42 45 0.0 0.0 0.0 0.0 15.0 0.0 0.0 0.694789081885856
43 43 35 0.0 0.0 0.0 0.0 31.0 0.0 0.0 0.6893156080748399
43 43 36 0.0 0.0 4.0 0.0 154.0 2.0 0.0 0.6493506493506492
43 43 37 0.0 0.0 139.0 0.0 4166.0 17.0 192.0 0.22264631043256994
43 43 38 0.0 0.0 404.0 0.0 8902.0 22.0 1458.0 0.1239925604463732
43 43 39 0.0 0.0 690.0 0.0 11403.0 15.0 3819.0 0.09936830151181772
43 43 40 0.0 0.0 449.0 0.0 9653.0 24.0 2445.0 0.11584609019445594
43 43 41 0.0 0.0 747.0 0.0 11976.0 30.0 5070.0 0.09512808316912413
43 43 42 0.0 0.0 572.0 0.0 10339.0 22.0 2554.0 0.10862818125387957
43 43 43 0.0 0.0 378.0 0.0 7842.0 15.0 938.0 0.13708019191226864
43 43 44 0.0 0.0 0.0 0.0 100.0 0.0 1.0 0.6669842782277274
43 43 45 0.0 0.0 0.0 0.0 9.0 0.0 0.0 0.6968641114982577
43 44 35 0.0 0.0 0.0 0.0 4.0 0.0 0.0 0.6986027944111775
43 44 36 0.0 0.0 0.0 0.0 6.0 0.0 0.0 0.6979062811565303
43 44 37 0.0 0.0 1.0 0.0 61.0 2.0 0.0 0.6796116504854368
43 44 38 0.0 0.0 169.0 0.0 3514.0 14.0 109.0 0.24695713529723054
43 44 39 0.0 0.0 101.0 0.0 2645.0 16.0 58.0 0.29604567561852396
43 44 40 0.0 0.0 548.0 0.0 9934.0 28.0 2253.0 0.11231448054552746
43 44 41 0.0 0.0 23.0 0.0 699.0 1.0 2.0 0.5145167217934582
43 44 42 0.0 0.0 164.0 0.0 3388.0 24.0 99.0 0.253210345451257
43 44 43 0.0 0.0 3.0 0.0 112.0 1.0 0.0 0.6625650733554187
43 44 44 0.0 0.0 1.0 0.0 55.0 1.0 0.0 0.6812652068126519
43 45 37 0.0 0.0 0.0 0.0 6.0 0.0 0.0 0.6979062811565303
43 45 38 0.0 0.0 72.0 0.0 2013.0 12.0 21.0 0.34372698256813156
43 45 39 0.0 0.0 7.0 0.0 345.0 5.0 2.0 0.5965061780997016
43 45 40 0.0 0.0 4.0 0.0 96.0 0.0 0.0 0.6666666666666665
43 45 41 0.0 0.0 1.0 0.0 57.0 1.0 0.0 0.6806028196402526
43 45 42 0.0 0.0 11.0 0.0 117.0 2.0 0.0 0.6585136406396989
43 45 43 0.0 0.0 0.0 0.0 10.0 0.0 0.0 0.6965174129353233
43 45 44 0.0 0.0 0.0 0.0 8.0 0.0 0.0 0.697211155378486
44 35 36 0.0 0.0 0.0 0.0 1.0 0.0 0.0 0.6996501749125437
44 35 37 0.0 0.0 8.0 0.0 115.0 1.0 1.0 0.6597549481621111
44 35 38 0.0 0.0 1.0 0.0 74.0 0.0 0.0 0.6746987951807227
44 35 39 0.0 0.0 21.0 0.0 594.0 7.0 2.0 0.5370157268891445
44 35 40 0.0 0.0 4.0 0.0 175.0 1.0 0.0 0.6427915518824608
44 35 41 0.0 0.0 4.0 0.0 74.0 2.0 0.0 0.6743737957610789
44 35 42 0.0 0.0 0.0 0.0 3.0 0.0 0.0 0.6989515726410384
44 35 43 0.0 0.0 0.0 0.0 10.0 0.0 0.0 0.6965174129353233
44 36 35 0.0 0.0 0.0 0.0 2.0 0.0 0.0 0.6993006993006992
44 36 36 0.0 0.0 0.0 0.0 18.0 0.0 0.0 0.6937561942517343
44 36 37 0.0 0.0 1.0 0.0 316.0 1.0 1.0 0.6050129645635263
44 36 38 0.0 0.0 391.0 0.0 7866.0 24.0 995.0 0.13671874999999997
44 36 39 0.0 0.0 471.0 0.0 9101.0 31.0 1660.0 0.12125411397886712
44 36 40 0.0 0.0 326.0 0.0 6714.0 16.0 577.0 0.1551074673166408
44 36 41 0.0 0.0 14.0 0.0 385.0 2.0 0.0 0.5845511482254696
44 36 42 0.0 0.0 2.0 0.0 119.0 3.0 0.0 0.6610009442870631
44 36 43 0.0 0.0 2.0 0.0 98.0 0.0 0.0 0.6669842782277274
44 36 44 0.0 0.0 0.0 0.0 18.0 0.0 0.0 0.6937561942517343
44 36 45 0.0 0.0 0.0 0.0 1.0 0.0 0.0 0.6996501749125437
44 37 34 0.0 0.0 0.0 0.0 4.0 0.0 0.0 0.6986027944111775
44 37 35 0.0 0.0 2.0 0.0 36.0 0.0 0.0 0.6869479882237487
44 37 36 0.0 0.0 171.0 0.0 3887.0 19.0 123.0 0.23182646133465798
44 37 37 0.0 0.0 125.0 0.0 3312.0 16.0 85.0 0.25820730357801547
44 37 38 0.0 0.0 464.0 0.0 9147.0 23.0 1748.0 0.12071046732195204
44 37 39 0.0 0.0 291.0 0.0 6861.0 26.0 625.0 0.1533238418574088
44 37 40 0.0 0.0 242.0 0.0 5810.0 19.0 372.0 0.174194351126042
44 37 41 0.0 0.0 353.0 0.0 7509.0 16.0 905.0 0.1421464108031272
44 37 42 0.0 0.0 140.0 0.0 3122.0 16.0 58.0 0.2669717772692601
44 37 43 0.0 0.0 298.0 0.0 6566.0 17.0 560.0 0.15813848412967355
44 37 44 0.0 0.0 3.0 0.0 165.0 1.0 0.0 0.646054453161052
44 37 45 0.0 0.0 0.0 0.0 24.0 1.0 0.0 0.6920415224913494
44 37 46 0.0 0.0 0.0 0.0 1.0 0.0 0.0 0.6996501749125437
44 38 34 0.0 0.0 0.0 0.0 1.0 0.0 0.0 0.6996501749125437
44 38 35 0.0 0.0 87.0 0.0 2082.0 18.0 21.0 0.33726812816188867
44 38 36 0.0 0.0 28.0 0.0 778.0 3.0 1.0 0.4996431120628122
44 38 37 0.0 0.0 225.0 0.0 5256.0 21.0 335.0 0.18756698821007503
44 38 38 0.0 0.0 236.0 0.0 5415.0 16.0 327.0 0.1833420639078051
44 38 39 0.0 0.0 506.0 0.0 9632.0 25.0 1757.0 0.11546391752577319
44 38 40 0.0 0.0 1059.0 0.0 12970.0 31.0 12286.0 0.0873307965816231
44 38 41 0.0 0.0 437.0 0.0 8849.0 23.0 1457.0 0.12428977272727271
44 38 42 0.0 0.0 438.0 0.0 8822.0 30.0 1399.0 0.12459950160199357
44 38 43 0.0 0.0 165.0 0.0 3840.0 17.0 141.0 0.2338009352037408
44 38 44 0.0 0.0 124.0 0.0 3354.0 12.0 106.0 0.2561287961946579
44 38 45 0.0 0.0 0.0 0.0 52.0 0.0 0.0 0.6822612085769979
44 38 46 0.0 0.0 0.0 0.0 1.0 0.0 0.0 0.6996501749125437
44 39 35 0.0 0.0 3.0 0.0 152.0 0.0 0.0 0.6496519721577725
44 39 36 0.0 0.0 211.0 0.0 5065.0 22.0 286.0 0.19294377067254684
44 39 37 0.0 0.0 523.0 0.0 9720.0 22.0 2088.0 0.11450069518279218
44 39 38 0.0 0.0 367.0 0.0 7845.0 13.0 982.0 0.13722799451088022
44 39 39 0.0 0.0 695.0 0.0 11684.0 22.0 4030.0 0.09741163373225716
44 39 40 0.0 0.0 670.0 0.0 11614.0 22.0 4400.0 0.0980254866265229
44 39 41 0.0 0.0 524.0 0.0 9902.0 36.0 1874.0 0.11294876966518756
44 39 42 0.0 0.0 717.0 0.0 11562.0 21.0 3946.0 0.09810104407539764
44 39 43 0.0 0.0 210.0 0.0 5126.0 16.0 313.0 0.19117847876553323
44 39 44 0.0 0.0 490.0 0.0 9415.0 21.0 1914.0 0.11768661735036987
44 39 45 0.0 0.0 66.0 0.0 1313.0 11.0 6.0 0.4156769596199525
44 40 35 0.0 0.0 1.0 0.0 79.0 0.0 0.0 0.6730769230769229
44 40 36 0.0 0.0 282.0 0.0 6225.0 23.0 517.0 0.165016501650165
44 40 37 0.0 0.0 310.0 0.0 7167.0 19.0 780.0 0.14799154334038053
44 40 38 0.0 0.0 375.0 0.0 8198.0 18.0 1196.0 0.13256320424202253
44 40 39 0.0 0.0 621.0 0.0 10759.0 25.0 2977.0 0.10473554275454476
44 40 40 0.0 0.0 916.0 0.0 12687.0 32.0 9871.0 0.08977236293683871
44 40 41 0.0 0.0 408.0 0.0 7988.0 26.0 1085.0 0.1349007515899017
44 40 42 0.0 0.0 485.0 0.0 9430.0 14.0 2063.0 0.11754827875734675
44 40 43 0.0 0.0 374.0 0.0 7869.0 27.0 944.0 0.136986301369863
44 40 44 0.0 0.0 55.0 0.0 1853.0 8.0 18.0 0.3589743589743589
44 40 45 0.0 0.0 5.0 0.0 82.0 1.0 0.0 0.6711409395973154
44 41 35 0.0 0.0 1.0 0.0 59.0 1.0 0.0 0.6799417192812044
44 41 36 0.0 0.0 57.0 0.0 1272.0 11.0 2.0 0.42206813385589387
44 41 37 0.0 0.0 271.0 0.0 6178.0 20.0 456.0 0.16601446697497924
44 41 38 0.0 0.0 362.0 0.0 7092.0 27.0 666.0 0.14846235418875925
44 41 39 0.0 0.0 668.0 0.0 11249.0 32.0 3906.0 0.10071942446043165
44 41 40 0.0 0.0 432.0 0.0 8675.0 24.0 1383.0 0.12623985572587915
44 41 41 0.0 0.0 467.0 0.0 9245.0 17.0 1607.0 0.11963766877456843
44 41 42 0.0 0.0 642.0 0.0 11046.0 20.0 3383.0 0.10232422160502849
44 41 43 0.0 0.0 413.0 0.0 8776.0 19.0 1678.0 0.12514525788862071
44 41 44 0.0 0.0 118.0 0.0 2833.0 9.0 52.0 0.2831142568250758
44 41 45 0.0 0.0 0.0 0.0 16.0 0.0 0.0 0.694789081885856
44 42 35 0.0 0.0 0.0 0.0 7.0 0.0 0.0 0.6975585450921773
44 42 36 0.0 0.0 25.0 0.0 434.0 11.0 2.0 0.5718954248366012
44 42 37 0.0 0.0 7.0 0.0 331.0 3.0 2.0 0.5998286203941731
44 42 38 0.0 0.0 351.0 0.0 7536.0 15.0 963.0 0.14172909495849362
44 42 39 0.0 0.0 802.0 0.0 12239.0 27.0 6809.0 0.09307272969020076
44 42 40 0.0 0.0 200.0 0.0 5171.0 21.0 319.0 0.19057990743261632
44 42 41 0.0 0.0 363.0 0.0 7845.0 16.0 898.0 0.13728181996469893
44 42 42 0.0 0.0 224.0 0.0 4640.0 18.0 192.0 0.20440940283253026
44 42 43 0.0 0.0 136.0 0.0 3131.0 20.0 69.0 0.2669208770257388
44 42 44 0.0 0.0 4.0 0.0 164.0 2.0 0.0 0.6463527239150507
44 42 45 0.0 0.0 0.0 0.0 1.0 0.0 0.0 0.6996501749125437
44 43 36 0.0 0.0 3.0 0.0 151.0 1.0 0.0 0.6502554575011611
44 43 37 0.0 0.0 35.0 0.0 928.0 9.0 4.0 0.4739336492890995
44 43 38 0.0 0.0 58.0 0.0 1476.0 11.0 13.0 0.39738858927050796
44 43 39 0.0 0.0 317.0 0.0 6992.0 21.0 648.0 0.15065102765522434
44 43 40 0.0 0.0 172.0 0.0 3613.0 17.0 101.0 0.24267637372161552
44 43 41 0.0 0.0 67.0 0.0 1541.0 9.0 12.0 0.38888888888888884
44 43 42 0.0 0.0 37.0 0.0 873.0 9.0 1.0 0.48259220958290233
44 43 43 0.0 0.0 108.0 0.0 2468.0 13.0 43.0 0.306815691431076
44 43 44 0.0 0.0 14.0 0.0 251.0 4.0 0.0 0.6191950464396283
44 44 36 0.0 0.0 0.0 0.0 5.0 0.0 0.0 0.6982543640897755
44 44 37 0.0 0.0 26.0 0.0 681.0 10.0 1.0 0.5192878338278931
44 44 38 0.0 0.0 111.0 0.0 2688.0 20.0 57.0 0.29294831554718553
44 44 39 0.0 0.0 26.0 0.0 706.0 8.0 3.0 0.5141388174807198
44 44 40 0.0 0.0 23.0 0.0 553.0 9.0 2.0 0.5453837164004673
44 44 41 0.0 0.0 65.0 0.0 1550.0 14.0 12.0 0.3887808941960566
44 44 42 0.0 0.0 74.0 0.0 1863.0 11.0 31.0 0.35632476457113765
44 44 43 0.0 0.0 2.0 0.0 79.0 1.0 0.0 0.6730769230769229
44 44 44 0.0 0.0 1.0 0.0 20.0 1.0 0.0 0.6930693069306929
44 45 37 0.0 0.0 0.0 0.0 3.0 0.0 0.0 0.6989515726410384
44 45 38 0.0 0.0 0.0 0.0 8.0 0.0 0.0 0.697211155378486
44 45 39 0.0 0.0 5.0 0.0 82.0 3.0 0.0 0.6717850287907868
44 45 40 0.0 0.0 0.0 0.0 43.0 0.0 0.0 0.6852667645619186
44 45 41 0.0 0.0 0.0 0.0 21.0 0.0 0.0 0.6927263730826323
44 45 42 0.0 0.0 0.0 0.0 3.0 0.0 0.0 0.6989515726410384
44 45 43 0.0 0.0 0.0 0.0 1.0 0.0 0.0 0.6996501749125437
44 46 38 0.0 0.0 0.0 0.0 1.0 0.0 0.0 0.6996501749125437
45 35 37 0.0 0.0 1.0 0.0 56.0 0.0 0.0 0.6806028196402526
45 35 38 0.0 0.0 8.0 0.0 311.0 3.0 1.0 0.6044905008635577
45 35 39 0.0 0.0 0.0 0.0 50.0 0.0 0.0 0.6829268292682925
45 35 40 0.0 0.0 32.0 0.0 420.0 11.0 1.0 0.5735354362965996
45 35 41 0.0 0.0 0.0 0.0 9.0 1.0 0.0 0.697211155378486
45 36 35 0.0 0.0 1.0 0.0 1.0 0.0 0.0 0.6993006993006992
45 36 36 0.0 0.0 0.0 0.0 5.0 0.0 0.0 0.6982543640897755
45 36 37 0.0 0.0 23.0 0.0 523.0 7.0 0.0 0.5513981882630956
45 36 38 0.0 0.0 1.0 0.0 135.0 0.0 0.0 0.6557377049180326
45 36 39 0.0 0.0 108.0 0.0 2805.0 12.0 57.0 0.2855977152182782
45 36 40 0.0 0.0 3.0 0.0 177.0 1.0 0.0 0.6427915518824608
45 36 41 0.0 0.0 3.0 0.0 180.0 1.0 0.0 0.6416131989000916
45 36 42 0.0 0.0 0.0 0.0 32.0 0.0 0.0 0.6889763779527558
45 36 43 0.0 0.0 0.0 0.0 9.0 0.0 0.0 0.6968641114982577
45 36 44 0.0 0.0 1.0 0.0 16.0 0.0 0.0 0.694100148735746
45 37 35 0.0 0.0 0.0 0.0 1.0 0.0 0.0 0.6996501749125437
45 37 36 0.0 0.0 0.0 0.0 11.0 0.0 0.0 0.6961710591745399
45 37 37 0.0 0.0 25.0 0.0 570.0 3.0 4.0 0.5401234567901234
45 37 38 0.0 0.0 8.0 0.0 241.0 2.0 0.0 0.6233303650934995
45 37 39 0.0 0.0 330.0 0.0 7599.0 18.0 971.0 0.14120020171457387
45 37 40 0.0 0.0 442.0 0.0 8304.0 26.0 1211.0 0.13053613053613053
45 37 41 0.0 0.0 267.0 0.0 5831.0 21.0 421.0 0.17328877336303994
45 37 42 0.0 0.0 37.0 0.0 819.0 4.0 4.0 0.49088359046283303
45 37 43 0.0 0.0 3.0 0.0 92.0 2.0 0.0 0.668896321070234
45 37 44 0.0 0.0 0.0 0.0 11.0 0.0 0.0 0.6961710591745399
45 37 45 0.0 0.0 0.0 0.0 5.0 0.0 0.0 0.6982543640897755
45 38 34 0.0 0.0 0.0 0.0 1.0 0.0 0.0 0.6996501749125437
45 38 35 0.0 0.0 0.0 0.0 5.0 0.0 0.0 0.6982543640897755
45 38 36 0.0 0.0 3.0 0.0 159.0 0.0 1.0 0.6475485661424606
45 38 37 0.0 0.0 66.0 0.0 1499.0 8.0 7.0 0.3935901040202417
45 38 38 0.0 0.0 209.0 0.0 4197.0 17.0 138.0 0.2189895197872673
45 38 39 0.0 0.0 30.0 0.0 1200.0 8.0 12.0 0.4345127250155182
45 38 40 0.0 0.0 245.0 0.0 5474.0 29.0 318.0 0.1820072802912116
45 38 41 0.0 0.0 609.0 0.0 10836.0 28.0 3574.0 0.1042054335690361
45 38 42 0.0 0.0 85.0 0.0 2028.0 14.0 20.0 0.34146341463414626
45 38 43 0.0 0.0 48.0 0.0 1289.0 7.0 8.0 0.42029420594416084
45 38 44 0.0 0.0 3.0 0.0 95.0 0.0 0.0 0.6673021925643469
45 38 45 0.0 0.0 1.0 0.0 38.0 0.0 0.0 0.6866110838646394
45 39 35 0.0 0.0 0.0 0.0 13.0 0.0 0.0 0.695479384003974
45 39 36 0.0 0.0 10.0 0.0 222.0 3.0 0.0 0.6280843427545983
45 39 37 0.0 0.0 76.0 0.0 1759.0 15.0 9.0 0.3664921465968586
45 39 38 0.0 0.0 88.0 0.0 2315.0 14.0 38.0 0.31890660592255116
45 39 39 0.0 0.0 174.0 0.0 3544.0 15.0 91.0 0.24548483254427492
45 39 40 0.0 0.0 173.0 0.0 3741.0 15.0 107.0 0.23724792408066425
45 39 41 0.0 0.0 436.0 0.0 8490.0 24.0 1279.0 0.12833440278668987
45 39 42 0.0 0.0 128.0 0.0 3164.0 15.0 76.0 0.26530225506916805
45 39 43 0.0 0.0 36.0 0.0 627.0 8.0 1.0 0.5275056518462696
45 39 44 0.0 0.0 32.0 0.0 751.0 7.0 1.0 0.5043227665706052
45 39 45 0.0 0.0 15.0 0.0 249.0 4.0 1.0 0.6194690265486725
45 39 46 0.0 0.0 0.0 0.0 1.0 0.0 0.0 0.6996501749125437
45 40 35 0.0 0.0 4.0 0.0 72.0 1.0 0.0 0.6746987951807227
45 40 36 0.0 0.0 1.0 0.0 44.0 0.0 0.0 0.6845965770171147
45 40 37 0.0 0.0 36.0 0.0 1050.0 5.0 9.0 0.45454545454545453
45 40 38 0.0 0.0 79.0 0.0 1672.0 13.0 13.0 0.37463205780037456
45 40 39 0.0 0.0 252.0 0.0 6022.0 26.0 474.0 0.16971754152018426
45 40 40 0.0 0.0 154.0 0.0 3907.0 12.0 149.0 0.2313667162452487
45 40 41 0.0 0.0 257.0 0.0 5790.0 18.0 418.0 0.1742593975603684
45 40 42 0.0 0.0 47.0 0.0 1272.0 12.0 7.0 0.42372881355932196
45 40 43 0.0 0.0 38.0 0.0 1300.0 9.0 10.0 0.4204204204204203
45 40 44 0.0 0.0 0.0 0.0 55.0 0.0 0.0 0.6812652068126519
45 40 45 0.0 0.0 0.0 0.0 32.0 0.0 0.0 0.6889763779527558
45 41 35 0.0 0.0 0.0 0.0 4.0 0.0 0.0 0.6986027944111775
45 41 36 0.0 0.0 1.0 0.0 43.0 0.0 0.0 0.684931506849315
45 41 37 0.0 0.0 2.0 0.0 130.0 1.0 0.0 0.6572769953051641
45 41 38 0.0 0.0 145.0 0.0 3298.0 18.0 73.0 0.25801695539992625
45 41 39 0.0 0.0 535.0 0.0 10154.0 22.0 2744.0 0.11042751222590312
45 41 40 0.0 0.0 243.0 0.0 5594.0 24.0 357.0 0.1789823574533367
45 41 41 0.0 0.0 158.0 0.0 3978.0 19.0 137.0 0.22894521668029433
45 41 42 0.0 0.0 148.0 0.0 3769.0 19.0 138.0 0.23724792408066425
45 41 43 0.0 0.0 125.0 0.0 2663.0 16.0 49.0 0.29337803855825645
45 41 44 0.0 0.0 8.0 0.0 105.0 1.0 0.0 0.6628787878787878
45 41 45 0.0 0.0 0.0 0.0 2.0 0.0 0.0 0.6993006993006992
45 42 36 0.0 0.0 0.0 0.0 14.0 0.0 0.0 0.6951340615690167
45 42 37 0.0 0.0 1.0 0.0 53.0 0.0 0.0 0.6819288845591815
45 42 38 0.0 0.0 141.0 0.0 3816.0 20.0 153.0 0.23588879528222406
45 42 39 0.0 0.0 115.0 0.0 2418.0 16.0 30.0 0.30994022581359304
45 42 40 0.0 0.0 223.0 0.0 4746.0 18.0 213.0 0.2012361650136553
45 42 41 0.0 0.0 1.0 0.0 131.0 0.0 0.0 0.6569685593618019
45 42 42 0.0 0.0 73.0 0.0 1996.0 15.0 30.0 0.34533793783917116
45 42 43 0.0 0.0 0.0 0.0 70.0 0.0 0.0 0.6763285024154588
45 42 44 0.0 0.0 0.0 0.0 19.0 0.0 0.0 0.6934125804853887
45 42 45 0.0 0.0 0.0 0.0 1.0 0.0 0.0 0.6996501749125437
45 43 37 0.0 0.0 0.0 0.0 28.0 0.0 0.0 0.690335305719921
45 43 38 0.0 0.0 80.0 0.0 2079.0 18.0 15.0 0.3380825887466795
45 43 39 0.0 0.0 540.0 0.0 9609.0 30.0 1953.0 0.11541632316570484
45 43 40 0.0 0.0 11.0 0.0 336.0 3.0 0.0 0.5972696245733787
45 43 41 0.0 0.0 13.0 0.0 301.0 3.0 1.0 0.6057983556901773
45 43 42 0.0 0.0 0.0 0.0 29.0 0.0 0.0 0.6899950714637751
45 43 43 0.0 0.0 0.0 0.0 11.0 0.0 0.0 0.6961710591745399
45 43 44 0.0 0.0 1.0 0.0 34.0 1.0 0.0 0.6882989183874139
45 44 37 0.0 0.0 0.0 0.0 3.0 0.0 0.0 0.6989515726410384
45 44 38 0.0 0.0 51.0 0.0 1381.0 12.0 14.0 0.40935672514619875
45 44 39 0.0 0.0 3.0 0.0 116.0 0.0 0.0 0.6606890042472864
45 44 40 0.0 0.0 111.0 0.0 2484.0 13.0 50.0 0.3055434308162374
45 44 41 0.0 0.0 0.0 0.0 6.0 0.0 0.0 0.6979062811565303
45 44 42 0.0 0.0 0.0 0.0 6.0 0.0 0.0 0.6982543640897755
45 44 43 0.0 0.0 0.0 0.0 1.0 0.0 0.0 0.6996501749125437
45 44 44 0.0 0.0 0.0 0.0 4.0 0.0 0.0 0.6986027944111775
45 45 37 0.0 0.0 0.0 0.0 4.0 0.0 0.0 0.6986027944111775
45 45 38 0.0 0.0 0.0 0.0 2.0 0.0 0.0 0.6993006993006992
45 45 39 0.0 0.0 0.0 0.0 4.0 0.0 0.0 0.6986027944111775
45 45 40 0.0 0.0 0.0 0.0 1.0 0.0 0.0 0.6996501749125437
45 45 42 0.0 0.0 0.0 0.0 1.0 0.0 0.0 0.6996501749125437
46 35 38 0.0 0.0 0.0 0.0 1.0 0.0 0.0 0.6996501749125437
46 35 39 0.0 0.0 0.0 0.0 1.0 0.0 0.0 0.6996501749125437
46 35 40 0.0 0.0 0.0 0.0 4.0 0.0 0.0 0.6986027944111775
46 36 38 0.0 0.0 0.0 0.0 21.0 0.0 0.0 0.6927263730826323
46 36 39 0.0 0.0 0.0 0.0 21.0 0.0 0.0 0.6930693069306929
46 36 40 0.0 0.0 6.0 0.0 105.0 0.0 0.0 0.6635071090047392
46 36 41 0.0 0.0 15.0 0.0 317.0 5.0 0.0 0.6016330038676406
46 36 42 0.0 0.0 5.0 0.0 86.0 3.0 0.0 0.6704980842911876
46 37 37 0.0 0.0 0.0 0.0 1.0 0.0 0.0 0.6996501749125437
46 37 38 0.0 0.0 47.0 0.0 987.0 6.0 5.0 0.46235138705416107
46 37 39 0.0 0.0 46.0 0.0 1189.0 11.0 12.0 0.4343779087806391
46 37 40 0.0 0.0 158.0 0.0 3805.0 16.0 110.0 0.23521505376344085
46 37 41 0.0 0.0 77.0 0.0 1985.0 12.0 34.0 0.34559368057269807
46 37 42 0.0 0.0 0.0 0.0 78.0 0.0 0.0 0.6737247353224253
46 37 43 0.0 0.0 1.0 0.0 9.0 1.0 0.0 0.6968641114982577
46 38 37 0.0 0.0 0.0 0.0 10.0 0.0 0.0 0.6965174129353233
46 38 38 0.0 0.0 0.0 0.0 22.0 0.0 0.0 0.6923837784371908
46 38 39 0.0 0.0 37.0 0.0 902.0 11.0 3.0 0.47814207650273216
46 38 40 0.0 0.0 14.0 0.0 405.0 3.0 3.0 0.5792304509722795
46 38 41 0.0 0.0 3.0 0.0 280.0 0.0 0.0 0.6132282084975909
46 38 42 0.0 0.0 2.0 0.0 151.0 0.0 0.0 0.6502554575011611
46 38 43 0.0 0.0 0.0 0.0 2.0 0.0 0.0 0.6993006993006992
46 38 45 0.0 0.0 0.0 0.0 1.0 0.0 0.0 0.6996501749125437
46 39 37 0.0 0.0 0.0 0.0 5.0 0.0 0.0 0.6982543640897755
46 39 38 0.0 0.0 0.0 0.0 6.0 0.0 0.0 0.6979062811565303
46 39 39 0.0 0.0 7.0 0.0 121.0 2.0 1.0 0.6585136406396989
46 39 40 0.0 0.0 5.0 0.0 160.0 0.0 0.0 0.6466512702078521
46 39 41 0.0 0.0 26.0 0.0 507.0 8.0 1.0 0.5544554455445544
46 39 42 0.0 0.0 42.0 0.0 975.0 7.0 3.0 0.46496180670873455
46 39 43 0.0 0.0 0.0 0.0 4.0 0.0 0.0 0.6986027944111775
46 39 44 0.0 0.0 0.0 0.0 2.0 0.0 0.0 0.6993006993006992
46 40 37 0.0 0.0 0.0 0.0 6.0 0.0 0.0 0.6979062811565303
46 40 38 0.0 0.0 28.0 0.0 533.0 9.0 3.0 0.5485893416927898
46 40 39 0.0 0.0 4.0 0.0 76.0 0.0 0.0 0.6737247353224253
46 40 40 0.0 0.0 10.0 0.0 306.0 1.0 1.0 0.6047516198704103
46 40 41 0.0 0.0 7.0 0.0 165.0 0.0 0.0 0.6445672191528544
46 40 42 0.0 0.0 0.0 0.0 30.0 0.0 0.0 0.689655172413793
46 40 43 0.0 0.0 0.0 0.0 2.0 0.0 0.0 0.6993006993006992
46 41 37 0.0 0.0 46.0 0.0 1004.0 6.0 6.0 0.45992115637319314
46 41 38 0.0 0.0 0.0 0.0 49.0 0.0 0.0 0.6835937499999999
46 41 39 0.0 0.0 86.0 0.0 1790.0 10.0 20.0 0.3621314019658561
46 41 40 0.0 0.0 3.0 0.0 137.0 0.0 0.0 0.6545114539504441
46 41 41 0.0 0.0 4.0 0.0 158.0 2.0 0.0 0.648148148148148
46 41 42 0.0 0.0 0.0 0.0 24.0 0.0 0.0 0.6920415224913494
46 41 43 0.0 0.0 0.0 0.0 3.0 0.0 0.0 0.6989515726410384
46 42 37 0.0 0.0 0.0 0.0 9.0 0.0 0.0 0.6968641114982577
46 42 38 0.0 0.0 8.0 0.0 422.0 4.0 2.0 0.5773195876288658
46 42 39 0.0 0.0 31.0 0.0 712.0 8.0 2.0 0.5118829981718463
46 42 40 0.0 0.0 51.0 0.0 1127.0 9.0 5.0 0.4416403785488959
46 42 41 0.0 0.0 0.0 0.0 17.0 0.0 0.0 0.694100148735746
46 42 42 0.0 0.0 0.0 0.0 7.0 0.0 0.0 0.6975585450921773
46 43 37 0.0 0.0 1.0 0.0 20.0 0.0 0.0 0.6927263730826323
46 43 38 0.0 0.0 38.0 0.0 816.0 9.0 1.0 0.4920913884007029
46 43 39 0.0 0.0 128.0 0.0 3172.0 12.0 75.0 0.2646002646002646
46 43 40 0.0 0.0 3.0 0.0 61.0 2.0 0.0 0.6789524733268669
46 43 41 0.0 0.0 0.0 0.0 6.0 0.0 0.0 0.6979062811565303
46 43 43 0.0 0.0 0.0 0.0 1.0 0.0 0.0 0.6996501749125437
46 44 37 0.0 0.0 0.0 0.0 1.0 0.0 0.0 0.6996501749125437
46 44 38 0.0 0.0 22.0 0.0 679.0 6.0 2.0 0.5194805194805194
46 44 39 0.0 0.0 3.0 0.0 124.0 2.0 0.0 0.6588235294117646
46 44 40 0.0 0.0 0.0 0.0 36.0 0.0 0.0 0.6876227897838899
46 45 37 0.0 0.0 0.0 0.0 1.0 0.0 0.0 0.6996501749125437
46 45 39 0.0 0.0 0.0 0.0 2.0 0.0 0.0 0.6993006993006992
46 45 40 0.0 0.0 0.0 0.0 1.0 0.0 0.0 0.6996501749125437
46 45 41 0.0 0.0 0.0 0.0 1.0 0.0 0.0 0.6996501749125437
47 36 39 0.0 0.0 0.0 0.0 12.0 0.0 0.0 0.6958250497017892
47 36 40 0.0 0.0 0.0 0.0 4.0 0.0 0.0 0.6986027944111775
47 36 41 0.0 0.0 0.0 0.0 4.0 0.0 0.0 0.6986027944111775
47 36 42 0.0 0.0 0.0 0.0 2.0 0.0 0.0 0.6993006993006992
47 37 38 0.0 0.0 0.0 0.0 2.0 0.0 0.0 0.6993006993006992
47 37 39 0.0 0.0 0.0 0.0 1.0 0.0 0.0 0.6996501749125437
47 37 40 0.0 0.0 0.0 0.0 6.0 0.0 0.0 0.6979062811565303
47 37 41 0.0 0.0 0.0 0.0 5.0 0.0 0.0 0.6982543640897755
47 38 39 0.0 0.0 0.0 0.0 4.0 0.0 0.0 0.6986027944111775
47 38 40 0.0 0.0 0.0 0.0 6.0 0.0 0.0 0.6979062811565303
47 38 41 0.0 0.0 6.0 0.0 177.0 1.0 0.0 0.6416131989000916
47 38 42 0.0 0.0 0.0 0.0 1.0 0.0 0.0 0.6996501749125437
47 39 38 0.0 0.0 0.0 0.0 1.0 0.0 0.0 0.6996501749125437
47 39 40 0.0 0.0 0.0 0.0 1.0 0.0 0.0 0.6996501749125437
47 39 41 0.0 0.0 0.0 0.0 2.0 1.0 0.0 0.6996501749125437
47 40 38 0.0 0.0 0.0 0.0 1.0 0.0 0.0 0.6996501749125437
47 41 40 0.0 0.0 0.0 0.0 1.0 0.0 0.0 0.6996501749125437
47 42 38 0.0 0.0 0.0 0.0 2.0 0.0 0.0 0.6993006993006992
47 42 39 0.0 0.0 0.0 0.0 1.0 0.0 0.0 0.6996501749125437
47 42 40 0.0 0.0 0.0 0.0 1.0 0.0 0.0 0.6996501749125437
47 43 38 0.0 0.0 0.0 0.0 3.0 0.0 0.0 0.6989515726410384
47 43 39 0.0 0.0 0.0 0.0 3.0 0.0 0.0 0.6989515726410384
47 43 41 0.0 0.0 0.0 0.0 1.0 0.0 0.0 0.6996501749125437
47 44 38 0.0 0.0 0.0 0.0 1.0 0.0 0.0 0.6996501749125437
47 45 38 0.0 0.0 0.0 0.0 1.0 0.0 0.0 0.6996501749125437
