34 39 38 0.0 0.0 0.0 0.0 2.0 0.0 0.0 0.6993006993006992
34 39 39 0.0 0.0 0.0 0.0 1.0 0.0 0.0 0.6996501749125437
34 40 38 0.0 0.0 3.0 0.0 36.0 0.0 0.0 0.6866110838646394
34 40 39 0.0 0.0 1.0 0.0 3.0 1.0 0.0 0.6989515726410384
34 40 40 0.0 0.0 0.0 0.0 3.0 0.0 0.0 0.6989515726410384
34 41 39 0.0 0.0 0.0 0.0 6.0 0.0 0.0 0.6979062811565303
34 42 38 0.0 0.0 3.0 0.0 18.0 1.0 0.0 0.6930693069306929
34 42 39 0.0 0.0 1.0 0.0 14.0 0.0 0.0 0.694789081885856
34 42 40 0.0 0.0 0.0 0.0 1.0 0.0 0.0 0.6996501749125437
35 37 39 0.0 0.0 0.0 0.0 1.0 0.0 0.0 0.6996501749125437
35 37 42 0.0 0.0 0.0 0.0 1.0 0.0 0.0 0.6996501749125437
35 38 37 0.0 0.0 0.0 0.0 3.0 0.0 0.0 0.6989515726410384
35 38 38 0.0 0.0 0.0 0.0 5.0 0.0 0.0 0.6982543640897755
35 38 40 0.0 0.0 0.0 0.0 4.0 0.0 0.0 0.6986027944111775
35 38 41 0.0 0.0 0.0 0.0 1.0 0.0 0.0 0.6996501749125437
35 38 42 0.0 0.0 0.0 0.0 2.0 0.0 0.0 0.6993006993006992
35 38 43 0.0 0.0 0.0 0.0 1.0 0.0 0.0 0.6996501749125437
35 39 37 0.0 0.0 0.0 0.0 2.0 0.0 0.0 0.6993006993006992
35 39 38 0.0 0.0 6.0 0.0 142.0 2.0 0.0 0.6523765144454798
35 39 39 0.0 0.0 1.0 0.0 21.0 0.0 0.0 0.6923837784371908
35 39 40 0.0 0.0 1.0 0.0 19.0 0.0 0.0 0.6930693069306929
35 39 41 0.0 0.0 0.0 0.0 6.0 0.0 0.0 0.6979062811565303
35 39 42 0.0 0.0 0.0 0.0 2.0 0.0 0.0 0.6993006993006992
35 39 43 0.0 0.0 0.0 0.0 10.0 0.0 0.0 0.6965174129353233
35 40 37 0.0 0.0 0.0 0.0 2.0 0.0 0.0 0.6993006993006992
35 40 38 0.0 0.0 13.0 0.0 321.0 3.0 0.0 0.6006006006006005
35 40 39 0.0 0.0 122.0 0.0 2967.0 11.0 76.0 0.2756990941315478
35 40 40 0.0 0.0 0.0 0.0 24.0 0.0 0.0 0.6916996047430829
35 40 41 0.0 0.0 0.0 0.0 10.0 0.0 0.0 0.6965174129353233
35 40 42 0.0 0.0 1.0 0.0 17.0 1.0 0.0 0.694100148735746
35 40 43 0.0 0.0 0.0 0.0 5.0 0.0 0.0 0.6982543640897755
35 40 44 0.0 0.0 1.0 0.0 8.0 0.0 0.0 0.6968641114982577
35 41 37 0.0 0.0 0.0 0.0 1.0 0.0 0.0 0.6996501749125437
35 41 38 0.0 0.0 1.0 0.0 23.0 1.0 0.0 0.6920415224913494
35 41 39 0.0 0.0 95.0 0.0 2266.0 13.0 29.0 0.3219130834674637
35 41 40 0.0 0.0 0.0 0.0 27.0 0.0 0.0 0.6906758756783422
35 41 41 0.0 0.0 0.0 0.0 6.0 0.0 0.0 0.6979062811565303
35 41 42 0.0 0.0 0.0 0.0 14.0 0.0 0.0 0.695479384003974
35 41 43 0.0 0.0 0.0 0.0 8.0 0.0 0.0 0.697211155378486
35 42 38 0.0 0.0 0.0 0.0 1.0 0.0 0.0 0.6996501749125437
35 42 39 0.0 0.0 0.0 0.0 5.0 0.0 0.0 0.6982543640897755
35 42 40 0.0 0.0 1.0 0.0 22.0 0.0 0.0 0.6920415224913494
35 42 41 0.0 0.0 0.0 0.0 9.0 0.0 0.0 0.6968641114982577
35 42 42 0.0 0.0 0.0 0.0 8.0 0.0 0.0 0.697211155378486
35 42 43 0.0 0.0 0.0 0.0 4.0 0.0 0.0 0.6986027944111775
35 43 41 0.0 0.0 0.0 0.0 2.0 0.0 0.0 0.6993006993006992
35 43 42 0.0 0.0 1.0 0.0 6.0 0.0 0.0 0.6975585450921773
35 43 43 0.0 0.0 0.0 0.0 3.0 0.0 0.0 0.6989515726410384
36 35 38 0.0 0.0 0.0 0.0 1.0 0.0 0.0 0.6996501749125437
36 36 37 0.0 0.0 1.0 0.0 28.0 1.0 0.0 0.690335305719921
36 36 38 0.0 0.0 0.0 0.0 2.0 0.0 0.0 0.6993006993006992
36 36 39 0.0 0.0 0.0 0.0 4.0 0.0 0.0 0.6986027944111775
36 36 40 0.0 0.0 0.0 0.0 8.0 0.0 0.0 0.697211155378486
36 36 41 0.0 0.0 0.0 0.0 1.0 0.0 0.0 0.6996501749125437
36 36 42 0.0 0.0 0.0 0.0 1.0 0.0 0.0 0.6996501749125437
36 36 43 0.0 0.0 0.0 0.0 1.0 0.0 0.0 0.6996501749125437
36 37 36 0.0 0.0 0.0 0.0 4.0 0.0 0.0 0.6986027944111775
36 37 37 0.0 0.0 0.0 0.0 4.0 0.0 0.0 0.6989515726410384
36 37 38 0.0 0.0 0.0 0.0 49.0 0.0 0.0 0.6832601268911663
36 37 39 0.0 0.0 34.0 0.0 668.0 4.0 2.0 0.5189028910303928
36 37 40 0.0 0.0 24.0 0.0 426.0 5.0 0.0 0.5728314238952537
36 37 41 0.0 0.0 29.0 0.0 706.0 6.0 2.0 0.5130084279956026
36 37 42 0.0 0.0 0.0 0.0 55.0 0.0 0.0 0.6812652068126519
36 37 43 0.0 0.0 0.0 0.0 2.0 0.0 0.0 0.6993006993006992
36 38 36 0.0 0.0 0.0 0.0 1.0 0.0 0.0 0.6996501749125437
36 38 37 0.0 0.0 0.0 0.0 5.0 0.0 0.0 0.6982543640897755
36 38 38 0.0 0.0 8.0 0.0 185.0 5.0 0.0 0.639853747714808
36 38 39 0.0 0.0 30.0 0.0 676.0 5.0 3.0 0.5183265457238059
36 38 40 0.0 0.0 72.0 0.0 1488.0 13.0 16.0 0.3945885005636978
36 38 41 0.0 0.0 7.0 0.0 296.0 2.0 0.0 0.6084311169056931
36 38 42 0.0 0.0 2.0 0.0 147.0 0.0 0.0 0.6514657980456026
36 38 43 0.0 0.0 0.0 0.0 8.0 0.0 0.0 0.697211155378486
36 38 44 0.0 0.0 0.0 0.0 8.0 0.0 0.0 0.697211155378486
36 39 36 0.0 0.0 0.0 0.0 3.0 0.0 0.0 0.6989515726410384
36 39 37 0.0 0.0 5.0 0.0 118.0 2.0 0.0 0.66006600660066
36 39 38 0.0 0.0 128.0 0.0 3464.0 13.0 100.0 0.2509410288582183
36 39 39 0.0 0.0 121.0 0.0 2798.0 10.0 70.0 0.28513238289205695
36 39 40 0.0 0.0 63.0 0.0 1740.0 9.0 30.0 0.3690036900369003
36 39 41 0.0 0.0 1.0 0.0 136.0 2.0 0.0 0.6557377049180326
36 39 42 0.0 0.0 206.0 0.0 4058.0 24.0 132.0 0.2243230251562249
36 39 43 0.0 0.0 0.0 0.0 21.0 0.0 0.0 0.6927263730826323
36 39 44 0.0 0.0 0.0 0.0 1.0 0.0 0.0 0.6996501749125437
36 40 37 0.0 0.0 0.0 0.0 18.0 1.0 0.0 0.694100148735746
36 40 38 0.0 0.0 82.0 0.0 2013.0 8.0 15.0 0.3426333822809593
36 40 39 0.0 0.0 294.0 0.0 6663.0 16.0 680.0 0.15647703140717556
36 40 40 0.0 0.0 115.0 0.0 2294.0 16.0 34.0 0.3188339785925757
36 40 41 0.0 0.0 28.0 0.0 624.0 8.0 1.0 0.529701097237987
36 40 42 0.0 0.0 4.0 0.0 271.0 2.0 0.0 0.6161971830985915
36 40 43 0.0 0.0 63.0 0.0 1508.0 15.0 12.0 0.3937007874015747
36 40 44 0.0 0.0 0.0 0.0 8.0 0.0 0.0 0.697211155378486
36 41 37 0.0 0.0 2.0 0.0 138.0 0.0 0.0 0.6542056074766354
36 41 38 0.0 0.0 84.0 0.0 1944.0 8.0 24.0 0.34843205574912883
36 41 39 0.0 0.0 178.0 0.0 4492.0 13.0 229.0 0.21017865185407594
36 41 40 0.0 0.0 50.0 0.0 1134.0 11.0 4.0 0.44136191677175274
36 41 41 0.0 0.0 261.0 0.0 5503.0 24.0 335.0 0.1807151155285917
36 41 42 0.0 0.0 240.0 0.0 5165.0 23.0 239.0 0.18959913326110509
36 41 43 0.0 0.0 14.0 0.0 515.0 3.0 1.0 0.5542359461599367
36 41 44 0.0 0.0 0.0 0.0 6.0 0.0 0.0 0.6979062811565303
36 42 37 0.0 0.0 0.0 0.0 15.0 0.0 0.0 0.694789081885856
36 42 38 0.0 0.0 0.0 0.0 60.0 0.0 0.0 0.6796116504854368
36 42 39 0.0 0.0 14.0 0.0 314.0 5.0 0.0 0.6031882809133993
36 42 40 0.0 0.0 25.0 0.0 544.0 5.0 1.0 0.5460218408736348
36 42 41 0.0 0.0 22.0 0.0 560.0 6.0 1.0 0.5439005439005438
36 42 42 0.0 0.0 185.0 0.0 3565.0 15.0 77.0 0.24411508282476022
36 42 43 0.0 0.0 8.0 0.0 277.0 4.0 1.0 0.6137658921525645
36 42 44 0.0 0.0 0.0 0.0 18.0 0.0 0.0 0.6937561942517343
36 43 37 0.0 0.0 0.0 0.0 3.0 0.0 0.0 0.6993006993006992
36 43 38 0.0 0.0 0.0 0.0 11.0 0.0 0.0 0.6961710591745399
36 43 39 0.0 0.0 4.0 0.0 163.0 0.0 0.0 0.646054453161052
36 43 40 0.0 0.0 7.0 0.0 160.0 1.0 0.0 0.6463527239150507
36 43 41 0.0 0.0 1.0 0.0 94.0 1.0 0.0 0.6685768863419292
36 43 42 0.0 0.0 0.0 0.0 21.0 0.0 0.0 0.6927263730826323
36 43 43 0.0 0.0 0.0 0.0 17.0 0.0 0.0 0.694100148735746
36 43 44 0.0 0.0 0.0 0.0 6.0 0.0 0.0 0.6979062811565303
36 44 39 0.0 0.0 0.0 0.0 1.0 0.0 0.0 0.6996501749125437
36 44 40 0.0 0.0 0.0 0.0 3.0 0.0 0.0 0.6989515726410384
36 44 41 0.0 0.0 1.0 0.0 30.0 0.0 0.0 0.6893156080748399
36 44 42 0.0 0.0 0.0 0.0 6.0 0.0 0.0 0.6979062811565303
36 45 38 0.0 0.0 0.0 0.0 1.0 0.0 0.0 0.6996501749125437
37 35 39 0.0 0.0 0.0 0.0 2.0 0.0 0.0 0.6993006993006992
37 35 40 0.0 0.0 0.0 0.0 2.0 0.0 0.0 0.6993006993006992
37 36 36 0.0 0.0 0.0 0.0 2.0 0.0 0.0 0.6993006993006992
37 36 37 0.0 0.0 0.0 0.0 3.0 0.0 0.0 0.6989515726410384
37 36 38 0.0 0.0 0.0 0.0 14.0 0.0 0.0 0.6951340615690167
37 36 39 0.0 0.0 67.0 0.0 1615.0 12.0 12.0 0.38147138964577654
37 36 40 0.0 0.0 0.0 0.0 38.0 0.0 0.0 0.6869479882237487
37 36 41 0.0 0.0 7.0 0.0 146.0 3.0 0.0 0.6511627906976742
37 36 42 0.0 0.0 0.0 0.0 9.0 0.0 0.0 0.6968641114982577
37 36 43 0.0 0.0 0.0 0.0 2.0 0.0 0.0 0.6993006993006992
37 37 36 0.0 0.0 0.0 0.0 5.0 0.0 0.0 0.6982543640897755
37 37 37 0.0 0.0 123.0 0.0 2866.0 17.0 60.0 0.28152020912929815
37 37 38 0.0 0.0 110.0 0.0 2475.0 19.0 49.0 0.3066141042487954
37 37 39 0.0 0.0 15.0 0.0 713.0 6.0 4.0 0.5145167217934582
37 37 40 0.0 0.0 284.0 0.0 6317.0 21.0 538.0 0.16305613789890516
37 37 41 0.0 0.0 29.0 0.0 985.0 3.0 6.0 0.46496180670873455
37 37 42 0.0 0.0 139.0 0.0 3077.0 21.0 67.0 0.26938618433711753
37 37 43 0.0 0.0 0.0 0.0 22.0 0.0 0.0 0.6923837784371908
37 38 36 0.0 0.0 0.0 0.0 3.0 0.0 0.0 0.6989515726410384
37 38 37 0.0 0.0 19.0 0.0 501.0 4.0 0.0 0.5564387917329093
37 38 38 0.0 0.0 164.0 0.0 3876.0 17.0 133.0 0.23232658479920343
37 38 39 0.0 0.0 560.0 0.0 10515.0 30.0 3295.0 0.10720575848074124
37 38 40 0.0 0.0 486.0 0.0 9313.0 23.0 1681.0 0.11881524229822624
37 38 41 0.0 0.0 721.0 0.0 11560.0 31.0 4329.0 0.09810791871058162
37 38 42 0.0 0.0 105.0 0.0 3000.0 15.0 73.0 0.27515723270440245
37 38 43 0.0 0.0 1.0 0.0 39.0 1.0 0.0 0.6866110838646394
37 38 44 0.0 0.0 0.0 0.0 7.0 0.0 0.0 0.6975585450921773
37 39 36 0.0 0.0 0.0 0.0 9.0 0.0 0.0 0.697211155378486
37 39 37 0.0 0.0 41.0 0.0 1115.0 13.0 3.0 0.44543429844097987
37 39 38 0.0 0.0 167.0 0.0 4062.0 13.0 158.0 0.2251165782280109
37 39 39 0.0 0.0 305.0 0.0 7530.0 15.0 949.0 0.14250814332247558
37 39 40 0.0 0.0 370.0 0.0 7886.0 18.0 1078.0 0.13670539986329458
37 39 41 0.0 0.0 226.0 0.0 4592.0 20.0 196.0 0.20594292438952633
37 39 42 0.0 0.0 121.0 0.0 3217.0 9.0 94.0 0.26266416510318946
37 39 43 0.0 0.0 274.0 0.0 5402.0 23.0 292.0 0.18286311389759663
37 39 44 0.0 0.0 0.0 0.0 17.0 0.0 0.0 0.694100148735746
37 40 36 0.0 0.0 0.0 0.0 14.0 0.0 0.0 0.6951340615690167
37 40 37 0.0 0.0 5.0 0.0 159.0 1.0 0.0 0.6472491909385112
37 40 38 0.0 0.0 218.0 0.0 5256.0 20.0 292.0 0.1877682403433476
37 40 39 0.0 0.0 825.0 0.0 12369.0 33.0 6065.0 0.09215376513954711
37 40 40 0.0 0.0 446.0 0.0 9276.0 24.0 1770.0 0.11957635804578065
37 40 41 0.0 0.0 377.0 0.0 8202.0 18.0 1252.0 0.13248793413456988
37 40 42 0.0 0.0 297.0 0.0 6968.0 17.0 761.0 0.15126958400864396
37 40 43 0.0 0.0 125.0 0.0 3288.0 13.0 91.0 0.25930727912576396
37 40 44 0.0 0.0 47.0 0.0 799.0 12.0 3.0 0.49400141143260407
37 41 36 0.0 0.0 0.0 0.0 1.0 0.0 0.0 0.6996501749125437
37 41 37 0.0 0.0 3.0 0.0 89.0 0.0 0.0 0.6692160611854684
37 41 38 0.0 0.0 318.0 0.0 6801.0 19.0 634.0 0.15377855887521966
37 41 39 0.0 0.0 477.0 0.0 9430.0 15.0 1815.0 0.1176767252248466
37 41 40 0.0 0.0 446.0 0.0 8974.0 27.0 1599.0 0.12286090390522159
37 41 41 0.0 0.0 547.0 0.0 10261.0 27.0 2556.0 0.10944340212632893
37 41 42 0.0 0.0 760.0 0.0 11896.0 26.0 5887.0 0.09555661729574771
37 41 43 0.0 0.0 35.0 0.0 997.0 8.0 4.0 0.46280991735537186
37 41 44 0.0 0.0 0.0 0.0 9.0 0.0 0.0 0.697211155378486
37 42 37 0.0 0.0 2.0 0.0 96.0 0.0 0.0 0.6673021925643469
37 42 38 0.0 0.0 218.0 0.0 4996.0 23.0 266.0 0.19455252918287935
37 42 39 0.0 0.0 245.0 0.0 5442.0 22.0 336.0 0.1826007564888483
37 42 40 0.0 0.0 379.0 0.0 8097.0 16.0 1151.0 0.13377926421404682
37 42 41 0.0 0.0 142.0 0.0 3585.0 14.0 117.0 0.2449265220433869
37 42 42 0.0 0.0 226.0 0.0 5099.0 15.0 269.0 0.19146608315098465
37 42 43 0.0 0.0 273.0 0.0 5948.0 18.0 468.0 0.1705860850493481
37 42 44 0.0 0.0 10.0 0.0 175.0 4.0 0.0 0.6419073819348922
37 43 37 0.0 0.0 0.0 0.0 3.0 0.0 0.0 0.6989515726410384
37 43 38 0.0 0.0 31.0 0.0 733.0 5.0 3.0 0.5074302283436026
37 43 39 0.0 0.0 70.0 0.0 1713.0 9.0 14.0 0.3709591944886062
37 43 40 0.0 0.0 38.0 0.0 843.0 7.0 3.0 0.48729550991994425
37 43 41 0.0 0.0 283.0 0.0 6306.0 21.0 453.0 0.16334150040835374
37 43 42 0.0 0.0 7.0 0.0 264.0 4.0 0.0 0.6175562417291574
37 43 43 0.0 0.0 14.0 0.0 313.0 2.0 1.0 0.6021505376344085
37 43 44 0.0 0.0 0.0 0.0 5.0 0.0 0.0 0.6982543640897755
37 44 38 0.0 0.0 0.0 0.0 6.0 0.0 0.0 0.6979062811565303
37 44 39 0.0 0.0 60.0 0.0 1255.0 7.0 10.0 0.4232164449818621
37 44 40 0.0 0.0 0.0 0.0 30.0 0.0 0.0 0.689655172413793
37 44 41 0.0 0.0 0.0 0.0 16.0 0.0 0.0 0.6944444444444444
37 44 42 0.0 0.0 0.0 0.0 8.0 0.0 0.0 0.697211155378486
37 45 39 0.0 0.0 0.0 0.0 1.0 0.0 0.0 0.6996501749125437
37 45 41 0.0 0.0 0.0 0.0 1.0 0.0 0.0 0.6996501749125437
38 35 39 0.0 0.0 0.0 0.0 1.0 0.0 0.0 0.6996501749125437
38 35 40 0.0 0.0 0.0 0.0 5.0 0.0 0.0 0.6982543640897755
38 36 36 0.0 0.0 0.0 0.0 4.0 0.0 0.0 0.6986027944111775
38 36 37 0.0 0.0 2.0 0.0 14.0 1.0 0.0 0.694789081885856
38 36 38 0.0 0.0 0.0 0.0 47.0 0.0 0.0 0.6842619745845552
38 36 39 0.0 0.0 2.0 0.0 106.0 0.0 0.0 0.6641366223908918
38 36 40 0.0 0.0 18.0 0.0 368.0 5.0 1.0 0.5877413937867337
38 36 41 0.0 0.0 15.0 0.0 298.0 2.0 1.0 0.606060606060606
38 36 42 0.0 0.0 0.0 0.0 26.0 0.0 0.0 0.6910167818361302
38 36 43 0.0 0.0 0.0 0.0 2.0 0.0 0.0 0.6993006993006992
38 36 44 0.0 0.0 0.0 0.0 1.0 0.0 0.0 0.6996501749125437
38 37 35 0.0 0.0 0.0 0.0 1.0 0.0 0.0 0.6996501749125437
38 37 36 0.0 0.0 0.0 0.0 21.0 0.0 0.0 0.6930693069306929
38 37 37 0.0 0.0 35.0 0.0 1052.0 11.0 6.0 0.4549886252843678
38 37 38 0.0 0.0 97.0 0.0 2595.0 12.0 55.0 0.2990813928647724
38 37 39 0.0 0.0 375.0 0.0 7906.0 28.0 1103.0 0.13641235506187274
38 37 40 0.0 0.0 162.0 0.0 3845.0 19.0 127.0 0.23376189681081982
38 37 41 0.0 0.0 167.0 0.0 4125.0 14.0 190.0 0.2230009557183816
38 37 42 0.0 0.0 42.0 0.0 1141.0 7.0 5.0 0.4409448818897637
38 37 43 0.0 0.0 9.0 0.0 137.0 3.0 0.0 0.6532897806812878
38 37 44 0.0 0.0 0.0 0.0 4.0 0.0 0.0 0.6986027944111775
38 38 35 0.0 0.0 0.0 0.0 5.0 0.0 0.0 0.6982543640897755
38 38 36 0.0 0.0 2.0 0.0 80.0 1.0 0.0 0.6727534839019701
38 38 37 0.0 0.0 70.0 0.0 1389.0 10.0 8.0 0.4059147579008408
38 38 38 0.0 0.0 700.0 0.0 11653.0 21.0 4993.0 0.09760858955588092
38 38 39 0.0 0.0 638.0 0.0 11102.0 19.0 3372.0 0.1019219569015725
38 38 40 0.0 0.0 427.0 0.0 8538.0 21.0 1219.0 0.12786555849849301
38 38 41 0.0 0.0 719.0 0.0 11953.0 29.0 4987.0 0.0955044682447643
38 38 42 0.0 0.0 402.0 0.0 8283.0 33.0 1091.0 0.13139371187236037
38 38 43 0.0 0.0 111.0 0.0 2727.0 16.0 57.0 0.29033596018249685
38 38 44 0.0 0.0 0.0 0.0 7.0 0.0 0.0 0.6975585450921773
38 39 35 0.0 0.0 0.0 0.0 7.0 0.0 0.0 0.6975585450921773
38 39 36 0.0 0.0 4.0 0.0 98.0 0.0 0.0 0.6663493574488338
38 39 37 0.0 0.0 275.0 0.0 5910.0 22.0 386.0 0.1713796058269066
38 39 38 0.0 0.0 436.0 0.0 8434.0 29.0 1320.0 0.1290560471976401
38 39 39 0.0 0.0 1218.0 0.0 13002.0 27.0 16034.0 0.08628127696289904
38 39 40 0.0 0.0 1364.0 0.0 13018.0 44.0 18627.0 0.08550662676357416
38 39 41 0.0 0.0 534.0 0.0 10638.0 24.0 3280.0 0.10631027412863542
38 39 42 0.0 0.0 356.0 0.0 7225.0 27.0 764.0 0.14644351464435146
38 39 43 0.0 0.0 80.0 0.0 1913.0 10.0 23.0 0.35149384885764495
38 39 44 0.0 0.0 39.0 0.0 826.0 10.0 2.0 0.4903677758318738
38 39 45 0.0 0.0 0.0 0.0 2.0 0.0 0.0 0.6993006993006992
38 40 35 0.0 0.0 0.0 0.0 3.0 0.0 0.0 0.6989515726410384
38 40 36 0.0 0.0 6.0 0.0 140.0 1.0 0.0 0.6526806526806526
38 40 37 0.0 0.0 87.0 0.0 2732.0 14.0 63.0 0.29148448886112843
38 40 38 0.0 0.0 513.0 0.0 9617.0 19.0 1974.0 0.11542583889850769
38 40 39 0.0 0.0 1125.0 0.0 13344.0 33.0 11955.0 0.08496692359045942
38 40 40 0.0 0.0 1008.0 0.0 13054.0 37.0 11659.0 0.08720568082720817
38 40 41 0.0 0.0 1045.0 1.0 12942.0 35.0 11021.0 0.08758758758758757
38 40 42 0.0 0.0 675.0 0.0 11447.0 27.0 3408.0 0.09923447689254322
38 40 43 0.0 0.0 185.0 0.0 4190.0 13.0 145.0 0.21998742928975482
38 40 44 0.0 0.0 1.0 0.0 69.0 1.0 0.0 0.6766553890768486
38 40 45 0.0 0.0 0.0 0.0 1.0 0.0 0.0 0.6996501749125437
38 41 35 0.0 0.0 0.0 0.0 3.0 0.0 0.0 0.6989515726410384
38 41 36 0.0 0.0 3.0 0.0 106.0 3.0 0.0 0.6650831353919239
38 41 37 0.0 0.0 102.0 0.0 2574.0 10.0 53.0 0.30004286326618085
38 41 38 0.0 0.0 248.0 6.0 5723.0 27.0 410.0 0.17603420093046646
38 41 39 0.0 0.0 898.0 0.0 12608.0 31.0 8475.0 0.09030510223827645
38 41 40 0.0 0.0 1301.0 0.0 12796.0 34.0 19155.0 0.08692412765429032
38 41 41 0.0 0.0 879.0 1.0 12693.0 33.0 6903.0 0.08999742864489585
38 41 42 0.0 0.0 594.0 0.0 10586.0 34.0 2690.0 0.10643150372510263
38 41 43 0.0 0.0 141.0 0.0 3642.0 17.0 99.0 0.24263431542461006
38 41 44 0.0 0.0 10.0 0.0 218.0 2.0 1.0 0.6292134831460673
38 41 45 0.0 0.0 0.0 0.0 2.0 0.0 0.0 0.6993006993006992
38 42 36 0.0 0.0 1.0 0.0 48.0 1.0 0.0 0.6839276990718123
38 42 37 0.0 0.0 0.0 0.0 71.0 1.0 0.0 0.6763285024154588
38 42 38 0.0 0.0 162.0 2.0 3945.0 14.0 154.0 0.2296964725184577
38 42 39 0.0 0.0 744.0 0.0 11730.0 25.0 4761.0 0.09681211534472027
38 42 40 0.0 0.0 881.0 1.0 12549.0 25.0 7702.0 0.0907205806117159
38 42 41 0.0 0.0 710.0 0.0 11767.0 35.0 4495.0 0.09682550660488276
38 42 42 0.0 0.0 170.0 1.0 3540.0 22.0 91.0 0.2460889435753208
38 42 43 0.0 0.0 112.0 0.0 2691.0 11.0 52.0 0.2920926350928437
38 42 44 0.0 0.0 12.0 0.0 324.0 4.0 0.0 0.6003430531732418
38 42 45 0.0 0.0 0.0 0.0 1.0 0.0 0.0 0.6996501749125437
38 43 36 0.0 0.0 0.0 0.0 14.0 0.0 0.0 0.6951340615690167
38 43 37 0.0 0.0 1.0 0.0 30.0 0.0 0.0 0.6893156080748399
38 43 38 0.0 0.0 10.0 0.0 346.0 4.0 0.0 0.5952380952380951
38 43 39 0.0 0.0 425.0 1.0 8611.0 15.0 1540.0 0.12689205111936916
38 43 40 0.0 0.0 235.0 1.0 5537.0 22.0 345.0 0.18059855521155826
38 43 41 0.0 0.0 90.0 0.0 2284.0 11.0 24.0 0.3208801283520513
38 43 42 0.0 0.0 46.0 0.0 1203.0 14.0 8.0 0.43276661514683146
38 43 43 0.0 0.0 5.0 0.0 65.0 3.0 0.0 0.6773101112723753
38 43 44 0.0 0.0 38.0 0.0 983.0 2.0 7.0 0.4635761589403972
38 44 36 0.0 0.0 0.0 0.0 2.0 0.0 0.0 0.6993006993006992
38 44 37 0.0 0.0 0.0 0.0 3.0 0.0 0.0 0.6993006993006992
38 44 38 0.0 0.0 0.0 0.0 46.0 0.0 0.0 0.6842619745845552
38 44 39 0.0 0.0 0.0 0.0 61.0 0.0 0.0 0.6796116504854368
38 44 40 0.0 0.0 52.0 0.0 1130.0 8.0 4.0 0.4409448818897637
38 44 41 0.0 0.0 0.0 0.0 30.0 0.0 0.0 0.689655172413793
38 44 42 0.0 0.0 3.0 0.0 57.0 0.0 0.0 0.6796116504854368
38 44 44 0.0 0.0 0.0 0.0 1.0 0.0 0.0 0.0
38 45 39 0.0 0.0 0.0 0.0 1.0 0.0 0.0 0.6996501749125437
38 45 40 0.0 0.0 0.0 0.0 1.0 0.0 0.0 0.0
39 35 39 0.0 0.0 0.0 0.0 4.0 0.0 0.0 0.6986027944111775
39 35 40 0.0 0.0 0.0 0.0 2.0 0.0 0.0 0.6993006993006992
39 35 41 0.0 0.0 0.0 0.0 1.0 0.0 0.0 0.6996501749125437
39 36 35 0.0 0.0 0.0 0.0 4.0 0.0 0.0 0.6986027944111775
39 36 36 0.0 0.0 1.0 0.0 19.0 0.0 0.0 0.6930693069306929
39 36 37 0.0 0.0 0.0 0.0 23.0 0.0 0.0 0.6920415224913494
39 36 38 0.0 0.0 2.0 0.0 100.0 1.0 0.0 0.6666666666666665
39 36 39 0.0 0.0 10.0 0.0 442.0 2.0 1.0 0.5714285714285713
39 36 40 0.0 0.0 154.0 0.0 3755.0 22.0 101.0 0.23773136355917812
39 36 41 0.0 0.0 10.0 0.0 354.0 2.0 0.0 0.592718035563082
39 36 42 0.0 0.0 6.0 0.0 137.0 3.0 0.0 0.6542056074766354
39 36 43 0.0 0.0 0.0 0.0 1.0 0.0 0.0 0.6996501749125437
39 36 44 0.0 0.0 0.0 0.0 4.0 0.0 0.0 0.6986027944111775
39 37 35 0.0 0.0 0.0 0.0 2.0 0.0 0.0 0.6993006993006992
39 37 36 0.0 0.0 38.0 0.0 1157.0 12.0 6.0 0.43983663210807405
39 37 37 0.0 0.0 185.0 0.0 4673.0 21.0 218.0 0.20473822755191576
39 37 38 0.0 0.0 233.0 0.0 5603.0 14.0 365.0 0.1789823574533367
39 37 39 0.0 0.0 252.0 0.0 5794.0 17.0 428.0 0.17430278884462147
39 37 40 0.0 0.0 592.0 0.0 10730.0 42.0 2971.0 0.10523941967977146
39 37 41 0.0 0.0 532.0 0.0 9682.0 24.0 2232.0 0.11477291359239218
39 37 42 0.0 0.0 60.0 0.0 1388.0 7.0 4.0 0.40697674418604646
39 37 43 0.0 0.0 102.0 0.0 2605.0 17.0 53.0 0.29850746268656714
39 37 44 0.0 0.0 0.0 0.0 4.0 0.0 0.0 0.6986027944111775
39 38 35 0.0 0.0 4.0 0.0 70.0 1.0 0.0 0.6753497346840327
39 38 36 0.0 0.0 95.0 0.0 2360.0 9.0 36.0 0.31481897908702494
39 38 37 0.0 0.0 379.0 0.0 8375.0 15.0 1487.0 0.13028103480364786
39 38 38 0.0 0.0 596.0 0.0 10867.0 23.0 3076.0 0.10402734433050971
39 38 39 0.0 0.0 619.0 0.0 11298.0 29.0 3919.0 0.10066148979004888
39 38 40 0.0 0.0 1159.0 0.0 13151.0 37.0 13147.0 0.08584743684081432
39 38 41 0.0 0.0 456.0 0.0 9038.0 20.0 1707.0 0.12192997735586132
39 38 42 0.0 0.0 577.0 0.0 10364.0 27.0 2675.0 0.10830045640906628
39 38 43 0.0 0.0 86.0 0.0 2256.0 18.0 33.0 0.3237742830712303
39 38 44 0.0 0.0 55.0 0.0 1230.0 7.0 9.0 0.42708968883465526
39 38 45 0.0 0.0 0.0 0.0 1.0 0.0 0.0 0.6996501749125437
39 39 35 0.0 0.0 5.0 0.0 128.0 5.0 0.0 0.6578947368421051
39 39 36 0.0 0.0 223.0 0.0 5040.0 23.0 245.0 0.19323671497584535
39 39 37 0.0 0.0 335.0 0.0 7848.0 21.0 1075.0 0.13772749631087064
39 39 38 0.0 0.0 948.0 0.0 12897.0 39.0 8178.0 0.0884452587023817
39 39 39 2.0 1.0 1494.0 8.0 13064.0 29.0 21355.0 0.08442889880593413
39 39 40 0.0 2.0 1573.0 13.0 13392.0 36.0 20169.0 0.0824742268041237
39 39 41 0.0 3.0 1719.0 11.0 12901.0 50.0 25969.0 0.08426628144938003
39 39 42 0.0 0.0 568.0 3.0 10334.0 20.0 2680.0 0.10854396030392308
39 39 43 0.0 0.0 168.0 0.0 3844.0 18.0 125.0 0.23360587351910558
39 39 44 0.0 0.0 11.0 0.0 178.0 1.0 0.0 0.639853747714808
39 40 35 0.0 0.0 0.0 0.0 19.0 0.0 0.0 0.6934125804853887
39 40 36 0.0 0.0 162.0 0.0 3446.0 20.0 84.0 0.25053686471009307
39 40 37 0.0 0.0 575.0 0.0 10101.0 18.0 2313.0 0.11046236389458733
39 40 38 0.0 0.0 959.0 3.0 12831.0 35.0 8845.0 0.08871427666180849
39 40 39 0.0 0.0 1585.0 7.0 13184.0 41.0 22294.0 0.08341277407054336
39 40 40 0.0 5.0 2367.0 28.0 11277.0 54.0 44592.0 0.08925156190233328
39 40 41 1.0 4.0 1286.0 65.0 13621.0 33.0 14478.0 0.08246936852026389
39 40 42 0.0 3.0 436.0 57.0 9238.0 29.0 1952.0 0.11950490823730259
39 40 43 0.0 0.0 447.0 0.0 9129.0 12.0 1642.0 0.12097122612978484
39 40 44 0.0 0.0 127.0 0.0 3099.0 21.0 81.0 0.2689721421709894
39 40 45 0.0 0.0 0.0 0.0 2.0 0.0 0.0 0.6993006993006992
39 41 35 0.0 0.0 0.0 0.0 10.0 0.0 0.0 0.6965174129353233
39 41 36 0.0 0.0 37.0 0.0 1270.0 7.0 6.0 0.4242424242424242
39 41 37 0.0 0.0 262.0 0.0 6444.0 16.0 492.0 0.16110471806674337
39 41 38 0.0 0.0 263.0 0.0 6240.0 20.0 531.0 0.165016501650165
39 41 39 0.0 0.0 1141.0 26.0 13503.0 35.0 12093.0 0.08401848406649462
39 41 40 0.0 4.0 1680.0 37.0 12576.0 43.0 26850.0 0.08590011044299914
39 41 41 0.0 0.0 1232.0 47.0 13522.0 30.0 13169.0 0.08334325514942255
39 41 42 0.0 0.0 691.0 24.0 11595.0 25.0 5877.0 0.09790209790209789
39 41 43 0.0 0.0 601.0 0.0 10689.0 22.0 2788.0 0.10541374896468637
39 41 44 0.0 0.0 8.0 0.0 266.0 3.0 0.0 0.6164685160722148
39 41 45 0.0 0.0 0.0 0.0 1.0 0.0 0.0 0.6996501749125437
39 42 35 0.0 0.0 0.0 0.0 1.0 0.0 0.0 0.6996501749125437
39 42 36 0.0 0.0 0.0 0.0 74.0 0.0 0.0 0.6750241080038573
39 42 37 0.0 0.0 397.0 0.0 8136.0 25.0 1328.0 0.1330671989354624
39 42 38 0.0 0.0 215.0 0.0 5304.0 18.0 317.0 0.18656716417910446
39 42 39 0.0 3.0 319.0 23.0 7007.0 10.0 693.0 0.14982876712328763
39 42 40 0.0 0.0 762.0 46.0 11753.0 26.0 5026.0 0.09610104338275671
39 42 41 0.0 5.0 859.0 56.0 12473.0 23.0 7786.0 0.09099772505687358
39 42 42 0.0 0.0 238.0 23.0 5665.0 16.0 381.0 0.1769240490332364
39 42 43 0.0 0.0 384.0 0.0 7797.0 26.0 993.0 0.1377546000196792
39 42 44 0.0 0.0 68.0 0.0 2039.0 13.0 36.0 0.3420473979965795
39 42 45 0.0 0.0 0.0 0.0 1.0 0.0 0.0 0.6996501749125437
39 43 36 0.0 0.0 0.0 0.0 19.0 0.0 0.0 0.6934125804853887
39 43 37 0.0 0.0 200.0 0.0 3998.0 15.0 125.0 0.2263906856403622
39 43 38 0.0 0.0 122.0 0.0 2289.0 17.0 35.0 0.31854379977246866
39 43 39 0.0 0.0 316.0 0.0 6922.0 25.0 625.0 0.15189324075078658
39 43 40 0.0 0.0 89.0 0.0 2810.0 8.0 85.0 0.2862400327131465
39 43 41 0.0 0.0 218.0 0.0 5648.0 17.0 414.0 0.17829852266938356
39 43 42 0.0 0.0 79.0 1.0 1656.0 17.0 9.0 0.37654653039268415
39 43 43 0.0 0.0 26.0 0.0 332.0 8.0 1.0 0.5959982971477223
39 43 44 0.0 0.0 0.0 0.0 24.0 0.0 0.0 0.6916996047430829
39 44 36 0.0 0.0 0.0 0.0 2.0 0.0 0.0 0.6993006993006992
39 44 37 0.0 0.0 0.0 0.0 18.0 0.0 0.0 0.6937561942517343
39 44 38 0.0 0.0 4.0 0.0 161.0 4.0 0.0 0.6478482184173993
39 44 39 0.0 0.0 4.0 0.0 106.0 1.0 0.0 0.6638217164532954
39 44 40 0.0 0.0 4.0 0.0 160.0 3.0 0.0 0.6478482184173993
39 44 41 0.0 0.0 1.0 0.0 44.0 0.0 0.0 0.6845965770171147
39 44 42 0.0 0.0 0.0 0.0 19.0 1.0 0.0 0.6937561942517343
39 44 43 0.0 0.0 0.0 0.0 1.0 0.0 0.0 0.6996501749125437
39 45 41 0.0 0.0 0.0 0.0 1.0 0.0 0.0 0.6996501749125437
40 35 39 0.0 0.0 0.0 0.0 3.0 0.0 0.0 0.6989515726410384
40 35 40 0.0 0.0 0.0 0.0 3.0 0.0 0.0 0.6989515726410384
40 35 41 0.0 0.0 0.0 0.0 3.0 0.0 0.0 0.6989515726410384
40 36 36 0.0 0.0 16.0 0.0 361.0 4.0 0.0 0.5899705014749261
40 36 37 0.0 0.0 1.0 0.0 53.0 0.0 0.0 0.6815968841285296
40 36 38 0.0 0.0 4.0 0.0 238.0 2.0 1.0 0.6252791424743188
40 36 39 0.0 0.0 132.0 0.0 3143.0 14.0 57.0 0.26595744680851063
40 36 40 0.0 0.0 3.0 0.0 213.0 0.0 0.0 0.6320541760722347
40 36 41 0.0 0.0 19.0 0.0 292.0 4.0 0.0 0.6068487212830515
40 36 42 0.0 0.0 0.0 0.0 64.0 0.0 0.0 0.6782945736434108
40 36 43 0.0 0.0 0.0 0.0 3.0 0.0 0.0 0.6989515726410384
40 37 35 0.0 0.0 0.0 0.0 6.0 0.0 0.0 0.6979062811565303
40 37 36 0.0 0.0 149.0 0.0 3220.0 20.0 71.0 0.2616822429906542
40 37 37 0.0 0.0 33.0 0.0 1485.0 7.0 13.0 0.39897406668566543
40 37 38 0.0 0.0 293.0 0.0 6314.0 27.0 491.0 0.1629802095459837
40 37 39 0.0 0.0 442.0 0.0 8825.0 27.0 1357.0 0.12448870709585629
40 37 40 0.0 0.0 335.0 0.0 6968.0 24.0 693.0 0.15078082929456108
40 37 41 0.0 0.0 121.0 0.0 2729.0 18.0 54.0 0.2897950734837507
40 37 42 0.0 0.0 74.0 0.0 1746.0 15.0 12.0 0.3681304233499868
40 37 43 0.0 0.0 37.0 0.0 1008.0 7.0 2.0 0.46082949308755755
40 37 44 0.0 0.0 0.0 0.0 15.0 0.0 0.0 0.694789081885856
40 38 35 0.0 0.0 1.0 0.0 6.0 0.0 0.0 0.6975585450921773
40 38 36 0.0 0.0 100.0 0.0 2002.0 14.0 24.0 0.3423820004891171
40 38 37 0.0 0.0 687.0 0.0 11590.0 24.0 4888.0 0.09808729769494849
40 38 38 0.0 0.0 1126.0 0.0 13083.0 29.0 13285.0 0.08638242734620842
40 38 39 0.0 0.0 891.0 0.0 12627.0 29.0 7418.0 0.09028180821564454
40 38 40 0.0 0.0 909.0 1.0 12877.0 32.0 7395.0 0.0887255212624374
40 38 41 0.0 0.0 994.0 2.0 12987.0 34.0 8912.0 0.08770830722967045
40 38 42 0.0 0.0 658.0 1.0 11204.0 27.0 3622.0 0.10104655359076145
40 38 43 0.0 0.0 151.0 0.0 3485.0 15.0 88.0 0.24902170046246883
40 38 44 0.0 0.0 4.0 0.0 175.0 3.0 0.0 0.6433823529411764
40 39 35 0.0 0.0 13.0 0.0 243.0 2.0 1.0 0.6211180124223601
40 39 36 0.0 0.0 152.0 0.0 3357.0 12.0 73.0 0.2546843732945242
40 39 37 0.0 0.0 574.0 0.0 10820.0 30.0 3188.0 0.10466507177033492
40 39 38 0.0 0.0 1074.0 0.0 13203.0 46.0 11524.0 0.08609556607834695
40 39 39 0.0 1.0 1572.0 17.0 12801.0 42.0 24192.0 0.08545443447476041
40 39 40 0.0 0.0 1499.0 8.0 13593.0 44.0 19312.0 0.08185219831618334
40 39 41 0.0 2.0 1488.0 43.0 13252.0 37.0 18279.0 0.08339786739739083
40 39 42 0.0 0.0 1152.0 1.0 13253.0 37.0 12576.0 0.08538147222052814
40 39 43 0.0 0.0 336.0 0.0 6995.0 23.0 686.0 0.15031135924414857
40 39 44 0.0 0.0 55.0 0.0 1200.0 9.0 5.0 0.43130006161429446
40 39 45 0.0 0.0 0.0 0.0 10.0 0.0 0.0 0.6965174129353233
40 40 35 0.0 0.0 4.0 0.0 110.0 1.0 0.0 0.6625650733554187
40 40 36 0.0 0.0 285.0 0.0 6709.0 15.0 621.0 0.1558499387732383
40 40 37 0.0 0.0 568.0 0.0 10477.0 26.0 3054.0 0.1074361138822807
40 40 38 0.0 0.0 1230.0 0.0 13178.0 36.0 15010.0 0.08532423208191126
40 40 39 0.0 14.0 1771.0 109.0 12946.0 47.0 26394.0 0.08316502316739931
40 40 40 8.0 64.0 2705.0 338.0 8678.0 72.0 69762.0 0.10143457469931892
40 40 41 0.0 3.0 2151.0 39.0 11755.0 53.0 39532.0 0.0877577885037297
40 40 42 0.0 5.0 1022.0 61.0 13218.0 43.0 10156.0 0.08594229588704726
40 40 43 0.0 0.0 470.0 0.0 9151.0 22.0 1716.0 0.12059608924110603
40 40 44 0.0 0.0 5.0 0.0 282.0 0.0 0.0 0.6121556624398775
40 41 35 0.0 0.0 1.0 0.0 60.0 0.0 0.0 0.6792819019893255
40 41 36 0.0 0.0 51.0 0.0 1211.0 11.0 4.0 0.4306367271608735
40 41 37 0.0 0.0 355.0 0.0 8450.0 35.0 1497.0 0.1298821783096762
40 41 38 0.0 0.0 772.0 2.0 12152.0 30.0 4886.0 0.09386523633925577
40 41 39 0.0 1.0 1224.0 10.0 13699.0 40.0 12862.0 0.08268367587999054
40 41 40 0.0 11.0 1528.0 113.0 13286.0 42.0 20079.0 0.0826153664581612
40 41 41 0.0 437.0 1107.0 5571.0 9232.0 39.0 17345.0 0.07627349496050122
40 41 42 0.0 2.0 1034.0 48.0 12981.0 28.0 11392.0 0.08717852917367207
40 41 43 0.0 0.0 110.0 0.0 3040.0 11.0 70.0 0.2724795640326975
40 41 44 0.0 0.0 116.0 0.0 2546.0 19.0 27.0 0.30152918371742404
40 41 45 0.0 0.0 0.0 0.0 4.0 0.0 0.0 0.6986027944111775
40 42 35 0.0 0.0 0.0 0.0 12.0 0.0 0.0 0.6961710591745399
40 42 36 0.0 0.0 4.0 0.0 276.0 3.0 0.0 0.6148440931049626
40 42 37 0.0 0.0 33.0 0.0 1106.0 5.0 9.0 0.44657097288676234
40 42 38 0.0 0.0 712.0 0.0 11548.0 22.0 5236.0 0.09827319949459495
40 42 39 0.0 0.0 626.0 3.0 11014.0 20.0 3387.0 0.10268446530731992
40 42 40 0.0 1.0 1263.0 20.0 13558.0 32.0 13365.0 0.08308605341246289
40 42 41 0.0 6.0 608.0 94.0 10814.0 25.0 3470.0 0.10365763364430622
40 42 42 0.0 1.0 263.0 93.0 5747.0 24.0 377.0 0.17324588541022148
40 42 43 0.0 0.0 467.0 0.0 9518.0 23.0 1969.0 0.11692975862356968
40 42 44 0.0 0.0 57.0 0.0 1307.0 9.0 8.0 0.41716328963051247
40 42 45 0.0 0.0 0.0 0.0 2.0 0.0 0.0 0.6993006993006992
40 43 36 0.0 0.0 9.0 0.0 241.0 3.0 0.0 0.6233303650934995
40 43 37 0.0 0.0 4.0 0.0 204.0 2.0 1.0 0.6346328195829555
40 43 38 0.0 0.0 323.0 0.0 6602.0 26.0 501.0 0.1572327044025157
40 43 39 0.0 0.0 230.0 0.0 5146.0 20.0 287.0 0.1902690948627344
40 43 40 0.0 0.0 131.0 9.0 3303.0 22.0 103.0 0.25820730357801547
40 43 41 0.0 0.0 465.0 0.0 9195.0 14.0 1718.0 0.1201201201201201
40 43 42 0.0 0.0 169.0 0.0 3887.0 13.0 133.0 0.23167301009432398
40 43 43 0.0 0.0 13.0 0.0 387.0 3.0 1.0 0.5843071786310516
40 43 44 0.0 0.0 24.0 0.0 443.0 9.0 0.0 0.5695687550854353
40 43 45 0.0 0.0 0.0 0.0 1.0 0.0 0.0 0.6996501749125437
40 44 37 0.0 0.0 0.0 0.0 20.0 0.0 0.0 0.6930693069306929
40 44 38 0.0 0.0 0.0 0.0 34.0 0.0 0.0 0.6882989183874139
40 44 39 0.0 0.0 0.0 0.0 24.0 0.0 0.0 0.6916996047430829
40 44 40 0.0 0.0 7.0 0.0 142.0 0.0 0.0 0.6514657980456026
40 44 41 0.0 0.0 27.0 0.0 680.0 6.0 2.0 0.5183265457238059
40 44 42 0.0 0.0 0.0 0.0 49.0 0.0 0.0 0.6832601268911663
40 44 43 0.0 0.0 0.0 0.0 3.0 0.0 0.0 0.6989515726410384
40 45 40 0.0 0.0 0.0 0.0 1.0 0.0 0.0 0.6996501749125437
41 35 38 0.0 0.0 0.0 0.0 1.0 0.0 0.0 0.6996501749125437
41 35 39 0.0 0.0 0.0 0.0 8.0 0.0 0.0 0.697211155378486
41 35 40 0.0 0.0 2.0 0.0 25.0 0.0 0.0 0.6906758756783422
41 35 41 0.0 0.0 0.0 0.0 2.0 0.0 0.0 0.6993006993006992
41 36 35 0.0 0.0 0.0 0.0 2.0 0.0 0.0 0.6993006993006992
41 36 36 0.0 0.0 2.0 0.0 95.0 1.0 0.0 0.6679389312977099
41 36 37 0.0 0.0 31.0 0.0 559.0 7.0 1.0 0.5420054200542004
41 36 38 0.0 0.0 3.0 0.0 189.0 0.0 0.0 0.6386861313868613
41 36 39 0.0 0.0 40.0 0.0 1052.0 9.0 4.0 0.45425048669694995
41 36 40 0.0 0.0 28.0 0.0 580.0 4.0 1.0 0.5376344086021504
41 36 41 0.0 0.0 0.0 0.0 37.0 0.0 0.0 0.6872852233676975
41 36 42 0.0 0.0 0.0 0.0 16.0 0.0 0.0 0.6944444444444444
41 36 43 0.0 0.0 4.0 0.0 49.0 1.0 0.0 0.6822612085769979
41 37 35 0.0 0.0 0.0 0.0 1.0 0.0 0.0 0.6996501749125437
41 37 36 0.0 0.0 115.0 0.0 3175.0 8.0 73.0 0.26500094643195155
41 37 37 0.0 0.0 560.0 0.0 10145.0 24.0 2345.0 0.11021886317115413
41 37 38 0.0 0.0 323.0 0.0 7029.0 18.0 672.0 0.14986084350246195
41 37 39 0.0 0.0 684.0 0.0 11320.0 23.0 4053.0 0.09997857601942439
41 37 40 0.0 0.0 110.0 0.0 3279.0 14.0 93.0 0.26051358392259016
41 37 41 0.0 0.0 311.0 1.0 6369.0 22.0 496.0 0.1616814874696847
41 37 42 0.0 0.0 198.0 0.0 4814.0 18.0 230.0 0.20011435105774728
41 37 43 0.0 0.0 17.0 0.0 511.0 2.0 2.0 0.5542359461599367
41 37 44 0.0 0.0 0.0 0.0 10.0 0.0 0.0 0.6965174129353233
41 38 35 0.0 0.0 0.0 0.0 9.0 1.0 0.0 0.697211155378486
41 38 36 0.0 0.0 43.0 0.0 1203.0 10.0 13.0 0.43263288009888745
41 38 37 0.0 0.0 197.0 0.0 4864.0 21.0 237.0 0.19883539269990058
41 38 38 0.0 0.0 847.0 0.0 12500.0 32.0 8335.0 0.09124087591240874
41 38 39 0.0 0.0 586.0 0.0 11062.0 19.0 3678.0 0.10263177186423281
41 38 40 0.0 0.0 593.0 0.0 10920.0 24.0 3378.0 0.10364995928037313
41 38 41 0.0 8.0 635.0 145.0 10896.0 24.0 3326.0 0.1023990637799883
41 38 42 0.0 0.0 625.0 0.0 11057.0 19.0 3711.0 0.10236162901221027
41 38 43 0.0 0.0 266.0 0.0 5838.0 24.0 395.0 0.17318159327065807
41 38 44 0.0 0.0 3.0 0.0 200.0 1.0 0.0 0.6357856494096276
41 39 35 0.0 0.0 1.0 0.0 22.0 1.0 0.0 0.6923837784371908
41 39 36 0.0 0.0 54.0 0.0 1360.0 9.0 15.0 0.41128084606345466
41 39 37 0.0 0.0 416.0 0.0 7944.0 24.0 963.0 0.13540961408259986
41 39 38 0.0 0.0 988.0 1.0 13102.0 35.0 8879.0 0.08704843623702044
41 39 39 0.0 0.0 1824.0 4.0 12082.0 43.0 31706.0 0.08793417498900821
41 39 40 0.0 2.0 1443.0 9.0 13333.0 28.0 19175.0 0.08339289969025493
41 39 41 0.0 0.0 1802.0 5.0 12210.0 51.0 30969.0 0.0873962169923216
41 39 42 0.0 0.0 1109.0 0.0 13133.0 33.0 11873.0 0.08621751447222563
41 39 43 0.0 0.0 440.0 0.0 9037.0 24.0 1763.0 0.12215338975656571
41 39 44 0.0 0.0 84.0 0.0 2206.0 13.0 18.0 0.3274087932647333
41 39 45 0.0 0.0 0.0 0.0 3.0 0.0 0.0 0.6989515726410384
41 40 35 0.0 0.0 6.0 0.0 134.0 0.0 0.0 0.6542056074766354
41 40 36 0.0 0.0 260.0 0.0 5646.0 17.0 384.0 0.17743979721166028
41 40 37 0.0 0.0 588.0 0.0 10879.0 34.0 3358.0 0.10404280618311533
41 40 38 0.0 0.0 983.0 0.0 13164.0 33.0 9034.0 0.08674101610904583
41 40 39 0.0 0.0 1610.0 7.0 12904.0 47.0 23247.0 0.08473037583973853
41 40 40 0.0 0.0 1331.0 23.0 13472.0 28.0 16118.0 0.08314032899815903
41 40 41 0.0 4.0 1994.0 48.0 11613.0 56.0 36887.0 0.08939403614073174
41 40 42 0.0 3.0 1182.0 30.0 13312.0 27.0 12427.0 0.08469449485783423
41 40 43 0.0 0.0 208.0 0.0 5594.0 17.0 405.0 0.17978682419416978
41 40 44 0.0 0.0 85.0 0.0 2000.0 13.0 29.0 0.34381139489194495
41 40 45 0.0 0.0 0.0 0.0 2.0 0.0 0.0 0.6993006993006992
41 41 35 0.0 0.0 6.0 0.0 129.0 0.0 0.0 0.6557377049180326
41 41 36 0.0 0.0 419.0 0.0 7841.0 20.0 883.0 0.1365454013459475
41 41 37 0.0 0.0 787.0 0.0 12037.0 24.0 5805.0 0.09446056271506645
41 41 38 0.0 0.0 1039.0 1.0 13174.0 34.0 9807.0 0.08639308855291576
41 41 39 0.0 2.0 1840.0 17.0 12886.0 43.0 28010.0 0.08357211079274116
41 41 40 0.0 4.0 1795.0 30.0 12734.0 52.0 27847.0 0.0845359579735523
41 41 41 0.0 8.0 1373.0 77.0 13384.0 36.0 17033.0 0.08314032899815903
41 41 42 0.0 0.0 554.0 32.0 10233.0 26.0 2538.0 0.10931521824002498
41 41 43 0.0 0.0 323.0 0.0 6976.0 21.0 716.0 0.15082956259426844
41 41 44 0.0 0.0 18.0 0.0 494.0 6.0 1.0 0.5584363781412045
41 41 45 0.0 0.0 0.0 0.0 2.0 0.0 0.0 0.6993006993006992
41 42 35 0.0 0.0 3.0 0.0 81.0 0.0 0.0 0.6717850287907868
41 42 36 0.0 0.0 8.0 0.0 208.0 2.0 0.0 0.6329113924050632
41 42 37 0.0 0.0 184.0 0.0 3965.0 17.0 121.0 0.228310502283105
41 42 38 0.0 0.0 194.0 0.0 4833.0 18.0 241.0 0.1998857795545402
41 42 39 0.0 0.0 589.0 0.0 10676.0 42.0 3211.0 0.10579611577117812
41 42 40 0.0 4.0 827.0 45.0 12676.0 21.0 6283.0 0.09002057613168724
41 42 41 0.0 1.0 523.0 30.0 10215.0 28.0 2429.0 0.10972646759150402
41 42 42 0.0 1.0 639.0 14.0 11171.0 20.0 3590.0 0.10127314814814813
41 42 43 0.0 0.0 437.0 0.0 8313.0 20.0 1144.0 0.13030528667163066
41 42 44 0.0 0.0 0.0 0.0 77.0 0.0 0.0 0.6743737957610789
41 42 45 0.0 0.0 0.0 0.0 1.0 0.0 0.0 0.6996501749125437
41 43 37 0.0 0.0 56.0 0.0 1038.0 13.0 7.0 0.454397922752353
41 43 38 0.0 0.0 42.0 0.0 952.0 11.0 3.0 0.46948356807511726
41 43 39 0.0 0.0 152.0 0.0 4137.0 17.0 197.0 0.2232142857142857
41 43 40 0.0 0.0 206.0 0.0 5113.0 14.0 255.0 0.19167579408543264
41 43 41 0.0 0.0 173.0 0.0 4306.0 18.0 163.0 0.21668472372697722
41 43 42 0.0 0.0 167.0 0.0 3946.0 18.0 123.0 0.2296964725184577
41 43 43 0.0 0.0 112.0 0.0 2155.0 22.0 31.0 0.32979976442873965
41 43 44 0.0 0.0 13.0 0.0 248.0 3.0 0.0 0.6200177147918511
41 44 37 0.0 0.0 0.0 0.0 15.0 0.0 0.0 0.694789081885856
41 44 38 0.0 0.0 0.0 0.0 24.0 0.0 0.0 0.6916996047430829
41 44 39 0.0 0.0 1.0 0.0 65.0 0.0 0.0 0.6776379477250725
41 44 40 0.0 0.0 7.0 0.0 198.0 3.0 0.0 0.6357856494096276
41 44 41 0.0 0.0 0.0 0.0 61.0 0.0 0.0 0.6792819019893255
41 44 42 0.0 0.0 0.0 0.0 24.0 1.0 0.0 0.6920415224913494
41 44 43 0.0 0.0 1.0 0.0 26.0 1.0 0.0 0.6910167818361302
41 44 44 0.0 0.0 0.0 0.0 1.0 0.0 0.0 0.6996501749125437
42 35 36 0.0 0.0 0.0 0.0 1.0 0.0 0.0 0.6996501749125437
42 35 38 0.0 0.0 0.0 0.0 1.0 0.0 0.0 0.6996501749125437
42 35 40 0.0 0.0 0.0 0.0 1.0 0.0 0.0 0.6996501749125437
42 36 35 0.0 0.0 0.0 0.0 1.0 0.0 0.0 0.6996501749125437
42 36 36 0.0 0.0 2.0 0.0 58.0 0.0 0.0 0.6799417192812044
42 36 37 0.0 0.0 16.0 0.0 304.0 3.0 0.0 0.6042296072507551
42 36 38 0.0 0.0 72.0 0.0 1597.0 16.0 11.0 0.38324664659184227
42 36 39 0.0 0.0 2.0 0.0 142.0 1.0 0.0 0.6532897806812878
42 36 40 0.0 0.0 58.0 0.0 1510.0 8.0 15.0 0.3932584269662921
42 36 41 0.0 0.0 0.0 0.0 19.0 0.0 0.0 0.6934125804853887
42 36 42 0.0 0.0 3.0 0.0 109.0 0.0 1.0 0.6628787878787878
42 36 43 0.0 0.0 0.0 0.0 2.0 0.0 0.0 0.6993006993006992
42 37 35 0.0 0.0 0.0 0.0 6.0 0.0 0.0 0.6979062811565303
42 37 36 0.0 0.0 3.0 0.0 160.0 3.0 0.0 0.648148148148148
42 37 37 0.0 0.0 108.0 0.0 2783.0 21.0 43.0 0.28753337440952964
42 37 38 0.0 0.0 163.0 0.0 4145.0 18.0 154.0 0.22264631043256994
42 37 39 0.0 0.0 430.0 0.0 8697.0 26.0 1344.0 0.12596724851538596
42 37 40 0.0 0.0 240.0 0.0 5338.0 10.0 326.0 0.18491612732796192
42 37 41 0.0 0.0 223.0 0.0 4911.0 18.0 243.0 0.19676739283204495
42 37 42 0.0 0.0 47.0 0.0 1270.0 17.0 12.0 0.4242424242424242
42 37 43 0.0 0.0 1.0 0.0 197.0 0.0 1.0 0.6372325898953117
42 37 44 0.0 0.0 0.0 0.0 26.0 0.0 0.0 0.6910167818361302
42 38 35 0.0 0.0 0.0 0.0 3.0 0.0 0.0 0.6989515726410384
42 38 36 0.0 0.0 3.0 0.0 321.0 3.0 0.0 0.6031882809133993
42 38 37 0.0 0.0 300.0 0.0 6053.0 18.0 420.0 0.16790597265531298
42 38 38 0.0 0.0 844.0 0.0 12373.0 49.0 7331.0 0.09222053883143402
42 38 39 0.0 0.0 1040.0 0.0 13089.0 29.0 10836.0 0.08676789587852494
42 38 40 0.0 0.0 651.0 0.0 11120.0 29.0 3576.0 0.10175158078348716
42 38 41 0.0 0.0 674.0 0.0 11070.0 27.0 3354.0 0.1019367991845056
42 38 42 0.0 0.0 325.0 0.0 6887.0 30.0 690.0 0.15237265999129296
42 38 43 0.0 0.0 344.0 0.0 6765.0 23.0 705.0 0.15399846001539982
42 38 44 0.0 0.0 18.0 0.0 490.0 9.0 2.0 0.5606728073688425
42 39 35 0.0 0.0 9.0 0.0 134.0 2.0 0.0 0.6539000467071461
42 39 36 0.0 0.0 97.0 0.0 1835.0 13.0 10.0 0.3571428571428571
42 39 37 0.0 0.0 436.0 0.0 9053.0 22.0 1740.0 0.12196184336614685
42 39 38 0.0 0.0 613.0 0.0 10814.0 22.0 3074.0 0.10434523365879107
42 39 39 0.0 0.0 770.0 1.0 12243.0 21.0 6495.0 0.0932525144874442
42 39 40 0.0 2.0 790.0 14.0 12329.0 27.0 5046.0 0.0925497454881999
42 39 41 0.0 0.0 879.0 0.0 12881.0 21.0 7453.0 0.08880994671403196
42 39 42 0.0 0.0 938.0 1.0 12538.0 36.0 10586.0 0.09046849757673665
42 39 43 0.0 0.0 666.0 0.0 11237.0 22.0 3650.0 0.1007411671583795
42 39 44 0.0 0.0 32.0 0.0 953.0 7.0 5.0 0.4701141705842847
42 39 45 0.0 0.0 0.0 0.0 1.0 0.0 0.0 0.6996501749125437
42 40 35 0.0 0.0 1.0 0.0 34.0 1.0 0.0 0.6886374815543531
42 40 36 0.0 0.0 49.0 0.0 1115.0 10.0 9.0 0.4438807863031071
42 40 37 0.0 0.0 408.0 0.0 8803.0 15.0 1636.0 0.12494422132976347
42 40 38 0.0 0.0 1333.0 0.0 13356.0 45.0 16043.0 0.08394291881520566
42 40 39 0.0 0.0 1277.0 0.0 13537.0 43.0 14904.0 0.08332341387930008
42 40 40 0.0 0.0 1327.0 0.0 12984.0 37.0 19202.0 0.08587903324745429
42 40 41 0.0 0.0 988.0 2.0 13157.0 32.0 8202.0 0.08676251859196826
42 40 42 0.0 0.0 870.0 0.0 12471.0 37.0 6941.0 0.09134803601722562
42 40 43 0.0 0.0 350.0 0.0 7627.0 23.0 913.0 0.1405763630886635
42 40 44 0.0 0.0 21.0 0.0 766.0 1.0 4.0 0.5025125628140703
42 41 35 0.0 0.0 0.0 0.0 13.0 0.0 0.0 0.695479384003974
42 41 36 0.0 0.0 99.0 0.0 2066.0 17.0 19.0 0.3375120540019286
42 41 37 0.0 0.0 258.0 0.0 6010.0 20.0 461.0 0.16967640286025937
42 41 38 0.0 0.0 503.0 0.0 9277.0 22.0 1468.0 0.11897679952409278
42 41 39 0.0 0.0 921.0 0.0 12838.0 24.0 8394.0 0.08888888888888888
42 41 40 0.0 0.0 782.0 2.0 12069.0 22.0 5131.0 0.09428244326217251
42 41 41 0.0 0.0 1249.0 0.0 13108.0 32.0 15891.0 0.08554842652001221
42 41 42 0.0 0.0 698.0 0.0 11634.0 29.0 5292.0 0.09774488584793688
42 41 43 0.0 0.0 136.0 0.0 3456.0 15.0 116.0 0.2509860164933667
42 41 44 0.0 0.0 16.0 0.0 363.0 5.0 0.0 0.5897219882055602
42 41 45 0.0 0.0 0.0 0.0 2.0 0.0 0.0 0.6993006993006992
42 42 35 0.0 0.0 0.0 0.0 8.0 0.0 0.0 0.697211155378486
42 42 36 0.0 0.0 70.0 0.0 1925.0 15.0 22.0 0.3517587939698492
42 42 37 0.0 0.0 28.0 0.0 792.0 5.0 1.0 0.4978662873399715
42 42 38 0.0 0.0 397.0 0.0 8624.0 20.0 1731.0 0.12720334363074684
42 42 39 0.0 0.0 691.0 0.0 11453.0 39.0 4229.0 0.09909399773499432
42 42 40 0.0 0.0 1028.0 0.0 12909.0 28.0 10295.0 0.08779080704834764
42 42 41 0.0 0.0 627.0 0.0 11154.0 24.0 3866.0 0.10169984018596541
42 42 42 0.0 0.0 534.0 0.0 10298.0 21.0 2768.0 0.10924697619976588
42 42 43 0.0 0.0 131.0 0.0 3031.0 19.0 84.0 0.27216174183514774
42 42 44 0.0 0.0 0.0 0.0 37.0 0.0 0.0 0.6876227897838899
42 42 45 0.0 0.0 0.0 0.0 1.0 0.0 0.0 0.6996501749125437
42 43 36 0.0 0.0 2.0 0.0 37.0 0.0 0.0 0.6866110838646394
42 43 37 0.0 0.0 0.0 0.0 51.0 0.0 0.0 0.6829268292682925
42 43 38 0.0 0.0 6.0 0.0 237.0 2.0 0.0 0.6249999999999999
42 43 39 0.0 0.0 345.0 0.0 6740.0 13.0 611.0 0.15428697377121445
42 43 40 0.0 0.0 102.0 1.0 2792.0 14.0 64.0 0.28682646998565864
42 43 41 0.0 0.0 261.0 0.0 5694.0 21.0 365.0 0.17645576002016633
42 43 42 0.0 0.0 13.0 0.0 361.0 3.0 0.0 0.590717299578059
42 43 43 0.0 0.0 6.0 0.0 290.0 2.0 0.0 0.6102877070619005
42 43 44 0.0 0.0 0.0 0.0 14.0 0.0 0.0 0.6951340615690167
42 44 36 0.0 0.0 0.0 0.0 1.0 0.0 0.0 0.6996501749125437
42 44 37 0.0 0.0 0.0 0.0 2.0 0.0 0.0 0.6993006993006992
42 44 38 0.0 0.0 0.0 0.0 11.0 0.0 0.0 0.6961710591745399
42 44 39 0.0 0.0 5.0 0.0 95.0 1.0 0.0 0.6669842782277274
42 44 40 0.0 0.0 1.0 0.0 33.0 0.0 0.0 0.6882989183874139
42 44 41 0.0 0.0 0.0 0.0 34.0 0.0 0.0 0.6882989183874139
42 44 42 0.0 0.0 1.0 0.0 57.0 0.0 0.0 0.6802721088435373
42 44 43 0.0 0.0 4.0 0.0 69.0 2.0 0.0 0.6760019314340897
43 35 39 0.0 0.0 0.0 0.0 2.0 0.0 0.0 0.6993006993006992
43 35 40 0.0 0.0 0.0 0.0 3.0 0.0 0.0 0.6989515726410384
43 36 36 0.0 0.0 0.0 0.0 2.0 0.0 0.0 0.6993006993006992
43 36 37 0.0 0.0 0.0 0.0 27.0 1.0 0.0 0.6910167818361302
43 36 38 0.0 0.0 3.0 0.0 62.0 0.0 0.0 0.6779661016949151
43 36 39 0.0 0.0 23.0 0.0 491.0 4.0 1.0 0.5577689243027888
43 36 40 0.0 0.0 1.0 0.0 96.0 2.0 0.0 0.6682577565632457
43 36 41 0.0 0.0 0.0 0.0 12.0 0.0 0.0 0.6958250497017892
43 36 42 0.0 0.0 0.0 0.0 4.0 0.0 0.0 0.6986027944111775
43 37 35 0.0 0.0 0.0 0.0 1.0 0.0 0.0 0.6996501749125437
43 37 36 0.0 0.0 0.0 0.0 5.0 0.0 0.0 0.6982543640897755
43 37 37 0.0 0.0 13.0 0.0 342.0 3.0 1.0 0.5952380952380951
43 37 38 0.0 0.0 370.0 0.0 7442.0 21.0 892.0 0.142900888026947
43 37 39 0.0 0.0 126.0 0.0 3313.0 14.0 104.0 0.25782688766114176
43 37 40 0.0 0.0 97.0 0.0 2535.0 8.0 41.0 0.3028336577979666
43 37 41 0.0 0.0 108.0 0.0 2592.0 15.0 52.0 0.29863481228668937
43 37 42 0.0 0.0 12.0 0.0 358.0 6.0 1.0 0.5922165820642977
43 37 43 0.0 0.0 5.0 0.0 104.0 0.0 0.0 0.6638217164532954
43 37 44 0.0 0.0 0.0 0.0 9.0 0.0 0.0 0.6968641114982577
43 38 36 0.0 0.0 6.0 0.0 220.0 5.0 0.0 0.6303466906798738
43 38 37 0.0 0.0 122.0 0.0 3230.0 11.0 86.0 0.26212319790301436
43 38 38 0.0 0.0 341.0 0.0 7583.0 27.0 863.0 0.14138557867097554
43 38 39 0.0 0.0 489.0 0.0 9078.0 26.0 1653.0 0.12115967113803547
43 38 40 0.0 0.0 250.0 0.0 5715.0 23.0 364.0 0.17621145374449337
43 38 41 0.0 0.0 347.0 0.0 7189.0 21.0 774.0 0.14707427250761634
43 38 42 0.0 0.0 468.0 0.0 9246.0 19.0 1894.0 0.11958657213632867
43 38 43 0.0 0.0 79.0 0.0 1831.0 19.0 10.0 0.3598971722365038
43 38 44 0.0 0.0 21.0 0.0 439.0 6.0 0.0 0.5704971475142624
43 38 45 0.0 0.0 0.0 0.0 1.0 0.0 0.0 0.6996501749125437
43 39 36 0.0 0.0 51.0 0.0 976.0 10.0 1.0 0.4640371229698375
43 39 37 0.0 0.0 168.0 0.0 4113.0 14.0 153.0 0.2232142857142857
43 39 38 0.0 0.0 256.0 0.0 5940.0 12.0 463.0 0.1710028093318676
43 39 39 0.0 0.0 472.0 0.0 9559.0 21.0 2098.0 0.11642411642411642
43 39 40 0.0 0.0 707.0 0.0 11658.0 22.0 4583.0 0.09745910198398884
43 39 41 0.0 0.0 431.0 0.0 8413.0 17.0 1187.0 0.12923474568448257
43 39 42 0.0 0.0 351.0 0.0 7520.0 26.0 867.0 0.14216084484159217
43 39 43 0.0 0.0 120.0 0.0 3304.0 12.0 114.0 0.258636615555145
43 39 44 0.0 0.0 1.0 0.0 256.0 0.0 0.0 0.620292423571112
43 40 35 0.0 0.0 0.0 0.0 1.0 0.0 0.0 0.6996501749125437
43 40 36 0.0 0.0 40.0 0.0 809.0 18.0 5.0 0.4945249028611797
43 40 37 0.0 0.0 362.0 0.0 7456.0 26.0 758.0 0.14287172160424533
43 40 38 0.0 0.0 394.0 0.0 8125.0 24.0 1279.0 0.13332063612989237
43 40 39 0.0 0.0 424.0 0.0 9132.0 26.0 1870.0 0.12129613585167213
43 40 40 0.0 0.0 437.0 0.0 9232.0 22.0 1999.0 0.12006861063464834
43 40 41 0.0 0.0 448.0 0.0 8786.0 24.0 1401.0 0.12482168330955774
43 40 42 0.0 0.0 318.0 0.0 7160.0 26.0 744.0 0.14811680067710536
43 40 43 0.0 0.0 509.0 0.0 9818.0 34.0 2241.0 0.11378413524057217
43 40 44 0.0 0.0 13.0 0.0 380.0 5.0 0.0 0.5862646566164154
43 40 45 0.0 0.0 0.0 0.0 1.0 0.0 0.0 0.6996501749125437
43 41 35 0.0 0.0 0.0 0.0 4.0 0.0 0.0 0.6986027944111775
43 41 36 0.0 0.0 0.0 0.0 42.0 0.0 0.0 0.6856023506366307
43 41 37 0.0 0.0 41.0 0.0 1502.0 10.0 10.0 0.3963759909399773
43 41 38 0.0 0.0 222.0 0.0 4977.0 8.0 241.0 0.19460661662496523
43 41 39 0.0 0.0 550.0 0.0 10315.0 32.0 2738.0 0.10897485794348874
43 41 40 0.0 0.0 506.0 0.0 9992.0 16.0 2597.0 0.11201792286765881
43 41 41 0.0 0.0 516.0 0.0 9759.0 20.0 2138.0 0.11414594374235629
43 41 42 0.0 0.0 220.0 0.0 5592.0 18.0 386.0 0.17955623957932534
43 41 43 0.0 0.0 103.0 0.0 2156.0 21.0 28.0 0.3302665723047888
43 41 44 0.0 0.0 0.0 0.0 34.0 0.0 0.0 0.6882989183874139
43 42 35 0.0 0.0 0.0 0.0 1.0 0.0 0.0 0.6996501749125437
43 42 36 0.0 0.0 0.0 0.0 9.0 0.0 0.0 0.6968641114982577
43 42 37 0.0 0.0 11.0 0.0 210.0 3.0 0.0 0.6311992786293958
43 42 38 0.0 0.0 199.0 0.0 4751.0 17.0 234.0 0.20184544405997693
43 42 39 0.0 0.0 118.0 0.0 2883.0 15.0 59.0 0.28089887640449435
43 42 40 0.0 0.0 368.0 0.0 8150.0 20.0 1182.0 0.13326987148976677
43 42 41 0.0 0.0 183.0 0.0 3874.0 19.0 109.0 0.2317880794701986
43 42 42 0.0 0.0 130.0 0.0 3002.0 11.0 70.0 0.27333073018352205
43 42 43 0.0 0.0 55.0 0.0 1508.0 12.0 12.0 0.3942551393973528
43 42 44 0.0 0.0 0.0 0.0 5.0 0.0 0.0 0.6982543640897755
43 43 36 0.0 0.0 0.0 0.0 1.0 0.0 0.0 0.6996501749125437
43 43 37 0.0 0.0 1.0 0.0 73.0 0.0 0.0 0.6750241080038573
43 43 38 0.0 0.0 31.0 0.0 711.0 5.0 2.0 0.5115089514066495
43 43 39 0.0 0.0 117.0 0.0 2335.0 18.0 29.0 0.31581321903902543
43 43 40 0.0 0.0 65.0 0.0 1835.0 12.0 14.0 0.3600823045267489
43 43 41 0.0 0.0 171.0 0.0 3918.0 15.0 121.0 0.23041474654377878
43 43 42 0.0 0.0 61.0 0.0 1582.0 7.0 12.0 0.3851444291609353
43 43 43 0.0 0.0 8.0 0.0 185.0 2.0 0.0 0.6389776357827475
43 43 44 0.0 0.0 0.0 0.0 1.0 0.0 0.0 0.6996501749125437
43 44 38 0.0 0.0 0.0 0.0 10.0 0.0 0.0 0.6965174129353233
43 44 39 0.0 0.0 0.0 0.0 14.0 0.0 0.0 0.6951340615690167
43 44 40 0.0 0.0 54.0 0.0 1130.0 13.0 7.0 0.44150110375275925
43 44 41 0.0 0.0 0.0 0.0 12.0 0.0 0.0 0.6958250497017892
43 44 42 0.0 0.0 0.0 0.0 6.0 0.0 0.0 0.6979062811565303
43 44 43 0.0 0.0 0.0 0.0 1.0 0.0 0.0 0.6996501749125437
44 36 37 0.0 0.0 0.0 0.0 14.0 0.0 0.0 0.6951340615690167
44 36 38 0.0 0.0 17.0 0.0 303.0 3.0 0.0 0.6042296072507551
44 36 39 0.0 0.0 29.0 0.0 853.0 6.0 4.0 0.4867872044506258
44 36 40 0.0 0.0 6.0 0.0 38.0 0.0 0.0 0.684931506849315
44 36 41 0.0 0.0 0.0 0.0 4.0 0.0 0.0 0.6986027944111775
44 36 42 0.0 0.0 0.0 0.0 1.0 0.0 0.0 0.6996501749125437
44 37 37 0.0 0.0 0.0 0.0 26.0 0.0 0.0 0.6910167818361302
44 37 38 0.0 0.0 40.0 0.0 1146.0 8.0 7.0 0.4405286343612334
44 37 39 0.0 0.0 5.0 0.0 200.0 0.0 0.0 0.6352087114337567
44 37 40 0.0 0.0 2.0 0.0 73.0 1.0 0.0 0.6750241080038573
44 37 41 0.0 0.0 4.0 0.0 95.0 1.0 0.0 0.6673021925643469
44 37 42 0.0 0.0 0.0 0.0 38.0 0.0 0.0 0.6869479882237487
44 37 43 0.0 0.0 4.0 0.0 107.0 0.0 0.0 0.6631927996210326
44 38 36 0.0 0.0 0.0 0.0 2.0 0.0 0.0 0.6993006993006992
44 38 37 0.0 0.0 3.0 0.0 99.0 0.0 1.0 0.6660323501427211
44 38 38 0.0 0.0 2.0 0.0 134.0 1.0 0.0 0.6569685593618019
44 38 39 0.0 0.0 28.0 0.0 627.0 7.0 1.0 0.5291005291005291
44 38 40 0.0 0.0 435.0 0.0 8688.0 24.0 1489.0 0.1260806916426513
44 38 41 0.0 0.0 22.0 0.0 408.0 5.0 0.0 0.5773195876288658
44 38 42 0.0 0.0 21.0 0.0 729.0 4.0 2.0 0.5098324836125272
44 38 43 0.0 0.0 0.0 0.0 64.0 0.0 0.0 0.6782945736434108
44 38 44 0.0 0.0 1.0 0.0 21.0 0.0 0.0 0.6923837784371908
44 39 36 0.0 0.0 0.0 0.0 11.0 0.0 0.0 0.6961710591745399
44 39 37 0.0 0.0 41.0 0.0 781.0 6.0 1.0 0.4973357015985789
44 39 38 0.0 0.0 16.0 0.0 411.0 5.0 2.0 0.5785123966942147
44 39 39 0.0 0.0 126.0 0.0 2581.0 25.0 48.0 0.29901751388295594
44 39 40 0.0 0.0 148.0 0.0 3521.0 13.0 114.0 0.24748099699487355
44 39 41 0.0 0.0 42.0 0.0 1041.0 9.0 3.0 0.4554326610279765
44 39 42 0.0 0.0 116.0 0.0 2499.0 13.0 46.0 0.30421555845284654
44 39 43 0.0 0.0 4.0 0.0 152.0 1.0 0.0 0.6496519721577725
44 39 44 0.0 0.0 41.0 0.0 794.0 10.0 3.0 0.49557522123893794
44 40 35 0.0 0.0 0.0 0.0 1.0 0.0 0.0 0.6996501749125437
44 40 36 0.0 0.0 4.0 0.0 35.0 0.0 0.0 0.6866110838646394
44 40 37 0.0 0.0 10.0 0.0 267.0 0.0 0.0 0.6151142355008786
44 40 38 0.0 0.0 9.0 0.0 393.0 2.0 1.0 0.5833333333333333
44 40 39 0.0 0.0 73.0 0.0 1696.0 14.0 5.0 0.3729355354288758
44 40 40 0.0 0.0 350.0 0.0 7614.0 24.0 968.0 0.14073180538801766
44 40 41 0.0 0.0 14.0 0.0 383.0 8.0 0.0 0.5860192549183758
44 40 42 0.0 0.0 52.0 0.0 1197.0 9.0 3.0 0.43223217042296996
44 40 43 0.0 0.0 7.0 0.0 171.0 3.0 0.0 0.6439742410303587
44 40 44 0.0 0.0 0.0 0.0 22.0 0.0 0.0 0.6923837784371908
44 40 45 0.0 0.0 0.0 0.0 1.0 0.0 0.0 0.6996501749125437
44 41 36 0.0 0.0 0.0 0.0 8.0 0.0 0.0 0.697211155378486
44 41 37 0.0 0.0 2.0 0.0 26.0 1.0 0.0 0.6906758756783422
44 41 38 0.0 0.0 6.0 0.0 205.0 1.0 0.0 0.6334841628959276
44 41 39 0.0 0.0 130.0 0.0 2701.0 7.0 39.0 0.2900953170327393
44 41 40 0.0 0.0 14.0 0.0 284.0 1.0 2.0 0.609225413402959
44 41 41 0.0 0.0 26.0 0.0 568.0 3.0 1.0 0.5405405405405405
44 41 42 0.0 0.0 102.0 0.0 1883.0 15.0 10.0 0.35264483627204024
44 41 43 0.0 0.0 39.0 0.0 955.0 9.0 3.0 0.4690117252931323
44 41 44 0.0 0.0 0.0 0.0 42.0 0.0 0.0 0.6859382655560998
44 42 36 0.0 0.0 0.0 0.0 1.0 0.0 0.0 0.6996501749125437
44 42 37 0.0 0.0 0.0 0.0 8.0 0.0 0.0 0.697211155378486
44 42 38 0.0 0.0 11.0 0.0 339.0 2.0 1.0 0.5962521294718909
44 42 39 0.0 0.0 234.0 0.0 5660.0 25.0 419.0 0.1778455284552845
44 42 40 0.0 0.0 2.0 0.0 176.0 0.0 1.0 0.6427915518824608
44 42 41 0.0 0.0 6.0 0.0 268.0 2.0 1.0 0.6164685160722148
44 42 42 0.0 0.0 0.0 0.0 42.0 0.0 0.0 0.6856023506366307
44 42 43 0.0 0.0 0.0 0.0 9.0 1.0 0.0 0.697211155378486
44 43 37 0.0 0.0 0.0 0.0 7.0 0.0 0.0 0.6975585450921773
44 43 38 0.0 0.0 0.0 0.0 19.0 0.0 0.0 0.6934125804853887
44 43 39 0.0 0.0 2.0 0.0 64.0 0.0 0.0 0.6776379477250725
44 43 40 0.0 0.0 0.0 0.0 35.0 0.0 0.0 0.6879606879606879
44 43 41 0.0 0.0 0.0 0.0 21.0 0.0 0.0 0.6927263730826323
44 43 42 0.0 0.0 0.0 0.0 7.0 0.0 0.0 0.6975585450921773
44 43 43 0.0 0.0 0.0 0.0 2.0 0.0 0.0 0.6993006993006992
44 44 40 0.0 0.0 0.0 0.0 3.0 0.0 0.0 0.6989515726410384
44 44 42 0.0 0.0 0.0 0.0 1.0 0.0 0.0 0.6996501749125437
45 36 39 0.0 0.0 0.0 0.0 2.0 0.0 0.0 0.6993006993006992
45 36 40 0.0 0.0 0.0 0.0 1.0 0.0 0.0 0.6996501749125437
45 37 39 0.0 0.0 23.0 0.0 616.0 7.0 0.0 0.5319148936170213
45 37 40 0.0 0.0 13.0 0.0 250.0 5.0 1.0 0.6200177147918511
45 37 41 0.0 0.0 3.0 0.0 64.0 1.0 1.0 0.6776379477250725
45 37 43 0.0 0.0 0.0 0.0 1.0 0.0 0.0 0.6996501749125437
45 38 39 0.0 0.0 0.0 0.0 27.0 0.0 0.0 0.6906758756783422
45 38 40 0.0 0.0 0.0 0.0 40.0 0.0 0.0 0.6862745098039215
45 38 41 0.0 0.0 108.0 0.0 2658.0 12.0 51.0 0.29448885149347914
45 38 42 0.0 0.0 0.0 0.0 3.0 0.0 0.0 0.6989515726410384
45 38 43 0.0 0.0 0.0 0.0 1.0 0.0 0.0 0.6996501749125437
45 39 38 0.0 0.0 0.0 0.0 1.0 0.0 0.0 0.6996501749125437
45 39 39 0.0 0.0 0.0 0.0 40.0 0.0 0.0 0.6862745098039215
45 39 40 0.0 0.0 0.0 0.0 37.0 0.0 0.0 0.6872852233676975
45 39 41 0.0 0.0 18.0 0.0 385.0 1.0 1.0 0.5828476269775186
45 39 42 0.0 0.0 0.0 0.0 2.0 0.0 0.0 0.6993006993006992
45 39 43 0.0 0.0 0.0 0.0 5.0 0.0 0.0 0.6982543640897755
45 39 44 0.0 0.0 0.0 0.0 1.0 0.0 0.0 0.6996501749125437
45 39 45 0.0 0.0 0.0 0.0 1.0 0.0 0.0 0.6996501749125437
45 40 36 0.0 0.0 0.0 0.0 1.0 0.0 0.0 0.6996501749125437
45 40 39 0.0 0.0 4.0 0.0 112.0 0.0 0.0 0.661625708884688
45 40 40 0.0 0.0 1.0 0.0 37.0 1.0 0.0 0.6872852233676975
45 40 41 0.0 0.0 2.0 0.0 31.0 0.0 0.0 0.6886374815543531
45 40 42 0.0 0.0 0.0 0.0 1.0 0.0 0.0 0.6996501749125437
45 40 43 0.0 0.0 0.0 0.0 3.0 0.0 0.0 0.6989515726410384
45 41 38 0.0 0.0 0.0 0.0 7.0 0.0 0.0 0.6975585450921773
45 41 39 0.0 0.0 82.0 0.0 1518.0 6.0 16.0 0.38953811908736774
45 41 40 0.0 0.0 1.0 0.0 27.0 0.0 0.0 0.690335305719921
45 41 41 0.0 0.0 0.0 0.0 13.0 0.0 0.0 0.695479384003974
45 42 38 0.0 0.0 2.0 0.0 24.0 0.0 0.0 0.6913580246913579
45 42 39 0.0 0.0 0.0 0.0 15.0 1.0 0.0 0.6951340615690167
45 42 40 0.0 0.0 0.0 0.0 11.0 0.0 0.0 0.6961710591745399
45 42 42 0.0 0.0 0.0 0.0 1.0 0.0 0.0 0.6996501749125437
45 43 38 0.0 0.0 0.0 0.0 7.0 0.0 0.0 0.6975585450921773
45 43 39 0.0 0.0 47.0 0.0 685.0 7.0 4.0 0.5137614678899082
45 43 40 0.0 0.0 0.0 0.0 3.0 0.0 0.0 0.6989515726410384
45 44 40 0.0 0.0 0.0 0.0 2.0 0.0 0.0 0.6993006993006992
46 37 40 0.0 0.0 1.0 0.0 12.0 0.0 0.0 0.695479384003974
46 37 41 0.0 0.0 0.0 0.0 1.0 0.0 0.0 0.6996501749125437
46 37 42 0.0 0.0 0.0 0.0 1.0 0.0 0.0 0.6996501749125437
46 38 40 0.0 0.0 0.0 0.0 1.0 0.0 0.0 0.6996501749125437
46 38 41 0.0 0.0 0.0 0.0 1.0 0.0 0.0 0.6996501749125437
46 39 40 0.0 0.0 0.0 0.0 2.0 0.0 0.0 0.6993006993006992
46 39 41 0.0 0.0 0.0 0.0 1.0 0.0 0.0 0.6996501749125437
46 41 38 0.0 0.0 0.0 0.0 1.0 0.0 0.0 0.6996501749125437
