33 40 38 0.0 0.0 0.0 0.0 1.0 0.0 0.0 0.6996501749125437
33 41 37 0.0 0.0 0.0 0.0 1.0 0.0 0.0 0.6996501749125437
33 43 39 0.0 0.0 1.0 0.0 0.0 0.0 0.0 0.0
34 38 37 0.0 0.0 0.0 0.0 2.0 0.0 0.0 0.6993006993006992
34 38 38 0.0 0.0 0.0 0.0 1.0 0.0 0.0 0.6996501749125437
34 39 38 0.0 0.0 0.0 0.0 8.0 0.0 0.0 0.697211155378486
34 39 39 0.0 0.0 0.0 0.0 8.0 0.0 0.0 0.697211155378486
34 39 40 0.0 0.0 0.0 0.0 3.0 0.0 0.0 0.6989515726410384
34 39 42 0.0 0.0 0.0 0.0 1.0 0.0 0.0 0.6996501749125437
34 40 37 0.0 0.0 0.0 0.0 1.0 0.0 0.0 0.6996501749125437
34 40 38 0.0 0.0 45.0 0.0 1027.0 12.0 6.0 0.4575163398692809
34 40 39 0.0 0.0 3.0 0.0 106.0 1.0 0.0 0.6641366223908918
34 40 40 0.0 0.0 0.0 0.0 20.0 0.0 0.0 0.6930693069306929
34 41 38 0.0 0.0 0.0 0.0 9.0 0.0 0.0 0.6968641114982577
34 41 39 0.0 0.0 0.0 0.0 19.0 0.0 0.0 0.6934125804853887
34 41 40 0.0 0.0 0.0 0.0 5.0 0.0 0.0 0.6982543640897755
34 42 38 0.0 0.0 23.0 0.0 546.0 9.0 1.0 0.5466614603670441
34 42 39 0.0 0.0 55.0 0.0 760.0 13.0 7.0 0.4996431120628122
34 42 40 0.0 0.0 0.0 0.0 3.0 0.0 0.0 0.6989515726410384
35 36 38 0.0 0.0 0.0 0.0 2.0 0.0 0.0 0.6993006993006992
35 36 39 0.0 0.0 0.0 0.0 3.0 0.0 0.0 0.6989515726410384
35 36 40 0.0 0.0 2.0 0.0 6.0 0.0 0.0 0.697211155378486
35 36 41 0.0 0.0 0.0 0.0 4.0 0.0 0.0 0.6986027944111775
35 36 42 0.0 0.0 0.0 0.0 2.0 0.0 0.0 0.6993006993006992
35 37 38 0.0 0.0 0.0 0.0 3.0 0.0 0.0 0.6989515726410384
35 37 39 0.0 0.0 0.0 0.0 6.0 0.0 0.0 0.6979062811565303
35 37 40 0.0 0.0 0.0 0.0 6.0 0.0 0.0 0.6979062811565303
35 37 41 0.0 0.0 0.0 0.0 10.0 0.0 0.0 0.6965174129353233
35 37 42 0.0 0.0 0.0 0.0 7.0 0.0 0.0 0.6975585450921773
35 38 37 0.0 0.0 14.0 0.0 236.0 3.0 0.0 0.6230529595015576
35 38 38 0.0 0.0 0.0 0.0 25.0 1.0 0.0 0.6916996047430829
35 38 39 0.0 0.0 0.0 0.0 26.0 0.0 0.0 0.6910167818361302
35 38 40 0.0 0.0 0.0 0.0 29.0 0.0 0.0 0.6899950714637751
35 38 41 0.0 0.0 3.0 0.0 47.0 0.0 0.0 0.6829268292682925
35 38 42 0.0 0.0 2.0 0.0 16.0 1.0 0.0 0.694100148735746
35 38 43 0.0 0.0 0.0 0.0 9.0 0.0 0.0 0.6968641114982577
35 39 37 0.0 0.0 3.0 0.0 71.0 0.0 0.0 0.6750241080038573
35 39 38 0.0 0.0 91.0 0.0 1918.0 15.0 17.0 0.3505257886830245
35 39 39 0.0 0.0 14.0 0.0 255.0 2.0 0.0 0.6175562417291574
35 39 40 0.0 0.0 22.0 0.0 428.0 5.0 0.0 0.5725971370143148
35 39 41 0.0 0.0 0.0 0.0 27.0 0.0 0.0 0.6906758756783422
35 39 42 0.0 0.0 5.0 0.0 87.0 3.0 0.0 0.6701771182383915
35 39 43 0.0 0.0 0.0 0.0 28.0 0.0 0.0 0.690335305719921
35 39 44 0.0 0.0 1.0 0.0 21.0 0.0 0.0 0.6923837784371908
35 40 37 0.0 0.0 2.0 0.0 83.0 1.0 0.0 0.6717850287907868
35 40 38 0.0 0.0 64.0 0.0 1706.0 12.0 19.0 0.3725385843533794
35 40 39 0.0 0.0 289.0 0.0 6257.0 24.0 554.0 0.16414585531715323
35 40 40 0.0 0.0 14.0 0.0 313.0 7.0 0.0 0.6034482758620688
35 40 41 0.0 0.0 3.0 0.0 156.0 1.0 0.0 0.6487488415199257
35 40 42 0.0 0.0 14.0 0.0 393.0 5.0 1.0 0.5830903790087463
35 40 43 0.0 0.0 0.0 0.0 25.0 0.0 0.0 0.6913580246913579
35 40 44 0.0 0.0 1.0 0.0 103.0 1.0 0.0 0.6657156443176413
35 41 37 0.0 0.0 0.0 0.0 10.0 0.0 0.0 0.6965174129353233
35 41 38 0.0 0.0 10.0 0.0 278.0 3.0 0.0 0.612691466083151
35 41 39 0.0 0.0 262.0 0.0 5605.0 20.0 357.0 0.1784121320249777
35 41 40 0.0 0.0 5.0 0.0 164.0 0.0 1.0 0.6457564575645756
35 41 41 0.0 0.0 2.0 0.0 83.0 0.0 0.0 0.6714628297362109
35 41 42 0.0 0.0 0.0 0.0 63.0 0.0 0.0 0.6786233640329616
35 41 43 0.0 0.0 0.0 0.0 40.0 0.0 0.0 0.6862745098039215
35 41 44 0.0 0.0 20.0 0.0 305.0 5.0 0.0 0.6034482758620688
35 42 36 0.0 0.0 0.0 0.0 1.0 0.0 0.0 0.6996501749125437
35 42 37 0.0 0.0 0.0 0.0 1.0 0.0 0.0 0.6996501749125437
35 42 38 0.0 0.0 0.0 0.0 22.0 0.0 0.0 0.6923837784371908
35 42 39 0.0 0.0 18.0 0.0 359.0 5.0 0.0 0.5902192242833051
35 42 40 0.0 0.0 31.0 0.0 568.0 10.0 1.0 0.5409582689335393
35 42 41 0.0 0.0 9.0 0.0 103.0 1.0 0.0 0.6631927996210326
35 42 42 0.0 0.0 0.0 0.0 41.0 0.0 0.0 0.6859382655560998
35 42 43 0.0 0.0 0.0 0.0 27.0 0.0 0.0 0.6906758756783422
35 42 44 0.0 0.0 0.0 0.0 1.0 0.0 0.0 0.6996501749125437
35 43 39 0.0 0.0 0.0 0.0 2.0 0.0 0.0 0.6993006993006992
35 43 40 0.0 0.0 0.0 0.0 5.0 0.0 0.0 0.6982543640897755
35 43 41 0.0 0.0 3.0 0.0 39.0 1.0 0.0 0.6859382655560998
35 43 42 0.0 0.0 36.0 0.0 853.0 7.0 2.0 0.48577376821651624
35 43 43 0.0 0.0 1.0 0.0 21.0 0.0 0.0 0.6923837784371908
35 43 44 0.0 0.0 0.0 0.0 2.0 0.0 0.0 0.6993006993006992
36 35 38 0.0 0.0 0.0 0.0 10.0 0.0 0.0 0.6965174129353233
36 35 39 0.0 0.0 0.0 0.0 4.0 0.0 0.0 0.6986027944111775
36 35 40 0.0 0.0 0.0 0.0 1.0 0.0 0.0 0.6996501749125437
36 35 42 0.0 0.0 0.0 0.0 2.0 0.0 0.0 0.6993006993006992
36 36 36 0.0 0.0 0.0 0.0 4.0 0.0 0.0 0.6986027944111775
36 36 37 0.0 0.0 37.0 0.0 664.0 8.0 2.0 0.5200594353640415
36 36 38 0.0 0.0 0.0 0.0 29.0 0.0 0.0 0.6899950714637751
36 36 39 0.0 0.0 0.0 0.0 25.0 0.0 0.0 0.6913580246913579
36 36 40 0.0 0.0 1.0 0.0 39.0 1.0 0.0 0.6866110838646394
36 36 41 0.0 0.0 0.0 0.0 25.0 0.0 0.0 0.6913580246913579
36 36 42 0.0 0.0 0.0 0.0 11.0 0.0 0.0 0.6961710591745399
36 36 43 0.0 0.0 0.0 0.0 4.0 0.0 0.0 0.6986027944111775
36 37 36 0.0 0.0 0.0 0.0 20.0 0.0 0.0 0.6930693069306929
36 37 37 0.0 0.0 7.0 0.0 132.0 2.0 0.0 0.6551240056153486
36 37 38 0.0 0.0 2.0 0.0 137.0 1.0 0.0 0.6548175865294666
36 37 39 0.0 0.0 121.0 0.0 2984.0 13.0 63.0 0.27499508937340394
36 37 40 0.0 0.0 129.0 0.0 2764.0 14.0 36.0 0.28694404591104733
36 37 41 0.0 0.0 127.0 0.0 3079.0 11.0 79.0 0.2694898941289701
36 37 42 0.0 0.0 0.0 0.0 133.0 0.0 0.0 0.6563525550867322
36 37 43 0.0 0.0 0.0 0.0 13.0 0.0 0.0 0.6958250497017892
36 38 36 0.0 0.0 3.0 0.0 59.0 0.0 0.0 0.6789524733268669
36 38 37 0.0 0.0 0.0 0.0 50.0 0.0 0.0 0.6829268292682925
36 38 38 0.0 0.0 61.0 0.0 1501.0 7.0 19.0 0.3937007874015747
36 38 39 0.0 0.0 117.0 0.0 2964.0 12.0 60.0 0.2762430939226519
36 38 40 0.0 0.0 210.0 0.0 4701.0 13.0 215.0 0.20283975659229206
36 38 41 0.0 0.0 65.0 0.0 1713.0 12.0 19.0 0.37184594953519245
36 38 42 0.0 0.0 37.0 0.0 846.0 6.0 7.0 0.4867872044506258
36 38 43 0.0 0.0 2.0 0.0 96.0 1.0 0.0 0.6676204101096804
36 38 44 0.0 0.0 0.0 0.0 25.0 0.0 0.0 0.6913580246913579
36 39 36 0.0 0.0 0.0 0.0 15.0 0.0 0.0 0.694789081885856
36 39 37 0.0 0.0 26.0 0.0 823.0 5.0 2.0 0.49243756595145965
36 39 38 0.0 0.0 299.0 0.0 6622.0 14.0 634.0 0.15705631590756114
36 39 39 0.0 0.0 298.0 0.0 6293.0 26.0 533.0 0.16341776584568693
36 39 40 0.0 0.0 172.0 0.0 4533.0 17.0 235.0 0.20923628755044085
36 39 41 0.0 0.0 31.0 0.0 830.0 6.0 3.0 0.49053959355290816
36 39 42 0.0 0.0 393.0 0.0 7741.0 22.0 864.0 0.13832625234660606
36 39 43 0.0 0.0 14.0 0.0 343.0 6.0 1.0 0.5954912803062525
36 39 44 0.0 0.0 3.0 0.0 70.0 0.0 0.0 0.6753497346840327
36 40 36 0.0 0.0 0.0 0.0 4.0 0.0 0.0 0.6986027944111775
36 40 37 0.0 0.0 10.0 0.0 276.0 4.0 0.0 0.6134969325153373
36 40 38 0.0 0.0 203.0 0.0 5007.0 25.0 253.0 0.19485038274182317
36 40 39 0.0 0.0 470.0 0.0 9602.0 28.0 2238.0 0.11613438407299874
36 40 40 0.0 0.0 292.0 0.0 5942.0 24.0 377.0 0.17044071098125146
36 40 41 0.0 0.0 120.0 0.0 3133.0 16.0 70.0 0.26732862325759016
36 40 42 0.0 0.0 21.0 0.0 1017.0 4.0 6.0 0.46158918562479384
36 40 43 0.0 0.0 175.0 0.0 4372.0 12.0 180.0 0.21413276231263378
36 40 44 0.0 0.0 2.0 0.0 67.0 1.0 0.0 0.6769825918762088
36 40 45 0.0 0.0 0.0 0.0 2.0 0.0 0.0 0.6993006993006992
36 41 36 0.0 0.0 0.0 0.0 1.0 0.0 0.0 0.6996501749125437
36 41 37 0.0 0.0 12.0 0.0 530.0 1.0 1.0 0.5509641873278236
36 41 38 0.0 0.0 236.0 0.0 5146.0 21.0 291.0 0.19013988863235093
36 41 39 0.0 0.0 317.0 0.0 7562.0 29.0 991.0 0.14204545454545453
36 41 40 0.0 0.0 158.0 0.0 4026.0 16.0 142.0 0.22694115739990273
36 41 41 0.0 0.0 460.0 0.0 8959.0 29.0 1478.0 0.12286090390522159
36 41 42 0.0 0.0 420.0 0.0 8611.0 23.0 1270.0 0.12707633657075426
36 41 43 0.0 0.0 86.0 0.0 2301.0 15.0 33.0 0.32014635261833974
36 41 44 0.0 0.0 1.0 0.0 52.0 1.0 0.0 0.6822612085769979
36 42 37 0.0 0.0 0.0 0.0 58.0 0.0 0.0 0.6802721088435373
36 42 38 0.0 0.0 2.0 0.0 190.0 2.0 0.0 0.639561443581544
36 42 39 0.0 0.0 84.0 0.0 2199.0 16.0 22.0 0.32794565472007486
36 42 40 0.0 0.0 112.0 0.0 2795.0 19.0 52.0 0.2864157119476268
36 42 41 0.0 0.0 172.0 0.0 3405.0 16.0 90.0 0.25170801869830994
36 42 42 0.0 0.0 386.0 0.0 7288.0 24.0 745.0 0.14498757249378624
36 42 43 0.0 0.0 75.0 0.0 1722.0 11.0 22.0 0.3697834125726359
36 42 44 0.0 0.0 2.0 0.0 119.0 0.0 0.0 0.6603773584905659
36 43 37 0.0 0.0 0.0 0.0 17.0 0.0 0.0 0.694100148735746
36 43 38 0.0 0.0 0.0 0.0 51.0 1.0 0.0 0.6829268292682925
36 43 39 0.0 0.0 54.0 0.0 1221.0 9.0 11.0 0.4289215686274509
36 43 40 0.0 0.0 56.0 0.0 1400.0 12.0 18.0 0.40650406504065034
36 43 41 0.0 0.0 9.0 0.0 349.0 1.0 1.0 0.5942275042444821
36 43 42 0.0 0.0 9.0 0.0 207.0 3.0 2.0 0.632625395390872
36 43 43 0.0 0.0 5.0 0.0 115.0 0.0 0.0 0.6603773584905659
36 43 44 0.0 0.0 7.0 0.0 131.0 2.0 0.0 0.6554307116104868
36 43 45 0.0 0.0 0.0 0.0 1.0 0.0 0.0 0.6996501749125437
36 44 37 0.0 0.0 0.0 0.0 1.0 0.0 0.0 0.6996501749125437
36 44 38 0.0 0.0 4.0 0.0 49.0 1.0 0.0 0.6822612085769979
36 44 39 0.0 0.0 0.0 0.0 15.0 0.0 0.0 0.694789081885856
36 44 40 0.0 0.0 0.0 0.0 21.0 0.0 0.0 0.6927263730826323
36 44 41 0.0 0.0 10.0 0.0 343.0 2.0 1.0 0.5954912803062525
36 44 42 0.0 0.0 0.0 0.0 14.0 0.0 0.0 0.6951340615690167
36 45 38 0.0 0.0 0.0 0.0 2.0 0.0 0.0 0.6993006993006992
36 45 39 0.0 0.0 1.0 0.0 25.0 0.0 0.0 0.6910167818361302
36 45 40 0.0 0.0 0.0 0.0 2.0 0.0 0.0 0.6993006993006992
37 35 38 0.0 0.0 0.0 0.0 5.0 0.0 0.0 0.6982543640897755
37 35 39 0.0 0.0 0.0 0.0 10.0 0.0 0.0 0.6968641114982577
37 35 40 0.0 0.0 0.0 0.0 6.0 0.0 0.0 0.6979062811565303
37 35 41 0.0 0.0 0.0 0.0 1.0 0.0 0.0 0.6996501749125437
37 36 36 0.0 0.0 0.0 0.0 16.0 1.0 0.0 0.694789081885856
37 36 37 0.0 0.0 0.0 0.0 24.0 0.0 0.0 0.6916996047430829
37 36 38 0.0 0.0 10.0 0.0 187.0 4.0 1.0 0.6383948928408572
37 36 39 0.0 0.0 203.0 0.0 4626.0 12.0 192.0 0.2053388090349076
37 36 40 0.0 0.0 42.0 0.0 827.0 7.0 1.0 0.48916841369671554
37 36 41 0.0 0.0 40.0 0.0 1202.0 7.0 7.0 0.43276661514683146
37 36 42 0.0 0.0 0.0 0.0 39.0 0.0 0.0 0.6869479882237487
37 36 43 0.0 0.0 0.0 0.0 10.0 0.0 0.0 0.6965174129353233
37 37 36 0.0 0.0 0.0 0.0 26.0 0.0 0.0 0.6910167818361302
37 37 37 0.0 0.0 277.0 0.0 6157.0 27.0 466.0 0.16642891107941035
37 37 38 0.0 0.0 276.0 0.0 5897.0 21.0 400.0 0.17165277096615986
37 37 39 0.0 0.0 128.0 0.0 3050.0 11.0 65.0 0.27095026127346616
37 37 40 0.0 0.0 481.0 0.0 9460.0 21.0 1905.0 0.11736105289630311
37 37 41 0.0 0.0 121.0 0.0 3277.0 12.0 91.0 0.2598849081121218
37 37 42 0.0 0.0 287.0 0.0 6501.0 26.0 522.0 0.159689745637048
37 37 43 0.0 0.0 1.0 0.0 146.0 0.0 0.0 0.6520726595249184
37 37 44 0.0 0.0 0.0 0.0 5.0 0.0 0.0 0.6982543640897755
37 38 36 0.0 0.0 1.0 0.0 40.0 0.0 0.0 0.6859382655560998
37 38 37 0.0 0.0 105.0 0.0 2633.0 22.0 49.0 0.29679881280474874
37 38 38 0.0 0.0 327.0 0.0 7328.0 21.0 789.0 0.1453035806953814
37 38 39 0.0 0.0 814.0 0.0 12109.0 28.0 6960.0 0.09385894341646553
37 38 40 0.0 0.0 712.0 0.0 11761.0 26.0 4541.0 0.09674521456706515
37 38 41 0.0 0.0 961.0 0.0 12891.0 29.0 8826.0 0.08832807570977917
37 38 42 0.0 0.0 264.0 0.0 6127.0 18.0 510.0 0.16716417910447756
37 38 43 0.0 0.0 12.0 0.0 395.0 4.0 0.0 0.5826050769870994
37 38 44 0.0 0.0 3.0 0.0 61.0 1.0 0.0 0.6786233640329616
37 38 45 0.0 0.0 0.0 0.0 1.0 0.0 0.0 0.6996501749125437
37 39 36 0.0 0.0 25.0 0.0 510.0 10.0 0.0 0.5544554455445544
37 39 37 0.0 0.0 163.0 0.0 4000.0 17.0 120.0 0.22775337563038878
37 39 38 0.0 0.0 331.0 0.0 7415.0 24.0 906.0 0.1439144736842105
37 39 39 0.0 0.0 535.0 0.0 10205.0 23.0 2729.0 0.1099850734543169
37 39 40 0.0 0.0 587.0 0.0 10767.0 22.0 3193.0 0.10488462691039856
37 39 41 0.0 0.0 420.0 0.0 8384.0 22.0 1079.0 0.12980992118683354
37 39 42 0.0 0.0 278.0 0.0 6517.0 23.0 560.0 0.1595805311751966
37 39 43 0.0 0.0 492.0 0.0 8917.0 16.0 1467.0 0.12283934368693512
37 39 44 0.0 0.0 6.0 0.0 175.0 0.0 1.0 0.6419073819348922
37 39 45 0.0 0.0 0.0 0.0 6.0 0.0 0.0 0.6979062811565303
37 40 36 0.0 0.0 4.0 0.0 108.0 2.0 0.0 0.6635071090047392
37 40 37 0.0 0.0 70.0 0.0 1431.0 10.0 15.0 0.40091638029782356
37 40 38 0.0 0.0 406.0 0.0 8553.0 30.0 1344.0 0.127959053103007
37 40 39 0.0 0.0 1095.0 0.0 13199.0 38.0 11462.0 0.08590011044299914
37 40 40 0.0 0.0 655.0 0.0 11525.0 33.0 4520.0 0.0988351570773032
37 40 41 0.0 0.0 614.0 0.0 10852.0 19.0 3489.0 0.10401961512742401
37 40 42 0.0 0.0 510.0 0.0 9991.0 22.0 2477.0 0.11206275514288
37 40 43 0.0 0.0 253.0 0.0 6364.0 21.0 574.0 0.16277177072433435
37 40 44 0.0 0.0 184.0 0.0 3988.0 20.0 131.0 0.22760526743618922
37 40 45 0.0 0.0 0.0 0.0 7.0 0.0 0.0 0.6975585450921773
37 41 36 0.0 0.0 0.0 0.0 16.0 0.0 0.0 0.6944444444444444
37 41 37 0.0 0.0 48.0 0.0 1190.0 11.0 6.0 0.4339739615623062
37 41 38 0.0 0.0 507.0 0.0 9791.0 28.0 2270.0 0.11399723149580653
37 41 39 0.0 0.0 723.0 0.0 11857.0 28.0 4741.0 0.09614064002197499
37 41 40 0.0 0.0 673.0 0.0 11565.0 27.0 4341.0 0.09848058525604951
37 41 41 0.0 0.0 775.0 1.0 12393.0 18.0 5901.0 0.09225700164744645
37 41 42 0.0 0.0 1038.0 0.0 12947.0 39.0 10917.0 0.08764790584110686
37 41 43 0.0 0.0 176.0 0.0 3918.0 16.0 118.0 0.23026315789473678
37 41 44 0.0 0.0 2.0 0.0 78.0 1.0 0.0 0.6734006734006733
37 41 45 0.0 0.0 1.0 0.0 10.0 1.0 0.0 0.6965174129353233
37 42 35 0.0 0.0 0.0 0.0 1.0 0.0 0.0 0.6996501749125437
37 42 36 0.0 0.0 0.0 0.0 4.0 0.0 0.0 0.6986027944111775
37 42 37 0.0 0.0 46.0 0.0 1007.0 8.0 2.0 0.45992115637319314
37 42 38 0.0 0.0 403.0 0.0 8275.0 27.0 1248.0 0.1313567273409645
37 42 39 0.0 0.0 447.0 0.0 8733.0 23.0 1512.0 0.12539184952978055
37 42 40 0.0 0.0 570.0 0.0 10689.0 29.0 3404.0 0.10578012844729882
37 42 41 0.0 0.0 300.0 0.0 6907.0 26.0 701.0 0.15240583496625296
37 42 42 0.0 0.0 371.0 0.0 8217.0 20.0 1280.0 0.13241274945616188
37 42 43 0.0 0.0 452.0 0.0 9036.0 22.0 1766.0 0.12199372603694666
37 42 44 0.0 0.0 69.0 0.0 1661.0 10.0 21.0 0.37644528098951324
37 42 45 0.0 0.0 0.0 0.0 5.0 0.0 0.0 0.6982543640897755
37 43 36 0.0 0.0 0.0 0.0 1.0 0.0 0.0 0.6996501749125437
37 43 37 0.0 0.0 1.0 0.0 43.0 0.0 0.0 0.684931506849315
37 43 38 0.0 0.0 146.0 0.0 3374.0 17.0 84.0 0.254360465116279
37 43 39 0.0 0.0 258.0 0.0 5177.0 24.0 283.0 0.1888319395737793
37 43 40 0.0 0.0 182.0 0.0 3912.0 25.0 112.0 0.230566534914361
37 43 41 0.0 0.0 457.0 0.0 9333.0 20.0 1842.0 0.11882532676964859
37 43 42 0.0 0.0 68.0 0.0 1774.0 15.0 19.0 0.3658217925267833
37 43 43 0.0 0.0 96.0 0.0 2196.0 8.0 32.0 0.32672112018669774
37 43 44 0.0 0.0 0.0 0.0 32.0 0.0 0.0 0.6889763779527558
37 43 45 0.0 0.0 0.0 0.0 2.0 0.0 0.0 0.6993006993006992
37 44 37 0.0 0.0 0.0 0.0 2.0 0.0 0.0 0.6993006993006992
37 44 38 0.0 0.0 0.0 0.0 48.0 0.0 0.0 0.6835937499999999
37 44 39 0.0 0.0 191.0 0.0 4154.0 21.0 147.0 0.22137887413029722
37 44 40 0.0 0.0 2.0 0.0 153.0 2.0 0.0 0.6502554575011611
37 44 41 0.0 0.0 11.0 0.0 170.0 1.0 0.0 0.6422018348623851
37 44 42 0.0 0.0 0.0 0.0 34.0 0.0 0.0 0.6882989183874139
37 44 43 0.0 0.0 0.0 0.0 7.0 0.0 0.0 0.6975585450921773
37 44 44 0.0 0.0 0.0 0.0 1.0 0.0 0.0 0.6996501749125437
37 45 38 0.0 0.0 0.0 0.0 2.0 0.0 0.0 0.6993006993006992
37 45 39 0.0 0.0 0.0 0.0 10.0 0.0 0.0 0.6965174129353233
37 45 40 0.0 0.0 0.0 0.0 8.0 0.0 0.0 0.697211155378486
37 45 41 0.0 0.0 0.0 0.0 5.0 0.0 0.0 0.6982543640897755
38 35 38 0.0 0.0 0.0 0.0 2.0 0.0 0.0 0.6993006993006992
38 35 39 0.0 0.0 1.0 0.0 53.0 1.0 0.0 0.6819288845591815
38 35 40 0.0 0.0 1.0 0.0 45.0 0.0 0.0 0.6842619745845552
38 35 41 0.0 0.0 0.0 0.0 10.0 0.0 0.0 0.6965174129353233
38 36 35 0.0 0.0 0.0 0.0 3.0 0.0 0.0 0.6989515726410384
38 36 36 0.0 0.0 1.0 0.0 30.0 0.0 0.0 0.6893156080748399
38 36 37 0.0 0.0 33.0 0.0 677.0 8.0 1.0 0.5181347150259067
38 36 38 0.0 0.0 2.0 0.0 221.0 2.0 1.0 0.6303466906798738
38 36 39 0.0 0.0 26.0 0.0 733.0 8.0 3.0 0.5089058524173027
38 36 40 0.0 0.0 103.0 0.0 2541.0 14.0 42.0 0.30237580993520513
38 36 41 0.0 0.0 92.0 0.0 2159.0 19.0 34.0 0.330812854442344
38 36 42 0.0 0.0 4.0 0.0 105.0 2.0 0.0 0.6644518272425248
38 36 43 0.0 0.0 0.0 0.0 13.0 0.0 0.0 0.695479384003974
38 36 44 0.0 0.0 0.0 0.0 7.0 0.0 0.0 0.6975585450921773
38 37 34 0.0 0.0 0.0 0.0 1.0 0.0 0.0 0.6996501749125437
38 37 35 0.0 0.0 0.0 0.0 8.0 0.0 0.0 0.697211155378486
38 37 36 0.0 0.0 8.0 0.0 189.0 3.0 1.0 0.6383948928408572
38 37 37 0.0 0.0 139.0 0.0 3554.0 22.0 113.0 0.2468700405572209
38 37 38 0.0 0.0 241.0 0.0 5806.0 13.0 393.0 0.174194351126042
38 37 39 0.0 0.0 600.0 0.0 10638.0 29.0 3188.0 0.1058681185722928
38 37 40 0.0 0.0 350.0 0.0 7350.0 25.0 838.0 0.14465798718743542
38 37 41 0.0 0.0 369.0 0.0 7704.0 29.0 957.0 0.13931734500945364
38 37 42 0.0 0.0 166.0 0.0 3920.0 16.0 129.0 0.23064250411861612
38 37 43 0.0 0.0 82.0 0.0 1857.0 14.0 21.0 0.35677879714576954
38 37 44 0.0 0.0 11.0 0.0 227.0 3.0 0.0 0.6263982102908277
38 38 34 0.0 0.0 0.0 0.0 2.0 0.0 0.0 0.6996501749125437
38 38 35 0.0 0.0 0.0 0.0 19.0 0.0 0.0 0.6937561942517343
38 38 36 0.0 0.0 35.0 0.0 860.0 5.0 2.0 0.48459674627898913
38 38 37 0.0 0.0 223.0 0.0 4773.0 23.0 210.0 0.20077441560304027
38 38 38 0.0 0.0 984.0 0.0 12848.0 23.0 9732.0 0.08836710219024174
38 38 39 0.0 0.0 900.0 0.0 12821.0 32.0 7462.0 0.08913790907933274
38 38 40 0.0 0.0 645.0 0.0 11413.0 23.0 3825.0 0.09968669894616916
38 38 41 0.0 0.0 992.0 0.0 13059.0 31.0 9913.0 0.08722741433021806
38 38 42 0.0 0.0 613.0 0.0 10978.0 16.0 3357.0 0.10303208713570797
38 38 43 0.0 0.0 261.0 0.0 6037.0 22.0 422.0 0.1691025486169827
38 38 44 0.0 0.0 10.0 0.0 226.0 4.0 0.0 0.6272401433691756
38 38 45 0.0 0.0 0.0 0.0 7.0 0.0 0.0 0.6975585450921773
38 39 35 0.0 0.0 4.0 0.0 100.0 1.0 0.0 0.6657156443176413
38 39 36 0.0 0.0 57.0 0.0 1373.0 10.0 7.0 0.4092370651856182
38 39 37 0.0 0.0 446.0 0.0 9157.0 21.0 1659.0 0.12074169900819318
38 39 38 0.0 0.0 722.0 0.0 11476.0 28.0 3782.0 0.09869580542826928
38 39 39 0.0 0.0 1532.0 0.0 12561.0 53.0 24356.0 0.08708092305778439
38 39 40 0.0 0.0 1759.0 0.0 12588.0 48.0 27700.0 0.08564262555820638
38 39 41 0.0 0.0 811.0 0.0 12386.0 25.0 7102.0 0.09214163485586414
38 39 42 0.0 0.0 585.0 0.0 10479.0 17.0 2636.0 0.10718934231682106
38 39 43 0.0 0.0 211.0 0.0 5138.0 12.0 255.0 0.1907097125732189
38 39 44 0.0 0.0 166.0 0.0 3579.0 19.0 91.0 0.24445608521040682
38 39 45 0.0 0.0 0.0 0.0 12.0 0.0 0.0 0.6958250497017892
38 40 35 0.0 0.0 32.0 0.0 644.0 8.0 0.0 0.5247376311844076
38 40 36 0.0 0.0 61.0 0.0 1380.0 6.0 9.0 0.4075691411935953
38 40 37 0.0 0.0 195.0 0.0 5397.0 12.0 406.0 0.1846478501714587
38 40 38 0.0 0.0 784.0 0.0 12149.0 26.0 5108.0 0.0937834941050375
38 40 39 0.0 0.0 1495.0 3.0 13319.0 40.0 19588.0 0.08322434906669837
38 40 40 0.0 1.0 1349.0 1.0 13118.0 29.0 18857.0 0.08500303582270795
38 40 41 0.0 0.0 1414.0 2.0 13346.0 41.0 18156.0 0.08345255126371005
38 40 42 0.0 0.0 949.0 0.0 13065.0 31.0 7700.0 0.08741258741258741
38 40 43 0.0 0.0 361.0 0.0 7564.0 24.0 895.0 0.14132848778518067
38 40 44 0.0 0.0 12.0 0.0 400.0 4.0 1.0 0.5813953488372092
38 40 45 0.0 0.0 0.0 0.0 22.0 0.0 0.0 0.6927263730826323
38 41 35 0.0 0.0 3.0 0.0 68.0 0.0 0.0 0.6760019314340897
38 41 36 0.0 0.0 22.0 0.0 649.0 5.0 4.0 0.5251312828207051
38 41 37 0.0 0.0 218.0 0.0 5568.0 17.0 407.0 0.1801569939518723
38 41 38 0.0 0.0 466.0 6.0 9095.0 20.0 1608.0 0.121191135734072
38 41 39 0.0 0.0 1231.0 0.0 13306.0 42.0 14649.0 0.08472012102874431
38 41 40 0.0 0.0 1708.0 0.0 12428.0 47.0 28118.0 0.08674639073052852
38 41 41 0.0 0.0 1207.0 2.0 13540.0 32.0 12823.0 0.08357709987463434
38 41 42 0.0 0.0 870.0 0.0 12550.0 33.0 6351.0 0.09086778736937755
38 41 43 0.0 0.0 282.0 0.0 6738.0 14.0 679.0 0.15533118828359035
38 41 44 0.0 0.0 83.0 0.0 2048.0 8.0 24.0 0.3395585738539898
38 41 45 0.0 0.0 1.0 0.0 26.0 0.0 0.0 0.6906758756783422
38 42 35 0.0 0.0 0.0 0.0 4.0 0.0 0.0 0.6986027944111775
38 42 36 0.0 0.0 18.0 0.0 460.0 2.0 0.0 0.5654281098546041
38 42 37 0.0 0.0 34.0 0.0 917.0 6.0 5.0 0.47538200339558573
38 42 38 0.0 0.0 308.0 3.0 7259.0 24.0 886.0 0.14659685863874342
38 42 39 0.0 0.0 1005.0 0.0 13101.0 37.0 9511.0 0.08702679181948156
38 42 40 0.0 0.0 1180.0 2.0 13071.0 32.0 13651.0 0.08610615659019619
38 42 41 0.0 0.0 1001.0 2.0 13079.0 39.0 9291.0 0.08712427655734643
38 42 42 0.0 0.0 355.0 1.0 7262.0 22.0 716.0 0.1458789204959883
38 42 43 0.0 0.0 291.0 0.0 6098.0 15.0 465.0 0.16710432084029597
38 42 44 0.0 0.0 72.0 0.0 2018.0 6.0 22.0 0.34280117531831533
38 42 45 0.0 0.0 2.0 0.0 74.0 2.0 0.0 0.6750241080038573
38 43 36 0.0 0.0 0.0 0.0 44.0 0.0 0.0 0.684931506849315
38 43 37 0.0 0.0 20.0 0.0 423.0 6.0 1.0 0.5747126436781609
38 43 38 0.0 0.0 84.0 0.0 2067.0 17.0 21.0 0.3386550556361877
38 43 39 0.0 0.0 644.0 1.0 10997.0 30.0 4109.0 0.10272213662044169
38 43 40 0.0 0.0 410.0 1.0 8699.0 24.0 1508.0 0.12614885564966657
38 43 41 0.0 0.0 253.0 0.0 5523.0 11.0 341.0 0.18024977468778164
38 43 42 0.0 0.0 180.0 0.0 4067.0 20.0 137.0 0.2247551773960507
38 43 43 0.0 0.0 43.0 0.0 968.0 8.0 10.0 0.4662004662004661
38 43 44 0.0 0.0 162.0 0.0 3723.0 16.0 123.0 0.23846022824050417
38 43 45 0.0 0.0 0.0 0.0 7.0 0.0 0.0 0.6975585450921773
38 44 36 0.0 0.0 1.0 0.0 17.0 0.0 0.0 0.6937561942517343
38 44 37 0.0 0.0 7.0 0.0 72.0 2.0 0.0 0.6740491092922483
38 44 38 0.0 0.0 9.0 0.0 186.0 3.0 0.0 0.6386861313868613
38 44 39 0.0 0.0 9.0 0.0 359.0 4.0 0.0 0.5924672027084215
38 44 40 0.0 0.0 214.0 0.0 4265.0 16.0 158.0 0.21658415841584153
38 44 41 0.0 0.0 3.0 0.0 123.0 0.0 0.0 0.6588235294117646
38 44 42 0.0 0.0 31.0 0.0 682.0 8.0 4.0 0.5175600739371533
38 44 43 0.0 0.0 0.0 0.0 11.0 0.0 0.0 0.6961710591745399
38 44 44 0.0 0.0 0.0 0.0 8.0 0.0 0.0 0.697211155378486
38 44 45 0.0 0.0 0.0 0.0 1.0 0.0 0.0 0.6996501749125437
38 45 37 0.0 0.0 0.0 0.0 1.0 0.0 0.0 0.6996501749125437
38 45 39 0.0 0.0 0.0 0.0 10.0 0.0 0.0 0.6965174129353233
38 45 40 0.0 0.0 0.0 0.0 4.0 0.0 0.0 0.6986027944111775
38 45 42 0.0 0.0 0.0 0.0 2.0 0.0 0.0 0.6993006993006992
39 35 35 0.0 0.0 0.0 0.0 1.0 0.0 0.0 0.6996501749125437
39 35 36 0.0 0.0 0.0 0.0 3.0 0.0 0.0 0.6989515726410384
39 35 37 0.0 0.0 0.0 0.0 2.0 0.0 0.0 0.6993006993006992
39 35 38 0.0 0.0 0.0 0.0 12.0 0.0 0.0 0.6958250497017892
39 35 39 0.0 0.0 4.0 0.0 108.0 1.0 0.0 0.6631927996210326
39 35 40 0.0 0.0 0.0 0.0 26.0 0.0 0.0 0.6910167818361302
39 35 41 0.0 0.0 6.0 0.0 125.0 0.0 0.0 0.6569685593618019
39 36 35 0.0 0.0 0.0 0.0 20.0 1.0 0.0 0.6934125804853887
39 36 36 0.0 0.0 32.0 0.0 534.0 5.0 1.0 0.5466614603670441
39 36 37 0.0 0.0 11.0 0.0 263.0 4.0 0.0 0.6167400881057268
39 36 38 0.0 0.0 74.0 0.0 1708.0 13.0 13.0 0.371451313345715
39 36 39 0.0 0.0 64.0 0.0 1960.0 7.0 32.0 0.348605577689243
39 36 40 0.0 0.0 314.0 0.0 7093.0 23.0 743.0 0.1491265445249254
39 36 41 0.0 0.0 60.0 0.0 1845.0 10.0 21.0 0.35961983046493706
39 36 42 0.0 0.0 28.0 0.0 1030.0 8.0 6.0 0.45901639344262285
39 36 43 0.0 0.0 0.0 0.0 27.0 0.0 0.0 0.6906758756783422
39 36 44 0.0 0.0 0.0 0.0 21.0 0.0 0.0 0.6927263730826323
39 37 35 0.0 0.0 11.0 0.0 83.0 1.0 0.0 0.668896321070234
39 37 36 0.0 0.0 172.0 0.0 3855.0 19.0 120.0 0.23298385754701278
39 37 37 0.0 0.0 340.0 0.0 7768.0 19.0 1058.0 0.13864131511190333
39 37 38 0.0 0.0 440.0 0.0 8854.0 30.0 1510.0 0.12423462596503682
39 37 39 0.0 0.0 424.0 0.0 8941.0 19.0 1673.0 0.12335888624548418
39 37 40 0.0 0.0 852.0 0.0 12532.0 23.0 6704.0 0.0909445238404573
39 37 41 0.0 0.0 770.0 0.0 11946.0 27.0 5384.0 0.09514101257220522
39 37 42 0.0 0.0 205.0 0.0 4665.0 19.0 198.0 0.2043199065966141
39 37 43 0.0 0.0 284.0 0.0 5864.0 22.0 432.0 0.17224409448818898
39 37 44 0.0 0.0 6.0 0.0 83.0 1.0 0.0 0.6704980842911876
39 37 45 0.0 0.0 0.0 0.0 3.0 0.0 0.0 0.6989515726410384
39 38 35 0.0 0.0 51.0 0.0 1240.0 8.0 8.0 0.4263093788063337
39 38 36 0.0 0.0 252.0 0.0 5626.0 17.0 380.0 0.17804909067785832
39 38 37 0.0 0.0 571.0 0.0 10774.0 18.0 3893.0 0.10494752623688154
39 38 38 0.0 0.0 841.0 0.0 12562.0 40.0 7008.0 0.0909445238404573
39 38 39 0.0 0.0 910.0 0.0 12871.0 36.0 8215.0 0.08879868070531523
39 38 40 0.0 0.0 1572.0 0.0 13345.0 50.0 20952.0 0.08278145695364238
39 38 41 0.0 0.0 691.0 0.0 11624.0 33.0 4466.0 0.097929490766648
39 38 42 0.0 0.0 824.0 0.0 12370.0 30.0 6160.0 0.09217803529101921
39 38 43 0.0 0.0 237.0 0.0 5554.0 30.0 344.0 0.18034265103697023
39 38 44 0.0 0.0 167.0 0.0 3971.0 18.0 148.0 0.2286834367853642
39 38 45 0.0 0.0 0.0 0.0 8.0 0.0 0.0 0.697211155378486
39 39 34 0.0 0.0 0.0 0.0 1.0 0.0 0.0 0.6996501749125437
39 39 35 0.0 0.0 44.0 0.0 1099.0 12.0 8.0 0.44714148834238254
39 39 36 0.0 0.0 405.0 0.0 8241.0 28.0 1316.0 0.1317771084337349
39 39 37 0.0 0.0 578.0 0.0 10568.0 26.0 3147.0 0.10660169039823346
39 39 38 0.0 0.0 1257.0 0.0 13542.0 35.0 14584.0 0.08335317932841152
39 39 39 2.0 1.0 1837.0 14.0 12418.0 46.0 31100.0 0.08594757198109153
39 39 40 0.0 4.0 2048.0 28.0 12912.0 41.0 30155.0 0.0824353765530236
39 39 41 0.0 4.0 2109.0 23.0 12021.0 51.0 36673.0 0.08663366336633661
39 39 42 0.0 0.0 881.0 4.0 12607.0 35.0 6289.0 0.09040423608420509
39 39 43 0.0 0.0 339.0 0.0 7292.0 16.0 805.0 0.14556040756914118
39 39 44 0.0 0.0 56.0 0.0 1551.0 7.0 19.0 0.38888888888888884
39 39 45 0.0 0.0 0.0 0.0 12.0 0.0 0.0 0.6958250497017892
39 40 34 0.0 0.0 0.0 0.0 2.0 0.0 0.0 0.6996501749125437
39 40 35 0.0 0.0 8.0 0.0 196.0 4.0 0.0 0.6363636363636362
39 40 36 0.0 0.0 325.0 0.0 7032.0 23.0 657.0 0.14997321906802355
39 40 37 0.0 0.0 807.0 0.0 12351.0 26.0 5640.0 0.09245195800039621
39 40 38 0.0 1.0 1305.0 4.0 13428.0 37.0 15332.0 0.08368701058042918
39 40 39 0.0 0.0 2051.0 5.0 12825.0 51.0 32312.0 0.0829138288421676
39 40 40 0.0 8.0 2704.0 43.0 9999.0 77.0 57663.0 0.09495387954422137
39 40 41 0.0 7.0 1781.0 74.0 13624.0 38.0 23221.0 0.08005947275118659
39 40 42 0.0 5.0 682.0 89.0 11826.0 28.0 4700.0 0.09598902982516283
39 40 43 0.0 0.0 648.0 0.0 11440.0 19.0 4368.0 0.09941063693815236
39 40 44 0.0 0.0 265.0 0.0 6374.0 15.0 582.0 0.16224359717232587
39 40 45 0.0 0.0 0.0 0.0 18.0 0.0 0.0 0.6937561942517343
39 41 35 0.0 0.0 4.0 0.0 119.0 1.0 1.0 0.6597549481621111
39 41 36 0.0 0.0 153.0 0.0 3735.0 14.0 134.0 0.23833844058563156
39 41 37 0.0 0.0 423.0 0.0 9307.0 17.0 1864.0 0.11941316956670076
39 41 38 0.0 0.0 468.0 0.0 9479.0 23.0 1958.0 0.11729222520107238
39 41 39 0.0 0.0 1528.0 23.0 13445.0 38.0 19924.0 0.08240626287597856
39 41 40 1.0 5.0 2167.0 40.0 11801.0 58.0 37692.0 0.0874617354907228
39 41 41 0.0 1.0 1625.0 51.0 13426.0 37.0 21343.0 0.08178525528683257
39 41 42 0.0 4.0 985.0 49.0 12720.0 25.0 10865.0 0.08881558079045866
39 41 43 0.0 0.0 892.0 1.0 12516.0 32.0 6652.0 0.09089728606674456
39 41 44 0.0 0.0 70.0 0.0 1798.0 14.0 14.0 0.36307053941908707
39 41 45 0.0 0.0 0.0 0.0 18.0 0.0 0.0 0.6937561942517343
39 42 35 0.0 0.0 1.0 0.0 13.0 0.0 0.0 0.6951340615690167
39 42 36 0.0 0.0 19.0 0.0 437.0 1.0 1.0 0.5704971475142624
39 42 37 0.0 0.0 613.0 0.0 10790.0 35.0 3468.0 0.10459469555472542
39 42 38 0.0 0.0 391.0 0.0 8471.0 27.0 1388.0 0.1291989664082687
39 42 39 0.0 6.0 577.0 58.0 10327.0 35.0 2488.0 0.10814986481266897
39 42 40 0.0 2.0 1064.0 60.0 13139.0 43.0 9965.0 0.08614854470494122
39 42 41 0.0 10.0 1190.0 86.0 13062.0 31.0 13832.0 0.08563214875527554
39 42 42 0.0 0.0 405.0 25.0 8792.0 21.0 1580.0 0.12487735260012486
39 42 43 0.0 0.0 566.0 1.0 10471.0 27.0 3091.0 0.10746085354620816
39 42 44 0.0 0.0 196.0 0.0 4849.0 14.0 273.0 0.19906156689890514
39 42 45 0.0 0.0 0.0 0.0 16.0 0.0 0.0 0.6944444444444444
39 43 36 0.0 0.0 0.0 0.0 74.0 0.0 0.0 0.6750241080038573
39 43 37 0.0 0.0 370.0 0.0 7610.0 20.0 878.0 0.14050582095543956
39 43 38 0.0 0.0 272.0 0.0 5965.0 18.0 393.0 0.17023346303501943
39 43 39 0.0 0.0 495.0 2.0 9864.0 27.0 2255.0 0.11336950360353062
39 43 40 0.0 0.0 240.0 0.0 5896.0 17.0 463.0 0.17237133710908642
39 43 41 0.0 0.0 388.0 0.0 8696.0 15.0 1568.0 0.12633098718642843
39 43 42 0.0 0.0 227.0 1.0 5105.0 26.0 258.0 0.19154467095361877
39 43 43 0.0 0.0 121.0 0.0 2771.0 15.0 42.0 0.2870617182694279
39 43 44 0.0 0.0 2.0 0.0 129.0 0.0 0.0 0.6569685593618019
39 43 45 0.0 0.0 0.0 0.0 12.0 0.0 0.0 0.6965174129353233
39 44 35 0.0 0.0 0.0 0.0 1.0 0.0 0.0 0.6996501749125437
39 44 36 0.0 0.0 0.0 0.0 14.0 0.0 0.0 0.6951340615690167
39 44 37 0.0 0.0 5.0 0.0 210.0 2.0 0.0 0.632625395390872
39 44 38 0.0 0.0 41.0 0.0 1218.0 10.0 4.0 0.43090181594336713
39 44 39 0.0 0.0 49.0 0.0 1194.0 11.0 2.0 0.43370508054522916
39 44 40 0.0 0.0 45.0 0.0 1087.0 4.0 6.0 0.44757033248081834
39 44 41 0.0 0.0 48.0 0.0 923.0 8.0 2.0 0.4723346828609986
39 44 42 0.0 0.0 34.0 0.0 698.0 9.0 0.0 0.5141388174807198
39 44 43 0.0 0.0 5.0 0.0 74.0 0.0 0.0 0.6734006734006733
39 44 44 0.0 0.0 0.0 0.0 4.0 0.0 0.0 0.6989515726410384
39 44 45 0.0 0.0 0.0 0.0 1.0 0.0 0.0 0.6996501749125437
39 45 39 0.0 0.0 0.0 0.0 2.0 0.0 0.0 0.6993006993006992
39 45 40 0.0 0.0 0.0 0.0 3.0 0.0 0.0 0.6989515726410384
39 45 41 0.0 0.0 0.0 0.0 4.0 0.0 0.0 0.6986027944111775
40 35 35 0.0 0.0 0.0 0.0 1.0 0.0 0.0 0.6996501749125437
40 35 36 0.0 0.0 0.0 0.0 3.0 0.0 0.0 0.6989515726410384
40 35 37 0.0 0.0 0.0 0.0 4.0 0.0 0.0 0.6986027944111775
40 35 38 0.0 0.0 0.0 0.0 21.0 0.0 0.0 0.6927263730826323
40 35 39 0.0 0.0 1.0 0.0 38.0 0.0 0.0 0.6869479882237487
40 35 40 0.0 0.0 3.0 0.0 65.0 2.0 0.0 0.6776379477250725
40 35 41 0.0 0.0 0.0 0.0 17.0 2.0 0.0 0.694789081885856
40 35 42 0.0 0.0 0.0 0.0 2.0 0.0 0.0 0.6993006993006992
40 36 35 0.0 0.0 1.0 0.0 16.0 0.0 0.0 0.694100148735746
40 36 36 0.0 0.0 109.0 0.0 2364.0 12.0 36.0 0.31376064545047055
40 36 37 0.0 0.0 61.0 0.0 1128.0 17.0 10.0 0.44136191677175274
40 36 38 0.0 0.0 46.0 0.0 1363.0 6.0 7.0 0.41140170437848944
40 36 39 0.0 0.0 267.0 0.0 6399.0 17.0 528.0 0.1617375231053604
40 36 40 0.0 0.0 40.0 0.0 1150.0 5.0 9.0 0.43969849246231146
40 36 41 0.0 0.0 118.0 0.0 2530.0 8.0 37.0 0.3017891787023065
40 36 42 0.0 0.0 0.0 0.0 182.0 2.0 0.0 0.6422018348623851
40 36 43 0.0 0.0 6.0 0.0 88.0 2.0 0.0 0.6692160611854684
40 36 44 0.0 0.0 0.0 0.0 8.0 0.0 0.0 0.697211155378486
40 37 34 0.0 0.0 0.0 0.0 1.0 0.0 0.0 0.6996501749125437
40 37 35 0.0 0.0 0.0 0.0 53.0 0.0 0.0 0.6819288845591815
40 37 36 0.0 0.0 333.0 0.0 6794.0 25.0 641.0 0.15372790161414293
40 37 37 0.0 0.0 132.0 0.0 3742.0 20.0 167.0 0.23911187019641328
40 37 38 0.0 0.0 499.0 0.0 9689.0 27.0 1973.0 0.1150086256469235
40 37 39 0.0 0.0 695.0 0.0 11500.0 20.0 3883.0 0.0986401747340238
40 37 40 0.0 0.0 579.0 0.0 10221.0 22.0 2390.0 0.10948619691874559
40 37 41 0.0 0.0 306.0 0.0 6406.0 24.0 486.0 0.1611232592933594
40 37 42 0.0 0.0 259.0 1.0 5243.0 19.0 285.0 0.18709073900841908
40 37 43 0.0 0.0 165.0 0.0 3768.0 20.0 117.0 0.23672641190395668
40 37 44 0.0 0.0 0.0 0.0 78.0 1.0 0.0 0.6740491092922483
40 38 34 0.0 0.0 0.0 0.0 2.0 0.0 0.0 0.6993006993006992
40 38 35 0.0 0.0 13.0 0.0 341.0 5.0 0.0 0.5959982971477223
40 38 36 0.0 0.0 284.0 0.0 5669.0 21.0 313.0 0.1765002521432173
40 38 37 0.0 0.0 925.0 0.0 12838.0 26.0 9491.0 0.08882685108812892
40 38 38 0.0 0.0 1423.0 0.0 12988.0 41.0 20942.0 0.08530863445250136
40 38 39 0.0 0.0 1251.0 0.0 13564.0 34.0 13422.0 0.08321940200915412
40 38 40 0.0 0.0 1270.0 2.0 13598.0 30.0 13531.0 0.08297771455666192
40 38 41 0.0 0.0 1321.0 3.0 13464.0 35.0 15662.0 0.08339289969025493
40 38 42 0.0 0.0 972.0 1.0 12837.0 35.0 7842.0 0.08861320336730172
40 38 43 0.0 0.0 324.0 0.0 6920.0 28.0 665.0 0.15186028853454822
40 38 44 0.0 0.0 54.0 0.0 1383.0 13.0 10.0 0.4088785046728971
40 38 45 0.0 0.0 0.0 0.0 6.0 0.0 0.0 0.6979062811565303
40 39 35 0.0 0.0 117.0 0.0 2298.0 20.0 27.0 0.3183265120509322
40 39 36 0.0 0.0 337.0 0.0 7145.0 22.0 638.0 0.1479133650290544
40 39 37 0.0 0.0 842.0 0.0 12672.0 18.0 6933.0 0.09020037368726241
40 39 38 0.0 0.0 1409.0 0.0 13234.0 33.0 18894.0 0.08406893652795291
40 39 39 0.0 2.0 2029.0 22.0 12330.0 61.0 34300.0 0.08553797275004581
40 39 40 0.0 1.0 1991.0 15.0 13248.0 53.0 29158.0 0.08116412545654819
40 39 41 1.0 4.0 1959.0 45.0 13038.0 42.0 27679.0 0.08207773934455062
40 39 42 0.0 0.0 1473.0 1.0 13356.0 45.0 20110.0 0.08322929671244278
40 39 43 0.0 0.0 577.0 1.0 10325.0 21.0 2409.0 0.10855237652167168
40 39 44 0.0 0.0 171.0 0.0 4186.0 17.0 161.0 0.22064617809298656
40 39 45 0.0 0.0 20.0 0.0 436.0 5.0 0.0 0.5711954304365564
40 40 34 0.0 0.0 0.0 0.0 2.0 0.0 0.0 0.6993006993006992
40 40 35 0.0 0.0 66.0 0.0 1469.0 11.0 13.0 0.39738858927050796
40 40 36 0.0 0.0 469.0 0.0 9583.0 23.0 2143.0 0.11629838843661737
40 40 37 0.0 0.0 761.0 0.0 12242.0 30.0 6628.0 0.09335200373408013
40 40 38 0.0 0.0 1599.0 0.0 12971.0 43.0 23371.0 0.08440344848375232
40 40 39 0.0 14.0 2279.0 128.0 12302.0 78.0 37466.0 0.08378216636744464
40 40 40 7.0 70.0 2803.0 304.0 7484.0 64.0 83239.0 0.11064569667272582
40 40 41 0.0 3.0 2586.0 48.0 10637.0 66.0 52112.0 0.0916350307631889
40 40 42 0.0 10.0 1378.0 102.0 13334.0 38.0 17332.0 0.0832045643646737
40 40 43 0.0 0.0 697.0 0.0 11578.0 35.0 4520.0 0.09816295049782639
40 40 44 0.0 0.0 54.0 0.0 1540.0 10.0 10.0 0.39073402176946687
40 40 45 0.0 0.0 4.0 0.0 70.0 1.0 0.0 0.6753497346840327
40 41 35 0.0 0.0 26.0 0.0 524.0 7.0 0.0 0.5507474429583004
40 41 36 0.0 0.0 193.0 0.0 4296.0 23.0 181.0 0.21655065738592416
40 41 37 0.0 0.0 560.0 0.0 10729.0 23.0 3842.0 0.10542962572482865
40 41 38 0.0 0.0 1068.0 3.0 13417.0 38.0 10035.0 0.0849514563106796
40 41 39 0.0 1.0 1638.0 15.0 13626.0 37.0 21127.0 0.08101851851851852
40 41 40 0.0 19.0 1964.0 152.0 12814.0 49.0 29960.0 0.0825617738986849
40 41 41 0.0 537.0 1517.0 5556.0 9262.0 38.0 26337.0 0.07415254237288134
40 41 42 0.0 4.0 1342.0 56.0 13061.0 40.0 18515.0 0.08505467800729039
40 41 43 0.0 0.0 283.0 1.0 6355.0 16.0 582.0 0.1623564884610924
40 41 44 0.0 0.0 255.0 0.0 5951.0 16.0 392.0 0.17091930167256744
40 41 45 0.0 0.0 1.0 0.0 25.0 0.0 0.0 0.6913580246913579
40 42 35 0.0 0.0 0.0 0.0 38.0 0.0 0.0 0.6869479882237487
40 42 36 0.0 0.0 22.0 0.0 1061.0 6.0 10.0 0.4549886252843678
40 42 37 0.0 0.0 163.0 0.0 3750.0 11.0 125.0 0.23708721422523282
40 42 38 0.0 0.0 984.0 0.0 12903.0 35.0 9944.0 0.08813345923827509
40 42 39 0.0 2.0 903.0 9.0 12783.0 24.0 7448.0 0.08926294312675337
40 42 40 0.0 1.0 1610.0 26.0 13370.0 42.0 21647.0 0.08230452674897118
40 42 41 0.0 7.0 885.0 124.0 12599.0 33.0 7596.0 0.08967460927491673
40 42 42 0.0 3.0 474.0 120.0 9260.0 23.0 1608.0 0.11823325732623931
40 42 43 0.0 0.0 706.0 0.0 11696.0 30.0 4880.0 0.0973100715924098
40 42 44 0.0 0.0 182.0 0.0 4250.0 19.0 195.0 0.2182385035074045
40 42 45 0.0 0.0 0.0 0.0 21.0 1.0 0.0 0.6930693069306929
40 43 35 0.0 0.0 0.0 0.0 1.0 0.0 0.0 0.6996501749125437
40 43 36 0.0 0.0 107.0 0.0 2281.0 13.0 25.0 0.31999999999999995
40 43 37 0.0 0.0 74.0 0.0 1516.0 10.0 16.0 0.39095224797542577
40 43 38 0.0 0.0 542.0 0.0 9832.0 22.0 2061.0 0.11327777328262803
40 43 39 0.0 0.0 423.0 0.0 8539.0 30.0 1335.0 0.1279122887163088
40 43 40 0.0 0.0 303.0 10.0 6730.0 15.0 683.0 0.15500442869796277
40 43 41 0.0 0.0 688.0 0.0 11631.0 29.0 4423.0 0.09782684648172733
40 43 42 0.0 0.0 351.0 0.0 7465.0 21.0 845.0 0.14276973281664285
40 43 43 0.0 0.0 99.0 0.0 2373.0 13.0 49.0 0.31397174254317106
40 43 44 0.0 0.0 151.0 0.0 2973.0 15.0 56.0 0.2739189982390921
40 43 45 0.0 0.0 0.0 0.0 9.0 0.0 0.0 0.6968641114982577
40 44 35 0.0 0.0 0.0 0.0 2.0 0.0 0.0 0.6993006993006992
40 44 36 0.0 0.0 0.0 0.0 5.0 0.0 0.0 0.6982543640897755
40 44 37 0.0 0.0 0.0 0.0 58.0 0.0 0.0 0.6802721088435373
40 44 38 0.0 0.0 16.0 0.0 423.0 6.0 1.0 0.5754212905877516
40 44 39 0.0 0.0 21.0 0.0 402.0 7.0 2.0 0.5794701986754967
40 44 40 0.0 0.0 76.0 0.0 1678.0 13.0 11.0 0.37423148890670943
40 44 41 0.0 0.0 128.0 0.0 3154.0 17.0 67.0 0.2659069325735992
40 44 42 0.0 0.0 7.0 0.0 247.0 3.0 1.0 0.6219458018658373
40 44 43 0.0 0.0 2.0 0.0 40.0 0.0 0.0 0.6856023506366307
40 44 44 0.0 0.0 1.0 0.0 16.0 1.0 0.0 0.6944444444444444
40 44 45 0.0 0.0 0.0 0.0 2.0 0.0 0.0 0.6993006993006992
40 45 38 0.0 0.0 0.0 0.0 1.0 0.0 0.0 0.6996501749125437
40 45 40 0.0 0.0 0.0 0.0 6.0 0.0 0.0 0.6979062811565303
40 45 41 0.0 0.0 1.0 0.0 5.0 0.0 0.0 0.6979062811565303
40 45 42 0.0 0.0 1.0 0.0 2.0 0.0 0.0 0.6989515726410384
41 34 41 0.0 0.0 0.0 0.0 1.0 0.0 0.0 0.6996501749125437
41 35 36 0.0 0.0 0.0 0.0 4.0 0.0 0.0 0.6986027944111775
41 35 37 0.0 0.0 0.0 0.0 3.0 0.0 0.0 0.6989515726410384
41 35 38 0.0 0.0 0.0 0.0 20.0 1.0 0.0 0.6934125804853887
41 35 39 0.0 0.0 0.0 0.0 25.0 0.0 0.0 0.6913580246913579
41 35 40 0.0 0.0 43.0 0.0 872.0 5.0 3.0 0.4810996563573882
41 35 41 0.0 0.0 0.0 0.0 6.0 0.0 0.0 0.6979062811565303
41 35 42 0.0 0.0 0.0 0.0 3.0 0.0 0.0 0.6989515726410384
41 36 35 0.0 0.0 0.0 0.0 18.0 0.0 0.0 0.6937561942517343
41 36 36 0.0 0.0 14.0 0.0 521.0 3.0 2.0 0.5529225908372827
41 36 37 0.0 0.0 148.0 0.0 3356.0 10.0 92.0 0.2547770700636942
41 36 38 0.0 0.0 26.0 0.0 925.0 3.0 3.0 0.4752206381534283
41 36 39 0.0 0.0 162.0 0.0 3654.0 14.0 93.0 0.241254523522316
41 36 40 0.0 0.0 137.0 0.0 3114.0 12.0 65.0 0.26722656995609845
41 36 41 0.0 0.0 20.0 0.0 388.0 10.0 0.0 0.5838198498748957
41 36 42 0.0 0.0 3.0 0.0 156.0 0.0 1.0 0.6484483557202407
41 36 43 0.0 0.0 33.0 0.0 792.0 8.0 2.0 0.4968062455642299
41 36 44 0.0 0.0 0.0 0.0 5.0 0.0 0.0 0.6982543640897755
41 37 35 0.0 0.0 0.0 0.0 27.0 1.0 0.0 0.6910167818361302
41 37 36 0.0 0.0 236.0 0.0 6096.0 17.0 554.0 0.16832992665624621
41 37 37 0.0 0.0 766.0 0.0 12137.0 14.0 5753.0 0.09387153010594071
41 37 38 0.0 0.0 537.0 0.0 10132.0 36.0 2408.0 0.11073321205410107
41 37 39 0.0 0.0 913.0 0.0 12603.0 25.0 8411.0 0.09029345372460496
41 37 40 0.0 0.0 267.0 0.0 6579.0 17.0 585.0 0.15853244253198956
41 37 41 0.0 0.0 543.0 1.0 9714.0 30.0 1994.0 0.11437908496732026
41 37 42 0.0 0.0 357.0 0.0 7976.0 15.0 1105.0 0.13560635412630762
41 37 43 0.0 0.0 107.0 0.0 2673.0 10.0 38.0 0.2935010482180293
41 37 44 0.0 0.0 3.0 0.0 45.0 1.0 0.0 0.6842619745845552
41 37 45 0.0 0.0 0.0 0.0 3.0 0.0 0.0 0.6989515726410384
41 38 35 0.0 0.0 3.0 0.0 71.0 0.0 0.0 0.6750241080038573
41 38 36 0.0 0.0 166.0 0.0 3950.0 20.0 136.0 0.2296587926509186
41 38 37 0.0 0.0 369.0 0.0 8264.0 19.0 1184.0 0.1318764129615674
41 38 38 0.0 0.0 1140.0 0.0 13029.0 33.0 14439.0 0.08661758336942398
41 38 39 0.0 0.0 855.0 0.0 12559.0 32.0 7816.0 0.09087958455047061
41 38 40 0.0 0.0 856.0 1.0 12814.0 25.0 7331.0 0.08931989281612861
41 38 41 0.0 10.0 920.0 194.0 12750.0 29.0 7358.0 0.08823344047393962
41 38 42 0.0 0.0 903.0 1.0 12592.0 22.0 7884.0 0.09033423667570008
41 38 43 0.0 0.0 481.0 0.0 9246.0 29.0 1711.0 0.11961722488038275
41 38 44 0.0 0.0 27.0 0.0 901.0 7.0 8.0 0.47928791509756924
41 38 45 0.0 0.0 0.0 0.0 14.0 0.0 0.0 0.6951340615690167
41 39 35 0.0 0.0 16.0 0.0 526.0 4.0 1.0 0.5516154452324664
41 39 36 0.0 0.0 194.0 0.0 4393.0 14.0 174.0 0.21289537712895376
41 39 37 0.0 0.0 656.0 0.0 11100.0 16.0 3227.0 0.10181077739800741
41 39 38 0.0 0.0 1307.0 2.0 13572.0 32.0 15504.0 0.0829138288421676
41 39 39 0.0 0.0 2228.0 3.0 11343.0 52.0 42874.0 0.08980691513246519
41 39 40 0.0 2.0 1853.0 15.0 13018.0 57.0 28665.0 0.08297771455666192
41 39 41 0.0 0.0 2281.0 5.0 11327.0 44.0 42148.0 0.08946258546872005
41 39 42 0.0 0.0 1467.0 1.0 13360.0 31.0 19266.0 0.08321445553970516
41 39 43 0.0 0.0 706.0 0.0 11622.0 22.0 4520.0 0.09775171065493646
41 39 44 0.0 0.0 222.0 0.0 5369.0 14.0 308.0 0.18467220683287164
41 39 45 0.0 0.0 0.0 0.0 16.0 0.0 0.0 0.6944444444444444
41 40 35 0.0 0.0 67.0 0.0 1393.0 6.0 10.0 0.40532715691951354
41 40 36 0.0 0.0 434.0 0.0 8882.0 23.0 1601.0 0.12383900928792568
41 40 37 0.0 0.0 884.0 0.0 12541.0 28.0 7282.0 0.09081473793461338
41 40 38 0.0 0.0 1320.0 0.0 13418.0 29.0 15763.0 0.08359207069500835
41 40 39 0.0 0.0 2050.0 5.0 12503.0 50.0 33512.0 0.0845359579735523
41 40 40 0.0 2.0 1787.0 34.0 13484.0 54.0 24981.0 0.08096229470275271
41 40 41 0.0 4.0 2357.0 38.0 10653.0 53.0 48696.0 0.09296148738379813
41 40 42 0.0 2.0 1552.0 42.0 13440.0 45.0 20147.0 0.08224650452355774
41 40 43 0.0 0.0 385.0 0.0 8595.0 23.0 1540.0 0.12770227127611053
41 40 44 0.0 0.0 245.0 0.0 5290.0 12.0 303.0 0.18604651162790697
41 40 45 0.0 0.0 0.0 0.0 21.0 0.0 0.0 0.6927263730826323
41 41 34 0.0 0.0 0.0 0.0 1.0 0.0 0.0 0.6996501749125437
41 41 35 0.0 0.0 67.0 0.0 1548.0 4.0 11.0 0.3877042370534477
41 41 36 0.0 0.0 631.0 0.0 10814.0 25.0 3032.0 0.10418216996576869
41 41 37 0.0 0.0 1047.0 0.0 13037.0 34.0 10981.0 0.08703220191470844
41 41 38 0.0 0.0 1356.0 1.0 13623.0 44.0 16792.0 0.08246451080874123
41 41 39 0.0 3.0 2262.0 24.0 12010.0 64.0 39207.0 0.08593174564203289
41 41 40 0.0 5.0 2194.0 56.0 11820.0 55.0 38991.0 0.08712427655734643
41 41 41 0.0 10.0 1781.0 115.0 12875.0 46.0 26090.0 0.08345255126371005
41 41 42 0.0 0.0 833.0 44.0 12561.0 26.0 6013.0 0.09079118028534369
41 41 43 0.0 0.0 523.0 1.0 10180.0 24.0 2347.0 0.1103230890464933
41 41 44 0.0 0.0 106.0 0.0 2692.0 16.0 41.0 0.29264214046822734
41 41 45 0.0 0.0 1.0 0.0 22.0 0.0 0.0 0.6920415224913494
41 42 35 0.0 0.0 36.0 0.0 932.0 10.0 3.0 0.4732927653820148
41 42 36 0.0 0.0 84.0 0.0 1818.0 12.0 22.0 0.3599897145795834
41 42 37 0.0 0.0 366.0 0.0 7603.0 21.0 842.0 0.1406045997790499
41 42 38 0.0 0.0 418.0 0.0 8423.0 24.0 1193.0 0.12933025404157042
41 42 39 0.0 0.0 862.0 0.0 12564.0 28.0 7064.0 0.09084420219323859
41 42 40 0.0 4.0 1151.0 73.0 13429.0 31.0 11983.0 0.08403361344537814
41 42 41 0.0 3.0 756.0 45.0 12195.0 37.0 5826.0 0.09347042328748831
41 42 42 0.0 2.0 886.0 27.0 12746.0 26.0 7677.0 0.08937691521961184
41 42 43 0.0 0.0 657.0 1.0 11039.0 16.0 3492.0 0.10223455527968453
41 42 44 0.0 0.0 9.0 0.0 321.0 4.0 1.0 0.6018916595012896
41 42 45 0.0 0.0 0.0 0.0 14.0 0.0 0.0 0.6951340615690167
41 43 34 0.0 0.0 0.0 0.0 2.0 0.0 0.0 0.6993006993006992
41 43 35 0.0 0.0 3.0 0.0 154.0 1.0 0.0 0.6493506493506492
41 43 36 0.0 0.0 4.0 0.0 77.0 0.0 0.0 0.6727534839019701
41 43 37 0.0 0.0 218.0 0.0 4448.0 20.0 166.0 0.21058965102286398
41 43 38 0.0 0.0 155.0 0.0 3611.0 13.0 111.0 0.24326672458731535
41 43 39 0.0 0.0 303.0 0.0 7241.0 14.0 905.0 0.1467966865890741
41 43 40 0.0 0.0 375.0 0.0 8273.0 17.0 1236.0 0.13159131497321175
41 43 41 0.0 0.0 356.0 0.0 7741.0 22.0 910.0 0.13879250520471892
41 43 42 0.0 0.0 332.0 0.0 7337.0 20.0 763.0 0.14504765851636964
41 43 43 0.0 0.0 286.0 1.0 5859.0 26.0 366.0 0.17224409448818898
41 43 44 0.0 0.0 98.0 0.0 2111.0 14.0 25.0 0.33373063170441
41 43 45 0.0 0.0 0.0 0.0 2.0 0.0 0.0 0.6993006993006992
41 44 35 0.0 0.0 0.0 0.0 1.0 0.0 0.0 0.6996501749125437
41 44 36 0.0 0.0 0.0 0.0 3.0 0.0 0.0 0.6989515726410384
41 44 37 0.0 0.0 1.0 0.0 53.0 0.0 0.0 0.6819288845591815
41 44 38 0.0 0.0 1.0 0.0 100.0 0.0 0.0 0.6663493574488338
41 44 39 0.0 0.0 11.0 0.0 399.0 4.0 0.0 0.5818786367414795
41 44 40 0.0 0.0 53.0 0.0 1385.0 7.0 9.0 0.4080443019527834
41 44 41 0.0 0.0 3.0 0.0 245.0 2.0 0.0 0.6233303650934995
41 44 42 0.0 0.0 1.0 0.0 150.0 1.0 0.0 0.6511627906976742
41 44 43 0.0 0.0 17.0 0.0 380.0 7.0 3.0 0.5857740585774057
41 44 44 0.0 0.0 0.0 0.0 10.0 0.0 0.0 0.6965174129353233
41 44 45 0.0 0.0 0.0 0.0 3.0 0.0 0.0 0.6989515726410384
41 45 39 0.0 0.0 4.0 0.0 38.0 2.0 0.0 0.6862745098039215
41 45 41 0.0 0.0 0.0 0.0 1.0 0.0 0.0 0.6996501749125437
41 45 42 0.0 0.0 0.0 0.0 2.0 0.0 0.0 0.6993006993006992
42 35 36 0.0 0.0 0.0 0.0 2.0 0.0 0.0 0.6993006993006992
42 35 37 0.0 0.0 3.0 0.0 88.0 3.0 0.0 0.6704980842911876
42 35 38 0.0 0.0 2.0 0.0 37.0 0.0 0.0 0.6866110838646394
42 35 39 0.0 0.0 0.0 0.0 16.0 0.0 0.0 0.6944444444444444
42 35 40 0.0 0.0 0.0 0.0 5.0 0.0 0.0 0.6986027944111775
42 35 41 0.0 0.0 1.0 0.0 14.0 0.0 0.0 0.694789081885856
42 36 35 0.0 0.0 0.0 0.0 6.0 0.0 0.0 0.6979062811565303
42 36 36 0.0 0.0 19.0 0.0 495.0 3.0 2.0 0.5575467941059339
42 36 37 0.0 0.0 90.0 0.0 2103.0 14.0 23.0 0.3350885591191957
42 36 38 0.0 0.0 232.0 0.0 4840.0 18.0 232.0 0.19838458268385997
42 36 39 0.0 0.0 35.0 0.0 986.0 3.0 4.0 0.46388336646785944
42 36 40 0.0 0.0 166.0 0.0 4402.0 17.0 186.0 0.21367521367521367
42 36 41 0.0 0.0 14.0 0.0 237.0 3.0 0.0 0.6230529595015576
42 36 42 0.0 0.0 20.0 0.0 768.0 4.0 7.0 0.5030542579949694
42 36 43 0.0 0.0 0.0 0.0 19.0 0.0 0.0 0.6934125804853887
42 36 44 0.0 0.0 0.0 0.0 4.0 0.0 0.0 0.6986027944111775
42 37 35 0.0 0.0 4.0 0.0 78.0 0.0 0.0 0.6724303554274734
42 37 36 0.0 0.0 65.0 0.0 1413.0 9.0 15.0 0.40357451715191694
42 37 37 0.0 0.0 293.0 0.0 6181.0 18.0 478.0 0.16548463356973991
42 37 38 0.0 0.0 312.0 0.0 7381.0 19.0 840.0 0.1446430416365327
42 37 39 0.0 0.0 645.0 0.0 11354.0 25.0 3802.0 0.10009294344748694
42 37 40 0.0 0.0 433.0 0.0 8727.0 24.0 1413.0 0.12554927809165095
42 37 41 0.0 0.0 399.0 0.0 8350.0 24.0 1270.0 0.13047530288909598
42 37 42 0.0 0.0 204.0 0.0 4349.0 21.0 187.0 0.2141982864137087
42 37 43 0.0 0.0 25.0 0.0 870.0 4.0 7.0 0.48426150121065364
42 37 44 0.0 0.0 1.0 0.0 93.0 1.0 0.0 0.668896321070234
42 37 45 0.0 0.0 0.0 0.0 7.0 0.0 0.0 0.6975585450921773
42 38 35 0.0 0.0 7.0 0.0 124.0 3.0 0.0 0.6578947368421051
42 38 36 0.0 0.0 41.0 0.0 1325.0 5.0 20.0 0.4164187983343247
42 38 37 0.0 0.0 530.0 0.0 9442.0 23.0 1851.0 0.11706664436825821
42 38 38 0.0 0.0 1129.0 0.0 13077.0 25.0 13099.0 0.08635578583765112
42 38 39 0.0 0.0 1302.0 0.0 13040.0 36.0 17901.0 0.08560596795890912
42 38 40 0.0 0.0 908.0 1.0 12855.0 26.0 7773.0 0.08885503935008884
42 38 41 0.0 0.0 966.0 0.0 13105.0 38.0 7506.0 0.08718938780594132
42 38 42 0.0 0.0 531.0 0.0 10104.0 19.0 2344.0 0.11083841342728207
42 38 43 0.0 0.0 554.0 0.0 9962.0 24.0 2459.0 0.11202688645274865
42 38 44 0.0 0.0 111.0 0.0 2615.0 9.0 58.0 0.2966730239457512
42 38 45 0.0 0.0 34.0 0.0 566.0 12.0 0.0 0.5409582689335393
42 39 34 0.0 0.0 0.0 0.0 2.0 0.0 0.0 0.6993006993006992
42 39 35 0.0 0.0 78.0 0.0 1608.0 17.0 10.0 0.3815753611338239
42 39 36 0.0 0.0 274.0 0.0 5454.0 21.0 292.0 0.18158236057068736
42 39 37 0.0 0.0 627.0 0.0 11244.0 23.0 4307.0 0.101010101010101
42 39 38 0.0 0.0 923.0 0.0 12824.0 37.0 7096.0 0.08897362567524625
42 39 39 0.0 0.0 1085.0 1.0 13276.0 34.0 11926.0 0.08560596795890912
42 39 40 0.0 2.0 1095.0 18.0 13615.0 25.0 10292.0 0.08365200764818355
42 39 41 0.0 0.0 1161.0 1.0 13389.0 32.0 13471.0 0.0846484067960578
42 39 42 0.0 0.0 1216.0 1.0 12918.0 39.0 17226.0 0.0867894116917736
42 39 43 0.0 0.0 934.0 0.0 12739.0 39.0 7940.0 0.08939974457215835
42 39 44 0.0 0.0 130.0 0.0 3404.0 13.0 103.0 0.25348542458808615
42 39 45 0.0 0.0 0.0 0.0 14.0 0.0 0.0 0.6951340615690167
42 40 35 0.0 0.0 11.0 0.0 306.0 4.0 0.0 0.6052745352356247
42 40 36 0.0 0.0 162.0 0.0 3916.0 17.0 139.0 0.23102310231023096
42 40 37 0.0 0.0 672.0 0.0 11219.0 40.0 4165.0 0.1009154472716788
42 40 38 0.0 0.0 1710.0 0.0 12979.0 41.0 24842.0 0.08386748936680044
42 40 39 0.0 0.0 1622.0 0.0 13178.0 54.0 23454.0 0.08339289969025493
42 40 40 0.0 0.0 1741.0 0.0 12582.0 40.0 28212.0 0.08571078731480347
42 40 41 0.0 0.0 1359.0 2.0 13812.0 34.0 14841.0 0.081537565521258
42 40 42 0.0 1.0 1223.0 7.0 13592.0 43.0 12699.0 0.08330853912526033
42 40 43 0.0 0.0 571.0 0.0 10449.0 24.0 2904.0 0.1076426264800861
42 40 44 0.0 0.0 141.0 0.0 3202.0 17.0 65.0 0.2628120893561104
42 40 45 0.0 0.0 1.0 0.0 22.0 1.0 0.0 0.6923837784371908
42 41 35 0.0 0.0 0.0 0.0 61.0 0.0 0.0 0.6796116504854368
42 41 36 0.0 0.0 245.0 0.0 5483.0 28.0 337.0 0.1816294758692268
42 41 37 0.0 0.0 458.0 0.0 9198.0 15.0 1835.0 0.12016135953995363
42 41 38 0.0 0.0 739.0 0.0 11894.0 25.0 4399.0 0.0956937799043062
42 41 39 0.0 0.0 1254.0 0.0 13391.0 38.0 14853.0 0.08413461538461538
42 41 40 0.0 0.0 1114.0 2.0 13615.0 35.0 10188.0 0.08371203061468546
42 41 41 0.0 0.0 1610.0 1.0 12919.0 30.0 24278.0 0.08467912659529425
42 41 42 0.0 0.0 959.0 0.0 12865.0 44.0 10082.0 0.08856835579173783
42 41 43 0.0 0.0 304.0 0.0 6919.0 25.0 705.0 0.15215737419845665
42 41 44 0.0 0.0 74.0 0.0 2001.0 13.0 35.0 0.34465780403741997
42 41 45 0.0 0.0 0.0 0.0 15.0 0.0 0.0 0.694789081885856
42 42 35 0.0 0.0 4.0 0.0 149.0 1.0 0.0 0.6505576208178437
42 42 36 0.0 0.0 190.0 0.0 4761.0 15.0 258.0 0.20181634712411703
42 42 37 0.0 0.0 108.0 0.0 3059.0 18.0 70.0 0.27179188507086
42 42 38 0.0 0.0 630.0 0.0 11113.0 24.0 4201.0 0.10191453738079638
42 42 39 0.0 0.0 969.0 0.0 12963.0 38.0 8673.0 0.08790656787642848
42 42 40 0.0 0.0 1316.0 0.0 13168.0 37.0 17042.0 0.08488449645304068
42 42 41 0.0 0.0 855.0 1.0 12621.0 28.0 8092.0 0.09043343453265291
42 42 42 0.0 0.0 751.0 0.0 12174.0 27.0 6055.0 0.0938337801608579
42 42 43 0.0 0.0 298.0 0.0 6379.0 22.0 564.0 0.16166281755196302
42 42 44 0.0 0.0 30.0 0.0 563.0 9.0 2.0 0.5417956656346749
42 42 45 0.0 0.0 0.0 0.0 4.0 0.0 0.0 0.6986027944111775
42 43 35 0.0 0.0 0.0 0.0 4.0 0.0 0.0 0.6989515726410384
42 43 36 0.0 0.0 24.0 0.0 549.0 7.0 1.0 0.5455962587685113
42 43 37 0.0 0.0 0.0 0.0 153.0 2.0 0.0 0.6508600650860064
42 43 38 0.0 0.0 44.0 0.0 1283.0 8.0 11.0 0.4218137993371497
42 43 39 0.0 0.0 561.0 0.0 10080.0 31.0 2221.0 0.11092623405435384
42 43 40 0.0 0.0 218.0 2.0 5833.0 17.0 425.0 0.17412935323383083
42 43 41 0.0 0.0 473.0 0.0 9229.0 20.0 1593.0 0.1198014718466541
42 43 42 0.0 0.0 107.0 0.0 2544.0 14.0 41.0 0.30191934440370927
42 43 43 0.0 0.0 53.0 0.0 1565.0 6.0 17.0 0.3875968992248061
42 43 44 0.0 0.0 0.0 0.0 42.0 0.0 0.0 0.6856023506366307
42 44 36 0.0 0.0 0.0 0.0 3.0 0.0 0.0 0.6989515726410384
42 44 37 0.0 0.0 0.0 0.0 15.0 0.0 0.0 0.694789081885856
42 44 38 0.0 0.0 3.0 0.0 159.0 2.0 0.0 0.648148148148148
42 44 39 0.0 0.0 66.0 0.0 1418.0 10.0 6.0 0.4029936672423718
42 44 40 0.0 0.0 33.0 0.0 680.0 13.0 1.0 0.5185185185185184
42 44 41 0.0 0.0 0.0 0.0 104.0 0.0 0.0 0.6653992395437262
42 44 42 0.0 0.0 22.0 0.0 483.0 2.0 0.0 0.5593288054334797
42 44 43 0.0 0.0 23.0 0.0 683.0 4.0 3.0 0.5181347150259067
42 44 44 0.0 0.0 0.0 0.0 4.0 0.0 0.0 0.6986027944111775
42 44 45 0.0 0.0 0.0 0.0 1.0 0.0 0.0 0.6996501749125437
42 45 39 0.0 0.0 0.0 0.0 1.0 0.0 0.0 0.6996501749125437
42 45 40 0.0 0.0 0.0 0.0 4.0 0.0 0.0 0.6986027944111775
42 45 41 0.0 0.0 0.0 0.0 4.0 0.0 0.0 0.6986027944111775
43 35 37 0.0 0.0 0.0 0.0 3.0 0.0 0.0 0.6989515726410384
43 35 38 0.0 0.0 0.0 0.0 7.0 0.0 0.0 0.6975585450921773
43 35 39 0.0 0.0 0.0 0.0 16.0 0.0 0.0 0.6944444444444444
43 35 40 0.0 0.0 0.0 0.0 12.0 0.0 0.0 0.6958250497017892
43 35 41 0.0 0.0 0.0 0.0 2.0 0.0 0.0 0.6996501749125437
43 36 36 0.0 0.0 0.0 0.0 9.0 0.0 0.0 0.6968641114982577
43 36 37 0.0 0.0 0.0 0.0 87.0 0.0 0.0 0.670819357930043
43 36 38 0.0 0.0 65.0 0.0 1274.0 13.0 8.0 0.4209260372820204
43 36 39 0.0 0.0 134.0 0.0 2750.0 11.0 55.0 0.28723840787853916
43 36 40 0.0 0.0 24.0 0.0 765.0 7.0 2.0 0.5032350826743349
43 36 41 0.0 0.0 24.0 0.0 551.0 3.0 2.0 0.5445352003111629
43 36 42 0.0 0.0 26.0 0.0 460.0 8.0 0.0 0.5649717514124293
43 36 43 0.0 0.0 0.0 0.0 2.0 0.0 0.0 0.6993006993006992
43 37 35 0.0 0.0 0.0 0.0 1.0 0.0 0.0 0.6996501749125437
43 37 36 0.0 0.0 0.0 0.0 37.0 0.0 0.0 0.6872852233676975
43 37 37 0.0 0.0 106.0 0.0 2380.0 9.0 43.0 0.31277926720285965
43 37 38 0.0 0.0 595.0 0.0 10362.0 23.0 2834.0 0.10814151089139502
43 37 39 0.0 0.0 314.0 0.0 6643.0 22.0 668.0 0.1566696508504924
43 37 40 0.0 0.0 230.0 0.0 5586.0 23.0 404.0 0.17957927142124164
43 37 41 0.0 0.0 264.0 0.0 5988.0 23.0 391.0 0.16998542982030107
43 37 42 0.0 0.0 79.0 0.0 2045.0 12.0 29.0 0.34046692607003887
43 37 43 0.0 0.0 78.0 0.0 1365.0 17.0 9.0 0.4086398131932282
43 37 44 0.0 0.0 1.0 0.0 42.0 1.0 0.0 0.6856023506366307
43 37 45 0.0 0.0 0.0 0.0 4.0 1.0 0.0 0.6989515726410384
43 38 35 0.0 0.0 0.0 0.0 6.0 0.0 0.0 0.6979062811565303
43 38 36 0.0 0.0 40.0 0.0 1284.0 10.0 10.0 0.4224502112251055
43 38 37 0.0 0.0 252.0 0.0 6428.0 22.0 565.0 0.161513613290263
43 38 38 0.0 0.0 523.0 0.0 10365.0 17.0 2676.0 0.10873786407766989
43 38 39 0.0 0.0 705.0 0.0 11689.0 28.0 4405.0 0.09731683581259556
43 38 40 0.0 0.0 423.0 0.0 8885.0 25.0 1583.0 0.12401452741606872
43 38 41 0.0 0.0 544.0 0.0 10206.0 23.0 2552.0 0.10989010989010987
43 38 42 0.0 0.0 687.0 0.0 11425.0 28.0 4756.0 0.09922744347579558
43 38 43 0.0 0.0 220.0 0.0 5108.0 13.0 279.0 0.19136139967195187
43 38 44 0.0 0.0 106.0 0.0 2595.0 12.0 41.0 0.29850746268656714
43 38 45 0.0 0.0 0.0 0.0 12.0 0.0 0.0 0.6958250497017892
43 39 34 0.0 0.0 0.0 0.0 2.0 0.0 0.0 0.6993006993006992
43 39 35 0.0 0.0 0.0 0.0 10.0 0.0 0.0 0.6965174129353233
43 39 36 0.0 0.0 178.0 0.0 3948.0 14.0 117.0 0.2290950744558992
43 39 37 0.0 0.0 346.0 0.0 7345.0 17.0 845.0 0.1446430416365327
43 39 38 0.0 0.0 464.0 0.0 9349.0 29.0 1785.0 0.11875477139706504
43 39 39 0.0 0.0 710.0 0.0 11753.0 29.0 5061.0 0.09687910871219983
43 39 40 0.0 0.0 993.0 0.0 13038.0 32.0 9290.0 0.08736349453978158
43 39 41 0.0 0.0 684.0 0.0 11359.0 28.0 3675.0 0.09984310369419482
43 39 42 0.0 0.0 566.0 0.0 10353.0 26.0 2783.0 0.10846827303013867
43 39 43 0.0 0.0 260.0 0.0 6417.0 18.0 622.0 0.1616814874696847
43 39 44 0.0 0.0 29.0 0.0 1068.0 8.0 5.0 0.45336787564766834
43 39 45 0.0 0.0 0.0 0.0 5.0 0.0 0.0 0.6982543640897755
43 40 34 0.0 0.0 0.0 0.0 1.0 0.0 0.0 0.6996501749125437
43 40 35 0.0 0.0 0.0 0.0 10.0 0.0 0.0 0.6965174129353233
43 40 36 0.0 0.0 139.0 0.0 3472.0 15.0 92.0 0.2501786990707648
43 40 37 0.0 0.0 590.0 0.0 10464.0 29.0 2620.0 0.10737019710100466
43 40 38 0.0 0.0 622.0 0.0 10884.0 33.0 3503.0 0.10381135992881506
43 40 39 0.0 0.0 670.0 0.0 11533.0 27.0 4571.0 0.0986123828977953
43 40 40 0.0 0.0 660.0 0.0 11515.0 29.0 4965.0 0.09885609377206608
43 40 41 0.0 0.0 700.0 0.0 11577.0 30.0 3918.0 0.09821115398105927
43 40 42 0.0 0.0 498.0 0.0 10072.0 22.0 2395.0 0.1114738434588741
43 40 43 0.0 0.0 733.0 0.0 11652.0 30.0 5517.0 0.0973371341166655
43 40 44 0.0 0.0 149.0 0.0 2967.0 17.0 54.0 0.2745098039215686
43 40 45 0.0 0.0 0.0 0.0 14.0 0.0 0.0 0.6951340615690167
43 41 34 0.0 0.0 0.0 0.0 1.0 0.0 0.0 0.6996501749125437
43 41 35 0.0 0.0 0.0 0.0 22.0 0.0 0.0 0.6927263730826323
43 41 36 0.0 0.0 19.0 0.0 445.0 5.0 0.0 0.5693371289141926
43 41 37 0.0 0.0 144.0 0.0 3976.0 16.0 161.0 0.22924512854101847
43 41 38 0.0 0.0 403.0 0.0 8447.0 15.0 1220.0 0.12913937828613595
43 41 39 0.0 0.0 806.0 0.0 12195.0 30.0 6206.0 0.09342052582410248
43 41 40 0.0 0.0 741.0 0.0 11943.0 43.0 5884.0 0.09553053565336062
43 41 41 0.0 0.0 751.0 0.0 11937.0 31.0 5199.0 0.09541334423771552
43 41 42 0.0 0.0 415.0 0.0 8750.0 23.0 1540.0 0.12556053811659193
43 41 43 0.0 0.0 257.0 0.0 5663.0 25.0 361.0 0.17723762501582477
43 41 44 0.0 0.0 2.0 0.0 164.0 0.0 0.0 0.6466512702078521
43 41 45 0.0 0.0 0.0 0.0 1.0 0.0 0.0 0.6996501749125437
43 42 35 0.0 0.0 0.0 0.0 15.0 0.0 0.0 0.694789081885856
43 42 36 0.0 0.0 0.0 0.0 45.0 0.0 0.0 0.6845965770171147
43 42 37 0.0 0.0 62.0 0.0 1784.0 15.0 17.0 0.36524915210018255
43 42 38 0.0 0.0 382.0 0.0 8124.0 17.0 1174.0 0.13334603295551956
43 42 39 0.0 0.0 285.0 0.0 6412.0 27.0 527.0 0.16147635524798154
43 42 40 0.0 0.0 586.0 0.0 10807.0 14.0 3250.0 0.10451661067562523
43 42 41 0.0 0.0 351.0 0.0 7458.0 19.0 806.0 0.14284256708499132
43 42 42 0.0 0.0 281.0 0.0 6438.0 19.0 510.0 0.16088255573431393
43 42 43 0.0 0.0 183.0 0.0 4400.0 16.0 183.0 0.21318714786051465
43 42 44 0.0 0.0 0.0 0.0 30.0 0.0 0.0 0.6899950714637751
43 43 35 0.0 0.0 0.0 0.0 4.0 0.0 0.0 0.6986027944111775
43 43 36 0.0 0.0 0.0 0.0 9.0 0.0 0.0 0.6968641114982577
43 43 37 0.0 0.0 17.0 0.0 524.0 6.0 1.0 0.5524861878453038
43 43 38 0.0 0.0 124.0 0.0 3177.0 10.0 71.0 0.26455026455026454
43 43 39 0.0 0.0 286.0 0.0 6019.0 25.0 418.0 0.16902088615236024
43 43 40 0.0 0.0 181.0 0.0 4680.0 17.0 234.0 0.20446911055936903
43 43 41 0.0 0.0 351.0 0.0 7265.0 17.0 797.0 0.14583333333333331
43 43 42 0.0 0.0 217.0 0.0 4597.0 12.0 220.0 0.2058218171126139
43 43 43 0.0 0.0 96.0 0.0 1905.0 17.0 17.0 0.35140562248995977
43 43 44 0.0 0.0 0.0 0.0 9.0 0.0 0.0 0.6968641114982577
43 44 38 0.0 0.0 2.0 0.0 55.0 1.0 0.0 0.6809338521400777
43 44 39 0.0 0.0 1.0 0.0 60.0 0.0 0.0 0.6799417192812044
43 44 40 0.0 0.0 187.0 0.0 4042.0 16.0 142.0 0.22526146419951726
43 44 41 0.0 0.0 0.0 0.0 50.0 1.0 0.0 0.6832601268911663
43 44 42 0.0 0.0 6.0 0.0 85.0 3.0 0.0 0.670819357930043
43 44 43 0.0 0.0 0.0 0.0 6.0 0.0 0.0 0.6979062811565303
43 44 44 0.0 0.0 0.0 0.0 1.0 0.0 0.0 0.6996501749125437
43 45 38 0.0 0.0 4.0 0.0 27.0 1.0 0.0 0.689655172413793
43 45 39 0.0 0.0 0.0 0.0 2.0 0.0 0.0 0.6993006993006992
43 45 40 0.0 0.0 0.0 0.0 5.0 0.0 0.0 0.6982543640897755
43 45 41 0.0 0.0 0.0 0.0 2.0 0.0 0.0 0.6993006993006992
44 35 37 0.0 0.0 0.0 0.0 1.0 0.0 0.0 0.6996501749125437
44 35 38 0.0 0.0 0.0 0.0 2.0 0.0 0.0 0.6993006993006992
44 35 39 0.0 0.0 0.0 0.0 4.0 0.0 0.0 0.6986027944111775
44 35 40 0.0 0.0 0.0 0.0 3.0 0.0 0.0 0.6989515726410384
44 36 37 0.0 0.0 0.0 0.0 54.0 0.0 0.0 0.6819288845591815
44 36 38 0.0 0.0 93.0 0.0 2228.0 12.0 40.0 0.3249767873723305
44 36 39 0.0 0.0 147.0 0.0 3338.0 16.0 90.0 0.2559882976778204
44 36 40 0.0 0.0 54.0 0.0 1099.0 14.0 7.0 0.4460019114367632
44 36 41 0.0 0.0 0.0 0.0 11.0 0.0 0.0 0.6961710591745399
44 36 42 0.0 0.0 0.0 0.0 10.0 0.0 0.0 0.6965174129353233
44 36 44 0.0 0.0 0.0 0.0 1.0 0.0 0.0 0.6996501749125437
44 37 36 0.0 0.0 10.0 0.0 284.0 0.0 1.0 0.6102877070619005
44 37 37 0.0 0.0 4.0 0.0 160.0 2.0 0.0 0.6475485661424606
44 37 38 0.0 0.0 134.0 0.0 3600.0 14.0 121.0 0.24466969591052076
44 37 39 0.0 0.0 47.0 0.0 1243.0 7.0 8.0 0.4264392324093816
44 37 40 0.0 0.0 27.0 0.0 751.0 3.0 3.0 0.5045045045045045
44 37 41 0.0 0.0 86.0 0.0 1644.0 15.0 15.0 0.3767491926803013
44 37 42 0.0 0.0 2.0 0.0 140.0 1.0 0.0 0.6539000467071461
44 37 43 0.0 0.0 40.0 0.0 1085.0 10.0 3.0 0.44943820224719094
44 37 44 0.0 0.0 0.0 0.0 1.0 0.0 0.0 0.6996501749125437
44 38 35 0.0 0.0 2.0 0.0 11.0 0.0 0.0 0.695479384003974
44 38 36 0.0 0.0 0.0 0.0 25.0 0.0 0.0 0.6913580246913579
44 38 37 0.0 0.0 26.0 0.0 706.0 1.0 3.0 0.5126327352618087
44 38 38 0.0 0.0 16.0 0.0 800.0 5.0 3.0 0.4978662873399715
44 38 39 0.0 0.0 163.0 0.0 3451.0 18.0 79.0 0.25013400035733424
44 38 40 0.0 0.0 659.0 0.0 11184.0 38.0 3982.0 0.10122921185827909
44 38 41 0.0 0.0 122.0 0.0 2716.0 14.0 51.0 0.29003521856225395
44 38 42 0.0 0.0 121.0 0.0 2795.0 11.0 48.0 0.28542303771661565
44 38 43 0.0 0.0 5.0 0.0 249.0 2.0 1.0 0.6216696269982237
44 38 44 0.0 0.0 9.0 0.0 233.0 4.0 0.0 0.6255585344057193
44 38 45 0.0 0.0 0.0 0.0 4.0 0.0 0.0 0.6986027944111775
44 39 35 0.0 0.0 0.0 0.0 5.0 0.0 0.0 0.6982543640897755
44 39 36 0.0 0.0 26.0 0.0 563.0 11.0 2.0 0.543056633048875
44 39 37 0.0 0.0 191.0 0.0 3968.0 14.0 134.0 0.22771633051398826
44 39 38 0.0 0.0 77.0 0.0 2147.0 10.0 35.0 0.33214709371293
44 39 39 0.0 0.0 317.0 0.0 6308.0 23.0 483.0 0.16262051341619235
44 39 40 0.0 0.0 317.0 0.0 6971.0 13.0 666.0 0.15089458935115327
44 39 41 0.0 0.0 156.0 0.0 3772.0 24.0 109.0 0.23696682464454974
44 39 42 0.0 0.0 308.0 0.0 6219.0 22.0 434.0 0.16460905349794236
44 39 43 0.0 0.0 23.0 0.0 915.0 6.0 7.0 0.4774897680763983
44 39 44 0.0 0.0 163.0 0.0 3551.0 16.0 100.0 0.24561403508771926
44 39 45 0.0 0.0 0.0 0.0 6.0 0.0 0.0 0.6979062811565303
44 40 35 0.0 0.0 0.0 0.0 5.0 0.0 0.0 0.6982543640897755
44 40 36 0.0 0.0 50.0 0.0 1094.0 10.0 6.0 0.44657097288676234
44 40 37 0.0 0.0 71.0 0.0 1774.0 14.0 11.0 0.3654398329417906
44 40 38 0.0 0.0 95.0 0.0 2308.0 13.0 24.0 0.31890660592255116
44 40 39 0.0 0.0 229.0 0.0 5075.0 19.0 232.0 0.1921757035003431
44 40 40 0.0 0.0 534.0 0.0 10327.0 21.0 2886.0 0.10894941634241245
44 40 41 0.0 0.0 79.0 0.0 2209.0 14.0 37.0 0.32748538011695905
44 40 42 0.0 0.0 164.0 0.0 3961.0 21.0 114.0 0.22924512854101847
44 40 43 0.0 0.0 90.0 0.0 1947.0 19.0 19.0 0.34843205574912883
44 40 44 0.0 0.0 1.0 0.0 71.0 0.0 0.0 0.6756756756756755
44 40 45 0.0 0.0 0.0 0.0 5.0 0.0 0.0 0.6982543640897755
44 41 35 0.0 0.0 0.0 0.0 5.0 0.0 0.0 0.6982543640897755
44 41 36 0.0 0.0 0.0 0.0 48.0 0.0 0.0 0.6835937499999999
44 41 37 0.0 0.0 39.0 0.0 924.0 3.0 0.0 0.47297297297297286
44 41 38 0.0 0.0 46.0 0.0 1274.0 16.0 6.0 0.42372881355932196
44 41 39 0.0 0.0 287.0 0.0 6386.0 33.0 467.0 0.16201828492072673
44 41 40 0.0 0.0 121.0 0.0 2690.0 21.0 30.0 0.2920926350928437
44 41 41 0.0 0.0 140.0 0.0 3087.0 13.0 73.0 0.2685078634445722
44 41 42 0.0 0.0 274.0 0.0 5537.0 26.0 286.0 0.17974065990499416
44 41 43 0.0 0.0 138.0 0.0 3372.0 18.0 109.0 0.25486983433460764
44 41 44 0.0 0.0 2.0 0.0 126.0 0.0 0.0 0.6582040432534085
44 42 36 0.0 0.0 0.0 0.0 7.0 0.0 0.0 0.6975585450921773
44 42 37 0.0 0.0 0.0 0.0 32.0 0.0 0.0 0.6889763779527558
44 42 38 0.0 0.0 80.0 0.0 1900.0 15.0 26.0 0.35308953341740223
44 42 39 0.0 0.0 412.0 0.0 8654.0 23.0 1536.0 0.12668536784001447
44 42 40 0.0 0.0 20.0 0.0 904.0 4.0 4.0 0.4794520547945204
44 42 41 0.0 0.0 83.0 0.0 1605.0 19.0 12.0 0.3815753611338239
44 42 42 0.0 0.0 10.0 0.0 255.0 3.0 0.0 0.6189213085764809
44 42 43 0.0 0.0 3.0 0.0 88.0 0.0 0.0 0.6701771182383915
44 42 44 0.0 0.0 0.0 0.0 6.0 0.0 0.0 0.6979062811565303
44 43 37 0.0 0.0 0.0 0.0 30.0 1.0 0.0 0.6899950714637751
44 43 38 0.0 0.0 0.0 0.0 78.0 0.0 0.0 0.6737247353224253
44 43 39 0.0 0.0 60.0 0.0 1240.0 12.0 9.0 0.4257907542579075
44 43 40 0.0 0.0 2.0 0.0 178.0 1.0 0.0 0.6424965580541532
44 43 41 0.0 0.0 0.0 0.0 94.0 1.0 0.0 0.668896321070234
44 43 42 0.0 0.0 0.0 0.0 44.0 1.0 0.0 0.6859382655560998
44 43 43 0.0 0.0 1.0 0.0 23.0 1.0 0.0 0.6920415224913494
44 43 44 0.0 0.0 0.0 0.0 5.0 0.0 0.0 0.6982543640897755
44 44 37 0.0 0.0 1.0 0.0 12.0 1.0 0.0 0.6958250497017892
44 44 38 0.0 0.0 4.0 0.0 62.0 1.0 0.0 0.6779661016949151
44 44 39 0.0 0.0 0.0 0.0 10.0 0.0 0.0 0.6965174129353233
44 44 40 0.0 0.0 0.0 0.0 25.0 0.0 0.0 0.6913580246913579
44 44 41 0.0 0.0 0.0 0.0 12.0 0.0 0.0 0.6958250497017892
44 44 42 0.0 0.0 1.0 0.0 55.0 0.0 0.0 0.6809338521400777
44 45 39 0.0 0.0 0.0 0.0 4.0 0.0 0.0 0.6986027944111775
44 45 40 0.0 0.0 0.0 0.0 4.0 0.0 0.0 0.6986027944111775
44 45 41 0.0 0.0 0.0 0.0 2.0 0.0 0.0 0.6993006993006992
45 35 37 0.0 0.0 0.0 0.0 1.0 0.0 0.0 0.6996501749125437
45 35 38 0.0 0.0 0.0 0.0 2.0 0.0 0.0 0.6993006993006992
45 35 39 0.0 0.0 0.0 0.0 2.0 0.0 0.0 0.6993006993006992
45 35 40 0.0 0.0 0.0 0.0 1.0 0.0 0.0 0.6996501749125437
45 36 38 0.0 0.0 0.0 0.0 10.0 0.0 0.0 0.6965174129353233
45 36 39 0.0 0.0 3.0 0.0 24.0 2.0 0.0 0.6913580246913579
45 36 40 0.0 0.0 0.0 0.0 2.0 0.0 0.0 0.6993006993006992
45 36 41 0.0 0.0 0.0 0.0 1.0 0.0 0.0 0.0
45 37 37 0.0 0.0 0.0 0.0 8.0 0.0 0.0 0.697211155378486
45 37 38 0.0 0.0 0.0 0.0 11.0 0.0 0.0 0.6961710591745399
45 37 39 0.0 0.0 86.0 0.0 2531.0 10.0 35.0 0.30381944444444436
45 37 40 0.0 0.0 103.0 0.0 2254.0 14.0 34.0 0.3222836095764272
45 37 41 0.0 0.0 32.0 0.0 797.0 10.0 5.0 0.4968062455642299
45 37 42 0.0 0.0 0.0 0.0 15.0 0.0 0.0 0.694789081885856
45 37 43 0.0 0.0 0.0 0.0 4.0 0.0 0.0 0.6986027944111775
45 38 36 0.0 0.0 0.0 0.0 1.0 0.0 0.0 0.6996501749125437
45 38 37 0.0 0.0 0.0 0.0 1.0 0.0 0.0 0.6996501749125437
45 38 38 0.0 0.0 5.0 0.0 81.0 1.0 0.0 0.6714628297362109
45 38 39 0.0 0.0 0.0 0.0 90.0 0.0 0.0 0.6698564593301434
45 38 40 0.0 0.0 27.0 0.0 505.0 6.0 0.0 0.5542359461599367
45 38 41 0.0 0.0 274.0 0.0 5900.0 23.0 465.0 0.17173699705593715
45 38 42 0.0 0.0 1.0 0.0 28.0 0.0 0.0 0.6899950714637751
45 38 43 0.0 0.0 0.0 0.0 2.0 0.0 0.0 0.6993006993006992
45 38 44 0.0 0.0 0.0 0.0 1.0 0.0 0.0 0.6996501749125437
45 38 45 0.0 0.0 0.0 0.0 1.0 0.0 0.0 0.6996501749125437
45 39 36 0.0 0.0 0.0 0.0 5.0 0.0 0.0 0.6982543640897755
45 39 37 0.0 0.0 1.0 0.0 5.0 0.0 0.0 0.6979062811565303
45 39 38 0.0 0.0 0.0 0.0 19.0 0.0 0.0 0.6934125804853887
45 39 39 0.0 0.0 4.0 0.0 173.0 1.0 0.0 0.6436781609195401
45 39 40 0.0 0.0 5.0 0.0 208.0 4.0 0.0 0.6337709370755997
45 39 41 0.0 0.0 115.0 0.0 2626.0 17.0 41.0 0.29642176582680496
45 39 42 0.0 0.0 8.0 0.0 192.0 1.0 0.0 0.6366530241018644
45 39 43 0.0 0.0 0.0 0.0 17.0 0.0 0.0 0.694100148735746
45 39 44 0.0 0.0 0.0 0.0 7.0 0.0 0.0 0.6975585450921773
45 39 45 0.0 0.0 0.0 0.0 3.0 0.0 0.0 0.6989515726410384
45 40 36 0.0 0.0 0.0 0.0 3.0 0.0 0.0 0.6989515726410384
45 40 37 0.0 0.0 0.0 0.0 6.0 0.0 0.0 0.6982543640897755
45 40 38 0.0 0.0 1.0 0.0 22.0 0.0 0.0 0.6923837784371908
45 40 39 0.0 0.0 36.0 0.0 1081.0 10.0 12.0 0.4505954296749275
45 40 40 0.0 0.0 12.0 0.0 335.0 4.0 0.0 0.5975245411865129
45 40 41 0.0 0.0 32.0 0.0 774.0 6.0 4.0 0.5001786352268667
45 40 42 0.0 0.0 1.0 0.0 56.0 0.0 0.0 0.6806028196402526
45 40 43 0.0 0.0 0.0 0.0 25.0 0.0 0.0 0.6913580246913579
45 40 44 0.0 0.0 0.0 0.0 1.0 0.0 0.0 0.6996501749125437
45 40 45 0.0 0.0 0.0 0.0 2.0 0.0 0.0 0.6993006993006992
45 41 36 0.0 0.0 0.0 0.0 2.0 0.0 0.0 0.6993006993006992
45 41 37 0.0 0.0 0.0 0.0 3.0 0.0 0.0 0.6993006993006992
45 41 38 0.0 0.0 6.0 0.0 79.0 0.0 0.0 0.6714628297362109
45 41 39 0.0 0.0 232.0 0.0 4995.0 26.0 245.0 0.1943364797334814
45 41 40 0.0 0.0 30.0 0.0 618.0 9.0 2.0 0.5305039787798408
45 41 41 0.0 0.0 7.0 0.0 188.0 3.0 0.0 0.6389776357827475
45 41 42 0.0 0.0 13.0 0.0 262.0 2.0 0.0 0.6159260888693356
45 41 43 0.0 0.0 1.0 0.0 45.0 1.0 0.0 0.6845965770171147
45 41 44 0.0 0.0 0.0 0.0 1.0 0.0 0.0 0.6996501749125437
45 42 38 0.0 0.0 10.0 0.0 345.0 1.0 0.0 0.594732370433305
45 42 39 0.0 0.0 2.0 0.0 95.0 2.0 0.0 0.668896321070234
45 42 40 0.0 0.0 17.0 0.0 315.0 7.0 0.0 0.6021505376344085
45 42 41 0.0 0.0 0.0 0.0 11.0 0.0 0.0 0.6965174129353233
45 42 42 0.0 0.0 5.0 0.0 43.0 3.0 0.0 0.6845965770171147
45 42 43 0.0 0.0 0.0 0.0 5.0 0.0 0.0 0.6982543640897755
45 42 44 0.0 0.0 0.0 0.0 2.0 0.0 0.0 0.6993006993006992
45 43 38 0.0 0.0 2.0 0.0 56.0 1.0 0.0 0.6806028196402526
45 43 39 0.0 0.0 185.0 0.0 3688.0 12.0 94.0 0.2388670875277256
45 43 40 0.0 0.0 0.0 0.0 18.0 0.0 0.0 0.6937561942517343
45 43 41 0.0 0.0 0.0 0.0 3.0 1.0 0.0 0.6993006993006992
45 43 42 0.0 0.0 0.0 0.0 1.0 0.0 0.0 0.6996501749125437
45 44 38 0.0 0.0 2.0 0.0 8.0 0.0 0.0 0.6965174129353233
45 44 39 0.0 0.0 0.0 0.0 4.0 0.0 0.0 0.6986027944111775
45 44 40 0.0 0.0 2.0 0.0 57.0 0.0 0.0 0.6799417192812044
46 36 38 0.0 0.0 0.0 0.0 1.0 0.0 0.0 0.6996501749125437
46 36 39 0.0 0.0 0.0 0.0 1.0 0.0 0.0 0.6996501749125437
46 36 40 0.0 0.0 0.0 0.0 1.0 0.0 0.0 0.6996501749125437
46 37 39 0.0 0.0 0.0 0.0 1.0 0.0 0.0 0.6996501749125437
46 37 40 0.0 0.0 10.0 0.0 253.0 2.0 0.0 0.6191950464396283
46 37 41 0.0 0.0 4.0 0.0 78.0 2.0 0.0 0.6730769230769229
46 37 42 0.0 0.0 0.0 0.0 8.0 0.0 0.0 0.697211155378486
46 38 39 0.0 0.0 0.0 0.0 1.0 0.0 0.0 0.6996501749125437
46 38 40 0.0 0.0 0.0 0.0 9.0 0.0 0.0 0.6968641114982577
46 38 41 0.0 0.0 0.0 0.0 23.0 0.0 0.0 0.6920415224913494
46 38 42 0.0 0.0 0.0 0.0 10.0 0.0 0.0 0.6965174129353233
46 39 40 0.0 0.0 0.0 0.0 4.0 0.0 0.0 0.6986027944111775
46 39 41 0.0 0.0 0.0 0.0 10.0 0.0 0.0 0.6965174129353233
46 39 42 0.0 0.0 0.0 0.0 5.0 0.0 0.0 0.6982543640897755
46 40 38 0.0 0.0 0.0 0.0 5.0 0.0 0.0 0.6982543640897755
46 40 39 0.0 0.0 0.0 0.0 2.0 0.0 0.0 0.6993006993006992
46 40 40 0.0 0.0 0.0 0.0 3.0 0.0 0.0 0.6989515726410384
46 40 41 0.0 0.0 0.0 0.0 1.0 0.0 0.0 0.6996501749125437
46 40 42 0.0 0.0 0.0 0.0 1.0 0.0 0.0 0.6996501749125437
46 41 38 0.0 0.0 0.0 0.0 6.0 0.0 0.0 0.6982543640897755
46 41 39 0.0 0.0 2.0 0.0 28.0 1.0 0.0 0.6899950714637751
46 41 40 0.0 0.0 0.0 0.0 9.0 0.0 0.0 0.6968641114982577
46 42 38 0.0 0.0 0.0 0.0 7.0 0.0 0.0 0.6975585450921773
46 42 39 0.0 0.0 0.0 0.0 3.0 0.0 0.0 0.6989515726410384
46 42 40 0.0 0.0 0.0 0.0 4.0 0.0 0.0 0.6986027944111775
46 42 41 0.0 0.0 0.0 0.0 1.0 0.0 0.0 0.6996501749125437
46 43 38 0.0 0.0 0.0 0.0 1.0 0.0 0.0 0.6996501749125437
46 43 39 0.0 0.0 6.0 0.0 106.0 0.0 0.0 0.6628787878787878
