36 37 38 0.0 0.0 0.0 0.0 2.0 0.0 0.0 0.6993006993006992
36 37 39 0.0 0.0 0.0 0.0 1.0 0.0 0.0 0.6996501749125437
36 37 40 0.0 0.0 0.0 0.0 2.0 0.0 0.0 0.6993006993006992
36 37 41 0.0 0.0 0.0 0.0 2.0 0.0 0.0 0.6993006993006992
36 38 40 0.0 0.0 0.0 0.0 3.0 0.0 0.0 0.6989515726410384
36 38 42 0.0 0.0 0.0 0.0 1.0 0.0 0.0 0.6996501749125437
36 39 38 0.0 0.0 0.0 0.0 1.0 0.0 0.0 0.6996501749125437
36 39 39 0.0 0.0 0.0 0.0 5.0 0.0 0.0 0.6982543640897755
36 39 40 0.0 0.0 0.0 0.0 1.0 0.0 0.0 0.6996501749125437
36 39 41 0.0 0.0 0.0 0.0 1.0 0.0 0.0 0.6996501749125437
36 40 39 0.0 0.0 8.0 0.0 125.0 1.0 0.0 0.6566604127579737
36 40 40 0.0 0.0 0.0 0.0 1.0 0.0 0.0 0.6996501749125437
36 40 41 0.0 0.0 0.0 0.0 1.0 0.0 0.0 0.6996501749125437
36 40 43 0.0 0.0 0.0 0.0 1.0 0.0 0.0 0.6996501749125437
36 41 39 0.0 0.0 0.0 0.0 7.0 0.0 0.0 0.6975585450921773
36 41 40 0.0 0.0 0.0 0.0 2.0 0.0 0.0 0.6993006993006992
36 41 41 0.0 0.0 0.0 0.0 1.0 0.0 0.0 0.6996501749125437
36 41 42 0.0 0.0 0.0 0.0 6.0 0.0 0.0 0.6979062811565303
36 41 43 0.0 0.0 0.0 0.0 2.0 0.0 0.0 0.6993006993006992
36 42 40 0.0 0.0 0.0 0.0 1.0 0.0 0.0 0.6996501749125437
36 42 42 0.0 0.0 0.0 0.0 1.0 0.0 0.0 0.6996501749125437
36 42 43 0.0 0.0 0.0 0.0 5.0 0.0 0.0 0.6982543640897755
37 37 37 0.0 0.0 0.0 0.0 1.0 0.0 0.0 0.6996501749125437
37 37 38 0.0 0.0 0.0 0.0 3.0 0.0 0.0 0.6989515726410384
37 37 39 0.0 0.0 0.0 0.0 1.0 0.0 0.0 0.6996501749125437
37 37 40 0.0 0.0 2.0 0.0 14.0 0.0 0.0 0.6944444444444444
37 37 41 0.0 0.0 0.0 0.0 1.0 0.0 0.0 0.6996501749125437
37 38 38 0.0 0.0 0.0 0.0 30.0 0.0 1.0 0.689655172413793
37 38 39 0.0 0.0 75.0 0.0 1786.0 16.0 14.0 0.36420395421435997
37 38 40 0.0 0.0 24.0 0.0 456.0 9.0 1.0 0.5665722379603398
37 38 41 0.0 0.0 108.0 0.0 2122.0 14.0 31.0 0.33198956604221
37 38 42 0.0 0.0 0.0 0.0 1.0 0.0 0.0 0.6996501749125437
37 39 37 0.0 0.0 0.0 0.0 1.0 0.0 0.0 0.6996501749125437
37 39 38 0.0 0.0 1.0 0.0 68.0 2.0 0.0 0.6773101112723753
37 39 39 0.0 0.0 4.0 0.0 266.0 3.0 0.0 0.6175562417291574
37 39 40 0.0 0.0 10.0 0.0 277.0 1.0 0.0 0.612691466083151
37 39 41 0.0 0.0 0.0 0.0 76.0 0.0 0.0 0.6743737957610789
37 39 42 0.0 0.0 0.0 0.0 10.0 0.0 0.0 0.6965174129353233
37 39 43 0.0 0.0 0.0 0.0 1.0 0.0 0.0 0.6996501749125437
37 40 38 0.0 0.0 0.0 0.0 62.0 0.0 0.0 0.6789524733268669
37 40 39 0.0 0.0 161.0 0.0 3477.0 19.0 84.0 0.2491546538529987
37 40 40 0.0 0.0 14.0 0.0 473.0 2.0 1.0 0.5636070853462157
37 40 41 0.0 0.0 12.0 0.0 325.0 5.0 0.0 0.6003430531732418
37 40 42 0.0 0.0 5.0 0.0 118.0 1.0 0.0 0.6597549481621111
37 40 43 0.0 0.0 0.0 0.0 2.0 0.0 0.0 0.6993006993006992
37 41 38 0.0 0.0 0.0 0.0 32.0 1.0 0.0 0.6893156080748399
37 41 39 0.0 0.0 17.0 0.0 443.0 5.0 1.0 0.570264765784114
37 41 40 0.0 0.0 15.0 0.0 546.0 6.0 1.0 0.547945205479452
37 41 41 0.0 0.0 46.0 0.0 1059.0 5.0 0.0 0.4516129032258064
37 41 42 0.0 0.0 178.0 0.0 3828.0 19.0 132.0 0.23368385912201634
37 41 43 0.0 0.0 0.0 0.0 5.0 0.0 0.0 0.6982543640897755
37 42 38 0.0 0.0 1.0 0.0 31.0 0.0 0.0 0.6889763779527558
37 42 39 0.0 0.0 1.0 0.0 67.0 2.0 0.0 0.6776379477250725
37 42 40 0.0 0.0 9.0 0.0 342.0 2.0 0.0 0.5959982971477223
37 42 41 0.0 0.0 0.0 0.0 36.0 0.0 0.0 0.6876227897838899
37 42 42 0.0 0.0 0.0 0.0 8.0 0.0 0.0 0.697211155378486
37 42 43 0.0 0.0 1.0 0.0 6.0 0.0 0.0 0.6975585450921773
37 43 38 0.0 0.0 0.0 0.0 1.0 0.0 0.0 0.6996501749125437
37 43 39 0.0 0.0 0.0 0.0 4.0 0.0 0.0 0.6986027944111775
37 43 40 0.0 0.0 0.0 0.0 12.0 0.0 0.0 0.6958250497017892
37 43 41 0.0 0.0 0.0 0.0 4.0 0.0 0.0 0.6986027944111775
38 36 40 0.0 0.0 0.0 0.0 1.0 0.0 0.0 0.6996501749125437
38 37 37 0.0 0.0 0.0 0.0 1.0 0.0 0.0 0.6996501749125437
38 37 38 0.0 0.0 0.0 0.0 6.0 0.0 0.0 0.6979062811565303
38 37 39 0.0 0.0 7.0 0.0 101.0 3.0 0.0 0.6650831353919239
38 37 40 0.0 0.0 0.0 0.0 26.0 0.0 0.0 0.6910167818361302
38 37 41 0.0 0.0 2.0 0.0 152.0 0.0 0.0 0.649953574744661
38 37 42 0.0 0.0 0.0 0.0 1.0 0.0 0.0 0.6996501749125437
38 38 37 0.0 0.0 0.0 0.0 6.0 0.0 0.0 0.6979062811565303
38 38 38 0.0 0.0 140.0 0.0 3084.0 16.0 70.0 0.2686108979278587
38 38 39 0.0 0.0 69.0 0.0 1667.0 12.0 10.0 0.37583892617449655
38 38 40 0.0 0.0 6.0 0.0 401.0 0.0 3.0 0.5818786367414795
38 38 41 0.0 0.0 145.0 0.0 2752.0 16.0 47.0 0.28665028665028663
38 38 42 0.0 0.0 6.0 0.0 211.0 1.0 0.0 0.6317689530685919
38 39 37 0.0 0.0 1.0 0.0 8.0 0.0 0.0 0.6968641114982577
38 39 38 0.0 0.0 6.0 0.0 323.0 2.0 0.0 0.6018916595012896
38 39 39 0.0 0.0 461.0 0.0 9645.0 25.0 2199.0 0.11571204231754689
38 39 40 0.0 0.0 576.0 0.0 10335.0 38.0 2534.0 0.1086787765874864
38 39 41 0.0 0.0 68.0 0.0 2311.0 9.0 49.0 0.32036613272311204
38 39 42 0.0 0.0 5.0 0.0 240.0 1.0 0.0 0.623885918003565
38 39 43 0.0 0.0 0.0 0.0 4.0 0.0 0.0 0.6986027944111775
38 40 37 0.0 0.0 0.0 0.0 14.0 0.0 0.0 0.6951340615690167
38 40 38 0.0 0.0 24.0 0.0 645.0 5.0 2.0 0.525722868944799
38 40 39 0.0 0.0 371.0 0.0 7228.0 31.0 739.0 0.14624464640133708
38 40 40 0.0 0.0 342.0 0.0 7458.0 18.0 885.0 0.14307613694430246
38 40 41 0.0 0.0 323.0 0.0 7051.0 29.0 776.0 0.1497326203208556
38 40 42 0.0 0.0 76.0 0.0 1407.0 10.0 6.0 0.4031097034264324
38 40 43 0.0 0.0 0.0 0.0 9.0 0.0 0.0 0.6968641114982577
38 41 37 0.0 0.0 1.0 0.0 32.0 0.0 0.0 0.6886374815543531
38 41 38 0.0 0.0 1.0 3.0 126.0 0.0 0.0 0.6572769953051641
38 41 39 0.0 0.0 237.0 0.0 5856.0 21.0 505.0 0.1734175647219125
38 41 40 0.0 0.0 556.0 0.0 10399.0 21.0 3297.0 0.10809141445336627
38 41 41 0.0 0.0 206.0 0.0 4369.0 18.0 175.0 0.21344717182497328
38 41 42 0.0 0.0 31.0 0.0 977.0 6.0 4.0 0.4663557628247834
38 41 43 0.0 0.0 0.0 0.0 5.0 0.0 0.0 0.6982543640897755
38 42 38 0.0 0.0 0.0 0.0 27.0 0.0 0.0 0.6906758756783422
38 42 39 0.0 0.0 130.0 0.0 2978.0 7.0 67.0 0.27445598902176044
38 42 40 0.0 0.0 225.0 0.0 5298.0 15.0 333.0 0.18639328984156567
38 42 41 0.0 0.0 119.0 0.0 2474.0 12.0 40.0 0.30561012879283994
38 42 42 0.0 0.0 0.0 0.0 49.0 0.0 0.0 0.6832601268911663
38 42 43 0.0 0.0 0.0 0.0 8.0 0.0 0.0 0.697211155378486
38 43 38 0.0 0.0 0.0 0.0 2.0 0.0 0.0 0.6993006993006992
38 43 39 0.0 0.0 20.0 0.0 384.0 5.0 0.0 0.5838198498748957
38 43 40 0.0 0.0 1.0 0.0 52.0 0.0 0.0 0.6819288845591815
38 43 41 0.0 0.0 0.0 0.0 11.0 0.0 0.0 0.6961710591745399
38 43 42 0.0 0.0 0.0 0.0 6.0 0.0 0.0 0.6979062811565303
39 36 41 0.0 0.0 0.0 0.0 2.0 0.0 0.0 0.6993006993006992
39 37 37 0.0 0.0 1.0 0.0 74.0 1.0 0.0 0.6750241080038573
39 37 38 0.0 0.0 0.0 0.0 42.0 1.0 0.0 0.6859382655560998
39 37 39 0.0 0.0 2.0 0.0 75.0 0.0 0.0 0.6740491092922483
39 37 40 0.0 0.0 51.0 0.0 1200.0 8.0 8.0 0.4316990440949737
39 37 41 0.0 0.0 29.0 0.0 836.0 5.0 3.0 0.48968170689052104
39 37 42 0.0 0.0 0.0 0.0 4.0 0.0 0.0 0.6986027944111775
39 37 43 0.0 0.0 0.0 0.0 1.0 0.0 0.0 0.6996501749125437
39 38 36 0.0 0.0 0.0 0.0 2.0 0.0 0.0 0.6993006993006992
39 38 37 0.0 0.0 21.0 0.0 500.0 5.0 0.0 0.5564387917329093
39 38 38 0.0 0.0 51.0 0.0 1260.0 15.0 13.0 0.42475728155339804
39 38 39 0.0 0.0 78.0 0.0 2308.0 10.0 36.0 0.319926873857404
39 38 40 0.0 0.0 409.0 0.0 8115.0 18.0 1033.0 0.13318112633181123
39 38 41 0.0 0.0 13.0 0.0 684.0 5.0 4.0 0.5202526941657376
39 38 42 0.0 0.0 48.0 0.0 1254.0 6.0 6.0 0.42488619119878596
39 38 43 0.0 0.0 0.0 0.0 23.0 0.0 0.0 0.6920415224913494
39 39 36 0.0 0.0 0.0 0.0 4.0 0.0 0.0 0.6986027944111775
39 39 37 0.0 0.0 14.0 0.0 313.0 4.0 0.0 0.6026689625484287
39 39 38 0.0 0.0 237.0 0.0 5412.0 18.0 325.0 0.1834381551362683
39 39 39 0.0 0.0 584.0 3.0 10740.0 20.0 3922.0 0.10504989870188339
39 39 40 0.0 0.0 562.0 8.0 10489.0 25.0 2995.0 0.10723039215686272
39 39 41 0.0 0.0 738.0 1.0 11684.0 21.0 5556.0 0.09713453132588634
39 39 42 0.0 0.0 38.0 0.0 1130.0 5.0 11.0 0.4426177679418273
39 39 43 0.0 0.0 0.0 0.0 14.0 0.0 0.0 0.6951340615690167
39 40 37 0.0 0.0 29.0 0.0 649.0 7.0 2.0 0.5243445692883895
39 40 38 0.0 0.0 266.0 1.0 5664.0 17.0 343.0 0.17683465959328024
39 40 39 0.0 0.0 626.0 9.0 11132.0 16.0 3968.0 0.10175158078348716
39 40 40 0.0 1.0 1256.0 11.0 13189.0 32.0 14851.0 0.0850391787645022
39 40 41 0.0 2.0 419.0 25.0 8318.0 11.0 1350.0 0.13008734435978442
39 40 42 0.0 0.0 31.0 2.0 872.0 8.0 5.0 0.48325854332067647
39 40 43 0.0 0.0 17.0 0.0 307.0 6.0 0.0 0.6042296072507551
39 41 36 0.0 0.0 0.0 0.0 1.0 0.0 0.0 0.6996501749125437
39 41 37 0.0 0.0 0.0 0.0 20.0 0.0 0.0 0.6930693069306929
39 41 38 0.0 0.0 1.0 0.0 210.0 3.0 1.0 0.6343452650657
39 41 39 0.0 0.0 369.0 47.0 7453.0 19.0 855.0 0.14203104392817287
39 41 40 0.0 0.0 724.0 15.0 11794.0 32.0 5981.0 0.09637227232050663
39 41 41 0.0 0.0 358.0 27.0 7944.0 26.0 1161.0 0.13584319813700757
39 41 42 0.0 0.0 158.0 3.0 4304.0 16.0 195.0 0.21705426356589144
39 41 43 0.0 0.0 51.0 0.0 1004.0 13.0 3.0 0.46022353714661396
39 42 37 0.0 0.0 15.0 0.0 273.0 3.0 0.0 0.612691466083151
39 42 38 0.0 0.0 1.0 0.0 36.0 1.0 0.0 0.6879606879606879
39 42 39 0.0 0.0 0.0 0.0 267.0 1.0 1.0 0.6175562417291574
39 42 40 0.0 0.0 118.0 24.0 2803.0 14.0 59.0 0.2839180693571283
39 42 41 0.0 0.0 230.0 1.0 5328.0 20.0 305.0 0.1856271546009016
39 42 42 0.0 0.0 0.0 4.0 74.0 0.0 0.0 0.6737247353224253
39 42 43 0.0 0.0 9.0 0.0 64.0 3.0 0.0 0.6763285024154588
39 43 37 0.0 0.0 0.0 0.0 5.0 0.0 0.0 0.6982543640897755
39 43 38 0.0 0.0 0.0 0.0 3.0 0.0 0.0 0.6989515726410384
39 43 39 0.0 0.0 4.0 0.0 120.0 3.0 0.0 0.66006600660066
39 43 40 0.0 0.0 0.0 0.0 42.0 0.0 0.0 0.6856023506366307
39 43 41 0.0 0.0 1.0 0.0 21.0 0.0 0.0 0.6923837784371908
39 43 42 0.0 0.0 0.0 0.0 5.0 0.0 0.0 0.6982543640897755
40 36 39 0.0 0.0 0.0 0.0 1.0 0.0 0.0 0.6996501749125437
40 37 37 0.0 0.0 0.0 0.0 25.0 0.0 0.0 0.6913580246913579
40 37 38 0.0 0.0 1.0 0.0 63.0 0.0 0.0 0.6782945736434108
40 37 39 0.0 0.0 11.0 0.0 142.0 2.0 0.0 0.6508600650860064
40 37 40 0.0 0.0 2.0 0.0 56.0 0.0 0.0 0.6806028196402526
40 37 41 0.0 0.0 0.0 0.0 41.0 0.0 0.0 0.6862745098039215
40 37 42 0.0 0.0 0.0 0.0 11.0 0.0 0.0 0.6961710591745399
40 37 43 0.0 0.0 0.0 0.0 2.0 0.0 0.0 0.6993006993006992
40 38 36 0.0 0.0 0.0 0.0 1.0 0.0 0.0 0.0
40 38 37 0.0 0.0 140.0 0.0 3124.0 18.0 77.0 0.2667174699942846
40 38 38 0.0 0.0 402.0 0.0 8359.0 21.0 1281.0 0.1303174159918086
40 38 39 0.0 0.0 209.0 0.0 4789.0 12.0 194.0 0.20045819014891178
40 38 40 0.0 0.0 212.0 0.0 4679.0 19.0 177.0 0.20351795319087077
40 38 41 0.0 0.0 268.0 0.0 5570.0 22.0 397.0 0.1790052422963815
40 38 42 0.0 0.0 69.0 0.0 1722.0 14.0 11.0 0.3706645485835318
40 38 43 0.0 0.0 0.0 0.0 23.0 0.0 0.0 0.6920415224913494
40 39 36 0.0 0.0 0.0 0.0 3.0 0.0 0.0 0.6989515726410384
40 39 37 0.0 0.0 67.0 0.0 1507.0 12.0 8.0 0.3931479921370401
40 39 38 0.0 0.0 330.0 0.0 7353.0 21.0 820.0 0.14479263626021302
40 39 39 0.0 0.0 653.0 2.0 11589.0 20.0 4839.0 0.09832151134208862
40 39 40 0.0 0.0 555.0 4.0 10238.0 19.0 2555.0 0.10950332420805631
40 39 41 0.0 2.0 493.0 44.0 9842.0 16.0 2562.0 0.11311303223721417
40 39 42 0.0 0.0 374.0 1.0 7839.0 27.0 1093.0 0.13737611618094395
40 39 43 0.0 0.0 0.0 0.0 52.0 0.0 0.0 0.6822612085769979
40 40 36 0.0 0.0 3.0 0.0 19.0 2.0 0.0 0.6930693069306929
40 40 37 0.0 0.0 50.0 0.0 1522.0 8.0 19.0 0.3927068723702664
40 40 38 0.0 0.0 440.0 0.0 8945.0 18.0 1581.0 0.12301203760653719
40 40 39 0.0 4.0 744.0 24.0 11985.0 29.0 5434.0 0.09493456296195835
40 40 40 11.0 39.0 1783.0 458.0 11328.0 55.0 33495.0 0.08972633467922835
40 40 41 0.0 3.0 1080.0 14.0 13007.0 40.0 12035.0 0.0869943453675511
40 40 42 0.0 0.0 295.0 4.0 6850.0 14.0 676.0 0.15315610983481015
40 40 43 0.0 0.0 14.0 0.0 230.0 5.0 0.0 0.6252791424743188
40 41 36 0.0 0.0 0.0 0.0 2.0 0.0 0.0 0.6993006993006992
40 41 37 0.0 0.0 19.0 0.0 663.0 5.0 0.0 0.5231689088191329
40 41 38 0.0 0.0 117.0 1.0 2406.0 18.0 29.0 0.3106968486462494
40 41 39 0.0 0.0 362.0 0.0 7907.0 23.0 1068.0 0.13653208503998437
40 41 40 0.0 3.0 573.0 40.0 10548.0 27.0 2875.0 0.10649627263045792
40 41 41 0.0 188.0 399.0 3803.0 6754.0 34.0 2206.0 0.10668292311209326
40 41 42 0.0 0.0 370.0 5.0 7393.0 24.0 816.0 0.14356029532403608
40 41 43 0.0 0.0 0.0 0.0 30.0 0.0 0.0 0.6899950714637751
40 42 37 0.0 0.0 0.0 0.0 9.0 0.0 0.0 0.6968641114982577
40 42 38 0.0 0.0 137.0 0.0 3747.0 11.0 142.0 0.23833844058563156
40 42 39 0.0 0.0 55.0 0.0 1628.0 10.0 18.0 0.38105606967882405
40 42 40 0.0 0.0 417.0 7.0 8087.0 27.0 1041.0 0.13347316236056822
40 42 41 0.0 0.0 64.0 4.0 1937.0 11.0 21.0 0.3506135737540696
40 42 42 0.0 0.0 2.0 18.0 102.0 0.0 1.0 0.6597549481621111
40 42 43 0.0 0.0 34.0 0.0 671.0 4.0 1.0 0.5183265457238059
40 43 37 0.0 0.0 0.0 0.0 1.0 0.0 0.0 0.6996501749125437
40 43 38 0.0 0.0 0.0 0.0 5.0 0.0 0.0 0.6982543640897755
40 43 39 0.0 0.0 1.0 0.0 45.0 1.0 0.0 0.6845965770171147
40 43 40 0.0 0.0 0.0 1.0 34.0 0.0 0.0 0.6879606879606879
40 43 41 0.0 0.0 24.0 0.0 421.0 3.0 1.0 0.5737704918032785
40 43 42 0.0 0.0 0.0 0.0 5.0 0.0 0.0 0.6982543640897755
40 43 43 0.0 0.0 0.0 0.0 1.0 0.0 0.0 0.6996501749125437
41 37 36 0.0 0.0 0.0 0.0 1.0 0.0 0.0 0.6996501749125437
41 37 37 0.0 0.0 36.0 0.0 553.0 4.0 0.0 0.541586073500967
41 37 38 0.0 0.0 0.0 0.0 45.0 0.0 0.0 0.6845965770171147
41 37 39 0.0 0.0 89.0 0.0 2071.0 6.0 28.0 0.33710570671803514
41 37 40 0.0 0.0 0.0 0.0 46.0 1.0 0.0 0.6845965770171147
41 37 41 0.0 0.0 0.0 0.0 27.0 0.0 0.0 0.6906758756783422
41 37 42 0.0 0.0 1.0 0.0 20.0 0.0 0.0 0.6927263730826323
41 38 36 0.0 0.0 0.0 0.0 5.0 0.0 0.0 0.6982543640897755
41 38 37 0.0 0.0 0.0 0.0 43.0 0.0 0.0 0.6852667645619186
41 38 38 0.0 0.0 247.0 0.0 5618.0 17.0 384.0 0.17823042647994905
41 38 39 0.0 0.0 80.0 0.0 2110.0 9.0 18.0 0.3347680535628885
41 38 40 0.0 0.0 68.0 0.0 1997.0 16.0 31.0 0.3457643862682143
41 38 41 0.0 1.0 52.0 4.0 1428.0 8.0 19.0 0.4026459591601955
41 38 42 0.0 0.0 75.0 0.0 2042.0 11.0 30.0 0.3409644422795908
41 38 43 0.0 0.0 1.0 0.0 48.0 1.0 0.0 0.6835937499999999
41 39 36 0.0 0.0 0.0 0.0 6.0 0.0 0.0 0.6979062811565303
41 39 37 0.0 0.0 1.0 0.0 103.0 2.0 0.0 0.6660323501427211
41 39 38 0.0 0.0 252.0 0.0 5668.0 18.0 362.0 0.17710309930423782
41 39 39 0.0 0.0 914.0 1.0 12549.0 37.0 8173.0 0.09062661833247021
41 39 40 0.0 0.0 570.0 1.0 10249.0 20.0 2566.0 0.10931521824002498
41 39 41 0.0 0.0 881.0 8.0 12614.0 33.0 7607.0 0.09036922282468371
41 39 42 0.0 0.0 363.0 0.0 7782.0 17.0 1071.0 0.13825794983211534
41 39 43 0.0 0.0 25.0 0.0 494.0 8.0 1.0 0.5575467941059339
41 40 36 0.0 0.0 0.0 0.0 10.0 0.0 0.0 0.6965174129353233
41 40 37 0.0 0.0 70.0 0.0 1648.0 21.0 14.0 0.37858301784748505
41 40 38 0.0 0.0 275.0 0.0 5580.0 18.0 319.0 0.17857142857142855
41 40 39 0.0 1.0 671.0 8.0 11387.0 25.0 4071.0 0.09959450807426905
41 40 40 0.0 0.0 436.0 9.0 9077.0 22.0 1793.0 0.12167564748826697
41 40 41 0.0 0.0 999.0 4.0 12729.0 23.0 11082.0 0.08891146957957576
41 40 42 0.0 0.0 385.0 5.0 7784.0 21.0 850.0 0.13780883945270203
41 40 43 0.0 0.0 0.0 0.0 92.0 0.0 0.0 0.6692160611854684
41 40 44 0.0 0.0 0.0 0.0 1.0 0.0 0.0 0.6996501749125437
41 41 36 0.0 0.0 3.0 0.0 69.0 2.0 0.0 0.6763285024154588
41 41 37 0.0 0.0 167.0 0.0 3564.0 15.0 103.0 0.2447552447552447
41 41 38 0.0 0.0 299.0 0.0 6198.0 19.0 476.0 0.16509433962264147
41 41 39 0.0 0.0 847.0 2.0 12316.0 21.0 5862.0 0.09232392508572936
41 41 40 0.0 0.0 776.0 7.0 12117.0 23.0 6174.0 0.09401020682245499
41 41 41 0.0 1.0 498.0 12.0 9631.0 24.0 2089.0 0.11540680900173109
41 41 42 0.0 0.0 32.0 6.0 1085.0 6.0 7.0 0.4492939666238767
41 41 43 0.0 0.0 2.0 0.0 55.0 0.0 0.0 0.6806028196402526
41 42 36 0.0 0.0 0.0 0.0 2.0 0.0 0.0 0.6996501749125437
41 42 37 0.0 0.0 0.0 0.0 13.0 0.0 0.0 0.695479384003974
41 42 38 0.0 0.0 2.0 0.0 141.0 3.0 0.0 0.6542056074766354
41 42 39 0.0 0.0 54.0 0.0 1145.0 10.0 11.0 0.43900909375979924
41 42 40 0.0 0.0 174.0 7.0 3444.0 20.0 74.0 0.24973242953977878
41 42 41 0.0 0.0 33.0 7.0 937.0 9.0 3.0 0.4716981132075471
41 42 42 0.0 0.0 75.0 2.0 1952.0 9.0 23.0 0.3481720964934096
41 42 43 0.0 0.0 2.0 0.0 67.0 1.0 0.0 0.6769825918762088
41 43 37 0.0 0.0 0.0 0.0 1.0 0.0 0.0 0.6996501749125437
41 43 38 0.0 0.0 0.0 0.0 7.0 0.0 0.0 0.6975585450921773
41 43 39 0.0 0.0 1.0 0.0 26.0 1.0 0.0 0.6910167818361302
41 43 40 0.0 0.0 0.0 0.0 27.0 0.0 0.0 0.6910167818361302
41 43 41 0.0 0.0 0.0 0.0 25.0 0.0 0.0 0.6913580246913579
41 43 42 0.0 0.0 0.0 0.0 3.0 0.0 0.0 0.6989515726410384
42 37 37 0.0 0.0 0.0 0.0 5.0 0.0 0.0 0.6982543640897755
42 37 38 0.0 0.0 0.0 0.0 38.0 0.0 0.0 0.6869479882237487
42 37 39 0.0 0.0 15.0 0.0 396.0 5.0 0.0 0.5818786367414795
42 37 40 0.0 0.0 2.0 0.0 47.0 0.0 0.0 0.6832601268911663
42 37 41 0.0 0.0 0.0 0.0 1.0 0.0 0.0 0.6996501749125437
42 37 42 0.0 0.0 0.0 0.0 2.0 0.0 0.0 0.6993006993006992
42 37 43 0.0 0.0 0.0 0.0 2.0 0.0 0.0 0.6993006993006992
42 38 37 0.0 0.0 0.0 0.0 20.0 0.0 0.0 0.6930693069306929
42 38 38 0.0 0.0 227.0 0.0 4689.0 13.0 204.0 0.20269292022585778
42 38 39 0.0 0.0 328.0 0.0 6818.0 24.0 704.0 0.1533406352683461
42 38 40 0.0 0.0 76.0 0.0 1738.0 8.0 21.0 0.3679369250985544
42 38 41 0.0 0.0 56.0 0.0 1360.0 10.0 9.0 0.4110393423370522
42 38 42 0.0 0.0 3.0 0.0 129.0 2.0 0.0 0.6572769953051641
42 38 43 0.0 0.0 3.0 0.0 98.0 1.0 0.0 0.6666666666666665
42 38 44 0.0 0.0 0.0 0.0 1.0 0.0 0.0 0.6996501749125437
42 39 37 0.0 0.0 24.0 0.0 484.0 5.0 1.0 0.5597760895641744
42 39 38 0.0 0.0 57.0 0.0 1378.0 10.0 11.0 0.4087591240875912
42 39 39 0.0 0.0 186.0 0.0 4368.0 24.0 201.0 0.2141982864137087
42 39 40 0.0 0.0 116.0 0.0 2872.0 10.0 59.0 0.28129395218002806
42 39 41 0.0 0.0 206.0 0.0 4756.0 21.0 215.0 0.20161290322580644
42 39 42 0.0 0.0 307.0 0.0 7282.0 15.0 919.0 0.14613778705636743
42 39 43 0.0 0.0 78.0 0.0 1443.0 12.0 11.0 0.3990877993158494
42 40 36 0.0 0.0 0.0 0.0 2.0 0.0 0.0 0.6993006993006992
42 40 37 0.0 0.0 16.0 0.0 441.0 1.0 1.0 0.5700325732899022
42 40 38 0.0 0.0 502.0 0.0 9282.0 25.0 1642.0 0.11899702507437313
42 40 39 0.0 0.0 489.0 0.0 8828.0 30.0 1318.0 0.1239596245794227
42 40 40 0.0 0.0 549.0 0.0 10570.0 24.0 3110.0 0.10679685712106186
42 40 41 0.0 0.0 248.0 0.0 5055.0 20.0 244.0 0.1921757035003431
42 40 42 0.0 0.0 192.0 1.0 4725.0 10.0 225.0 0.20269292022585778
42 40 43 0.0 0.0 6.0 0.0 139.0 0.0 0.0 0.6526806526806526
42 41 36 0.0 0.0 0.0 0.0 1.0 0.0 0.0 0.6996501749125437
42 41 37 0.0 0.0 1.0 0.0 38.0 0.0 0.0 0.6866110838646394
42 41 38 0.0 0.0 4.0 0.0 215.0 0.0 0.0 0.6311992786293958
42 41 39 0.0 0.0 235.0 0.0 5729.0 20.0 416.0 0.17616710708443437
42 41 40 0.0 0.0 123.0 0.0 2572.0 18.0 38.0 0.29927319367250954
42 41 41 0.0 0.0 471.0 0.0 9383.0 25.0 1918.0 0.11824324324324322
42 41 42 0.0 0.0 152.0 0.0 3333.0 17.0 96.0 0.2559414990859232
42 41 43 0.0 0.0 0.0 0.0 24.0 0.0 0.0 0.6916996047430829
42 42 37 0.0 0.0 0.0 0.0 8.0 0.0 0.0 0.697211155378486
42 42 38 0.0 0.0 26.0 0.0 1085.0 6.0 12.0 0.4508856682769726
42 42 39 0.0 0.0 96.0 0.0 2452.0 14.0 39.0 0.3087781208645787
42 42 40 0.0 0.0 315.0 0.0 6717.0 22.0 694.0 0.1553484243231247
42 42 41 0.0 0.0 94.0 0.0 2109.0 14.0 28.0 0.33420864168059194
42 42 42 0.0 0.0 56.0 0.0 1418.0 10.0 11.0 0.40415704387990753
42 42 43 0.0 0.0 0.0 0.0 10.0 0.0 0.0 0.6965174129353233
42 43 38 0.0 0.0 0.0 0.0 3.0 0.0 0.0 0.6989515726410384
42 43 39 0.0 0.0 0.0 0.0 13.0 0.0 0.0 0.695479384003974
42 43 40 0.0 0.0 0.0 0.0 31.0 0.0 0.0 0.6893156080748399
42 43 41 0.0 0.0 2.0 0.0 48.0 2.0 0.0 0.6835937499999999
42 43 42 0.0 0.0 0.0 0.0 1.0 0.0 0.0 0.6996501749125437
43 37 38 0.0 0.0 3.0 0.0 20.0 0.0 0.0 0.6920415224913494
43 37 39 0.0 0.0 0.0 0.0 8.0 0.0 0.0 0.697211155378486
43 37 40 0.0 0.0 0.0 0.0 8.0 0.0 0.0 0.697211155378486
43 37 42 0.0 0.0 0.0 0.0 2.0 0.0 0.0 0.6993006993006992
43 38 37 0.0 0.0 0.0 0.0 6.0 1.0 0.0 0.6982543640897755
43 38 38 0.0 0.0 0.0 0.0 22.0 0.0 0.0 0.6923837784371908
43 38 39 0.0 0.0 18.0 0.0 377.0 4.0 0.0 0.5855290673358426
43 38 40 0.0 0.0 0.0 0.0 36.0 0.0 0.0 0.6876227897838899
43 38 41 0.0 0.0 3.0 0.0 76.0 2.0 0.0 0.6740491092922483
43 38 42 0.0 0.0 24.0 0.0 396.0 8.0 0.0 0.5804311774461027
43 38 43 0.0 0.0 0.0 0.0 8.0 0.0 0.0 0.697211155378486
43 39 37 0.0 0.0 1.0 0.0 36.0 0.0 0.0 0.6872852233676975
43 39 38 0.0 0.0 3.0 0.0 80.0 1.0 0.0 0.6730769230769229
43 39 39 0.0 0.0 32.0 0.0 912.0 4.0 5.0 0.47619047619047605
43 39 40 0.0 0.0 101.0 0.0 2545.0 10.0 52.0 0.3019844693701466
43 39 41 0.0 0.0 3.0 0.0 125.0 2.0 0.0 0.6585136406396989
43 39 42 0.0 0.0 4.0 0.0 121.0 2.0 0.0 0.6594441827602449
43 39 43 0.0 0.0 2.0 0.0 25.0 0.0 0.0 0.6906758756783422
43 39 44 0.0 0.0 0.0 0.0 1.0 0.0 0.0 0.6996501749125437
43 40 37 0.0 0.0 3.0 0.0 50.0 1.0 0.0 0.6822612085769979
43 40 38 0.0 0.0 13.0 0.0 497.0 4.0 1.0 0.558882235528942
43 40 39 0.0 0.0 21.0 0.0 521.0 5.0 1.0 0.5518328734726053
43 40 40 0.0 0.0 29.0 0.0 840.0 9.0 3.0 0.4895104895104894
43 40 41 0.0 0.0 10.0 0.0 304.0 0.0 0.0 0.6050129645635263
43 40 42 0.0 0.0 3.0 0.0 113.0 1.0 0.0 0.6619385342789597
43 40 43 0.0 0.0 36.0 0.0 690.0 9.0 1.0 0.5150846210448858
43 41 37 0.0 0.0 0.0 0.0 13.0 0.0 0.0 0.695479384003974
43 41 38 0.0 0.0 1.0 0.0 69.0 0.0 0.0 0.6766553890768486
43 41 39 0.0 0.0 55.0 0.0 1417.0 11.0 7.0 0.40439052570768336
43 41 40 0.0 0.0 42.0 0.0 1022.0 9.0 7.0 0.45811518324607325
43 41 41 0.0 0.0 26.0 0.0 596.0 6.0 2.0 0.5351681957186544
43 41 42 0.0 0.0 2.0 0.0 49.0 2.0 0.0 0.6832601268911663
43 41 43 0.0 0.0 0.0 0.0 10.0 0.0 0.0 0.6965174129353233
43 42 38 0.0 0.0 0.0 0.0 6.0 0.0 0.0 0.6979062811565303
43 42 39 0.0 0.0 0.0 0.0 18.0 0.0 0.0 0.6937561942517343
43 42 40 0.0 0.0 12.0 0.0 422.0 5.0 0.0 0.5763688760806915
43 42 41 0.0 0.0 0.0 0.0 29.0 0.0 0.0 0.6899950714637751
43 42 42 0.0 0.0 0.0 0.0 19.0 0.0 0.0 0.6934125804853887
43 42 43 0.0 0.0 0.0 0.0 1.0 0.0 0.0 0.6996501749125437
43 43 37 0.0 0.0 0.0 0.0 1.0 0.0 0.0 0.6996501749125437
43 43 38 0.0 0.0 0.0 0.0 2.0 0.0 0.0 0.6993006993006992
43 43 39 0.0 0.0 0.0 0.0 13.0 0.0 0.0 0.695479384003974
43 43 40 0.0 0.0 0.0 0.0 8.0 0.0 0.0 0.697211155378486
43 43 41 0.0 0.0 0.0 0.0 10.0 0.0 0.0 0.6965174129353233
43 43 42 0.0 0.0 0.0 0.0 1.0 0.0 0.0 0.6996501749125437
43 43 43 0.0 0.0 0.0 0.0 1.0 0.0 0.0 0.6996501749125437
44 38 39 0.0 0.0 0.0 0.0 1.0 0.0 0.0 0.6996501749125437
44 38 40 0.0 0.0 8.0 0.0 328.0 4.0 1.0 0.6003430531732418
44 39 39 0.0 0.0 0.0 0.0 1.0 0.0 0.0 0.6996501749125437
44 39 40 0.0 0.0 0.0 0.0 2.0 0.0 0.0 0.6993006993006992
44 39 41 0.0 0.0 0.0 0.0 2.0 0.0 0.0 0.6993006993006992
44 40 38 0.0 0.0 0.0 0.0 1.0 0.0 0.0 0.6996501749125437
44 40 40 0.0 0.0 7.0 0.0 89.0 2.0 0.0 0.6685768863419292
44 41 40 0.0 0.0 0.0 0.0 1.0 0.0 0.0 0.6996501749125437
44 41 41 0.0 0.0 0.0 0.0 2.0 0.0 0.0 0.6993006993006992
44 42 39 0.0 0.0 2.0 0.0 134.0 1.0 0.0 0.6557377049180326
44 42 40 0.0 0.0 0.0 0.0 1.0 0.0 0.0 0.6996501749125437
44 42 41 0.0 0.0 0.0 0.0 1.0 0.0 0.0 0.6996501749125437
45 38 41 0.0 0.0 1.0 0.0 11.0 1.0 0.0 0.6961710591745399
