32 43 39 0.0 0.0 0.0 0.0 1.0 0.0 0.0 0.6996501749125437
32 43 41 0.0 0.0 0.0 0.0 1.0 0.0 0.0 0.6996501749125437
32 44 38 0.0 0.0 0.0 0.0 1.0 0.0 0.0 0.6996501749125437
33 39 37 0.0 0.0 0.0 0.0 7.0 0.0 0.0 0.6975585450921773
33 39 38 0.0 0.0 0.0 0.0 6.0 0.0 0.0 0.6979062811565303
33 39 39 0.0 0.0 0.0 0.0 19.0 1.0 0.0 0.6937561942517343
33 39 40 0.0 0.0 0.0 0.0 1.0 0.0 0.0 0.6996501749125437
33 40 37 0.0 0.0 4.0 0.0 84.0 3.0 0.0 0.6714628297362109
33 40 38 0.0 0.0 0.0 0.0 19.0 0.0 0.0 0.6934125804853887
33 40 39 0.0 0.0 0.0 0.0 3.0 0.0 0.0 0.6989515726410384
33 40 40 0.0 0.0 0.0 0.0 3.0 0.0 0.0 0.6989515726410384
33 40 41 0.0 0.0 0.0 0.0 1.0 0.0 0.0 0.6996501749125437
33 41 37 0.0 0.0 0.0 0.0 9.0 0.0 0.0 0.6968641114982577
33 41 38 0.0 0.0 0.0 0.0 19.0 0.0 0.0 0.6934125804853887
33 41 39 0.0 0.0 0.0 0.0 13.0 0.0 0.0 0.695479384003974
33 41 40 0.0 0.0 0.0 0.0 3.0 0.0 0.0 0.6989515726410384
33 42 37 0.0 0.0 0.0 0.0 10.0 0.0 0.0 0.6965174129353233
33 42 38 0.0 0.0 17.0 0.0 486.0 2.0 1.0 0.5597760895641744
33 42 39 0.0 0.0 0.0 0.0 21.0 0.0 0.0 0.6927263730826323
33 42 40 0.0 0.0 0.0 0.0 3.0 0.0 0.0 0.6989515726410384
33 43 37 0.0 0.0 0.0 0.0 2.0 0.0 0.0 0.6993006993006992
33 43 38 0.0 0.0 1.0 0.0 34.0 0.0 0.0 0.6879606879606879
33 43 39 0.0 0.0 37.0 0.0 1033.0 6.0 6.0 0.4569190600522193
33 43 40 0.0 0.0 22.0 0.0 451.0 9.0 0.0 0.5681818181818181
33 44 39 0.0 0.0 1.0 0.0 5.0 0.0 0.0 0.6979062811565303
34 35 40 0.0 0.0 0.0 0.0 3.0 0.0 0.0 0.6989515726410384
34 36 40 0.0 0.0 0.0 0.0 1.0 0.0 0.0 0.6996501749125437
34 36 41 0.0 0.0 0.0 0.0 1.0 0.0 0.0 0.6996501749125437
34 37 36 0.0 0.0 3.0 0.0 84.0 1.0 0.0 0.6711409395973154
34 37 37 0.0 0.0 0.0 0.0 8.0 0.0 0.0 0.697211155378486
34 37 38 0.0 0.0 0.0 0.0 6.0 0.0 0.0 0.6979062811565303
34 37 39 0.0 0.0 0.0 0.0 2.0 0.0 0.0 0.6993006993006992
34 37 40 0.0 0.0 0.0 0.0 1.0 0.0 0.0 0.6996501749125437
34 37 41 0.0 0.0 0.0 0.0 2.0 0.0 0.0 0.6993006993006992
34 37 42 0.0 0.0 3.0 0.0 48.0 0.0 0.0 0.68259385665529
34 37 43 0.0 0.0 0.0 0.0 1.0 0.0 0.0 0.6996501749125437
34 38 36 0.0 0.0 0.0 0.0 13.0 0.0 0.0 0.695479384003974
34 38 37 0.0 0.0 0.0 0.0 20.0 0.0 0.0 0.6930693069306929
34 38 38 0.0 0.0 28.0 0.0 677.0 10.0 1.0 0.5194805194805194
34 38 39 0.0 0.0 0.0 0.0 7.0 0.0 0.0 0.6975585450921773
34 38 40 0.0 0.0 5.0 0.0 122.0 1.0 0.0 0.6585136406396989
34 38 41 0.0 0.0 0.0 0.0 7.0 0.0 0.0 0.6975585450921773
34 38 42 0.0 0.0 1.0 0.0 17.0 0.0 0.0 0.6937561942517343
34 39 36 0.0 0.0 29.0 0.0 401.0 5.0 0.0 0.5773195876288658
34 39 37 0.0 0.0 6.0 0.0 212.0 3.0 1.0 0.6323396567299006
34 39 38 0.0 0.0 4.0 0.0 245.0 1.0 0.0 0.6230529595015576
34 39 39 0.0 0.0 13.0 0.0 338.0 4.0 0.0 0.5965061780997016
34 39 40 0.0 0.0 0.0 0.0 49.0 0.0 0.0 0.6832601268911663
34 39 41 0.0 0.0 0.0 0.0 14.0 0.0 0.0 0.695479384003974
34 39 42 0.0 0.0 2.0 0.0 48.0 0.0 0.0 0.6829268292682925
34 39 43 0.0 0.0 0.0 0.0 1.0 0.0 0.0 0.6996501749125437
34 40 36 0.0 0.0 0.0 0.0 2.0 0.0 0.0 0.6993006993006992
34 40 37 0.0 0.0 34.0 0.0 607.0 9.0 1.0 0.5319148936170213
34 40 38 0.0 0.0 277.0 0.0 6075.0 26.0 457.0 0.1680067202688107
34 40 39 0.0 0.0 127.0 0.0 2616.0 13.0 59.0 0.29585798816568043
34 40 40 0.0 0.0 33.0 0.0 839.0 17.0 5.0 0.4901960784313725
34 40 41 0.0 0.0 6.0 0.0 70.0 1.0 0.0 0.6746987951807227
34 40 42 0.0 0.0 1.0 0.0 118.0 0.0 0.0 0.6606890042472864
34 40 43 0.0 0.0 0.0 0.0 7.0 0.0 0.0 0.6975585450921773
34 40 44 0.0 0.0 0.0 0.0 3.0 0.0 0.0 0.6989515726410384
34 41 36 0.0 0.0 0.0 0.0 1.0 0.0 0.0 0.6996501749125437
34 41 37 0.0 0.0 0.0 0.0 27.0 0.0 0.0 0.6906758756783422
34 41 38 0.0 0.0 1.0 0.0 151.0 1.0 1.0 0.6514657980456026
34 41 39 0.0 0.0 117.0 0.0 2012.0 19.0 21.0 0.34063260340632595
34 41 40 0.0 0.0 8.0 0.0 309.0 3.0 1.0 0.6050129645635263
34 41 41 0.0 0.0 0.0 0.0 18.0 0.0 0.0 0.6937561942517343
34 41 42 0.0 0.0 0.0 0.0 15.0 0.0 0.0 0.694789081885856
34 41 43 0.0 0.0 0.0 0.0 8.0 0.0 0.0 0.697211155378486
34 41 44 0.0 0.0 0.0 0.0 4.0 0.0 0.0 0.6986027944111775
34 41 45 0.0 0.0 0.0 0.0 6.0 0.0 0.0 0.6979062811565303
34 42 37 0.0 0.0 0.0 0.0 14.0 0.0 0.0 0.6951340615690167
34 42 38 0.0 0.0 239.0 0.0 5209.0 26.0 290.0 0.18855218855218855
34 42 39 0.0 0.0 262.0 0.0 5983.0 22.0 419.0 0.17021276595744678
34 42 40 0.0 0.0 13.0 0.0 229.0 5.0 0.0 0.6258381761287437
34 42 41 0.0 0.0 0.0 0.0 25.0 0.0 0.0 0.6913580246913579
34 42 42 0.0 0.0 1.0 0.0 25.0 0.0 0.0 0.6910167818361302
34 42 43 0.0 0.0 0.0 0.0 7.0 0.0 0.0 0.6975585450921773
34 42 44 0.0 0.0 0.0 0.0 4.0 0.0 0.0 0.6986027944111775
34 42 45 0.0 0.0 0.0 0.0 2.0 0.0 0.0 0.6993006993006992
34 43 37 0.0 0.0 2.0 0.0 14.0 0.0 0.0 0.694789081885856
34 43 38 0.0 0.0 0.0 0.0 14.0 0.0 0.0 0.6951340615690167
34 43 39 0.0 0.0 0.0 0.0 26.0 0.0 0.0 0.6910167818361302
34 43 40 0.0 0.0 1.0 0.0 38.0 1.0 0.0 0.6869479882237487
34 43 41 0.0 0.0 1.0 0.0 19.0 0.0 0.0 0.6930693069306929
34 43 42 0.0 0.0 0.0 0.0 18.0 0.0 0.0 0.6937561942517343
34 43 43 0.0 0.0 2.0 0.0 5.0 1.0 0.0 0.6979062811565303
34 44 39 0.0 0.0 0.0 0.0 2.0 0.0 0.0 0.6993006993006992
34 44 40 0.0 0.0 0.0 0.0 1.0 0.0 0.0 0.6996501749125437
34 44 41 0.0 0.0 2.0 0.0 28.0 0.0 0.0 0.689655172413793
34 44 42 0.0 0.0 0.0 0.0 7.0 0.0 0.0 0.6975585450921773
35 35 36 0.0 0.0 0.0 0.0 2.0 0.0 0.0 0.6993006993006992
35 35 37 0.0 0.0 0.0 0.0 7.0 0.0 0.0 0.6975585450921773
35 35 38 0.0 0.0 0.0 0.0 2.0 0.0 0.0 0.6993006993006992
35 35 40 0.0 0.0 0.0 0.0 1.0 0.0 0.0 0.6996501749125437
35 36 36 0.0 0.0 0.0 0.0 14.0 0.0 0.0 0.6951340615690167
35 36 37 0.0 0.0 0.0 0.0 13.0 0.0 0.0 0.695479384003974
35 36 38 0.0 0.0 0.0 0.0 30.0 1.0 0.0 0.690335305719921
35 36 39 0.0 0.0 0.0 0.0 44.0 0.0 0.0 0.684931506849315
35 36 40 0.0 0.0 71.0 0.0 1708.0 7.0 15.0 0.3711558854718982
35 36 41 0.0 0.0 0.0 0.0 42.0 0.0 0.0 0.6856023506366307
35 36 42 0.0 0.0 0.0 0.0 23.0 0.0 0.0 0.6920415224913494
35 37 36 0.0 0.0 0.0 0.0 10.0 0.0 0.0 0.6965174129353233
35 37 37 0.0 0.0 0.0 0.0 37.0 0.0 0.0 0.6876227897838899
35 37 38 0.0 0.0 36.0 0.0 913.0 3.0 6.0 0.4752206381534283
35 37 39 0.0 0.0 12.0 0.0 359.0 3.0 1.0 0.5912162162162161
35 37 40 0.0 0.0 4.0 0.0 215.0 0.0 0.0 0.6309148264984226
35 37 41 0.0 0.0 8.0 0.0 242.0 1.0 0.0 0.622498888394842
35 37 42 0.0 0.0 1.0 0.0 87.0 0.0 1.0 0.6704980842911876
35 37 43 0.0 0.0 2.0 0.0 16.0 0.0 0.0 0.6937561942517343
35 37 44 0.0 0.0 0.0 0.0 3.0 0.0 0.0 0.6989515726410384
35 38 36 0.0 0.0 0.0 0.0 18.0 0.0 0.0 0.6937561942517343
35 38 37 0.0 0.0 280.0 0.0 5176.0 19.0 228.0 0.18812147272238644
35 38 38 0.0 0.0 16.0 0.0 480.0 4.0 0.0 0.5620232838217583
35 38 39 0.0 0.0 15.0 0.0 539.0 5.0 4.0 0.5492349941153393
35 38 40 0.0 0.0 51.0 0.0 1271.0 12.0 7.0 0.4229607250755286
35 38 41 0.0 0.0 109.0 0.0 2576.0 16.0 36.0 0.2997858672376873
35 38 42 0.0 0.0 101.0 0.0 2174.0 16.0 22.0 0.3287928604978863
35 38 43 0.0 0.0 64.0 0.0 1225.0 13.0 7.0 0.42735042735042733
35 38 44 0.0 0.0 0.0 0.0 12.0 1.0 0.0 0.6961710591745399
35 39 36 0.0 0.0 0.0 0.0 27.0 0.0 0.0 0.6906758756783422
35 39 37 0.0 0.0 160.0 0.0 3157.0 26.0 62.0 0.26455026455026454
35 39 38 0.0 0.0 347.0 0.0 7251.0 25.0 830.0 0.14621409921671016
35 39 39 0.0 0.0 209.0 0.0 4464.0 20.0 178.0 0.21033653846153844
35 39 40 0.0 0.0 192.0 0.0 4616.0 16.0 228.0 0.20603384841795436
35 39 41 0.0 0.0 86.0 0.0 2018.0 10.0 19.0 0.34179687499999994
35 39 42 0.0 0.0 121.0 0.0 2870.0 16.0 64.0 0.2814636107760353
35 39 43 0.0 0.0 91.0 0.0 1920.0 12.0 13.0 0.35008752188047004
35 39 44 0.0 0.0 13.0 0.0 603.0 3.0 3.0 0.5359877488514548
35 40 36 0.0 0.0 0.0 0.0 5.0 0.0 0.0 0.6982543640897755
35 40 37 0.0 0.0 69.0 0.0 1899.0 7.0 25.0 0.3534460994698308
35 40 38 0.0 0.0 250.0 0.0 6396.0 10.0 641.0 0.16201828492072673
35 40 39 0.0 0.0 610.0 0.0 10854.0 27.0 3626.0 0.10408148093078581
35 40 40 0.0 0.0 164.0 0.0 4255.0 13.0 183.0 0.21840873634945396
35 40 41 0.0 0.0 71.0 0.0 2157.0 13.0 37.0 0.33214709371293
35 40 42 0.0 0.0 138.0 0.0 3597.0 21.0 112.0 0.2450122506125306
35 40 43 0.0 0.0 17.0 0.0 525.0 4.0 1.0 0.5516154452324664
35 40 44 0.0 0.0 20.0 0.0 814.0 12.0 2.0 0.49592631951824295
35 40 45 0.0 0.0 0.0 0.0 3.0 0.0 0.0 0.6989515726410384
35 41 36 0.0 0.0 7.0 0.0 99.0 3.0 0.0 0.6657156443176413
35 41 37 0.0 0.0 2.0 0.0 162.0 0.0 0.0 0.6469500924214416
35 41 38 0.0 0.0 193.0 0.0 4192.0 23.0 163.0 0.21998742928975482
35 41 39 0.0 0.0 556.0 0.0 10366.0 18.0 2978.0 0.1084262701363073
35 41 40 0.0 0.0 151.0 0.0 3768.0 12.0 104.0 0.23704707077548254
35 41 41 0.0 0.0 154.0 0.0 2753.0 20.0 42.0 0.28647431962349085
35 41 42 0.0 0.0 102.0 0.0 2335.0 11.0 29.0 0.316312697695436
35 41 43 0.0 0.0 28.0 0.0 908.0 12.0 6.0 0.4787961696306429
35 41 44 0.0 0.0 212.0 0.0 4756.0 21.0 238.0 0.2014968336211859
35 41 45 0.0 0.0 2.0 0.0 32.0 1.0 0.0 0.6886374815543531
35 42 36 0.0 0.0 0.0 0.0 6.0 0.0 0.0 0.6979062811565303
35 42 37 0.0 0.0 42.0 0.0 662.0 9.0 0.0 0.5194805194805194
35 42 38 0.0 0.0 37.0 0.0 757.0 7.0 2.0 0.5023322569070685
35 42 39 0.0 0.0 241.0 0.0 4998.0 18.0 234.0 0.1937984496124031
35 42 40 0.0 0.0 235.0 0.0 5201.0 16.0 301.0 0.1886284020479655
35 42 41 0.0 0.0 182.0 0.0 4198.0 18.0 145.0 0.22002200220021997
35 42 42 0.0 0.0 52.0 0.0 1173.0 10.0 8.0 0.43545878693623635
35 42 43 0.0 0.0 5.0 0.0 251.0 0.0 1.0 0.6208425720620842
35 42 44 0.0 0.0 6.0 0.0 117.0 1.0 0.0 0.6597549481621111
35 42 45 0.0 0.0 0.0 0.0 3.0 0.0 0.0 0.6989515726410384
35 43 37 0.0 0.0 0.0 0.0 6.0 0.0 0.0 0.6979062811565303
35 43 38 0.0 0.0 13.0 0.0 246.0 3.0 0.0 0.6205673758865247
35 43 39 0.0 0.0 0.0 0.0 74.0 0.0 0.0 0.6750241080038573
35 43 40 0.0 0.0 73.0 0.0 1695.0 14.0 12.0 0.3729355354288758
35 43 41 0.0 0.0 141.0 0.0 3096.0 12.0 62.0 0.26789131266743205
35 43 42 0.0 0.0 186.0 0.0 4970.0 17.0 273.0 0.19599608007839842
35 43 43 0.0 0.0 5.0 0.0 302.0 1.0 0.0 0.6071118820468342
35 43 44 0.0 0.0 1.0 0.0 53.0 0.0 0.0 0.6815968841285296
35 43 45 0.0 0.0 0.0 0.0 3.0 0.0 0.0 0.6989515726410384
35 44 37 0.0 0.0 0.0 0.0 3.0 0.0 0.0 0.6989515726410384
35 44 38 0.0 0.0 5.0 0.0 156.0 1.0 0.0 0.648148148148148
35 44 39 0.0 0.0 0.0 0.0 30.0 0.0 0.0 0.689655172413793
35 44 40 0.0 0.0 0.0 0.0 23.0 0.0 0.0 0.6920415224913494
35 44 41 0.0 0.0 15.0 0.0 279.0 6.0 0.0 0.6118881118881118
35 44 42 0.0 0.0 11.0 0.0 315.0 5.0 0.0 0.6031882809133993
35 44 43 0.0 0.0 0.0 0.0 7.0 0.0 0.0 0.6975585450921773
35 44 44 0.0 0.0 0.0 0.0 2.0 0.0 0.0 0.6993006993006992
35 44 45 0.0 0.0 0.0 0.0 1.0 0.0 0.0 0.6996501749125437
35 45 37 0.0 0.0 0.0 0.0 1.0 0.0 0.0 0.6996501749125437
35 45 40 0.0 0.0 0.0 0.0 1.0 0.0 0.0 0.6996501749125437
35 45 41 0.0 0.0 0.0 0.0 6.0 0.0 0.0 0.6979062811565303
35 46 39 0.0 0.0 1.0 0.0 19.0 1.0 0.0 0.6934125804853887
36 34 37 0.0 0.0 0.0 0.0 1.0 0.0 0.0 0.6996501749125437
36 35 36 0.0 0.0 0.0 0.0 5.0 0.0 0.0 0.6982543640897755
36 35 37 0.0 0.0 0.0 0.0 17.0 0.0 0.0 0.694100148735746
36 35 38 0.0 0.0 6.0 0.0 175.0 4.0 0.0 0.6430868167202571
36 35 39 0.0 0.0 0.0 0.0 31.0 0.0 0.0 0.6893156080748399
36 35 40 0.0 0.0 0.0 0.0 23.0 0.0 0.0 0.6920415224913494
36 35 41 0.0 0.0 0.0 0.0 16.0 0.0 0.0 0.6944444444444444
36 35 42 0.0 0.0 0.0 0.0 15.0 0.0 0.0 0.694789081885856
36 35 43 0.0 0.0 0.0 0.0 1.0 0.0 0.0 0.6996501749125437
36 36 36 0.0 0.0 0.0 0.0 28.0 0.0 0.0 0.690335305719921
36 36 37 0.0 0.0 285.0 0.0 5845.0 20.0 402.0 0.17252002464571778
36 36 38 0.0 0.0 4.0 0.0 320.0 2.0 0.0 0.6029285099052539
36 36 39 0.0 0.0 10.0 0.0 371.0 4.0 2.0 0.5892255892255891
36 36 40 0.0 0.0 98.0 0.0 1995.0 16.0 17.0 0.34347399411187435
36 36 41 0.0 0.0 9.0 0.0 419.0 8.0 1.0 0.5789909015715466
36 36 42 0.0 0.0 11.0 0.0 292.0 4.0 0.0 0.609225413402959
36 36 43 0.0 0.0 0.0 0.0 31.0 0.0 0.0 0.6893156080748399
36 37 36 0.0 0.0 2.0 0.0 128.0 0.0 0.0 0.6572769953051641
36 37 37 0.0 0.0 203.0 0.0 3985.0 21.0 111.0 0.22697795071335924
36 37 38 0.0 0.0 100.0 0.0 2617.0 10.0 41.0 0.29742936052687485
36 37 39 0.0 0.0 441.0 0.0 8342.0 30.0 1327.0 0.13012361743656473
36 37 40 0.0 0.0 426.0 0.0 8431.0 33.0 1230.0 0.1292108906322104
36 37 41 0.0 0.0 397.0 0.0 8389.0 22.0 1352.0 0.12997864636523998
36 37 42 0.0 0.0 34.0 0.0 1272.0 4.0 11.0 0.423985463355542
36 37 43 0.0 0.0 0.0 0.0 97.0 1.0 0.0 0.6679389312977099
36 37 44 0.0 0.0 0.0 0.0 8.0 0.0 0.0 0.697211155378486
36 37 45 0.0 0.0 0.0 0.0 1.0 0.0 0.0 0.6996501749125437
36 38 36 0.0 0.0 71.0 0.0 1894.0 15.0 21.0 0.35434067324727914
36 38 37 0.0 0.0 18.0 0.0 767.0 3.0 7.0 0.5032350826743349
36 38 38 0.0 0.0 307.0 0.0 6761.0 22.0 593.0 0.15462778882261982
36 38 39 0.0 0.0 428.0 0.0 8588.0 25.0 1343.0 0.12722646310432567
36 38 40 0.0 0.0 554.0 0.0 10216.0 35.0 2475.0 0.10982976386600768
36 38 41 0.0 0.0 316.0 0.0 7056.0 23.0 725.0 0.14971660784942784
36 38 42 0.0 0.0 255.0 0.0 5579.0 15.0 340.0 0.17902813299232734
36 38 43 0.0 0.0 22.0 0.0 936.0 2.0 6.0 0.4736129905277401
36 38 44 0.0 0.0 52.0 0.0 1300.0 15.0 8.0 0.4195385076415942
36 38 45 0.0 0.0 0.0 0.0 6.0 0.0 0.0 0.6979062811565303
36 39 35 0.0 0.0 0.0 0.0 8.0 0.0 0.0 0.697211155378486
36 39 36 0.0 0.0 5.0 0.0 166.0 2.0 0.0 0.6454587367450437
36 39 37 0.0 0.0 260.0 0.0 5654.0 18.0 370.0 0.17717033662363957
36 39 38 0.0 0.0 583.0 0.0 10982.0 26.0 3819.0 0.10331340860453102
36 39 39 0.0 0.0 648.0 0.0 11146.0 28.0 3714.0 0.1015522994342086
36 39 40 0.0 0.0 481.0 0.0 9607.0 26.0 2198.0 0.11598044901002401
36 39 41 0.0 0.0 334.0 0.0 6189.0 22.0 432.0 0.16462841015992472
36 39 42 0.0 0.0 755.0 0.0 11870.0 20.0 4953.0 0.09574613595951306
36 39 43 0.0 0.0 229.0 0.0 4992.0 23.0 261.0 0.19436345966958213
36 39 44 0.0 0.0 86.0 0.0 2522.0 18.0 42.0 0.30507735890172144
36 39 45 0.0 0.0 4.0 0.0 118.0 0.0 0.0 0.6597549481621111
36 39 46 0.0 0.0 0.0 0.0 1.0 0.0 0.0 0.6996501749125437
36 40 35 0.0 0.0 0.0 0.0 14.0 0.0 0.0 0.6951340615690167
36 40 36 0.0 0.0 1.0 0.0 72.0 1.0 0.0 0.6763285024154588
36 40 37 0.0 0.0 173.0 0.0 3925.0 20.0 145.0 0.23014959723820477
36 40 38 0.0 0.0 525.0 0.0 10192.0 33.0 2497.0 0.11030570438071224
36 40 39 0.0 0.0 851.0 0.0 12359.0 23.0 7973.0 0.09198423127463862
36 40 40 0.0 0.0 653.0 0.0 11016.0 17.0 3349.0 0.10247401551749376
36 40 41 0.0 0.0 386.0 0.0 8343.0 18.0 1349.0 0.13056047747831762
36 40 42 0.0 0.0 229.0 0.0 5379.0 16.0 373.0 0.18438035032266556
36 40 43 0.0 0.0 491.0 0.0 9409.0 30.0 2054.0 0.11781536648994359
36 40 44 0.0 0.0 67.0 0.0 1750.0 11.0 17.0 0.3679369250985544
36 40 45 0.0 0.0 8.0 0.0 256.0 2.0 0.0 0.6189213085764809
36 41 36 0.0 0.0 31.0 0.0 636.0 6.0 3.0 0.5259203606311044
36 41 37 0.0 0.0 179.0 0.0 4266.0 22.0 160.0 0.21789883268482485
36 41 38 0.0 0.0 558.0 0.0 10324.0 17.0 2551.0 0.10874631039304021
36 41 39 0.0 0.0 657.0 0.0 11548.0 23.0 4725.0 0.09857072449482501
36 41 40 0.0 0.0 460.0 0.0 9306.0 17.0 1866.0 0.11910838863365661
36 41 41 0.0 0.0 853.0 0.0 12585.0 30.0 6605.0 0.09069119647599921
36 41 42 0.0 0.0 808.0 0.0 12347.0 37.0 6144.0 0.0924824943849914
36 41 43 0.0 0.0 359.0 0.0 7530.0 28.0 922.0 0.1418583443104671
36 41 44 0.0 0.0 33.0 0.0 1137.0 9.0 10.0 0.4428978171464725
36 41 45 0.0 0.0 5.0 0.0 147.0 0.0 1.0 0.6505576208178437
36 41 46 0.0 0.0 0.0 0.0 1.0 0.0 0.0 0.6996501749125437
36 42 36 0.0 0.0 2.0 0.0 37.0 1.0 0.0 0.6869479882237487
36 42 37 0.0 0.0 27.0 0.0 923.0 11.0 3.0 0.47619047619047605
36 42 38 0.0 0.0 114.0 0.0 2817.0 14.0 65.0 0.2845528455284552
36 42 39 0.0 0.0 328.0 0.0 7487.0 17.0 886.0 0.14282799428688023
36 42 40 0.0 0.0 377.0 0.0 8121.0 23.0 1133.0 0.13362603798797362
36 42 41 0.0 0.0 492.0 0.0 9168.0 30.0 1564.0 0.12027491408934705
36 42 42 0.0 0.0 694.0 0.0 11630.0 35.0 4584.0 0.09782684648172733
36 42 43 0.0 0.0 354.0 0.0 7191.0 20.0 813.0 0.14691992863889178
36 42 44 0.0 0.0 77.0 0.0 1962.0 15.0 19.0 0.34791252485089463
36 42 45 0.0 0.0 2.0 0.0 26.0 1.0 0.0 0.6906758756783422
36 43 36 0.0 0.0 0.0 0.0 8.0 0.0 0.0 0.697211155378486
36 43 37 0.0 0.0 6.0 0.0 180.0 2.0 0.0 0.641025641025641
36 43 38 0.0 0.0 15.0 0.0 466.0 4.0 0.0 0.5651998385143318
36 43 39 0.0 0.0 256.0 0.0 6055.0 12.0 475.0 0.16867469879518068
36 43 40 0.0 0.0 355.0 0.0 6795.0 17.0 624.0 0.15313935681470134
36 43 41 0.0 0.0 128.0 0.0 3230.0 11.0 92.0 0.26178010471204183
36 43 42 0.0 0.0 155.0 0.0 3755.0 18.0 117.0 0.2375699983030714
36 43 43 0.0 0.0 171.0 0.0 3459.0 23.0 83.0 0.24959885897664466
36 43 44 0.0 0.0 101.0 0.0 2619.0 9.0 53.0 0.29711375212224106
36 43 45 0.0 0.0 20.0 0.0 567.0 3.0 1.0 0.5417956656346749
36 44 37 0.0 0.0 0.0 0.0 13.0 0.0 0.0 0.695479384003974
36 44 38 0.0 0.0 106.0 0.0 2618.0 18.0 43.0 0.2973661852166524
36 44 39 0.0 0.0 35.0 0.0 1037.0 7.0 6.0 0.4569190600522193
36 44 40 0.0 0.0 43.0 0.0 998.0 11.0 7.0 0.4620462046204619
36 44 41 0.0 0.0 208.0 0.0 4473.0 17.0 200.0 0.21008403361344533
36 44 42 0.0 0.0 24.0 0.0 917.0 9.0 3.0 0.4774897680763983
36 44 43 0.0 0.0 1.0 0.0 44.0 0.0 0.0 0.684931506849315
36 44 44 0.0 0.0 0.0 0.0 15.0 0.0 0.0 0.694789081885856
36 44 45 0.0 0.0 0.0 0.0 1.0 0.0 0.0 0.6996501749125437
36 45 37 0.0 0.0 0.0 0.0 2.0 0.0 0.0 0.6993006993006992
36 45 38 0.0 0.0 0.0 0.0 12.0 0.0 0.0 0.6958250497017892
36 45 39 0.0 0.0 79.0 0.0 1682.0 14.0 20.0 0.37363223912463295
36 45 40 0.0 0.0 4.0 0.0 60.0 1.0 0.0 0.6786233640329616
36 45 41 0.0 0.0 14.0 0.0 237.0 1.0 1.0 0.6222222222222221
36 45 42 0.0 0.0 0.0 0.0 7.0 0.0 0.0 0.6975585450921773
37 34 38 0.0 0.0 0.0 0.0 1.0 0.0 0.0 0.6996501749125437
37 34 40 0.0 0.0 0.0 0.0 1.0 0.0 0.0 0.6996501749125437
37 35 36 0.0 0.0 0.0 0.0 14.0 0.0 0.0 0.6951340615690167
37 35 37 0.0 0.0 2.0 0.0 30.0 1.0 0.0 0.6893156080748399
37 35 38 0.0 0.0 0.0 0.0 53.0 0.0 0.0 0.6819288845591815
37 35 39 0.0 0.0 8.0 0.0 211.0 2.0 0.0 0.6314839873703202
37 35 40 0.0 0.0 0.0 0.0 78.0 0.0 0.0 0.6737247353224253
37 35 41 0.0 0.0 8.0 0.0 183.0 3.0 0.0 0.639853747714808
37 35 42 0.0 0.0 12.0 0.0 152.0 2.0 0.0 0.6475485661424606
37 35 43 0.0 0.0 0.0 0.0 2.0 0.0 0.0 0.6993006993006992
37 36 36 0.0 0.0 7.0 0.0 247.0 2.0 1.0 0.6216696269982237
37 36 37 0.0 0.0 33.0 0.0 963.0 9.0 8.0 0.4686976899899564
37 36 38 0.0 0.0 135.0 0.0 3408.0 21.0 97.0 0.2535313292285403
37 36 39 0.0 0.0 479.0 0.0 9610.0 16.0 2173.0 0.11589403973509933
37 36 40 0.0 0.0 274.0 0.0 5882.0 24.0 375.0 0.1720535824013764
37 36 41 0.0 0.0 221.0 0.0 5602.0 16.0 401.0 0.17921146953405012
37 36 42 0.0 0.0 96.0 0.0 2183.0 15.0 23.0 0.32802249297094654
37 36 43 0.0 0.0 30.0 0.0 560.0 12.0 1.0 0.5428460643660332
37 36 44 0.0 0.0 0.0 0.0 14.0 0.0 0.0 0.6951340615690167
37 36 45 0.0 0.0 0.0 0.0 3.0 0.0 0.0 0.6989515726410384
37 37 35 0.0 0.0 5.0 0.0 97.0 2.0 0.0 0.6666666666666665
37 37 36 0.0 0.0 18.0 0.0 522.0 7.0 1.0 0.5527043031977891
37 37 37 0.0 0.0 628.0 0.0 10794.0 28.0 3297.0 0.10443085185737729
37 37 38 0.0 0.0 644.0 0.0 11152.0 24.0 3283.0 0.10155966630395356
37 37 39 0.0 0.0 433.0 0.0 8702.0 21.0 1403.0 0.12591060347153518
37 37 40 0.0 0.0 901.0 0.0 12609.0 34.0 7587.0 0.09031675375782207
37 37 41 0.0 0.0 418.0 0.0 8632.0 23.0 1443.0 0.1268345714803406
37 37 42 0.0 0.0 593.0 0.0 10932.0 24.0 3492.0 0.10360393694960408
37 37 43 0.0 0.0 65.0 0.0 1839.0 13.0 27.0 0.35980467746080697
37 37 44 0.0 0.0 0.0 0.0 98.0 0.0 0.0 0.6679389312977099
37 37 45 0.0 0.0 0.0 0.0 4.0 0.0 0.0 0.6986027944111775
37 38 34 0.0 0.0 0.0 0.0 5.0 0.0 0.0 0.6982543640897755
37 38 35 0.0 0.0 1.0 0.0 52.0 1.0 0.0 0.6822612085769979
37 38 36 0.0 0.0 59.0 0.0 1583.0 10.0 15.0 0.38546255506607924
37 38 37 0.0 0.0 391.0 0.0 8083.0 19.0 1121.0 0.13386880856760372
37 38 38 0.0 0.0 734.0 0.0 11790.0 37.0 4590.0 0.09647853352629039
37 38 39 0.0 0.0 1371.0 0.0 13249.0 36.0 16998.0 0.08428150021070374
37 38 40 0.0 0.0 1205.0 0.0 13343.0 38.0 13241.0 0.08458192363460608
37 38 41 0.0 0.0 1464.0 0.0 13095.0 43.0 20318.0 0.08455638098689376
37 38 42 0.0 0.0 618.0 0.0 10981.0 21.0 3435.0 0.10303967027305512
37 38 43 0.0 0.0 161.0 0.0 4030.0 14.0 148.0 0.22664723976040146
37 38 44 0.0 0.0 62.0 0.0 1826.0 12.0 29.0 0.36129032258064514
37 38 45 0.0 0.0 2.0 0.0 48.0 0.0 0.0 0.6829268292682925
37 39 34 0.0 0.0 0.0 0.0 6.0 0.0 0.0 0.6979062811565303
37 39 35 0.0 0.0 5.0 0.0 116.0 4.0 0.0 0.6613131790269249
37 39 36 0.0 0.0 244.0 0.0 5096.0 26.0 274.0 0.19133524668580018
37 39 37 0.0 0.0 461.0 0.0 9296.0 21.0 1825.0 0.11923011412025206
37 39 38 0.0 0.0 692.0 0.0 11621.0 24.0 4684.0 0.097888407215774
37 39 39 0.0 0.0 991.0 0.0 12998.0 43.0 9348.0 0.08764241893076248
37 39 40 0.0 0.0 1075.0 0.0 13313.0 31.0 10561.0 0.08546486783468651
37 39 41 0.0 0.0 843.0 0.0 12754.0 28.0 5870.0 0.0898242012062107
37 39 42 0.0 0.0 597.0 0.0 11017.0 24.0 3702.0 0.10291847386605894
37 39 43 0.0 0.0 885.0 0.0 12726.0 23.0 6980.0 0.08972058446552166
37 39 44 0.0 0.0 168.0 0.0 3701.0 16.0 92.0 0.23911187019641328
37 39 45 0.0 0.0 15.0 0.0 415.0 4.0 1.0 0.5770816158285242
37 40 34 0.0 0.0 0.0 0.0 8.0 0.0 0.0 0.6975585450921773
37 40 35 0.0 0.0 27.0 0.0 521.0 3.0 3.0 0.5500982318271119
37 40 36 0.0 0.0 122.0 0.0 2893.0 12.0 52.0 0.2798880447820872
37 40 37 0.0 0.0 371.0 0.0 7367.0 20.0 741.0 0.14398848092152627
37 40 38 0.0 0.0 862.0 0.0 12440.0 30.0 6312.0 0.09153916568588988
37 40 39 0.0 0.0 1705.0 0.0 13018.0 46.0 24554.0 0.08371703641691082
37 40 40 0.0 0.0 1173.0 0.0 13339.0 32.0 13048.0 0.08472524812394092
37 40 41 0.0 0.0 1160.0 0.0 13507.0 37.0 11303.0 0.08401848406649462
37 40 42 0.0 0.0 903.0 0.0 12832.0 30.0 8861.0 0.088984936121528
37 40 43 0.0 0.0 551.0 0.0 10689.0 33.0 3574.0 0.1059402194475974
37 40 44 0.0 0.0 455.0 0.0 9312.0 23.0 1844.0 0.11904761904761901
37 40 45 0.0 0.0 7.0 0.0 142.0 2.0 0.0 0.6520726595249184
37 41 34 0.0 0.0 0.0 0.0 3.0 0.0 0.0 0.6989515726410384
37 41 35 0.0 0.0 0.0 0.0 22.0 0.0 0.0 0.6927263730826323
37 41 36 0.0 0.0 75.0 0.0 1410.0 12.0 10.0 0.4032258064516129
37 41 37 0.0 0.0 266.0 0.0 6122.0 12.0 508.0 0.16710432084029597
37 41 38 0.0 0.0 903.0 0.0 12723.0 27.0 8391.0 0.08958280010238033
37 41 39 0.0 0.0 1261.0 0.0 13490.0 35.0 13858.0 0.08360205422190373
37 41 40 0.0 0.0 1148.0 0.0 13299.0 36.0 12863.0 0.08510120965290863
37 41 41 0.0 0.0 1270.0 1.0 13470.0 40.0 15727.0 0.08358707982566123
37 41 42 0.0 0.0 1529.0 0.0 12775.0 34.0 23304.0 0.08585796639273886
37 41 43 0.0 0.0 478.0 0.0 9497.0 24.0 1823.0 0.1169981614574628
37 41 44 0.0 0.0 130.0 0.0 2944.0 19.0 54.0 0.27711797307996827
37 41 45 0.0 0.0 78.0 0.0 1694.0 15.0 19.0 0.3726377428799573
37 41 46 0.0 0.0 0.0 0.0 1.0 0.0 0.0 0.6996501749125437
37 42 34 0.0 0.0 0.0 0.0 1.0 0.0 0.0 0.6996501749125437
37 42 35 0.0 0.0 2.0 0.0 56.0 0.0 0.0 0.6802721088435373
37 42 36 0.0 0.0 9.0 0.0 469.0 4.0 1.0 0.5661140315406388
37 42 37 0.0 0.0 266.0 0.0 6079.0 24.0 397.0 0.16818837097549252
37 42 38 0.0 0.0 736.0 0.0 12051.0 23.0 5900.0 0.09469056476158268
37 42 39 0.0 0.0 849.0 0.0 12567.0 24.0 6709.0 0.09082062925721698
37 42 40 0.0 0.0 1000.0 0.0 12862.0 28.0 10557.0 0.08831693161746151
37 42 41 0.0 0.0 701.0 0.0 11721.0 27.0 4268.0 0.09712105445716267
37 42 42 0.0 0.0 761.0 0.0 12042.0 24.0 5914.0 0.09463295930782749
37 42 43 0.0 0.0 821.0 0.0 12270.0 26.0 7023.0 0.09283819628647214
37 42 44 0.0 0.0 333.0 0.0 7122.0 25.0 730.0 0.14841513834411107
37 42 45 0.0 0.0 0.0 0.0 66.0 1.0 0.0 0.6779661016949151
37 42 46 0.0 0.0 0.0 0.0 2.0 0.0 0.0 0.6993006993006992
37 43 35 0.0 0.0 0.0 0.0 6.0 0.0 0.0 0.6979062811565303
37 43 36 0.0 0.0 0.0 0.0 25.0 1.0 0.0 0.6916996047430829
37 43 37 0.0 0.0 26.0 0.0 924.0 5.0 3.0 0.47538200339558573
37 43 38 0.0 0.0 398.0 0.0 8619.0 10.0 1438.0 0.1271802325581395
37 43 39 0.0 0.0 638.0 0.0 10829.0 23.0 2787.0 0.10407374368123698
37 43 40 0.0 0.0 488.0 0.0 9550.0 16.0 1894.0 0.11638540194529884
37 43 41 0.0 0.0 808.0 0.0 12391.0 32.0 7210.0 0.09216589861751151
37 43 42 0.0 0.0 270.0 0.0 6832.0 20.0 668.0 0.15408320493066252
37 43 43 0.0 0.0 415.0 0.0 7995.0 16.0 1063.0 0.13462832964708144
37 43 44 0.0 0.0 36.0 0.0 1025.0 6.0 6.0 0.4582651391162029
37 43 45 0.0 0.0 1.0 0.0 65.0 0.0 0.0 0.6776379477250725
37 44 36 0.0 0.0 0.0 0.0 6.0 0.0 0.0 0.6979062811565303
37 44 37 0.0 0.0 0.0 0.0 43.0 0.0 0.0 0.6852667645619186
37 44 38 0.0 0.0 21.0 0.0 606.0 3.0 1.0 0.5335365853658536
37 44 39 0.0 0.0 487.0 0.0 9506.0 30.0 1972.0 0.11696883616008019
37 44 40 0.0 0.0 67.0 0.0 2007.0 11.0 29.0 0.34474267421817284
37 44 41 0.0 0.0 170.0 0.0 4088.0 15.0 137.0 0.22417934347477977
37 44 42 0.0 0.0 18.0 0.0 736.0 4.0 2.0 0.5092761004001454
37 44 43 0.0 0.0 36.0 0.0 899.0 8.0 8.0 0.4783054321831226
37 44 44 0.0 0.0 29.0 0.0 523.0 5.0 1.0 0.5496662740478994
37 44 45 0.0 0.0 10.0 0.0 411.0 3.0 2.0 0.5792304509722795
37 45 36 0.0 0.0 0.0 0.0 2.0 0.0 0.0 0.6993006993006992
37 45 37 0.0 0.0 0.0 0.0 2.0 0.0 0.0 0.6993006993006992
37 45 38 0.0 0.0 0.0 0.0 39.0 0.0 0.0 0.6866110838646394
37 45 39 0.0 0.0 31.0 0.0 966.0 12.0 3.0 0.4690117252931323
37 45 40 0.0 0.0 21.0 0.0 409.0 2.0 1.0 0.5766062602965403
37 45 41 0.0 0.0 0.0 0.0 52.0 0.0 0.0 0.6822612085769979
37 45 42 0.0 0.0 0.0 0.0 13.0 0.0 0.0 0.695479384003974
37 45 43 0.0 0.0 0.0 0.0 7.0 0.0 0.0 0.6975585450921773
37 46 39 0.0 0.0 0.0 0.0 1.0 0.0 0.0 0.6996501749125437
37 46 40 0.0 0.0 0.0 0.0 5.0 0.0 0.0 0.6986027944111775
38 34 38 0.0 0.0 1.0 0.0 9.0 0.0 0.0 0.6965174129353233
38 34 39 0.0 0.0 0.0 0.0 3.0 0.0 0.0 0.6989515726410384
38 34 40 0.0 0.0 0.0 0.0 3.0 0.0 0.0 0.6989515726410384
38 34 41 0.0 0.0 0.0 0.0 2.0 0.0 0.0 0.6993006993006992
38 34 42 0.0 0.0 0.0 0.0 2.0 0.0 0.0 0.6993006993006992
38 35 34 0.0 0.0 0.0 0.0 1.0 0.0 0.0 0.6996501749125437
38 35 35 0.0 0.0 47.0 0.0 1253.0 8.0 8.0 0.4252733900364519
38 35 36 0.0 0.0 0.0 0.0 19.0 0.0 0.0 0.6934125804853887
38 35 37 0.0 0.0 0.0 0.0 28.0 0.0 0.0 0.690335305719921
38 35 38 0.0 0.0 7.0 0.0 94.0 1.0 0.0 0.6666666666666665
38 35 39 0.0 0.0 73.0 0.0 1908.0 8.0 14.0 0.35237855524792344
38 35 40 0.0 0.0 22.0 0.0 775.0 6.0 3.0 0.5014326647564469
38 35 41 0.0 0.0 25.0 0.0 777.0 7.0 2.0 0.5008944543828264
38 35 42 0.0 0.0 21.0 0.0 477.0 6.0 1.0 0.5617977528089887
38 35 43 0.0 0.0 0.0 0.0 18.0 0.0 0.0 0.6937561942517343
38 35 44 0.0 0.0 0.0 0.0 1.0 0.0 0.0 0.6996501749125437
38 36 34 0.0 0.0 0.0 0.0 2.0 0.0 0.0 0.6993006993006992
38 36 35 0.0 0.0 0.0 0.0 34.0 0.0 0.0 0.6882989183874139
38 36 36 0.0 0.0 48.0 0.0 1383.0 7.0 15.0 0.4087591240875912
38 36 37 0.0 0.0 266.0 0.0 5544.0 19.0 360.0 0.17955623957932534
38 36 38 0.0 0.0 127.0 0.0 2935.0 16.0 55.0 0.2774474831549742
38 36 39 0.0 0.0 246.0 0.0 5470.0 14.0 314.0 0.18170019467878
38 36 40 0.0 0.0 398.0 0.0 8133.0 17.0 1101.0 0.13304190820108333
38 36 41 0.0 0.0 361.0 0.0 7472.0 21.0 867.0 0.14252265092130714
38 36 42 0.0 0.0 58.0 0.0 1878.0 9.0 31.0 0.3565970453387671
38 36 43 0.0 0.0 4.0 0.0 194.0 1.0 0.0 0.6372325898953117
38 36 44 0.0 0.0 17.0 0.0 338.0 3.0 2.0 0.5952380952380951
38 36 45 0.0 0.0 0.0 0.0 2.0 0.0 0.0 0.6993006993006992
38 37 34 0.0 0.0 31.0 0.0 599.0 9.0 1.0 0.5341472720335749
38 37 35 0.0 0.0 6.0 0.0 152.0 1.0 0.0 0.6490496059341677
38 37 36 0.0 0.0 147.0 0.0 3620.0 23.0 126.0 0.2436901653611836
38 37 37 0.0 0.0 385.0 0.0 8664.0 24.0 1513.0 0.1269610954928811
38 37 38 0.0 0.0 566.0 0.0 10592.0 29.0 3011.0 0.10652868665347738
38 37 39 0.0 0.0 1002.0 0.0 13025.0 27.0 10387.0 0.0873253493013972
38 37 40 0.0 0.0 744.0 0.0 12084.0 24.0 4801.0 0.09451795841209829
38 37 41 0.0 0.0 707.0 0.0 12105.0 31.0 5060.0 0.09456903539583895
38 37 42 0.0 0.0 462.0 0.0 9270.0 17.0 1871.0 0.11937244201909958
38 37 43 0.0 0.0 364.0 0.0 7536.0 20.0 832.0 0.14161440420797083
38 37 44 0.0 0.0 142.0 0.0 3614.0 20.0 100.0 0.24407252440725236
38 37 45 0.0 0.0 20.0 0.0 693.0 2.0 2.0 0.5164146071560309
38 38 34 0.0 0.0 25.0 0.0 305.0 9.0 0.0 0.6031882809133993
38 38 35 0.0 0.0 11.0 0.0 459.0 1.0 0.0 0.5672609400324148
38 38 36 0.0 0.0 257.0 0.0 5857.0 22.0 390.0 0.17303176368804846
38 38 37 0.0 0.0 581.0 0.0 10294.0 32.0 2581.0 0.1089578955560744
38 38 38 0.0 0.0 1493.0 0.0 12886.0 49.0 21710.0 0.08554319931565439
38 38 39 0.0 0.0 1492.0 0.0 13446.0 39.0 18912.0 0.08262024195928001
38 38 40 0.0 0.0 1190.0 0.0 13739.0 40.0 12034.0 0.08272276057669581
38 38 41 0.0 0.0 1551.0 0.0 13094.0 44.0 22237.0 0.08407903429223469
38 38 42 0.0 0.0 1089.0 0.0 13194.0 33.0 10825.0 0.08599508599508598
38 38 43 0.0 0.0 564.0 0.0 10622.0 15.0 3311.0 0.10622154779969649
38 38 44 0.0 0.0 197.0 0.0 4191.0 18.0 192.0 0.21978021978021975
38 38 45 0.0 0.0 30.0 0.0 625.0 5.0 1.0 0.5283018867924527
38 39 34 0.0 0.0 12.0 0.0 238.0 3.0 0.0 0.6230529595015576
38 39 35 0.0 0.0 126.0 0.0 3083.0 20.0 67.0 0.2698015031798034
38 39 36 0.0 0.0 337.0 0.0 6836.0 38.0 549.0 0.15322315858596913
38 39 37 0.0 0.0 822.0 0.0 12428.0 19.0 7017.0 0.09181532004197271
38 39 38 0.0 0.0 1267.0 0.0 13926.0 31.0 12335.0 0.08143322475570032
38 39 39 0.0 0.0 2236.0 1.0 11457.0 54.0 41694.0 0.08924018357980622
38 39 40 0.0 0.0 2495.0 0.0 11226.0 51.0 46472.0 0.0890302066772655
38 39 41 0.0 0.0 1432.0 0.0 13658.0 40.0 17717.0 0.08190966534051017
38 39 42 0.0 0.0 1071.0 1.0 13284.0 27.0 9818.0 0.08560596795890912
38 39 43 0.0 0.0 499.0 0.0 10080.0 26.0 2528.0 0.11146496815286623
38 39 44 0.0 0.0 513.0 0.0 9360.0 24.0 1634.0 0.11804384485666101
38 39 45 0.0 0.0 33.0 0.0 557.0 8.0 3.0 0.5422153369481022
38 40 34 0.0 0.0 0.0 0.0 21.0 0.0 0.0 0.6927263730826323
38 40 35 0.0 0.0 267.0 0.0 5565.0 22.0 351.0 0.17911975435005115
38 40 36 0.0 0.0 380.0 0.0 7317.0 24.0 721.0 0.14474772539288666
38 40 37 0.0 0.0 541.0 0.0 10311.0 21.0 2766.0 0.10902577680865976
38 40 38 0.0 0.0 1412.0 1.0 13912.0 45.0 14769.0 0.08083607598591142
38 40 39 0.0 0.0 2259.0 1.0 12357.0 45.0 36520.0 0.08422065812428561
38 40 40 0.0 4.0 2225.0 10.0 12478.0 40.0 35197.0 0.08368200836820082
38 40 41 0.0 1.0 2158.0 2.0 12474.0 41.0 34319.0 0.08405884118883218
38 40 42 0.0 0.0 1555.0 2.0 13699.0 44.0 19222.0 0.08114060507708357
38 40 43 0.0 0.0 731.0 1.0 11863.0 29.0 5085.0 0.09602194787379972
38 40 44 0.0 0.0 154.0 0.0 3882.0 22.0 148.0 0.23271276595744678
38 40 45 0.0 0.0 15.0 0.0 498.0 4.0 1.0 0.557991231566361
38 40 46 0.0 0.0 0.0 0.0 2.0 0.0 0.0 0.6993006993006992
38 41 34 0.0 0.0 0.0 0.0 7.0 0.0 0.0 0.6975585450921773
38 41 35 0.0 0.0 34.0 0.0 1290.0 6.0 9.0 0.42206813385589387
38 41 36 0.0 0.0 198.0 0.0 5105.0 22.0 250.0 0.19222847727584785
38 41 37 0.0 0.0 547.0 0.0 10228.0 24.0 3015.0 0.10968348480100282
38 41 38 0.0 0.0 935.0 6.0 12990.0 29.0 7093.0 0.08790104853393607
38 41 39 0.0 0.0 1861.0 0.0 12803.0 50.0 29119.0 0.08401848406649462
38 41 40 0.0 1.0 2464.0 2.0 11285.0 57.0 46663.0 0.08882685108812892
38 41 41 0.0 0.0 1869.0 5.0 13231.0 54.0 27221.0 0.08176137359107633
38 41 42 0.0 0.0 1385.0 2.0 13674.0 43.0 16794.0 0.08208736440926413
38 41 43 0.0 0.0 677.0 0.0 11341.0 32.0 4128.0 0.09999999999999999
38 41 44 0.0 0.0 285.0 0.0 6989.0 23.0 770.0 0.15126958400864396
38 41 45 0.0 0.0 85.0 0.0 2150.0 11.0 18.0 0.33128253667770935
38 41 46 0.0 0.0 0.0 0.0 3.0 0.0 0.0 0.6989515726410384
38 42 34 0.0 0.0 0.0 0.0 2.0 0.0 0.0 0.6993006993006992
38 42 35 0.0 0.0 14.0 0.0 226.0 4.0 0.0 0.626118067978533
38 42 36 0.0 0.0 203.0 0.0 4571.0 23.0 211.0 0.20728457210541898
38 42 37 0.0 0.0 288.0 0.0 5915.0 20.0 418.0 0.1710028093318676
38 42 38 0.0 0.0 638.0 3.0 11355.0 32.0 4543.0 0.10010010010010008
38 42 39 0.0 0.0 1658.0 0.0 13499.0 38.0 21793.0 0.08159459144422426
38 42 40 0.0 1.0 1782.0 6.0 12546.0 39.0 27607.0 0.08570029382957883
38 42 41 0.0 0.0 1608.0 2.0 13364.0 28.0 21512.0 0.08240626287597856
38 42 42 0.0 0.0 770.0 3.0 12090.0 27.0 4724.0 0.09428879310344826
38 42 43 0.0 0.0 642.0 0.0 11184.0 21.0 3415.0 0.10131712259371833
38 42 44 0.0 0.0 295.0 0.0 7045.0 25.0 836.0 0.15016625549715754
38 42 45 0.0 0.0 77.0 0.0 1911.0 13.0 23.0 0.3522898842476094
38 42 46 0.0 0.0 0.0 0.0 2.0 0.0 0.0 0.6993006993006992
38 43 35 0.0 0.0 0.0 0.0 8.0 0.0 0.0 0.697211155378486
38 43 36 0.0 0.0 21.0 0.0 558.0 0.0 3.0 0.5426356589147286
38 43 37 0.0 0.0 247.0 0.0 5078.0 13.0 235.0 0.19143990154519344
38 43 38 0.0 0.0 327.0 0.0 7369.0 25.0 855.0 0.14468788755684164
38 43 39 0.0 0.0 1071.0 0.0 13014.0 40.0 11788.0 0.08712969878018421
38 43 40 0.0 0.0 771.0 3.0 12201.0 25.0 6446.0 0.09353287012292891
38 43 41 0.0 3.0 584.0 5.0 10679.0 24.0 3002.0 0.10558069381598792
38 43 42 0.0 0.0 499.0 1.0 9668.0 30.0 1887.0 0.11523582187834387
38 43 43 0.0 0.0 284.0 0.0 6014.0 20.0 452.0 0.1690821256038647
38 43 44 0.0 0.0 411.0 0.0 8816.0 22.0 1614.0 0.12476606363069243
38 43 45 0.0 0.0 12.0 0.0 322.0 5.0 1.0 0.6011163589523401
38 43 46 0.0 0.0 0.0 0.0 1.0 0.0 0.0 0.6996501749125437
38 44 35 0.0 0.0 0.0 0.0 3.0 0.0 0.0 0.6989515726410384
38 44 36 0.0 0.0 38.0 0.0 945.0 11.0 1.0 0.47106325706594876
38 44 37 0.0 0.0 141.0 0.0 3152.0 12.0 67.0 0.2650511170011359
38 44 38 0.0 0.0 182.0 0.0 3908.0 18.0 117.0 0.23049061573921628
38 44 39 0.0 0.0 117.0 0.0 3316.0 16.0 95.0 0.2584933530280649
38 44 40 0.0 0.0 504.0 0.0 9657.0 24.0 2015.0 0.11523582187834387
38 44 41 0.0 0.0 151.0 0.0 3076.0 25.0 52.0 0.269179004037685
38 44 42 0.0 0.0 215.0 0.0 5089.0 26.0 263.0 0.1924398625429553
38 44 43 0.0 0.0 56.0 0.0 1287.0 14.0 14.0 0.42067307692307687
38 44 44 0.0 0.0 5.0 0.0 290.0 1.0 0.0 0.6105538595726122
38 44 45 0.0 0.0 0.0 0.0 14.0 0.0 0.0 0.6951340615690167
38 45 36 0.0 0.0 0.0 0.0 1.0 0.0 0.0 0.6996501749125437
38 45 37 0.0 0.0 0.0 0.0 20.0 0.0 0.0 0.6934125804853887
38 45 38 0.0 0.0 22.0 0.0 632.0 10.0 3.0 0.529701097237987
38 45 39 0.0 0.0 42.0 0.0 1061.0 10.0 3.0 0.4526349822179113
38 45 40 0.0 0.0 3.0 0.0 128.0 0.0 0.0 0.6569685593618019
38 45 41 0.0 0.0 35.0 0.0 804.0 6.0 1.0 0.494175785386516
38 45 42 0.0 0.0 0.0 0.0 21.0 0.0 0.0 0.6927263730826323
38 45 43 0.0 0.0 0.0 0.0 24.0 1.0 0.0 0.6920415224913494
38 45 44 0.0 0.0 0.0 0.0 1.0 0.0 0.0 0.6996501749125437
38 46 39 0.0 0.0 0.0 0.0 1.0 0.0 0.0 0.6996501749125437
39 34 38 0.0 0.0 0.0 0.0 1.0 0.0 0.0 0.6996501749125437
39 34 39 0.0 0.0 0.0 0.0 3.0 0.0 0.0 0.6989515726410384
39 34 40 0.0 0.0 0.0 0.0 4.0 0.0 0.0 0.6986027944111775
39 34 41 0.0 0.0 1.0 0.0 16.0 1.0 0.0 0.6944444444444444
39 35 34 0.0 0.0 0.0 0.0 2.0 0.0 0.0 0.6993006993006992
39 35 35 0.0 0.0 0.0 0.0 18.0 0.0 0.0 0.6937561942517343
39 35 36 0.0 0.0 0.0 0.0 39.0 0.0 0.0 0.6866110838646394
39 35 37 0.0 0.0 5.0 0.0 145.0 1.0 0.0 0.6514657980456026
39 35 38 0.0 0.0 5.0 0.0 173.0 0.0 0.0 0.6430868167202571
39 35 39 0.0 0.0 81.0 0.0 2356.0 10.0 31.0 0.31624124689405914
39 35 40 0.0 0.0 9.0 0.0 375.0 3.0 3.0 0.5879882402351952
39 35 41 0.0 0.0 113.0 0.0 2604.0 18.0 54.0 0.29787234042553185
39 35 42 0.0 0.0 6.0 0.0 111.0 2.0 0.0 0.6619385342789597
39 35 43 0.0 0.0 0.0 0.0 3.0 0.0 0.0 0.6989515726410384
39 36 34 0.0 0.0 0.0 0.0 5.0 0.0 0.0 0.6986027944111775
39 36 35 0.0 0.0 21.0 0.0 532.0 6.0 2.0 0.5496662740478994
39 36 36 0.0 0.0 232.0 0.0 5153.0 23.0 308.0 0.19011406844106463
39 36 37 0.0 0.0 158.0 0.0 3761.0 22.0 126.0 0.2372881355932203
39 36 38 0.0 0.0 352.0 0.0 7325.0 19.0 756.0 0.14486754966887413
39 36 39 0.0 0.0 308.0 0.0 6884.0 16.0 673.0 0.15248883563881926
39 36 40 0.0 0.0 638.0 0.0 11175.0 23.0 4352.0 0.10138315591281047
39 36 41 0.0 0.0 326.0 0.0 7162.0 17.0 758.0 0.14775725593667544
39 36 42 0.0 0.0 215.0 0.0 5303.0 19.0 339.0 0.18664178109585386
39 36 43 0.0 0.0 29.0 0.0 809.0 5.0 3.0 0.494175785386516
39 36 44 0.0 0.0 23.0 0.0 481.0 2.0 1.0 0.5597760895641744
39 36 45 0.0 0.0 11.0 0.0 138.0 1.0 0.0 0.6517690875232773
39 37 34 0.0 0.0 0.0 0.0 13.0 0.0 0.0 0.695479384003974
39 37 35 0.0 0.0 157.0 0.0 3629.0 15.0 86.0 0.24250822795773425
39 37 36 0.0 0.0 454.0 0.0 9256.0 28.0 1801.0 0.11976047904191615
39 37 37 0.0 0.0 697.0 0.0 11648.0 25.0 5098.0 0.09764262798158738
39 37 38 0.0 0.0 781.0 0.0 12504.0 27.0 6585.0 0.0916350307631889
39 37 39 0.0 0.0 858.0 0.0 12755.0 32.0 6888.0 0.08973783731812063
39 37 40 0.0 0.0 1381.0 0.0 13420.0 37.0 17253.0 0.0833134967864794
39 37 41 0.0 0.0 1263.0 0.0 13262.0 29.0 14693.0 0.08469961885171516
39 37 42 0.0 0.0 528.0 0.0 10111.0 22.0 2309.0 0.11078578776608371
39 37 43 0.0 0.0 601.0 0.0 10817.0 27.0 3199.0 0.10445422666567185
39 37 44 0.0 0.0 146.0 0.0 3256.0 19.0 79.0 0.26002971768202077
39 37 45 0.0 0.0 1.0 0.0 60.0 0.0 0.0 0.6792819019893255
39 38 33 0.0 0.0 0.0 0.0 1.0 0.0 0.0 0.6996501749125437
39 38 34 0.0 0.0 0.0 0.0 36.0 0.0 0.0 0.6876227897838899
39 38 35 0.0 0.0 285.0 0.0 6270.0 21.0 481.0 0.16393442622950816
39 38 36 0.0 0.0 576.0 0.0 10684.0 17.0 3107.0 0.10561255280627638
39 38 37 0.0 0.0 996.0 0.0 12802.0 27.0 11386.0 0.08861881250791238
39 38 38 0.0 0.0 1389.0 0.0 13515.0 31.0 17563.0 0.08288437629506837
39 38 39 0.0 0.0 1551.0 0.0 13574.0 28.0 19607.0 0.08166598611678236
39 38 40 0.0 0.0 2291.0 1.0 12043.0 45.0 38440.0 0.08562167451532016
39 38 41 0.0 0.0 1335.0 1.0 13788.0 29.0 13374.0 0.08175182481751823
39 38 42 0.0 0.0 1355.0 0.0 13595.0 30.0 16279.0 0.08259587020648966
39 38 43 0.0 0.0 533.0 0.0 10359.0 18.0 2855.0 0.10857763300760041
39 38 44 0.0 0.0 458.0 0.0 9229.0 18.0 1849.0 0.11992461881103306
39 38 45 0.0 0.0 0.0 0.0 128.0 0.0 0.0 0.6582040432534085
39 38 46 0.0 0.0 0.0 0.0 4.0 0.0 0.0 0.6986027944111775
39 39 34 0.0 0.0 0.0 0.0 56.0 0.0 0.0 0.6809338521400777
39 39 35 0.0 0.0 269.0 0.0 6096.0 13.0 458.0 0.16756433273488924
39 39 36 0.0 0.0 786.0 0.0 12345.0 37.0 5966.0 0.09256198347107437
39 39 37 0.0 0.0 1042.0 0.0 13256.0 28.0 10395.0 0.08588430157659038
39 39 38 0.0 0.0 1922.0 1.0 12774.0 41.0 29476.0 0.08382731572959702
39 39 39 2.0 1.0 2659.0 15.0 11150.0 64.0 50661.0 0.08852915138484886
39 39 40 0.0 4.0 2906.0 30.0 11636.0 63.0 50906.0 0.08439836026042921
39 39 41 0.0 5.0 2930.0 34.0 10572.0 72.0 57401.0 0.09010748535753361
39 39 42 1.0 0.0 1509.0 3.0 14065.0 38.0 16854.0 0.07964048011832299
39 39 43 0.0 0.0 733.0 0.0 11827.0 43.0 4800.0 0.09633911368015413
39 39 44 0.0 0.0 306.0 0.0 6655.0 13.0 640.0 0.15640710535135738
39 39 45 0.0 0.0 15.0 0.0 396.0 2.0 0.0 0.58115400581154
39 39 46 0.0 0.0 0.0 0.0 7.0 0.0 0.0 0.6975585450921773
39 40 34 0.0 0.0 16.0 0.0 268.0 5.0 0.0 0.6143045195261079
39 40 35 0.0 0.0 158.0 0.0 3628.0 13.0 101.0 0.2423403150424095
39 40 36 0.0 0.0 677.0 0.0 11540.0 18.0 4205.0 0.0984113594826374
39 40 37 0.0 0.0 1344.0 1.0 13515.0 42.0 15631.0 0.08304169879589536
39 40 38 0.0 1.0 1968.0 12.0 12919.0 59.0 30391.0 0.08289419148558232
39 40 39 0.0 0.0 2870.0 5.0 11189.0 67.0 53203.0 0.08712427655734643
39 40 40 0.0 15.0 3227.0 50.0 8283.0 53.0 80860.0 0.10293360782295417
39 40 41 0.0 13.0 2723.0 112.0 12326.0 62.0 42534.0 0.08143322475570032
39 40 42 0.0 13.0 1289.0 133.0 13650.0 32.0 13782.0 0.08190487333996371
39 40 43 0.0 0.0 1130.0 0.0 13318.0 30.0 12525.0 0.08512708257327009
39 40 44 0.0 0.0 594.0 0.0 10839.0 23.0 3584.0 0.10429082240762812
39 40 45 0.0 0.0 27.0 0.0 732.0 9.0 2.0 0.509090909090909
39 40 46 0.0 0.0 1.0 0.0 8.0 0.0 0.0 0.6968641114982577
39 41 34 0.0 0.0 0.0 0.0 20.0 0.0 0.0 0.6930693069306929
39 41 35 0.0 0.0 140.0 0.0 3081.0 20.0 53.0 0.2690755333461464
39 41 36 0.0 0.0 410.0 0.0 8852.0 30.0 1661.0 0.12454407970821099
39 41 37 0.0 0.0 809.0 0.0 12412.0 23.0 7342.0 0.09192383453709783
39 41 38 0.0 0.0 944.0 2.0 13083.0 32.0 8023.0 0.08742350443362058
39 41 39 1.0 2.0 2270.0 16.0 12433.0 44.0 37075.0 0.08369701679918692
39 41 40 1.0 11.0 2893.0 62.0 10552.0 59.0 58624.0 0.09015971148892322
39 41 41 0.0 8.0 2427.0 74.0 12179.0 59.0 39389.0 0.08388256440982624
39 41 42 0.0 15.0 1636.0 97.0 13132.0 52.0 23289.0 0.08296296296296296
39 41 43 0.0 0.0 1317.0 3.0 13289.0 41.0 16980.0 0.08431195423065341
39 41 44 0.0 0.0 303.0 0.0 6906.0 11.0 722.0 0.15204170286707208
39 41 45 0.0 0.0 22.0 0.0 695.0 4.0 0.0 0.5162241887905604
39 41 46 0.0 0.0 0.0 0.0 15.0 0.0 0.0 0.694789081885856
39 42 34 0.0 0.0 0.0 0.0 3.0 0.0 0.0 0.6989515726410384
39 42 35 0.0 0.0 116.0 0.0 2159.0 26.0 23.0 0.329489291598023
39 42 36 0.0 0.0 225.0 0.0 5155.0 26.0 265.0 0.19029495718363462
39 42 37 0.0 0.0 1012.0 0.0 12915.0 33.0 10883.0 0.0878679470281805
39 42 38 0.0 0.0 799.0 0.0 12278.0 29.0 6229.0 0.09294297284737435
39 42 39 0.0 14.0 1121.0 158.0 13620.0 40.0 9860.0 0.08286475288546906
39 42 40 0.0 3.0 1738.0 67.0 13632.0 45.0 22852.0 0.08031667718432677
39 42 41 0.0 16.0 1812.0 146.0 12672.0 34.0 27904.0 0.084008400840084
39 42 42 0.0 3.0 849.0 50.0 12537.0 32.0 6806.0 0.09072645972393234
39 42 43 0.0 0.0 950.0 0.0 12875.0 33.0 9909.0 0.08852355358836546
39 42 44 0.0 0.0 480.0 0.0 9783.0 17.0 2302.0 0.11419249592169657
39 42 45 0.0 0.0 7.0 0.0 251.0 1.0 0.0 0.6205673758865247
39 43 35 0.0 0.0 0.0 0.0 32.0 0.0 0.0 0.6889763779527558
39 43 36 0.0 0.0 53.0 0.0 1350.0 11.0 6.0 0.41273584905660365
39 43 37 0.0 0.0 726.0 0.0 11814.0 21.0 4990.0 0.09627948559246269
39 43 38 0.0 0.0 616.0 0.0 10916.0 20.0 3299.0 0.10342789598108747
39 43 39 0.0 0.0 949.0 4.0 12898.0 33.0 8380.0 0.0883615248674577
39 43 40 0.0 0.0 589.0 2.0 10651.0 25.0 3349.0 0.10583610523132748
39 43 41 0.0 0.0 809.0 0.0 12125.0 29.0 6536.0 0.0938274914549963
39 43 42 0.0 0.0 555.0 2.0 10353.0 19.0 2664.0 0.1084850833010461
39 43 43 0.0 0.0 452.0 0.0 8459.0 27.0 1289.0 0.12848751835535974
39 43 44 0.0 0.0 135.0 0.0 3117.0 18.0 59.0 0.2674818494459304
39 43 45 0.0 0.0 18.0 0.0 441.0 6.0 1.0 0.5709624796084828
39 44 34 0.0 0.0 0.0 0.0 1.0 0.0 0.0 0.6996501749125437
39 44 35 0.0 0.0 36.0 0.0 643.0 9.0 0.0 0.5243445692883895
39 44 36 0.0 0.0 19.0 0.0 490.0 5.0 0.0 0.559552358113509
39 44 37 0.0 0.0 160.0 0.0 3615.0 19.0 106.0 0.24326672458731535
39 44 38 0.0 0.0 224.0 0.0 5665.0 12.0 415.0 0.1777100787001777
39 44 39 0.0 0.0 271.0 0.0 6307.0 15.0 502.0 0.16343684333411157
39 44 40 0.0 0.0 340.0 0.0 6707.0 26.0 539.0 0.15509028470145117
39 44 41 0.0 0.0 253.0 0.0 5822.0 25.0 408.0 0.1738698460009935
39 44 42 0.0 0.0 226.0 0.0 5379.0 19.0 339.0 0.18445322793148874
39 44 43 0.0 0.0 191.0 0.0 3989.0 29.0 122.0 0.2274573517465475
39 44 44 0.0 0.0 6.0 0.0 290.0 1.0 0.0 0.6100217864923746
39 44 45 0.0 0.0 0.0 0.0 26.0 0.0 0.0 0.6910167818361302
39 45 35 0.0 0.0 0.0 0.0 1.0 0.0 0.0 0.6996501749125437
39 45 36 0.0 0.0 0.0 0.0 5.0 0.0 0.0 0.6982543640897755
39 45 37 0.0 0.0 0.0 0.0 28.0 0.0 0.0 0.690335305719921
39 45 38 0.0 0.0 9.0 0.0 150.0 3.0 0.0 0.6493506493506492
39 45 39 0.0 0.0 8.0 0.0 164.0 1.0 0.0 0.64486411791801
39 45 40 0.0 0.0 12.0 0.0 316.0 0.0 0.0 0.6013745704467354
39 45 41 0.0 0.0 27.0 0.0 793.0 6.0 0.0 0.4976892996800568
39 45 42 0.0 0.0 4.0 0.0 70.0 0.0 0.0 0.6750241080038573
39 45 43 0.0 0.0 0.0 0.0 9.0 0.0 0.0 0.6968641114982577
39 45 44 0.0 0.0 0.0 0.0 5.0 0.0 0.0 0.6982543640897755
39 45 45 0.0 0.0 0.0 0.0 1.0 0.0 0.0 0.6996501749125437
39 46 37 0.0 0.0 0.0 0.0 1.0 0.0 0.0 0.6996501749125437
39 46 40 0.0 0.0 0.0 0.0 1.0 0.0 0.0 0.6996501749125437
40 34 38 0.0 0.0 0.0 0.0 1.0 0.0 0.0 0.6996501749125437
40 34 39 0.0 0.0 6.0 0.0 79.0 2.0 0.0 0.6721075372059528
40 34 40 0.0 0.0 2.0 0.0 33.0 1.0 0.0 0.6882989183874139
40 34 41 0.0 0.0 0.0 0.0 11.0 0.0 0.0 0.6961710591745399
40 34 42 0.0 0.0 0.0 0.0 2.0 0.0 0.0 0.6993006993006992
40 35 35 0.0 0.0 1.0 0.0 36.0 0.0 0.0 0.6872852233676975
40 35 36 0.0 0.0 7.0 0.0 132.0 6.0 0.0 0.6563525550867322
40 35 37 0.0 0.0 10.0 0.0 294.0 2.0 1.0 0.6081668114682883
40 35 38 0.0 0.0 60.0 0.0 1213.0 14.0 6.0 0.42957962565204044
40 35 39 0.0 0.0 58.0 0.0 1506.0 8.0 14.0 0.3937007874015747
40 35 40 0.0 0.0 139.0 0.0 2971.0 13.0 61.0 0.2746713753188149
40 35 41 0.0 0.0 2.0 0.0 143.0 0.0 1.0 0.6529850746268656
40 35 42 0.0 0.0 9.0 0.0 139.0 1.0 0.0 0.6520726595249184
40 35 43 0.0 0.0 0.0 0.0 7.0 0.0 0.0 0.6975585450921773
40 35 44 0.0 0.0 4.0 0.0 86.0 2.0 0.0 0.6704980842911876
40 36 34 0.0 0.0 0.0 0.0 6.0 0.0 0.0 0.6979062811565303
40 36 35 0.0 0.0 32.0 0.0 915.0 8.0 1.0 0.47635250085062936
40 36 36 0.0 0.0 403.0 0.0 8032.0 28.0 1056.0 0.1344602381867076
40 36 37 0.0 0.0 302.0 0.0 6490.0 19.0 541.0 0.15952597994530537
40 36 38 0.0 0.0 271.0 0.0 6218.0 19.0 529.0 0.1651917404129793
40 36 39 0.0 0.0 607.0 0.0 11033.0 28.0 3613.0 0.10272967420017609
40 36 40 0.0 0.0 254.0 0.0 5904.0 16.0 458.0 0.17194792434291326
40 36 41 0.0 0.0 479.0 0.0 8585.0 38.0 1257.0 0.12686905301313997
40 36 42 0.0 0.0 51.0 0.0 1553.0 6.0 14.0 0.38932146829810893
40 36 43 0.0 0.0 68.0 0.0 1894.0 9.0 25.0 0.35425101214574894
40 36 44 0.0 0.0 23.0 0.0 617.0 5.0 3.0 0.5313092979127134
40 36 45 0.0 0.0 0.0 0.0 4.0 0.0 0.0 0.6986027944111775
40 37 34 0.0 0.0 10.0 0.0 149.0 2.0 0.0 0.6490496059341677
40 37 35 0.0 0.0 50.0 0.0 1414.0 10.0 13.0 0.40532715691951354
40 37 36 0.0 0.0 683.0 0.0 11482.0 34.0 4161.0 0.09893293760158292
40 37 37 0.0 0.0 430.0 0.0 8964.0 26.0 1676.0 0.12310939148786491
40 37 38 0.0 0.0 920.0 0.0 13059.0 35.0 7952.0 0.08769182586908862
40 37 39 0.0 0.0 1140.0 0.0 13480.0 43.0 12233.0 0.08433226914041321
40 37 40 0.0 0.0 1042.0 0.0 13343.0 27.0 9192.0 0.08546486783468651
40 37 41 0.0 0.0 713.0 0.0 11565.0 23.0 3852.0 0.09816295049782639
40 37 42 0.0 0.0 643.0 1.0 10980.0 29.0 2990.0 0.10285798251414296
40 37 43 0.0 0.0 436.0 0.0 9051.0 16.0 1720.0 0.12201499041310788
40 37 44 0.0 0.0 26.0 0.0 741.0 6.0 6.0 0.5070626584570807
40 37 45 0.0 0.0 32.0 0.0 991.0 4.0 1.0 0.4637297118251076
40 38 34 0.0 0.0 13.0 0.0 255.0 4.0 0.0 0.6183745583038868
40 38 35 0.0 0.0 141.0 0.0 3561.0 13.0 127.0 0.24595924104005618
40 38 36 0.0 0.0 644.0 0.0 11230.0 25.0 3110.0 0.10097367472051928
40 38 37 0.0 0.0 1462.0 0.0 12843.0 34.0 21217.0 0.0858948401742438
40 38 38 0.0 0.0 1977.0 0.0 11729.0 45.0 37308.0 0.08904719501335706
40 38 39 0.0 1.0 1909.0 6.0 13323.0 44.0 28052.0 0.08122063004003016
40 38 40 0.0 0.0 2089.0 0.0 13564.0 51.0 28518.0 0.07933809361895046
40 38 41 0.0 0.0 2033.0 2.0 12886.0 40.0 31010.0 0.08262024195928001
40 38 42 0.0 0.0 1554.0 0.0 13711.0 38.0 19146.0 0.08104665971981011
40 38 43 0.0 0.0 729.0 1.0 11822.0 36.0 4288.0 0.09631922944616442
40 38 44 0.0 0.0 343.0 0.0 6855.0 30.0 609.0 0.1525885558583106
40 38 45 0.0 0.0 45.0 0.0 1079.0 7.0 6.0 0.44914982354828353
40 38 46 0.0 0.0 0.0 0.0 9.0 0.0 0.0 0.6968641114982577
40 39 34 0.0 0.0 1.0 0.0 65.0 0.0 0.0 0.6776379477250725
40 39 35 0.0 0.0 436.0 0.0 8495.0 31.0 1088.0 0.12836970474967907
40 39 36 0.0 0.0 739.0 0.0 11793.0 29.0 4414.0 0.09642537364832288
40 39 37 0.0 0.0 1404.0 0.0 13446.0 45.0 17672.0 0.0831353919239905
40 39 38 0.0 0.0 2199.0 0.0 12623.0 50.0 35326.0 0.08320950965824664
40 39 39 0.0 6.0 2868.0 26.0 10837.0 64.0 54980.0 0.08886631966484702
40 39 40 0.0 3.0 2963.0 25.0 11737.0 54.0 49835.0 0.08361703398435165
40 39 41 0.0 6.0 2891.0 44.0 11817.0 64.0 47780.0 0.08351727017836902
40 39 42 0.0 2.0 2246.0 8.0 12357.0 58.0 37029.0 0.08425613866153105
40 39 43 0.0 0.0 1107.0 0.0 13528.0 37.0 9440.0 0.0841902700102231
40 39 44 0.0 0.0 494.0 0.0 9648.0 20.0 1893.0 0.11543535620052768
40 39 45 0.0 0.0 216.0 0.0 4875.0 17.0 233.0 0.19787985865724378
40 39 46 0.0 0.0 1.0 0.0 11.0 0.0 0.0 0.6958250497017892
40 40 34 0.0 0.0 4.0 0.0 162.0 0.0 0.0 0.6466512702078521
40 40 35 0.0 0.0 307.0 0.0 6804.0 11.0 681.0 0.15381234893430012
40 40 36 0.0 0.0 885.0 0.0 12583.0 33.0 7974.0 0.09056799068443523
40 40 37 0.0 0.0 1286.0 0.0 13197.0 43.0 16638.0 0.08498239650358139
40 40 38 0.0 0.0 2319.0 0.0 11734.0 52.0 41261.0 0.08720568082720817
40 40 39 0.0 18.0 3135.0 120.0 10609.0 58.0 59939.0 0.08805031446540879
40 40 40 6.0 85.0 2751.0 289.0 5826.0 59.0 104826.0 0.1275858926455846
40 40 41 0.0 9.0 3264.0 49.0 8995.0 50.0 75006.0 0.097676690155585
40 40 42 0.0 19.0 2144.0 140.0 12729.0 56.0 33359.0 0.08228034087569791
40 40 43 0.0 0.0 1151.0 1.0 13364.0 30.0 13165.0 0.08479195687723336
40 40 44 0.0 0.0 270.0 0.0 6408.0 25.0 541.0 0.16160683366039474
40 40 45 0.0 0.0 149.0 0.0 3304.0 11.0 75.0 0.25735294117647056
40 40 46 0.0 0.0 2.0 0.0 54.0 1.0 0.0 0.6812652068126519
40 41 34 0.0 0.0 0.0 0.0 40.0 0.0 0.0 0.6862745098039215
40 41 35 0.0 0.0 273.0 0.0 5411.0 18.0 306.0 0.18257694314032336
40 41 36 0.0 0.0 515.0 0.0 9771.0 19.0 2220.0 0.11408083441981745
40 41 37 0.0 0.0 1037.0 0.0 12926.0 28.0 11340.0 0.0877302920165434
40 41 38 0.0 0.0 1741.0 2.0 13664.0 51.0 22955.0 0.08039508441483863
40 41 39 0.0 4.0 2578.0 26.0 12584.0 58.0 39708.0 0.0813953488372093
40 41 40 0.0 41.0 2924.0 214.0 11373.0 68.0 50559.0 0.08461259518916958
40 41 41 0.0 663.0 2262.0 4742.0 8711.0 62.0 45874.0 0.07620706548364269
40 41 42 0.0 9.0 2049.0 92.0 12299.0 43.0 34205.0 0.08504951096531194
40 41 43 0.0 0.0 691.0 2.0 11612.0 28.0 3813.0 0.09795004547680682
40 41 44 0.0 0.0 542.0 0.0 10479.0 20.0 3141.0 0.10757645612417395
40 41 45 0.0 0.0 50.0 0.0 1373.0 8.0 8.0 0.40995607613469975
40 41 46 0.0 0.0 0.0 0.0 2.0 0.0 0.0 0.6993006993006992
40 42 34 0.0 0.0 9.0 0.0 156.0 3.0 0.0 0.6475485661424606
40 42 35 0.0 0.0 40.0 0.0 1148.0 9.0 10.0 0.44039005976722234
40 42 36 0.0 0.0 205.0 0.0 5174.0 14.0 301.0 0.19008825526137135
40 42 37 0.0 0.0 537.0 0.0 9829.0 24.0 1904.0 0.11337868480725623
40 42 38 0.0 0.0 1579.0 0.0 13166.0 41.0 21882.0 0.08359207069500835
40 42 39 0.0 3.0 1550.0 28.0 13854.0 45.0 18810.0 0.08035816783377338
40 42 40 0.0 7.0 2362.0 39.0 12216.0 51.0 39173.0 0.08426120975022569
40 42 41 0.0 15.0 1513.0 189.0 13522.0 33.0 18917.0 0.08118765947575968
40 42 42 0.0 7.0 971.0 156.0 13102.0 29.0 7267.0 0.08626532750015403
40 42 43 0.0 0.0 1119.0 0.0 13122.0 33.0 13452.0 0.08617505847593253
40 42 44 0.0 0.0 476.0 0.0 9473.0 25.0 2063.0 0.11733154542406972
40 42 45 0.0 0.0 15.0 0.0 455.0 7.0 0.0 0.5684125050751115
40 42 46 0.0 0.0 0.0 0.0 1.0 0.0 0.0 0.6996501749125437
40 43 34 0.0 0.0 0.0 0.0 1.0 0.0 0.0 0.6996501749125437
40 43 35 0.0 0.0 2.0 0.0 90.0 1.0 0.0 0.669536107125777
40 43 36 0.0 0.0 351.0 0.0 7540.0 17.0 949.0 0.14167172637117992
40 43 37 0.0 0.0 377.0 0.0 7369.0 23.0 757.0 0.1438848920863309
40 43 38 0.0 0.0 978.0 0.0 12922.0 35.0 8268.0 0.08801710046523324
40 43 39 0.0 0.0 866.0 0.0 12604.0 31.0 6406.0 0.09054456085887982
40 43 40 0.0 0.0 731.0 9.0 11678.0 27.0 4173.0 0.0971614962870428
40 43 41 0.0 0.0 1111.0 0.0 13155.0 33.0 13063.0 0.08596868283696653
40 43 42 0.0 0.0 730.0 2.0 11869.0 29.0 4803.0 0.09597586892438471
40 43 43 0.0 0.0 389.0 0.0 7892.0 29.0 1026.0 0.13653208503998437
40 43 44 0.0 0.0 428.0 0.0 8626.0 20.0 1384.0 0.12680010868580743
40 43 45 0.0 0.0 5.0 0.0 257.0 1.0 0.0 0.6191950464396283
40 44 34 0.0 0.0 0.0 0.0 1.0 0.0 0.0 0.6996501749125437
40 44 35 0.0 0.0 0.0 0.0 34.0 0.0 0.0 0.6882989183874139
40 44 36 0.0 0.0 52.0 0.0 1423.0 9.0 11.0 0.40380732621863275
40 44 37 0.0 0.0 13.0 0.0 625.0 4.0 2.0 0.5317128750474742
40 44 38 0.0 0.0 243.0 0.0 4858.0 20.0 191.0 0.1976005645730416
40 44 39 0.0 0.0 245.0 0.0 5138.0 20.0 236.0 0.19011406844106463
40 44 40 0.0 0.0 304.0 0.0 6819.0 21.0 698.0 0.15362668715022493
40 44 41 0.0 0.0 397.0 1.0 8463.0 26.0 1314.0 0.12912746725696364
40 44 42 0.0 0.0 140.0 0.0 3249.0 13.0 71.0 0.26036823507532075
40 44 43 0.0 0.0 118.0 0.0 2472.0 17.0 34.0 0.3059440559440559
40 44 44 0.0 0.0 79.0 0.0 1727.0 19.0 18.0 0.36968576709796663
40 44 45 0.0 0.0 16.0 0.0 563.0 4.0 0.0 0.5436893203883495
40 45 35 0.0 0.0 0.0 0.0 1.0 0.0 0.0 0.6996501749125437
40 45 36 0.0 0.0 0.0 0.0 7.0 0.0 0.0 0.6975585450921773
40 45 37 0.0 0.0 0.0 0.0 10.0 0.0 0.0 0.6965174129353233
40 45 38 0.0 0.0 12.0 0.0 343.0 3.0 0.0 0.5952380952380951
40 45 39 0.0 0.0 2.0 0.0 72.0 0.0 0.0 0.6753497346840327
40 45 40 0.0 0.0 2.0 0.0 117.0 3.0 0.0 0.6619385342789597
40 45 41 0.0 0.0 36.0 0.0 1205.0 11.0 9.0 0.4334365325077399
40 45 42 0.0 0.0 29.0 0.0 729.0 6.0 0.0 0.508720930232558
40 45 43 0.0 0.0 2.0 0.0 33.0 1.0 0.0 0.6882989183874139
40 45 44 0.0 0.0 1.0 0.0 30.0 1.0 0.0 0.689655172413793
40 45 45 0.0 0.0 0.0 0.0 1.0 0.0 0.0 0.6996501749125437
40 45 46 0.0 0.0 1.0 0.0 22.0 0.0 0.0 0.6920415224913494
40 46 38 0.0 0.0 2.0 0.0 51.0 1.0 0.0 0.6822612085769979
40 46 40 0.0 0.0 0.0 0.0 3.0 0.0 0.0 0.6989515726410384
40 46 41 0.0 0.0 0.0 0.0 1.0 0.0 0.0 0.6996501749125437
41 34 37 0.0 0.0 0.0 0.0 5.0 0.0 0.0 0.6982543640897755
41 34 39 0.0 0.0 0.0 0.0 12.0 0.0 0.0 0.6958250497017892
41 34 40 0.0 0.0 0.0 0.0 11.0 0.0 0.0 0.6961710591745399
41 34 41 0.0 0.0 5.0 0.0 89.0 3.0 0.0 0.669536107125777
41 35 35 0.0 0.0 1.0 0.0 27.0 1.0 0.0 0.6906758756783422
41 35 36 0.0 0.0 11.0 0.0 197.0 1.0 0.0 0.6343452650657
41 35 37 0.0 0.0 23.0 0.0 635.0 4.0 3.0 0.5275056518462696
41 35 38 0.0 0.0 56.0 0.0 1358.0 15.0 13.0 0.41188584877905265
41 35 39 0.0 0.0 12.0 0.0 488.0 6.0 1.0 0.5613472333600641
41 35 40 0.0 0.0 296.0 0.0 6048.0 24.0 417.0 0.1682085786375105
41 35 41 0.0 0.0 10.0 0.0 219.0 5.0 0.0 0.6294964028776977
41 35 42 0.0 0.0 19.0 0.0 390.0 11.0 1.0 0.5838198498748957
41 35 43 0.0 0.0 0.0 0.0 13.0 0.0 0.0 0.695479384003974
41 35 44 0.0 0.0 0.0 0.0 15.0 0.0 0.0 0.694789081885856
41 36 34 0.0 0.0 0.0 0.0 2.0 0.0 0.0 0.6993006993006992
41 36 35 0.0 0.0 6.0 0.0 238.0 1.0 0.0 0.6241640659830583
41 36 36 0.0 0.0 161.0 0.0 4150.0 16.0 189.0 0.2223634053367217
41 36 37 0.0 0.0 421.0 0.0 8695.0 27.0 1503.0 0.12617159336697906
41 36 38 0.0 0.0 232.0 0.0 5512.0 17.0 355.0 0.18099547511312214
41 36 39 0.0 0.0 493.0 0.0 9369.0 28.0 1745.0 0.118173377226302
41 36 40 0.0 0.0 479.0 0.0 8834.0 24.0 1425.0 0.1239596245794227
41 36 41 0.0 0.0 238.0 0.0 5017.0 15.0 243.0 0.19331676332504832
41 36 42 0.0 0.0 118.0 0.0 2728.0 17.0 50.0 0.28985507246376807
41 36 43 0.0 0.0 219.0 0.0 5398.0 18.0 346.0 0.18421052631578946
41 36 44 0.0 0.0 0.0 0.0 56.0 0.0 0.0 0.6809338521400777
41 36 45 0.0 0.0 0.0 0.0 9.0 0.0 0.0 0.6968641114982577
41 37 33 0.0 0.0 0.0 0.0 2.0 0.0 0.0 0.6993006993006992
41 37 34 0.0 0.0 0.0 0.0 3.0 0.0 0.0 0.6989515726410384
41 37 35 0.0 0.0 44.0 0.0 1307.0 7.0 9.0 0.4187855219862398
41 37 36 0.0 0.0 530.0 0.0 10425.0 24.0 3244.0 0.10819165378670786
41 37 37 0.0 0.0 1186.0 0.0 13205.0 34.0 15060.0 0.08543357539513027
41 37 38 0.0 0.0 1017.0 0.0 13302.0 31.0 8904.0 0.08584743684081432
41 37 39 0.0 0.0 1430.0 0.0 13208.0 41.0 19454.0 0.08419533317296125
41 37 40 0.0 0.0 634.0 0.0 11295.0 24.0 3818.0 0.10053859964093356
41 37 41 0.0 0.0 941.0 1.0 13019.0 36.0 8165.0 0.08780181875195985
41 37 42 0.0 0.0 689.0 1.0 11787.0 35.0 5385.0 0.09681211534472027
41 37 43 0.0 0.0 403.0 0.0 8332.0 25.0 1198.0 0.130718954248366
41 37 44 0.0 0.0 145.0 0.0 3440.0 17.0 83.0 0.2514367816091954
41 37 45 0.0 0.0 1.0 0.0 42.0 0.0 0.0 0.6852667645619186
41 37 46 0.0 0.0 0.0 0.0 4.0 0.0 0.0 0.6986027944111775
41 38 34 0.0 0.0 29.0 0.0 828.0 6.0 2.0 0.4912280701754385
41 38 35 0.0 0.0 163.0 0.0 3357.0 20.0 70.0 0.25445292620865134
41 38 36 0.0 0.0 497.0 0.0 9559.0 26.0 1993.0 0.116337045039056
41 38 37 0.0 0.0 720.0 0.0 12079.0 19.0 5708.0 0.09458820349976352
41 38 38 0.0 0.0 1745.0 0.0 12623.0 58.0 28391.0 0.08555888284544398
41 38 39 0.0 0.0 1466.0 1.0 13555.0 37.0 19000.0 0.08222718195700691
41 38 40 0.0 0.0 1473.0 1.0 13739.0 44.0 18524.0 0.08136223629918055
41 38 41 0.0 17.0 1536.0 215.0 13714.0 45.0 18509.0 0.08009153318077802
41 38 42 0.0 1.0 1483.0 4.0 13374.0 44.0 18882.0 0.0830614061109463
41 38 43 0.0 0.0 890.0 0.0 12730.0 32.0 7244.0 0.08962294347352921
41 38 44 0.0 0.0 245.0 0.0 5420.0 23.0 361.0 0.18310227569971227
41 38 45 0.0 0.0 12.0 0.0 411.0 3.0 1.0 0.5785123966942147
41 38 46 0.0 0.0 0.0 0.0 12.0 0.0 0.0 0.6958250497017892
41 39 34 0.0 0.0 1.0 0.0 46.0 1.0 0.0 0.6845965770171147
41 39 35 0.0 0.0 193.0 0.0 4590.0 20.0 218.0 0.2069475240206947
41 39 36 0.0 0.0 515.0 0.0 9848.0 29.0 2216.0 0.11341542449773169
41 39 37 0.0 0.0 1207.0 0.0 13722.0 37.0 11244.0 0.08278635207852876
41 39 38 0.0 1.0 1998.0 2.0 12968.0 54.0 31048.0 0.08255690529543577
41 39 39 0.0 0.0 2828.0 7.0 9578.0 69.0 64135.0 0.09718847622353348
41 39 40 0.0 3.0 2758.0 26.0 11552.0 67.0 48944.0 0.08574228319451248
41 39 41 0.0 0.0 2966.0 7.0 10004.0 62.0 63753.0 0.09340805978115825
41 39 42 0.0 0.0 2196.0 1.0 12328.0 55.0 35775.0 0.08469961885171516
41 39 43 0.0 0.0 1180.0 0.0 13406.0 48.0 13274.0 0.08450534194483007
41 39 44 0.0 0.0 558.0 0.0 10354.0 32.0 2756.0 0.10861132660977502
41 39 45 0.0 0.0 111.0 0.0 2565.0 17.0 32.0 0.300493668169135
41 39 46 0.0 0.0 0.0 0.0 16.0 0.0 0.0 0.6944444444444444
41 40 33 0.0 0.0 1.0 0.0 3.0 0.0 0.0 0.6986027944111775
41 40 34 0.0 0.0 27.0 0.0 651.0 6.0 4.0 0.5239520958083832
41 40 35 0.0 0.0 280.0 0.0 6591.0 20.0 622.0 0.15806706559783218
41 40 36 0.0 0.0 822.0 0.0 12448.0 21.0 6631.0 0.0917130691123485
41 40 37 0.0 0.0 1422.0 0.0 13461.0 44.0 17767.0 0.0829138288421676
41 40 38 0.0 0.0 2066.0 0.0 12979.0 54.0 31304.0 0.08211625315267757
41 40 39 0.0 0.0 2948.0 7.0 11035.0 61.0 54419.0 0.08754377188594296
41 40 40 0.0 7.0 2799.0 46.0 12331.0 65.0 44414.0 0.08151382823871905
41 40 41 0.0 11.0 3027.0 53.0 9212.0 61.0 70607.0 0.0978131768322504
41 40 42 0.0 4.0 2284.0 42.0 12434.0 60.0 37334.0 0.08353221957040573
41 40 43 0.0 0.0 887.0 2.0 12635.0 28.0 6655.0 0.09025852620720778
41 40 44 0.0 0.0 588.0 0.0 10461.0 24.0 2839.0 0.10731258623332822
41 40 45 0.0 0.0 31.0 0.0 849.0 11.0 1.0 0.48797490414778655
41 40 46 0.0 0.0 0.0 0.0 3.0 0.0 0.0 0.6989515726410384
41 41 34 0.0 0.0 5.0 0.0 159.0 2.0 0.0 0.6475485661424606
41 41 35 0.0 0.0 259.0 0.0 6452.0 24.0 557.0 0.16106764841233318
41 41 36 0.0 0.0 1036.0 0.0 13195.0 33.0 10308.0 0.08627595982005298
41 41 37 0.0 0.0 1573.0 0.0 12993.0 37.0 23615.0 0.08447474808423339
41 41 38 0.0 0.0 2021.0 0.0 12510.0 56.0 32586.0 0.08470474346563406
41 41 39 0.0 14.0 3008.0 38.0 10374.0 70.0 60892.0 0.09080295758204694
41 41 40 0.0 14.0 2960.0 76.0 10280.0 55.0 60421.0 0.09130037824442414
41 41 41 0.0 23.0 2556.0 152.0 11606.0 59.0 45304.0 0.08565834557023982
41 41 42 0.0 3.0 1429.0 60.0 13824.0 38.0 16399.0 0.08085475021657522
41 41 43 0.0 0.0 1009.0 1.0 13220.0 24.0 9075.0 0.08623875816188246
41 41 44 0.0 0.0 363.0 0.0 8033.0 27.0 1087.0 0.1348877541188939
41 41 45 0.0 0.0 46.0 0.0 1320.0 11.0 8.0 0.417412045319022
41 41 46 0.0 0.0 3.0 0.0 31.0 3.0 0.0 0.6893156080748399
41 42 34 0.0 0.0 0.0 0.0 16.0 0.0 0.0 0.6944444444444444
41 42 35 0.0 0.0 252.0 0.0 5645.0 18.0 365.0 0.1776875237974362
41 42 36 0.0 0.0 343.0 0.0 7256.0 21.0 830.0 0.14610728449175536
41 42 37 0.0 0.0 752.0 0.0 11963.0 29.0 4853.0 0.09523809523809523
41 42 38 0.0 0.0 926.0 1.0 12708.0 36.0 6077.0 0.08961720650364868
41 42 39 0.0 0.0 1501.0 1.0 13764.0 48.0 17706.0 0.08112649939155124
41 42 40 0.0 8.0 1859.0 84.0 13208.0 55.0 26024.0 0.08156131663268278
41 42 41 0.0 10.0 1386.0 97.0 13720.0 49.0 15639.0 0.0814048145133155
41 42 42 0.0 5.0 1407.0 56.0 13297.0 37.0 18689.0 0.08351228823669767
41 42 43 0.0 0.0 1116.0 2.0 13214.0 38.0 11230.0 0.08574753475837568
41 42 44 0.0 0.0 171.0 0.0 3802.0 20.0 122.0 0.2350965575146935
41 42 45 0.0 0.0 55.0 0.0 1294.0 10.0 8.0 0.4194128220491312
41 42 46 0.0 0.0 0.0 0.0 3.0 0.0 0.0 0.6989515726410384
41 43 34 0.0 0.0 0.0 0.0 9.0 0.0 0.0 0.6968641114982577
41 43 35 0.0 0.0 73.0 0.0 1901.0 12.0 22.0 0.35326772646984606
41 43 36 0.0 0.0 159.0 0.0 3227.0 20.0 69.0 0.26085336314514623
41 43 37 0.0 0.0 551.0 0.0 9973.0 29.0 2290.0 0.11190152665654222
41 43 38 0.0 0.0 528.0 0.0 9669.0 22.0 1783.0 0.11488593467913999
41 43 39 0.0 0.0 699.0 0.0 11563.0 19.0 4696.0 0.09814230634419907
41 43 40 0.0 0.0 774.0 0.0 12131.0 17.0 5904.0 0.0938841201716738
41 43 41 0.0 0.0 756.0 0.0 12166.0 23.0 5093.0 0.09387782471669012
41 43 42 0.0 0.0 697.0 0.0 11698.0 25.0 4672.0 0.09728978457261986
41 43 43 0.0 0.0 635.0 1.0 10936.0 22.0 3324.0 0.10313075506445672
41 43 44 0.0 0.0 355.0 0.0 7593.0 25.0 873.0 0.14102951546287898
41 43 45 0.0 0.0 2.0 0.0 96.0 1.0 0.0 0.6679389312977099
41 44 35 0.0 0.0 0.0 0.0 24.0 0.0 0.0 0.6920415224913494
41 44 36 0.0 0.0 16.0 0.0 301.0 6.0 0.0 0.6057983556901773
41 44 37 0.0 0.0 65.0 0.0 1676.0 10.0 15.0 0.37523452157598497
41 44 38 0.0 0.0 46.0 0.0 1424.0 11.0 13.0 0.4047412546978895
41 44 39 0.0 0.0 181.0 0.0 4215.0 17.0 170.0 0.21940134775113612
41 44 40 0.0 0.0 323.0 0.0 6909.0 23.0 664.0 0.1519097222222222
41 44 41 0.0 0.0 112.0 0.0 2978.0 15.0 73.0 0.27575339767579277
41 44 42 0.0 0.0 80.0 0.0 2159.0 11.0 33.0 0.33096926713947983
41 44 43 0.0 0.0 138.0 0.0 3927.0 17.0 147.0 0.23148148148148145
41 44 44 0.0 0.0 2.0 0.0 125.0 1.0 0.0 0.6591337099811675
41 44 45 0.0 0.0 28.0 0.0 717.0 9.0 1.0 0.5116959064327484
41 45 36 0.0 0.0 0.0 0.0 1.0 0.0 0.0 0.6996501749125437
41 45 37 0.0 0.0 0.0 0.0 1.0 0.0 0.0 0.0
41 45 38 0.0 0.0 3.0 0.0 99.0 0.0 0.0 0.6660323501427211
41 45 39 0.0 0.0 143.0 0.0 3181.0 20.0 89.0 0.2638522427440633
41 45 40 0.0 0.0 11.0 0.0 265.0 2.0 0.0 0.6159260888693356
41 45 41 0.0 0.0 3.0 0.0 101.0 1.0 0.0 0.6657156443176413
41 45 42 0.0 0.0 0.0 0.0 31.0 0.0 0.0 0.689655172413793
41 45 43 0.0 0.0 0.0 0.0 16.0 0.0 0.0 0.6944444444444444
41 45 44 0.0 0.0 0.0 0.0 14.0 0.0 0.0 0.6951340615690167
41 46 39 0.0 0.0 0.0 0.0 2.0 0.0 0.0 0.6993006993006992
41 46 40 0.0 0.0 0.0 0.0 1.0 0.0 0.0 0.6996501749125437
42 34 37 0.0 0.0 0.0 0.0 4.0 0.0 0.0 0.6986027944111775
42 34 38 0.0 0.0 0.0 0.0 2.0 0.0 0.0 0.6993006993006992
42 34 39 0.0 0.0 38.0 0.0 970.0 6.0 2.0 0.4663557628247834
42 34 40 0.0 0.0 0.0 0.0 9.0 0.0 0.0 0.6968641114982577
42 34 41 0.0 0.0 0.0 0.0 4.0 0.0 0.0 0.6986027944111775
42 35 35 0.0 0.0 0.0 0.0 11.0 0.0 0.0 0.6961710591745399
42 35 36 0.0 0.0 4.0 0.0 105.0 1.0 0.0 0.6641366223908918
42 35 37 0.0 0.0 99.0 0.0 2631.0 13.0 59.0 0.29673590504451036
42 35 38 0.0 0.0 67.0 0.0 1603.0 15.0 25.0 0.3829321663019693
42 35 39 0.0 0.0 3.0 0.0 227.0 3.0 1.0 0.6286484059272563
42 35 40 0.0 0.0 0.0 0.0 119.0 0.0 0.0 0.6606890042472864
42 35 41 0.0 0.0 31.0 0.0 793.0 8.0 3.0 0.49715909090909083
42 35 42 0.0 0.0 1.0 0.0 44.0 1.0 0.0 0.684931506849315
42 35 43 0.0 0.0 0.0 0.0 17.0 0.0 0.0 0.694100148735746
42 36 34 0.0 0.0 0.0 0.0 5.0 0.0 0.0 0.6982543640897755
42 36 35 0.0 0.0 5.0 0.0 236.0 3.0 0.0 0.6255585344057193
42 36 36 0.0 0.0 240.0 0.0 4826.0 22.0 229.0 0.19872249822569193
42 36 37 0.0 0.0 313.0 0.0 7266.0 24.0 780.0 0.14644351464435146
42 36 38 0.0 0.0 541.0 0.0 10298.0 20.0 2510.0 0.10911925175370225
42 36 39 0.0 0.0 281.0 0.0 6139.0 20.0 460.0 0.1665278934221482
42 36 40 0.0 0.0 393.0 0.0 9076.0 24.0 1991.0 0.12220670391061451
42 36 41 0.0 0.0 189.0 0.0 4245.0 24.0 151.0 0.21844281479169914
42 36 42 0.0 0.0 176.0 0.0 4450.0 13.0 223.0 0.21160822249093106
42 36 43 0.0 0.0 19.0 0.0 507.0 8.0 1.0 0.5559968228752977
42 36 44 0.0 0.0 6.0 0.0 178.0 3.0 0.0 0.6419073819348922
42 36 45 0.0 0.0 0.0 0.0 2.0 0.0 0.0 0.6993006993006992
42 37 34 0.0 0.0 0.0 0.0 3.0 0.0 0.0 0.6989515726410384
42 37 35 0.0 0.0 59.0 0.0 1659.0 12.0 18.0 0.3777657852131678
42 37 36 0.0 0.0 356.0 0.0 7034.0 23.0 663.0 0.14934926392148495
42 37 37 0.0 0.0 607.0 0.0 10936.0 23.0 3590.0 0.10345846881466153
42 37 38 0.0 0.0 716.0 0.0 11833.0 31.0 4924.0 0.09628610729023383
42 37 39 0.0 0.0 1113.0 0.0 13256.0 39.0 11836.0 0.08556934172727827
42 37 40 0.0 0.0 842.0 1.0 12657.0 29.0 6422.0 0.09041591320072331
42 37 41 0.0 0.0 804.0 0.0 12284.0 30.0 6051.0 0.0928813109533603
42 37 42 0.0 1.0 543.0 1.0 10097.0 18.0 2211.0 0.11079455523899967
42 37 43 0.0 0.0 265.0 0.0 5704.0 25.0 359.0 0.17605633802816897
42 37 44 0.0 0.0 39.0 0.0 1112.0 6.0 6.0 0.4452926208651399
42 37 45 0.0 0.0 2.0 0.0 83.0 0.0 0.0 0.6714628297362109
42 37 46 0.0 0.0 0.0 0.0 10.0 0.0 0.0 0.6965174129353233
42 38 34 0.0 0.0 2.0 0.0 71.0 0.0 0.0 0.6753497346840327
42 38 35 0.0 0.0 112.0 0.0 3144.0 12.0 91.0 0.26681913474366303
42 38 36 0.0 0.0 340.0 0.0 6895.0 24.0 654.0 0.15189324075078658
42 38 37 0.0 0.0 968.0 0.0 13083.0 27.0 7821.0 0.08727635434199861
42 38 38 0.0 0.0 1645.0 0.0 12633.0 47.0 26623.0 0.08603207767467584
42 38 39 0.0 0.0 1846.0 0.0 12159.0 46.0 33072.0 0.0874508089199825
42 38 40 0.0 0.0 1485.0 0.0 13524.0 44.0 19176.0 0.08239656288623387
42 38 41 0.0 0.0 1528.0 0.0 13722.0 41.0 18947.0 0.08115942028985507
42 38 42 0.0 0.0 1041.0 0.0 13245.0 33.0 8937.0 0.08595812611285072
42 38 43 0.0 0.0 986.0 0.0 13086.0 27.0 8900.0 0.08715139442231075
42 38 44 0.0 0.0 383.0 0.0 8036.0 21.0 1092.0 0.1345895020188425
42 38 45 0.0 0.0 291.0 0.0 5818.0 19.0 358.0 0.17303176368804846
42 38 46 0.0 0.0 0.0 0.0 14.0 0.0 0.0 0.6951340615690167
42 39 34 0.0 0.0 0.0 0.0 47.0 0.0 0.0 0.6839276990718123
42 39 35 0.0 0.0 326.0 0.0 7196.0 20.0 724.0 0.14719798128482808
42 39 36 0.0 0.0 661.0 0.0 10970.0 23.0 2942.0 0.10279756222923854
42 39 37 0.0 0.0 1070.0 0.0 12997.0 38.0 12393.0 0.08721111318756618
42 39 38 0.0 0.0 1555.0 0.0 13867.0 38.0 18512.0 0.08034433285509325
42 39 39 0.0 0.0 1843.0 0.0 13325.0 47.0 25282.0 0.08154231463684547
42 39 40 0.0 7.0 1855.0 30.0 13861.0 62.0 23802.0 0.07888657237843015
42 39 41 0.0 0.0 1801.0 0.0 12939.0 45.0 27776.0 0.08363701535336639
42 39 42 0.0 0.0 1815.0 1.0 12115.0 49.0 31978.0 0.0878293601003764
42 39 43 0.0 0.0 1444.0 0.0 13190.0 42.0 19125.0 0.08422572494284682
42 39 44 0.0 0.0 376.0 0.0 8471.0 20.0 1436.0 0.12928248222365868
42 39 45 0.0 0.0 15.0 0.0 646.0 2.0 1.0 0.5267118133935288
42 39 46 0.0 0.0 0.0 0.0 4.0 0.0 0.0 0.6986027944111775
42 40 34 0.0 0.0 34.0 0.0 758.0 12.0 2.0 0.5035971223021581
42 40 35 0.0 0.0 213.0 0.0 4469.0 19.0 170.0 0.21005251312828202
42 40 36 0.0 0.0 491.0 0.0 9707.0 26.0 1907.0 0.1149614058137625
42 40 37 0.0 0.0 1141.0 0.0 13469.0 37.0 12284.0 0.0843221104619647
42 40 38 0.0 0.0 2296.0 0.0 11458.0 40.0 43017.0 0.08882685108812892
42 40 39 0.0 0.0 2413.0 1.0 11907.0 59.0 41383.0 0.0857948277975242
42 40 40 0.0 0.0 2498.0 0.0 11322.0 65.0 46949.0 0.08853474988933156
42 40 41 0.0 0.0 2095.0 4.0 13203.0 50.0 30455.0 0.08089679879810469
42 40 42 0.0 2.0 1935.0 14.0 13196.0 54.0 26974.0 0.0816755148474418
42 40 43 0.0 0.0 989.0 2.0 12962.0 32.0 9761.0 0.08786243253420359
42 40 44 0.0 0.0 439.0 0.0 8867.0 18.0 1496.0 0.1239157372986369
42 40 45 0.0 0.0 72.0 0.0 1525.0 15.0 17.0 0.3906249999999999
42 40 46 0.0 0.0 2.0 0.0 25.0 1.0 0.0 0.6910167818361302
42 41 34 0.0 0.0 0.0 0.0 28.0 0.0 0.0 0.690335305719921
42 41 35 0.0 0.0 63.0 0.0 1268.0 11.0 6.0 0.42155977115326704
42 41 36 0.0 0.0 568.0 0.0 10508.0 23.0 2815.0 0.10716472749540722
42 41 37 0.0 0.0 872.0 0.0 12829.0 33.0 7410.0 0.08918901700961966
42 41 38 0.0 0.0 1198.0 0.0 13379.0 38.0 13603.0 0.08445945945945946
42 41 39 0.0 0.0 1987.0 0.0 13056.0 55.0 29824.0 0.08215962441314553
42 41 40 0.0 0.0 1856.0 1.0 13796.0 42.0 23703.0 0.07928866738404032
42 41 41 0.0 0.0 2331.0 1.0 11636.0 44.0 41898.0 0.08766986035443672
42 41 42 0.0 0.0 1569.0 1.0 13200.0 36.0 22115.0 0.08344757703999522
42 41 43 0.0 0.0 670.0 1.0 11532.0 31.0 4252.0 0.09873756964525002
42 41 44 0.0 0.0 293.0 0.0 7022.0 25.0 817.0 0.1506024096385542
42 41 45 0.0 0.0 8.0 0.0 342.0 3.0 0.0 0.5965061780997016
42 41 46 0.0 0.0 0.0 0.0 1.0 0.0 0.0 0.0
42 42 34 0.0 0.0 0.0 0.0 21.0 1.0 0.0 0.6930693069306929
42 42 35 0.0 0.0 185.0 0.0 3741.0 11.0 105.0 0.23672641190395668
42 42 36 0.0 0.0 535.0 0.0 9816.0 22.0 2302.0 0.11346138260799091
42 42 37 0.0 0.0 422.0 0.0 8523.0 25.0 1298.0 0.12816991668955413
42 42 38 0.0 0.0 1112.0 0.0 13076.0 42.0 12194.0 0.08648915796626921
42 42 39 0.0 0.0 1558.0 0.0 13596.0 44.0 20264.0 0.08160410352063417
42 42 40 0.0 0.0 1919.0 2.0 12346.0 46.0 32442.0 0.08604265257206072
42 42 41 0.0 0.0 1443.0 1.0 13255.0 45.0 19065.0 0.08382229673093042
42 42 42 0.0 0.0 1228.0 1.0 13215.0 38.0 15700.0 0.08515815085158149
42 42 43 0.0 1.0 644.0 1.0 11219.0 26.0 3815.0 0.10106843777071901
42 42 44 0.0 0.0 280.0 0.0 5614.0 23.0 361.0 0.17782293915915148
42 42 45 0.0 0.0 34.0 0.0 695.0 6.0 1.0 0.5141388174807198
42 43 34 0.0 0.0 0.0 0.0 8.0 0.0 0.0 0.697211155378486
42 43 35 0.0 0.0 2.0 0.0 61.0 1.0 0.0 0.6789524733268669
42 43 36 0.0 0.0 237.0 0.0 5031.0 22.0 260.0 0.19313008690853906
42 43 37 0.0 0.0 51.0 0.0 1342.0 11.0 12.0 0.4139562389118863
42 43 38 0.0 0.0 286.0 0.0 6419.0 19.0 507.0 0.16116035455278
42 43 39 0.0 0.0 956.0 0.0 13000.0 40.0 8700.0 0.08783487044356608
42 43 40 0.0 0.0 528.0 1.0 10404.0 19.0 3039.0 0.1083088349063902
42 43 41 0.0 0.0 849.0 1.0 12571.0 28.0 7053.0 0.09081473793461338
42 43 42 0.0 0.0 418.0 1.0 8395.0 23.0 1169.0 0.12968967114404814
42 43 43 0.0 0.0 274.0 0.0 6489.0 21.0 613.0 0.16014641958361928
42 43 44 0.0 0.0 124.0 0.0 2753.0 23.0 42.0 0.2883625128733264
42 43 45 0.0 0.0 0.0 0.0 30.0 0.0 0.0 0.6899950714637751
42 44 35 0.0 0.0 0.0 0.0 10.0 0.0 0.0 0.6965174129353233
42 44 36 0.0 0.0 4.0 0.0 105.0 0.0 0.0 0.6638217164532954
42 44 37 0.0 0.0 3.0 0.0 151.0 1.0 0.0 0.6505576208178437
42 44 38 0.0 0.0 71.0 0.0 1999.0 13.0 27.0 0.3449975357318876
42 44 39 0.0 0.0 341.0 0.0 6991.0 22.0 684.0 0.15032749919467409
42 44 40 0.0 0.0 275.0 0.0 5650.0 17.0 355.0 0.17701352889113667
42 44 41 0.0 0.0 86.0 0.0 2106.0 10.0 31.0 0.3346080305927342
42 44 42 0.0 0.0 207.0 0.0 5231.0 17.0 231.0 0.18855218855218855
42 44 43 0.0 0.0 193.0 0.0 4579.0 19.0 225.0 0.2072232089994079
42 44 44 0.0 0.0 17.0 0.0 459.0 6.0 0.0 0.5668016194331983
42 44 45 0.0 0.0 0.0 0.0 14.0 0.0 0.0 0.6951340615690167
42 45 38 0.0 0.0 0.0 0.0 26.0 0.0 0.0 0.6910167818361302
42 45 39 0.0 0.0 1.0 0.0 46.0 0.0 0.0 0.6842619745845552
42 45 40 0.0 0.0 0.0 0.0 73.0 1.0 0.0 0.6756756756756755
42 45 41 0.0 0.0 3.0 0.0 81.0 1.0 0.0 0.6721075372059528
42 45 42 0.0 0.0 0.0 0.0 11.0 0.0 0.0 0.6961710591745399
42 45 43 0.0 0.0 0.0 0.0 11.0 0.0 0.0 0.6961710591745399
42 45 44 0.0 0.0 0.0 0.0 14.0 0.0 0.0 0.6951340615690167
42 46 38 0.0 0.0 0.0 0.0 4.0 0.0 0.0 0.6986027944111775
42 46 39 0.0 0.0 0.0 0.0 2.0 0.0 0.0 0.6993006993006992
42 46 40 0.0 0.0 0.0 0.0 2.0 0.0 0.0 0.6993006993006992
43 34 37 0.0 0.0 0.0 0.0 1.0 0.0 0.0 0.6996501749125437
43 34 38 0.0 0.0 0.0 0.0 5.0 0.0 0.0 0.6982543640897755
43 35 35 0.0 0.0 0.0 0.0 4.0 0.0 0.0 0.6986027944111775
43 35 36 0.0 0.0 11.0 0.0 271.0 3.0 0.0 0.6145741878841088
43 35 37 0.0 0.0 13.0 0.0 397.0 2.0 0.0 0.5816368923971748
43 35 38 0.0 0.0 34.0 0.0 837.0 8.0 2.0 0.4889975550122249
43 35 39 0.0 0.0 29.0 0.0 743.0 7.0 2.0 0.5063291139240506
43 35 40 0.0 0.0 8.0 0.0 259.0 2.0 0.0 0.6181015452538631
43 35 41 0.0 0.0 6.0 0.0 160.0 1.0 0.0 0.6466512702078521
43 35 42 0.0 0.0 6.0 0.0 127.0 1.0 0.0 0.6569685593618019
43 35 43 0.0 0.0 0.0 0.0 11.0 0.0 0.0 0.6961710591745399
43 36 35 0.0 0.0 0.0 0.0 19.0 0.0 0.0 0.6934125804853887
43 36 36 0.0 0.0 16.0 0.0 434.0 7.0 1.0 0.5730659025787964
43 36 37 0.0 0.0 52.0 0.0 1409.0 3.0 13.0 0.4050925925925925
43 36 38 0.0 0.0 313.0 0.0 6794.0 18.0 602.0 0.1539815222173339
43 36 39 0.0 0.0 476.0 0.0 8765.0 19.0 1364.0 0.12464387464387464
43 36 40 0.0 0.0 231.0 0.0 5235.0 19.0 301.0 0.18796992481203004
43 36 41 0.0 0.0 217.0 0.0 4975.0 15.0 267.0 0.19504040122596822
43 36 42 0.0 0.0 200.0 0.0 4746.0 24.0 231.0 0.20219526285384168
43 36 43 0.0 0.0 9.0 0.0 360.0 2.0 0.0 0.5914659907055343
43 36 44 0.0 0.0 0.0 0.0 25.0 0.0 0.0 0.6916996047430829
43 37 34 0.0 0.0 0.0 0.0 4.0 0.0 0.0 0.6986027944111775
43 37 35 0.0 0.0 0.0 0.0 40.0 0.0 0.0 0.6866110838646394
43 37 36 0.0 0.0 70.0 0.0 1761.0 11.0 18.0 0.36658811207122277
43 37 37 0.0 0.0 416.0 0.0 8117.0 18.0 1092.0 0.13311780926119612
43 37 38 0.0 0.0 1010.0 0.0 13083.0 36.0 9618.0 0.08701597364659083
43 37 39 0.0 0.0 695.0 0.0 11385.0 27.0 4204.0 0.09953078344945257
43 37 40 0.0 0.0 514.0 0.0 10490.0 32.0 2883.0 0.1078499345196826
43 37 41 0.0 0.0 605.0 0.0 10797.0 16.0 3342.0 0.1045244139166791
43 37 42 0.0 0.0 300.0 0.0 7204.0 18.0 780.0 0.1475703594392326
43 37 43 0.0 0.0 343.0 0.0 7080.0 28.0 705.0 0.14892032762472077
43 37 44 0.0 0.0 60.0 0.0 1408.0 9.0 10.0 0.4046242774566473
43 37 45 0.0 0.0 1.0 0.0 65.0 1.0 0.0 0.6779661016949151
43 37 46 0.0 0.0 0.0 0.0 2.0 0.0 0.0 0.6993006993006992
43 38 34 0.0 0.0 0.0 0.0 18.0 1.0 0.0 0.694100148735746
43 38 35 0.0 0.0 43.0 0.0 984.0 7.0 11.0 0.4635761589403972
43 38 36 0.0 0.0 290.0 0.0 6321.0 15.0 475.0 0.16275284817484303
43 38 37 0.0 0.0 557.0 0.0 10604.0 20.0 3529.0 0.10642341315089318
43 38 38 0.0 0.0 898.0 0.0 12764.0 28.0 9219.0 0.08939403614073174
43 38 39 0.0 0.0 1203.0 0.0 13346.0 32.0 13103.0 0.08452064718666988
43 38 40 0.0 0.0 842.0 0.0 12466.0 38.0 6969.0 0.09155712510627165
43 38 41 0.0 0.0 967.0 0.0 12928.0 27.0 9114.0 0.08807801195344447
43 38 42 0.0 0.0 1223.0 0.0 13237.0 33.0 13187.0 0.08505467800729039
43 38 43 0.0 0.0 560.0 0.0 10155.0 29.0 2621.0 0.11021018657010154
43 38 44 0.0 0.0 386.0 0.0 7936.0 34.0 1055.0 0.13597513597513594
43 38 45 0.0 0.0 37.0 0.0 772.0 6.0 0.0 0.49946485907955757
43 38 46 0.0 0.0 0.0 0.0 7.0 0.0 0.0 0.6975585450921773
43 39 34 0.0 0.0 0.0 0.0 19.0 0.0 0.0 0.6934125804853887
43 39 35 0.0 0.0 11.0 0.0 424.0 1.0 1.0 0.5754212905877516
43 39 36 0.0 0.0 470.0 0.0 9357.0 28.0 1898.0 0.11852353538774127
43 39 37 0.0 0.0 729.0 0.0 11833.0 28.0 4799.0 0.09618026930475404
43 39 38 0.0 0.0 919.0 0.0 12732.0 28.0 7475.0 0.08947973923047424
43 39 39 0.0 0.0 1250.0 0.0 13639.0 36.0 13936.0 0.08293347550500563
43 39 40 0.0 0.0 1520.0 1.0 13227.0 45.0 21298.0 0.08363201911589008
43 39 41 0.0 0.0 1178.0 0.0 13719.0 44.0 11799.0 0.08296296296296296
43 39 42 0.0 0.0 1011.0 0.0 13129.0 28.0 9686.0 0.08682170542635657
43 39 43 0.0 0.0 580.0 0.0 11009.0 26.0 3693.0 0.10317635787456701
43 39 44 0.0 0.0 211.0 0.0 5369.0 16.0 337.0 0.18496498876998277
43 39 45 0.0 0.0 18.0 0.0 545.0 4.0 1.0 0.5470887065259866
43 39 46 0.0 0.0 0.0 0.0 7.0 0.0 0.0 0.6975585450921773
43 40 34 0.0 0.0 0.0 0.0 9.0 0.0 0.0 0.6968641114982577
43 40 35 0.0 0.0 5.0 0.0 316.0 3.0 0.0 0.6042296072507551
43 40 36 0.0 0.0 424.0 0.0 8671.0 30.0 1506.0 0.1264450867052023
43 40 37 0.0 0.0 1014.0 0.0 13024.0 30.0 9409.0 0.0873035669743078
43 40 38 0.0 0.0 1131.0 0.0 13413.0 33.0 11125.0 0.08463817181548877
43 40 39 0.0 0.0 1204.0 0.0 13526.0 30.0 13271.0 0.08369201339072213
43 40 40 0.0 0.0 1241.0 0.0 13504.0 41.0 13447.0 0.08367200573750895
43 40 41 0.0 0.0 1214.0 0.0 13574.0 36.0 12577.0 0.0834575260804769
43 40 42 0.0 0.0 957.0 0.0 12893.0 31.0 8839.0 0.08841174613198609
43 40 43 0.0 0.0 1199.0 1.0 12963.0 47.0 14470.0 0.08661758336942398
43 40 44 0.0 0.0 477.0 0.0 8959.0 23.0 1476.0 0.1225812100516592
43 40 45 0.0 0.0 6.0 0.0 206.0 4.0 0.0 0.6343452650657
43 40 46 0.0 0.0 0.0 0.0 1.0 0.0 0.0 0.6996501749125437
43 41 34 0.0 0.0 2.0 0.0 38.0 0.0 0.0 0.6862745098039215
43 41 35 0.0 0.0 3.0 0.0 191.0 2.0 1.0 0.6386861313868613
43 41 36 0.0 0.0 220.0 0.0 4722.0 19.0 209.0 0.2022536839063854
43 41 37 0.0 0.0 419.0 0.0 8940.0 17.0 1756.0 0.12335888624548418
43 41 38 0.0 0.0 844.0 0.0 12517.0 37.0 6104.0 0.09128251939753536
43 41 39 0.0 0.0 1368.0 0.0 13481.0 32.0 16282.0 0.08306633440132906
43 41 40 0.0 0.0 1237.0 0.0 13312.0 40.0 15319.0 0.08459725663182065
43 41 41 0.0 0.0 1246.0 0.0 13401.0 44.0 14449.0 0.0841194496184582
43 41 42 0.0 0.0 825.0 0.0 12318.0 29.0 6720.0 0.0924397490921096
43 41 43 0.0 0.0 574.0 0.0 10571.0 33.0 3077.0 0.1066585403016913
43 41 44 0.0 0.0 69.0 0.0 1824.0 12.0 23.0 0.3609177623098736
43 41 45 0.0 0.0 16.0 0.0 442.0 4.0 0.0 0.5704971475142624
43 41 46 0.0 0.0 0.0 0.0 1.0 0.0 0.0 0.6996501749125437
43 42 34 0.0 0.0 2.0 0.0 20.0 0.0 0.0 0.6923837784371908
43 42 35 0.0 0.0 3.0 0.0 181.0 1.0 0.0 0.6413192853870818
43 42 36 0.0 0.0 40.0 0.0 1053.0 7.0 3.0 0.45366169799092676
43 42 37 0.0 0.0 291.0 0.0 6663.0 22.0 665.0 0.1566871852266368
43 42 38 0.0 0.0 710.0 0.0 11853.0 24.0 5607.0 0.09618026930475404
43 42 39 0.0 0.0 595.0 0.0 11092.0 22.0 3749.0 0.10236911377595788
43 42 40 0.0 0.0 1042.0 0.0 13081.0 32.0 10530.0 0.08690254500310365
43 42 41 0.0 0.0 749.0 0.0 12075.0 32.0 4679.0 0.09452434001755451
43 42 42 0.0 0.0 635.0 0.0 11153.0 38.0 3652.0 0.1017220082830778
43 42 43 0.0 0.0 499.0 0.0 9821.0 23.0 2125.0 0.11375639879743235
43 42 44 0.0 0.0 16.0 0.0 461.0 2.0 1.0 0.5656565656565656
43 42 45 0.0 0.0 0.0 0.0 13.0 0.0 0.0 0.695479384003974
43 43 35 0.0 0.0 0.0 0.0 28.0 0.0 0.0 0.690335305719921
43 43 36 0.0 0.0 2.0 0.0 131.0 0.0 0.0 0.6563525550867322
43 43 37 0.0 0.0 128.0 0.0 3908.0 13.0 164.0 0.23244230449941886
43 43 38 0.0 0.0 387.0 0.0 8622.0 22.0 1312.0 0.12730744748567788
43 43 39 0.0 0.0 667.0 0.0 11181.0 31.0 3527.0 0.10131712259371833
43 43 40 0.0 0.0 439.0 0.0 9458.0 16.0 2232.0 0.11769651113913408
43 43 41 0.0 0.0 721.0 0.0 11848.0 22.0 4691.0 0.09611423863792391
43 43 42 0.0 0.0 553.0 0.0 10110.0 23.0 2317.0 0.11060199083583504
43 43 43 0.0 0.0 367.0 0.0 7587.0 25.0 824.0 0.1408167370750352
43 43 44 0.0 0.0 0.0 0.0 88.0 0.0 0.0 0.6704980842911876
43 43 45 0.0 0.0 0.0 0.0 7.0 0.0 0.0 0.6975585450921773
43 44 35 0.0 0.0 0.0 0.0 4.0 0.0 0.0 0.6986027944111775
43 44 36 0.0 0.0 0.0 0.0 6.0 0.0 0.0 0.6979062811565303
43 44 37 0.0 0.0 1.0 0.0 50.0 0.0 0.0 0.68259385665529
43 44 38 0.0 0.0 154.0 0.0 3190.0 21.0 84.0 0.2628614344723995
43 44 39 0.0 0.0 94.0 0.0 2369.0 13.0 45.0 0.31460674157303364
43 44 40 0.0 0.0 528.0 0.0 9671.0 26.0 2050.0 0.11486708237610763
43 44 41 0.0 0.0 18.0 0.0 594.0 7.0 2.0 0.5380476556495004
43 44 42 0.0 0.0 139.0 0.0 3081.0 27.0 75.0 0.26954177897574116
43 44 43 0.0 0.0 1.0 0.0 90.0 0.0 0.0 0.6698564593301434
43 44 44 0.0 0.0 1.0 0.0 44.0 0.0 0.0 0.6845965770171147
43 45 37 0.0 0.0 0.0 0.0 4.0 0.0 0.0 0.6986027944111775
43 45 38 0.0 0.0 63.0 0.0 1804.0 14.0 18.0 0.3633532312483778
43 45 39 0.0 0.0 7.0 0.0 295.0 3.0 2.0 0.6089604175728577
43 45 40 0.0 0.0 3.0 0.0 72.0 1.0 0.0 0.6750241080038573
43 45 41 0.0 0.0 1.0 0.0 40.0 0.0 0.0 0.6859382655560998
43 45 42 0.0 0.0 8.0 0.0 66.0 1.0 0.0 0.6753497346840327
43 45 43 0.0 0.0 0.0 0.0 9.0 0.0 0.0 0.6968641114982577
43 45 44 0.0 0.0 0.0 0.0 6.0 0.0 0.0 0.6979062811565303
44 35 36 0.0 0.0 0.0 0.0 1.0 0.0 0.0 0.6996501749125437
44 35 37 0.0 0.0 8.0 0.0 74.0 5.0 1.0 0.6740491092922483
44 35 38 0.0 0.0 1.0 0.0 63.0 0.0 0.0 0.6782945736434108
44 35 39 0.0 0.0 17.0 0.0 487.0 4.0 0.0 0.5599999999999999
44 35 40 0.0 0.0 3.0 0.0 141.0 1.0 0.0 0.6532897806812878
44 35 41 0.0 0.0 2.0 0.0 56.0 0.0 0.0 0.6802721088435373
44 35 42 0.0 0.0 0.0 0.0 3.0 0.0 0.0 0.6989515726410384
44 35 43 0.0 0.0 0.0 0.0 10.0 0.0 0.0 0.6965174129353233
44 36 35 0.0 0.0 0.0 0.0 1.0 0.0 0.0 0.6996501749125437
44 36 36 0.0 0.0 0.0 0.0 15.0 0.0 0.0 0.694789081885856
44 36 37 0.0 0.0 1.0 0.0 285.0 0.0 1.0 0.6124234470691162
44 36 38 0.0 0.0 370.0 0.0 7522.0 22.0 894.0 0.14177215189873416
44 36 39 0.0 0.0 450.0 0.0 8824.0 29.0 1488.0 0.1243781094527363
44 36 40 0.0 0.0 312.0 0.0 6409.0 27.0 491.0 0.16095654173373186
44 36 41 0.0 0.0 13.0 0.0 310.0 2.0 0.0 0.6034482758620688
44 36 42 0.0 0.0 2.0 0.0 86.0 0.0 0.0 0.6704980842911876
44 36 43 0.0 0.0 2.0 0.0 83.0 1.0 0.0 0.6717850287907868
44 36 44 0.0 0.0 0.0 0.0 17.0 0.0 0.0 0.694100148735746
44 36 45 0.0 0.0 0.0 0.0 1.0 0.0 0.0 0.6996501749125437
44 37 34 0.0 0.0 0.0 0.0 4.0 0.0 0.0 0.6986027944111775
44 37 35 0.0 0.0 2.0 0.0 27.0 0.0 0.0 0.6899950714637751
44 37 36 0.0 0.0 156.0 0.0 3589.0 14.0 107.0 0.24407252440725236
44 37 37 0.0 0.0 117.0 0.0 3032.0 11.0 71.0 0.2723205602022952
44 37 38 0.0 0.0 450.0 0.0 8883.0 25.0 1584.0 0.12370769638596799
44 37 39 0.0 0.0 277.0 0.0 6545.0 19.0 545.0 0.1590005678591709
44 37 40 0.0 0.0 221.0 0.0 5527.0 10.0 312.0 0.18085518666838907
44 37 41 0.0 0.0 338.0 0.0 7252.0 19.0 801.0 0.14619883040935672
44 37 42 0.0 0.0 129.0 0.0 2803.0 8.0 49.0 0.2844372206420154
44 37 43 0.0 0.0 276.0 0.0 6265.0 24.0 485.0 0.16433853738701723
44 37 44 0.0 0.0 2.0 0.0 145.0 0.0 0.0 0.6520726595249184
44 37 45 0.0 0.0 0.0 0.0 21.0 0.0 0.0 0.6927263730826323
44 38 34 0.0 0.0 0.0 0.0 1.0 0.0 0.0 0.6996501749125437
44 38 35 0.0 0.0 79.0 0.0 1812.0 17.0 15.0 0.36129032258064514
44 38 36 0.0 0.0 21.0 0.0 669.0 6.0 0.0 0.5216095380029805
44 38 37 0.0 0.0 210.0 0.0 4930.0 18.0 288.0 0.19654639898918994
44 38 38 0.0 0.0 218.0 0.0 5093.0 16.0 290.0 0.19185966835685897
44 38 39 0.0 0.0 484.0 0.0 9347.0 23.0 1583.0 0.11846336097478422
44 38 40 0.0 0.0 1031.0 0.0 12966.0 29.0 11714.0 0.08753829800537735
44 38 41 0.0 0.0 419.0 0.0 8563.0 20.0 1290.0 0.1276091513991432
44 38 42 0.0 0.0 414.0 0.0 8494.0 33.0 1267.0 0.12858192505510652
44 38 43 0.0 0.0 148.0 0.0 3546.0 19.0 104.0 0.24669603524229072
44 38 44 0.0 0.0 111.0 0.0 3118.0 12.0 86.0 0.2683534598428215
44 38 45 0.0 0.0 0.0 0.0 45.0 0.0 0.0 0.6845965770171147
44 39 35 0.0 0.0 3.0 0.0 134.0 1.0 0.0 0.6554307116104868
44 39 36 0.0 0.0 196.0 0.0 4799.0 14.0 235.0 0.20042949176807442
44 39 37 0.0 0.0 498.0 0.0 9488.0 31.0 1881.0 0.11696883616008019
44 39 38 0.0 0.0 354.0 0.0 7515.0 25.0 868.0 0.14218972171440175
44 39 39 0.0 0.0 674.0 0.0 11482.0 15.0 3712.0 0.09893992932862189
44 39 40 0.0 0.0 650.0 0.0 11432.0 29.0 4071.0 0.09945300845350571
44 39 41 0.0 0.0 505.0 0.0 9591.0 19.0 1689.0 0.11588444665176723
44 39 42 0.0 0.0 696.0 0.0 11366.0 26.0 3639.0 0.09962994591517221
44 39 43 0.0 0.0 189.0 0.0 4806.0 16.0 271.0 0.20057306590257878
44 39 44 0.0 0.0 473.0 0.0 9161.0 18.0 1719.0 0.1204301075268817
44 39 45 0.0 0.0 56.0 0.0 1108.0 10.0 3.0 0.4438807863031071
44 40 35 0.0 0.0 1.0 0.0 66.0 0.0 0.0 0.6773101112723753
44 40 36 0.0 0.0 266.0 0.0 5927.0 26.0 460.0 0.1713796058269066
44 40 37 0.0 0.0 302.0 0.0 6864.0 19.0 681.0 0.1529051987767584
44 40 38 0.0 0.0 359.0 0.0 7923.0 22.0 1066.0 0.13638577691183632
44 40 39 0.0 0.0 598.0 0.0 10532.0 19.0 2736.0 0.10669918451337548
44 40 40 0.0 0.0 882.0 0.0 12594.0 31.0 9393.0 0.0905035878208029
44 40 41 0.0 0.0 382.0 0.0 7652.0 31.0 956.0 0.1399440223910436
44 40 42 0.0 0.0 461.0 0.0 9243.0 28.0 1858.0 0.11982197877439231
44 40 43 0.0 0.0 348.0 0.0 7565.0 25.0 841.0 0.1414427157001414
44 40 44 0.0 0.0 47.0 0.0 1663.0 15.0 16.0 0.3791982665222101
44 40 45 0.0 0.0 4.0 0.0 51.0 1.0 0.0 0.6815968841285296
44 41 35 0.0 0.0 1.0 0.0 51.0 1.0 0.0 0.68259385665529
44 41 36 0.0 0.0 49.0 0.0 1061.0 11.0 1.0 0.45205037132709064
44 41 37 0.0 0.0 257.0 0.0 5862.0 18.0 385.0 0.17275419545903256
44 41 38 0.0 0.0 342.0 0.0 6717.0 29.0 583.0 0.15493581230633022
44 41 39 0.0 0.0 652.0 0.0 11049.0 27.0 3611.0 0.10223455527968453
44 41 40 0.0 0.0 409.0 0.0 8362.0 26.0 1218.0 0.13022044460980373
44 41 41 0.0 0.0 444.0 0.0 8980.0 19.0 1439.0 0.12269938650306747
44 41 42 0.0 0.0 632.0 0.0 10866.0 24.0 3102.0 0.10377288562745533
44 41 43 0.0 0.0 399.0 0.0 8570.0 23.0 1504.0 0.1277955271565495
44 41 44 0.0 0.0 109.0 0.0 2547.0 12.0 38.0 0.30133448127421436
44 41 45 0.0 0.0 0.0 0.0 14.0 0.0 0.0 0.6951340615690167
44 42 35 0.0 0.0 0.0 0.0 5.0 0.0 0.0 0.6982543640897755
44 42 36 0.0 0.0 19.0 0.0 322.0 8.0 0.0 0.6000857265323617
44 42 37 0.0 0.0 6.0 0.0 278.0 1.0 2.0 0.6132282084975909
44 42 38 0.0 0.0 334.0 0.0 7258.0 19.0 852.0 0.14610728449175536
44 42 39 0.0 0.0 788.0 0.0 12091.0 23.0 6406.0 0.09411132024737831
44 42 40 0.0 0.0 189.0 0.0 4840.0 14.0 281.0 0.19960079840319359
44 42 41 0.0 0.0 351.0 0.0 7575.0 18.0 779.0 0.14120020171457387
44 42 42 0.0 0.0 213.0 0.0 4291.0 23.0 149.0 0.2160160469063416
44 42 43 0.0 0.0 122.0 0.0 2848.0 13.0 48.0 0.28248587570621464
44 42 44 0.0 0.0 3.0 0.0 139.0 1.0 0.0 0.6539000467071461
44 42 45 0.0 0.0 0.0 0.0 1.0 0.0 0.0 0.6996501749125437
44 43 36 0.0 0.0 3.0 0.0 126.0 1.0 0.0 0.6578947368421051
44 43 37 0.0 0.0 31.0 0.0 777.0 7.0 4.0 0.49982149232416984
44 43 38 0.0 0.0 50.0 0.0 1271.0 11.0 11.0 0.4229607250755286
44 43 39 0.0 0.0 303.0 0.0 6683.0 22.0 572.0 0.15607580824972128
44 43 40 0.0 0.0 152.0 0.0 3306.0 14.0 76.0 0.2572110968216057
44 43 41 0.0 0.0 57.0 0.0 1317.0 11.0 8.0 0.4164187983343247
44 43 42 0.0 0.0 29.0 0.0 711.0 7.0 0.0 0.5122575923893158
44 43 43 0.0 0.0 99.0 0.0 2170.0 18.0 32.0 0.3293342742884027
44 43 44 0.0 0.0 13.0 0.0 168.0 5.0 0.0 0.6436781609195401
44 44 36 0.0 0.0 0.0 0.0 4.0 0.0 0.0 0.6986027944111775
44 44 37 0.0 0.0 23.0 0.0 565.0 9.0 1.0 0.5428460643660332
44 44 38 0.0 0.0 98.0 0.0 2424.0 11.0 44.0 0.31035247173575703
44 44 39 0.0 0.0 20.0 0.0 600.0 2.0 2.0 0.53475935828877
44 44 40 0.0 0.0 16.0 0.0 443.0 6.0 1.0 0.5707297187117814
44 44 41 0.0 0.0 56.0 0.0 1342.0 8.0 10.0 0.4128575641403715
44 44 42 0.0 0.0 68.0 0.0 1644.0 11.0 22.0 0.37807183364839314
44 44 43 0.0 0.0 1.0 0.0 69.0 1.0 0.0 0.6769825918762088
44 44 44 0.0 0.0 1.0 0.0 11.0 0.0 0.0 0.6958250497017892
44 45 37 0.0 0.0 0.0 0.0 3.0 0.0 0.0 0.6989515726410384
44 45 38 0.0 0.0 0.0 0.0 7.0 0.0 0.0 0.6975585450921773
44 45 39 0.0 0.0 4.0 0.0 55.0 1.0 0.0 0.6802721088435373
44 45 40 0.0 0.0 0.0 0.0 40.0 0.0 0.0 0.6866110838646394
44 45 41 0.0 0.0 0.0 0.0 17.0 0.0 0.0 0.694100148735746
44 45 42 0.0 0.0 0.0 0.0 2.0 0.0 0.0 0.6993006993006992
44 45 43 0.0 0.0 0.0 0.0 1.0 0.0 0.0 0.6996501749125437
44 46 38 0.0 0.0 0.0 0.0 1.0 0.0 0.0 0.6996501749125437
45 35 37 0.0 0.0 1.0 0.0 49.0 0.0 0.0 0.6829268292682925
45 35 38 0.0 0.0 7.0 0.0 267.0 3.0 0.0 0.6164685160722148
45 35 39 0.0 0.0 0.0 0.0 48.0 0.0 0.0 0.6835937499999999
45 35 40 0.0 0.0 26.0 0.0 272.0 5.0 0.0 0.6105538595726122
45 35 41 0.0 0.0 0.0 0.0 8.0 0.0 0.0 0.697211155378486
45 36 36 0.0 0.0 0.0 0.0 5.0 0.0 0.0 0.6982543640897755
45 36 37 0.0 0.0 20.0 0.0 398.0 5.0 0.0 0.5801906340654785
45 36 38 0.0 0.0 1.0 0.0 119.0 0.0 0.0 0.6603773584905659
45 36 39 0.0 0.0 93.0 0.0 2556.0 15.0 36.0 0.3020496224379719
45 36 40 0.0 0.0 3.0 0.0 152.0 0.0 0.0 0.6496519721577725
45 36 41 0.0 0.0 2.0 0.0 155.0 1.0 0.0 0.6493506493506492
45 36 42 0.0 0.0 0.0 0.0 28.0 0.0 0.0 0.6906758756783422
45 36 43 0.0 0.0 0.0 0.0 9.0 0.0 0.0 0.6968641114982577
45 36 44 0.0 0.0 1.0 0.0 13.0 0.0 0.0 0.6951340615690167
45 37 35 0.0 0.0 0.0 0.0 1.0 0.0 0.0 0.6996501749125437
45 37 36 0.0 0.0 0.0 0.0 10.0 0.0 0.0 0.6965174129353233
45 37 37 0.0 0.0 20.0 0.0 455.0 1.0 3.0 0.5658852061438965
45 37 38 0.0 0.0 6.0 0.0 191.0 0.0 0.0 0.6372325898953117
45 37 39 0.0 0.0 316.0 0.0 7328.0 21.0 848.0 0.14542432741248568
45 37 40 0.0 0.0 413.0 0.0 7987.0 27.0 1090.0 0.1348357892709236
45 37 41 0.0 0.0 256.0 0.0 5518.0 26.0 346.0 0.18057526118921705
45 37 42 0.0 0.0 31.0 0.0 669.0 7.0 0.0 0.5198663200891199
45 37 43 0.0 0.0 3.0 0.0 69.0 2.0 0.0 0.6766553890768486
45 37 44 0.0 0.0 0.0 0.0 9.0 0.0 0.0 0.6968641114982577
45 37 45 0.0 0.0 0.0 0.0 4.0 0.0 0.0 0.6986027944111775
45 38 35 0.0 0.0 0.0 0.0 3.0 0.0 0.0 0.6989515726410384
45 38 36 0.0 0.0 3.0 0.0 142.0 2.0 1.0 0.6532897806812878
45 38 37 0.0 0.0 53.0 0.0 1287.0 12.0 6.0 0.42067307692307687
45 38 38 0.0 0.0 190.0 0.0 3841.0 22.0 101.0 0.2329063383796373
45 38 39 0.0 0.0 23.0 0.0 1048.0 5.0 9.0 0.45662100456621
45 38 40 0.0 0.0 227.0 0.0 5150.0 13.0 258.0 0.1900366499253427
45 38 41 0.0 0.0 597.0 0.0 10659.0 22.0 3293.0 0.10568430588057673
45 38 42 0.0 0.0 70.0 0.0 1818.0 7.0 14.0 0.3608247422680412
45 38 43 0.0 0.0 47.0 0.0 1098.0 9.0 5.0 0.44657097288676234
45 38 44 0.0 0.0 2.0 0.0 71.0 2.0 0.0 0.6760019314340897
45 38 45 0.0 0.0 1.0 0.0 31.0 0.0 0.0 0.6889763779527558
45 39 35 0.0 0.0 0.0 0.0 10.0 0.0 0.0 0.6965174129353233
45 39 36 0.0 0.0 9.0 0.0 159.0 3.0 0.0 0.6466512702078521
45 39 37 0.0 0.0 67.0 0.0 1557.0 18.0 4.0 0.38845726970033284
45 39 38 0.0 0.0 81.0 0.0 2061.0 9.0 30.0 0.33873699491894504
45 39 39 0.0 0.0 152.0 0.0 3218.0 18.0 74.0 0.2615355875210162
45 39 40 0.0 0.0 154.0 0.0 3431.0 18.0 83.0 0.2514819471887911
45 39 41 0.0 0.0 413.0 0.0 8181.0 21.0 1142.0 0.13228763110649153
45 39 42 0.0 0.0 115.0 0.0 2877.0 22.0 56.0 0.2816901408450704
45 39 43 0.0 0.0 27.0 0.0 471.0 6.0 1.0 0.5617977528089887
45 39 44 0.0 0.0 30.0 0.0 629.0 6.0 0.0 0.5277044854881267
45 39 45 0.0 0.0 9.0 0.0 186.0 3.0 1.0 0.6386861313868613
45 40 35 0.0 0.0 3.0 0.0 54.0 1.0 0.0 0.6809338521400777
45 40 36 0.0 0.0 0.0 0.0 37.0 0.0 0.0 0.6872852233676975
45 40 37 0.0 0.0 30.0 0.0 913.0 7.0 7.0 0.4768392370572206
45 40 38 0.0 0.0 68.0 0.0 1426.0 7.0 10.0 0.40149125322626894
45 40 39 0.0 0.0 244.0 0.0 5727.0 22.0 399.0 0.17605633802816897
45 40 40 0.0 0.0 140.0 0.0 3646.0 22.0 122.0 0.24276053407317494
45 40 41 0.0 0.0 246.0 0.0 5517.0 13.0 354.0 0.180528691166989
45 40 42 0.0 0.0 41.0 0.0 1090.0 12.0 4.0 0.44914982354828353
45 40 43 0.0 0.0 33.0 0.0 1149.0 4.0 10.0 0.4405286343612334
45 40 44 0.0 0.0 0.0 0.0 49.0 0.0 0.0 0.6832601268911663
45 40 45 0.0 0.0 0.0 0.0 30.0 0.0 0.0 0.689655172413793
45 41 35 0.0 0.0 0.0 0.0 3.0 0.0 0.0 0.6989515726410384
45 41 36 0.0 0.0 1.0 0.0 36.0 0.0 0.0 0.6876227897838899
45 41 37 0.0 0.0 2.0 0.0 115.0 1.0 0.0 0.661625708884688
45 41 38 0.0 0.0 130.0 0.0 2992.0 15.0 60.0 0.27407987470634293
45 41 39 0.0 0.0 510.0 0.0 9887.0 21.0 2538.0 0.11301259283177269
45 41 40 0.0 0.0 230.0 0.0 5324.0 18.0 304.0 0.18575029852726546
45 41 41 0.0 0.0 146.0 0.0 3676.0 14.0 110.0 0.2409223885733953
45 41 42 0.0 0.0 137.0 0.0 3500.0 15.0 114.0 0.24888888888888885
45 41 43 0.0 0.0 114.0 0.0 2357.0 23.0 37.0 0.31467745560800175
45 41 44 0.0 0.0 5.0 0.0 71.0 2.0 0.0 0.6753497346840327
45 41 45 0.0 0.0 0.0 0.0 2.0 0.0 0.0 0.6993006993006992
45 42 36 0.0 0.0 0.0 0.0 12.0 0.0 0.0 0.6958250497017892
45 42 37 0.0 0.0 1.0 0.0 48.0 0.0 0.0 0.6832601268911663
45 42 38 0.0 0.0 126.0 0.0 3534.0 12.0 122.0 0.2479192491588454
45 42 39 0.0 0.0 99.0 0.0 2125.0 14.0 21.0 0.3324625979577297
45 42 40 0.0 0.0 206.0 0.0 4413.0 14.0 161.0 0.21192854980320916
45 42 41 0.0 0.0 0.0 0.0 118.0 0.0 0.0 0.6610009442870631
45 42 42 0.0 0.0 56.0 0.0 1802.0 10.0 23.0 0.36382536382536373
45 42 43 0.0 0.0 0.0 0.0 67.0 0.0 0.0 0.6773101112723753
45 42 44 0.0 0.0 0.0 0.0 17.0 0.0 0.0 0.694100148735746
45 43 37 0.0 0.0 0.0 0.0 25.0 0.0 0.0 0.6913580246913579
45 43 38 0.0 0.0 68.0 0.0 1835.0 13.0 12.0 0.3598971722365038
45 43 39 0.0 0.0 522.0 0.0 9332.0 27.0 1773.0 0.11829319814110688
45 43 40 0.0 0.0 6.0 0.0 273.0 1.0 0.0 0.6145741878841088
45 43 41 0.0 0.0 9.0 0.0 243.0 1.0 1.0 0.6219458018658373
45 43 42 0.0 0.0 0.0 0.0 25.0 0.0 0.0 0.6913580246913579
45 43 43 0.0 0.0 0.0 0.0 9.0 0.0 0.0 0.6968641114982577
45 43 44 0.0 0.0 1.0 0.0 25.0 0.0 0.0 0.6910167818361302
45 44 37 0.0 0.0 0.0 0.0 2.0 0.0 0.0 0.6993006993006992
45 44 38 0.0 0.0 45.0 0.0 1221.0 11.0 9.0 0.4301075268817204
45 44 39 0.0 0.0 3.0 0.0 94.0 3.0 0.0 0.6685768863419292
45 44 40 0.0 0.0 101.0 0.0 2225.0 21.0 35.0 0.32512772875058055
45 44 41 0.0 0.0 0.0 0.0 4.0 0.0 0.0 0.6986027944111775
45 44 42 0.0 0.0 0.0 0.0 4.0 0.0 0.0 0.6986027944111775
45 44 43 0.0 0.0 0.0 0.0 1.0 0.0 0.0 0.6996501749125437
45 44 44 0.0 0.0 0.0 0.0 4.0 0.0 0.0 0.6986027944111775
45 45 37 0.0 0.0 0.0 0.0 3.0 0.0 0.0 0.6989515726410384
45 45 38 0.0 0.0 0.0 0.0 2.0 0.0 0.0 0.6993006993006992
45 45 39 0.0 0.0 0.0 0.0 1.0 0.0 0.0 0.6996501749125437
45 45 40 0.0 0.0 0.0 0.0 1.0 0.0 0.0 0.6996501749125437
45 45 42 0.0 0.0 0.0 0.0 1.0 0.0 0.0 0.6996501749125437
46 35 38 0.0 0.0 0.0 0.0 1.0 0.0 0.0 0.6996501749125437
46 35 39 0.0 0.0 0.0 0.0 1.0 0.0 0.0 0.6996501749125437
46 35 40 0.0 0.0 0.0 0.0 3.0 0.0 0.0 0.6989515726410384
46 36 38 0.0 0.0 0.0 0.0 18.0 0.0 0.0 0.6937561942517343
46 36 39 0.0 0.0 0.0 0.0 19.0 0.0 0.0 0.6934125804853887
46 36 40 0.0 0.0 4.0 0.0 79.0 3.0 0.0 0.6730769230769229
46 36 41 0.0 0.0 11.0 0.0 239.0 2.0 0.0 0.6227758007117437
46 36 42 0.0 0.0 5.0 0.0 63.0 1.0 0.0 0.6773101112723753
46 37 37 0.0 0.0 0.0 0.0 1.0 0.0 0.0 0.6996501749125437
46 37 38 0.0 0.0 38.0 0.0 824.0 6.0 3.0 0.4901960784313725
46 37 39 0.0 0.0 35.0 0.0 1041.0 7.0 8.0 0.4561746497230368
46 37 40 0.0 0.0 142.0 0.0 3517.0 15.0 86.0 0.24800708591674045
46 37 41 0.0 0.0 67.0 0.0 1772.0 12.0 28.0 0.3658217925267833
46 37 42 0.0 0.0 0.0 0.0 71.0 0.0 0.0 0.6760019314340897
46 37 43 0.0 0.0 0.0 0.0 2.0 0.0 0.0 0.6993006993006992
46 38 37 0.0 0.0 0.0 0.0 8.0 0.0 0.0 0.6975585450921773
46 38 38 0.0 0.0 0.0 0.0 20.0 0.0 0.0 0.6930693069306929
46 38 39 0.0 0.0 31.0 0.0 751.0 8.0 2.0 0.5046863734679162
46 38 40 0.0 0.0 12.0 0.0 334.0 5.0 1.0 0.5980350277659119
46 38 41 0.0 0.0 3.0 0.0 249.0 1.0 0.0 0.6219458018658373
46 38 42 0.0 0.0 2.0 0.0 132.0 2.0 0.0 0.6566604127579737
46 38 43 0.0 0.0 0.0 0.0 2.0 0.0 0.0 0.6993006993006992
46 39 37 0.0 0.0 0.0 0.0 5.0 0.0 0.0 0.6982543640897755
46 39 38 0.0 0.0 0.0 0.0 6.0 0.0 0.0 0.6979062811565303
46 39 39 0.0 0.0 4.0 0.0 93.0 1.0 0.0 0.6679389312977099
46 39 40 0.0 0.0 5.0 0.0 132.0 0.0 0.0 0.6551240056153486
46 39 41 0.0 0.0 18.0 0.0 403.0 11.0 1.0 0.5809128630705394
46 39 42 0.0 0.0 38.0 0.0 834.0 11.0 3.0 0.4893393918210415
46 39 43 0.0 0.0 0.0 0.0 3.0 0.0 0.0 0.6989515726410384
46 39 44 0.0 0.0 0.0 0.0 2.0 0.0 0.0 0.6993006993006992
46 40 37 0.0 0.0 0.0 0.0 4.0 0.0 0.0 0.6986027944111775
46 40 38 0.0 0.0 23.0 0.0 407.0 3.0 1.0 0.5766062602965403
46 40 39 0.0 0.0 3.0 0.0 59.0 2.0 0.0 0.6796116504854368
46 40 40 0.0 0.0 7.0 0.0 257.0 0.0 1.0 0.6183745583038868
46 40 41 0.0 0.0 7.0 0.0 123.0 1.0 0.0 0.6578947368421051
46 40 42 0.0 0.0 0.0 0.0 29.0 0.0 0.0 0.6899950714637751
46 40 43 0.0 0.0 0.0 0.0 1.0 0.0 0.0 0.6996501749125437
46 41 37 0.0 0.0 41.0 0.0 850.0 10.0 3.0 0.4859423811176674
46 41 38 0.0 0.0 0.0 0.0 39.0 0.0 0.0 0.6866110838646394
46 41 39 0.0 0.0 74.0 0.0 1526.0 19.0 17.0 0.39084310441094355
46 41 40 0.0 0.0 2.0 0.0 119.0 2.0 0.0 0.6606890042472864
46 41 41 0.0 0.0 4.0 0.0 135.0 2.0 0.0 0.6554307116104868
46 41 42 0.0 0.0 0.0 0.0 19.0 0.0 0.0 0.6934125804853887
46 41 43 0.0 0.0 0.0 0.0 3.0 0.0 0.0 0.6989515726410384
46 42 37 0.0 0.0 0.0 0.0 7.0 0.0 0.0 0.6975585450921773
46 42 38 0.0 0.0 6.0 0.0 365.0 1.0 2.0 0.590717299578059
46 42 39 0.0 0.0 28.0 0.0 581.0 6.0 1.0 0.5378409527468304
46 42 40 0.0 0.0 44.0 0.0 956.0 12.0 2.0 0.46854082998661306
46 42 41 0.0 0.0 0.0 0.0 16.0 0.0 0.0 0.6944444444444444
46 42 42 0.0 0.0 0.0 0.0 6.0 0.0 0.0 0.6982543640897755
46 43 37 0.0 0.0 1.0 0.0 14.0 0.0 0.0 0.694789081885856
46 43 38 0.0 0.0 36.0 0.0 663.0 11.0 1.0 0.5208333333333333
46 43 39 0.0 0.0 123.0 0.0 2909.0 15.0 57.0 0.27905122583217057
46 43 40 0.0 0.0 2.0 0.0 41.0 0.0 0.0 0.6852667645619186
46 43 41 0.0 0.0 0.0 0.0 6.0 0.0 0.0 0.6979062811565303
46 43 43 0.0 0.0 0.0 0.0 1.0 0.0 0.0 0.6996501749125437
46 44 37 0.0 0.0 0.0 0.0 1.0 0.0 0.0 0.6996501749125437
46 44 38 0.0 0.0 19.0 0.0 563.0 2.0 2.0 0.5426356589147286
46 44 39 0.0 0.0 2.0 0.0 102.0 0.0 0.0 0.6653992395437262
46 44 40 0.0 0.0 0.0 0.0 33.0 0.0 0.0 0.6886374815543531
46 45 37 0.0 0.0 0.0 0.0 1.0 0.0 0.0 0.6996501749125437
46 45 39 0.0 0.0 0.0 0.0 2.0 0.0 0.0 0.6993006993006992
46 45 40 0.0 0.0 0.0 0.0 1.0 0.0 0.0 0.6996501749125437
46 45 41 0.0 0.0 0.0 0.0 1.0 0.0 0.0 0.6996501749125437
47 36 39 0.0 0.0 0.0 0.0 11.0 0.0 0.0 0.6961710591745399
47 36 40 0.0 0.0 0.0 0.0 3.0 0.0 0.0 0.6989515726410384
47 36 41 0.0 0.0 0.0 0.0 3.0 0.0 0.0 0.6989515726410384
47 36 42 0.0 0.0 0.0 0.0 1.0 0.0 0.0 0.6996501749125437
47 37 38 0.0 0.0 0.0 0.0 2.0 0.0 0.0 0.6993006993006992
47 37 40 0.0 0.0 0.0 0.0 4.0 0.0 0.0 0.6986027944111775
47 37 41 0.0 0.0 0.0 0.0 4.0 0.0 0.0 0.6986027944111775
47 38 39 0.0 0.0 0.0 0.0 4.0 0.0 0.0 0.6986027944111775
47 38 40 0.0 0.0 0.0 0.0 6.0 0.0 0.0 0.6979062811565303
47 38 41 0.0 0.0 6.0 0.0 137.0 3.0 0.0 0.6542056074766354
47 38 42 0.0 0.0 0.0 0.0 1.0 0.0 0.0 0.6996501749125437
47 39 38 0.0 0.0 0.0 0.0 1.0 0.0 0.0 0.6996501749125437
47 39 40 0.0 0.0 0.0 0.0 1.0 0.0 0.0 0.6996501749125437
47 40 38 0.0 0.0 0.0 0.0 1.0 0.0 0.0 0.6996501749125437
47 42 38 0.0 0.0 0.0 0.0 1.0 0.0 0.0 0.6996501749125437
47 42 40 0.0 0.0 0.0 0.0 1.0 0.0 0.0 0.6996501749125437
47 43 38 0.0 0.0 0.0 0.0 3.0 0.0 0.0 0.6989515726410384
47 43 39 0.0 0.0 0.0 0.0 3.0 0.0 0.0 0.6989515726410384
47 43 41 0.0 0.0 0.0 0.0 1.0 0.0 0.0 0.6996501749125437
