35 39 38 0.0 0.0 0.0 0.0 4.0 0.0 0.0 0.6986027944111775
35 39 39 0.0 0.0 0.0 0.0 1.0 0.0 0.0 0.6996501749125437
35 40 38 0.0 0.0 0.0 0.0 1.0 0.0 0.0 0.6996501749125437
35 40 39 0.0 0.0 6.0 0.0 166.0 1.0 0.0 0.64486411791801
35 41 39 0.0 0.0 4.0 0.0 92.0 1.0 0.0 0.6682577565632457
35 41 40 0.0 0.0 0.0 0.0 1.0 0.0 0.0 0.6996501749125437
35 42 40 0.0 0.0 0.0 0.0 2.0 0.0 0.0 0.6993006993006992
35 42 41 0.0 0.0 0.0 0.0 1.0 0.0 0.0 0.6996501749125437
36 36 40 0.0 0.0 0.0 0.0 1.0 0.0 0.0 0.6996501749125437
36 37 38 0.0 0.0 0.0 0.0 8.0 0.0 0.0 0.697211155378486
36 37 39 0.0 0.0 0.0 0.0 9.0 0.0 0.0 0.6968641114982577
36 37 40 0.0 0.0 0.0 0.0 16.0 0.0 0.0 0.6944444444444444
36 37 41 0.0 0.0 0.0 0.0 13.0 0.0 0.0 0.695479384003974
36 37 42 0.0 0.0 0.0 0.0 8.0 0.0 0.0 0.697211155378486
36 38 38 0.0 0.0 0.0 0.0 15.0 1.0 0.0 0.6951340615690167
36 38 39 0.0 0.0 0.0 0.0 29.0 0.0 0.0 0.6899950714637751
36 38 40 0.0 0.0 0.0 0.0 32.0 0.0 0.0 0.6889763779527558
36 38 41 0.0 0.0 0.0 0.0 19.0 0.0 0.0 0.6934125804853887
36 38 42 0.0 0.0 0.0 0.0 18.0 0.0 0.0 0.6937561942517343
36 39 38 0.0 0.0 10.0 0.0 201.0 3.0 0.0 0.6340579710144926
36 39 39 0.0 0.0 3.0 0.0 147.0 2.0 0.0 0.6520726595249184
36 39 40 0.0 0.0 2.0 0.0 64.0 0.0 0.0 0.6776379477250725
36 39 41 0.0 0.0 0.0 0.0 12.0 0.0 0.0 0.6958250497017892
36 39 42 0.0 0.0 10.0 0.0 214.0 4.0 0.0 0.6306306306306305
36 40 38 0.0 0.0 2.0 0.0 31.0 2.0 0.0 0.689655172413793
36 40 39 0.0 0.0 76.0 0.0 2158.0 10.0 28.0 0.3313609467455621
36 40 40 0.0 0.0 0.0 0.0 31.0 0.0 0.0 0.6893156080748399
36 40 41 0.0 0.0 0.0 0.0 18.0 0.0 0.0 0.6937561942517343
36 40 42 0.0 0.0 0.0 0.0 24.0 0.0 0.0 0.6920415224913494
36 40 43 0.0 0.0 0.0 0.0 14.0 0.0 0.0 0.6951340615690167
36 41 38 0.0 0.0 0.0 0.0 16.0 0.0 0.0 0.6944444444444444
36 41 39 0.0 0.0 27.0 0.0 770.0 5.0 5.0 0.5016123253314223
36 41 40 0.0 0.0 0.0 0.0 30.0 0.0 0.0 0.6899950714637751
36 41 41 0.0 0.0 32.0 0.0 735.0 7.0 2.0 0.5074302283436026
36 41 42 0.0 0.0 28.0 0.0 449.0 9.0 0.0 0.5674908796108633
36 41 43 0.0 0.0 0.0 0.0 16.0 0.0 0.0 0.6944444444444444
36 42 38 0.0 0.0 0.0 0.0 5.0 0.0 0.0 0.6982543640897755
36 42 39 0.0 0.0 0.0 0.0 6.0 0.0 0.0 0.6979062811565303
36 42 40 0.0 0.0 0.0 0.0 20.0 0.0 0.0 0.6930693069306929
36 42 41 0.0 0.0 0.0 0.0 13.0 0.0 0.0 0.695479384003974
36 42 42 0.0 0.0 7.0 0.0 62.0 1.0 0.0 0.6769825918762088
36 42 43 0.0 0.0 0.0 0.0 26.0 0.0 0.0 0.6910167818361302
36 43 39 0.0 0.0 0.0 0.0 4.0 0.0 0.0 0.6986027944111775
36 43 40 0.0 0.0 0.0 0.0 4.0 0.0 0.0 0.6986027944111775
36 43 41 0.0 0.0 0.0 0.0 3.0 0.0 0.0 0.6989515726410384
37 36 38 0.0 0.0 0.0 0.0 1.0 0.0 0.0 0.6996501749125437
37 36 39 0.0 0.0 0.0 0.0 2.0 0.0 0.0 0.6993006993006992
37 36 40 0.0 0.0 0.0 0.0 4.0 0.0 0.0 0.6986027944111775
37 36 41 0.0 0.0 0.0 0.0 1.0 0.0 0.0 0.6996501749125437
37 37 37 0.0 0.0 4.0 0.0 30.0 1.0 0.0 0.6886374815543531
37 37 38 0.0 0.0 2.0 0.0 78.0 0.0 0.0 0.6730769230769229
37 37 39 0.0 0.0 0.0 0.0 45.0 0.0 0.0 0.6845965770171147
37 37 40 0.0 0.0 65.0 0.0 1455.0 14.0 9.0 0.399315459212778
37 37 41 0.0 0.0 0.0 0.0 44.0 0.0 0.0 0.684931506849315
37 37 42 0.0 0.0 7.0 0.0 230.0 4.0 0.0 0.6269592476489028
37 37 43 0.0 0.0 0.0 0.0 2.0 0.0 0.0 0.6993006993006992
37 38 37 0.0 0.0 0.0 0.0 19.0 0.0 0.0 0.6934125804853887
37 38 38 0.0 0.0 18.0 0.0 332.0 3.0 1.0 0.5965061780997016
37 38 39 0.0 0.0 281.0 0.0 6317.0 18.0 541.0 0.163075131042516
37 38 40 0.0 0.0 180.0 0.0 4058.0 17.0 147.0 0.22497187851518555
37 38 41 0.0 0.0 359.0 0.0 7415.0 27.0 802.0 0.14356029532403608
37 38 42 0.0 0.0 8.0 0.0 169.0 1.0 0.0 0.6433823529411764
37 38 43 0.0 0.0 0.0 0.0 2.0 0.0 0.0 0.6993006993006992
37 39 37 0.0 0.0 1.0 0.0 17.0 0.0 0.0 0.6937561942517343
37 39 38 0.0 0.0 20.0 0.0 653.0 5.0 2.0 0.5249343832020996
37 39 39 0.0 0.0 105.0 0.0 2950.0 18.0 64.0 0.2780536246276067
37 39 40 0.0 0.0 112.0 0.0 2874.0 18.0 68.0 0.28163347415007034
37 39 41 0.0 0.0 13.0 0.0 604.0 3.0 1.0 0.5355776587605202
37 39 42 0.0 0.0 7.0 0.0 231.0 3.0 1.0 0.6263982102908277
37 39 43 0.0 0.0 40.0 0.0 681.0 7.0 3.0 0.5160339107998525
37 40 37 0.0 0.0 0.0 0.0 8.0 0.0 0.0 0.697211155378486
37 40 38 0.0 0.0 32.0 0.0 712.0 4.0 3.0 0.5113221329437544
37 40 39 0.0 0.0 467.0 0.0 8778.0 36.0 1373.0 0.12482168330955774
37 40 40 0.0 0.0 177.0 0.0 4128.0 26.0 158.0 0.22303648239604904
37 40 41 0.0 0.0 128.0 0.0 3160.0 18.0 81.0 0.2655035084392186
37 40 42 0.0 0.0 80.0 0.0 2235.0 12.0 38.0 0.3254300325430032
37 40 43 0.0 0.0 9.0 0.0 339.0 5.0 0.0 0.5975245411865129
37 41 37 0.0 0.0 0.0 0.0 10.0 0.0 0.0 0.6965174129353233
37 41 38 0.0 0.0 74.0 0.0 1550.0 8.0 18.0 0.3871681415929203
37 41 39 0.0 0.0 191.0 0.0 4135.0 20.0 139.0 0.22183489145935667
37 41 40 0.0 0.0 159.0 0.0 3702.0 20.0 108.0 0.23964395754878462
37 41 41 0.0 0.0 229.0 0.0 5387.0 18.0 322.0 0.18413784032618702
37 41 42 0.0 0.0 421.0 0.0 8517.0 25.0 1436.0 0.1281816517121406
37 41 43 0.0 0.0 0.0 0.0 51.0 0.0 0.0 0.68259385665529
37 41 44 0.0 0.0 0.0 0.0 1.0 0.0 0.0 0.6996501749125437
37 42 38 0.0 0.0 24.0 0.0 761.0 5.0 5.0 0.5035971223021581
37 42 39 0.0 0.0 36.0 0.0 886.0 6.0 2.0 0.48027444253859347
37 42 40 0.0 0.0 119.0 0.0 2872.0 21.0 64.0 0.28180354267310787
37 42 41 0.0 0.0 8.0 0.0 460.0 5.0 1.0 0.5688744412840308
37 42 42 0.0 0.0 32.0 0.0 731.0 9.0 2.0 0.5083514887436454
37 42 43 0.0 0.0 54.0 0.0 1184.0 9.0 4.0 0.43357076494270663
37 43 38 0.0 0.0 0.0 0.0 11.0 0.0 0.0 0.6961710591745399
37 43 39 0.0 0.0 1.0 0.0 74.0 1.0 0.0 0.6750241080038573
37 43 40 0.0 0.0 0.0 0.0 80.0 0.0 0.0 0.6730769230769229
37 43 41 0.0 0.0 61.0 0.0 1260.0 11.0 6.0 0.4229607250755286
37 43 42 0.0 0.0 0.0 0.0 20.0 0.0 0.0 0.6934125804853887
37 44 39 0.0 0.0 0.0 0.0 4.0 0.0 0.0 0.6986027944111775
37 44 40 0.0 0.0 0.0 0.0 1.0 0.0 0.0 0.6996501749125437
38 36 38 0.0 0.0 0.0 0.0 5.0 0.0 0.0 0.6982543640897755
38 36 39 0.0 0.0 0.0 0.0 7.0 0.0 0.0 0.6975585450921773
38 36 40 0.0 0.0 0.0 0.0 15.0 0.0 0.0 0.694789081885856
38 36 41 0.0 0.0 0.0 0.0 3.0 0.0 0.0 0.6989515726410384
38 36 42 0.0 0.0 0.0 0.0 1.0 0.0 0.0 0.6996501749125437
38 37 36 0.0 0.0 0.0 0.0 2.0 0.0 0.0 0.6993006993006992
38 37 37 0.0 0.0 1.0 0.0 82.0 0.0 0.0 0.6721075372059528
38 37 38 0.0 0.0 8.0 0.0 201.0 3.0 1.0 0.6346328195829555
38 37 39 0.0 0.0 118.0 0.0 2708.0 18.0 60.0 0.291060291060291
38 37 40 0.0 0.0 15.0 0.0 382.0 1.0 1.0 0.5843071786310516
38 37 41 0.0 0.0 17.0 0.0 953.0 4.0 1.0 0.4720161834120026
38 37 42 0.0 0.0 0.0 0.0 36.0 0.0 0.0 0.6876227897838899
38 37 43 0.0 0.0 0.0 0.0 8.0 0.0 0.0 0.697211155378486
38 38 36 0.0 0.0 0.0 0.0 2.0 0.0 0.0 0.6993006993006992
38 38 37 0.0 0.0 1.0 0.0 81.0 1.0 0.0 0.6727534839019701
38 38 38 0.0 0.0 377.0 0.0 7940.0 14.0 1099.0 0.1358300184340739
38 38 39 0.0 0.0 292.0 0.0 6504.0 21.0 538.0 0.15941698929628784
38 38 40 0.0 0.0 123.0 0.0 3202.0 20.0 77.0 0.2637528259231348
38 38 41 0.0 0.0 413.0 0.0 8075.0 15.0 1031.0 0.13356229727151306
38 38 42 0.0 0.0 131.0 0.0 2770.0 19.0 55.0 0.28665028665028663
38 38 43 0.0 0.0 7.0 0.0 137.0 2.0 0.0 0.65359477124183
38 39 36 0.0 0.0 0.0 0.0 5.0 0.0 0.0 0.6982543640897755
38 39 37 0.0 0.0 42.0 0.0 889.0 5.0 2.0 0.478468899521531
38 39 38 0.0 0.0 131.0 0.0 3158.0 13.0 90.0 0.2652519893899204
38 39 39 0.0 0.0 760.0 0.0 11992.0 18.0 6992.0 0.09489595336541719
38 39 40 0.0 0.0 929.0 0.0 12730.0 27.0 8084.0 0.08943972401456589
38 39 41 0.0 0.0 240.0 0.0 6347.0 22.0 657.0 0.16337962422686425
38 39 42 0.0 0.0 75.0 0.0 2210.0 10.0 38.0 0.32748538011695905
38 39 43 0.0 0.0 2.0 0.0 62.0 0.0 0.0 0.6782945736434108
38 39 44 0.0 0.0 0.0 0.0 2.0 0.0 0.0 0.6993006993006992
38 40 36 0.0 0.0 0.0 0.0 1.0 0.0 0.0 0.6996501749125437
38 40 37 0.0 0.0 9.0 0.0 275.0 3.0 0.0 0.6140350877192982
38 40 38 0.0 0.0 198.0 0.0 4404.0 19.0 197.0 0.21263669501822596
38 40 39 0.0 0.0 711.0 0.0 11615.0 31.0 4051.0 0.09779267951941882
38 40 40 0.0 0.0 615.0 0.0 11277.0 22.0 4195.0 0.10078468072852925
38 40 41 0.0 0.0 618.0 1.0 11065.0 26.0 3766.0 0.10241404535479151
38 40 42 0.0 0.0 330.0 1.0 6427.0 23.0 504.0 0.1602197299153124
38 40 43 0.0 0.0 14.0 0.0 460.0 5.0 1.0 0.5670311867152693
38 40 44 0.0 0.0 0.0 0.0 11.0 0.0 0.0 0.6961710591745399
38 41 37 0.0 0.0 6.0 0.0 293.0 2.0 2.0 0.6094906399651718
38 41 38 0.0 0.0 37.0 5.0 1023.0 9.0 5.0 0.4582651391162029
38 41 39 0.0 0.0 510.0 0.0 10031.0 24.0 2643.0 0.11177644710578842
38 41 40 0.0 0.0 872.0 0.0 12482.0 31.0 8954.0 0.09119927040583675
38 41 41 0.0 0.0 463.0 0.0 9266.0 25.0 1713.0 0.11950490823730259
38 41 42 0.0 0.0 262.0 0.0 5405.0 18.0 296.0 0.18298261665141807
38 41 43 0.0 0.0 20.0 0.0 394.0 6.0 0.0 0.5813953488372092
38 41 44 0.0 0.0 0.0 0.0 11.0 0.0 0.0 0.6961710591745399
38 42 36 0.0 0.0 0.0 0.0 2.0 0.0 0.0 0.6993006993006992
38 42 37 0.0 0.0 0.0 0.0 2.0 0.0 0.0 0.6993006993006992
38 42 38 0.0 0.0 10.0 0.0 437.0 3.0 1.0 0.5728314238952537
38 42 39 0.0 0.0 380.0 0.0 7618.0 27.0 1001.0 0.14035087719298242
38 42 40 0.0 0.0 511.0 1.0 9686.0 26.0 2204.0 0.11486708237610763
38 42 41 0.0 0.0 361.0 2.0 7584.0 21.0 855.0 0.1409443269908386
38 42 42 0.0 0.0 9.0 0.0 311.0 3.0 0.0 0.6047516198704103
38 42 43 0.0 0.0 4.0 0.0 131.0 2.0 1.0 0.6563525550867322
38 42 44 0.0 0.0 0.0 0.0 1.0 0.0 0.0 0.6996501749125437
38 43 38 0.0 0.0 0.0 0.0 14.0 0.0 0.0 0.6951340615690167
38 43 39 0.0 0.0 155.0 1.0 3815.0 17.0 124.0 0.23513604299630497
38 43 40 0.0 0.0 39.0 0.0 777.0 7.0 6.0 0.49839800640797427
38 43 41 0.0 0.0 4.0 0.0 117.0 1.0 0.0 0.6603773584905659
38 43 42 0.0 0.0 1.0 0.0 52.0 0.0 0.0 0.6819288845591815
38 43 43 0.0 0.0 0.0 0.0 1.0 0.0 0.0 0.6996501749125437
38 43 44 0.0 0.0 1.0 0.0 2.0 1.0 0.0 0.6993006993006992
38 44 38 0.0 0.0 0.0 0.0 2.0 0.0 0.0 0.6993006993006992
38 44 39 0.0 0.0 0.0 0.0 3.0 0.0 0.0 0.6989515726410384
38 44 40 0.0 0.0 0.0 0.0 3.0 0.0 0.0 0.6989515726410384
38 44 41 0.0 0.0 0.0 0.0 2.0 0.0 0.0 0.6993006993006992
39 36 38 0.0 0.0 0.0 0.0 3.0 0.0 0.0 0.6989515726410384
39 36 39 0.0 0.0 0.0 0.0 8.0 0.0 0.0 0.697211155378486
39 36 40 0.0 0.0 13.0 0.0 284.0 7.0 0.0 0.6113537117903929
39 36 41 0.0 0.0 0.0 0.0 24.0 0.0 0.0 0.6916996047430829
39 36 42 0.0 0.0 0.0 0.0 9.0 0.0 0.0 0.6968641114982577
39 37 36 0.0 0.0 1.0 0.0 22.0 0.0 0.0 0.6920415224913494
39 37 37 0.0 0.0 25.0 0.0 763.0 5.0 3.0 0.5030542579949694
39 37 38 0.0 0.0 40.0 0.0 1046.0 6.0 0.0 0.4546930821695355
39 37 39 0.0 0.0 48.0 0.0 1176.0 9.0 7.0 0.43545878693623635
39 37 40 0.0 0.0 274.0 0.0 5952.0 12.0 400.0 0.17037848363149563
39 37 41 0.0 0.0 217.0 0.0 4696.0 23.0 211.0 0.2031045988684172
39 37 42 0.0 0.0 0.0 0.0 59.0 1.0 0.0 0.6802721088435373
39 37 43 0.0 0.0 7.0 0.0 202.0 2.0 1.0 0.6343452650657
39 38 36 0.0 0.0 3.0 0.0 42.0 0.0 0.0 0.6845965770171147
39 38 37 0.0 0.0 143.0 0.0 3701.0 15.0 148.0 0.23997257456290705
39 38 38 0.0 0.0 281.0 0.0 6184.0 21.0 427.0 0.16575893914278947
39 38 39 0.0 0.0 315.0 0.0 6964.0 24.0 682.0 0.15126958400864396
39 38 40 0.0 0.0 733.0 0.0 11841.0 26.0 4839.0 0.09612743751716561
39 38 41 0.0 0.0 142.0 0.0 3955.0 15.0 163.0 0.23014959723820477
39 38 42 0.0 0.0 243.0 0.0 5547.0 29.0 318.0 0.18034265103697023
39 38 43 0.0 0.0 2.0 0.0 127.0 1.0 1.0 0.6578947368421051
39 38 44 0.0 0.0 1.0 0.0 18.0 1.0 0.0 0.6937561942517343
39 39 36 0.0 0.0 29.0 0.0 461.0 10.0 0.0 0.564516129032258
39 39 37 0.0 0.0 103.0 0.0 2878.0 18.0 87.0 0.2820874471086036
39 39 38 0.0 0.0 534.0 0.0 10082.0 16.0 2279.0 0.111014193957656
39 39 39 0.0 0.0 964.0 3.0 12760.0 22.0 10190.0 0.08900190718372536
39 39 40 0.0 0.0 955.0 11.0 12834.0 32.0 9048.0 0.08865248226950354
39 39 41 0.0 0.0 1144.0 2.0 13034.0 24.0 13217.0 0.08650519031141868
39 39 42 0.0 0.0 237.0 1.0 5354.0 17.0 336.0 0.18489170628631796
39 39 43 0.0 0.0 12.0 0.0 301.0 3.0 0.0 0.606060606060606
39 39 44 0.0 0.0 0.0 0.0 4.0 0.0 0.0 0.6986027944111775
39 40 36 0.0 0.0 10.0 0.0 161.0 1.0 0.0 0.6451612903225805
39 40 37 0.0 0.0 219.0 0.0 4939.0 20.0 216.0 0.1961333706920706
39 40 38 0.0 0.0 570.0 2.0 10214.0 33.0 2632.0 0.10970067387556807
39 40 39 0.0 0.0 1026.0 9.0 12866.0 29.0 10766.0 0.08803370433251587
39 40 40 0.0 1.0 1721.0 17.0 12636.0 49.0 27282.0 0.08547530374259721
39 40 41 1.0 3.0 767.0 55.0 12193.0 27.0 5417.0 0.09333955597039802
39 40 42 0.0 1.0 168.0 8.0 4592.0 19.0 219.0 0.20740740740740737
39 40 43 0.0 0.0 183.0 0.0 4023.0 14.0 153.0 0.22598870056497172
39 40 44 0.0 0.0 10.0 0.0 173.0 4.0 0.0 0.6424965580541532
39 41 36 0.0 0.0 2.0 0.0 48.0 2.0 0.0 0.6835937499999999
39 41 37 0.0 0.0 62.0 0.0 1560.0 8.0 13.0 0.3872752420470262
39 41 38 0.0 0.0 42.0 0.0 1659.0 11.0 26.0 0.37950664136622386
39 41 39 0.0 0.0 715.0 44.0 11536.0 31.0 4206.0 0.09800490024501224
39 41 40 0.0 0.0 1149.0 20.0 13137.0 30.0 13912.0 0.085831647354546
39 41 41 0.0 0.0 729.0 29.0 11771.0 22.0 4831.0 0.09638554216867468
39 41 42 0.0 0.0 371.0 10.0 8543.0 24.0 1593.0 0.12834616795012832
39 41 43 0.0 0.0 274.0 0.0 5677.0 18.0 347.0 0.1764335223692501
39 41 44 0.0 0.0 0.0 0.0 15.0 1.0 0.0 0.6951340615690167
39 42 36 0.0 0.0 0.0 0.0 4.0 0.0 0.0 0.6986027944111775
39 42 37 0.0 0.0 146.0 0.0 3260.0 12.0 97.0 0.2595476455320726
39 42 38 0.0 0.0 37.0 0.0 797.0 7.0 1.0 0.49557522123893794
39 42 39 0.0 0.0 73.0 0.0 1860.0 12.0 31.0 0.3570517725070135
39 42 40 0.0 0.0 383.0 35.0 7815.0 17.0 1009.0 0.13687915526007036
39 42 41 0.0 1.0 486.0 19.0 9764.0 28.0 2231.0 0.11425773280013056
39 42 42 0.0 0.0 34.0 14.0 1100.0 7.0 5.0 0.4458598726114649
39 42 43 0.0 0.0 107.0 0.0 2682.0 16.0 57.0 0.29337803855825645
39 42 44 0.0 0.0 4.0 0.0 58.0 2.0 0.0 0.6796116504854368
39 43 37 0.0 0.0 8.0 0.0 119.0 2.0 1.0 0.6588235294117646
39 43 38 0.0 0.0 3.0 0.0 90.0 1.0 0.0 0.6692160611854684
39 43 39 0.0 0.0 65.0 0.0 1840.0 12.0 20.0 0.35961983046493706
39 43 40 0.0 0.0 7.0 0.0 337.0 2.0 2.0 0.5977796754910332
39 43 41 0.0 0.0 48.0 0.0 1263.0 7.0 11.0 0.42372881355932196
39 43 42 0.0 0.0 1.0 0.0 51.0 1.0 0.0 0.68259385665529
39 43 43 0.0 0.0 0.0 0.0 6.0 0.0 0.0 0.6979062811565303
39 44 38 0.0 0.0 0.0 0.0 2.0 0.0 0.0 0.6993006993006992
39 44 39 0.0 0.0 0.0 0.0 2.0 0.0 0.0 0.6993006993006992
39 44 40 0.0 0.0 0.0 0.0 1.0 0.0 0.0 0.6996501749125437
39 44 41 0.0 0.0 0.0 0.0 4.0 0.0 0.0 0.6986027944111775
39 44 42 0.0 0.0 0.0 0.0 2.0 0.0 0.0 0.6993006993006992
40 36 37 0.0 0.0 0.0 0.0 5.0 0.0 0.0 0.6982543640897755
40 36 38 0.0 0.0 0.0 0.0 20.0 0.0 0.0 0.6930693069306929
40 36 39 0.0 0.0 10.0 0.0 110.0 5.0 0.0 0.662251655629139
40 36 40 0.0 0.0 0.0 0.0 10.0 0.0 0.0 0.6965174129353233
40 36 41 0.0 0.0 0.0 0.0 7.0 0.0 0.0 0.6975585450921773
40 36 42 0.0 0.0 0.0 0.0 12.0 0.0 0.0 0.6958250497017892
40 37 36 0.0 0.0 6.0 0.0 111.0 1.0 0.0 0.6619385342789597
40 37 37 0.0 0.0 1.0 0.0 124.0 0.0 0.0 0.6588235294117646
40 37 38 0.0 0.0 60.0 0.0 1370.0 15.0 8.0 0.40995607613469975
40 37 39 0.0 0.0 144.0 0.0 3258.0 14.0 76.0 0.2597402597402597
40 37 40 0.0 0.0 74.0 0.0 1698.0 9.0 17.0 0.37204358224820616
40 37 41 0.0 0.0 1.0 0.0 224.0 1.0 1.0 0.6294964028776977
40 37 42 0.0 0.0 1.0 0.0 78.0 0.0 0.0 0.6734006734006733
40 37 43 0.0 0.0 1.0 0.0 37.0 0.0 0.0 0.6872852233676975
40 38 36 0.0 0.0 0.0 0.0 31.0 0.0 0.0 0.6893156080748399
40 38 37 0.0 0.0 377.0 0.0 8020.0 19.0 1052.0 0.13487475915221578
40 38 38 0.0 0.0 686.0 0.0 11453.0 25.0 5266.0 0.09906594961788846
40 38 39 0.0 0.0 485.0 0.0 9527.0 18.0 1945.0 0.11664722546242293
40 38 40 0.0 0.0 511.0 0.0 9598.0 27.0 1902.0 0.11574074074074073
40 38 41 0.0 0.0 585.0 1.0 10220.0 27.0 2600.0 0.1094519584082558
40 38 42 0.0 0.0 316.0 1.0 6546.0 33.0 565.0 0.15842480479800833
40 38 43 0.0 0.0 10.0 0.0 314.0 4.0 0.0 0.6037084950409658
40 38 44 0.0 0.0 0.0 0.0 6.0 0.0 0.0 0.6979062811565303
40 39 36 0.0 0.0 8.0 0.0 173.0 2.0 1.0 0.6424965580541532
40 39 37 0.0 0.0 292.0 0.0 6154.0 24.0 423.0 0.16615238547353428
40 39 38 0.0 0.0 659.0 0.0 11313.0 29.0 3985.0 0.10029371731499391
40 39 39 0.0 2.0 1014.0 12.0 12893.0 26.0 12102.0 0.08796179944709724
40 39 40 0.0 0.0 960.0 5.0 13009.0 29.0 8292.0 0.08769182586908862
40 39 41 0.0 2.0 895.0 55.0 12504.0 28.0 7829.0 0.09056213209133837
40 39 42 0.0 0.0 695.0 1.0 11579.0 23.0 4656.0 0.09815606814835587
40 39 43 0.0 0.0 82.0 0.0 1836.0 6.0 15.0 0.3578732106339468
40 39 44 0.0 0.0 0.0 0.0 9.0 0.0 0.0 0.6968641114982577
40 39 45 0.0 0.0 0.0 0.0 1.0 0.0 0.0 0.6996501749125437
40 40 35 0.0 0.0 0.0 0.0 1.0 0.0 0.0 0.6996501749125437
40 40 36 0.0 0.0 75.0 0.0 1953.0 11.0 15.0 0.3485187951207368
40 40 37 0.0 0.0 265.0 0.0 5955.0 24.0 407.0 0.17083587553386206
40 40 38 0.0 0.0 783.0 0.0 12216.0 32.0 5838.0 0.09340805978115825
40 40 39 0.0 8.0 1155.0 70.0 13081.0 37.0 13460.0 0.08582638548307993
40 40 40 10.0 55.0 2282.0 396.0 10097.0 59.0 49929.0 0.09431420102398275
40 40 41 0.0 3.0 1614.0 37.0 12963.0 44.0 23337.0 0.08421052631578946
40 40 42 0.0 2.0 578.0 21.0 10758.0 26.0 3445.0 0.1048689138576779
40 40 43 0.0 0.0 173.0 0.0 4082.0 19.0 147.0 0.2243949350857509
40 40 44 0.0 0.0 0.0 0.0 11.0 0.0 0.0 0.6961710591745399
40 41 35 0.0 0.0 0.0 0.0 6.0 0.0 0.0 0.6979062811565303
40 41 36 0.0 0.0 0.0 0.0 37.0 1.0 0.0 0.6876227897838899
40 41 37 0.0 0.0 148.0 0.0 3928.0 13.0 131.0 0.23071852340145022
40 41 38 0.0 0.0 418.0 1.0 7743.0 26.0 844.0 0.1380670611439842
40 41 39 0.0 0.0 738.0 2.0 11754.0 28.0 4702.0 0.09663169519602428
40 41 40 0.0 5.0 941.0 79.0 12868.0 32.0 8937.0 0.08812236419714231
40 41 41 0.0 306.0 671.0 5074.0 8786.0 26.0 7382.0 0.08314526665874807
40 41 42 0.0 0.0 635.0 15.0 11377.0 18.0 3939.0 0.0998217468805704
40 41 43 0.0 0.0 9.0 0.0 385.0 2.0 2.0 0.5857740585774057
40 41 44 0.0 0.0 3.0 0.0 49.0 2.0 0.0 0.6829268292682925
40 42 35 0.0 0.0 0.0 0.0 1.0 0.0 0.0 0.6996501749125437
40 42 36 0.0 0.0 0.0 0.0 17.0 1.0 0.0 0.6944444444444444
40 42 37 0.0 0.0 1.0 0.0 104.0 1.0 0.0 0.6653992395437262
40 42 38 0.0 0.0 369.0 0.0 8085.0 22.0 1276.0 0.1341638715860086
40 42 39 0.0 0.0 290.0 0.0 6393.0 22.0 531.0 0.16160683366039474
40 42 40 0.0 0.0 790.0 11.0 12004.0 33.0 4918.0 0.09462016761286833
40 42 41 0.0 1.0 291.0 28.0 6387.0 18.0 540.0 0.1611232592933594
40 42 42 0.0 0.0 37.0 52.0 1069.0 9.0 13.0 0.4447268106734434
40 42 43 0.0 0.0 202.0 0.0 4621.0 16.0 185.0 0.20564042303172733
40 42 44 0.0 0.0 0.0 0.0 14.0 1.0 0.0 0.695479384003974
40 43 36 0.0 0.0 0.0 0.0 1.0 0.0 0.0 0.6996501749125437
40 43 37 0.0 0.0 0.0 0.0 21.0 0.0 0.0 0.6927263730826323
40 43 38 0.0 0.0 65.0 0.0 1259.0 14.0 5.0 0.4229607250755286
40 43 39 0.0 0.0 29.0 0.0 767.0 9.0 5.0 0.5023322569070685
40 43 40 0.0 0.0 9.0 3.0 347.0 3.0 1.0 0.5942275042444821
40 43 41 0.0 0.0 187.0 0.0 4141.0 18.0 157.0 0.22183489145935667
40 43 42 0.0 0.0 9.0 0.0 300.0 4.0 0.0 0.6073752711496745
40 43 43 0.0 0.0 0.0 0.0 25.0 0.0 0.0 0.6913580246913579
40 43 44 0.0 0.0 0.0 0.0 6.0 0.0 0.0 0.6979062811565303
40 44 40 0.0 0.0 0.0 0.0 6.0 0.0 0.0 0.6979062811565303
40 44 41 0.0 0.0 0.0 0.0 4.0 0.0 0.0 0.6986027944111775
41 36 36 0.0 0.0 0.0 0.0 6.0 0.0 0.0 0.6979062811565303
41 36 37 0.0 0.0 0.0 0.0 7.0 0.0 0.0 0.6975585450921773
41 36 38 0.0 0.0 0.0 0.0 22.0 0.0 0.0 0.6923837784371908
41 36 39 0.0 0.0 1.0 0.0 32.0 2.0 0.0 0.6893156080748399
41 36 40 0.0 0.0 0.0 0.0 15.0 0.0 0.0 0.694789081885856
41 36 41 0.0 0.0 0.0 0.0 3.0 0.0 0.0 0.6993006993006992
41 37 36 0.0 0.0 8.0 0.0 95.0 1.0 0.0 0.6660323501427211
41 37 37 0.0 0.0 245.0 0.0 5114.0 20.0 268.0 0.19076168415315436
41 37 38 0.0 0.0 81.0 0.0 1773.0 11.0 17.0 0.3642987249544626
41 37 39 0.0 0.0 338.0 0.0 6966.0 14.0 712.0 0.15069967707212054
41 37 40 0.0 0.0 8.0 0.0 356.0 4.0 2.0 0.5932203389830507
41 37 41 0.0 0.0 55.0 0.0 1274.0 8.0 11.0 0.42155977115326704
41 37 42 0.0 0.0 26.0 0.0 654.0 3.0 0.0 0.5233644859813084
41 37 43 0.0 0.0 0.0 0.0 19.0 0.0 0.0 0.6934125804853887
41 38 36 0.0 0.0 3.0 0.0 57.0 1.0 0.0 0.6802721088435373
41 38 37 0.0 0.0 27.0 0.0 817.0 7.0 1.0 0.4936530324400563
41 38 38 0.0 0.0 509.0 0.0 10021.0 18.0 2519.0 0.11178537208559565
41 38 39 0.0 0.0 298.0 0.0 6825.0 22.0 624.0 0.1537954520487751
41 38 40 0.0 0.0 270.0 0.0 6361.0 23.0 568.0 0.16265830138259554
41 38 41 0.0 2.0 278.0 67.0 6062.0 29.0 511.0 0.16694490818030047
41 38 42 0.0 0.0 311.0 0.0 6740.0 30.0 652.0 0.15514184397163117
41 38 43 0.0 0.0 44.0 0.0 1011.0 7.0 8.0 0.4593175853018372
41 38 44 0.0 0.0 0.0 0.0 9.0 0.0 0.0 0.6968641114982577
41 39 36 0.0 0.0 1.0 0.0 61.0 1.0 0.0 0.6796116504854368
41 39 37 0.0 0.0 108.0 0.0 2239.0 14.0 24.0 0.3231017770597738
41 39 38 0.0 0.0 578.0 0.0 10376.0 30.0 2646.0 0.10825021263434623
41 39 39 0.0 0.0 1312.0 3.0 13084.0 35.0 17439.0 0.08537626539821928
41 39 40 0.0 0.0 940.0 3.0 12868.0 32.0 8380.0 0.08860759493670885
41 39 41 0.0 0.0 1297.0 6.0 13050.0 40.0 16937.0 0.08566358685675823
41 39 42 0.0 0.0 636.0 0.0 11309.0 38.0 4393.0 0.10058193835764064
41 39 43 0.0 0.0 169.0 0.0 4170.0 15.0 158.0 0.2213438735177865
41 39 44 0.0 0.0 5.0 0.0 93.0 2.0 0.0 0.6679389312977099
41 40 35 0.0 0.0 0.0 0.0 1.0 0.0 0.0 0.6996501749125437
41 40 36 0.0 0.0 42.0 0.0 900.0 7.0 2.0 0.47700170357751276
41 40 37 0.0 0.0 279.0 0.0 6438.0 13.0 574.0 0.16079016882967725
41 40 38 0.0 0.0 596.0 0.0 10496.0 30.0 2556.0 0.10705000764642911
41 40 39 0.0 0.0 1039.0 10.0 13002.0 40.0 11076.0 0.0873035669743078
41 40 40 0.0 0.0 799.0 17.0 12394.0 30.0 6460.0 0.09203865623561894
41 40 41 0.0 1.0 1428.0 15.0 12657.0 35.0 21793.0 0.0868917576961271
41 40 42 0.0 1.0 714.0 13.0 11572.0 28.0 4269.0 0.09797060881735478
41 40 43 0.0 0.0 43.0 0.0 1357.0 9.0 6.0 0.4128575641403715
41 40 44 0.0 0.0 4.0 0.0 47.0 1.0 0.0 0.6829268292682925
41 41 35 0.0 0.0 0.0 0.0 1.0 0.0 0.0 0.6996501749125437
41 41 36 0.0 0.0 103.0 0.0 2266.0 17.0 37.0 0.3216911764705882
41 41 37 0.0 0.0 424.0 0.0 8517.0 26.0 1345.0 0.1281112737920937
41 41 38 0.0 0.0 623.0 1.0 10680.0 24.0 2990.0 0.10527898932170249
41 41 39 0.0 1.0 1261.0 7.0 13400.0 33.0 14371.0 0.08400336013440536
41 41 40 0.0 1.0 1179.0 11.0 13152.0 33.0 14479.0 0.08565310492505353
41 41 41 0.0 3.0 865.0 38.0 12550.0 34.0 7132.0 0.09065596062941138
41 41 42 0.0 0.0 209.0 13.0 5216.0 19.0 298.0 0.18857758620689655
41 41 43 0.0 0.0 80.0 0.0 1982.0 14.0 27.0 0.34584980237154145
41 41 44 0.0 0.0 0.0 0.0 7.0 0.0 0.0 0.6975585450921773
41 42 35 0.0 0.0 0.0 0.0 2.0 0.0 0.0 0.6993006993006992
41 42 36 0.0 0.0 0.0 0.0 15.0 0.0 0.0 0.694789081885856
41 42 37 0.0 0.0 8.0 0.0 206.0 1.0 0.0 0.6331976481230212
41 42 38 0.0 0.0 20.0 0.0 1000.0 5.0 6.0 0.46465316959840686
41 42 39 0.0 0.0 268.0 0.0 6013.0 14.0 455.0 0.16926611050658927
41 42 40 0.0 0.0 487.0 19.0 8887.0 28.0 1363.0 0.12316354359109702
41 42 41 0.0 0.0 230.0 16.0 5244.0 19.0 270.0 0.1872909698996655
41 42 42 0.0 0.0 320.0 5.0 6598.0 20.0 604.0 0.1571621014818141
41 42 43 0.0 0.0 142.0 0.0 2834.0 24.0 53.0 0.2825428859737638
41 42 44 0.0 0.0 0.0 0.0 3.0 0.0 0.0 0.6989515726410384
41 43 37 0.0 0.0 0.0 0.0 20.0 0.0 0.0 0.6930693069306929
41 43 38 0.0 0.0 1.0 0.0 75.0 1.0 0.0 0.6746987951807227
41 43 39 0.0 0.0 20.0 0.0 726.0 4.0 2.0 0.510948905109489
41 43 40 0.0 0.0 31.0 0.0 964.0 6.0 5.0 0.46854082998661306
41 43 41 0.0 0.0 21.0 0.0 458.0 4.0 0.0 0.5656565656565656
41 43 42 0.0 0.0 14.0 0.0 244.0 6.0 0.0 0.6216696269982237
41 43 43 0.0 0.0 0.0 0.0 19.0 0.0 0.0 0.6934125804853887
41 43 44 0.0 0.0 0.0 0.0 3.0 0.0 0.0 0.6989515726410384
41 44 40 0.0 0.0 0.0 0.0 3.0 0.0 0.0 0.6989515726410384
41 44 41 0.0 0.0 0.0 0.0 3.0 0.0 0.0 0.6989515726410384
41 44 42 0.0 0.0 0.0 0.0 4.0 0.0 0.0 0.6986027944111775
42 36 36 0.0 0.0 0.0 0.0 3.0 0.0 0.0 0.6989515726410384
42 36 37 0.0 0.0 0.0 0.0 4.0 0.0 0.0 0.6986027944111775
42 36 38 0.0 0.0 1.0 0.0 22.0 1.0 0.0 0.6923837784371908
42 36 39 0.0 0.0 0.0 0.0 14.0 0.0 0.0 0.6951340615690167
42 36 40 0.0 0.0 2.0 0.0 56.0 2.0 0.0 0.6809338521400777
42 37 36 0.0 0.0 0.0 0.0 5.0 1.0 0.0 0.6986027944111775
42 37 37 0.0 0.0 6.0 0.0 155.0 1.0 0.0 0.648148148148148
42 37 38 0.0 0.0 17.0 0.0 610.0 5.0 1.0 0.5343511450381678
42 37 39 0.0 0.0 145.0 0.0 3426.0 14.0 100.0 0.251889168765743
42 37 40 0.0 0.0 36.0 0.0 1040.0 3.0 6.0 0.4555808656036446
42 37 41 0.0 0.0 28.0 0.0 542.0 8.0 1.0 0.5464480874316939
42 37 42 0.0 0.0 0.0 0.0 23.0 0.0 0.0 0.6920415224913494
42 37 43 0.0 0.0 0.0 0.0 27.0 0.0 0.0 0.6906758756783422
42 37 44 0.0 0.0 0.0 0.0 6.0 0.0 0.0 0.6979062811565303
42 38 36 0.0 0.0 2.0 0.0 8.0 0.0 0.0 0.6965174129353233
42 38 37 0.0 0.0 34.0 0.0 826.0 8.0 6.0 0.49088359046283303
42 38 38 0.0 0.0 495.0 0.0 9437.0 15.0 2027.0 0.11734137959936299
42 38 39 0.0 0.0 645.0 0.0 11039.0 26.0 3658.0 0.10236162901221027
42 38 40 0.0 0.0 303.0 0.0 6587.0 18.0 572.0 0.15781760793597113
42 38 41 0.0 0.0 294.0 0.0 6124.0 27.0 467.0 0.16678579938050983
42 38 42 0.0 0.0 71.0 0.0 1902.0 14.0 23.0 0.3536246526900732
42 38 43 0.0 0.0 75.0 0.0 1781.0 10.0 20.0 0.3641092327698309
42 38 44 0.0 0.0 0.0 0.0 13.0 0.0 0.0 0.695479384003974
42 39 36 0.0 0.0 2.0 0.0 33.0 0.0 0.0 0.6879606879606879
42 39 37 0.0 0.0 180.0 0.0 4042.0 19.0 159.0 0.22562449637389198
42 39 38 0.0 0.0 270.0 0.0 5861.0 25.0 439.0 0.17269026766991488
42 39 39 0.0 0.0 410.0 1.0 8905.0 14.0 1689.0 0.12369676621311183
42 39 40 0.0 1.0 381.0 2.0 7957.0 11.0 957.0 0.13546202225447507
42 39 41 0.0 0.0 497.0 0.0 9575.0 22.0 2018.0 0.1160669872326314
42 39 42 0.0 0.0 577.0 0.0 10786.0 20.0 3910.0 0.10483750187209824
42 39 43 0.0 0.0 335.0 0.0 6657.0 18.0 567.0 0.15590200445434294
42 39 44 0.0 0.0 0.0 0.0 27.0 0.0 0.0 0.6906758756783422
42 40 35 0.0 0.0 0.0 0.0 2.0 0.0 0.0 0.6993006993006992
42 40 36 0.0 0.0 0.0 0.0 39.0 0.0 0.0 0.6866110838646394
42 40 37 0.0 0.0 159.0 0.0 3719.0 17.0 120.0 0.23890784982935148
42 40 38 0.0 0.0 875.0 0.0 12475.0 34.0 6447.0 0.09128847157016169
42 40 39 0.0 0.0 835.0 0.0 12503.0 40.0 5688.0 0.091324200913242
42 40 40 0.0 0.0 904.0 1.0 12603.0 27.0 8952.0 0.09024688970540835
42 40 41 0.0 0.0 550.0 0.0 9965.0 12.0 2241.0 0.11182108626198081
42 40 42 0.0 0.0 447.0 2.0 9255.0 20.0 1932.0 0.11971951428082776
42 40 43 0.0 0.0 103.0 0.0 2508.0 15.0 33.0 0.3046127067014795
42 40 44 0.0 0.0 1.0 0.0 75.0 0.0 0.0 0.6743737957610789
42 41 35 0.0 0.0 0.0 0.0 1.0 0.0 0.0 0.6996501749125437
42 41 36 0.0 0.0 3.0 0.0 36.0 0.0 0.0 0.6866110838646394
42 41 37 0.0 0.0 54.0 0.0 1228.0 10.0 3.0 0.4276114844227244
42 41 38 0.0 0.0 158.0 0.0 3477.0 12.0 87.0 0.24897741419171257
42 41 39 0.0 0.0 530.0 0.0 9975.0 22.0 2517.0 0.11205378581719223
42 41 40 0.0 0.0 383.0 0.0 7844.0 30.0 966.0 0.1372145447417426
42 41 41 0.0 0.0 800.0 0.0 12097.0 22.0 6668.0 0.09400389444705565
42 41 42 0.0 0.0 379.0 0.0 8137.0 23.0 1191.0 0.13328255902513328
42 41 43 0.0 0.0 15.0 0.0 504.0 5.0 0.0 0.5568814638027048
42 41 44 0.0 0.0 0.0 0.0 5.0 0.0 0.0 0.6982543640897755
42 42 36 0.0 0.0 0.0 0.0 17.0 0.0 0.0 0.6944444444444444
42 42 37 0.0 0.0 0.0 0.0 45.0 0.0 0.0 0.6845965770171147
42 42 38 0.0 0.0 146.0 0.0 4361.0 10.0 214.0 0.21535148438701734
42 42 39 0.0 0.0 335.0 0.0 7273.0 15.0 765.0 0.145787774653754
42 42 40 0.0 0.0 625.0 0.0 10690.0 25.0 3484.0 0.10522360015031941
42 42 41 0.0 0.0 325.0 0.0 6924.0 24.0 697.0 0.15167930660888404
42 42 42 0.0 0.0 257.0 0.0 5844.0 18.0 423.0 0.17313875834776155
42 42 43 0.0 0.0 6.0 0.0 184.0 0.0 1.0 0.639269406392694
42 42 44 0.0 0.0 0.0 0.0 2.0 0.0 0.0 0.6993006993006992
42 43 37 0.0 0.0 0.0 0.0 3.0 0.0 0.0 0.6989515726410384
42 43 38 0.0 0.0 0.0 0.0 23.0 0.0 0.0 0.6920415224913494
42 43 39 0.0 0.0 58.0 0.0 1161.0 9.0 4.0 0.4362729822374571
42 43 40 0.0 0.0 3.0 0.0 282.0 1.0 0.0 0.6134969325153373
42 43 41 0.0 0.0 35.0 0.0 1068.0 4.0 8.0 0.451758631816715
42 43 42 0.0 0.0 0.0 0.0 23.0 0.0 0.0 0.6920415224913494
42 43 43 0.0 0.0 0.0 0.0 13.0 0.0 0.0 0.695479384003974
42 43 44 0.0 0.0 0.0 0.0 1.0 0.0 0.0 0.6996501749125437
42 44 40 0.0 0.0 0.0 0.0 2.0 0.0 0.0 0.6993006993006992
43 36 38 0.0 0.0 0.0 0.0 5.0 0.0 0.0 0.6982543640897755
43 36 39 0.0 0.0 1.0 0.0 13.0 1.0 0.0 0.695479384003974
43 36 40 0.0 0.0 0.0 0.0 5.0 0.0 0.0 0.6982543640897755
43 37 37 0.0 0.0 0.0 0.0 25.0 0.0 0.0 0.6913580246913579
43 37 38 0.0 0.0 97.0 0.0 2145.0 19.0 28.0 0.33151787828557894
43 37 39 0.0 0.0 10.0 0.0 314.0 2.0 1.0 0.6029285099052539
43 37 40 0.0 0.0 4.0 0.0 157.0 1.0 0.0 0.648148148148148
43 37 41 0.0 0.0 7.0 0.0 157.0 4.0 0.0 0.6484483557202407
43 37 42 0.0 0.0 0.0 0.0 20.0 0.0 0.0 0.6930693069306929
43 37 43 0.0 0.0 0.0 0.0 3.0 0.0 0.0 0.6989515726410384
43 38 37 0.0 0.0 10.0 0.0 318.0 2.0 0.0 0.6018916595012896
43 38 38 0.0 0.0 109.0 0.0 2257.0 22.0 23.0 0.3223578171770665
43 38 39 0.0 0.0 164.0 0.0 3908.0 13.0 109.0 0.2310612312262749
43 38 40 0.0 0.0 45.0 0.0 998.0 11.0 0.0 0.4617414248021107
43 38 41 0.0 0.0 93.0 0.0 2032.0 8.0 20.0 0.34005343696866647
43 38 42 0.0 0.0 196.0 0.0 4299.0 21.0 150.0 0.21624961383997526
43 38 43 0.0 0.0 1.0 0.0 65.0 1.0 0.0 0.6779661016949151
43 38 44 0.0 0.0 0.0 0.0 3.0 0.0 0.0 0.6989515726410384
43 39 36 0.0 0.0 0.0 0.0 5.0 0.0 0.0 0.6982543640897755
43 39 37 0.0 0.0 21.0 0.0 579.0 7.0 1.0 0.5399151561897415
43 39 38 0.0 0.0 50.0 0.0 1384.0 8.0 9.0 0.4086398131932282
43 39 39 0.0 0.0 196.0 0.0 4632.0 20.0 245.0 0.20564042303172733
43 39 40 0.0 0.0 351.0 0.0 7444.0 25.0 840.0 0.14322250639386186
43 39 41 0.0 0.0 130.0 0.0 2832.0 26.0 46.0 0.2836879432624113
43 39 42 0.0 0.0 96.0 0.0 2239.0 12.0 43.0 0.32392410920869963
43 39 43 0.0 0.0 15.0 0.0 575.0 5.0 0.0 0.541586073500967
43 39 44 0.0 0.0 0.0 0.0 25.0 0.0 0.0 0.6913580246913579
43 40 36 0.0 0.0 0.0 0.0 7.0 0.0 0.0 0.6975585450921773
43 40 37 0.0 0.0 85.0 0.0 2169.0 13.0 30.0 0.3301108229191228
43 40 38 0.0 0.0 116.0 0.0 3173.0 16.0 103.0 0.2656042496679947
43 40 39 0.0 0.0 173.0 0.0 4177.0 10.0 161.0 0.2207853650843715
43 40 40 0.0 0.0 182.0 0.0 4561.0 12.0 223.0 0.2080237741456166
43 40 41 0.0 0.0 143.0 0.0 3447.0 18.0 99.0 0.25107604017216634
43 40 42 0.0 0.0 88.0 0.0 2062.0 18.0 18.0 0.33881897386253623
43 40 43 0.0 0.0 223.0 0.0 4956.0 25.0 259.0 0.19564002235885966
43 40 44 0.0 0.0 0.0 0.0 10.0 0.0 0.0 0.6968641114982577
43 41 36 0.0 0.0 0.0 0.0 6.0 0.0 0.0 0.6979062811565303
43 41 37 0.0 0.0 2.0 0.0 144.0 2.0 0.0 0.6529850746268656
43 41 38 0.0 0.0 23.0 0.0 793.0 9.0 2.0 0.4987531172069825
43 41 39 0.0 0.0 247.0 0.0 5736.0 14.0 394.0 0.17554858934169276
43 41 40 0.0 0.0 221.0 0.0 5315.0 17.0 343.0 0.18612071257644242
43 41 41 0.0 0.0 213.0 0.0 4655.0 23.0 206.0 0.20446911055936903
43 41 42 0.0 0.0 43.0 0.0 1304.0 5.0 9.0 0.4189108318372231
43 41 43 0.0 0.0 2.0 0.0 107.0 2.0 0.0 0.6644518272425248
43 41 44 0.0 0.0 0.0 0.0 1.0 0.0 0.0 0.6996501749125437
43 42 36 0.0 0.0 0.0 0.0 1.0 0.0 0.0 0.6996501749125437
43 42 37 0.0 0.0 0.0 0.0 7.0 0.0 0.0 0.6975585450921773
43 42 38 0.0 0.0 31.0 0.0 594.0 8.0 1.0 0.5351681957186544
43 42 39 0.0 0.0 7.0 0.0 232.0 5.0 0.0 0.6269592476489028
43 42 40 0.0 0.0 129.0 0.0 3362.0 14.0 79.0 0.2556143874383786
43 42 41 0.0 0.0 8.0 0.0 385.0 2.0 1.0 0.5855290673358426
43 42 42 0.0 0.0 8.0 0.0 257.0 4.0 0.0 0.6191950464396283
43 42 43 0.0 0.0 1.0 0.0 16.0 0.0 0.0 0.694100148735746
43 43 37 0.0 0.0 0.0 0.0 5.0 0.0 0.0 0.6982543640897755
43 43 38 0.0 0.0 0.0 0.0 14.0 0.0 0.0 0.6951340615690167
43 43 39 0.0 0.0 1.0 0.0 70.0 0.0 0.0 0.6760019314340897
43 43 40 0.0 0.0 3.0 0.0 72.0 3.0 0.0 0.6756756756756755
43 43 41 0.0 0.0 10.0 0.0 296.0 3.0 0.0 0.60790273556231
43 43 42 0.0 0.0 2.0 0.0 26.0 0.0 0.0 0.690335305719921
43 43 43 0.0 0.0 0.0 0.0 12.0 0.0 0.0 0.6958250497017892
43 44 40 0.0 0.0 1.0 0.0 1.0 0.0 0.0 0.6993006993006992
44 36 38 0.0 0.0 0.0 0.0 2.0 0.0 0.0 0.6993006993006992
44 36 39 0.0 0.0 1.0 0.0 11.0 0.0 0.0 0.6958250497017892
44 37 39 0.0 0.0 0.0 0.0 12.0 0.0 0.0 0.6958250497017892
44 37 40 0.0 0.0 0.0 0.0 8.0 0.0 0.0 0.697211155378486
44 37 41 0.0 0.0 0.0 0.0 2.0 0.0 0.0 0.6993006993006992
44 37 42 0.0 0.0 0.0 0.0 5.0 0.0 0.0 0.6982543640897755
44 37 43 0.0 0.0 0.0 0.0 5.0 0.0 0.0 0.6982543640897755
44 38 37 0.0 0.0 0.0 0.0 1.0 0.0 0.0 0.6996501749125437
44 38 38 0.0 0.0 0.0 0.0 9.0 0.0 0.0 0.6968641114982577
44 38 39 0.0 0.0 0.0 0.0 29.0 0.0 0.0 0.6899950714637751
44 38 40 0.0 0.0 162.0 0.0 3474.0 21.0 93.0 0.24928774928774922
44 38 41 0.0 0.0 0.0 0.0 9.0 0.0 0.0 0.6968641114982577
44 38 42 0.0 0.0 1.0 0.0 15.0 0.0 0.0 0.6944444444444444
44 38 43 0.0 0.0 0.0 0.0 4.0 0.0 0.0 0.6986027944111775
44 39 37 0.0 0.0 0.0 0.0 5.0 0.0 0.0 0.6982543640897755
44 39 38 0.0 0.0 0.0 0.0 7.0 0.0 0.0 0.6975585450921773
44 39 39 0.0 0.0 4.0 0.0 52.0 2.0 0.0 0.6815968841285296
44 39 40 0.0 0.0 12.0 0.0 259.0 3.0 0.0 0.6172839506172839
44 39 41 0.0 0.0 0.0 0.0 28.0 1.0 0.0 0.6906758756783422
44 39 42 0.0 0.0 2.0 0.0 50.0 1.0 0.0 0.68259385665529
44 39 43 0.0 0.0 0.0 0.0 9.0 0.0 0.0 0.6968641114982577
44 39 44 0.0 0.0 0.0 0.0 1.0 0.0 0.0 0.6996501749125437
44 40 37 0.0 0.0 0.0 0.0 2.0 0.0 0.0 0.6993006993006992
44 40 38 0.0 0.0 0.0 0.0 30.0 0.0 0.0 0.689655172413793
44 40 39 0.0 0.0 0.0 0.0 39.0 0.0 0.0 0.6866110838646394
44 40 40 0.0 0.0 101.0 0.0 2617.0 12.0 48.0 0.29755579171094576
44 40 41 0.0 0.0 0.0 0.0 29.0 0.0 0.0 0.6899950714637751
44 40 42 0.0 0.0 1.0 0.0 12.0 0.0 0.0 0.695479384003974
44 40 43 0.0 0.0 0.0 0.0 9.0 0.0 0.0 0.6968641114982577
44 40 44 0.0 0.0 0.0 0.0 2.0 0.0 0.0 0.6993006993006992
44 41 36 0.0 0.0 0.0 0.0 1.0 0.0 0.0 0.6996501749125437
44 41 37 0.0 0.0 0.0 0.0 2.0 0.0 0.0 0.6993006993006992
44 41 38 0.0 0.0 0.0 0.0 12.0 0.0 0.0 0.6958250497017892
44 41 39 0.0 0.0 4.0 0.0 96.0 2.0 0.0 0.6673021925643469
44 41 40 0.0 0.0 0.0 0.0 10.0 0.0 0.0 0.6965174129353233
44 41 41 0.0 0.0 0.0 0.0 23.0 0.0 0.0 0.6920415224913494
44 41 42 0.0 0.0 0.0 0.0 9.0 0.0 0.0 0.6968641114982577
44 41 43 0.0 0.0 0.0 0.0 3.0 0.0 0.0 0.6989515726410384
44 41 44 0.0 0.0 0.0 0.0 2.0 0.0 0.0 0.6996501749125437
44 42 38 0.0 0.0 0.0 0.0 3.0 0.0 0.0 0.6989515726410384
44 42 39 0.0 0.0 50.0 0.0 1389.0 5.0 14.0 0.40768782760628997
44 42 40 0.0 0.0 0.0 0.0 17.0 0.0 0.0 0.6944444444444444
44 42 41 0.0 0.0 0.0 0.0 8.0 0.0 0.0 0.697211155378486
44 42 42 0.0 0.0 0.0 0.0 1.0 0.0 0.0 0.6996501749125437
44 42 43 0.0 0.0 0.0 0.0 1.0 0.0 0.0 0.6996501749125437
44 43 39 0.0 0.0 0.0 0.0 2.0 0.0 0.0 0.6993006993006992
44 43 40 0.0 0.0 0.0 0.0 3.0 0.0 0.0 0.6989515726410384
44 43 41 0.0 0.0 0.0 0.0 2.0 0.0 0.0 0.6993006993006992
45 37 40 0.0 0.0 0.0 0.0 4.0 0.0 0.0 0.6986027944111775
45 37 41 0.0 0.0 0.0 0.0 2.0 0.0 0.0 0.6993006993006992
45 38 40 0.0 0.0 0.0 0.0 5.0 0.0 0.0 0.6982543640897755
45 38 41 0.0 0.0 6.0 0.0 215.0 2.0 1.0 0.6309148264984226
45 39 39 0.0 0.0 0.0 0.0 2.0 0.0 0.0 0.6993006993006992
45 39 40 0.0 0.0 0.0 0.0 7.0 0.0 0.0 0.6975585450921773
45 39 41 0.0 0.0 0.0 0.0 4.0 0.0 0.0 0.6986027944111775
45 40 41 0.0 0.0 0.0 0.0 3.0 0.0 0.0 0.6989515726410384
45 41 38 0.0 0.0 0.0 0.0 1.0 0.0 0.0 0.6996501749125437
45 41 39 0.0 0.0 1.0 0.0 5.0 0.0 0.0 0.6979062811565303
45 41 40 0.0 0.0 0.0 0.0 1.0 0.0 0.0 0.6996501749125437
45 42 40 0.0 0.0 0.0 0.0 1.0 0.0 0.0 0.6996501749125437
