37 38 38 0.0 0.0 0.0 0.0 3.0 0.0 0.0 0.6989515726410384
37 38 39 0.0 0.0 0.0 0.0 6.0 0.0 0.0 0.6979062811565303
37 38 40 0.0 0.0 0.0 0.0 9.0 0.0 0.0 0.6968641114982577
37 38 41 0.0 0.0 1.0 0.0 24.0 1.0 0.0 0.6920415224913494
37 39 38 0.0 0.0 0.0 0.0 6.0 0.0 0.0 0.6979062811565303
37 39 39 0.0 0.0 0.0 0.0 5.0 0.0 0.0 0.6982543640897755
37 39 40 0.0 0.0 0.0 0.0 5.0 0.0 0.0 0.6982543640897755
37 39 41 0.0 0.0 0.0 0.0 3.0 0.0 0.0 0.6989515726410384
37 40 38 0.0 0.0 0.0 0.0 8.0 0.0 0.0 0.697211155378486
37 40 39 0.0 0.0 4.0 0.0 57.0 0.0 0.0 0.6792819019893255
37 40 40 0.0 0.0 0.0 0.0 21.0 0.0 0.0 0.6927263730826323
37 40 41 0.0 0.0 0.0 0.0 20.0 0.0 0.0 0.6930693069306929
37 41 38 0.0 0.0 0.0 0.0 1.0 0.0 0.0 0.6996501749125437
37 41 39 0.0 0.0 0.0 0.0 3.0 0.0 0.0 0.6989515726410384
37 41 40 0.0 0.0 1.0 0.0 16.0 0.0 0.0 0.694100148735746
37 41 41 0.0 0.0 0.0 0.0 5.0 0.0 0.0 0.6982543640897755
37 41 42 0.0 0.0 10.0 0.0 128.0 2.0 0.0 0.6554307116104868
37 42 39 0.0 0.0 0.0 0.0 8.0 0.0 0.0 0.697211155378486
37 42 40 0.0 0.0 0.0 0.0 6.0 0.0 0.0 0.6979062811565303
37 42 41 0.0 0.0 0.0 0.0 6.0 0.0 0.0 0.6979062811565303
38 38 38 0.0 0.0 3.0 0.0 55.0 0.0 0.0 0.6802721088435373
38 38 39 0.0 0.0 1.0 0.0 50.0 1.0 0.0 0.6829268292682925
38 38 40 0.0 0.0 0.0 0.0 43.0 0.0 0.0 0.6852667645619186
38 38 41 0.0 0.0 3.0 0.0 78.0 1.0 0.0 0.6730769230769229
38 38 42 0.0 0.0 0.0 0.0 16.0 1.0 0.0 0.694789081885856
38 39 38 0.0 0.0 0.0 0.0 42.0 0.0 0.0 0.6856023506366307
38 39 39 0.0 0.0 177.0 0.0 4386.0 15.0 186.0 0.21377309512902729
38 39 40 0.0 0.0 194.0 0.0 4675.0 17.0 190.0 0.20429009193054135
38 39 41 0.0 0.0 3.0 0.0 196.0 1.0 1.0 0.6369426751592355
38 39 42 0.0 0.0 0.0 0.0 21.0 0.0 0.0 0.6927263730826323
38 40 37 0.0 0.0 0.0 0.0 1.0 0.0 0.0 0.6996501749125437
38 40 38 0.0 0.0 0.0 0.0 22.0 0.0 0.0 0.6923837784371908
38 40 39 0.0 0.0 68.0 0.0 1185.0 10.0 5.0 0.4316990440949737
38 40 40 0.0 0.0 70.0 0.0 1707.0 9.0 11.0 0.3715498938428874
38 40 41 0.0 0.0 68.0 0.0 1667.0 14.0 12.0 0.3761418592154755
38 40 42 0.0 0.0 0.0 0.0 20.0 0.0 0.0 0.6930693069306929
38 41 38 0.0 0.0 0.0 2.0 15.0 0.0 0.0 0.694100148735746
38 41 39 0.0 0.0 38.0 0.0 1081.0 7.0 4.0 0.4498714652956297
38 41 40 0.0 0.0 245.0 0.0 5696.0 14.0 415.0 0.17656703241266236
38 41 41 0.0 0.0 4.0 0.0 256.0 3.0 0.0 0.620292423571112
38 41 42 0.0 0.0 0.0 0.0 5.0 0.0 0.0 0.6982543640897755
38 42 38 0.0 0.0 0.0 0.0 1.0 0.0 0.0 0.6996501749125437
38 42 39 0.0 0.0 2.0 0.0 28.0 0.0 0.0 0.689655172413793
38 42 40 0.0 0.0 25.0 0.0 704.0 2.0 1.0 0.5135730007336756
38 42 41 0.0 0.0 2.0 0.0 57.0 0.0 0.0 0.6799417192812044
38 42 42 0.0 0.0 0.0 0.0 3.0 0.0 0.0 0.6989515726410384
38 43 40 0.0 0.0 0.0 0.0 1.0 0.0 0.0 0.6996501749125437
39 37 37 0.0 0.0 0.0 0.0 1.0 0.0 0.0 0.6996501749125437
39 37 38 0.0 0.0 0.0 0.0 3.0 0.0 0.0 0.6989515726410384
39 37 39 0.0 0.0 0.0 0.0 2.0 0.0 0.0 0.6993006993006992
39 37 40 0.0 0.0 1.0 0.0 1.0 0.0 0.0 0.6993006993006992
39 38 37 0.0 0.0 0.0 0.0 3.0 0.0 0.0 0.6989515726410384
39 38 38 0.0 0.0 0.0 0.0 21.0 0.0 0.0 0.6927263730826323
39 38 39 0.0 0.0 2.0 0.0 121.0 1.0 0.0 0.6597549481621111
39 38 40 0.0 0.0 95.0 0.0 2021.0 11.0 22.0 0.3410475030450669
39 38 41 0.0 0.0 1.0 0.0 49.0 0.0 0.0 0.6829268292682925
39 38 42 0.0 0.0 0.0 0.0 31.0 0.0 0.0 0.6893156080748399
39 38 43 0.0 0.0 0.0 0.0 2.0 1.0 0.0 0.6996501749125437
39 39 37 0.0 0.0 0.0 0.0 1.0 0.0 0.0 0.6996501749125437
39 39 38 0.0 0.0 21.0 0.0 604.0 3.0 0.0 0.5339435545385202
39 39 39 0.0 0.0 261.0 2.0 6549.0 21.0 676.0 0.15918135304150086
39 39 40 0.0 0.0 236.0 7.0 5187.0 11.0 305.0 0.18857758620689655
39 39 41 0.0 0.0 346.0 2.0 7679.0 23.0 1131.0 0.13986013986013984
39 39 42 0.0 0.0 0.0 0.0 101.0 0.0 0.0 0.6663493574488338
39 40 37 0.0 0.0 0.0 0.0 3.0 0.0 0.0 0.6989515726410384
39 40 38 0.0 0.0 31.0 0.0 658.0 6.0 1.0 0.5218039508013418
39 40 39 0.0 0.0 271.0 10.0 6425.0 18.0 599.0 0.16110471806674337
39 40 40 0.0 1.0 740.0 3.0 11752.0 35.0 5320.0 0.09670511846377011
39 40 41 0.0 0.0 99.0 7.0 2772.0 17.0 56.0 0.28812512862728956
39 40 42 0.0 0.0 0.0 0.0 64.0 0.0 0.0 0.6782945736434108
39 41 37 0.0 0.0 0.0 0.0 1.0 0.0 0.0 0.6996501749125437
39 41 38 0.0 0.0 0.0 0.0 24.0 0.0 0.0 0.6916996047430829
39 41 39 0.0 0.0 65.0 39.0 1568.0 11.0 17.0 0.3824091778202677
39 41 40 0.0 0.0 373.0 2.0 8156.0 21.0 1212.0 0.13310515307092602
39 41 41 0.0 0.0 92.0 13.0 2595.0 10.0 50.0 0.29850746268656714
39 41 42 0.0 0.0 14.0 0.0 575.0 3.0 2.0 0.5413766434648105
39 42 39 0.0 0.0 0.0 0.0 29.0 0.0 0.0 0.6899950714637751
39 42 40 0.0 0.0 2.0 5.0 102.0 1.0 0.0 0.6641366223908918
39 42 41 0.0 0.0 21.0 0.0 421.0 6.0 0.0 0.5747126436781609
39 42 42 0.0 0.0 0.0 1.0 4.0 0.0 0.0 0.6982543640897755
39 43 40 0.0 0.0 0.0 0.0 1.0 0.0 0.0 0.6996501749125437
40 37 37 0.0 0.0 0.0 0.0 1.0 0.0 0.0 0.6996501749125437
40 37 38 0.0 0.0 0.0 0.0 2.0 0.0 0.0 0.6993006993006992
40 37 39 0.0 0.0 0.0 0.0 1.0 0.0 0.0 0.6996501749125437
40 37 40 0.0 0.0 0.0 0.0 1.0 0.0 0.0 0.6996501749125437
40 37 41 0.0 0.0 0.0 0.0 3.0 0.0 0.0 0.6989515726410384
40 38 37 0.0 0.0 4.0 0.0 52.0 3.0 0.0 0.6819288845591815
40 38 38 0.0 0.0 123.0 0.0 2777.0 9.0 45.0 0.28612303290414876
40 38 39 0.0 0.0 12.0 0.0 256.0 3.0 0.0 0.6183745583038868
40 38 40 0.0 0.0 9.0 0.0 249.0 3.0 0.0 0.6208425720620842
40 38 41 0.0 0.0 26.0 0.0 964.0 10.0 3.0 0.4697986577181207
40 38 42 0.0 0.0 1.0 0.0 82.0 0.0 0.0 0.6721075372059528
40 38 43 0.0 0.0 0.0 0.0 1.0 0.0 0.0 0.6996501749125437
40 39 37 0.0 0.0 0.0 0.0 1.0 0.0 0.0 0.6996501749125437
40 39 38 0.0 0.0 67.0 0.0 1793.0 7.0 20.0 0.3632589517384535
40 39 39 0.0 0.0 336.0 1.0 7295.0 24.0 844.0 0.14565126924677485
40 39 40 0.0 0.0 200.0 3.0 4739.0 24.0 220.0 0.20242914979757085
40 39 41 0.0 1.0 189.0 2.0 5023.0 22.0 282.0 0.19460661662496523
40 39 42 0.0 0.0 89.0 0.0 2328.0 14.0 41.0 0.3180372557928214
40 39 43 0.0 0.0 0.0 0.0 1.0 0.0 0.0 0.6996501749125437
40 40 37 0.0 0.0 2.0 0.0 40.0 1.0 0.0 0.6859382655560998
40 40 38 0.0 0.0 144.0 0.0 3224.0 14.0 59.0 0.2614867388868135
40 40 39 0.0 2.0 370.0 8.0 7749.0 26.0 904.0 0.13838094296728276
40 40 40 11.0 29.0 1274.0 483.0 12448.0 43.0 17932.0 0.08623344625808438
40 40 41 0.0 0.0 662.0 5.0 11262.0 26.0 3762.0 0.10053859964093356
40 40 42 0.0 0.0 62.0 0.0 1319.0 14.0 9.0 0.41580041580041577
40 41 37 0.0 0.0 0.0 0.0 1.0 0.0 0.0 0.6996501749125437
40 41 38 0.0 0.0 1.0 0.0 57.0 1.0 0.0 0.6806028196402526
40 41 39 0.0 0.0 85.0 0.0 2376.0 6.0 32.0 0.31439479002919374
40 41 40 0.0 0.0 229.0 1.0 5139.0 26.0 276.0 0.19057990743261632
40 41 41 0.0 72.0 129.0 1713.0 2848.0 17.0 175.0 0.2075303883782982
40 41 42 0.0 0.0 65.0 1.0 1457.0 17.0 13.0 0.399315459212778
40 42 38 0.0 0.0 10.0 0.0 286.0 4.0 0.0 0.6108202443280977
40 42 39 0.0 0.0 2.0 0.0 94.0 1.0 0.0 0.6682577565632457
40 42 40 0.0 0.0 90.0 2.0 2081.0 14.0 24.0 0.3366193796585717
40 42 41 0.0 0.0 2.0 0.0 62.0 0.0 0.0 0.6782945736434108
40 42 42 0.0 0.0 0.0 3.0 2.0 0.0 0.0 0.6982543640897755
40 43 40 0.0 0.0 0.0 0.0 1.0 0.0 0.0 0.6996501749125437
41 37 38 0.0 0.0 0.0 0.0 1.0 0.0 0.0 0.6996501749125437
41 37 40 0.0 0.0 0.0 0.0 3.0 0.0 0.0 0.6989515726410384
41 38 37 0.0 0.0 0.0 0.0 2.0 0.0 0.0 0.6993006993006992
41 38 38 0.0 0.0 34.0 0.0 764.0 4.0 4.0 0.5010737294201861
41 38 39 0.0 0.0 0.0 0.0 71.0 1.0 0.0 0.6763285024154588
41 38 40 0.0 0.0 2.0 0.0 156.0 0.0 0.0 0.6487488415199257
41 38 41 0.0 0.0 1.0 0.0 52.0 0.0 1.0 0.6819288845591815
41 38 42 0.0 0.0 0.0 0.0 22.0 0.0 0.0 0.6923837784371908
41 38 43 0.0 0.0 0.0 0.0 2.0 0.0 0.0 0.6993006993006992
41 39 37 0.0 0.0 0.0 0.0 7.0 0.0 0.0 0.6975585450921773
41 39 38 0.0 0.0 24.0 0.0 558.0 6.0 0.0 0.5436893203883495
41 39 39 0.0 0.0 509.0 0.0 9488.0 24.0 1975.0 0.1167931926253441
41 39 40 0.0 0.0 204.0 1.0 4673.0 18.0 210.0 0.20405188747995914
41 39 41 0.0 0.0 502.0 1.0 9195.0 26.0 1707.0 0.11982197877439231
41 39 42 0.0 0.0 105.0 0.0 2112.0 15.0 16.0 0.3331746787244169
41 39 43 0.0 0.0 0.0 0.0 2.0 0.0 0.0 0.6993006993006992
41 40 37 0.0 0.0 0.0 0.0 3.0 0.0 0.0 0.6989515726410384
41 40 38 0.0 0.0 24.0 0.0 585.0 4.0 0.0 0.5376344086021504
41 40 39 0.0 0.0 316.0 3.0 6575.0 25.0 548.0 0.15779981965734896
41 40 40 0.0 0.0 139.0 8.0 3549.0 20.0 99.0 0.2466525722339675
41 40 41 0.0 0.0 564.0 1.0 10601.0 26.0 3431.0 0.10639106315069533
41 40 42 0.0 0.0 74.0 0.0 1400.0 14.0 8.0 0.4046242774566473
41 40 43 0.0 0.0 0.0 0.0 2.0 0.0 0.0 0.6993006993006992
41 41 37 0.0 0.0 8.0 0.0 133.0 3.0 0.0 0.6548175865294666
41 41 38 0.0 0.0 33.0 0.0 671.0 9.0 2.0 0.5194805194805194
41 41 39 0.0 0.0 421.0 2.0 8047.0 15.0 1025.0 0.13383041774208965
41 41 40 0.0 0.0 387.0 0.0 8208.0 24.0 1322.0 0.1323126358567243
41 41 41 0.0 0.0 169.0 6.0 4105.0 25.0 196.0 0.22378516624040917
41 41 42 0.0 0.0 0.0 2.0 130.0 1.0 0.0 0.6569685593618019
41 41 43 0.0 0.0 0.0 0.0 3.0 0.0 0.0 0.6989515726410384
41 42 38 0.0 0.0 0.0 0.0 18.0 0.0 0.0 0.6937561942517343
41 42 39 0.0 0.0 0.0 0.0 53.0 0.0 0.0 0.6819288845591815
41 42 40 0.0 0.0 3.0 1.0 116.0 2.0 0.0 0.6610009442870631
41 42 41 0.0 0.0 0.0 2.0 32.0 0.0 0.0 0.6886374815543531
41 42 42 0.0 0.0 0.0 0.0 11.0 0.0 0.0 0.6961710591745399
41 43 39 0.0 0.0 0.0 0.0 2.0 0.0 0.0 0.6993006993006992
41 43 40 0.0 0.0 0.0 0.0 4.0 0.0 0.0 0.6986027944111775
41 43 41 0.0 0.0 0.0 0.0 1.0 0.0 0.0 0.6996501749125437
42 37 37 0.0 0.0 0.0 0.0 1.0 0.0 0.0 0.6996501749125437
42 37 38 0.0 0.0 0.0 0.0 1.0 0.0 0.0 0.6996501749125437
42 38 38 0.0 0.0 17.0 0.0 319.0 3.0 0.0 0.6000857265323617
42 38 39 0.0 0.0 61.0 0.0 1555.0 14.0 11.0 0.38867295946696273
42 38 40 0.0 0.0 1.0 0.0 94.0 0.0 0.0 0.6682577565632457
42 38 41 0.0 0.0 0.0 0.0 13.0 0.0 0.0 0.695479384003974
42 38 42 0.0 0.0 0.0 0.0 11.0 0.0 0.0 0.6961710591745399
42 38 43 0.0 0.0 0.0 0.0 1.0 0.0 0.0 0.6996501749125437
42 39 38 0.0 0.0 0.0 0.0 44.0 0.0 0.0 0.684931506849315
42 39 39 0.0 0.0 13.0 0.0 377.0 6.0 1.0 0.5874947545111203
42 39 40 0.0 0.0 2.0 0.0 112.0 1.0 0.0 0.6631927996210326
42 39 41 0.0 0.0 13.0 0.0 384.0 5.0 0.0 0.5852842809364547
42 39 42 0.0 0.0 85.0 0.0 2079.0 15.0 18.0 0.33734939759036137
42 39 43 0.0 0.0 0.0 0.0 4.0 0.0 0.0 0.6986027944111775
42 40 38 0.0 0.0 162.0 0.0 3047.0 23.0 53.0 0.26990553306342774
42 40 39 0.0 0.0 125.0 0.0 2279.0 13.0 31.0 0.3187613843351548
42 40 40 0.0 0.0 259.0 0.0 5578.0 19.0 351.0 0.17895947846094848
42 40 41 0.0 0.0 8.0 0.0 258.0 1.0 2.0 0.6181015452538631
42 40 42 0.0 0.0 18.0 1.0 391.0 2.0 0.0 0.5813953488372092
42 40 43 0.0 0.0 0.0 0.0 2.0 0.0 0.0 0.6993006993006992
42 41 37 0.0 0.0 0.0 0.0 1.0 0.0 0.0 0.6996501749125437
42 41 38 0.0 0.0 0.0 0.0 27.0 1.0 0.0 0.6916996047430829
42 41 39 0.0 0.0 40.0 0.0 1091.0 9.0 3.0 0.4484304932735425
42 41 40 0.0 0.0 1.0 0.0 158.0 0.0 0.0 0.6484483557202407
42 41 41 0.0 0.0 172.0 0.0 3920.0 15.0 114.0 0.23033892727871008
42 41 42 0.0 0.0 7.0 0.0 160.0 3.0 0.0 0.6469500924214416
42 42 38 0.0 0.0 2.0 0.0 103.0 0.0 0.0 0.6650831353919239
42 42 39 0.0 0.0 6.0 0.0 126.0 0.0 0.0 0.6569685593618019
42 42 40 0.0 0.0 63.0 0.0 1512.0 8.0 10.0 0.39248668348752447
42 42 41 0.0 0.0 1.0 0.0 31.0 0.0 0.0 0.6889763779527558
42 42 42 0.0 0.0 0.0 0.0 18.0 0.0 0.0 0.6937561942517343
42 43 40 0.0 0.0 0.0 0.0 1.0 0.0 0.0 0.6996501749125437
42 43 41 0.0 0.0 0.0 0.0 1.0 0.0 0.0 0.6996501749125437
43 38 41 0.0 0.0 0.0 0.0 1.0 0.0 0.0 0.6996501749125437
43 38 42 0.0 0.0 0.0 0.0 6.0 0.0 0.0 0.6979062811565303
43 38 43 0.0 0.0 0.0 0.0 1.0 0.0 0.0 0.6996501749125437
43 39 39 0.0 0.0 0.0 0.0 6.0 0.0 0.0 0.6979062811565303
43 39 40 0.0 0.0 7.0 0.0 220.0 4.0 0.0 0.63006300630063
43 39 41 0.0 0.0 0.0 0.0 11.0 0.0 0.0 0.6961710591745399
43 39 42 0.0 0.0 0.0 0.0 3.0 0.0 0.0 0.6989515726410384
43 39 43 0.0 0.0 0.0 0.0 2.0 0.0 0.0 0.6993006993006992
43 40 38 0.0 0.0 0.0 0.0 3.0 0.0 0.0 0.6989515726410384
43 40 39 0.0 0.0 0.0 0.0 6.0 0.0 0.0 0.6979062811565303
43 40 40 0.0 0.0 0.0 0.0 14.0 0.0 0.0 0.6951340615690167
43 40 41 0.0 0.0 0.0 0.0 25.0 1.0 0.0 0.6916996047430829
43 40 42 0.0 0.0 0.0 0.0 3.0 0.0 0.0 0.6989515726410384
43 41 38 0.0 0.0 0.0 0.0 1.0 0.0 0.0 0.6996501749125437
43 41 39 0.0 0.0 0.0 0.0 6.0 0.0 0.0 0.6979062811565303
43 41 40 0.0 0.0 0.0 0.0 9.0 0.0 0.0 0.6968641114982577
43 41 41 0.0 0.0 0.0 0.0 8.0 0.0 0.0 0.697211155378486
43 41 42 0.0 0.0 0.0 0.0 3.0 0.0 0.0 0.6989515726410384
43 42 38 0.0 0.0 0.0 0.0 1.0 0.0 0.0 0.6996501749125437
43 42 39 0.0 0.0 0.0 0.0 1.0 0.0 0.0 0.6996501749125437
43 42 40 0.0 0.0 0.0 0.0 2.0 0.0 0.0 0.6996501749125437
43 42 41 0.0 0.0 0.0 0.0 1.0 0.0 0.0 0.6996501749125437
43 43 39 0.0 0.0 0.0 0.0 1.0 0.0 0.0 0.6996501749125437
