37 38 38 0.0 0.0 0.0 0.0 1.0 0.0 0.0 0.6996501749125437
37 38 39 0.0 0.0 0.0 0.0 2.0 0.0 0.0 0.6993006993006992
37 38 40 0.0 0.0 0.0 0.0 1.0 0.0 0.0 0.6996501749125437
37 38 41 0.0 0.0 0.0 0.0 3.0 0.0 0.0 0.6989515726410384
37 39 38 0.0 0.0 0.0 0.0 3.0 0.0 0.0 0.6989515726410384
37 39 39 0.0 0.0 0.0 0.0 1.0 0.0 0.0 0.6996501749125437
37 39 40 0.0 0.0 0.0 0.0 1.0 0.0 0.0 0.6996501749125437
37 40 39 0.0 0.0 0.0 0.0 4.0 0.0 0.0 0.6986027944111775
37 40 40 0.0 0.0 0.0 0.0 3.0 0.0 0.0 0.6989515726410384
37 40 41 0.0 0.0 0.0 0.0 10.0 0.0 0.0 0.6965174129353233
37 41 40 0.0 0.0 0.0 0.0 3.0 0.0 0.0 0.6989515726410384
37 41 41 0.0 0.0 0.0 0.0 1.0 0.0 0.0 0.6996501749125437
37 41 42 0.0 0.0 1.0 0.0 3.0 0.0 0.0 0.6986027944111775
37 42 39 0.0 0.0 0.0 0.0 2.0 0.0 0.0 0.6993006993006992
37 42 40 0.0 0.0 0.0 0.0 1.0 0.0 0.0 0.6996501749125437
37 42 41 0.0 0.0 0.0 0.0 3.0 0.0 0.0 0.6989515726410384
38 38 38 0.0 0.0 0.0 0.0 11.0 0.0 0.0 0.6961710591745399
38 38 39 0.0 0.0 0.0 0.0 13.0 0.0 0.0 0.695479384003974
38 38 40 0.0 0.0 0.0 0.0 9.0 0.0 0.0 0.6968641114982577
38 38 41 0.0 0.0 0.0 0.0 14.0 0.0 0.0 0.6951340615690167
38 38 42 0.0 0.0 0.0 0.0 7.0 0.0 0.0 0.6975585450921773
38 39 38 0.0 0.0 0.0 0.0 12.0 0.0 0.0 0.6958250497017892
38 39 39 0.0 0.0 96.0 0.0 2168.0 16.0 32.0 0.32956685499058375
38 39 40 0.0 0.0 91.0 0.0 2324.0 19.0 34.0 0.3183989083465999
38 39 41 0.0 0.0 1.0 0.0 48.0 0.0 0.0 0.6832601268911663
38 39 42 0.0 0.0 0.0 0.0 14.0 1.0 0.0 0.695479384003974
38 40 38 0.0 0.0 0.0 0.0 6.0 0.0 0.0 0.6979062811565303
38 40 39 0.0 0.0 5.0 0.0 176.0 2.0 1.0 0.6424965580541532
38 40 40 0.0 0.0 20.0 0.0 427.0 5.0 1.0 0.5730659025787964
38 40 41 0.0 0.0 18.0 0.0 393.0 4.0 0.0 0.5816368923971748
38 40 42 0.0 0.0 0.0 0.0 8.0 0.0 0.0 0.697211155378486
38 41 38 0.0 0.0 0.0 1.0 7.0 0.0 0.0 0.697211155378486
38 41 39 0.0 0.0 10.0 0.0 275.0 1.0 0.0 0.6129597197898423
38 41 40 0.0 0.0 134.0 0.0 3358.0 11.0 104.0 0.25542784163473814
38 41 41 0.0 0.0 2.0 0.0 80.0 1.0 0.0 0.6727534839019701
38 42 39 0.0 0.0 0.0 0.0 6.0 0.0 0.0 0.6979062811565303
38 42 40 0.0 0.0 6.0 0.0 119.0 5.0 0.0 0.6603773584905659
38 42 41 0.0 0.0 0.0 0.0 9.0 0.0 0.0 0.6968641114982577
38 42 42 0.0 0.0 0.0 0.0 2.0 0.0 0.0 0.6993006993006992
39 37 38 0.0 0.0 0.0 0.0 2.0 0.0 0.0 0.6993006993006992
39 38 38 0.0 0.0 0.0 0.0 4.0 0.0 0.0 0.6986027944111775
39 38 39 0.0 0.0 1.0 0.0 14.0 0.0 0.0 0.694789081885856
39 38 40 0.0 0.0 23.0 0.0 437.0 6.0 1.0 0.5704971475142624
39 38 41 0.0 0.0 0.0 0.0 7.0 0.0 0.0 0.6975585450921773
39 38 42 0.0 0.0 0.0 0.0 13.0 0.0 0.0 0.695479384003974
39 39 38 0.0 0.0 4.0 0.0 62.0 2.0 0.0 0.6782945736434108
39 39 39 0.0 0.0 169.0 0.0 4389.0 19.0 198.0 0.21400183430143682
39 39 40 0.0 0.0 122.0 5.0 2759.0 20.0 52.0 0.2876515307170741
39 39 41 0.0 0.0 223.0 0.0 5565.0 19.0 419.0 0.1801338136901698
39 39 42 0.0 0.0 0.0 0.0 46.0 0.0 0.0 0.6842619745845552
39 40 38 0.0 0.0 5.0 0.0 68.0 1.0 0.0 0.6756756756756755
39 40 39 0.0 0.0 167.0 9.0 4203.0 12.0 153.0 0.21984924623115573
39 40 40 0.0 0.0 575.0 2.0 10404.0 23.0 2909.0 0.10795805058605798
39 40 41 0.0 0.0 35.0 5.0 1141.0 3.0 5.0 0.4406672961913755
39 40 42 0.0 0.0 0.0 0.0 26.0 0.0 0.0 0.6910167818361302
39 41 38 0.0 0.0 0.0 0.0 7.0 0.0 0.0 0.6975585450921773
39 41 39 0.0 0.0 14.0 26.0 420.0 7.0 1.0 0.5707297187117814
39 41 40 0.0 0.0 257.0 1.0 5908.0 13.0 460.0 0.1716106888943368
39 41 41 0.0 0.0 32.0 8.0 958.0 7.0 10.0 0.4680708793045803
39 41 42 0.0 0.0 6.0 0.0 141.0 2.0 0.0 0.6526806526806526
39 42 39 0.0 0.0 0.0 0.0 13.0 0.0 0.0 0.695479384003974
39 42 40 0.0 0.0 1.0 1.0 20.0 0.0 0.0 0.6923837784371908
39 42 41 0.0 0.0 3.0 0.0 26.0 1.0 0.0 0.690335305719921
40 37 38 0.0 0.0 0.0 0.0 1.0 0.0 0.0 0.6996501749125437
40 37 39 0.0 0.0 0.0 0.0 1.0 0.0 0.0 0.6996501749125437
40 38 37 0.0 0.0 0.0 0.0 1.0 0.0 0.0 0.6996501749125437
40 38 38 0.0 0.0 41.0 0.0 954.0 9.0 4.0 0.46885465505693225
40 38 39 0.0 0.0 0.0 0.0 27.0 0.0 0.0 0.6906758756783422
40 38 40 0.0 0.0 1.0 0.0 38.0 0.0 0.0 0.6869479882237487
40 38 41 0.0 0.0 11.0 0.0 276.0 1.0 0.0 0.6129597197898423
40 38 42 0.0 0.0 0.0 0.0 27.0 0.0 0.0 0.6906758756783422
40 39 38 0.0 0.0 17.0 0.0 510.0 5.0 1.0 0.5551149881046787
40 39 39 0.0 0.0 197.0 1.0 4919.0 25.0 252.0 0.19734987313222438
40 39 40 0.0 0.0 109.0 1.0 2255.0 20.0 23.0 0.32220943613348674
40 39 41 0.0 0.0 102.0 1.0 2950.0 13.0 73.0 0.27783290335384003
40 39 42 0.0 0.0 22.0 0.0 833.0 9.0 7.0 0.49191848208011235
40 40 38 0.0 0.0 50.0 0.0 1159.0 18.0 8.0 0.43873393920401116
40 40 39 0.0 0.0 240.0 2.0 5210.0 16.0 260.0 0.18814675446848542
40 40 40 11.0 28.0 1091.0 459.0 12598.0 41.0 12753.0 0.08649450142098108
40 40 41 0.0 0.0 487.0 0.0 9465.0 24.0 1792.0 0.11729222520107238
40 40 42 0.0 0.0 7.0 0.0 233.0 1.0 0.0 0.6252791424743188
40 41 38 0.0 0.0 0.0 0.0 19.0 1.0 0.0 0.6937561942517343
40 41 39 0.0 0.0 30.0 0.0 726.0 9.0 1.0 0.5096468875136512
40 41 40 0.0 0.0 110.0 0.0 2576.0 26.0 49.0 0.30036472859901303
40 41 41 0.0 42.0 57.0 790.0 1342.0 16.0 26.0 0.3322259136212624
40 41 42 0.0 0.0 11.0 0.0 294.0 5.0 1.0 0.608695652173913
40 42 38 0.0 0.0 2.0 0.0 7.0 0.0 0.0 0.6968641114982577
40 42 39 0.0 0.0 0.0 0.0 30.0 0.0 0.0 0.6899950714637751
40 42 40 0.0 0.0 24.0 0.0 405.0 7.0 2.0 0.5777961205117622
40 42 41 0.0 0.0 0.0 0.0 9.0 0.0 0.0 0.6968641114982577
40 42 42 0.0 0.0 0.0 1.0 0.0 0.0 0.0 0.6996501749125437
41 38 37 0.0 0.0 0.0 0.0 1.0 0.0 0.0 0.6996501749125437
41 38 38 0.0 0.0 7.0 0.0 65.0 4.0 0.0 0.6769825918762088
41 38 39 0.0 0.0 0.0 0.0 19.0 0.0 0.0 0.6934125804853887
41 38 40 0.0 0.0 1.0 0.0 48.0 0.0 0.0 0.6832601268911663
41 38 41 0.0 0.0 0.0 0.0 14.0 0.0 0.0 0.6951340615690167
41 38 42 0.0 0.0 0.0 0.0 2.0 0.0 0.0 0.6993006993006992
41 39 38 0.0 0.0 4.0 0.0 76.0 1.0 0.0 0.6734006734006733
41 39 39 0.0 0.0 343.0 0.0 7337.0 24.0 776.0 0.14485256078634243
41 39 40 0.0 0.0 100.0 0.0 2251.0 15.0 28.0 0.3228037814157251
41 39 41 0.0 0.0 340.0 0.0 6960.0 28.0 605.0 0.15097595168769545
41 39 42 0.0 0.0 23.0 0.0 353.0 6.0 0.0 0.590717299578059
41 40 38 0.0 0.0 3.0 0.0 99.0 1.0 0.0 0.6663493574488338
41 40 39 0.0 0.0 187.0 2.0 3917.0 12.0 119.0 0.2296964725184577
41 40 40 0.0 0.0 54.0 4.0 1535.0 9.0 17.0 0.39073402176946687
41 40 41 0.0 0.0 424.0 1.0 8910.0 19.0 1782.0 0.1236203090507726
41 40 42 0.0 0.0 11.0 0.0 290.0 5.0 0.0 0.6097560975609755
41 41 37 0.0 0.0 0.0 0.0 2.0 0.0 0.0 0.6993006993006992
41 41 38 0.0 0.0 3.0 0.0 52.0 2.0 0.0 0.6819288845591815
41 41 39 0.0 0.0 277.0 2.0 5493.0 27.0 333.0 0.18073844564936742
41 41 40 0.0 0.0 263.0 0.0 5996.0 18.0 518.0 0.16988229583788372
41 41 41 0.0 0.0 80.0 3.0 2110.0 22.0 33.0 0.3354900551162233
41 41 42 0.0 0.0 0.0 0.0 68.0 0.0 0.0 0.6769825918762088
41 42 38 0.0 0.0 0.0 0.0 5.0 0.0 0.0 0.6982543640897755
41 42 39 0.0 0.0 0.0 0.0 16.0 0.0 0.0 0.694789081885856
41 42 40 0.0 0.0 0.0 0.0 20.0 0.0 0.0 0.6930693069306929
41 42 41 0.0 0.0 0.0 1.0 9.0 0.0 0.0 0.6965174129353233
41 42 42 0.0 0.0 0.0 0.0 3.0 0.0 0.0 0.6989515726410384
42 38 38 0.0 0.0 1.0 0.0 18.0 0.0 0.0 0.6934125804853887
42 38 39 0.0 0.0 18.0 0.0 419.0 6.0 0.0 0.5758946935417523
42 38 40 0.0 0.0 1.0 0.0 18.0 1.0 0.0 0.6937561942517343
42 38 41 0.0 0.0 0.0 0.0 3.0 0.0 0.0 0.6989515726410384
42 38 42 0.0 0.0 0.0 0.0 3.0 0.0 0.0 0.6989515726410384
42 39 38 0.0 0.0 0.0 0.0 19.0 0.0 0.0 0.6934125804853887
42 39 39 0.0 0.0 1.0 0.0 76.0 0.0 0.0 0.6740491092922483
42 39 40 0.0 0.0 0.0 0.0 33.0 0.0 0.0 0.6886374815543531
42 39 41 0.0 0.0 2.0 0.0 109.0 0.0 0.0 0.6635071090047392
42 39 42 0.0 0.0 32.0 0.0 581.0 4.0 0.0 0.5366040628593329
42 40 38 0.0 0.0 57.0 0.0 869.0 14.0 6.0 0.48076923076923067
42 40 39 0.0 0.0 29.0 0.0 508.0 7.0 0.0 0.55357848952155
42 40 40 0.0 0.0 143.0 0.0 3023.0 10.0 62.0 0.2715283165244375
42 40 41 0.0 0.0 0.0 0.0 73.0 0.0 0.0 0.6756756756756755
42 40 42 0.0 0.0 3.0 0.0 53.0 1.0 0.0 0.6812652068126519
42 41 38 0.0 0.0 0.0 0.0 11.0 0.0 0.0 0.6961710591745399
42 41 39 0.0 0.0 11.0 0.0 175.0 2.0 0.0 0.641025641025641
42 41 40 0.0 0.0 0.0 0.0 57.0 0.0 0.0 0.6806028196402526
42 41 41 0.0 0.0 76.0 0.0 1781.0 7.0 12.0 0.3636363636363636
42 41 42 0.0 0.0 0.0 0.0 32.0 0.0 0.0 0.6889763779527558
42 42 38 0.0 0.0 0.0 0.0 1.0 0.0 0.0 0.6996501749125437
42 42 39 0.0 0.0 0.0 0.0 14.0 0.0 0.0 0.6951340615690167
42 42 40 0.0 0.0 21.0 0.0 347.0 6.0 0.0 0.592718035563082
42 42 41 0.0 0.0 0.0 0.0 8.0 0.0 0.0 0.697211155378486
42 42 42 0.0 0.0 0.0 0.0 6.0 0.0 0.0 0.6979062811565303
43 39 39 0.0 0.0 0.0 0.0 2.0 0.0 0.0 0.6993006993006992
43 39 40 0.0 0.0 1.0 0.0 9.0 0.0 0.0 0.6965174129353233
43 39 41 0.0 0.0 0.0 0.0 3.0 0.0 0.0 0.6989515726410384
43 39 43 0.0 0.0 0.0 0.0 1.0 0.0 0.0 0.6996501749125437
43 40 39 0.0 0.0 0.0 0.0 1.0 0.0 0.0 0.6996501749125437
43 40 40 0.0 0.0 0.0 0.0 2.0 0.0 0.0 0.6993006993006992
43 40 41 0.0 0.0 0.0 0.0 5.0 0.0 0.0 0.6982543640897755
43 41 40 0.0 0.0 0.0 0.0 1.0 0.0 0.0 0.6996501749125437
43 41 41 0.0 0.0 0.0 0.0 1.0 0.0 0.0 0.6996501749125437
43 41 42 0.0 0.0 0.0 0.0 1.0 0.0 0.0 0.6996501749125437
43 42 39 0.0 0.0 0.0 0.0 1.0 0.0 0.0 0.6996501749125437
43 42 40 0.0 0.0 0.0 0.0 1.0 0.0 0.0 0.6996501749125437
