39 39 39 0.0 0.0 1.0 0.0 22.0 0.0 0.0 0.6920415224913494
39 39 40 0.0 0.0 0.0 0.0 14.0 0.0 0.0 0.6951340615690167
39 39 41 0.0 0.0 1.0 0.0 41.0 0.0 0.0 0.6856023506366307
39 40 39 0.0 0.0 0.0 1.0 11.0 0.0 0.0 0.6958250497017892
39 40 40 0.0 0.0 51.0 0.0 999.0 10.0 5.0 0.46052631578947356
39 40 41 0.0 0.0 0.0 1.0 17.0 0.0 0.0 0.6937561942517343
39 41 39 0.0 0.0 0.0 0.0 13.0 0.0 0.0 0.695479384003974
39 41 40 0.0 0.0 0.0 0.0 11.0 0.0 0.0 0.6961710591745399
39 41 41 0.0 0.0 0.0 1.0 21.0 0.0 0.0 0.6923837784371908
40 39 39 0.0 0.0 0.0 0.0 10.0 0.0 0.0 0.6965174129353233
40 39 40 0.0 0.0 0.0 0.0 14.0 0.0 0.0 0.6951340615690167
40 39 41 0.0 0.0 0.0 0.0 7.0 0.0 0.0 0.6975585450921773
40 40 39 0.0 0.0 0.0 0.0 20.0 0.0 0.0 0.6930693069306929
40 40 40 11.0 12.0 397.0 200.0 7660.0 27.0 987.0 0.13649215170127715
40 40 41 0.0 0.0 10.0 0.0 191.0 3.0 0.0 0.6369426751592355
40 41 39 0.0 0.0 0.0 0.0 9.0 0.0 0.0 0.6968641114982577
40 41 40 0.0 0.0 0.0 0.0 18.0 0.0 0.0 0.6937561942517343
40 41 41 0.0 0.0 0.0 0.0 23.0 0.0 0.0 0.6920415224913494
41 39 39 0.0 0.0 5.0 0.0 41.0 3.0 0.0 0.6852667645619186
41 39 40 0.0 0.0 0.0 0.0 19.0 0.0 0.0 0.6934125804853887
41 39 41 0.0 0.0 0.0 0.0 4.0 0.0 0.0 0.6986027944111775
41 40 39 0.0 0.0 1.0 0.0 16.0 0.0 0.0 0.694100148735746
41 40 40 0.0 0.0 0.0 0.0 29.0 0.0 0.0 0.6899950714637751
41 40 41 0.0 0.0 27.0 0.0 551.0 9.0 0.0 0.544959128065395
41 41 39 0.0 0.0 0.0 0.0 9.0 0.0 0.0 0.6968641114982577
41 41 40 0.0 0.0 1.0 0.0 57.0 1.0 0.0 0.6806028196402526
41 41 41 0.0 0.0 0.0 0.0 14.0 0.0 0.0 0.6951340615690167
