33 39 37 0.0 0.0 0.0 0.0 3.0 0.0 0.0 0.6989515726410384
33 39 38 0.0 0.0 0.0 0.0 1.0 0.0 0.0 0.6996501749125437
33 39 39 0.0 0.0 0.0 0.0 4.0 0.0 0.0 0.6986027944111775
33 40 37 0.0 0.0 1.0 0.0 22.0 1.0 0.0 0.6923837784371908
33 40 38 0.0 0.0 0.0 0.0 8.0 0.0 0.0 0.697211155378486
33 41 37 0.0 0.0 0.0 0.0 3.0 0.0 0.0 0.6989515726410384
33 41 38 0.0 0.0 0.0 0.0 6.0 0.0 0.0 0.6979062811565303
33 41 39 0.0 0.0 0.0 0.0 4.0 0.0 0.0 0.6986027944111775
33 42 37 0.0 0.0 0.0 0.0 1.0 0.0 0.0 0.6996501749125437
33 42 38 0.0 0.0 6.0 0.0 95.0 1.0 0.0 0.6666666666666665
33 42 39 0.0 0.0 0.0 0.0 3.0 0.0 0.0 0.6989515726410384
33 43 37 0.0 0.0 0.0 0.0 1.0 0.0 0.0 0.6996501749125437
33 43 38 0.0 0.0 0.0 0.0 3.0 0.0 0.0 0.6989515726410384
33 43 39 0.0 0.0 12.0 0.0 204.0 3.0 0.0 0.632625395390872
33 43 40 0.0 0.0 4.0 0.0 48.0 1.0 0.0 0.68259385665529
34 37 36 0.0 0.0 1.0 0.0 16.0 0.0 0.0 0.694100148735746
34 37 37 0.0 0.0 0.0 0.0 1.0 0.0 0.0 0.6996501749125437
34 37 38 0.0 0.0 0.0 0.0 2.0 0.0 0.0 0.6993006993006992
34 38 36 0.0 0.0 0.0 0.0 5.0 0.0 0.0 0.6982543640897755
34 38 37 0.0 0.0 0.0 0.0 10.0 0.0 0.0 0.6965174129353233
34 38 38 0.0 0.0 7.0 0.0 111.0 3.0 0.0 0.6619385342789597
34 38 39 0.0 0.0 0.0 0.0 2.0 0.0 0.0 0.6993006993006992
34 38 40 0.0 0.0 2.0 0.0 9.0 1.0 0.0 0.6965174129353233
34 38 41 0.0 0.0 0.0 0.0 3.0 0.0 0.0 0.6989515726410384
34 39 36 0.0 0.0 3.0 0.0 15.0 1.0 0.0 0.694100148735746
34 39 37 0.0 0.0 2.0 0.0 54.0 0.0 0.0 0.6809338521400777
34 39 38 0.0 0.0 1.0 0.0 74.0 0.0 0.0 0.6746987951807227
34 39 39 0.0 0.0 2.0 0.0 81.0 0.0 0.0 0.6724303554274734
34 39 40 0.0 0.0 0.0 0.0 20.0 0.0 0.0 0.6930693069306929
34 39 41 0.0 0.0 0.0 0.0 3.0 0.0 0.0 0.6989515726410384
34 39 42 0.0 0.0 0.0 0.0 5.0 0.0 0.0 0.6982543640897755
34 40 36 0.0 0.0 0.0 0.0 1.0 0.0 0.0 0.6996501749125437
34 40 37 0.0 0.0 3.0 0.0 55.0 0.0 0.0 0.6802721088435373
34 40 38 0.0 0.0 174.0 0.0 3828.0 19.0 116.0 0.2339963229149256
34 40 39 0.0 0.0 43.0 0.0 999.0 5.0 5.0 0.46098123147843256
34 40 40 0.0 0.0 8.0 0.0 134.0 4.0 0.0 0.6551240056153486
34 40 41 0.0 0.0 0.0 0.0 3.0 0.0 0.0 0.6989515726410384
34 40 42 0.0 0.0 1.0 0.0 51.0 0.0 0.0 0.6822612085769979
34 40 43 0.0 0.0 0.0 0.0 2.0 0.0 0.0 0.6993006993006992
34 41 37 0.0 0.0 0.0 0.0 8.0 0.0 0.0 0.697211155378486
34 41 38 0.0 0.0 0.0 0.0 67.0 1.0 0.0 0.6776379477250725
34 41 39 0.0 0.0 28.0 0.0 434.0 4.0 0.0 0.5695687550854353
34 41 40 0.0 0.0 2.0 0.0 55.0 2.0 0.0 0.6812652068126519
34 41 41 0.0 0.0 0.0 0.0 5.0 0.0 0.0 0.6982543640897755
34 41 42 0.0 0.0 0.0 0.0 2.0 0.0 0.0 0.6993006993006992
34 41 43 0.0 0.0 0.0 0.0 4.0 0.0 0.0 0.6986027944111775
34 41 45 0.0 0.0 0.0 0.0 3.0 0.0 0.0 0.6989515726410384
34 42 37 0.0 0.0 0.0 0.0 4.0 0.0 0.0 0.6986027944111775
34 42 38 0.0 0.0 146.0 0.0 2983.0 22.0 54.0 0.2741335421969845
34 42 39 0.0 0.0 165.0 0.0 3821.0 15.0 114.0 0.23446658851113716
34 42 40 0.0 0.0 0.0 0.0 19.0 0.0 0.0 0.6937561942517343
34 42 41 0.0 0.0 0.0 0.0 2.0 0.0 0.0 0.6993006993006992
34 42 42 0.0 0.0 0.0 0.0 5.0 0.0 0.0 0.6982543640897755
34 42 43 0.0 0.0 0.0 0.0 3.0 0.0 0.0 0.6989515726410384
34 42 44 0.0 0.0 0.0 0.0 2.0 0.0 0.0 0.6993006993006992
34 43 37 0.0 0.0 0.0 0.0 1.0 0.0 0.0 0.6996501749125437
34 43 38 0.0 0.0 0.0 0.0 3.0 0.0 0.0 0.6989515726410384
34 43 39 0.0 0.0 0.0 0.0 11.0 0.0 0.0 0.6961710591745399
34 43 40 0.0 0.0 0.0 0.0 4.0 0.0 0.0 0.6986027944111775
34 43 41 0.0 0.0 0.0 0.0 5.0 0.0 0.0 0.6982543640897755
34 43 42 0.0 0.0 0.0 0.0 2.0 0.0 0.0 0.6993006993006992
34 44 41 0.0 0.0 0.0 0.0 1.0 0.0 0.0 0.6996501749125437
34 44 42 0.0 0.0 0.0 0.0 5.0 0.0 0.0 0.6986027944111775
35 35 36 0.0 0.0 0.0 0.0 1.0 0.0 0.0 0.6996501749125437
35 35 37 0.0 0.0 0.0 0.0 4.0 0.0 0.0 0.6986027944111775
35 36 36 0.0 0.0 0.0 0.0 4.0 0.0 0.0 0.6986027944111775
35 36 37 0.0 0.0 0.0 0.0 2.0 0.0 0.0 0.6993006993006992
35 36 38 0.0 0.0 0.0 0.0 10.0 0.0 0.0 0.6965174129353233
35 36 39 0.0 0.0 0.0 0.0 17.0 0.0 0.0 0.694100148735746
35 36 40 0.0 0.0 22.0 0.0 499.0 6.0 0.0 0.5566600397614313
35 36 41 0.0 0.0 0.0 0.0 19.0 0.0 0.0 0.6934125804853887
35 36 42 0.0 0.0 0.0 0.0 9.0 0.0 0.0 0.6968641114982577
35 37 36 0.0 0.0 0.0 0.0 2.0 0.0 0.0 0.6993006993006992
35 37 37 0.0 0.0 0.0 0.0 9.0 0.0 0.0 0.6968641114982577
35 37 38 0.0 0.0 8.0 0.0 208.0 1.0 1.0 0.6320541760722347
35 37 39 0.0 0.0 1.0 0.0 63.0 0.0 0.0 0.6782945736434108
35 37 40 0.0 0.0 1.0 0.0 60.0 0.0 0.0 0.6796116504854368
35 37 41 0.0 0.0 1.0 0.0 47.0 2.0 0.0 0.6842619745845552
35 37 42 0.0 0.0 0.0 0.0 29.0 0.0 0.0 0.6899950714637751
35 37 44 0.0 0.0 0.0 0.0 1.0 0.0 0.0 0.6996501749125437
35 38 36 0.0 0.0 0.0 0.0 4.0 0.0 0.0 0.6986027944111775
35 38 37 0.0 0.0 151.0 0.0 2741.0 16.0 40.0 0.28694404591104733
35 38 38 0.0 0.0 1.0 0.0 96.0 0.0 0.0 0.6676204101096804
35 38 39 0.0 0.0 3.0 0.0 195.0 1.0 0.0 0.6372325898953117
35 38 40 0.0 0.0 14.0 0.0 296.0 6.0 1.0 0.6076388888888887
35 38 41 0.0 0.0 41.0 0.0 885.0 4.0 8.0 0.47912388774811765
35 38 42 0.0 0.0 34.0 0.0 663.0 6.0 1.0 0.5202526941657376
35 38 43 0.0 0.0 18.0 0.0 293.0 5.0 1.0 0.6071118820468342
35 38 44 0.0 0.0 0.0 0.0 3.0 0.0 0.0 0.6989515726410384
35 39 36 0.0 0.0 0.0 0.0 7.0 0.0 0.0 0.6975585450921773
35 39 37 0.0 0.0 62.0 0.0 1186.0 8.0 8.0 0.43223217042296996
35 39 38 0.0 0.0 232.0 0.0 5126.0 10.0 312.0 0.19047619047619044
35 39 39 0.0 0.0 111.0 0.0 2257.0 9.0 34.0 0.3213957759412305
35 39 40 0.0 0.0 110.0 0.0 2628.0 17.0 44.0 0.2964845404489623
35 39 41 0.0 0.0 25.0 0.0 614.0 6.0 1.0 0.5319148936170213
35 39 42 0.0 0.0 49.0 0.0 1169.0 6.0 10.0 0.43586550435865495
35 39 43 0.0 0.0 23.0 0.0 572.0 4.0 0.0 0.5403319181783095
35 39 44 0.0 0.0 5.0 0.0 219.0 1.0 0.0 0.6297795771479981
35 40 36 0.0 0.0 0.0 0.0 1.0 0.0 0.0 0.6996501749125437
35 40 37 0.0 0.0 23.0 0.0 730.0 4.0 0.0 0.5092761004001454
35 40 38 0.0 0.0 170.0 0.0 4516.0 19.0 235.0 0.2099580083983203
35 40 39 0.0 0.0 474.0 0.0 9335.0 22.0 1987.0 0.11864406779661014
35 40 40 0.0 0.0 99.0 0.0 2342.0 19.0 32.0 0.3164556962025316
35 40 41 0.0 0.0 27.0 0.0 912.0 4.0 3.0 0.47700170357751276
35 40 42 0.0 0.0 70.0 0.0 1906.0 12.0 25.0 0.35308953341740223
35 40 43 0.0 0.0 3.0 0.0 162.0 0.0 0.0 0.6469500924214416
35 40 44 0.0 0.0 5.0 0.0 317.0 2.0 0.0 0.6034482758620688
35 40 45 0.0 0.0 0.0 0.0 2.0 0.0 0.0 0.6993006993006992
35 41 36 0.0 0.0 0.0 0.0 2.0 0.0 0.0 0.6993006993006992
35 41 37 0.0 0.0 1.0 0.0 52.0 0.0 0.0 0.6822612085769979
35 41 38 0.0 0.0 96.0 0.0 2081.0 8.0 31.0 0.3358925143953934
35 41 39 0.0 0.0 428.0 0.0 8848.0 30.0 1583.0 0.12441126810628277
35 41 40 0.0 0.0 76.0 0.0 1718.0 6.0 14.0 0.36968576709796663
35 41 41 0.0 0.0 38.0 0.0 792.0 11.0 1.0 0.4966300106420715
35 41 42 0.0 0.0 41.0 0.0 739.0 7.0 2.0 0.505050505050505
35 41 43 0.0 0.0 6.0 0.0 249.0 0.0 0.0 0.6208425720620842
35 41 44 0.0 0.0 113.0 0.0 2580.0 15.0 38.0 0.29927319367250954
35 41 45 0.0 0.0 0.0 0.0 4.0 0.0 0.0 0.6986027944111775
35 42 36 0.0 0.0 0.0 0.0 2.0 0.0 0.0 0.6993006993006992
35 42 37 0.0 0.0 6.0 0.0 44.0 2.0 0.0 0.6835937499999999
35 42 38 0.0 0.0 7.0 0.0 108.0 2.0 0.0 0.6625650733554187
35 42 39 0.0 0.0 126.0 0.0 2602.0 18.0 38.0 0.29711375212224106
35 42 40 0.0 0.0 140.0 0.0 3153.0 20.0 61.0 0.2654531664770572
35 42 41 0.0 0.0 91.0 0.0 2056.0 13.0 23.0 0.33873699491894504
35 42 42 0.0 0.0 7.0 0.0 243.0 2.0 1.0 0.6227758007117437
35 42 43 0.0 0.0 1.0 0.0 92.0 1.0 0.0 0.669536107125777
35 42 44 0.0 0.0 0.0 0.0 9.0 0.0 0.0 0.6968641114982577
35 43 37 0.0 0.0 0.0 0.0 3.0 0.0 0.0 0.6989515726410384
35 43 38 0.0 0.0 2.0 0.0 18.0 2.0 0.0 0.6937561942517343
35 43 39 0.0 0.0 0.0 0.0 29.0 0.0 0.0 0.6899950714637751
35 43 40 0.0 0.0 26.0 0.0 472.0 6.0 0.0 0.5617977528089887
35 43 41 0.0 0.0 61.0 0.0 1275.0 12.0 7.0 0.4213060487511284
35 43 42 0.0 0.0 114.0 0.0 3081.0 22.0 68.0 0.2705314009661835
35 43 43 0.0 0.0 1.0 0.0 119.0 2.0 0.0 0.6613131790269249
35 43 44 0.0 0.0 0.0 0.0 8.0 0.0 0.0 0.697211155378486
35 43 45 0.0 0.0 0.0 0.0 1.0 0.0 0.0 0.0
35 44 37 0.0 0.0 0.0 0.0 1.0 0.0 0.0 0.6996501749125437
35 44 38 0.0 0.0 2.0 0.0 32.0 0.0 0.0 0.6882989183874139
35 44 39 0.0 0.0 0.0 0.0 12.0 0.0 0.0 0.6958250497017892
35 44 40 0.0 0.0 0.0 0.0 4.0 0.0 0.0 0.6986027944111775
35 44 41 0.0 0.0 3.0 0.0 20.0 1.0 0.0 0.6923837784371908
35 44 42 0.0 0.0 3.0 0.0 61.0 4.0 0.0 0.6796116504854368
35 44 43 0.0 0.0 0.0 0.0 2.0 0.0 0.0 0.6993006993006992
35 45 41 0.0 0.0 0.0 0.0 1.0 0.0 0.0 0.6996501749125437
36 35 36 0.0 0.0 0.0 0.0 2.0 0.0 0.0 0.6993006993006992
36 35 37 0.0 0.0 0.0 0.0 4.0 0.0 0.0 0.6986027944111775
36 35 38 0.0 0.0 1.0 0.0 38.0 0.0 0.0 0.6866110838646394
36 35 39 0.0 0.0 0.0 0.0 12.0 0.0 0.0 0.6958250497017892
36 35 40 0.0 0.0 0.0 0.0 7.0 0.0 0.0 0.6975585450921773
36 35 41 0.0 0.0 0.0 0.0 7.0 0.0 0.0 0.6975585450921773
36 35 42 0.0 0.0 0.0 0.0 11.0 0.0 0.0 0.6961710591745399
36 36 36 0.0 0.0 0.0 0.0 12.0 0.0 0.0 0.6958250497017892
36 36 37 0.0 0.0 167.0 0.0 3562.0 20.0 98.0 0.24518388791593695
36 36 38 0.0 0.0 1.0 0.0 142.0 0.0 0.0 0.6532897806812878
36 36 39 0.0 0.0 2.0 0.0 171.0 1.0 0.0 0.64486411791801
36 36 40 0.0 0.0 25.0 0.0 519.0 6.0 0.0 0.5516154452324664
36 36 41 0.0 0.0 2.0 0.0 156.0 0.0 1.0 0.6487488415199257
36 36 42 0.0 0.0 2.0 0.0 61.0 0.0 0.0 0.6786233640329616
36 36 43 0.0 0.0 0.0 0.0 16.0 0.0 0.0 0.6944444444444444
36 37 36 0.0 0.0 0.0 0.0 49.0 1.0 0.0 0.6835937499999999
36 37 37 0.0 0.0 88.0 0.0 1722.0 20.0 16.0 0.3693931398416886
36 37 38 0.0 0.0 43.0 0.0 1113.0 9.0 4.0 0.44486812837623124
36 37 39 0.0 0.0 290.0 0.0 6184.0 18.0 564.0 0.1655433368806905
36 37 40 0.0 0.0 294.0 0.0 6185.0 11.0 475.0 0.165347820951931
36 37 41 0.0 0.0 285.0 0.0 6480.0 19.0 575.0 0.1599451616588598
36 37 42 0.0 0.0 12.0 0.0 466.0 2.0 3.0 0.5656565656565656
36 37 43 0.0 0.0 0.0 0.0 47.0 0.0 0.0 0.6839276990718123
36 37 44 0.0 0.0 0.0 0.0 2.0 0.0 0.0 0.6993006993006992
36 38 36 0.0 0.0 21.0 0.0 732.0 6.0 5.0 0.5096468875136512
36 38 37 0.0 0.0 5.0 0.0 298.0 1.0 1.0 0.6084311169056931
36 38 38 0.0 0.0 199.0 0.0 4470.0 24.0 191.0 0.21055797864340497
36 38 39 0.0 0.0 300.0 0.0 6352.0 22.0 552.0 0.16220600162206
36 38 40 0.0 0.0 424.0 0.0 8288.0 29.0 1168.0 0.1309022907900888
36 38 41 0.0 0.0 210.0 0.0 4865.0 19.0 241.0 0.19855339668132177
36 38 42 0.0 0.0 138.0 0.0 3369.0 16.0 91.0 0.2549162418062636
36 38 43 0.0 0.0 4.0 0.0 419.0 2.0 1.0 0.5782734407269723
36 38 44 0.0 0.0 15.0 0.0 338.0 4.0 0.0 0.5959982971477223
36 39 35 0.0 0.0 0.0 0.0 2.0 0.0 0.0 0.6993006993006992
36 39 36 0.0 0.0 0.0 0.0 58.0 0.0 0.0 0.6806028196402526
36 39 37 0.0 0.0 163.0 0.0 3377.0 16.0 90.0 0.2533478103510677
36 39 38 0.0 0.0 465.0 0.0 9557.0 13.0 2115.0 0.11645316918981866
36 39 39 0.0 0.0 495.0 0.0 9533.0 26.0 2005.0 0.11662779073642118
36 39 40 0.0 0.0 333.0 0.0 7732.0 22.0 1091.0 0.13937282229965156
36 39 41 0.0 0.0 182.0 0.0 3554.0 17.0 98.0 0.24484085344526052
36 39 42 0.0 0.0 593.0 0.0 10456.0 25.0 2916.0 0.107386668712127
36 39 43 0.0 0.0 138.0 0.0 2711.0 22.0 42.0 0.29003521856225395
36 39 44 0.0 0.0 37.0 0.0 1099.0 9.0 6.0 0.4477134633834345
36 39 45 0.0 0.0 0.0 0.0 6.0 0.0 0.0 0.6979062811565303
36 40 35 0.0 0.0 0.0 0.0 2.0 0.0 0.0 0.6993006993006992
36 40 36 0.0 0.0 0.0 0.0 19.0 0.0 0.0 0.6934125804853887
36 40 37 0.0 0.0 84.0 0.0 1939.0 11.0 20.0 0.34895314057826515
36 40 38 0.0 0.0 388.0 0.0 8241.0 17.0 1213.0 0.1318764129615674
36 40 39 0.0 0.0 679.0 0.0 11569.0 35.0 5154.0 0.09839061072457655
36 40 40 0.0 0.0 493.0 0.0 9446.0 24.0 1710.0 0.11743981209630062
36 40 41 0.0 0.0 258.0 0.0 6390.0 16.0 567.0 0.16207455429497564
36 40 42 0.0 0.0 123.0 0.0 3318.0 15.0 102.0 0.2579218865143699
36 40 43 0.0 0.0 347.0 0.0 7522.0 23.0 1001.0 0.14210312626877789
36 40 44 0.0 0.0 20.0 0.0 607.0 6.0 4.0 0.5341472720335749
36 40 45 0.0 0.0 2.0 0.0 57.0 0.0 0.0 0.6799417192812044
36 41 36 0.0 0.0 10.0 0.0 92.0 2.0 0.0 0.6666666666666665
36 41 37 0.0 0.0 90.0 0.0 2265.0 9.0 25.0 0.3223578171770665
36 41 38 0.0 0.0 407.0 0.0 8387.0 23.0 1329.0 0.12982195845697328
36 41 39 0.0 0.0 519.0 0.0 10178.0 21.0 2802.0 0.1103404791929382
36 41 40 0.0 0.0 328.0 0.0 7397.0 11.0 824.0 0.14410705095213586
36 41 41 0.0 0.0 672.0 0.0 11464.0 25.0 4033.0 0.09910802775024775
36 41 42 0.0 0.0 650.0 0.0 11232.0 29.0 3644.0 0.10094455259932222
36 41 43 0.0 0.0 231.0 0.0 5430.0 17.0 354.0 0.18303046149823501
36 41 44 0.0 0.0 9.0 0.0 295.0 2.0 0.0 0.6081668114682883
36 41 45 0.0 0.0 1.0 0.0 22.0 1.0 0.0 0.6927263730826323
36 42 36 0.0 0.0 0.0 0.0 1.0 0.0 0.0 0.6996501749125437
36 42 37 0.0 0.0 6.0 0.0 294.0 3.0 1.0 0.6094906399651718
36 42 38 0.0 0.0 45.0 0.0 1164.0 12.0 6.0 0.43791054113231154
36 42 39 0.0 0.0 235.0 0.0 5512.0 17.0 308.0 0.18099547511312214
36 42 40 0.0 0.0 254.0 0.0 6071.0 16.0 442.0 0.1683906663459225
36 42 41 0.0 0.0 336.0 0.0 6983.0 28.0 683.0 0.15068345710903022
36 42 42 0.0 0.0 561.0 0.0 10294.0 23.0 2582.0 0.10900031142946122
36 42 43 0.0 0.0 226.0 0.0 5015.0 16.0 281.0 0.19369120088544545
36 42 44 0.0 0.0 25.0 0.0 725.0 5.0 4.0 0.5100182149362477
36 42 45 0.0 0.0 0.0 0.0 3.0 0.0 0.0 0.6989515726410384
36 43 36 0.0 0.0 0.0 0.0 1.0 0.0 0.0 0.6996501749125437
36 43 37 0.0 0.0 1.0 0.0 56.0 0.0 0.0 0.6806028196402526
36 43 38 0.0 0.0 1.0 0.0 166.0 0.0 0.0 0.6466512702078521
36 43 39 0.0 0.0 164.0 0.0 4049.0 21.0 141.0 0.22602518566354537
36 43 40 0.0 0.0 203.0 0.0 4421.0 18.0 190.0 0.21189647343726348
36 43 41 0.0 0.0 46.0 0.0 1594.0 7.0 20.0 0.3852504127682993
36 43 42 0.0 0.0 79.0 0.0 1721.0 8.0 18.0 0.3691983122362869
36 43 43 0.0 0.0 69.0 0.0 1375.0 11.0 10.0 0.4079254079254079
36 43 44 0.0 0.0 41.0 0.0 1169.0 11.0 10.0 0.43763676148796493
36 43 45 0.0 0.0 6.0 0.0 113.0 1.0 0.0 0.6610009442870631
36 44 37 0.0 0.0 0.0 0.0 7.0 0.0 0.0 0.6975585450921773
36 44 38 0.0 0.0 47.0 0.0 1044.0 9.0 4.0 0.45425048669694995
36 44 39 0.0 0.0 9.0 0.0 252.0 0.0 0.0 0.6191950464396283
36 44 40 0.0 0.0 8.0 0.0 216.0 3.0 0.0 0.6303466906798738
36 44 41 0.0 0.0 110.0 0.0 2429.0 15.0 31.0 0.3093922651933701
36 44 42 0.0 0.0 10.0 0.0 241.0 3.0 0.0 0.6227758007117437
36 44 43 0.0 0.0 0.0 0.0 17.0 0.0 0.0 0.694100148735746
36 44 44 0.0 0.0 0.0 0.0 4.0 0.0 0.0 0.6986027944111775
36 44 45 0.0 0.0 0.0 0.0 1.0 0.0 0.0 0.6996501749125437
36 45 38 0.0 0.0 0.0 0.0 5.0 0.0 0.0 0.6982543640897755
36 45 39 0.0 0.0 26.0 0.0 437.0 4.0 1.0 0.5693371289141926
36 45 40 0.0 0.0 0.0 0.0 12.0 0.0 0.0 0.6958250497017892
36 45 41 0.0 0.0 2.0 0.0 27.0 1.0 0.0 0.690335305719921
36 45 42 0.0 0.0 0.0 0.0 1.0 0.0 0.0 0.6996501749125437
37 35 36 0.0 0.0 0.0 0.0 3.0 0.0 0.0 0.6989515726410384
37 35 37 0.0 0.0 0.0 0.0 5.0 0.0 0.0 0.6982543640897755
37 35 38 0.0 0.0 0.0 0.0 24.0 0.0 0.0 0.6916996047430829
37 35 39 0.0 0.0 1.0 0.0 39.0 1.0 0.0 0.6866110838646394
37 35 40 0.0 0.0 0.0 0.0 31.0 0.0 0.0 0.6893156080748399
37 35 41 0.0 0.0 1.0 0.0 26.0 0.0 0.0 0.6906758756783422
37 35 42 0.0 0.0 0.0 0.0 8.0 0.0 0.0 0.697211155378486
37 36 36 0.0 0.0 2.0 0.0 71.0 0.0 0.0 0.6756756756756755
37 36 37 0.0 0.0 11.0 0.0 259.0 4.0 0.0 0.6178287731685789
37 36 38 0.0 0.0 60.0 0.0 1556.0 10.0 11.0 0.3882418191902384
37 36 39 0.0 0.0 361.0 0.0 7869.0 20.0 1026.0 0.13703993735317146
37 36 40 0.0 0.0 167.0 0.0 3601.0 14.0 91.0 0.24330900243308998
37 36 41 0.0 0.0 135.0 0.0 3676.0 17.0 131.0 0.2415875754961173
37 36 42 0.0 0.0 37.0 0.0 668.0 10.0 1.0 0.5198663200891199
37 36 43 0.0 0.0 1.0 0.0 49.0 1.0 0.0 0.6835937499999999
37 36 44 0.0 0.0 0.0 0.0 6.0 0.0 0.0 0.6979062811565303
37 37 35 0.0 0.0 0.0 0.0 1.0 0.0 0.0 0.6996501749125437
37 37 36 0.0 0.0 4.0 0.0 126.0 1.0 0.0 0.6578947368421051
37 37 37 0.0 0.0 479.0 0.0 9219.0 18.0 1708.0 0.11973999315771466
37 37 38 0.0 0.0 504.0 0.0 9314.0 30.0 1693.0 0.11866418036955416
37 37 39 0.0 0.0 290.0 0.0 6583.0 25.0 544.0 0.15812062344702957
37 37 40 0.0 0.0 721.0 0.0 11737.0 23.0 4829.0 0.09691264017721167
37 37 41 0.0 0.0 284.0 0.0 6528.0 21.0 560.0 0.15925378227732906
37 37 42 0.0 0.0 471.0 0.0 9542.0 28.0 1908.0 0.11670556852284093
37 37 43 0.0 0.0 27.0 0.0 686.0 4.0 4.0 0.5167958656330748
37 37 44 0.0 0.0 0.0 0.0 44.0 0.0 0.0 0.684931506849315
37 38 34 0.0 0.0 0.0 0.0 1.0 0.0 0.0 0.6996501749125437
37 38 35 0.0 0.0 0.0 0.0 5.0 0.0 0.0 0.6982543640897755
37 38 36 0.0 0.0 17.0 0.0 468.0 4.0 1.0 0.5642885933091495
37 38 37 0.0 0.0 258.0 0.0 5896.0 19.0 467.0 0.1720535824013764
37 38 38 0.0 0.0 560.0 0.0 10233.0 19.0 2600.0 0.1094519584082558
37 38 39 0.0 0.0 1118.0 0.0 12951.0 35.0 12494.0 0.08719481813652216
37 38 40 0.0 0.0 988.0 0.0 12950.0 29.0 9197.0 0.08779080704834764
37 38 41 0.0 0.0 1252.0 0.0 13232.0 40.0 15260.0 0.0849772382397572
37 38 42 0.0 0.0 467.0 0.0 9262.0 18.0 1875.0 0.11947431302270012
37 38 43 0.0 0.0 86.0 0.0 2183.0 11.0 21.0 0.3287928604978863
37 38 44 0.0 0.0 21.0 0.0 716.0 7.0 5.0 0.5128205128205128
37 38 45 0.0 0.0 0.0 0.0 8.0 0.0 0.0 0.697211155378486
37 39 34 0.0 0.0 0.0 0.0 2.0 0.0 0.0 0.6993006993006992
37 39 35 0.0 0.0 0.0 0.0 8.0 0.0 0.0 0.6975585450921773
37 39 36 0.0 0.0 127.0 0.0 2848.0 20.0 53.0 0.282428888440589
37 39 37 0.0 0.0 334.0 0.0 7340.0 21.0 863.0 0.1448975367418754
37 39 38 0.0 0.0 524.0 0.0 10237.0 28.0 2721.0 0.10984699882306787
37 39 39 0.0 0.0 782.0 0.0 12289.0 17.0 6107.0 0.092899800928998
37 39 40 0.0 0.0 876.0 0.0 12589.0 31.0 7053.0 0.09060315816722753
37 39 41 0.0 0.0 662.0 0.0 11371.0 18.0 3398.0 0.09977906065141472
37 39 42 0.0 0.0 454.0 0.0 9512.0 18.0 2036.0 0.11706664436825821
37 39 43 0.0 0.0 729.0 0.0 11578.0 31.0 4244.0 0.09790894468144624
37 39 44 0.0 0.0 75.0 0.0 1629.0 10.0 11.0 0.37930100243836357
37 39 45 0.0 0.0 4.0 0.0 109.0 2.0 0.0 0.6631927996210326
37 40 34 0.0 0.0 0.0 0.0 1.0 0.0 0.0 0.6996501749125437
37 40 35 0.0 0.0 4.0 0.0 44.0 0.0 0.0 0.6835937499999999
37 40 36 0.0 0.0 54.0 0.0 1220.0 6.0 5.0 0.42852770125497397
37 40 37 0.0 0.0 233.0 0.0 4944.0 23.0 226.0 0.19564002235885966
37 40 38 0.0 0.0 672.0 0.0 11237.0 23.0 3782.0 0.10073391854943156
37 40 39 0.0 0.0 1439.0 0.0 13248.0 32.0 18802.0 0.08390267289943663
37 40 40 0.0 0.0 939.0 0.0 12977.0 31.0 9113.0 0.08796732642161482
37 40 41 0.0 0.0 922.0 0.0 12741.0 38.0 7570.0 0.08946258546872005
37 40 42 0.0 0.0 749.0 0.0 12115.0 26.0 5756.0 0.09419997308572196
37 40 43 0.0 0.0 433.0 0.0 9226.0 23.0 1986.0 0.12017167381974247
37 40 44 0.0 0.0 360.0 0.0 7469.0 23.0 800.0 0.14268242967794534
37 40 45 0.0 0.0 0.0 0.0 31.0 0.0 0.0 0.6893156080748399
37 41 35 0.0 0.0 0.0 0.0 5.0 0.0 0.0 0.6982543640897755
37 41 36 0.0 0.0 18.0 0.0 255.0 7.0 0.0 0.6178287731685789
37 41 37 0.0 0.0 168.0 0.0 3968.0 15.0 173.0 0.22860875244937945
37 41 38 0.0 0.0 721.0 0.0 11782.0 25.0 5490.0 0.09658502932045532
37 41 39 0.0 0.0 1025.0 0.0 13102.0 27.0 9606.0 0.08682709005209624
37 41 40 0.0 0.0 937.0 0.0 12958.0 35.0 8925.0 0.08815010703941568
37 41 41 0.0 0.0 1084.0 1.0 13302.0 35.0 11242.0 0.08549096238397655
37 41 42 0.0 0.0 1316.0 0.0 12918.0 30.0 17945.0 0.08620689655172413
37 41 43 0.0 0.0 343.0 0.0 7496.0 20.0 824.0 0.14243564960830193
37 41 44 0.0 0.0 56.0 0.0 1032.0 13.0 2.0 0.45528455284552843
37 41 45 0.0 0.0 21.0 0.0 426.0 6.0 0.0 0.5735354362965996
37 42 35 0.0 0.0 0.0 0.0 4.0 0.0 0.0 0.6986027944111775
37 42 36 0.0 0.0 4.0 0.0 165.0 1.0 0.0 0.6457564575645756
37 42 37 0.0 0.0 163.0 0.0 3826.0 16.0 107.0 0.23430962343096232
37 42 38 0.0 0.0 612.0 0.0 10974.0 24.0 3550.0 0.10308519254841321
37 42 39 0.0 0.0 668.0 0.0 11437.0 30.0 4135.0 0.09931191033553237
37 42 40 0.0 0.0 808.0 0.0 12345.0 30.0 7135.0 0.09244585314315899
37 42 41 0.0 0.0 544.0 0.0 10078.0 28.0 2322.0 0.11109347722583716
37 42 42 0.0 0.0 612.0 0.0 10866.0 28.0 3509.0 0.10395010395010394
37 42 43 0.0 0.0 668.0 0.0 11325.0 20.0 4433.0 0.10006432706740045
37 42 44 0.0 0.0 226.0 0.0 4817.0 16.0 263.0 0.19920318725099598
37 42 45 0.0 0.0 0.0 0.0 29.0 0.0 0.0 0.6899950714637751
37 43 36 0.0 0.0 0.0 0.0 6.0 0.0 0.0 0.6979062811565303
37 43 37 0.0 0.0 8.0 0.0 293.0 0.0 0.0 0.6084311169056931
37 43 38 0.0 0.0 299.0 0.0 6775.0 23.0 652.0 0.15452538631346574
37 43 39 0.0 0.0 485.0 0.0 8809.0 36.0 1348.0 0.12428977272727271
37 43 40 0.0 0.0 348.0 0.0 7533.0 21.0 821.0 0.14187271990271583
37 43 41 0.0 0.0 661.0 0.0 11567.0 30.0 4512.0 0.09848058525604951
37 43 42 0.0 0.0 179.0 0.0 4775.0 17.0 236.0 0.20178725857595847
37 43 43 0.0 0.0 271.0 0.0 5767.0 24.0 344.0 0.1747160863596655
37 43 44 0.0 0.0 11.0 0.0 232.0 2.0 0.0 0.6247211066488174
37 43 45 0.0 0.0 0.0 0.0 29.0 0.0 0.0 0.6899950714637751
37 44 36 0.0 0.0 0.0 0.0 2.0 0.0 0.0 0.6993006993006992
37 44 37 0.0 0.0 0.0 0.0 21.0 0.0 0.0 0.6927263730826323
37 44 38 0.0 0.0 5.0 0.0 178.0 1.0 0.0 0.6416131989000916
37 44 39 0.0 0.0 364.0 0.0 7602.0 21.0 862.0 0.1407459535538353
37 44 40 0.0 0.0 19.0 0.0 949.0 2.0 2.0 0.4720161834120026
37 44 41 0.0 0.0 96.0 0.0 2064.0 7.0 21.0 0.33710570671803514
37 44 42 0.0 0.0 6.0 0.0 296.0 0.0 0.0 0.6081668114682883
37 44 43 0.0 0.0 8.0 0.0 226.0 3.0 1.0 0.6278026905829596
37 44 44 0.0 0.0 3.0 0.0 34.0 1.0 0.0 0.6876227897838899
37 44 45 0.0 0.0 3.0 0.0 142.0 2.0 0.0 0.6532897806812878
37 45 38 0.0 0.0 0.0 0.0 12.0 0.0 0.0 0.6958250497017892
37 45 39 0.0 0.0 11.0 0.0 282.0 4.0 1.0 0.6118881118881118
37 45 40 0.0 0.0 1.0 0.0 96.0 1.0 0.0 0.6679389312977099
37 45 41 0.0 0.0 0.0 0.0 22.0 0.0 0.0 0.6927263730826323
37 45 42 0.0 0.0 0.0 0.0 1.0 0.0 0.0 0.6996501749125437
37 46 39 0.0 0.0 0.0 0.0 1.0 0.0 0.0 0.6996501749125437
38 34 39 0.0 0.0 0.0 0.0 1.0 0.0 0.0 0.6996501749125437
38 35 35 0.0 0.0 18.0 0.0 363.0 7.0 1.0 0.5897219882055602
38 35 36 0.0 0.0 0.0 0.0 4.0 0.0 0.0 0.6986027944111775
38 35 37 0.0 0.0 0.0 0.0 5.0 0.0 0.0 0.6982543640897755
38 35 38 0.0 0.0 0.0 0.0 26.0 0.0 0.0 0.6910167818361302
38 35 39 0.0 0.0 28.0 0.0 598.0 7.0 2.0 0.53475935828877
38 35 40 0.0 0.0 6.0 0.0 243.0 3.0 0.0 0.6233303650934995
38 35 41 0.0 0.0 7.0 0.0 170.0 2.0 1.0 0.6436781609195401
38 35 42 0.0 0.0 3.0 0.0 36.0 1.0 0.0 0.6872852233676975
38 35 43 0.0 0.0 0.0 0.0 2.0 0.0 0.0 0.6993006993006992
38 36 35 0.0 0.0 0.0 0.0 11.0 0.0 0.0 0.6961710591745399
38 36 36 0.0 0.0 17.0 0.0 493.0 4.0 2.0 0.558882235528942
38 36 37 0.0 0.0 150.0 0.0 3299.0 14.0 91.0 0.2576370997423628
38 36 38 0.0 0.0 56.0 0.0 1172.0 14.0 8.0 0.43559427504667075
38 36 39 0.0 0.0 133.0 0.0 3247.0 12.0 80.0 0.26080476900149024
38 36 40 0.0 0.0 257.0 0.0 5923.0 28.0 419.0 0.17167381974248924
38 36 41 0.0 0.0 224.0 0.0 5275.0 17.0 351.0 0.18711574445335472
38 36 42 0.0 0.0 21.0 0.0 807.0 7.0 4.0 0.49627791563275425
38 36 43 0.0 0.0 0.0 0.0 79.0 1.0 0.0 0.6737247353224253
38 36 44 0.0 0.0 1.0 0.0 101.0 1.0 0.0 0.6663493574488338
38 37 34 0.0 0.0 5.0 0.0 96.0 5.0 0.0 0.6679389312977099
38 37 35 0.0 0.0 0.0 0.0 32.0 0.0 0.0 0.6889763779527558
38 37 36 0.0 0.0 74.0 0.0 1792.0 9.0 19.0 0.36307053941908707
38 37 37 0.0 0.0 284.0 0.0 6782.0 15.0 663.0 0.15461071231363888
38 37 38 0.0 0.0 417.0 0.0 8932.0 28.0 1571.0 0.12355484952784396
38 37 39 0.0 0.0 830.0 0.0 12496.0 22.0 6944.0 0.0913420760749005
38 37 40 0.0 0.0 585.0 0.0 10477.0 25.0 2723.0 0.10731258623332822
38 37 41 0.0 0.0 575.0 0.0 10686.0 36.0 2948.0 0.10573219545351557
38 37 42 0.0 0.0 335.0 0.0 7408.0 17.0 832.0 0.1438553226469379
38 37 43 0.0 0.0 242.0 0.0 5213.0 22.0 280.0 0.18817204301075266
38 37 44 0.0 0.0 71.0 0.0 1760.0 11.0 21.0 0.3664921465968586
38 37 45 0.0 0.0 6.0 0.0 186.0 2.0 0.0 0.639269406392694
38 38 34 0.0 0.0 0.0 0.0 2.0 0.0 0.0 0.6993006993006992
38 38 35 0.0 0.0 3.0 0.0 106.0 1.0 0.0 0.6641366223908918
38 38 36 0.0 0.0 154.0 0.0 3657.0 15.0 104.0 0.2415042263239606
38 38 37 0.0 0.0 413.0 0.0 8395.0 23.0 1234.0 0.12968967114404814
38 38 38 0.0 0.0 1283.0 0.0 13152.0 44.0 16469.0 0.08519442585042292
38 38 39 0.0 0.0 1251.0 0.0 13515.0 44.0 13718.0 0.08356213441566192
38 38 40 0.0 0.0 939.0 0.0 13125.0 41.0 8222.0 0.08729267988527246
38 38 41 0.0 0.0 1320.0 0.0 13333.0 34.0 16777.0 0.0840891344825515
38 38 42 0.0 0.0 891.0 0.0 12599.0 28.0 7320.0 0.09042175289026673
38 38 43 0.0 0.0 438.0 0.0 9057.0 25.0 1783.0 0.12192997735586132
38 38 44 0.0 0.0 91.0 0.0 2126.0 14.0 32.0 0.3330954080418748
38 38 45 0.0 0.0 6.0 0.0 84.0 1.0 0.0 0.6701771182383915
38 39 34 0.0 0.0 2.0 0.0 15.0 0.0 0.0 0.694100148735746
38 39 35 0.0 0.0 55.0 0.0 1343.0 12.0 5.0 0.41358936484490394
38 39 36 0.0 0.0 201.0 0.0 4514.0 15.0 162.0 0.20895522388059698
38 39 37 0.0 0.0 674.0 0.0 11378.0 26.0 4416.0 0.09970089730807576
38 39 38 0.0 0.0 1037.0 0.0 13288.0 25.0 8273.0 0.08572128337007102
38 39 39 0.0 0.0 1934.0 0.0 11847.0 67.0 34375.0 0.08880431335236282
38 39 40 0.0 0.0 2212.0 0.0 11873.0 63.0 38633.0 0.08706467661691542
38 39 41 0.0 0.0 1146.0 0.0 13473.0 31.0 12787.0 0.08426120975022569
38 39 42 0.0 0.0 865.0 0.0 12436.0 28.0 6403.0 0.09150924897052094
38 39 43 0.0 0.0 379.0 0.0 8386.0 28.0 1273.0 0.13030528667163066
38 39 44 0.0 0.0 368.0 0.0 7193.0 27.0 664.0 0.1467351430667645
38 39 45 0.0 0.0 2.0 0.0 83.0 0.0 0.0 0.6714628297362109
38 40 34 0.0 0.0 0.0 0.0 8.0 0.0 0.0 0.697211155378486
38 40 35 0.0 0.0 154.0 0.0 3266.0 25.0 72.0 0.25935531678399404
38 40 36 0.0 0.0 253.0 0.0 4828.0 23.0 209.0 0.1984408221119773
38 40 37 0.0 0.0 382.0 0.0 8495.0 19.0 1466.0 0.12884226026136572
38 40 38 0.0 0.0 1146.0 0.0 13613.0 28.0 10273.0 0.08357709987463434
38 40 39 0.0 0.0 1944.0 2.0 12759.0 42.0 29337.0 0.08375710439724797
38 40 40 0.0 1.0 1864.0 3.0 12728.0 56.0 28267.0 0.08437292834327728
38 40 41 0.0 0.0 1839.0 2.0 12942.0 46.0 27398.0 0.08339289969025493
38 40 42 0.0 0.0 1294.0 1.0 13726.0 41.0 13986.0 0.08224650452355774
38 40 43 0.0 0.0 597.0 0.0 10472.0 30.0 2946.0 0.10725503715620929
38 40 44 0.0 0.0 77.0 0.0 2071.0 16.0 32.0 0.33857315598548965
38 40 45 0.0 0.0 3.0 0.0 161.0 0.0 1.0 0.6472491909385112
38 41 35 0.0 0.0 14.0 0.0 562.0 0.0 1.0 0.5434782608695652
38 41 36 0.0 0.0 125.0 0.0 3043.0 19.0 53.0 0.2718974558166634
38 41 37 0.0 0.0 411.0 0.0 8541.0 22.0 1652.0 0.12801755669348935
38 41 38 0.0 0.0 747.0 6.0 11748.0 17.0 4342.0 0.09655172413793103
38 41 39 0.0 0.0 1581.0 0.0 13030.0 35.0 22990.0 0.08426120975022569
38 41 40 0.0 0.0 2159.0 0.0 11822.0 61.0 38838.0 0.0876533934385174
38 41 41 0.0 0.0 1618.0 2.0 13602.0 42.0 20913.0 0.08131970260223047
38 41 42 0.0 0.0 1184.0 1.0 13561.0 29.0 12031.0 0.08358707982566123
38 41 43 0.0 0.0 512.0 0.0 9771.0 19.0 2303.0 0.11409013120365087
38 41 44 0.0 0.0 180.0 0.0 5019.0 20.0 287.0 0.1949317738791423
38 41 45 0.0 0.0 31.0 0.0 801.0 11.0 0.0 0.49627791563275425
38 41 46 0.0 0.0 0.0 0.0 2.0 0.0 0.0 0.6993006993006992
38 42 35 0.0 0.0 1.0 0.0 20.0 0.0 0.0 0.6927263730826323
38 42 36 0.0 0.0 105.0 0.0 2522.0 12.0 41.0 0.30316154179298394
38 42 37 0.0 0.0 159.0 0.0 3527.0 14.0 114.0 0.24673951357067322
38 42 38 0.0 0.0 503.0 3.0 10011.0 23.0 2660.0 0.11199999999999999
38 42 39 0.0 0.0 1370.0 0.0 13530.0 36.0 16293.0 0.08279614406529066
38 42 40 0.0 1.0 1512.0 3.0 12944.0 55.0 21532.0 0.08511673151750972
38 42 41 0.0 0.0 1366.0 3.0 13516.0 47.0 16124.0 0.08292365100989159
38 42 42 0.0 0.0 584.0 2.0 10513.0 22.0 2597.0 0.1069028711056811
38 42 43 0.0 0.0 487.0 0.0 9431.0 21.0 1802.0 0.11758777087182931
38 42 44 0.0 0.0 207.0 0.0 4988.0 15.0 279.0 0.19482326746451428
38 42 45 0.0 0.0 27.0 0.0 703.0 13.0 2.0 0.5152741994847257
38 42 46 0.0 0.0 0.0 0.0 1.0 0.0 0.0 0.6996501749125437
38 43 35 0.0 0.0 0.0 0.0 1.0 0.0 0.0 0.6996501749125437
38 43 36 0.0 0.0 3.0 0.0 156.0 1.0 0.0 0.6487488415199257
38 43 37 0.0 0.0 126.0 0.0 2648.0 15.0 40.0 0.2940558706154169
38 43 38 0.0 0.0 228.0 0.0 5213.0 22.0 297.0 0.18865382023985985
38 43 39 0.0 0.0 865.0 1.0 12563.0 26.0 8120.0 0.09078529278256921
38 43 40 0.0 0.0 630.0 3.0 11282.0 22.0 3939.0 0.10068320747932397
38 43 41 0.0 0.0 430.0 0.0 8916.0 20.0 1564.0 0.12356575463371579
38 43 42 0.0 0.0 368.0 0.0 7608.0 24.0 869.0 0.14056224899598393
38 43 43 0.0 0.0 159.0 0.0 3750.0 18.0 124.0 0.23752969121140138
38 43 44 0.0 0.0 316.0 0.0 7061.0 13.0 715.0 0.14931740614334468
38 43 45 0.0 0.0 3.0 0.0 57.0 0.0 1.0 0.6796116504854368
38 44 36 0.0 0.0 9.0 0.0 300.0 4.0 0.0 0.6073752711496745
38 44 37 0.0 0.0 58.0 0.0 1339.0 10.0 7.0 0.41334514319456744
38 44 38 0.0 0.0 82.0 0.0 1765.0 15.0 14.0 0.36524915210018255
38 44 39 0.0 0.0 54.0 0.0 1711.0 9.0 17.0 0.3726377428799573
38 44 40 0.0 0.0 392.0 0.0 7809.0 19.0 957.0 0.13736263736263735
38 44 41 0.0 0.0 49.0 0.0 1201.0 12.0 6.0 0.43263288009888745
38 44 42 0.0 0.0 126.0 0.0 3077.0 9.0 67.0 0.26938618433711753
38 44 43 0.0 0.0 17.0 0.0 240.0 7.0 1.0 0.6222222222222221
38 44 44 0.0 0.0 2.0 0.0 63.0 0.0 0.0 0.6779661016949151
38 44 45 0.0 0.0 0.0 0.0 6.0 0.0 0.0 0.6979062811565303
38 45 36 0.0 0.0 0.0 0.0 1.0 0.0 0.0 0.6996501749125437
38 45 37 0.0 0.0 0.0 0.0 8.0 0.0 0.0 0.697211155378486
38 45 38 0.0 0.0 9.0 0.0 68.0 2.0 0.0 0.6746987951807227
38 45 39 0.0 0.0 11.0 0.0 245.0 4.0 0.0 0.6216696269982237
38 45 40 0.0 0.0 0.0 0.0 46.0 0.0 0.0 0.6842619745845552
38 45 41 0.0 0.0 5.0 0.0 144.0 2.0 0.0 0.6520726595249184
38 45 42 0.0 0.0 0.0 0.0 4.0 0.0 0.0 0.6986027944111775
38 45 43 0.0 0.0 0.0 0.0 5.0 0.0 0.0 0.6982543640897755
39 34 41 0.0 0.0 0.0 0.0 2.0 0.0 0.0 0.6993006993006992
39 35 35 0.0 0.0 0.0 0.0 6.0 0.0 0.0 0.6979062811565303
39 35 36 0.0 0.0 0.0 0.0 14.0 0.0 0.0 0.6951340615690167
39 35 37 0.0 0.0 1.0 0.0 22.0 0.0 0.0 0.6920415224913494
39 35 38 0.0 0.0 1.0 0.0 51.0 0.0 0.0 0.6822612085769979
39 35 39 0.0 0.0 35.0 0.0 944.0 4.0 5.0 0.47058823529411764
39 35 40 0.0 0.0 2.0 0.0 113.0 0.0 0.0 0.662251655629139
39 35 41 0.0 0.0 41.0 0.0 1149.0 9.0 5.0 0.4401131719585035
39 35 42 0.0 0.0 0.0 0.0 15.0 0.0 0.0 0.694789081885856
39 36 34 0.0 0.0 0.0 0.0 1.0 0.0 0.0 0.6996501749125437
39 36 35 0.0 0.0 3.0 0.0 160.0 0.0 0.0 0.6475485661424606
39 36 36 0.0 0.0 129.0 0.0 3100.0 13.0 63.0 0.2683534598428215
39 36 37 0.0 0.0 72.0 0.0 1801.0 12.0 18.0 0.36269430051813467
39 36 38 0.0 0.0 228.0 0.0 4960.0 29.0 249.0 0.19553072625698323
39 36 39 0.0 0.0 184.0 0.0 4790.0 17.0 240.0 0.20129403306973398
39 36 40 0.0 0.0 500.0 0.0 9818.0 19.0 2489.0 0.11375639879743235
39 36 41 0.0 0.0 214.0 0.0 4884.0 18.0 251.0 0.19771218754413217
39 36 42 0.0 0.0 130.0 0.0 3283.0 14.0 100.0 0.25935531678399404
39 36 43 0.0 0.0 5.0 0.0 161.0 2.0 0.0 0.6469500924214416
39 36 44 0.0 0.0 2.0 0.0 66.0 0.0 0.0 0.6769825918762088
39 37 34 0.0 0.0 0.0 0.0 3.0 0.0 0.0 0.6989515726410384
39 37 35 0.0 0.0 78.0 0.0 1690.0 16.0 10.0 0.3731343283582089
39 37 36 0.0 0.0 327.0 0.0 7283.0 15.0 803.0 0.14580295771714225
39 37 37 0.0 0.0 547.0 0.0 10403.0 28.0 3037.0 0.10825021263434623
39 37 38 0.0 0.0 636.0 0.0 11369.0 28.0 4038.0 0.10003572704537333
39 37 39 0.0 0.0 666.0 0.0 11493.0 18.0 4260.0 0.09892594686263424
39 37 40 0.0 0.0 1181.0 0.0 13447.0 30.0 12440.0 0.08414472893376607
39 37 41 0.0 0.0 1049.0 0.0 12993.0 30.0 10440.0 0.0873035669743078
39 37 42 0.0 0.0 400.0 0.0 8216.0 20.0 1090.0 0.13205055649877379
39 37 43 0.0 0.0 469.0 0.0 9175.0 21.0 1710.0 0.12028524787352862
39 37 44 0.0 0.0 67.0 0.0 1490.0 12.0 6.0 0.3950338600451466
39 37 45 0.0 0.0 0.0 0.0 19.0 0.0 0.0 0.6934125804853887
39 38 34 0.0 0.0 0.0 0.0 12.0 0.0 0.0 0.6958250497017892
39 38 35 0.0 0.0 181.0 0.0 4112.0 17.0 133.0 0.22303648239604904
39 38 36 0.0 0.0 445.0 0.0 8964.0 23.0 1593.0 0.12287168685272949
39 38 37 0.0 0.0 809.0 0.0 12192.0 27.0 7870.0 0.09330845107971207
39 38 38 0.0 0.0 1171.0 0.0 13476.0 28.0 12842.0 0.08404874827399891
39 38 39 0.0 0.0 1269.0 0.0 13435.0 41.0 14430.0 0.08388256440982624
39 38 40 0.0 0.0 1976.0 1.0 12675.0 43.0 31050.0 0.08397312859884835
39 38 41 0.0 0.0 1029.0 0.0 13264.0 35.0 9127.0 0.08594229588704726
39 38 42 0.0 0.0 1127.0 0.0 13395.0 41.0 11739.0 0.08473550417624984
39 38 43 0.0 0.0 411.0 0.0 8658.0 24.0 1470.0 0.12669683257918551
39 38 44 0.0 0.0 342.0 0.0 7447.0 22.0 815.0 0.1432518162283843
39 38 45 0.0 0.0 0.0 0.0 62.0 0.0 0.0 0.6789524733268669
39 38 46 0.0 0.0 0.0 0.0 1.0 0.0 0.0 0.6996501749125437
39 39 34 0.0 0.0 0.0 0.0 27.0 0.0 0.0 0.6906758756783422
39 39 35 0.0 0.0 168.0 0.0 3990.0 17.0 120.0 0.22793878215564958
39 39 36 0.0 0.0 664.0 0.0 11086.0 31.0 3558.0 0.10190711894016596
39 39 37 0.0 0.0 848.0 0.0 12723.0 26.0 6809.0 0.08994539029874718
39 39 38 0.0 0.0 1597.0 0.0 13216.0 41.0 23041.0 0.08329366968110423
39 39 39 2.0 1.0 2300.0 15.0 11547.0 55.0 42577.0 0.08823344047393962
39 39 40 0.0 4.0 2588.0 34.0 12123.0 67.0 42369.0 0.08360205422190373
39 39 41 0.0 3.0 2559.0 19.0 11044.0 46.0 48831.0 0.08957706827052274
39 39 42 1.0 0.0 1228.0 4.0 13800.0 39.0 12068.0 0.08229001351907364
39 39 43 0.0 0.0 569.0 0.0 10451.0 25.0 2678.0 0.10760953112990007
39 39 44 0.0 0.0 187.0 0.0 4500.0 20.0 206.0 0.20986358866736618
39 39 45 0.0 0.0 2.0 0.0 94.0 1.0 0.0 0.6682577565632457
39 39 46 0.0 0.0 0.0 0.0 3.0 0.0 0.0 0.6989515726410384
39 40 34 0.0 0.0 1.0 0.0 36.0 0.0 0.0 0.6872852233676975
39 40 35 0.0 0.0 72.0 0.0 1685.0 9.0 18.0 0.37363223912463295
39 40 36 0.0 0.0 519.0 0.0 10112.0 32.0 2346.0 0.11102299762093576
39 40 37 0.0 0.0 1109.0 0.0 13493.0 37.0 10976.0 0.08435259384226064
39 40 38 0.0 1.0 1691.0 12.0 13152.0 45.0 23937.0 0.08307619273676714
39 40 39 0.0 0.0 2551.0 4.0 11896.0 87.0 44504.0 0.0852307317667113
39 40 40 0.0 10.0 3030.0 56.0 9126.0 56.0 71551.0 0.09841827768014058
39 40 41 0.0 12.0 2336.0 103.0 13067.0 58.0 34337.0 0.0799314872966029
39 40 42 0.0 9.0 1016.0 115.0 13141.0 36.0 9603.0 0.08614324390844202
39 40 43 0.0 0.0 909.0 0.0 12696.0 16.0 8744.0 0.08969759097898512
39 40 44 0.0 0.0 448.0 0.0 9174.0 25.0 2000.0 0.12063765618267985
39 40 45 0.0 0.0 6.0 0.0 193.0 1.0 0.0 0.6378132118451024
39 41 34 0.0 0.0 0.0 0.0 5.0 0.0 0.0 0.6982543640897755
39 41 35 0.0 0.0 50.0 0.0 1195.0 8.0 7.0 0.43263288009888745
39 41 36 0.0 0.0 306.0 0.0 7010.0 25.0 730.0 0.15061861215707367
39 41 37 0.0 0.0 651.0 0.0 11438.0 31.0 4642.0 0.0994742077589882
39 41 38 0.0 0.0 755.0 2.0 12081.0 31.0 4981.0 0.09447968686732351
39 41 39 0.0 0.0 1936.0 22.0 13020.0 42.0 29739.0 0.0823868651797799
39 41 40 1.0 7.0 2610.0 41.0 11142.0 52.0 49970.0 0.08857395925597873
39 41 41 0.0 4.0 2076.0 60.0 12829.0 45.0 31682.0 0.08245965366945458
39 41 42 0.0 12.0 1369.0 66.0 13209.0 37.0 17766.0 0.08406893652795291
39 41 43 0.0 0.0 1126.0 2.0 13348.0 36.0 12349.0 0.08499271491015055
39 41 44 0.0 0.0 193.0 0.0 4812.0 18.0 239.0 0.20031478036915148
39 41 45 0.0 0.0 6.0 0.0 181.0 3.0 0.0 0.641025641025641
39 41 46 0.0 0.0 0.0 0.0 2.0 0.0 0.0 0.6993006993006992
39 42 35 0.0 0.0 31.0 0.0 581.0 8.0 2.0 0.5376344086021504
39 42 36 0.0 0.0 134.0 0.0 2863.0 21.0 53.0 0.2813504823151125
39 42 37 0.0 0.0 859.0 0.0 12391.0 31.0 7400.0 0.09184543724988518
39 42 38 0.0 0.0 618.0 0.0 11143.0 22.0 3788.0 0.10174418604651161
39 42 39 0.0 11.0 906.0 112.0 12764.0 38.0 6261.0 0.08871989860583016
39 42 40 0.0 2.0 1482.0 65.0 13667.0 50.0 17220.0 0.08139061682460322
39 42 41 0.0 15.0 1528.0 118.0 13074.0 31.0 21760.0 0.08364201218783605
39 42 42 0.0 2.0 668.0 43.0 11306.0 21.0 4236.0 0.09990009990009989
39 42 43 0.0 0.0 791.0 1.0 12298.0 28.0 6732.0 0.09284435307381125
39 42 44 0.0 0.0 360.0 0.0 8161.0 33.0 1140.0 0.13344771709083975
39 42 45 0.0 0.0 0.0 0.0 73.0 0.0 0.0 0.6753497346840327
39 43 35 0.0 0.0 0.0 0.0 10.0 0.0 0.0 0.6965174129353233
39 43 36 0.0 0.0 9.0 0.0 331.0 3.0 1.0 0.5990586221651689
39 43 37 0.0 0.0 586.0 0.0 10397.0 32.0 2901.0 0.10797470306956655
39 43 38 0.0 0.0 470.0 0.0 9375.0 25.0 1626.0 0.11834319526627217
39 43 39 0.0 0.0 745.0 2.0 11955.0 32.0 5386.0 0.09530292716133422
39 43 40 0.0 0.0 413.0 1.0 9111.0 29.0 1758.0 0.12174971736672752
39 43 41 0.0 0.0 623.0 0.0 11017.0 34.0 4090.0 0.10273721288618183
39 43 42 0.0 0.0 425.0 2.0 8524.0 16.0 1314.0 0.12783053323593863
39 43 43 0.0 0.0 311.0 0.0 6279.0 11.0 479.0 0.16305613789890516
39 43 44 0.0 0.0 71.0 0.0 1173.0 12.0 8.0 0.4333023831631074
39 43 45 0.0 0.0 3.0 0.0 80.0 1.0 0.0 0.6727534839019701
39 44 35 0.0 0.0 6.0 0.0 70.0 0.0 0.0 0.6743737957610789
39 44 36 0.0 0.0 5.0 0.0 115.0 2.0 0.0 0.6613131790269249
39 44 37 0.0 0.0 76.0 0.0 1676.0 6.0 10.0 0.37373198077949804
39 44 38 0.0 0.0 138.0 0.0 3695.0 8.0 122.0 0.24042589730379527
39 44 39 0.0 0.0 179.0 0.0 4246.0 26.0 148.0 0.21871582565224176
39 44 40 0.0 0.0 209.0 0.0 4212.0 14.0 167.0 0.2185110035898236
39 44 41 0.0 0.0 152.0 0.0 3665.0 18.0 118.0 0.24129610479145117
39 44 42 0.0 0.0 142.0 0.0 3247.0 18.0 83.0 0.2606590951405697
39 44 43 0.0 0.0 91.0 0.0 1712.0 20.0 12.0 0.3701745108408249
39 44 44 0.0 0.0 2.0 0.0 73.0 2.0 0.0 0.6753497346840327
39 44 45 0.0 0.0 0.0 0.0 11.0 0.0 0.0 0.6961710591745399
39 45 36 0.0 0.0 0.0 0.0 1.0 0.0 0.0 0.6996501749125437
39 45 37 0.0 0.0 0.0 0.0 12.0 0.0 0.0 0.6958250497017892
39 45 38 0.0 0.0 0.0 0.0 6.0 0.0 0.0 0.6979062811565303
39 45 39 0.0 0.0 1.0 0.0 23.0 0.0 0.0 0.6916996047430829
39 45 40 0.0 0.0 2.0 0.0 76.0 0.0 0.0 0.6737247353224253
39 45 41 0.0 0.0 10.0 0.0 162.0 4.0 0.0 0.6457564575645756
39 45 42 0.0 0.0 0.0 0.0 6.0 0.0 0.0 0.6979062811565303
39 45 43 0.0 0.0 0.0 0.0 1.0 0.0 0.0 0.6996501749125437
40 34 40 0.0 0.0 0.0 0.0 4.0 0.0 0.0 0.6986027944111775
40 34 41 0.0 0.0 0.0 0.0 3.0 0.0 0.0 0.6989515726410384
40 35 35 0.0 0.0 0.0 0.0 6.0 0.0 0.0 0.6979062811565303
40 35 36 0.0 0.0 0.0 0.0 22.0 0.0 0.0 0.6923837784371908
40 35 37 0.0 0.0 3.0 0.0 61.0 1.0 0.0 0.6786233640329616
40 35 38 0.0 0.0 9.0 0.0 246.0 1.0 0.0 0.6211180124223601
40 35 39 0.0 0.0 15.0 0.0 460.0 5.0 0.0 0.5668016194331983
40 35 40 0.0 0.0 58.0 0.0 1094.0 12.0 8.0 0.4458598726114649
40 35 41 0.0 0.0 0.0 0.0 59.0 0.0 0.0 0.6799417192812044
40 35 42 0.0 0.0 0.0 0.0 16.0 0.0 0.0 0.6944444444444444
40 35 43 0.0 0.0 0.0 0.0 2.0 0.0 0.0 0.6993006993006992
40 35 44 0.0 0.0 1.0 0.0 5.0 0.0 0.0 0.6979062811565303
40 36 34 0.0 0.0 0.0 0.0 1.0 0.0 0.0 0.6996501749125437
40 36 35 0.0 0.0 8.0 0.0 248.0 7.0 0.0 0.622498888394842
40 36 36 0.0 0.0 274.0 0.0 5791.0 16.0 407.0 0.17374038222884086
40 36 37 0.0 0.0 173.0 0.0 4242.0 16.0 169.0 0.21857923497267756
40 36 38 0.0 0.0 160.0 0.0 4105.0 20.0 147.0 0.22414345180915782
40 36 39 0.0 0.0 472.0 0.0 9388.0 17.0 1978.0 0.11806375442739078
40 36 40 0.0 0.0 141.0 0.0 3884.0 20.0 146.0 0.23313905079100747
40 36 41 0.0 0.0 318.0 0.0 6231.0 21.0 446.0 0.16408813877168307
40 36 42 0.0 0.0 14.0 0.0 587.0 4.0 1.0 0.5390835579514823
40 36 43 0.0 0.0 22.0 0.0 727.0 7.0 2.0 0.5105762217359591
40 36 44 0.0 0.0 4.0 0.0 153.0 3.0 0.0 0.649953574744661
40 37 34 0.0 0.0 1.0 0.0 6.0 0.0 0.0 0.6975585450921773
40 37 35 0.0 0.0 13.0 0.0 436.0 4.0 0.0 0.5725971370143148
40 37 36 0.0 0.0 536.0 0.0 9965.0 21.0 2312.0 0.11212558065032836
40 37 37 0.0 0.0 286.0 0.0 6925.0 13.0 772.0 0.15220700152207
40 37 38 0.0 0.0 744.0 0.0 12136.0 34.0 4985.0 0.09419997308572196
40 37 39 0.0 0.0 969.0 0.0 13123.0 34.0 8315.0 0.08701056556867619
40 37 40 0.0 0.0 841.0 0.0 12428.0 25.0 5887.0 0.09171907756813416
40 37 41 0.0 0.0 511.0 0.0 9841.0 29.0 1978.0 0.11352578657152122
40 37 42 0.0 0.0 484.0 1.0 8995.0 20.0 1471.0 0.12200435729847493
40 37 43 0.0 0.0 311.0 0.0 7199.0 28.0 733.0 0.1475703594392326
40 37 44 0.0 0.0 3.0 0.0 300.0 0.0 0.0 0.6081668114682883
40 37 45 0.0 0.0 11.0 0.0 234.0 3.0 0.0 0.6244424620874218
40 38 34 0.0 0.0 0.0 0.0 28.0 0.0 0.0 0.690335305719921
40 38 35 0.0 0.0 61.0 0.0 1872.0 10.0 26.0 0.35696073431922487
40 38 36 0.0 0.0 508.0 0.0 9394.0 31.0 1534.0 0.11783519905731837
40 38 37 0.0 0.0 1213.0 0.0 12947.0 40.0 16069.0 0.08662830270404058
40 38 38 0.0 0.0 1732.0 0.0 12244.0 50.0 30512.0 0.0877412885434946
40 38 39 0.0 1.0 1639.0 0.0 13477.0 42.0 21833.0 0.08181393174380551
40 38 40 0.0 0.0 1752.0 0.0 13833.0 32.0 21900.0 0.07957710453021087
40 38 41 0.0 0.0 1756.0 4.0 13362.0 49.0 24331.0 0.08179481187193269
40 38 42 0.0 0.0 1276.0 1.0 13713.0 43.0 14011.0 0.08245965366945458
40 38 43 0.0 0.0 574.0 0.0 10146.0 24.0 2354.0 0.11014948859166011
40 38 44 0.0 0.0 198.0 0.0 4466.0 17.0 181.0 0.21058965102286398
40 38 45 0.0 0.0 13.0 0.0 251.0 7.0 0.0 0.620292423571112
40 38 46 0.0 0.0 0.0 0.0 1.0 0.0 0.0 0.6996501749125437
40 39 34 0.0 0.0 0.0 0.0 21.0 0.0 0.0 0.6930693069306929
40 39 35 0.0 0.0 301.0 0.0 6072.0 20.0 401.0 0.16754427955959786
40 39 36 0.0 0.0 548.0 0.0 10265.0 15.0 2453.0 0.10933229207340882
40 39 37 0.0 0.0 1180.0 0.0 13432.0 32.0 12769.0 0.08425613866153105
40 39 38 0.0 0.0 1866.0 0.0 13040.0 48.0 28150.0 0.08280104092737164
40 39 39 0.0 3.0 2539.0 22.0 11521.0 57.0 46404.0 0.08706467661691542
40 39 40 0.0 3.0 2538.0 14.0 12402.0 67.0 41051.0 0.08265926669421975
40 39 41 0.0 5.0 2529.0 50.0 12587.0 44.0 39174.0 0.08139061682460322
40 39 42 0.0 2.0 1921.0 9.0 12760.0 48.0 29895.0 0.08383735553027127
40 39 43 0.0 0.0 911.0 0.0 12686.0 38.0 5951.0 0.08989341209708487
40 39 44 0.0 0.0 355.0 0.0 7646.0 27.0 863.0 0.1403649488670543
40 39 45 0.0 0.0 122.0 0.0 2729.0 11.0 38.0 0.28919644701507946
40 39 46 0.0 0.0 0.0 0.0 1.0 0.0 0.0 0.6996501749125437
40 40 34 0.0 0.0 0.0 0.0 36.0 0.0 0.0 0.6876227897838899
40 40 35 0.0 0.0 205.0 0.0 4596.0 13.0 225.0 0.20615520541893678
40 40 36 0.0 0.0 713.0 0.0 11692.0 26.0 5101.0 0.09725599166377213
40 40 37 0.0 0.0 1070.0 0.0 12985.0 39.0 12150.0 0.08719481813652216
40 40 38 0.0 0.0 1987.0 1.0 12506.0 51.0 33715.0 0.08489479109817476
40 40 39 0.0 18.0 2779.0 125.0 11286.0 55.0 50675.0 0.08632916075723006
40 40 40 7.0 83.0 2828.0 299.0 6511.0 57.0 96538.0 0.11908812521265735
40 40 41 0.0 9.0 2995.0 42.0 9466.0 76.0 65812.0 0.09654506585752706
40 40 42 0.0 16.0 1785.0 137.0 13091.0 38.0 26357.0 0.08210662131253298
40 40 43 0.0 0.0 966.0 1.0 13096.0 34.0 9098.0 0.08721111318756618
40 40 44 0.0 0.0 162.0 0.0 4359.0 18.0 157.0 0.21511985248924398
40 40 45 0.0 0.0 67.0 0.0 1333.0 16.0 10.0 0.4137115839243498
40 40 46 0.0 0.0 0.0 0.0 1.0 0.0 0.0 0.6996501749125437
40 41 34 0.0 0.0 0.0 0.0 11.0 0.0 0.0 0.6961710591745399
40 41 35 0.0 0.0 147.0 0.0 3082.0 22.0 66.0 0.2688688304205876
40 41 36 0.0 0.0 359.0 0.0 7859.0 14.0 1000.0 0.13706677109849225
40 41 37 0.0 0.0 837.0 0.0 12312.0 33.0 7775.0 0.0924824943849914
40 41 38 0.0 0.0 1454.0 2.0 13853.0 41.0 17198.0 0.08090147356255417
40 41 39 0.0 3.0 2219.0 18.0 13184.0 57.0 31762.0 0.0803904679873672
40 41 40 0.0 28.0 2513.0 191.0 11980.0 50.0 41911.0 0.08373205741626794
40 41 41 0.0 618.0 1942.0 5138.0 9073.0 62.0 37521.0 0.0745910810378816
40 41 42 0.0 7.0 1734.0 91.0 12591.0 44.0 27564.0 0.0852411105698977
40 41 43 0.0 0.0 522.0 1.0 9784.0 24.0 2021.0 0.11390448295500771
40 41 44 0.0 0.0 416.0 0.0 9011.0 19.0 1683.0 0.12262415695892087
40 41 45 0.0 0.0 14.0 0.0 445.0 6.0 0.0 0.5704971475142624
40 42 34 0.0 0.0 0.0 0.0 4.0 0.0 0.0 0.6986027944111775
40 42 35 0.0 0.0 12.0 0.0 375.0 4.0 1.0 0.5877413937867337
40 42 36 0.0 0.0 112.0 0.0 3239.0 9.0 90.0 0.26212319790301436
40 42 37 0.0 0.0 372.0 0.0 7549.0 35.0 810.0 0.14148559878726627
40 42 38 0.0 0.0 1314.0 0.0 13072.0 45.0 16738.0 0.0855222968845449
40 42 39 0.0 3.0 1267.0 18.0 13713.0 40.0 13623.0 0.082382017182535
40 42 40 0.0 6.0 2039.0 37.0 12749.0 49.0 31722.0 0.08316502316739931
40 42 41 0.0 12.0 1258.0 171.0 13502.0 39.0 13763.0 0.08266414737836561
40 42 42 0.0 4.0 748.0 135.0 11915.0 23.0 4437.0 0.0946521533364884
40 42 43 0.0 0.0 921.0 0.0 12868.0 29.0 9506.0 0.08866371120962634
40 42 44 0.0 0.0 350.0 0.0 7548.0 17.0 955.0 0.14161440420797083
40 42 45 0.0 0.0 2.0 0.0 125.0 1.0 0.0 0.6585136406396989
40 43 34 0.0 0.0 0.0 0.0 1.0 0.0 0.0 0.6996501749125437
40 43 35 0.0 0.0 0.0 0.0 22.0 0.0 0.0 0.6923837784371908
40 43 36 0.0 0.0 239.0 0.0 5459.0 27.0 343.0 0.18250554034676048
40 43 37 0.0 0.0 232.0 0.0 4830.0 18.0 247.0 0.19863791146424514
40 43 38 0.0 0.0 794.0 0.0 12146.0 20.0 5223.0 0.0937207122774133
40 43 39 0.0 0.0 693.0 0.0 11512.0 34.0 3782.0 0.09869580542826928
40 43 40 0.0 0.0 539.0 9.0 9870.0 23.0 2304.0 0.11286681715575621
40 43 41 0.0 0.0 962.0 1.0 12949.0 40.0 9031.0 0.08800050286001633
40 43 42 0.0 0.0 576.0 0.0 10425.0 25.0 2737.0 0.10779180782260547
40 43 43 0.0 0.0 251.0 0.0 5808.0 21.0 402.0 0.17412935323383083
40 43 44 0.0 0.0 308.0 0.0 6568.0 17.0 575.0 0.15794223826714798
40 43 45 0.0 0.0 1.0 0.0 95.0 1.0 0.0 0.6685768863419292
40 44 35 0.0 0.0 0.0 0.0 15.0 0.0 0.0 0.694789081885856
40 44 36 0.0 0.0 17.0 0.0 403.0 5.0 0.0 0.579950289975145
40 44 37 0.0 0.0 2.0 0.0 210.0 0.0 0.0 0.6329113924050632
40 44 38 0.0 0.0 113.0 0.0 2573.0 22.0 37.0 0.30010718113612
40 44 39 0.0 0.0 127.0 0.0 2672.0 13.0 33.0 0.2925198495612202
40 44 40 0.0 0.0 192.0 0.0 4720.0 20.0 229.0 0.20307513780098635
40 44 41 0.0 0.0 286.0 1.0 6420.0 14.0 538.0 0.1609750488674255
40 44 42 0.0 0.0 54.0 0.0 1412.0 8.0 19.0 0.4048582995951417
40 44 43 0.0 0.0 38.0 0.0 824.0 8.0 1.0 0.4907115317209954
40 44 44 0.0 0.0 21.0 0.0 468.0 7.0 3.0 0.56406124093473
40 44 45 0.0 0.0 6.0 0.0 190.0 2.0 0.0 0.6381039197812214
40 45 36 0.0 0.0 0.0 0.0 2.0 0.0 0.0 0.6993006993006992
40 45 37 0.0 0.0 0.0 0.0 3.0 0.0 0.0 0.6989515726410384
40 45 38 0.0 0.0 4.0 0.0 78.0 1.0 0.0 0.6727534839019701
40 45 39 0.0 0.0 0.0 0.0 16.0 0.0 0.0 0.6944444444444444
40 45 40 0.0 0.0 0.0 0.0 42.0 0.0 0.0 0.6856023506366307
40 45 41 0.0 0.0 17.0 0.0 449.0 3.0 1.0 0.5686433793663687
40 45 42 0.0 0.0 4.0 0.0 160.0 3.0 0.0 0.6478482184173993
40 45 43 0.0 0.0 0.0 0.0 1.0 0.0 0.0 0.6996501749125437
40 46 38 0.0 0.0 1.0 0.0 0.0 0.0 0.0 0.6996501749125437
41 34 37 0.0 0.0 0.0 0.0 2.0 0.0 0.0 0.6993006993006992
41 34 39 0.0 0.0 0.0 0.0 3.0 0.0 0.0 0.6989515726410384
41 34 40 0.0 0.0 0.0 0.0 4.0 0.0 0.0 0.6986027944111775
41 34 41 0.0 0.0 0.0 0.0 2.0 0.0 0.0 0.6993006993006992
41 35 35 0.0 0.0 0.0 0.0 8.0 0.0 0.0 0.697211155378486
41 35 36 0.0 0.0 1.0 0.0 31.0 0.0 0.0 0.6893156080748399
41 35 37 0.0 0.0 5.0 0.0 144.0 0.0 0.0 0.6517690875232773
41 35 38 0.0 0.0 17.0 0.0 385.0 2.0 0.0 0.5833333333333333
41 35 39 0.0 0.0 3.0 0.0 182.0 2.0 0.0 0.6413192853870818
41 35 40 0.0 0.0 181.0 0.0 3737.0 26.0 100.0 0.23765065353929724
41 35 41 0.0 0.0 0.0 0.0 40.0 0.0 0.0 0.6862745098039215
41 35 42 0.0 0.0 2.0 0.0 29.0 0.0 0.0 0.6893156080748399
41 35 43 0.0 0.0 0.0 0.0 2.0 0.0 0.0 0.6993006993006992
41 35 44 0.0 0.0 0.0 0.0 4.0 0.0 0.0 0.6989515726410384
41 36 34 0.0 0.0 0.0 0.0 1.0 0.0 0.0 0.6996501749125437
41 36 35 0.0 0.0 1.0 0.0 82.0 0.0 0.0 0.6724303554274734
41 36 36 0.0 0.0 89.0 0.0 2279.0 9.0 45.0 0.3209536909674461
41 36 37 0.0 0.0 310.0 0.0 6755.0 26.0 629.0 0.15474743008732172
41 36 38 0.0 0.0 129.0 0.0 3403.0 16.0 89.0 0.2538991657598839
41 36 39 0.0 0.0 352.0 0.0 7245.0 15.0 742.0 0.14604631754642183
41 36 40 0.0 0.0 324.0 0.0 6636.0 24.0 581.0 0.15665212039834395
41 36 41 0.0 0.0 126.0 0.0 2824.0 14.0 39.0 0.2836304700162074
41 36 42 0.0 0.0 43.0 0.0 1050.0 10.0 5.0 0.4541031462860849
41 36 43 0.0 0.0 141.0 0.0 3382.0 20.0 102.0 0.254360465116279
41 36 44 0.0 0.0 0.0 0.0 23.0 0.0 0.0 0.6920415224913494
41 37 33 0.0 0.0 0.0 0.0 1.0 0.0 0.0 0.0
41 37 34 0.0 0.0 0.0 0.0 1.0 0.0 0.0 0.6996501749125437
41 37 35 0.0 0.0 16.0 0.0 436.0 3.0 0.0 0.5721291377196566
41 37 36 0.0 0.0 404.0 0.0 8889.0 16.0 1851.0 0.1240584847142224
41 37 37 0.0 0.0 1005.0 0.0 12901.0 30.0 10896.0 0.08806139136998363
41 37 38 0.0 0.0 818.0 0.0 12425.0 34.0 5741.0 0.09194798371207145
41 37 39 0.0 0.0 1204.0 0.0 13013.0 26.0 14615.0 0.08629191321499012
41 37 40 0.0 0.0 465.0 0.0 9694.0 22.0 2097.0 0.11532125205930806
41 37 41 0.0 0.0 771.0 1.0 12136.0 21.0 5150.0 0.09391561011605286
41 37 42 0.0 0.0 555.0 0.0 10606.0 34.0 3240.0 0.10644768856447688
41 37 43 0.0 0.0 278.0 0.0 6108.0 19.0 484.0 0.16722408026755853
41 37 44 0.0 0.0 71.0 0.0 1546.0 14.0 10.0 0.38867295946696273
41 37 45 0.0 0.0 0.0 0.0 16.0 0.0 0.0 0.6944444444444444
41 38 34 0.0 0.0 11.0 0.0 212.0 4.0 0.0 0.6306306306306305
41 38 35 0.0 0.0 66.0 0.0 1291.0 7.0 3.0 0.4180352343983278
41 38 36 0.0 0.0 352.0 0.0 7669.0 17.0 889.0 0.13977635782747602
41 38 37 0.0 0.0 571.0 0.0 10901.0 27.0 3445.0 0.10394238622020936
41 38 38 0.0 0.0 1510.0 0.0 12836.0 35.0 22401.0 0.0856478649210816
41 38 39 0.0 0.0 1218.0 0.0 13501.0 36.0 13898.0 0.08379721074998503
41 38 40 0.0 0.0 1206.0 1.0 13622.0 30.0 13443.0 0.08316996376165864
41 38 41 0.0 13.0 1276.0 203.0 13670.0 32.0 13417.0 0.08154706430568498
41 38 42 0.0 0.0 1229.0 2.0 13383.0 41.0 13934.0 0.08433226914041321
41 38 43 0.0 0.0 718.0 0.0 11661.0 31.0 4525.0 0.09747267283993594
41 38 44 0.0 0.0 123.0 0.0 3189.0 14.0 87.0 0.26425066062665153
41 38 45 0.0 0.0 2.0 0.0 97.0 1.0 0.0 0.6673021925643469
41 38 46 0.0 0.0 0.0 0.0 1.0 0.0 0.0 0.6996501749125437
41 39 34 0.0 0.0 0.0 0.0 16.0 0.0 0.0 0.6944444444444444
41 39 35 0.0 0.0 95.0 0.0 2423.0 12.0 55.0 0.3104212860310421
41 39 36 0.0 0.0 374.0 0.0 7849.0 23.0 1051.0 0.13716077201920251
41 39 37 0.0 0.0 957.0 0.0 13054.0 33.0 7389.0 0.08752188047011751
41 39 38 0.0 0.0 1741.0 2.0 13327.0 45.0 24319.0 0.08206330597889801
41 39 39 0.0 0.0 2585.0 9.0 10290.0 59.0 55473.0 0.09404178142003089
41 39 40 0.0 4.0 2417.0 22.0 12345.0 60.0 40370.0 0.08332341387930008
41 39 41 0.0 0.0 2713.0 7.0 10588.0 70.0 54914.0 0.09149130832570905
41 39 42 0.0 0.0 1862.0 1.0 12773.0 55.0 28744.0 0.08413461538461538
41 39 43 0.0 0.0 958.0 0.0 13049.0 27.0 9232.0 0.08742896396677699
41 39 44 0.0 0.0 414.0 0.0 8478.0 15.0 1394.0 0.12862918044836455
41 39 45 0.0 0.0 43.0 0.0 811.0 6.0 1.0 0.4917456972251492
41 39 46 0.0 0.0 0.0 0.0 3.0 0.0 0.0 0.6989515726410384
41 40 34 0.0 0.0 8.0 0.0 158.0 2.0 0.0 0.6469500924214416
41 40 35 0.0 0.0 198.0 0.0 4575.0 23.0 165.0 0.20734597156398102
41 40 36 0.0 0.0 633.0 0.0 11359.0 34.0 4175.0 0.10016455605637833
41 40 37 0.0 0.0 1180.0 0.0 13418.0 30.0 13035.0 0.08430687703239792
41 40 38 0.0 0.0 1744.0 0.0 13413.0 56.0 24471.0 0.08172796263864564
41 40 39 0.0 0.0 2617.0 5.0 11653.0 61.0 45743.0 0.08596340415080436
41 40 40 0.0 2.0 2340.0 39.0 12905.0 57.0 36104.0 0.08096697704007864
41 40 41 0.0 7.0 2782.0 38.0 9902.0 75.0 61785.0 0.09514747859181731
41 40 42 0.0 3.0 1974.0 42.0 12965.0 42.0 29983.0 0.08230936562996059
41 40 43 0.0 0.0 674.0 0.0 11399.0 27.0 4012.0 0.09952370796900546
41 40 44 0.0 0.0 438.0 0.0 8674.0 29.0 1357.0 0.12626262626262624
41 40 45 0.0 0.0 8.0 0.0 192.0 1.0 0.0 0.6369426751592355
41 41 34 0.0 0.0 1.0 0.0 33.0 1.0 0.0 0.6886374815543531
41 41 35 0.0 0.0 162.0 0.0 4377.0 20.0 175.0 0.21472392638036808
41 41 36 0.0 0.0 870.0 0.0 12622.0 34.0 6866.0 0.0904392764857881
41 41 37 0.0 0.0 1357.0 0.0 13175.0 36.0 18130.0 0.08471499455403605
41 41 38 0.0 0.0 1741.0 1.0 12930.0 44.0 25909.0 0.08399328053755699
41 41 39 0.0 9.0 2702.0 22.0 10855.0 60.0 52104.0 0.08975509680728297
41 41 40 0.0 10.0 2677.0 60.0 10861.0 52.0 51597.0 0.08963441961713296
41 41 41 0.0 19.0 2250.0 134.0 12096.0 41.0 37297.0 0.08478168715557438
41 41 42 0.0 1.0 1162.0 56.0 13616.0 37.0 11674.0 0.08319467554076537
41 41 43 0.0 0.0 826.0 1.0 12320.0 38.0 5799.0 0.09254362771020623
41 41 44 0.0 0.0 255.0 0.0 5951.0 26.0 409.0 0.17108639863130878
41 41 45 0.0 0.0 15.0 0.0 386.0 5.0 0.0 0.5843071786310516
41 42 34 0.0 0.0 0.0 0.0 1.0 0.0 0.0 0.6996501749125437
41 42 35 0.0 0.0 140.0 0.0 3423.0 11.0 87.0 0.2519798416126709
41 42 36 0.0 0.0 216.0 0.0 5020.0 15.0 288.0 0.1938521185267239
41 42 37 0.0 0.0 587.0 0.0 10513.0 25.0 2756.0 0.10694370177984874
41 42 38 0.0 0.0 691.0 0.0 11272.0 28.0 3524.0 0.10037281330656724
41 42 39 0.0 0.0 1212.0 2.0 13558.0 30.0 12888.0 0.08347743128018603
41 42 40 0.0 7.0 1590.0 81.0 13438.0 45.0 19897.0 0.08173750583839326
41 42 41 0.0 9.0 1087.0 76.0 13286.0 46.0 11155.0 0.08517887563884156
41 42 42 0.0 4.0 1168.0 46.0 13340.0 46.0 13820.0 0.08457681387059747
41 42 43 0.0 0.0 922.0 2.0 12730.0 32.0 7563.0 0.08947973923047424
41 42 44 0.0 0.0 72.0 0.0 1848.0 17.0 22.0 0.3588823378620866
41 42 45 0.0 0.0 13.0 0.0 351.0 4.0 0.0 0.5932203389830507
41 42 46 0.0 0.0 0.0 0.0 1.0 0.0 0.0 0.0
41 43 34 0.0 0.0 0.0 0.0 3.0 0.0 0.0 0.6989515726410384
41 43 35 0.0 0.0 20.0 0.0 804.0 2.0 4.0 0.4961020552799432
41 43 36 0.0 0.0 60.0 0.0 1155.0 12.0 8.0 0.43709022791133306
41 43 37 0.0 0.0 412.0 0.0 8058.0 23.0 1085.0 0.1338176256929841
41 43 38 0.0 0.0 378.0 0.0 7403.0 22.0 740.0 0.14335449518738477
41 43 39 0.0 0.0 535.0 0.0 10064.0 30.0 2711.0 0.11130545396724438
41 43 40 0.0 0.0 607.0 0.0 10983.0 16.0 3490.0 0.10298661174047373
41 43 41 0.0 0.0 585.0 0.0 10751.0 18.0 2906.0 0.10500262506562663
41 43 42 0.0 0.0 544.0 0.0 10246.0 21.0 2691.0 0.10948619691874559
41 43 43 0.0 0.0 489.0 1.0 9337.0 29.0 1670.0 0.11858377096391663
41 43 44 0.0 0.0 242.0 0.0 5401.0 23.0 303.0 0.18363064008394542
41 43 45 0.0 0.0 0.0 0.0 22.0 1.0 0.0 0.6927263730826323
41 44 35 0.0 0.0 0.0 0.0 8.0 0.0 0.0 0.697211155378486
41 44 36 0.0 0.0 3.0 0.0 42.0 0.0 0.0 0.6845965770171147
41 44 37 0.0 0.0 20.0 0.0 535.0 9.0 3.0 0.5498821681068342
41 44 38 0.0 0.0 15.0 0.0 573.0 5.0 4.0 0.5420054200542004
41 44 39 0.0 0.0 89.0 0.0 2189.0 15.0 37.0 0.32848427968090094
41 44 40 0.0 0.0 212.0 0.0 4672.0 14.0 193.0 0.20378457059679764
41 44 41 0.0 0.0 49.0 0.0 1370.0 6.0 13.0 0.4101963082332258
41 44 42 0.0 0.0 24.0 0.0 894.0 2.0 3.0 0.48010973936899853
41 44 43 0.0 0.0 78.0 0.0 2173.0 12.0 34.0 0.33018867924528295
41 44 44 0.0 0.0 0.0 0.0 42.0 1.0 0.0 0.6859382655560998
41 44 45 0.0 0.0 8.0 0.0 181.0 1.0 0.0 0.6401463191586647
41 45 38 0.0 0.0 0.0 0.0 3.0 0.0 0.0 0.6989515726410384
41 45 39 0.0 0.0 73.0 0.0 1362.0 7.0 6.0 0.4084014002333722
41 45 40 0.0 0.0 2.0 0.0 62.0 0.0 0.0 0.6782945736434108
41 45 41 0.0 0.0 0.0 0.0 20.0 1.0 0.0 0.6934125804853887
41 45 42 0.0 0.0 0.0 0.0 15.0 0.0 0.0 0.694789081885856
41 45 43 0.0 0.0 0.0 0.0 4.0 0.0 0.0 0.6986027944111775
41 45 44 0.0 0.0 0.0 0.0 1.0 0.0 0.0 0.6996501749125437
42 34 37 0.0 0.0 0.0 0.0 1.0 0.0 0.0 0.6996501749125437
42 34 39 0.0 0.0 11.0 0.0 173.0 3.0 0.0 0.6419073819348922
42 34 40 0.0 0.0 0.0 0.0 2.0 0.0 0.0 0.6993006993006992
42 34 41 0.0 0.0 0.0 0.0 1.0 0.0 0.0 0.6996501749125437
42 35 35 0.0 0.0 0.0 0.0 3.0 0.0 0.0 0.6989515726410384
42 35 36 0.0 0.0 1.0 0.0 15.0 0.0 0.0 0.6944444444444444
42 35 37 0.0 0.0 38.0 0.0 1075.0 8.0 8.0 0.4508856682769726
42 35 38 0.0 0.0 20.0 0.0 574.0 4.0 0.0 0.5405405405405405
42 35 39 0.0 0.0 1.0 0.0 84.0 0.0 0.0 0.6714628297362109
42 35 40 0.0 0.0 0.0 0.0 50.0 0.0 0.0 0.6829268292682925
42 35 41 0.0 0.0 5.0 0.0 246.0 3.0 0.0 0.6227758007117437
42 35 42 0.0 0.0 0.0 0.0 9.0 0.0 0.0 0.6968641114982577
42 35 43 0.0 0.0 0.0 0.0 2.0 0.0 0.0 0.6993006993006992
42 36 34 0.0 0.0 0.0 0.0 1.0 0.0 0.0 0.6996501749125437
42 36 35 0.0 0.0 1.0 0.0 73.0 0.0 0.0 0.6750241080038573
42 36 36 0.0 0.0 119.0 0.0 2536.0 17.0 49.0 0.3017241379310344
42 36 37 0.0 0.0 201.0 0.0 5213.0 17.0 282.0 0.18918918918918917
42 36 38 0.0 0.0 436.0 0.0 8447.0 30.0 1203.0 0.1288897072362364
42 36 39 0.0 0.0 164.0 0.0 3817.0 9.0 122.0 0.2343488449949782
42 36 40 0.0 0.0 304.0 0.0 7379.0 17.0 980.0 0.14471780028943557
42 36 41 0.0 0.0 92.0 0.0 2100.0 9.0 27.0 0.3346080305927342
42 36 42 0.0 0.0 96.0 0.0 2589.0 11.0 61.0 0.2994652406417112
42 36 43 0.0 0.0 2.0 0.0 109.0 0.0 0.0 0.6631927996210326
42 36 44 0.0 0.0 1.0 0.0 44.0 1.0 0.0 0.684931506849315
42 37 35 0.0 0.0 15.0 0.0 706.0 4.0 1.0 0.5152741994847257
42 37 36 0.0 0.0 216.0 0.0 4695.0 22.0 213.0 0.2032815449397415
42 37 37 0.0 0.0 474.0 0.0 9388.0 20.0 1861.0 0.118173377226302
42 37 38 0.0 0.0 551.0 0.0 10402.0 24.0 2781.0 0.10820001545714505
42 37 39 0.0 0.0 905.0 0.0 12863.0 28.0 8064.0 0.08878741755454084
42 37 40 0.0 0.0 664.0 1.0 11458.0 32.0 3861.0 0.09925558312655085
42 37 41 0.0 0.0 624.0 0.0 11100.0 32.0 3602.0 0.10215995329830704
42 37 42 0.0 0.0 398.0 0.0 8090.0 29.0 1010.0 0.13383041774208965
42 37 43 0.0 0.0 150.0 0.0 3377.0 14.0 78.0 0.25394522038817335
42 37 44 0.0 0.0 10.0 0.0 361.0 3.0 1.0 0.5912162162162161
42 37 45 0.0 0.0 0.0 0.0 26.0 0.0 0.0 0.6910167818361302
42 37 46 0.0 0.0 0.0 0.0 3.0 0.0 0.0 0.6989515726410384
42 38 34 0.0 0.0 1.0 0.0 9.0 0.0 0.0 0.6965174129353233
42 38 35 0.0 0.0 59.0 0.0 1520.0 7.0 13.0 0.39171796306659196
42 38 36 0.0 0.0 202.0 0.0 4417.0 21.0 179.0 0.2121212121212121
42 38 37 0.0 0.0 788.0 0.0 11934.0 31.0 4856.0 0.0951086956521739
42 38 38 0.0 0.0 1440.0 0.0 12956.0 36.0 20815.0 0.08535024080960799
42 38 39 0.0 0.0 1641.0 0.0 12499.0 44.0 26765.0 0.08666047663262147
42 38 40 0.0 0.0 1235.0 1.0 13546.0 29.0 14036.0 0.08339786739739083
42 38 41 0.0 0.0 1288.0 1.0 13822.0 35.0 13721.0 0.08183784415736246
42 38 42 0.0 0.0 830.0 0.0 12338.0 27.0 5733.0 0.09232392508572936
42 38 43 0.0 0.0 812.0 0.0 12114.0 32.0 5822.0 0.09392191064001072
42 38 44 0.0 0.0 261.0 0.0 5926.0 17.0 437.0 0.17133765756945293
42 38 45 0.0 0.0 173.0 0.0 3465.0 16.0 96.0 0.24897741419171257
42 38 46 0.0 0.0 0.0 0.0 6.0 0.0 0.0 0.6979062811565303
42 39 34 0.0 0.0 0.0 0.0 17.0 0.0 0.0 0.694100148735746
42 39 35 0.0 0.0 232.0 0.0 5017.0 19.0 228.0 0.1935305501797069
42 39 36 0.0 0.0 486.0 0.0 9147.0 28.0 1403.0 0.12055455093429776
42 39 37 0.0 0.0 885.0 0.0 12703.0 39.0 8619.0 0.08989918448596929
42 39 38 0.0 0.0 1284.0 0.0 13784.0 31.0 13349.0 0.08202003632315893
42 39 39 0.0 0.0 1511.0 0.0 13433.0 37.0 19498.0 0.08266414737836561
42 39 40 0.0 3.0 1535.0 24.0 13913.0 40.0 17820.0 0.08010986495765621
42 39 41 0.0 0.0 1558.0 0.0 13382.0 44.0 21479.0 0.08259587020648966
42 39 42 0.0 0.0 1549.0 0.0 12333.0 50.0 25781.0 0.08820564516129031
42 39 43 0.0 0.0 1237.0 0.0 13395.0 30.0 14064.0 0.08418520745640408
42 39 44 0.0 0.0 277.0 0.0 6637.0 20.0 605.0 0.15735641227380015
42 39 45 0.0 0.0 6.0 0.0 220.0 4.0 0.0 0.63006300630063
42 40 34 0.0 0.0 8.0 0.0 119.0 1.0 0.0 0.6585136406396989
42 40 35 0.0 0.0 102.0 0.0 2248.0 9.0 24.0 0.322432058959005
42 40 36 0.0 0.0 365.0 0.0 7569.0 25.0 807.0 0.1412144442202945
42 40 37 0.0 0.0 943.0 0.0 12838.0 20.0 8490.0 0.0887255212624374
42 40 38 0.0 0.0 2053.0 0.0 12200.0 59.0 35455.0 0.08620689655172413
42 40 39 0.0 0.0 2085.0 1.0 12458.0 51.0 33719.0 0.0846228239845261
42 40 40 0.0 0.0 2212.0 0.0 11907.0 54.0 39056.0 0.0868917576961271
42 40 41 0.0 0.0 1774.0 3.0 13588.0 40.0 23686.0 0.08059873344847437
42 40 42 0.0 2.0 1609.0 13.0 13471.0 36.0 20740.0 0.08183784415736246
42 40 43 0.0 0.0 787.0 1.0 12315.0 29.0 6525.0 0.09272751357795733
42 40 44 0.0 0.0 317.0 0.0 6726.0 25.0 596.0 0.15519343753464135
42 40 45 0.0 0.0 15.0 0.0 467.0 3.0 0.0 0.5647438483259378
42 41 34 0.0 0.0 0.0 0.0 6.0 0.0 0.0 0.6982543640897755
42 41 35 0.0 0.0 8.0 0.0 249.0 2.0 1.0 0.6211180124223601
42 41 36 0.0 0.0 431.0 0.0 8715.0 21.0 1467.0 0.12572968118545125
42 41 37 0.0 0.0 708.0 0.0 11760.0 33.0 4594.0 0.09687240520343204
42 41 38 0.0 0.0 999.0 0.0 13173.0 37.0 9312.0 0.08665511265164644
42 41 39 0.0 0.0 1674.0 0.0 13288.0 43.0 23437.0 0.0825861255309108
42 41 40 0.0 0.0 1535.0 1.0 14048.0 47.0 17662.0 0.07969488245004838
42 41 41 0.0 0.0 1994.0 1.0 12175.0 54.0 34369.0 0.08658544127651678
42 41 42 0.0 0.0 1306.0 1.0 13131.0 49.0 16802.0 0.08515297123046042
42 41 43 0.0 0.0 519.0 1.0 9827.0 19.0 2379.0 0.11345218800648298
42 41 44 0.0 0.0 195.0 0.0 5077.0 22.0 311.0 0.19305019305019303
42 41 45 0.0 0.0 2.0 0.0 84.0 0.0 0.0 0.6711409395973154
42 42 34 0.0 0.0 0.0 0.0 5.0 0.0 0.0 0.6982543640897755
42 42 35 0.0 0.0 81.0 0.0 1564.0 17.0 8.0 0.3858875413450937
42 42 36 0.0 0.0 386.0 0.0 7929.0 31.0 1128.0 0.13602798289933926
42 42 37 0.0 0.0 298.0 0.0 6356.0 20.0 534.0 0.16214964095436646
42 42 38 0.0 0.0 904.0 0.0 12638.0 31.0 8426.0 0.09010168618869865
42 42 39 0.0 0.0 1315.0 0.0 13496.0 35.0 15162.0 0.0832639467110741
42 42 40 0.0 0.0 1687.0 0.0 12867.0 48.0 25804.0 0.08451554482342287
42 42 41 0.0 0.0 1201.0 2.0 13157.0 35.0 14070.0 0.0856478649210816
42 42 42 0.0 0.0 1030.0 1.0 13069.0 32.0 11350.0 0.08698893997763141
42 42 43 0.0 0.0 512.0 0.0 9608.0 22.0 2080.0 0.11567379988432619
42 42 44 0.0 0.0 161.0 0.0 3245.0 9.0 73.0 0.2594514455151964
42 42 45 0.0 0.0 7.0 0.0 112.0 1.0 0.0 0.6610009442870631
42 43 34 0.0 0.0 0.0 0.0 2.0 0.0 0.0 0.6993006993006992
42 43 35 0.0 0.0 0.0 0.0 27.0 0.0 0.0 0.6906758756783422
42 43 36 0.0 0.0 129.0 0.0 2812.0 15.0 57.0 0.2843216896831844
42 43 37 0.0 0.0 7.0 0.0 508.0 2.0 2.0 0.5571030640668523
42 43 38 0.0 0.0 172.0 0.0 4106.0 16.0 145.0 0.22360645264334764
42 43 39 0.0 0.0 808.0 0.0 12290.0 29.0 5517.0 0.09278282192325535
42 43 40 0.0 0.0 377.0 1.0 8713.0 20.0 1638.0 0.1263195885590544
42 43 41 0.0 0.0 676.0 0.0 11678.0 25.0 4350.0 0.09755417740923976
42 43 42 0.0 0.0 285.0 1.0 6090.0 23.0 448.0 0.16752423118343898
42 43 43 0.0 0.0 176.0 0.0 4291.0 16.0 204.0 0.2168861347792409
42 43 44 0.0 0.0 42.0 0.0 828.0 7.0 1.0 0.4889975550122249
42 43 45 0.0 0.0 0.0 0.0 8.0 0.0 0.0 0.697211155378486
42 44 35 0.0 0.0 0.0 0.0 2.0 0.0 0.0 0.6993006993006992
42 44 36 0.0 0.0 0.0 0.0 13.0 0.0 0.0 0.695479384003974
42 44 37 0.0 0.0 0.0 0.0 59.0 0.0 0.0 0.6799417192812044
42 44 38 0.0 0.0 25.0 0.0 773.0 5.0 3.0 0.5010737294201861
42 44 39 0.0 0.0 210.0 0.0 4582.0 13.0 218.0 0.20645922430320007
42 44 40 0.0 0.0 147.0 0.0 3280.0 13.0 79.0 0.25858884373845575
42 44 41 0.0 0.0 22.0 0.0 719.0 4.0 1.0 0.5118829981718463
42 44 42 0.0 0.0 134.0 0.0 3054.0 21.0 63.0 0.27100271002710025
42 44 43 0.0 0.0 96.0 0.0 2673.0 9.0 58.0 0.29417944946417307
42 44 44 0.0 0.0 3.0 0.0 108.0 2.0 0.0 0.6638217164532954
42 44 45 0.0 0.0 0.0 0.0 6.0 0.0 0.0 0.6979062811565303
42 45 38 0.0 0.0 0.0 0.0 4.0 0.0 0.0 0.6986027944111775
42 45 39 0.0 0.0 0.0 0.0 9.0 0.0 0.0 0.6968641114982577
42 45 40 0.0 0.0 0.0 0.0 32.0 0.0 0.0 0.6889763779527558
42 45 41 0.0 0.0 1.0 0.0 21.0 0.0 0.0 0.6923837784371908
42 45 42 0.0 0.0 0.0 0.0 3.0 0.0 0.0 0.6989515726410384
42 45 43 0.0 0.0 0.0 0.0 5.0 0.0 0.0 0.6982543640897755
42 45 44 0.0 0.0 0.0 0.0 2.0 0.0 0.0 0.6993006993006992
43 34 38 0.0 0.0 0.0 0.0 1.0 0.0 0.0 0.6996501749125437
43 35 35 0.0 0.0 0.0 0.0 1.0 0.0 0.0 0.6996501749125437
43 35 36 0.0 0.0 2.0 0.0 14.0 0.0 0.0 0.6944444444444444
43 35 37 0.0 0.0 4.0 0.0 68.0 2.0 0.0 0.6763285024154588
43 35 38 0.0 0.0 8.0 0.0 154.0 3.0 0.0 0.6484483557202407
43 35 39 0.0 0.0 5.0 0.0 145.0 3.0 0.0 0.6520726595249184
43 35 40 0.0 0.0 1.0 0.0 67.0 1.0 0.0 0.6773101112723753
43 35 41 0.0 0.0 1.0 0.0 38.0 1.0 0.0 0.6869479882237487
43 35 42 0.0 0.0 0.0 0.0 1.0 0.0 0.0 0.6996501749125437
43 35 43 0.0 0.0 0.0 0.0 6.0 0.0 0.0 0.6979062811565303
43 36 35 0.0 0.0 0.0 0.0 3.0 0.0 0.0 0.6989515726410384
43 36 36 0.0 0.0 3.0 0.0 99.0 0.0 0.0 0.6660323501427211
43 36 37 0.0 0.0 10.0 0.0 457.0 4.0 1.0 0.5684125050751115
43 36 38 0.0 0.0 194.0 0.0 4453.0 13.0 194.0 0.21103406692794693
43 36 39 0.0 0.0 325.0 0.0 6552.0 25.0 536.0 0.15797788309636648
43 36 40 0.0 0.0 128.0 0.0 3076.0 11.0 78.0 0.2696456086286594
43 36 41 0.0 0.0 122.0 0.0 2826.0 13.0 57.0 0.2835730200526635
43 36 42 0.0 0.0 113.0 0.0 2695.0 17.0 46.0 0.2921535893155258
43 36 43 0.0 0.0 3.0 0.0 85.0 0.0 0.0 0.6704980842911876
43 36 44 0.0 0.0 0.0 0.0 8.0 0.0 0.0 0.697211155378486
43 37 35 0.0 0.0 0.0 0.0 14.0 0.0 0.0 0.6951340615690167
43 37 36 0.0 0.0 25.0 0.0 503.0 9.0 2.0 0.5557761016276299
43 37 37 0.0 0.0 271.0 0.0 5836.0 20.0 421.0 0.17307454567931757
43 37 38 0.0 0.0 843.0 0.0 12377.0 38.0 6396.0 0.09208103130755063
43 37 39 0.0 0.0 545.0 0.0 9927.0 22.0 2306.0 0.11235955056179774
43 37 40 0.0 0.0 403.0 0.0 8767.0 16.0 1514.0 0.12539184952978055
43 37 41 0.0 0.0 465.0 0.0 9236.0 19.0 1704.0 0.11973999315771466
43 37 42 0.0 0.0 207.0 0.0 5222.0 17.0 276.0 0.18875556154779558
43 37 43 0.0 0.0 225.0 0.0 4813.0 23.0 219.0 0.19945861233793988
43 37 44 0.0 0.0 16.0 0.0 426.0 7.0 0.0 0.5749486652977411
43 37 45 0.0 0.0 0.0 0.0 24.0 0.0 0.0 0.6916996047430829
43 38 34 0.0 0.0 0.0 0.0 4.0 0.0 0.0 0.6986027944111775
43 38 35 0.0 0.0 13.0 0.0 206.0 5.0 1.0 0.6323396567299006
43 38 36 0.0 0.0 177.0 0.0 4067.0 24.0 134.0 0.22508038585208998
43 38 37 0.0 0.0 417.0 0.0 9216.0 29.0 1977.0 0.12050266827336888
43 38 38 0.0 0.0 734.0 0.0 11975.0 24.0 6121.0 0.09520571234274056
43 38 39 0.0 0.0 994.0 0.0 12927.0 31.0 9084.0 0.0879120879120879
43 38 40 0.0 0.0 690.0 0.0 11530.0 36.0 4286.0 0.0985568461809222
43 38 41 0.0 0.0 785.0 0.0 12311.0 23.0 5932.0 0.09277667329357188
43 38 42 0.0 0.0 983.0 0.0 12727.0 30.0 9305.0 0.089126559714795
43 38 43 0.0 0.0 414.0 0.0 8322.0 24.0 1281.0 0.13057265435553067
43 38 44 0.0 0.0 265.0 0.0 5884.0 20.0 417.0 0.1721382023853436
43 38 45 0.0 0.0 5.0 0.0 102.0 1.0 0.0 0.664767331433998
43 39 34 0.0 0.0 0.0 0.0 4.0 0.0 0.0 0.6986027944111775
43 39 35 0.0 0.0 3.0 0.0 95.0 1.0 0.0 0.6676204101096804
43 39 36 0.0 0.0 353.0 0.0 7400.0 18.0 848.0 0.14379622021364008
43 39 37 0.0 0.0 567.0 0.0 10462.0 26.0 2762.0 0.1075516632096489
43 39 38 0.0 0.0 727.0 0.0 11741.0 25.0 4638.0 0.09681881051175656
43 39 39 0.0 0.0 1006.0 0.0 13067.0 32.0 9801.0 0.08716224629560453
43 39 40 0.0 0.0 1303.0 1.0 13388.0 43.0 16065.0 0.08391776059461727
43 39 41 0.0 0.0 948.0 0.0 12970.0 26.0 7970.0 0.08794522268986744
43 39 42 0.0 0.0 822.0 0.0 12321.0 27.0 6394.0 0.09247638549441838
43 39 43 0.0 0.0 440.0 0.0 9442.0 23.0 2043.0 0.11796427367711491
43 39 44 0.0 0.0 130.0 0.0 3387.0 25.0 84.0 0.2549162418062636
43 39 45 0.0 0.0 4.0 0.0 127.0 1.0 0.0 0.6575857209957726
43 39 46 0.0 0.0 0.0 0.0 2.0 0.0 0.0 0.6993006993006992
43 40 34 0.0 0.0 0.0 0.0 2.0 0.0 0.0 0.6993006993006992
43 40 35 0.0 0.0 3.0 0.0 90.0 0.0 0.0 0.668896321070234
43 40 36 0.0 0.0 289.0 0.0 6734.0 14.0 656.0 0.15533118828359035
43 40 37 0.0 0.0 826.0 0.0 12450.0 34.0 6172.0 0.09168904315934245
43 40 38 0.0 0.0 923.0 0.0 12730.0 32.0 7502.0 0.08949117872666836
43 40 39 0.0 0.0 980.0 0.0 12996.0 38.0 9279.0 0.0876753507014028
43 40 40 0.0 0.0 992.0 0.0 12856.0 26.0 9476.0 0.08830022075055186
43 40 41 0.0 0.0 1000.0 0.0 13159.0 32.0 8580.0 0.08669267446900736
43 40 42 0.0 0.0 772.0 0.0 12026.0 30.0 5836.0 0.09467775748968688
43 40 43 0.0 0.0 1004.0 0.0 12758.0 29.0 10346.0 0.08885503935008884
43 40 44 0.0 0.0 345.0 0.0 6822.0 23.0 573.0 0.1530054644808743
43 40 45 0.0 0.0 1.0 0.0 65.0 0.0 0.0 0.6779661016949151
43 41 34 0.0 0.0 0.0 0.0 1.0 0.0 0.0 0.6996501749125437
43 41 35 0.0 0.0 0.0 0.0 83.0 0.0 0.0 0.6724303554274734
43 41 36 0.0 0.0 114.0 0.0 2547.0 16.0 43.0 0.30139935414424107
43 41 37 0.0 0.0 292.0 0.0 7075.0 16.0 830.0 0.14966859097712207
43 41 38 0.0 0.0 646.0 0.0 11195.0 32.0 3698.0 0.101309790867646
43 41 39 0.0 0.0 1123.0 0.0 13335.0 31.0 11663.0 0.08509603695599319
43 41 40 0.0 0.0 1012.0 0.0 13001.0 35.0 11046.0 0.08745627186406796
43 41 41 0.0 0.0 1035.0 0.0 13098.0 29.0 10158.0 0.08679479231246125
43 41 42 0.0 0.0 634.0 0.0 11312.0 24.0 4107.0 0.10045203415369161
43 41 43 0.0 0.0 444.0 0.0 8886.0 22.0 1596.0 0.12375143640060107
43 41 44 0.0 0.0 14.0 0.0 710.0 5.0 4.0 0.514895182052225
43 41 45 0.0 0.0 6.0 0.0 40.0 3.0 0.0 0.6852667645619186
43 42 35 0.0 0.0 1.0 0.0 68.0 1.0 0.0 0.6769825918762088
43 42 36 0.0 0.0 6.0 0.0 323.0 3.0 0.0 0.6021505376344085
43 42 37 0.0 0.0 183.0 0.0 4614.0 16.0 231.0 0.20642878207018575
43 42 38 0.0 0.0 580.0 0.0 10682.0 19.0 3362.0 0.10556477152767303
43 42 39 0.0 0.0 470.0 0.0 9491.0 28.0 2055.0 0.11722347818805992
43 42 40 0.0 0.0 844.0 0.0 12508.0 29.0 7084.0 0.09123492994460736
43 42 41 0.0 0.0 582.0 0.0 10585.0 26.0 2677.0 0.1064800730149072
43 42 42 0.0 0.0 485.0 0.0 9512.0 32.0 1942.0 0.11696883616008019
43 42 43 0.0 0.0 380.0 0.0 7878.0 27.0 960.0 0.13675881605939239
43 42 44 0.0 0.0 2.0 0.0 128.0 0.0 0.0 0.6572769953051641
43 42 45 0.0 0.0 0.0 0.0 3.0 0.0 0.0 0.6989515726410384
43 43 35 0.0 0.0 0.0 0.0 12.0 0.0 0.0 0.6958250497017892
43 43 36 0.0 0.0 0.0 0.0 37.0 0.0 0.0 0.6872852233676975
43 43 37 0.0 0.0 76.0 0.0 2212.0 16.0 39.0 0.3276386613620407
43 43 38 0.0 0.0 280.0 0.0 6480.0 16.0 566.0 0.16005487595747112
43 43 39 0.0 0.0 511.0 0.0 9432.0 33.0 1820.0 0.11745951841597449
43 43 40 0.0 0.0 322.0 0.0 7790.0 19.0 1096.0 0.13862758688979104
43 43 41 0.0 0.0 580.0 0.0 10344.0 26.0 2643.0 0.10847667751433442
43 43 42 0.0 0.0 422.0 0.0 8097.0 21.0 1121.0 0.13326987148976677
43 43 43 0.0 0.0 249.0 0.0 5351.0 16.0 287.0 0.18447753327184077
43 43 44 0.0 0.0 0.0 0.0 39.0 0.0 0.0 0.6866110838646394
43 43 45 0.0 0.0 0.0 0.0 2.0 0.0 0.0 0.6993006993006992
43 44 36 0.0 0.0 0.0 0.0 1.0 0.0 0.0 0.6996501749125437
43 44 37 0.0 0.0 0.0 0.0 20.0 0.0 0.0 0.6934125804853887
43 44 38 0.0 0.0 61.0 0.0 1228.0 9.0 6.0 0.42656916514320525
43 44 39 0.0 0.0 34.0 0.0 856.0 6.0 3.0 0.48560527228581335
43 44 40 0.0 0.0 387.0 0.0 7725.0 21.0 937.0 0.13865504605328313
43 44 41 0.0 0.0 1.0 0.0 237.0 0.0 1.0 0.6258381761287437
43 44 42 0.0 0.0 55.0 0.0 1243.0 13.0 7.0 0.42604990870359094
43 44 43 0.0 0.0 0.0 0.0 36.0 0.0 0.0 0.6876227897838899
43 44 44 0.0 0.0 0.0 0.0 7.0 0.0 0.0 0.6975585450921773
43 45 38 0.0 0.0 23.0 0.0 655.0 4.0 5.0 0.5235602094240837
43 45 39 0.0 0.0 2.0 0.0 72.0 1.0 0.0 0.6753497346840327
43 45 40 0.0 0.0 0.0 0.0 25.0 0.0 0.0 0.6913580246913579
43 45 41 0.0 0.0 0.0 0.0 9.0 0.0 0.0 0.6968641114982577
43 45 42 0.0 0.0 0.0 0.0 3.0 0.0 0.0 0.6989515726410384
43 45 43 0.0 0.0 0.0 0.0 2.0 0.0 0.0 0.6993006993006992
43 45 44 0.0 0.0 0.0 0.0 3.0 0.0 0.0 0.6989515726410384
44 35 37 0.0 0.0 0.0 0.0 9.0 0.0 0.0 0.6968641114982577
44 35 38 0.0 0.0 0.0 0.0 19.0 0.0 0.0 0.6934125804853887
44 35 39 0.0 0.0 4.0 0.0 122.0 1.0 0.0 0.6591337099811675
44 35 40 0.0 0.0 1.0 0.0 26.0 0.0 0.0 0.6906758756783422
44 35 41 0.0 0.0 0.0 0.0 6.0 0.0 0.0 0.6979062811565303
44 35 43 0.0 0.0 0.0 0.0 4.0 0.0 0.0 0.6986027944111775
44 36 36 0.0 0.0 0.0 0.0 4.0 0.0 0.0 0.6986027944111775
44 36 37 0.0 0.0 1.0 0.0 146.0 1.0 0.0 0.6523765144454798
44 36 38 0.0 0.0 243.0 0.0 5386.0 22.0 326.0 0.18404101485473906
44 36 39 0.0 0.0 329.0 0.0 6837.0 25.0 647.0 0.15305564666010713
44 36 40 0.0 0.0 182.0 0.0 4150.0 22.0 141.0 0.22190521477254713
44 36 41 0.0 0.0 0.0 0.0 61.0 0.0 0.0 0.6792819019893255
44 36 42 0.0 0.0 0.0 0.0 39.0 0.0 0.0 0.6866110838646394
44 36 43 0.0 0.0 0.0 0.0 7.0 0.0 0.0 0.6975585450921773
44 36 44 0.0 0.0 0.0 0.0 7.0 0.0 0.0 0.6975585450921773
44 37 34 0.0 0.0 0.0 0.0 1.0 0.0 0.0 0.6996501749125437
44 37 35 0.0 0.0 0.0 0.0 1.0 0.0 0.0 0.6996501749125437
44 37 36 0.0 0.0 72.0 0.0 1696.0 11.0 25.0 0.3726377428799573
44 37 37 0.0 0.0 57.0 0.0 1344.0 12.0 9.0 0.4131012097964001
44 37 38 0.0 0.0 310.0 0.0 6881.0 26.0 724.0 0.1526884065874141
44 37 39 0.0 0.0 190.0 0.0 4262.0 15.0 174.0 0.21742506600403785
44 37 40 0.0 0.0 138.0 0.0 3312.0 15.0 78.0 0.25758969641214347
44 37 41 0.0 0.0 238.0 0.0 5098.0 24.0 266.0 0.19141372709871476
44 37 42 0.0 0.0 45.0 0.0 1040.0 10.0 4.0 0.45528455284552843
44 37 43 0.0 0.0 186.0 0.0 4060.0 20.0 133.0 0.22479126525369297
44 37 44 0.0 0.0 1.0 0.0 22.0 0.0 0.0 0.6920415224913494
44 37 45 0.0 0.0 0.0 0.0 6.0 0.0 0.0 0.6979062811565303
44 38 35 0.0 0.0 25.0 0.0 552.0 5.0 0.0 0.544111931597357
44 38 36 0.0 0.0 5.0 0.0 211.0 3.0 0.0 0.632625395390872
44 38 37 0.0 0.0 107.0 0.0 2990.0 9.0 74.0 0.27504911591355596
44 38 38 0.0 0.0 120.0 0.0 2973.0 18.0 64.0 0.2759164367363027
44 38 39 0.0 0.0 339.0 0.0 7131.0 20.0 677.0 0.14806980433632996
44 38 40 0.0 0.0 878.0 0.0 12557.0 32.0 8197.0 0.09072645972393234
44 38 41 0.0 0.0 289.0 0.0 6435.0 19.0 508.0 0.16079016882967725
44 38 42 0.0 0.0 286.0 0.0 6353.0 28.0 463.0 0.162526120269329
44 38 43 0.0 0.0 72.0 0.0 1643.0 13.0 15.0 0.3782761415833558
44 38 44 0.0 0.0 59.0 0.0 1502.0 12.0 16.0 0.39469974626444876
44 38 45 0.0 0.0 0.0 0.0 18.0 0.0 0.0 0.6937561942517343
44 39 35 0.0 0.0 1.0 0.0 37.0 0.0 0.0 0.6869479882237487
44 39 36 0.0 0.0 115.0 0.0 2777.0 19.0 52.0 0.28735632183908044
44 39 37 0.0 0.0 364.0 0.0 7507.0 20.0 858.0 0.1420166362345303
44 39 38 0.0 0.0 224.0 0.0 5335.0 18.0 316.0 0.185602545406337
44 39 39 0.0 0.0 535.0 0.0 9695.0 28.0 2019.0 0.11462256427050924
44 39 40 0.0 0.0 504.0 0.0 9932.0 14.0 2238.0 0.1126126126126126
44 39 41 0.0 0.0 352.0 0.0 7430.0 17.0 753.0 0.1433251433251433
44 39 42 0.0 0.0 543.0 0.0 9579.0 19.0 1963.0 0.11554015020219525
44 39 43 0.0 0.0 97.0 0.0 2890.0 9.0 76.0 0.28118096003213494
44 39 44 0.0 0.0 366.0 0.0 7231.0 16.0 727.0 0.14598540145985398
44 39 45 0.0 0.0 12.0 0.0 202.0 4.0 0.0 0.6334841628959276
44 40 35 0.0 0.0 0.0 0.0 29.0 0.0 0.0 0.6899950714637751
44 40 36 0.0 0.0 159.0 0.0 3848.0 19.0 134.0 0.23372287145242068
44 40 37 0.0 0.0 180.0 0.0 4764.0 14.0 237.0 0.20187454938716654
44 40 38 0.0 0.0 261.0 0.0 5787.0 23.0 374.0 0.17438963627304432
44 40 39 0.0 0.0 449.0 0.0 8653.0 30.0 1306.0 0.12634238787113075
44 40 40 0.0 0.0 739.0 0.0 12109.0 20.0 6320.0 0.0942633988688392
44 40 41 0.0 0.0 218.0 0.0 5414.0 11.0 348.0 0.18365472910927455
44 40 42 0.0 0.0 333.0 0.0 7221.0 12.0 857.0 0.14662756598240467
44 40 43 0.0 0.0 245.0 0.0 5338.0 22.0 287.0 0.1851362073525522
44 40 44 0.0 0.0 21.0 0.0 653.0 6.0 0.0 0.5249343832020996
44 40 45 0.0 0.0 0.0 0.0 22.0 0.0 0.0 0.6923837784371908
44 41 35 0.0 0.0 0.0 0.0 28.0 1.0 0.0 0.6906758756783422
44 41 36 0.0 0.0 5.0 0.0 228.0 0.0 0.0 0.6272401433691756
44 41 37 0.0 0.0 159.0 0.0 3555.0 15.0 106.0 0.24565713283032106
44 41 38 0.0 0.0 193.0 0.0 4369.0 23.0 170.0 0.21403455129185137
44 41 39 0.0 0.0 494.0 0.0 9517.0 19.0 1902.0 0.11668611435239205
44 41 40 0.0 0.0 274.0 0.0 6182.0 13.0 462.0 0.16573931573339645
44 41 41 0.0 0.0 333.0 0.0 6740.0 24.0 606.0 0.1545765706083692
44 41 42 0.0 0.0 478.0 0.0 9087.0 21.0 1501.0 0.12122261667676854
44 41 43 0.0 0.0 283.0 0.0 6577.0 26.0 691.0 0.1583889580269261
44 41 44 0.0 0.0 38.0 0.0 861.0 4.0 2.0 0.4835924006908462
44 41 45 0.0 0.0 0.0 0.0 3.0 0.0 0.0 0.6993006993006992
44 42 35 0.0 0.0 0.0 0.0 2.0 0.0 0.0 0.6993006993006992
44 42 36 0.0 0.0 2.0 0.0 24.0 0.0 0.0 0.6910167818361302
44 42 37 0.0 0.0 0.0 0.0 110.0 0.0 0.0 0.6635071090047392
44 42 38 0.0 0.0 223.0 0.0 5100.0 17.0 335.0 0.19151846785225712
44 42 39 0.0 0.0 619.0 0.0 11110.0 24.0 3996.0 0.10208546011375236
44 42 40 0.0 0.0 96.0 0.0 2878.0 14.0 72.0 0.2822011691191292
44 42 41 0.0 0.0 248.0 0.0 5264.0 26.0 261.0 0.1869658119658119
44 42 42 0.0 0.0 95.0 0.0 2022.0 13.0 24.0 0.341296928327645
44 42 43 0.0 0.0 45.0 0.0 1070.0 8.0 2.0 0.4505954296749275
44 42 44 0.0 0.0 0.0 0.0 42.0 0.0 0.0 0.6856023506366307
44 43 36 0.0 0.0 1.0 0.0 31.0 0.0 0.0 0.6889763779527558
44 43 37 0.0 0.0 6.0 0.0 162.0 3.0 0.0 0.6466512702078521
44 43 38 0.0 0.0 10.0 0.0 409.0 0.0 2.0 0.5792304509722795
44 43 39 0.0 0.0 200.0 0.0 4388.0 24.0 178.0 0.2132520944402132
44 43 40 0.0 0.0 63.0 0.0 1298.0 10.0 7.0 0.41791044776119396
44 43 41 0.0 0.0 13.0 0.0 438.0 3.0 1.0 0.5718954248366012
44 43 42 0.0 0.0 4.0 0.0 206.0 1.0 0.0 0.6337709370755997
44 43 43 0.0 0.0 30.0 0.0 674.0 6.0 4.0 0.5189028910303928
44 43 44 0.0 0.0 0.0 0.0 21.0 0.0 0.0 0.6927263730826323
44 44 37 0.0 0.0 3.0 0.0 112.0 3.0 0.0 0.6628787878787878
44 44 38 0.0 0.0 37.0 0.0 924.0 7.0 6.0 0.4739336492890995
44 44 39 0.0 0.0 6.0 0.0 100.0 1.0 0.0 0.6650831353919239
44 44 40 0.0 0.0 2.0 0.0 100.0 1.0 0.0 0.6663493574488338
44 44 41 0.0 0.0 16.0 0.0 324.0 1.0 1.0 0.5985463873450192
44 44 42 0.0 0.0 24.0 0.0 538.0 7.0 2.0 0.547945205479452
44 44 43 0.0 0.0 1.0 0.0 8.0 0.0 0.0 0.6968641114982577
44 44 44 0.0 0.0 0.0 0.0 4.0 0.0 0.0 0.6986027944111775
44 45 37 0.0 0.0 0.0 0.0 1.0 0.0 0.0 0.6996501749125437
44 45 38 0.0 0.0 0.0 0.0 1.0 0.0 0.0 0.6996501749125437
44 45 39 0.0 0.0 0.0 0.0 11.0 0.0 0.0 0.6961710591745399
44 45 40 0.0 0.0 0.0 0.0 19.0 0.0 0.0 0.6934125804853887
44 45 41 0.0 0.0 0.0 0.0 10.0 0.0 0.0 0.6965174129353233
45 35 37 0.0 0.0 0.0 0.0 6.0 0.0 0.0 0.6979062811565303
45 35 38 0.0 0.0 2.0 0.0 58.0 1.0 0.0 0.6799417192812044
45 35 39 0.0 0.0 0.0 0.0 23.0 0.0 0.0 0.6920415224913494
45 35 40 0.0 0.0 0.0 0.0 8.0 0.0 0.0 0.697211155378486
45 36 37 0.0 0.0 2.0 0.0 33.0 0.0 0.0 0.6879606879606879
45 36 38 0.0 0.0 0.0 0.0 39.0 1.0 0.0 0.6869479882237487
45 36 39 0.0 0.0 46.0 0.0 1061.0 11.0 3.0 0.4523424878836833
45 36 40 0.0 0.0 1.0 0.0 33.0 0.0 0.0 0.6882989183874139
45 36 41 0.0 0.0 1.0 0.0 42.0 0.0 0.0 0.6852667645619186
45 36 42 0.0 0.0 0.0 0.0 8.0 0.0 0.0 0.697211155378486
45 36 43 0.0 0.0 0.0 0.0 3.0 0.0 0.0 0.6989515726410384
45 36 44 0.0 0.0 0.0 0.0 5.0 0.0 0.0 0.6982543640897755
45 37 36 0.0 0.0 0.0 0.0 2.0 0.0 0.0 0.6993006993006992
45 37 37 0.0 0.0 2.0 0.0 58.0 3.0 0.0 0.6806028196402526
45 37 38 0.0 0.0 0.0 0.0 56.0 0.0 0.0 0.6809338521400777
45 37 39 0.0 0.0 209.0 0.0 5480.0 12.0 327.0 0.1822442072376985
45 37 40 0.0 0.0 276.0 0.0 5729.0 18.0 398.0 0.17521902377972465
45 37 41 0.0 0.0 141.0 0.0 3237.0 12.0 83.0 0.26085336314514623
45 37 42 0.0 0.0 3.0 0.0 130.0 0.0 0.0 0.6563525550867322
45 37 43 0.0 0.0 0.0 0.0 24.0 0.0 0.0 0.6916996047430829
45 37 44 0.0 0.0 0.0 0.0 3.0 0.0 0.0 0.6989515726410384
45 38 36 0.0 0.0 1.0 0.0 15.0 1.0 0.0 0.694789081885856
45 38 37 0.0 0.0 17.0 0.0 324.0 3.0 0.0 0.5988023952095808
45 38 38 0.0 0.0 82.0 0.0 1722.0 13.0 7.0 0.3692957003429174
45 38 39 0.0 0.0 9.0 0.0 396.0 3.0 1.0 0.5828476269775186
45 38 40 0.0 0.0 123.0 0.0 3010.0 18.0 43.0 0.2737583105201407
45 38 41 0.0 0.0 477.0 0.0 9141.0 24.0 1719.0 0.12071046732195204
45 38 42 0.0 0.0 21.0 0.0 617.0 7.0 1.0 0.5323193916349809
45 38 43 0.0 0.0 11.0 0.0 251.0 4.0 0.0 0.6200177147918511
45 38 44 0.0 0.0 0.0 0.0 17.0 0.0 0.0 0.694100148735746
45 38 45 0.0 0.0 0.0 0.0 5.0 0.0 0.0 0.6982543640897755
45 39 35 0.0 0.0 0.0 0.0 2.0 0.0 0.0 0.6993006993006992
45 39 36 0.0 0.0 0.0 0.0 21.0 0.0 0.0 0.6930693069306929
45 39 37 0.0 0.0 19.0 0.0 418.0 5.0 0.0 0.575657894736842
45 39 38 0.0 0.0 32.0 0.0 618.0 7.0 2.0 0.529701097237987
45 39 39 0.0 0.0 60.0 0.0 1303.0 9.0 5.0 0.417536534446764
45 39 40 0.0 0.0 57.0 0.0 1568.0 12.0 10.0 0.3874896208137282
45 39 41 0.0 0.0 270.0 0.0 5990.0 31.0 433.0 0.1700267184843332
45 39 42 0.0 0.0 38.0 0.0 1205.0 10.0 9.0 0.43290043290043284
45 39 43 0.0 0.0 2.0 0.0 79.0 2.0 0.0 0.6734006734006733
45 39 44 0.0 0.0 7.0 0.0 103.0 3.0 0.0 0.6644518272425248
45 39 45 0.0 0.0 0.0 0.0 18.0 0.0 0.0 0.6937561942517343
45 40 35 0.0 0.0 0.0 0.0 4.0 0.0 0.0 0.6986027944111775
45 40 36 0.0 0.0 0.0 0.0 13.0 0.0 0.0 0.695479384003974
45 40 37 0.0 0.0 9.0 0.0 276.0 2.0 0.0 0.6132282084975909
45 40 38 0.0 0.0 17.0 0.0 368.0 3.0 1.0 0.5877413937867337
45 40 39 0.0 0.0 140.0 0.0 3657.0 16.0 111.0 0.24213075060532682
45 40 40 0.0 0.0 73.0 0.0 1936.0 17.0 24.0 0.3506135737540696
45 40 41 0.0 0.0 144.0 0.0 3325.0 22.0 101.0 0.25702221406278686
45 40 42 0.0 0.0 9.0 0.0 318.0 4.0 0.0 0.6026689625484287
45 40 43 0.0 0.0 12.0 0.0 366.0 6.0 0.0 0.5902192242833051
45 40 44 0.0 0.0 0.0 0.0 16.0 0.0 0.0 0.6944444444444444
45 40 45 0.0 0.0 0.0 0.0 12.0 0.0 0.0 0.6958250497017892
45 41 35 0.0 0.0 0.0 0.0 2.0 0.0 0.0 0.6993006993006992
45 41 36 0.0 0.0 0.0 0.0 10.0 0.0 0.0 0.6965174129353233
45 41 37 0.0 0.0 0.0 0.0 31.0 0.0 0.0 0.689655172413793
45 41 38 0.0 0.0 51.0 0.0 1250.0 14.0 12.0 0.4257907542579075
45 41 39 0.0 0.0 388.0 0.0 8240.0 17.0 1232.0 0.13188883655204897
45 41 40 0.0 0.0 134.0 0.0 3197.0 14.0 77.0 0.2633063757758134
45 41 41 0.0 0.0 70.0 0.0 1746.0 13.0 15.0 0.3681304233499868
45 41 42 0.0 0.0 63.0 0.0 1733.0 10.0 28.0 0.3697834125726359
45 41 43 0.0 0.0 34.0 0.0 713.0 10.0 1.0 0.5115089514066495
45 41 44 0.0 0.0 0.0 0.0 8.0 0.0 0.0 0.697211155378486
45 42 36 0.0 0.0 0.0 0.0 3.0 0.0 0.0 0.6989515726410384
45 42 37 0.0 0.0 0.0 0.0 8.0 0.0 0.0 0.697211155378486
45 42 38 0.0 0.0 72.0 0.0 1830.0 10.0 23.0 0.35961983046493706
45 42 39 0.0 0.0 26.0 0.0 681.0 7.0 5.0 0.5185185185185184
45 42 40 0.0 0.0 96.0 0.0 2262.0 16.0 27.0 0.3223578171770665
45 42 41 0.0 0.0 0.0 0.0 49.0 0.0 0.0 0.6835937499999999
45 42 42 0.0 0.0 24.0 0.0 769.0 8.0 1.0 0.5026929982046677
45 42 43 0.0 0.0 0.0 0.0 22.0 0.0 0.0 0.6923837784371908
45 42 44 0.0 0.0 0.0 0.0 7.0 0.0 0.0 0.6975585450921773
45 43 37 0.0 0.0 0.0 0.0 10.0 0.0 0.0 0.6965174129353233
45 43 38 0.0 0.0 24.0 0.0 558.0 8.0 3.0 0.5439005439005438
45 43 39 0.0 0.0 371.0 0.0 7414.0 29.0 747.0 0.1434279274664481
45 43 40 0.0 0.0 1.0 0.0 95.0 1.0 0.0 0.6685768863419292
45 43 41 0.0 0.0 2.0 0.0 33.0 1.0 0.0 0.6882989183874139
45 43 42 0.0 0.0 0.0 0.0 7.0 0.0 0.0 0.6975585450921773
45 43 43 0.0 0.0 0.0 0.0 2.0 0.0 0.0 0.6993006993006992
45 44 38 0.0 0.0 12.0 0.0 320.0 2.0 0.0 0.6008583690987124
45 44 39 0.0 0.0 0.0 0.0 22.0 0.0 0.0 0.6923837784371908
45 44 40 0.0 0.0 31.0 0.0 656.0 8.0 1.0 0.522583053378126
45 44 41 0.0 0.0 0.0 0.0 2.0 0.0 0.0 0.6993006993006992
46 35 40 0.0 0.0 0.0 0.0 1.0 0.0 0.0 0.6996501749125437
46 36 38 0.0 0.0 0.0 0.0 10.0 0.0 0.0 0.6968641114982577
46 36 39 0.0 0.0 0.0 0.0 7.0 0.0 0.0 0.6975585450921773
46 36 40 0.0 0.0 0.0 0.0 8.0 0.0 0.0 0.697211155378486
46 36 41 0.0 0.0 0.0 0.0 4.0 0.0 0.0 0.6986027944111775
46 36 42 0.0 0.0 1.0 0.0 2.0 0.0 0.0 0.6989515726410384
46 37 38 0.0 0.0 9.0 0.0 137.0 1.0 0.0 0.6526806526806526
46 37 39 0.0 0.0 16.0 0.0 261.0 1.0 0.0 0.6151142355008786
46 37 40 0.0 0.0 66.0 0.0 1788.0 10.0 9.0 0.3641092327698309
46 37 41 0.0 0.0 22.0 0.0 680.0 6.0 2.0 0.5192878338278931
46 37 42 0.0 0.0 0.0 0.0 36.0 0.0 0.0 0.6876227897838899
46 38 37 0.0 0.0 0.0 0.0 1.0 0.0 0.0 0.6996501749125437
46 38 38 0.0 0.0 0.0 0.0 4.0 0.0 0.0 0.6986027944111775
46 38 39 0.0 0.0 6.0 0.0 142.0 2.0 0.0 0.6523765144454798
46 38 40 0.0 0.0 0.0 0.0 52.0 0.0 0.0 0.68259385665529
46 38 41 0.0 0.0 2.0 0.0 79.0 0.0 0.0 0.6727534839019701
46 38 42 0.0 0.0 0.0 0.0 34.0 0.0 0.0 0.6882989183874139
46 39 37 0.0 0.0 0.0 0.0 1.0 0.0 0.0 0.6996501749125437
46 39 39 0.0 0.0 0.0 0.0 2.0 0.0 0.0 0.6993006993006992
46 39 40 0.0 0.0 0.0 0.0 28.0 0.0 0.0 0.690335305719921
46 39 41 0.0 0.0 4.0 0.0 98.0 2.0 0.0 0.6666666666666665
46 39 42 0.0 0.0 7.0 0.0 165.0 2.0 0.0 0.6451612903225805
46 40 37 0.0 0.0 0.0 0.0 1.0 0.0 0.0 0.6996501749125437
46 40 38 0.0 0.0 2.0 0.0 28.0 2.0 0.0 0.690335305719921
46 40 39 0.0 0.0 0.0 0.0 20.0 1.0 0.0 0.6934125804853887
46 40 40 0.0 0.0 3.0 0.0 47.0 0.0 0.0 0.6829268292682925
46 40 41 0.0 0.0 0.0 0.0 11.0 0.0 0.0 0.6961710591745399
46 40 42 0.0 0.0 0.0 0.0 13.0 0.0 0.0 0.695479384003974
46 41 37 0.0 0.0 9.0 0.0 94.0 3.0 0.0 0.6666666666666665
46 41 38 0.0 0.0 0.0 0.0 23.0 0.0 0.0 0.6920415224913494
46 41 39 0.0 0.0 13.0 0.0 389.0 7.0 1.0 0.5845511482254696
46 41 40 0.0 0.0 0.0 0.0 29.0 0.0 0.0 0.6899950714637751
46 41 41 0.0 0.0 0.0 0.0 2.0 0.0 0.0 0.6993006993006992
46 41 42 0.0 0.0 0.0 0.0 4.0 0.0 0.0 0.6986027944111775
46 42 37 0.0 0.0 0.0 0.0 2.0 0.0 0.0 0.6996501749125437
46 42 38 0.0 0.0 2.0 0.0 134.0 0.0 0.0 0.6554307116104868
46 42 39 0.0 0.0 7.0 0.0 121.0 3.0 0.0 0.6588235294117646
46 42 40 0.0 0.0 11.0 0.0 135.0 5.0 0.0 0.6542056074766354
46 42 41 0.0 0.0 0.0 0.0 5.0 0.0 0.0 0.6982543640897755
46 43 37 0.0 0.0 0.0 0.0 1.0 0.0 0.0 0.6996501749125437
46 43 38 0.0 0.0 7.0 0.0 116.0 1.0 0.0 0.6597549481621111
46 43 39 0.0 0.0 54.0 0.0 1206.0 16.0 5.0 0.43156596794081376
46 43 40 0.0 0.0 0.0 0.0 7.0 0.0 0.0 0.6975585450921773
46 43 41 0.0 0.0 0.0 0.0 1.0 0.0 0.0 0.6996501749125437
46 43 43 0.0 0.0 0.0 0.0 1.0 0.0 0.0 0.6996501749125437
46 44 38 0.0 0.0 6.0 0.0 94.0 3.0 0.0 0.6676204101096804
46 44 39 0.0 0.0 1.0 0.0 12.0 1.0 0.0 0.6958250497017892
46 44 40 0.0 0.0 0.0 0.0 13.0 0.0 0.0 0.695479384003974
47 36 39 0.0 0.0 0.0 0.0 3.0 0.0 0.0 0.6989515726410384
47 36 41 0.0 0.0 0.0 0.0 1.0 0.0 0.0 0.6996501749125437
47 36 42 0.0 0.0 0.0 0.0 1.0 0.0 0.0 0.6996501749125437
47 37 41 0.0 0.0 0.0 0.0 1.0 0.0 0.0 0.6996501749125437
47 38 40 0.0 0.0 0.0 0.0 2.0 0.0 0.0 0.6993006993006992
47 38 41 0.0 0.0 1.0 0.0 0.0 0.0 0.0 0.0
