38 39 39 0.0 0.0 0.0 0.0 1.0 0.0 0.0 0.6996501749125437
38 39 40 0.0 0.0 2.0 0.0 31.0 1.0 0.0 0.6889763779527558
38 39 41 0.0 0.0 0.0 0.0 6.0 0.0 0.0 0.6979062811565303
38 40 39 0.0 0.0 0.0 0.0 2.0 0.0 0.0 0.6993006993006992
38 40 40 0.0 0.0 0.0 0.0 2.0 0.0 0.0 0.6993006993006992
38 40 41 0.0 0.0 0.0 0.0 2.0 0.0 0.0 0.6993006993006992
38 41 40 0.0 0.0 2.0 0.0 84.0 0.0 0.0 0.6711409395973154
38 41 41 0.0 0.0 0.0 0.0 1.0 0.0 0.0 0.6996501749125437
39 39 39 0.0 0.0 13.0 0.0 402.0 3.0 1.0 0.5804311774461027
39 39 40 0.0 0.0 3.0 0.0 182.0 2.0 0.0 0.6413192853870818
39 39 41 0.0 0.0 27.0 0.0 690.0 1.0 4.0 0.5152741994847257
39 39 42 0.0 0.0 0.0 0.0 1.0 0.0 0.0 0.6996501749125437
39 40 39 0.0 0.0 9.0 4.0 215.0 1.0 0.0 0.6286484059272563
39 40 40 0.0 0.0 219.0 0.0 4638.0 19.0 179.0 0.20464844321005699
39 40 41 0.0 0.0 0.0 1.0 58.0 0.0 0.0 0.6802721088435373
39 40 42 0.0 0.0 0.0 0.0 2.0 0.0 0.0 0.6993006993006992
39 41 39 0.0 0.0 0.0 6.0 68.0 0.0 0.0 0.6750241080038573
39 41 40 0.0 0.0 24.0 0.0 341.0 6.0 0.0 0.5934718100890207
39 41 41 0.0 0.0 0.0 3.0 77.0 0.0 0.0 0.6730769230769229
40 38 39 0.0 0.0 0.0 0.0 1.0 0.0 0.0 0.6996501749125437
40 38 40 0.0 0.0 0.0 0.0 1.0 0.0 0.0 0.6996501749125437
40 38 42 0.0 0.0 0.0 0.0 1.0 0.0 0.0 0.6996501749125437
40 39 39 0.0 0.0 17.0 0.0 321.0 3.0 0.0 0.5995717344753746
40 39 40 0.0 0.0 0.0 0.0 65.0 0.0 0.0 0.6779661016949151
40 39 41 0.0 0.0 3.0 0.0 147.0 2.0 0.0 0.6517690875232773
40 39 42 0.0 0.0 0.0 0.0 4.0 0.0 0.0 0.6986027944111775
40 40 39 0.0 0.0 8.0 1.0 189.0 4.0 0.0 0.6381039197812214
40 40 40 11.0 19.0 645.0 325.0 10773.0 24.0 3518.0 0.10171461784365009
40 40 41 0.0 0.0 153.0 0.0 2896.0 18.0 48.0 0.2782193958664546
40 40 42 0.0 0.0 0.0 0.0 3.0 0.0 0.0 0.6989515726410384
40 41 39 0.0 0.0 0.0 0.0 44.0 0.0 0.0 0.684931506849315
40 41 40 0.0 0.0 1.0 0.0 88.0 0.0 0.0 0.6701771182383915
40 41 41 0.0 0.0 0.0 0.0 71.0 0.0 0.0 0.6760019314340897
40 41 42 0.0 0.0 0.0 0.0 3.0 0.0 0.0 0.6989515726410384
40 42 40 0.0 0.0 0.0 0.0 1.0 0.0 0.0 0.6996501749125437
41 39 38 0.0 0.0 0.0 0.0 1.0 0.0 0.0 0.6996501749125437
41 39 39 0.0 0.0 48.0 0.0 1208.0 3.0 3.0 0.4305043050430503
41 39 40 0.0 0.0 0.0 0.0 77.0 0.0 0.0 0.6740491092922483
41 39 41 0.0 0.0 35.0 0.0 557.0 5.0 1.0 0.5409582689335393
41 40 39 0.0 0.0 4.0 1.0 158.0 1.0 0.0 0.6475485661424606
41 40 40 0.0 0.0 0.0 1.0 92.0 1.0 0.0 0.6692160611854684
41 40 41 0.0 0.0 130.0 0.0 3309.0 18.0 89.0 0.2582549345139273
41 40 42 0.0 0.0 0.0 0.0 4.0 0.0 0.0 0.6986027944111775
41 41 39 0.0 0.0 14.0 1.0 386.0 1.0 1.0 0.5833333333333333
41 41 40 0.0 0.0 31.0 0.0 817.0 7.0 2.0 0.492784230904611
41 41 41 0.0 0.0 1.0 0.0 97.0 1.0 0.0 0.6679389312977099
41 41 42 0.0 0.0 0.0 0.0 7.0 0.0 0.0 0.6975585450921773
42 39 40 0.0 0.0 0.0 0.0 1.0 0.0 0.0 0.6996501749125437
42 39 41 0.0 0.0 0.0 0.0 5.0 0.0 0.0 0.6982543640897755
42 40 39 0.0 0.0 0.0 0.0 1.0 0.0 0.0 0.6996501749125437
42 40 40 0.0 0.0 1.0 0.0 28.0 1.0 0.0 0.690335305719921
42 40 41 0.0 0.0 0.0 0.0 6.0 0.0 0.0 0.6979062811565303
42 40 42 0.0 0.0 0.0 0.0 3.0 0.0 0.0 0.6989515726410384
42 41 40 0.0 0.0 0.0 0.0 2.0 0.0 0.0 0.6993006993006992
42 41 41 0.0 0.0 0.0 0.0 1.0 0.0 0.0 0.6996501749125437
42 41 42 0.0 0.0 0.0 0.0 4.0 0.0 0.0 0.6986027944111775
