34 39 38 0.0 0.0 0.0 0.0 5.0 0.0 0.0 0.6982543640897755
34 39 39 0.0 0.0 0.0 0.0 6.0 0.0 0.0 0.6979062811565303
34 39 40 0.0 0.0 0.0 0.0 2.0 0.0 0.0 0.6993006993006992
34 40 38 0.0 0.0 35.0 0.0 692.0 8.0 1.0 0.514895182052225
34 40 39 0.0 0.0 2.0 0.0 72.0 0.0 0.0 0.6750241080038573
34 40 40 0.0 0.0 0.0 0.0 11.0 0.0 0.0 0.6961710591745399
34 41 38 0.0 0.0 0.0 0.0 6.0 0.0 0.0 0.6979062811565303
34 41 39 0.0 0.0 0.0 0.0 13.0 0.0 0.0 0.695479384003974
34 41 40 0.0 0.0 0.0 0.0 5.0 0.0 0.0 0.6982543640897755
34 42 38 0.0 0.0 17.0 0.0 361.0 2.0 0.0 0.5892255892255891
34 42 39 0.0 0.0 33.0 0.0 406.0 10.0 1.0 0.5763688760806915
34 42 40 0.0 0.0 0.0 0.0 2.0 0.0 0.0 0.6993006993006992
35 36 38 0.0 0.0 0.0 0.0 2.0 0.0 0.0 0.6993006993006992
35 36 39 0.0 0.0 0.0 0.0 3.0 0.0 0.0 0.6989515726410384
35 36 40 0.0 0.0 0.0 0.0 1.0 0.0 0.0 0.6996501749125437
35 36 41 0.0 0.0 0.0 0.0 4.0 0.0 0.0 0.6986027944111775
35 37 38 0.0 0.0 0.0 0.0 1.0 0.0 0.0 0.6996501749125437
35 37 39 0.0 0.0 0.0 0.0 3.0 0.0 0.0 0.6989515726410384
35 37 40 0.0 0.0 0.0 0.0 4.0 0.0 0.0 0.6986027944111775
35 37 41 0.0 0.0 0.0 0.0 5.0 0.0 0.0 0.6982543640897755
35 37 42 0.0 0.0 0.0 0.0 7.0 0.0 0.0 0.6975585450921773
35 38 37 0.0 0.0 9.0 0.0 107.0 1.0 0.0 0.6619385342789597
35 38 38 0.0 0.0 0.0 0.0 15.0 0.0 0.0 0.6951340615690167
35 38 39 0.0 0.0 0.0 0.0 17.0 0.0 0.0 0.694100148735746
35 38 40 0.0 0.0 0.0 0.0 26.0 0.0 0.0 0.6910167818361302
35 38 41 0.0 0.0 1.0 0.0 19.0 1.0 0.0 0.6934125804853887
35 38 42 0.0 0.0 0.0 0.0 7.0 0.0 0.0 0.6975585450921773
35 38 43 0.0 0.0 0.0 0.0 8.0 0.0 0.0 0.697211155378486
35 39 37 0.0 0.0 2.0 0.0 38.0 0.0 0.0 0.6862745098039215
35 39 38 0.0 0.0 69.0 0.0 1440.0 12.0 5.0 0.40022870211549455
35 39 39 0.0 0.0 5.0 0.0 152.0 1.0 0.0 0.6490496059341677
35 39 40 0.0 0.0 13.0 0.0 259.0 3.0 0.0 0.6170118995152049
35 39 41 0.0 0.0 0.0 0.0 18.0 0.0 0.0 0.6937561942517343
35 39 42 0.0 0.0 2.0 0.0 46.0 2.0 0.0 0.6842619745845552
35 39 43 0.0 0.0 0.0 0.0 23.0 0.0 0.0 0.6920415224913494
35 39 44 0.0 0.0 1.0 0.0 14.0 0.0 0.0 0.694789081885856
35 40 37 0.0 0.0 1.0 0.0 51.0 0.0 0.0 0.6822612085769979
35 40 38 0.0 0.0 49.0 0.0 1311.0 9.0 14.0 0.417785735601313
35 40 39 0.0 0.0 256.0 0.0 5663.0 20.0 402.0 0.17717033662363957
35 40 40 0.0 0.0 10.0 0.0 179.0 1.0 0.0 0.639853747714808
35 40 41 0.0 0.0 3.0 0.0 96.0 0.0 0.0 0.6669842782277274
35 40 42 0.0 0.0 9.0 0.0 274.0 3.0 1.0 0.6140350877192982
35 40 43 0.0 0.0 0.0 0.0 21.0 0.0 0.0 0.6927263730826323
35 40 44 0.0 0.0 1.0 0.0 84.0 0.0 0.0 0.6714628297362109
35 41 37 0.0 0.0 0.0 0.0 5.0 0.0 0.0 0.6982543640897755
35 41 38 0.0 0.0 6.0 0.0 173.0 2.0 0.0 0.6430868167202571
35 41 39 0.0 0.0 222.0 0.0 4936.0 11.0 251.0 0.19574944071588363
35 41 40 0.0 0.0 4.0 0.0 98.0 1.0 1.0 0.6663493574488338
35 41 41 0.0 0.0 1.0 0.0 60.0 0.0 0.0 0.6792819019893255
35 41 42 0.0 0.0 0.0 0.0 52.0 0.0 0.0 0.6822612085769979
35 41 43 0.0 0.0 0.0 0.0 32.0 0.0 0.0 0.6889763779527558
35 41 44 0.0 0.0 10.0 0.0 149.0 1.0 0.0 0.6487488415199257
35 42 36 0.0 0.0 0.0 0.0 1.0 0.0 0.0 0.6996501749125437
35 42 38 0.0 0.0 0.0 0.0 17.0 0.0 0.0 0.694100148735746
35 42 39 0.0 0.0 11.0 0.0 207.0 4.0 0.0 0.632625395390872
35 42 40 0.0 0.0 19.0 0.0 342.0 5.0 1.0 0.5942275042444821
35 42 41 0.0 0.0 2.0 0.0 47.0 0.0 0.0 0.6832601268911663
35 42 42 0.0 0.0 0.0 0.0 27.0 0.0 0.0 0.6906758756783422
35 42 43 0.0 0.0 0.0 0.0 20.0 0.0 0.0 0.6934125804853887
35 43 39 0.0 0.0 0.0 0.0 1.0 0.0 0.0 0.6996501749125437
35 43 40 0.0 0.0 0.0 0.0 1.0 0.0 0.0 0.6996501749125437
35 43 41 0.0 0.0 1.0 0.0 14.0 0.0 0.0 0.694789081885856
35 43 42 0.0 0.0 28.0 0.0 567.0 7.0 2.0 0.5409582689335393
35 43 43 0.0 0.0 0.0 0.0 10.0 0.0 0.0 0.6965174129353233
36 35 38 0.0 0.0 0.0 0.0 7.0 0.0 0.0 0.6975585450921773
36 35 39 0.0 0.0 0.0 0.0 2.0 0.0 0.0 0.6993006993006992
36 35 42 0.0 0.0 0.0 0.0 1.0 0.0 0.0 0.6996501749125437
36 36 36 0.0 0.0 0.0 0.0 3.0 0.0 0.0 0.6989515726410384
36 36 37 0.0 0.0 24.0 0.0 421.0 5.0 1.0 0.5737704918032785
36 36 38 0.0 0.0 0.0 0.0 20.0 0.0 0.0 0.6930693069306929
36 36 39 0.0 0.0 0.0 0.0 16.0 0.0 0.0 0.6944444444444444
36 36 40 0.0 0.0 0.0 0.0 31.0 1.0 0.0 0.689655172413793
36 36 41 0.0 0.0 0.0 0.0 19.0 0.0 0.0 0.6937561942517343
36 36 42 0.0 0.0 0.0 0.0 8.0 0.0 0.0 0.697211155378486
36 36 43 0.0 0.0 0.0 0.0 3.0 0.0 0.0 0.6989515726410384
36 37 36 0.0 0.0 0.0 0.0 19.0 0.0 0.0 0.6934125804853887
36 37 37 0.0 0.0 4.0 0.0 69.0 2.0 0.0 0.6760019314340897
36 37 38 0.0 0.0 0.0 0.0 113.0 0.0 0.0 0.6628787878787878
36 37 39 0.0 0.0 100.0 0.0 2426.0 16.0 40.0 0.31035247173575703
36 37 40 0.0 0.0 96.0 0.0 2124.0 12.0 21.0 0.332699619771863
36 37 41 0.0 0.0 114.0 0.0 2533.0 15.0 49.0 0.3021800129505719
36 37 42 0.0 0.0 0.0 0.0 112.0 0.0 0.0 0.6628787878787878
36 37 43 0.0 0.0 0.0 0.0 6.0 0.0 0.0 0.6979062811565303
36 38 36 0.0 0.0 3.0 0.0 21.0 1.0 0.0 0.6920415224913494
36 38 37 0.0 0.0 0.0 0.0 41.0 0.0 0.0 0.6859382655560998
36 38 38 0.0 0.0 48.0 0.0 1112.0 9.0 9.0 0.44430339574738165
36 38 39 0.0 0.0 95.0 0.0 2448.0 11.0 35.0 0.30884623869402156
36 38 40 0.0 0.0 185.0 0.0 4069.0 11.0 146.0 0.22403584573531762
36 38 41 0.0 0.0 48.0 0.0 1301.0 7.0 9.0 0.4191616766467065
36 38 42 0.0 0.0 21.0 0.0 577.0 5.0 4.0 0.5401234567901234
36 38 43 0.0 0.0 1.0 0.0 60.0 0.0 0.0 0.6792819019893255
36 38 44 0.0 0.0 0.0 0.0 23.0 0.0 0.0 0.6920415224913494
36 39 36 0.0 0.0 0.0 0.0 13.0 0.0 0.0 0.695479384003974
36 39 37 0.0 0.0 17.0 0.0 607.0 7.0 1.0 0.5349636988918608
36 39 38 0.0 0.0 266.0 0.0 6040.0 21.0 470.0 0.16885779761186828
36 39 39 0.0 0.0 268.0 0.0 5615.0 20.0 394.0 0.1780264496439471
36 39 40 0.0 0.0 150.0 0.0 3937.0 13.0 154.0 0.23049061573921628
36 39 41 0.0 0.0 22.0 0.0 564.0 9.0 1.0 0.5432673651532789
36 39 42 0.0 0.0 355.0 0.0 7067.0 32.0 670.0 0.14896786550329857
36 39 43 0.0 0.0 9.0 0.0 210.0 3.0 1.0 0.6317689530685919
36 39 44 0.0 0.0 2.0 0.0 33.0 1.0 0.0 0.6882989183874139
36 40 36 0.0 0.0 0.0 0.0 1.0 0.0 0.0 0.6996501749125437
36 40 37 0.0 0.0 6.0 0.0 158.0 3.0 0.0 0.6478482184173993
36 40 38 0.0 0.0 168.0 0.0 4381.0 16.0 194.0 0.21436227224008572
36 40 39 0.0 0.0 434.0 0.0 9121.0 18.0 1865.0 0.12125411397886712
36 40 40 0.0 0.0 251.0 0.0 5297.0 20.0 255.0 0.185898287080069
36 40 41 0.0 0.0 100.0 0.0 2564.0 14.0 39.0 0.30101053536873784
36 40 42 0.0 0.0 16.0 0.0 790.0 8.0 6.0 0.5007153075822602
36 40 43 0.0 0.0 155.0 0.0 3808.0 20.0 124.0 0.2355712603062426
36 40 44 0.0 0.0 1.0 0.0 37.0 2.0 0.0 0.6876227897838899
36 40 45 0.0 0.0 0.0 0.0 1.0 0.0 0.0 0.6996501749125437
36 41 37 0.0 0.0 7.0 0.0 422.0 2.0 1.0 0.5768438401318499
36 41 38 0.0 0.0 209.0 0.0 4504.0 23.0 195.0 0.20920502092050206
36 41 39 0.0 0.0 288.0 0.0 7006.0 20.0 791.0 0.15089458935115327
36 41 40 0.0 0.0 139.0 0.0 3425.0 15.0 90.0 0.25234318673395817
36 41 41 0.0 0.0 423.0 0.0 8394.0 19.0 1168.0 0.12964163348458188
36 41 42 0.0 0.0 382.0 0.0 8097.0 20.0 951.0 0.13377926421404682
36 41 43 0.0 0.0 71.0 0.0 1865.0 15.0 17.0 0.3570517725070135
36 41 44 0.0 0.0 1.0 0.0 29.0 2.0 0.0 0.690335305719921
36 42 37 0.0 0.0 0.0 0.0 51.0 1.0 0.0 0.6829268292682925
36 42 38 0.0 0.0 1.0 0.0 151.0 0.0 0.0 0.6505576208178437
36 42 39 0.0 0.0 67.0 0.0 1730.0 16.0 14.0 0.3704683778777454
36 42 40 0.0 0.0 87.0 0.0 2241.0 15.0 34.0 0.32460004637143514
36 42 41 0.0 0.0 132.0 0.0 2718.0 13.0 55.0 0.28943560057887113
36 42 42 0.0 0.0 343.0 0.0 6675.0 29.0 525.0 0.15562472209871053
36 42 43 0.0 0.0 58.0 0.0 1262.0 12.0 12.0 0.4229607250755286
36 42 44 0.0 0.0 2.0 0.0 83.0 0.0 0.0 0.6714628297362109
36 43 37 0.0 0.0 0.0 0.0 13.0 0.0 0.0 0.695479384003974
36 43 38 0.0 0.0 0.0 0.0 44.0 0.0 0.0 0.684931506849315
36 43 39 0.0 0.0 32.0 0.0 894.0 9.0 8.0 0.4799451491258141
36 43 40 0.0 0.0 42.0 0.0 1032.0 14.0 9.0 0.4575163398692809
36 43 41 0.0 0.0 4.0 0.0 263.0 1.0 0.0 0.6178287731685789
36 43 42 0.0 0.0 5.0 0.0 125.0 1.0 1.0 0.6575857209957726
36 43 43 0.0 0.0 4.0 0.0 62.0 1.0 0.0 0.6779661016949151
36 43 44 0.0 0.0 3.0 0.0 79.0 0.0 0.0 0.6724303554274734
36 44 37 0.0 0.0 0.0 0.0 1.0 0.0 0.0 0.6996501749125437
36 44 38 0.0 0.0 3.0 0.0 22.0 0.0 0.0 0.6916996047430829
36 44 39 0.0 0.0 0.0 0.0 9.0 0.0 0.0 0.6968641114982577
36 44 40 0.0 0.0 0.0 0.0 15.0 0.0 0.0 0.694789081885856
36 44 41 0.0 0.0 6.0 0.0 246.0 0.0 0.0 0.6216696269982237
36 44 42 0.0 0.0 0.0 0.0 12.0 0.0 0.0 0.6958250497017892
36 45 38 0.0 0.0 0.0 0.0 1.0 0.0 0.0 0.6996501749125437
36 45 39 0.0 0.0 1.0 0.0 12.0 0.0 0.0 0.695479384003974
36 45 40 0.0 0.0 0.0 0.0 2.0 0.0 0.0 0.6993006993006992
37 35 38 0.0 0.0 0.0 0.0 4.0 0.0 0.0 0.6986027944111775
37 35 39 0.0 0.0 0.0 0.0 6.0 0.0 0.0 0.6979062811565303
37 35 40 0.0 0.0 0.0 0.0 5.0 0.0 0.0 0.6982543640897755
37 36 36 0.0 0.0 0.0 0.0 11.0 0.0 0.0 0.6961710591745399
37 36 37 0.0 0.0 0.0 0.0 19.0 0.0 0.0 0.6934125804853887
37 36 38 0.0 0.0 6.0 0.0 107.0 0.0 0.0 0.6625650733554187
37 36 39 0.0 0.0 169.0 0.0 4012.0 17.0 131.0 0.22705157314304245
37 36 40 0.0 0.0 28.0 0.0 528.0 4.0 0.0 0.5488043904351234
37 36 41 0.0 0.0 27.0 0.0 906.0 8.0 3.0 0.478468899521531
37 36 42 0.0 0.0 0.0 0.0 26.0 0.0 0.0 0.6910167818361302
37 36 43 0.0 0.0 0.0 0.0 9.0 0.0 0.0 0.6968641114982577
37 37 36 0.0 0.0 0.0 0.0 21.0 0.0 0.0 0.6927263730826323
37 37 37 0.0 0.0 247.0 0.0 5543.0 16.0 337.0 0.18001800180018
37 37 38 0.0 0.0 244.0 0.0 5233.0 22.0 278.0 0.18771788683293106
37 37 39 0.0 0.0 102.0 0.0 2481.0 15.0 37.0 0.30647985989492116
37 37 40 0.0 0.0 443.0 0.0 8917.0 20.0 1558.0 0.12336975678533661
37 37 41 0.0 0.0 96.0 0.0 2714.0 12.0 49.0 0.29166666666666663
37 37 42 0.0 0.0 258.0 0.0 5874.0 23.0 399.0 0.17258382642998024
37 37 43 0.0 0.0 1.0 0.0 111.0 0.0 0.0 0.6628787878787878
37 37 44 0.0 0.0 0.0 0.0 3.0 0.0 0.0 0.6989515726410384
37 38 36 0.0 0.0 0.0 0.0 23.0 0.0 0.0 0.6920415224913494
37 38 37 0.0 0.0 87.0 0.0 2109.0 12.0 27.0 0.3345280764635603
37 38 38 0.0 0.0 281.0 0.0 6688.0 22.0 608.0 0.15647703140717556
37 38 39 0.0 0.0 767.0 0.0 11924.0 26.0 6160.0 0.09530941520865953
37 38 40 0.0 0.0 673.0 0.0 11405.0 28.0 3898.0 0.09955909543450432
37 38 41 0.0 0.0 914.0 0.0 12694.0 35.0 7880.0 0.08974358974358973
37 38 42 0.0 0.0 231.0 0.0 5477.0 17.0 398.0 0.18193632228719944
37 38 43 0.0 0.0 8.0 0.0 257.0 3.0 0.0 0.6191950464396283
37 38 44 0.0 0.0 1.0 0.0 37.0 0.0 0.0 0.6869479882237487
37 38 45 0.0 0.0 0.0 0.0 1.0 0.0 0.0 0.6996501749125437
37 39 36 0.0 0.0 14.0 0.0 322.0 3.0 0.0 0.6003430531732418
37 39 37 0.0 0.0 136.0 0.0 3336.0 20.0 75.0 0.2566452795600366
37 39 38 0.0 0.0 299.0 0.0 6820.0 26.0 705.0 0.1538968890843135
37 39 39 0.0 0.0 479.0 0.0 9714.0 18.0 2342.0 0.11487650775416428
37 39 40 0.0 0.0 551.0 0.0 10328.0 25.0 2669.0 0.10886469673405909
37 39 41 0.0 0.0 379.0 0.0 7775.0 32.0 825.0 0.13817607579944727
37 39 42 0.0 0.0 244.0 0.0 5907.0 14.0 417.0 0.17196904557179704
37 39 43 0.0 0.0 451.0 0.0 8304.0 37.0 1167.0 0.13047530288909598
37 39 44 0.0 0.0 3.0 0.0 113.0 1.0 0.0 0.662251655629139
37 39 45 0.0 0.0 0.0 0.0 4.0 0.0 0.0 0.6986027944111775
37 40 36 0.0 0.0 2.0 0.0 63.0 0.0 0.0 0.6779661016949151
37 40 37 0.0 0.0 42.0 0.0 1023.0 4.0 4.0 0.4573668735707284
37 40 38 0.0 0.0 375.0 0.0 7940.0 24.0 1065.0 0.13598834385624087
37 40 39 0.0 0.0 1044.0 0.0 13108.0 30.0 10358.0 0.08668193919881122
37 40 40 0.0 0.0 618.0 0.0 11163.0 19.0 3895.0 0.10155966630395356
37 40 41 0.0 0.0 569.0 0.0 10357.0 22.0 2987.0 0.10836752070593697
37 40 42 0.0 0.0 473.0 0.0 9505.0 21.0 2069.0 0.11700793982448807
37 40 43 0.0 0.0 228.0 0.0 5769.0 23.0 431.0 0.1754825770869892
37 40 44 0.0 0.0 166.0 0.0 3347.0 22.0 76.0 0.25500910746812383
37 40 45 0.0 0.0 0.0 0.0 3.0 0.0 0.0 0.6989515726410384
37 41 36 0.0 0.0 0.0 0.0 12.0 0.0 0.0 0.6958250497017892
37 41 37 0.0 0.0 35.0 0.0 854.0 9.0 3.0 0.4864489228630993
37 41 38 0.0 0.0 482.0 0.0 9368.0 27.0 1863.0 0.11827321111768184
37 41 39 0.0 0.0 673.0 0.0 11489.0 18.0 4112.0 0.09887005649717513
37 41 40 0.0 0.0 631.0 0.0 11152.0 23.0 3685.0 0.10165553296543711
37 41 41 0.0 0.0 726.0 1.0 12119.0 28.0 5143.0 0.09439050701186621
37 41 42 0.0 0.0 991.0 0.0 12885.0 33.0 9838.0 0.0881778673552938
37 41 43 0.0 0.0 150.0 0.0 3273.0 20.0 65.0 0.2591153063113085
37 41 44 0.0 0.0 0.0 0.0 58.0 0.0 0.0 0.6802721088435373
37 41 45 0.0 0.0 0.0 0.0 1.0 0.0 0.0 0.6996501749125437
37 42 35 0.0 0.0 0.0 0.0 1.0 0.0 0.0 0.6996501749125437
37 42 36 0.0 0.0 0.0 0.0 2.0 0.0 0.0 0.6993006993006992
37 42 37 0.0 0.0 30.0 0.0 693.0 12.0 2.0 0.5164146071560309
37 42 38 0.0 0.0 372.0 0.0 7730.0 31.0 991.0 0.1389578163771712
37 42 39 0.0 0.0 400.0 0.0 8164.0 28.0 1192.0 0.13278952859717347
37 42 40 0.0 0.0 523.0 0.0 10316.0 19.0 2885.0 0.10905974916257691
37 42 41 0.0 0.0 268.0 0.0 6288.0 25.0 558.0 0.16401124648547324
37 42 42 0.0 0.0 340.0 0.0 7690.0 25.0 1000.0 0.13984616921386472
37 42 43 0.0 0.0 412.0 0.0 8574.0 21.0 1427.0 0.1276324186343331
37 42 44 0.0 0.0 51.0 0.0 1230.0 8.0 9.0 0.427742132600061
37 42 45 0.0 0.0 0.0 0.0 4.0 0.0 0.0 0.6986027944111775
37 43 36 0.0 0.0 0.0 0.0 1.0 0.0 0.0 0.6996501749125437
37 43 37 0.0 0.0 0.0 0.0 24.0 0.0 0.0 0.6916996047430829
37 43 38 0.0 0.0 118.0 0.0 2775.0 17.0 48.0 0.28712059064807216
37 43 39 0.0 0.0 227.0 0.0 4461.0 23.0 182.0 0.20989505247376308
37 43 40 0.0 0.0 149.0 0.0 3251.0 14.0 78.0 0.25998142989786444
37 43 41 0.0 0.0 419.0 0.0 8900.0 27.0 1495.0 0.12390477033365782
37 43 42 0.0 0.0 47.0 0.0 1334.0 7.0 12.0 0.4149377593360995
37 43 43 0.0 0.0 79.0 0.0 1670.0 14.0 11.0 0.37493304767005886
37 43 44 0.0 0.0 0.0 0.0 27.0 0.0 0.0 0.6906758756783422
37 43 45 0.0 0.0 0.0 0.0 1.0 0.0 0.0 0.6996501749125437
37 44 37 0.0 0.0 0.0 0.0 2.0 0.0 0.0 0.6993006993006992
37 44 38 0.0 0.0 0.0 0.0 40.0 0.0 0.0 0.6862745098039215
37 44 39 0.0 0.0 158.0 0.0 3553.0 18.0 90.0 0.24591603723871416
37 44 40 0.0 0.0 2.0 0.0 99.0 1.0 0.0 0.6666666666666665
37 44 41 0.0 0.0 3.0 0.0 94.0 1.0 0.0 0.6679389312977099
37 44 42 0.0 0.0 0.0 0.0 27.0 0.0 0.0 0.6906758756783422
37 44 43 0.0 0.0 0.0 0.0 5.0 0.0 0.0 0.6982543640897755
37 44 44 0.0 0.0 0.0 0.0 1.0 0.0 0.0 0.6996501749125437
37 45 38 0.0 0.0 0.0 0.0 2.0 0.0 0.0 0.6993006993006992
37 45 39 0.0 0.0 0.0 0.0 5.0 0.0 0.0 0.6982543640897755
37 45 40 0.0 0.0 0.0 0.0 4.0 0.0 0.0 0.6986027944111775
37 45 41 0.0 0.0 0.0 0.0 5.0 0.0 0.0 0.6982543640897755
38 35 39 0.0 0.0 1.0 0.0 38.0 0.0 0.0 0.6866110838646394
38 35 40 0.0 0.0 1.0 0.0 26.0 0.0 0.0 0.6906758756783422
38 35 41 0.0 0.0 0.0 0.0 8.0 0.0 0.0 0.697211155378486
38 36 35 0.0 0.0 0.0 0.0 2.0 0.0 0.0 0.6993006993006992
38 36 36 0.0 0.0 0.0 0.0 26.0 0.0 0.0 0.6910167818361302
38 36 37 0.0 0.0 20.0 0.0 430.0 6.0 0.0 0.5728314238952537
38 36 38 0.0 0.0 2.0 0.0 171.0 2.0 0.0 0.6451612903225805
38 36 39 0.0 0.0 14.0 0.0 532.0 7.0 0.0 0.5516154452324664
38 36 40 0.0 0.0 86.0 0.0 1983.0 14.0 25.0 0.345252774352651
38 36 41 0.0 0.0 73.0 0.0 1684.0 11.0 12.0 0.37363223912463295
38 36 42 0.0 0.0 1.0 0.0 72.0 1.0 0.0 0.6756756756756755
38 36 43 0.0 0.0 0.0 0.0 9.0 0.0 0.0 0.6968641114982577
38 36 44 0.0 0.0 0.0 0.0 6.0 0.0 0.0 0.6979062811565303
38 37 34 0.0 0.0 0.0 0.0 1.0 0.0 0.0 0.6996501749125437
38 37 35 0.0 0.0 0.0 0.0 7.0 0.0 0.0 0.6975585450921773
38 37 36 0.0 0.0 3.0 0.0 110.0 0.0 0.0 0.6628787878787878
38 37 37 0.0 0.0 112.0 0.0 2978.0 15.0 65.0 0.2758077226162332
38 37 38 0.0 0.0 213.0 0.0 5200.0 21.0 294.0 0.18936832138509396
38 37 39 0.0 0.0 570.0 0.0 10194.0 30.0 2667.0 0.109838380668445
38 37 40 0.0 0.0 313.0 0.0 6733.0 17.0 630.0 0.15495296070835637
38 37 41 0.0 0.0 332.0 0.0 7061.0 38.0 750.0 0.1495886312640239
38 37 42 0.0 0.0 141.0 0.0 3353.0 19.0 74.0 0.25570776255707756
38 37 43 0.0 0.0 60.0 0.0 1402.0 12.0 9.0 0.4056795131845841
38 37 44 0.0 0.0 9.0 0.0 142.0 5.0 0.0 0.6523765144454798
38 38 35 0.0 0.0 0.0 0.0 13.0 0.0 0.0 0.695479384003974
38 38 36 0.0 0.0 23.0 0.0 603.0 2.0 1.0 0.5335365853658536
38 38 37 0.0 0.0 198.0 0.0 4061.0 17.0 134.0 0.2242511613006567
38 38 38 0.0 0.0 910.0 0.0 12709.0 25.0 8717.0 0.08964015879113842
38 38 39 0.0 0.0 840.0 0.0 12615.0 39.0 6567.0 0.09069707178025394
38 38 40 0.0 0.0 599.0 0.0 10978.0 27.0 3221.0 0.10329054153755349
38 38 41 0.0 0.0 947.0 0.0 12905.0 23.0 8873.0 0.08828351620633118
38 38 42 0.0 0.0 571.0 0.0 10549.0 25.0 2837.0 0.10680500457735734
38 38 43 0.0 0.0 230.0 0.0 5403.0 17.0 321.0 0.18375114844467774
38 38 44 0.0 0.0 7.0 0.0 143.0 1.0 0.0 0.6517690875232773
38 38 45 0.0 0.0 0.0 0.0 3.0 0.0 0.0 0.6989515726410384
38 39 35 0.0 0.0 3.0 0.0 66.0 0.0 0.0 0.6766553890768486
38 39 36 0.0 0.0 45.0 0.0 968.0 10.0 3.0 0.4662004662004661
38 39 37 0.0 0.0 417.0 0.0 8618.0 23.0 1344.0 0.12707633657075426
38 39 38 0.0 0.0 676.0 0.0 11072.0 19.0 3156.0 0.1018848700967906
38 39 39 0.0 0.0 1465.0 1.0 12661.0 36.0 22730.0 0.08670878236095626
38 39 40 0.0 0.0 1670.0 0.0 12782.0 45.0 25903.0 0.08509086488786238
38 39 41 0.0 0.0 763.0 0.0 12191.0 32.0 6215.0 0.09375209268064018
38 39 42 0.0 0.0 549.0 0.0 9998.0 22.0 2158.0 0.11166055192215663
38 39 43 0.0 0.0 186.0 0.0 4512.0 20.0 172.0 0.20964360587002093
38 39 44 0.0 0.0 138.0 0.0 2948.0 13.0 50.0 0.2758620689655172
38 39 45 0.0 0.0 0.0 0.0 9.0 0.0 0.0 0.6968641114982577
38 40 35 0.0 0.0 27.0 0.0 366.0 8.0 0.0 0.5870020964360586
38 40 36 0.0 0.0 39.0 0.0 1005.0 6.0 4.0 0.46098123147843256
38 40 37 0.0 0.0 173.0 0.0 4918.0 14.0 289.0 0.19776804633422798
38 40 38 0.0 0.0 739.0 0.0 11851.0 30.0 4371.0 0.0960482985729967
38 40 39 0.0 0.0 1419.0 3.0 13318.0 41.0 18091.0 0.08363701535336639
38 40 40 0.0 1.0 1280.0 0.0 13127.0 38.0 17447.0 0.0853346336706083
38 40 41 0.0 0.0 1345.0 2.0 13316.0 33.0 16709.0 0.084008400840084
38 40 42 0.0 0.0 900.0 0.0 12885.0 37.0 6817.0 0.08870865543023697
38 40 43 0.0 0.0 326.0 0.0 6972.0 18.0 670.0 0.15071590052750564
38 40 44 0.0 0.0 8.0 0.0 269.0 0.0 1.0 0.615655233069481
38 40 45 0.0 0.0 0.0 0.0 14.0 0.0 0.0 0.6951340615690167
38 41 35 0.0 0.0 2.0 0.0 39.0 0.0 0.0 0.6859382655560998
38 41 36 0.0 0.0 15.0 0.0 474.0 3.0 0.0 0.5631536604987931
38 41 37 0.0 0.0 191.0 0.0 5019.0 9.0 308.0 0.1943364797334814
38 41 38 0.0 0.0 423.0 6.0 8551.0 24.0 1305.0 0.12776054024457015
38 41 39 0.0 0.0 1148.0 0.0 13174.0 35.0 13399.0 0.0857948277975242
38 41 40 0.0 0.0 1637.0 0.0 12529.0 51.0 26299.0 0.08662830270404058
38 41 41 0.0 0.0 1153.0 2.0 13429.0 33.0 11586.0 0.08442380751371885
38 41 42 0.0 0.0 793.0 0.0 12322.0 24.0 5552.0 0.09256198347107437
38 41 43 0.0 0.0 246.0 0.0 6120.0 21.0 531.0 0.1676847526649898
38 41 44 0.0 0.0 66.0 0.0 1578.0 11.0 16.0 0.38546255506607924
38 41 45 0.0 0.0 1.0 0.0 11.0 0.0 0.0 0.6958250497017892
38 42 35 0.0 0.0 0.0 0.0 2.0 0.0 0.0 0.6993006993006992
38 42 36 0.0 0.0 12.0 0.0 309.0 3.0 0.0 0.6042296072507551
38 42 37 0.0 0.0 27.0 0.0 616.0 7.0 2.0 0.5313092979127134
38 42 38 0.0 0.0 278.0 3.0 6682.0 16.0 674.0 0.15640710535135738
38 42 39 0.0 0.0 943.0 0.0 12906.0 45.0 8561.0 0.08843408502305602
38 42 40 0.0 0.0 1109.0 3.0 13045.0 36.0 12399.0 0.08671415298854133
38 42 41 0.0 0.0 954.0 2.0 12841.0 24.0 8310.0 0.08864125617323033
38 42 42 0.0 0.0 315.0 1.0 6566.0 22.0 523.0 0.15799571154497233
38 42 43 0.0 0.0 263.0 0.0 5470.0 19.0 331.0 0.1814411612234318
38 42 44 0.0 0.0 57.0 0.0 1567.0 7.0 12.0 0.3870611003594138
38 42 45 0.0 0.0 1.0 0.0 45.0 1.0 0.0 0.6845965770171147
38 43 36 0.0 0.0 0.0 0.0 40.0 0.0 0.0 0.6862745098039215
38 43 37 0.0 0.0 11.0 0.0 260.0 5.0 1.0 0.6178287731685789
38 43 38 0.0 0.0 62.0 0.0 1570.0 15.0 10.0 0.38695411829740184
38 43 39 0.0 0.0 602.0 1.0 10656.0 18.0 3529.0 0.10558865676144503
38 43 40 0.0 0.0 367.0 1.0 8153.0 20.0 1220.0 0.1332952489764829
38 43 41 0.0 0.0 207.0 0.0 4854.0 13.0 240.0 0.19866609904924076
38 43 42 0.0 0.0 150.0 0.0 3460.0 14.0 86.0 0.25013400035733424
38 43 43 0.0 0.0 28.0 0.0 665.0 10.0 5.0 0.5218039508013418
38 43 44 0.0 0.0 138.0 0.0 3126.0 18.0 70.0 0.26686999618757146
38 43 45 0.0 0.0 0.0 0.0 7.0 0.0 0.0 0.6975585450921773
38 44 36 0.0 0.0 0.0 0.0 8.0 0.0 0.0 0.697211155378486
38 44 37 0.0 0.0 2.0 0.0 39.0 1.0 0.0 0.6866110838646394
38 44 38 0.0 0.0 4.0 0.0 110.0 1.0 0.0 0.6625650733554187
38 44 39 0.0 0.0 5.0 0.0 248.0 1.0 0.0 0.6219458018658373
38 44 40 0.0 0.0 180.0 0.0 3630.0 22.0 92.0 0.24187975120939875
38 44 41 0.0 0.0 2.0 0.0 82.0 0.0 0.0 0.6724303554274734
38 44 42 0.0 0.0 21.0 0.0 441.0 5.0 0.0 0.5698005698005697
38 44 43 0.0 0.0 0.0 0.0 7.0 0.0 0.0 0.6975585450921773
38 44 44 0.0 0.0 0.0 0.0 6.0 0.0 0.0 0.6979062811565303
38 45 37 0.0 0.0 0.0 0.0 1.0 0.0 0.0 0.6996501749125437
38 45 39 0.0 0.0 0.0 0.0 7.0 0.0 0.0 0.6975585450921773
38 45 40 0.0 0.0 0.0 0.0 3.0 0.0 0.0 0.6989515726410384
38 45 42 0.0 0.0 0.0 0.0 1.0 0.0 0.0 0.6996501749125437
39 35 36 0.0 0.0 0.0 0.0 3.0 0.0 0.0 0.6989515726410384
39 35 37 0.0 0.0 0.0 0.0 1.0 0.0 0.0 0.6996501749125437
39 35 38 0.0 0.0 0.0 0.0 8.0 0.0 0.0 0.697211155378486
39 35 39 0.0 0.0 3.0 0.0 64.0 0.0 0.0 0.6773101112723753
39 35 40 0.0 0.0 0.0 0.0 20.0 0.0 0.0 0.6930693069306929
39 35 41 0.0 0.0 5.0 0.0 59.0 2.0 0.0 0.6789524733268669
39 36 35 0.0 0.0 0.0 0.0 16.0 0.0 0.0 0.6944444444444444
39 36 36 0.0 0.0 20.0 0.0 302.0 5.0 0.0 0.6042296072507551
39 36 37 0.0 0.0 6.0 0.0 168.0 4.0 0.0 0.6451612903225805
39 36 38 0.0 0.0 61.0 0.0 1212.0 15.0 4.0 0.4297114794352363
39 36 39 0.0 0.0 49.0 0.0 1580.0 8.0 20.0 0.38674033149171266
39 36 40 0.0 0.0 292.0 0.0 6419.0 24.0 576.0 0.16108618110689218
39 36 41 0.0 0.0 46.0 0.0 1478.0 12.0 12.0 0.398633257403189
39 36 42 0.0 0.0 22.0 0.0 798.0 8.0 5.0 0.4978662873399715
39 36 43 0.0 0.0 0.0 0.0 18.0 0.0 0.0 0.6937561942517343
39 36 44 0.0 0.0 0.0 0.0 18.0 0.0 0.0 0.6937561942517343
39 37 35 0.0 0.0 2.0 0.0 31.0 0.0 0.0 0.6886374815543531
39 37 36 0.0 0.0 149.0 0.0 3238.0 15.0 85.0 0.26051358392259016
39 37 37 0.0 0.0 305.0 0.0 7238.0 23.0 805.0 0.1469507714915503
39 37 38 0.0 0.0 386.0 0.0 8303.0 20.0 1207.0 0.13115982761851225
39 37 39 0.0 0.0 391.0 0.0 8453.0 23.0 1344.0 0.1293183077775725
39 37 40 0.0 0.0 802.0 0.0 12295.0 31.0 5883.0 0.0928012727031685
39 37 41 0.0 0.0 733.0 0.0 11634.0 23.0 4678.0 0.09750661652040674
39 37 42 0.0 0.0 179.0 0.0 4047.0 15.0 125.0 0.22540653678956687
39 37 43 0.0 0.0 242.0 0.0 5194.0 19.0 307.0 0.18870467718021294
39 37 44 0.0 0.0 2.0 0.0 32.0 0.0 0.0 0.6882989183874139
39 37 45 0.0 0.0 0.0 0.0 2.0 0.0 0.0 0.6993006993006992
39 38 35 0.0 0.0 42.0 0.0 921.0 5.0 5.0 0.4732927653820148
39 38 36 0.0 0.0 219.0 0.0 5039.0 16.0 276.0 0.19323671497584535
39 38 37 0.0 0.0 533.0 0.0 10435.0 21.0 3337.0 0.10796637618570216
39 38 38 0.0 0.0 792.0 0.0 12325.0 35.0 6167.0 0.09271523178807946
39 38 39 0.0 0.0 864.0 0.0 12635.0 35.0 7304.0 0.09039839865693806
39 38 40 0.0 0.0 1483.0 0.0 13298.0 47.0 19373.0 0.0834824090638044
39 38 41 0.0 0.0 647.0 0.0 11164.0 27.0 3852.0 0.10144192449822474
39 38 42 0.0 0.0 769.0 0.0 12058.0 23.0 5397.0 0.09447331128956069
39 38 43 0.0 0.0 216.0 0.0 4903.0 27.0 230.0 0.19734987313222438
39 38 44 0.0 0.0 138.0 0.0 3376.0 9.0 107.0 0.2541757443718228
39 38 45 0.0 0.0 0.0 0.0 5.0 0.0 0.0 0.6982543640897755
39 39 35 0.0 0.0 29.0 0.0 774.0 4.0 2.0 0.5001786352268667
39 39 36 0.0 0.0 366.0 0.0 7708.0 21.0 1004.0 0.139178844815588
39 39 37 0.0 0.0 527.0 0.0 10078.0 18.0 2679.0 0.1111463956811686
39 39 38 0.0 0.0 1195.0 0.0 13564.0 40.0 13205.0 0.08357709987463434
39 39 39 2.0 1.0 1779.0 14.0 12576.0 42.0 29147.0 0.08549096238397655
39 39 40 0.0 4.0 1943.0 23.0 13075.0 59.0 28177.0 0.08220786846741045
39 39 41 0.0 4.0 2037.0 21.0 12132.0 46.0 34610.0 0.08646779074794639
39 39 42 0.0 0.0 822.0 4.0 12315.0 26.0 5463.0 0.09253139458030402
39 39 43 0.0 0.0 302.0 0.0 6719.0 21.0 614.0 0.15545192094159446
39 39 44 0.0 0.0 49.0 0.0 1162.0 8.0 7.0 0.43709022791133306
39 39 45 0.0 0.0 0.0 0.0 8.0 0.0 0.0 0.697211155378486
39 40 34 0.0 0.0 0.0 0.0 1.0 0.0 0.0 0.6996501749125437
39 40 35 0.0 0.0 4.0 0.0 114.0 3.0 0.0 0.6619385342789597
39 40 36 0.0 0.0 295.0 0.0 6426.0 21.0 495.0 0.1607532437708118
39 40 37 0.0 0.0 767.0 0.0 11970.0 29.0 4953.0 0.09508285791904374
39 40 38 0.0 1.0 1237.0 5.0 13312.0 36.0 14005.0 0.0846228239845261
39 40 39 0.0 0.0 1959.0 5.0 12885.0 43.0 30349.0 0.0830564784053156
39 40 40 0.0 7.0 2632.0 35.0 10207.0 63.0 55198.0 0.09404809888485825
39 40 41 0.0 6.0 1657.0 74.0 13567.0 33.0 21517.0 0.0809108247124776
39 40 42 0.0 5.0 631.0 84.0 11363.0 21.0 4050.0 0.09945300845350571
39 40 43 0.0 0.0 619.0 0.0 11101.0 19.0 3785.0 0.1020780167699599
39 40 44 0.0 0.0 249.0 0.0 5799.0 13.0 428.0 0.1741726797710873
39 40 45 0.0 0.0 0.0 0.0 15.0 0.0 0.0 0.694789081885856
39 41 35 0.0 0.0 3.0 0.0 83.0 0.0 0.0 0.6711409395973154
39 41 36 0.0 0.0 128.0 0.0 3197.0 10.0 85.0 0.26345502446368074
39 41 37 0.0 0.0 386.0 0.0 8819.0 17.0 1528.0 0.125011161710867
39 41 38 0.0 0.0 434.0 0.0 8931.0 22.0 1618.0 0.12338062924120911
39 41 39 0.0 0.0 1457.0 23.0 13566.0 37.0 18295.0 0.08210662131253298
39 41 40 1.0 4.0 2082.0 42.0 11845.0 38.0 35626.0 0.08749999999999998
39 41 41 0.0 1.0 1536.0 57.0 13530.0 42.0 19696.0 0.08177092459552596
39 41 42 0.0 3.0 935.0 44.0 12597.0 36.0 9762.0 0.0899396119748169
39 41 43 0.0 0.0 821.0 1.0 12241.0 39.0 5806.0 0.09309748636786806
39 41 44 0.0 0.0 54.0 0.0 1354.0 14.0 7.0 0.412492634060106
39 41 45 0.0 0.0 0.0 0.0 12.0 0.0 0.0 0.6958250497017892
39 42 35 0.0 0.0 1.0 0.0 5.0 0.0 0.0 0.6982543640897755
39 42 36 0.0 0.0 10.0 0.0 301.0 5.0 0.0 0.6071118820468342
39 42 37 0.0 0.0 573.0 0.0 10385.0 18.0 2955.0 0.10809141445336627
39 42 38 0.0 0.0 355.0 0.0 7912.0 23.0 1106.0 0.13655872024970733
39 42 39 0.0 5.0 529.0 51.0 9759.0 28.0 2034.0 0.11359948068808828
39 42 40 0.0 2.0 1005.0 53.0 12963.0 33.0 8851.0 0.08738530678484488
39 42 41 0.0 9.0 1134.0 76.0 13025.0 33.0 12591.0 0.08618036318867342
39 42 42 0.0 0.0 360.0 25.0 8323.0 17.0 1278.0 0.1309022907900888
39 42 43 0.0 0.0 528.0 1.0 10096.0 25.0 2629.0 0.11097019657577678
39 42 44 0.0 0.0 167.0 0.0 4292.0 15.0 199.0 0.2172563625077591
39 42 45 0.0 0.0 0.0 0.0 13.0 0.0 0.0 0.695479384003974
39 43 36 0.0 0.0 0.0 0.0 60.0 0.0 0.0 0.6796116504854368
39 43 37 0.0 0.0 344.0 0.0 6975.0 27.0 662.0 0.15053763440860216
39 43 38 0.0 0.0 243.0 0.0 5284.0 17.0 272.0 0.18639328984156567
39 43 39 0.0 0.0 447.0 0.0 9367.0 19.0 1883.0 0.11857372744981788
39 43 40 0.0 0.0 211.0 0.0 5301.0 17.0 354.0 0.18679119412941958
39 43 41 0.0 0.0 358.0 0.0 8155.0 21.0 1282.0 0.13334603295551956
39 43 42 0.0 0.0 206.0 1.0 4451.0 19.0 168.0 0.2108116247553079
39 43 43 0.0 0.0 95.0 0.0 2226.0 16.0 20.0 0.3252032520325203
39 43 44 0.0 0.0 2.0 0.0 89.0 1.0 0.0 0.6698564593301434
39 43 45 0.0 0.0 0.0 0.0 6.0 0.0 0.0 0.6979062811565303
39 44 36 0.0 0.0 0.0 0.0 11.0 0.0 0.0 0.6961710591745399
39 44 37 0.0 0.0 3.0 0.0 165.0 2.0 0.0 0.6466512702078521
39 44 38 0.0 0.0 33.0 0.0 897.0 6.0 2.0 0.4787961696306429
39 44 39 0.0 0.0 37.0 0.0 838.0 10.0 0.0 0.48865619546247807
39 44 40 0.0 0.0 35.0 0.0 773.0 7.0 2.0 0.49982149232416984
39 44 41 0.0 0.0 31.0 0.0 578.0 7.0 0.0 0.5380476556495004
39 44 42 0.0 0.0 19.0 0.0 451.0 5.0 0.0 0.5679513184584178
39 44 43 0.0 0.0 3.0 0.0 28.0 1.0 0.0 0.689655172413793
39 44 44 0.0 0.0 0.0 0.0 2.0 0.0 0.0 0.6993006993006992
39 45 39 0.0 0.0 0.0 0.0 2.0 0.0 0.0 0.6993006993006992
39 45 40 0.0 0.0 0.0 0.0 1.0 0.0 0.0 0.6996501749125437
39 45 41 0.0 0.0 0.0 0.0 3.0 1.0 0.0 0.6993006993006992
40 35 37 0.0 0.0 0.0 0.0 1.0 0.0 0.0 0.6996501749125437
40 35 38 0.0 0.0 0.0 0.0 15.0 0.0 0.0 0.694789081885856
40 35 39 0.0 0.0 1.0 0.0 23.0 0.0 0.0 0.6916996047430829
40 35 40 0.0 0.0 1.0 0.0 36.0 1.0 0.0 0.6876227897838899
40 35 41 0.0 0.0 0.0 0.0 10.0 0.0 0.0 0.6965174129353233
40 36 35 0.0 0.0 0.0 0.0 13.0 0.0 0.0 0.695479384003974
40 36 36 0.0 0.0 81.0 0.0 1845.0 9.0 21.0 0.35723398826231173
40 36 37 0.0 0.0 40.0 0.0 728.0 11.0 3.0 0.5077983315197678
40 36 38 0.0 0.0 37.0 0.0 1055.0 14.0 7.0 0.4548408057179986
40 36 39 0.0 0.0 239.0 0.0 5777.0 14.0 404.0 0.17491254372813592
40 36 40 0.0 0.0 27.0 0.0 836.0 8.0 5.0 0.49053959355290816
40 36 41 0.0 0.0 87.0 0.0 1933.0 17.0 24.0 0.3496503496503496
40 36 42 0.0 0.0 0.0 0.0 146.0 0.0 0.0 0.6526806526806526
40 36 43 0.0 0.0 2.0 0.0 37.0 1.0 0.0 0.6869479882237487
40 36 44 0.0 0.0 0.0 0.0 5.0 0.0 0.0 0.6982543640897755
40 37 35 0.0 0.0 0.0 0.0 42.0 0.0 0.0 0.6856023506366307
40 37 36 0.0 0.0 310.0 0.0 6091.0 20.0 472.0 0.16702457647339533
40 37 37 0.0 0.0 98.0 0.0 3236.0 14.0 114.0 0.26325686348251215
40 37 38 0.0 0.0 461.0 0.0 9100.0 27.0 1587.0 0.12128562765312308
40 37 39 0.0 0.0 632.0 0.0 11092.0 25.0 3324.0 0.10208546011375236
40 37 40 0.0 0.0 525.0 0.0 9656.0 29.0 1957.0 0.11510318178081065
40 37 41 0.0 0.0 261.0 0.0 5708.0 29.0 356.0 0.17632241813602012
40 37 42 0.0 0.0 220.0 0.0 4541.0 16.0 197.0 0.20746887966804975
40 37 43 0.0 0.0 139.0 0.0 3127.0 14.0 67.0 0.26656511805026656
40 37 44 0.0 0.0 0.0 0.0 58.0 0.0 0.0 0.6802721088435373
40 38 34 0.0 0.0 0.0 0.0 1.0 0.0 0.0 0.6996501749125437
40 38 35 0.0 0.0 9.0 0.0 204.0 4.0 0.0 0.6337709370755997
40 38 36 0.0 0.0 247.0 0.0 4943.0 13.0 228.0 0.19501323304081347
40 38 37 0.0 0.0 884.0 0.0 12614.0 23.0 8540.0 0.09038089089735313
40 38 38 0.0 0.0 1378.0 0.0 13126.0 41.0 19400.0 0.08480222908716456
40 38 39 0.0 0.0 1166.0 0.0 13511.0 37.0 12137.0 0.0840134421507441
40 38 40 0.0 0.0 1204.0 2.0 13539.0 33.0 12250.0 0.08357709987463434
40 38 41 0.0 0.0 1262.0 3.0 13516.0 42.0 14240.0 0.08349734597721714
40 38 42 0.0 0.0 896.0 1.0 12597.0 31.0 6902.0 0.0904392764857881
40 38 43 0.0 0.0 293.0 0.0 6275.0 19.0 522.0 0.16374269005847952
40 38 44 0.0 0.0 36.0 0.0 1005.0 10.0 5.0 0.46189376443418
40 38 45 0.0 0.0 0.0 0.0 4.0 0.0 0.0 0.6986027944111775
40 39 35 0.0 0.0 91.0 0.0 1723.0 9.0 10.0 0.3679369250985544
40 39 36 0.0 0.0 309.0 0.0 6454.0 17.0 487.0 0.1599817163752714
40 39 37 0.0 0.0 790.0 0.0 12397.0 26.0 6123.0 0.09220231822971549
40 39 38 0.0 0.0 1343.0 0.0 13234.0 32.0 17420.0 0.08442889880593413
40 39 39 0.0 2.0 1954.0 23.0 12310.0 55.0 32330.0 0.08594229588704726
40 39 40 0.0 1.0 1890.0 12.0 13317.0 42.0 27168.0 0.08123948238844077
40 39 41 1.0 3.0 1874.0 44.0 13214.0 47.0 25756.0 0.08166598611678236
40 39 42 0.0 0.0 1413.0 1.0 13399.0 52.0 18608.0 0.0833134967864794
40 39 43 0.0 0.0 532.0 1.0 9727.0 17.0 2004.0 0.11423908608731129
40 39 44 0.0 0.0 143.0 0.0 3658.0 12.0 96.0 0.24175444655499914
40 39 45 0.0 0.0 14.0 0.0 266.0 3.0 0.0 0.6148440931049626
40 40 34 0.0 0.0 0.0 0.0 2.0 0.0 0.0 0.6993006993006992
40 40 35 0.0 0.0 49.0 0.0 1033.0 12.0 6.0 0.4560260586319217
40 40 36 0.0 0.0 423.0 0.0 9129.0 24.0 1791.0 0.12133818686080773
40 40 37 0.0 0.0 717.0 0.0 12027.0 26.0 5843.0 0.09498609132234208
40 40 38 0.0 0.0 1516.0 0.0 13001.0 33.0 21685.0 0.08474063313358754
40 40 39 0.0 14.0 2181.0 129.0 12429.0 48.0 35344.0 0.0835222527144732
40 40 40 7.0 68.0 2787.0 322.0 7637.0 69.0 80862.0 0.10915328239513487
40 40 41 0.0 3.0 2511.0 47.0 10745.0 62.0 49715.0 0.09150924897052094
40 40 42 0.0 9.0 1319.0 96.0 13352.0 41.0 15845.0 0.08346747749359087
40 40 43 0.0 0.0 652.0 0.0 11231.0 15.0 3875.0 0.10080645161290322
40 40 44 0.0 0.0 34.0 0.0 1193.0 8.0 4.0 0.4350528278433809
40 40 45 0.0 0.0 2.0 0.0 28.0 1.0 0.0 0.6899950714637751
40 41 35 0.0 0.0 17.0 0.0 324.0 6.0 0.0 0.5995717344753746
40 41 36 0.0 0.0 166.0 0.0 3627.0 24.0 116.0 0.24263431542461006
40 41 37 0.0 0.0 520.0 0.0 10355.0 24.0 3283.0 0.10889856876166769
40 41 38 0.0 0.0 1015.0 3.0 13354.0 36.0 8933.0 0.08559026716390536
40 41 39 0.0 1.0 1562.0 14.0 13625.0 44.0 19543.0 0.08138115444980526
40 41 40 0.0 18.0 1873.0 145.0 12984.0 59.0 27988.0 0.08229485069362802
40 41 41 0.0 522.0 1434.0 5560.0 9262.0 49.0 24548.0 0.0744997871434653
40 41 42 0.0 3.0 1276.0 50.0 13092.0 40.0 17095.0 0.08530343650987082
40 41 43 0.0 0.0 246.0 1.0 5769.0 20.0 428.0 0.17504376094023502
40 41 44 0.0 0.0 228.0 0.0 5385.0 23.0 268.0 0.1844289289948623
40 41 45 0.0 0.0 0.0 0.0 21.0 0.0 0.0 0.6927263730826323
40 42 35 0.0 0.0 0.0 0.0 33.0 0.0 0.0 0.6886374815543531
40 42 36 0.0 0.0 15.0 0.0 835.0 1.0 8.0 0.49157303370786515
40 42 37 0.0 0.0 139.0 0.0 3108.0 14.0 79.0 0.26758409785932713
40 42 38 0.0 0.0 920.0 0.0 12699.0 27.0 8959.0 0.08965163934426228
40 42 39 0.0 2.0 851.0 7.0 12576.0 28.0 6550.0 0.09074410163339382
40 42 40 0.0 1.0 1551.0 21.0 13535.0 44.0 19868.0 0.08181393174380551
40 42 41 0.0 7.0 833.0 123.0 12354.0 43.0 6716.0 0.09155712510627165
40 42 42 0.0 3.0 430.0 114.0 8672.0 23.0 1288.0 0.12495537308104246
40 42 43 0.0 0.0 659.0 0.0 11324.0 24.0 4239.0 0.10009294344748694
40 42 44 0.0 0.0 156.0 0.0 3658.0 17.0 121.0 0.24137931034482754
40 42 45 0.0 0.0 0.0 0.0 15.0 0.0 0.0 0.694789081885856
40 43 36 0.0 0.0 83.0 0.0 1719.0 15.0 18.0 0.36968576709796663
40 43 37 0.0 0.0 52.0 0.0 1090.0 11.0 7.0 0.44728434504792325
40 43 38 0.0 0.0 503.0 0.0 9298.0 24.0 1670.0 0.1187849991515357
40 43 39 0.0 0.0 394.0 0.0 7961.0 22.0 1074.0 0.13539651837524175
40 43 40 0.0 0.0 273.0 10.0 6077.0 22.0 513.0 0.16778523489932884
40 43 41 0.0 0.0 643.0 0.0 11340.0 20.0 3769.0 0.1001717229536348
40 43 42 0.0 0.0 324.0 0.0 6841.0 13.0 645.0 0.1528885006006334
40 43 43 0.0 0.0 76.0 0.0 1891.0 14.0 25.0 0.35380338640384124
40 43 44 0.0 0.0 124.0 0.0 2355.0 17.0 34.0 0.31369034281873176
40 43 45 0.0 0.0 0.0 0.0 6.0 0.0 0.0 0.6979062811565303
40 44 35 0.0 0.0 0.0 0.0 2.0 0.0 0.0 0.6993006993006992
40 44 36 0.0 0.0 0.0 0.0 3.0 0.0 0.0 0.6989515726410384
40 44 37 0.0 0.0 0.0 0.0 43.0 0.0 0.0 0.6852667645619186
40 44 38 0.0 0.0 11.0 0.0 260.0 5.0 1.0 0.6181015452538631
40 44 39 0.0 0.0 10.0 0.0 249.0 2.0 1.0 0.620292423571112
40 44 40 0.0 0.0 61.0 0.0 1195.0 19.0 6.0 0.43236565781346503
40 44 41 0.0 0.0 109.0 0.0 2634.0 19.0 48.0 0.296359017781541
40 44 42 0.0 0.0 4.0 0.0 172.0 1.0 0.0 0.6436781609195401
40 44 43 0.0 0.0 0.0 0.0 21.0 0.0 0.0 0.6927263730826323
40 44 44 0.0 0.0 1.0 0.0 6.0 0.0 0.0 0.6975585450921773
40 44 45 0.0 0.0 0.0 0.0 1.0 0.0 0.0 0.6996501749125437
40 45 40 0.0 0.0 0.0 0.0 5.0 0.0 0.0 0.6982543640897755
40 45 41 0.0 0.0 0.0 0.0 1.0 0.0 0.0 0.6996501749125437
40 45 42 0.0 0.0 0.0 0.0 1.0 0.0 0.0 0.6996501749125437
41 35 36 0.0 0.0 0.0 0.0 2.0 1.0 0.0 0.6996501749125437
41 35 37 0.0 0.0 0.0 0.0 2.0 0.0 0.0 0.6993006993006992
41 35 38 0.0 0.0 0.0 0.0 10.0 0.0 0.0 0.6965174129353233
41 35 39 0.0 0.0 0.0 0.0 20.0 0.0 0.0 0.6930693069306929
41 35 40 0.0 0.0 29.0 0.0 579.0 11.0 2.0 0.5390835579514823
41 35 41 0.0 0.0 0.0 0.0 4.0 0.0 0.0 0.6986027944111775
41 35 42 0.0 0.0 0.0 0.0 2.0 0.0 0.0 0.6993006993006992
41 36 35 0.0 0.0 0.0 0.0 10.0 0.0 0.0 0.6965174129353233
41 36 36 0.0 0.0 9.0 0.0 374.0 2.0 1.0 0.5879882402351952
41 36 37 0.0 0.0 131.0 0.0 2731.0 29.0 54.0 0.28961522548613977
41 36 38 0.0 0.0 19.0 0.0 696.0 4.0 1.0 0.5167958656330748
41 36 39 0.0 0.0 129.0 0.0 3046.0 14.0 63.0 0.2711601781909742
41 36 40 0.0 0.0 107.0 0.0 2514.0 11.0 35.0 0.30368763557483724
41 36 41 0.0 0.0 11.0 0.0 222.0 3.0 0.0 0.6280843427545983
41 36 42 0.0 0.0 3.0 0.0 103.0 0.0 1.0 0.664767331433998
41 36 43 0.0 0.0 21.0 0.0 557.0 5.0 0.0 0.544111931597357
41 36 44 0.0 0.0 0.0 0.0 3.0 0.0 0.0 0.6989515726410384
41 37 35 0.0 0.0 0.0 0.0 19.0 0.0 0.0 0.6934125804853887
41 37 36 0.0 0.0 209.0 0.0 5569.0 20.0 423.0 0.1803891251127432
41 37 37 0.0 0.0 731.0 0.0 11925.0 17.0 4987.0 0.09549795361527967
41 37 38 0.0 0.0 504.0 0.0 9625.0 31.0 1963.0 0.11567379988432619
41 37 39 0.0 0.0 861.0 0.0 12461.0 24.0 7464.0 0.0913897774006136
41 37 40 0.0 0.0 237.0 0.0 5955.0 20.0 428.0 0.17131669114047965
41 37 41 0.0 0.0 491.0 1.0 9167.0 18.0 1599.0 0.12020262728599637
41 37 42 0.0 0.0 326.0 0.0 7414.0 16.0 880.0 0.14382576535853706
41 37 43 0.0 0.0 85.0 0.0 2164.0 7.0 19.0 0.3301108229191228
41 37 44 0.0 0.0 0.0 0.0 34.0 0.0 0.0 0.6882989183874139
41 37 45 0.0 0.0 0.0 0.0 2.0 0.0 0.0 0.6993006993006992
41 38 35 0.0 0.0 1.0 0.0 46.0 2.0 0.0 0.6845965770171147
41 38 36 0.0 0.0 139.0 0.0 3328.0 17.0 98.0 0.2567865003668378
41 38 37 0.0 0.0 335.0 0.0 7752.0 19.0 913.0 0.13897161008536826
41 38 38 0.0 0.0 1086.0 0.0 12924.0 39.0 13198.0 0.08748359682559519
41 38 39 0.0 0.0 798.0 0.0 12351.0 25.0 6905.0 0.0924397490921096
41 38 40 0.0 0.0 811.0 1.0 12527.0 25.0 6460.0 0.09124087591240874
41 38 41 0.0 9.0 848.0 190.0 12479.0 32.0 6491.0 0.09022362570084422
41 38 42 0.0 0.0 841.0 0.0 12421.0 29.0 6935.0 0.09177318911832184
41 38 43 0.0 0.0 436.0 0.0 8647.0 25.0 1362.0 0.1265250790781744
41 38 44 0.0 0.0 17.0 0.0 673.0 3.0 7.0 0.5210271678451804
41 38 45 0.0 0.0 0.0 0.0 13.0 0.0 0.0 0.695479384003974
41 39 35 0.0 0.0 13.0 0.0 343.0 3.0 0.0 0.5949851253718657
41 39 36 0.0 0.0 162.0 0.0 3763.0 24.0 120.0 0.23720772619451028
41 39 37 0.0 0.0 604.0 0.0 10620.0 31.0 2710.0 0.10598834128245892
41 39 38 0.0 0.0 1244.0 2.0 13521.0 34.0 14134.0 0.08347743128018603
41 39 39 0.0 0.0 2155.0 3.0 11456.0 44.0 40747.0 0.08957706827052274
41 39 40 0.0 2.0 1762.0 14.0 13103.0 44.0 26778.0 0.0829138288421676
41 39 41 0.0 0.0 2192.0 4.0 11404.0 50.0 40072.0 0.08974358974358973
41 39 42 0.0 0.0 1401.0 1.0 13369.0 41.0 17755.0 0.08351228823669767
41 39 43 0.0 0.0 671.0 0.0 11226.0 30.0 3837.0 0.1008500216107189
41 39 44 0.0 0.0 193.0 0.0 4782.0 19.0 214.0 0.2012361650136553
41 39 45 0.0 0.0 0.0 0.0 11.0 0.0 0.0 0.6961710591745399
41 40 35 0.0 0.0 48.0 0.0 974.0 12.0 3.0 0.4651162790697673
41 40 36 0.0 0.0 400.0 0.0 8310.0 26.0 1288.0 0.13095126742119537
41 40 37 0.0 0.0 819.0 0.0 12326.0 26.0 6404.0 0.09247638549441838
41 40 38 0.0 0.0 1240.0 0.0 13367.0 36.0 14466.0 0.08429672447013487
41 40 39 0.0 0.0 1983.0 5.0 12639.0 64.0 31475.0 0.08419533317296125
41 40 40 0.0 2.0 1691.0 32.0 13546.0 38.0 23173.0 0.08107482047718322
41 40 41 0.0 4.0 2313.0 40.0 10845.0 59.0 46444.0 0.09215376513954711
41 40 42 0.0 2.0 1483.0 45.0 13487.0 31.0 18606.0 0.08223201174743024
41 40 43 0.0 0.0 347.0 0.0 8065.0 11.0 1247.0 0.13455069678039402
41 40 44 0.0 0.0 211.0 0.0 4604.0 17.0 221.0 0.20579156254593559
41 40 45 0.0 0.0 0.0 0.0 10.0 0.0 0.0 0.6965174129353233
41 41 34 0.0 0.0 0.0 0.0 1.0 0.0 0.0 0.6996501749125437
41 41 35 0.0 0.0 51.0 0.0 1130.0 7.0 9.0 0.44108380592312535
41 41 36 0.0 0.0 594.0 0.0 10340.0 25.0 2496.0 0.10838429976000617
41 41 37 0.0 0.0 996.0 0.0 12962.0 33.0 9882.0 0.08777979810646434
41 41 38 0.0 0.0 1295.0 1.0 13620.0 39.0 15372.0 0.08274231678486997
41 41 39 0.0 3.0 2175.0 21.0 12245.0 45.0 37042.0 0.0850391787645022
41 41 40 0.0 5.0 2132.0 53.0 11942.0 60.0 36889.0 0.08674101610904583
41 41 41 0.0 10.0 1710.0 110.0 13001.0 47.0 24259.0 0.08316502316739931
41 41 42 0.0 0.0 771.0 41.0 12218.0 37.0 5222.0 0.09327115256495667
41 41 43 0.0 0.0 491.0 1.0 9657.0 15.0 1940.0 0.1152547954227381
41 41 44 0.0 0.0 90.0 0.0 2111.0 15.0 23.0 0.3345280764635603
41 41 45 0.0 0.0 0.0 0.0 13.0 0.0 0.0 0.695479384003974
41 42 35 0.0 0.0 25.0 0.0 637.0 3.0 3.0 0.5265137269650243
41 42 36 0.0 0.0 62.0 0.0 1340.0 11.0 9.0 0.4129793510324483
41 42 37 0.0 0.0 322.0 0.0 6937.0 24.0 624.0 0.15154795410261962
41 42 38 0.0 0.0 371.0 0.0 7742.0 21.0 919.0 0.13869625520110954
41 42 39 0.0 0.0 805.0 0.0 12273.0 33.0 6186.0 0.09290596589023822
41 42 40 0.0 4.0 1086.0 74.0 13383.0 32.0 10774.0 0.0846177092777274
41 42 41 0.0 3.0 703.0 40.0 11909.0 23.0 5076.0 0.09556313993174059
41 42 42 0.0 1.0 831.0 23.0 12486.0 25.0 6825.0 0.09125277017338025
41 42 43 0.0 0.0 619.0 1.0 10662.0 31.0 2938.0 0.10550113036925395
41 42 44 0.0 0.0 5.0 0.0 216.0 2.0 1.0 0.6314839873703202
41 42 45 0.0 0.0 0.0 0.0 8.0 0.0 0.0 0.697211155378486
41 43 35 0.0 0.0 3.0 0.0 106.0 1.0 0.0 0.6641366223908918
41 43 36 0.0 0.0 1.0 0.0 44.0 0.0 0.0 0.6845965770171147
41 43 37 0.0 0.0 193.0 0.0 3769.0 15.0 103.0 0.23529411764705882
41 43 38 0.0 0.0 121.0 0.0 3034.0 14.0 67.0 0.2723205602022952
41 43 39 0.0 0.0 267.0 0.0 6690.0 13.0 712.0 0.15642458100558657
41 43 40 0.0 0.0 348.0 0.0 7673.0 26.0 961.0 0.13998600139986
41 43 41 0.0 0.0 315.0 0.0 7109.0 23.0 696.0 0.14887282007656313
41 43 42 0.0 0.0 295.0 0.0 6729.0 31.0 587.0 0.1556939501779359
41 43 43 0.0 0.0 250.0 1.0 5152.0 20.0 259.0 0.1895734597156398
41 43 44 0.0 0.0 73.0 0.0 1606.0 11.0 13.0 0.38167938931297707
41 44 36 0.0 0.0 0.0 0.0 2.0 0.0 0.0 0.6993006993006992
41 44 37 0.0 0.0 1.0 0.0 37.0 1.0 0.0 0.6872852233676975
41 44 38 0.0 0.0 1.0 0.0 70.0 0.0 0.0 0.6760019314340897
41 44 39 0.0 0.0 5.0 0.0 282.0 2.0 0.0 0.612691466083151
41 44 40 0.0 0.0 38.0 0.0 1028.0 10.0 5.0 0.4582651391162029
41 44 41 0.0 0.0 3.0 0.0 167.0 0.0 0.0 0.6451612903225805
41 44 42 0.0 0.0 1.0 0.0 117.0 1.0 0.0 0.6613131790269249
41 44 43 0.0 0.0 9.0 0.0 227.0 1.0 0.0 0.6263982102908277
41 44 44 0.0 0.0 0.0 0.0 7.0 0.0 0.0 0.6975585450921773
41 44 45 0.0 0.0 0.0 0.0 2.0 0.0 0.0 0.6993006993006992
41 45 39 0.0 0.0 2.0 0.0 10.0 0.0 0.0 0.6958250497017892
41 45 42 0.0 0.0 0.0 0.0 2.0 0.0 0.0 0.6993006993006992
42 35 36 0.0 0.0 0.0 0.0 2.0 0.0 0.0 0.6993006993006992
42 35 37 0.0 0.0 2.0 0.0 39.0 0.0 0.0 0.6859382655560998
42 35 38 0.0 0.0 1.0 0.0 18.0 0.0 0.0 0.6934125804853887
42 35 39 0.0 0.0 0.0 0.0 7.0 0.0 0.0 0.6975585450921773
42 35 40 0.0 0.0 0.0 0.0 3.0 0.0 0.0 0.6989515726410384
42 35 41 0.0 0.0 0.0 0.0 3.0 0.0 0.0 0.6989515726410384
42 36 35 0.0 0.0 0.0 0.0 6.0 0.0 0.0 0.6979062811565303
42 36 36 0.0 0.0 11.0 0.0 344.0 4.0 1.0 0.5954912803062525
42 36 37 0.0 0.0 69.0 0.0 1625.0 13.0 9.0 0.38033143167617495
42 36 38 0.0 0.0 189.0 0.0 4228.0 18.0 159.0 0.21874999999999997
42 36 39 0.0 0.0 23.0 0.0 711.0 4.0 2.0 0.5128205128205128
42 36 40 0.0 0.0 147.0 0.0 3817.0 15.0 126.0 0.23529411764705882
42 36 41 0.0 0.0 4.0 0.0 140.0 2.0 0.0 0.65359477124183
42 36 42 0.0 0.0 16.0 0.0 575.0 5.0 3.0 0.5413766434648105
42 36 43 0.0 0.0 0.0 0.0 14.0 0.0 0.0 0.6951340615690167
42 36 44 0.0 0.0 0.0 0.0 2.0 0.0 0.0 0.6993006993006992
42 37 35 0.0 0.0 2.0 0.0 48.0 2.0 0.0 0.6835937499999999
42 37 36 0.0 0.0 48.0 0.0 1007.0 9.0 5.0 0.45961917268548913
42 37 37 0.0 0.0 252.0 0.0 5488.0 22.0 353.0 0.18139414356050787
42 37 38 0.0 0.0 282.0 0.0 6832.0 14.0 639.0 0.15376166941241073
42 37 39 0.0 0.0 611.0 0.0 10914.0 34.0 3220.0 0.10365763364430622
42 37 40 0.0 0.0 391.0 0.0 8174.0 27.0 1112.0 0.13276434329065906
42 37 41 0.0 0.0 368.0 0.0 7750.0 12.0 1014.0 0.13840830449826988
42 37 42 0.0 0.0 178.0 0.0 3656.0 29.0 129.0 0.24104683195592286
42 37 43 0.0 0.0 16.0 0.0 658.0 3.0 4.0 0.5241482590789965
42 37 44 0.0 0.0 1.0 0.0 70.0 1.0 0.0 0.6766553890768486
42 37 45 0.0 0.0 0.0 0.0 5.0 0.0 0.0 0.6982543640897755
42 38 35 0.0 0.0 3.0 0.0 57.0 0.0 0.0 0.6799417192812044
42 38 36 0.0 0.0 34.0 0.0 999.0 3.0 11.0 0.4620462046204619
42 38 37 0.0 0.0 485.0 0.0 8915.0 32.0 1473.0 0.1231310466138962
42 38 38 0.0 0.0 1073.0 0.0 13089.0 30.0 11924.0 0.08662294270511074
42 38 39 0.0 0.0 1254.0 0.0 13095.0 33.0 16514.0 0.08564262555820638
42 38 40 0.0 0.0 854.0 1.0 12711.0 30.0 6846.0 0.08999742864489585
42 38 41 0.0 0.0 902.0 0.0 12912.0 22.0 6537.0 0.08850116947973954
42 38 42 0.0 0.0 496.0 0.0 9625.0 25.0 1914.0 0.11567379988432619
42 38 43 0.0 0.0 507.0 0.0 9436.0 25.0 2041.0 0.11740041928721172
42 38 44 0.0 0.0 87.0 0.0 2126.0 16.0 40.0 0.3335715987610197
42 38 45 0.0 0.0 24.0 0.0 284.0 6.0 0.0 0.6081668114682883
42 39 34 0.0 0.0 0.0 0.0 1.0 0.0 0.0 0.6996501749125437
42 39 35 0.0 0.0 57.0 0.0 1183.0 11.0 7.0 0.43357076494270663
42 39 36 0.0 0.0 235.0 0.0 4782.0 27.0 197.0 0.20017157563625962
42 39 37 0.0 0.0 586.0 0.0 10856.0 13.0 3754.0 0.1041511679809552
42 39 38 0.0 0.0 867.0 0.0 12456.0 31.0 6232.0 0.09143752857422766
42 39 39 0.0 0.0 1033.0 1.0 13182.0 28.0 10754.0 0.08636644046884638
42 39 40 0.0 2.0 1039.0 17.0 13428.0 32.0 9185.0 0.08493084202863381
42 39 41 0.0 0.0 1106.0 1.0 13404.0 27.0 12227.0 0.08479709267110841
42 39 42 0.0 0.0 1170.0 1.0 12851.0 37.0 15917.0 0.08742350443362058
42 39 43 0.0 0.0 898.0 0.0 12536.0 33.0 7005.0 0.09076175040518637
42 39 44 0.0 0.0 111.0 0.0 2883.0 9.0 68.0 0.2807298977341086
42 39 45 0.0 0.0 0.0 0.0 9.0 0.0 0.0 0.697211155378486
42 40 35 0.0 0.0 8.0 0.0 203.0 6.0 0.0 0.6349206349206349
42 40 36 0.0 0.0 134.0 0.0 3326.0 17.0 86.0 0.2572583608967291
42 40 37 0.0 0.0 616.0 0.0 10885.0 24.0 3562.0 0.10374981473247369
42 40 38 0.0 0.0 1638.0 0.0 13152.0 48.0 23110.0 0.08339289969025493
42 40 39 0.0 0.0 1560.0 0.0 13231.0 31.0 21787.0 0.08335317932841152
42 40 40 0.0 0.0 1682.0 0.0 12655.0 50.0 26440.0 0.08574753475837568
42 40 41 0.0 0.0 1276.0 2.0 13708.0 31.0 13511.0 0.08248880509073768
42 40 42 0.0 1.0 1157.0 6.0 13354.0 40.0 11510.0 0.08479709267110841
42 40 43 0.0 0.0 525.0 0.0 9978.0 18.0 2435.0 0.11202688645274865
42 40 44 0.0 0.0 111.0 0.0 2603.0 13.0 38.0 0.29787234042553185
42 40 45 0.0 0.0 0.0 0.0 11.0 0.0 0.0 0.6961710591745399
42 41 35 0.0 0.0 0.0 0.0 46.0 0.0 0.0 0.6842619745845552
42 41 36 0.0 0.0 214.0 0.0 4790.0 16.0 227.0 0.20034344590726955
42 41 37 0.0 0.0 419.0 0.0 8696.0 22.0 1478.0 0.12609204719445194
42 41 38 0.0 0.0 683.0 0.0 11482.0 25.0 3734.0 0.09885609377206608
42 41 39 0.0 0.0 1185.0 0.0 13482.0 29.0 13483.0 0.084008400840084
42 41 40 0.0 0.0 1047.0 1.0 13404.0 34.0 9107.0 0.08511155693355218
42 41 41 0.0 0.0 1533.0 1.0 12913.0 49.0 22648.0 0.08515297123046042
42 41 42 0.0 0.0 911.0 0.0 12746.0 32.0 9066.0 0.08945686900958466
42 41 43 0.0 0.0 274.0 0.0 6285.0 24.0 540.0 0.16393442622950816
42 41 44 0.0 0.0 57.0 0.0 1587.0 6.0 24.0 0.38472107721901616
42 41 45 0.0 0.0 0.0 0.0 6.0 0.0 0.0 0.6982543640897755
42 42 35 0.0 0.0 4.0 0.0 96.0 0.0 0.0 0.6666666666666665
42 42 36 0.0 0.0 176.0 0.0 4242.0 14.0 175.0 0.2185110035898236
42 42 37 0.0 0.0 85.0 0.0 2536.0 13.0 41.0 0.3038853917950944
42 42 38 0.0 0.0 591.0 0.0 10777.0 36.0 3597.0 0.10490820532034469
42 42 39 0.0 0.0 924.0 0.0 12667.0 42.0 7746.0 0.08990495761623427
42 42 40 0.0 0.0 1254.0 0.0 13238.0 27.0 15684.0 0.08485877076009213
42 42 41 0.0 0.0 807.0 0.0 12402.0 31.0 7191.0 0.09206286578549351
42 42 42 0.0 0.0 711.0 0.0 11828.0 22.0 5346.0 0.09629935341862704
42 42 43 0.0 0.0 259.0 0.0 5784.0 18.0 411.0 0.17430278884462147
42 42 44 0.0 0.0 18.0 0.0 313.0 3.0 1.0 0.6013745704467354
42 42 45 0.0 0.0 0.0 0.0 3.0 0.0 0.0 0.6989515726410384
42 43 35 0.0 0.0 0.0 0.0 1.0 0.0 0.0 0.6996501749125437
42 43 36 0.0 0.0 17.0 0.0 357.0 7.0 1.0 0.5917159763313609
42 43 37 0.0 0.0 0.0 0.0 123.0 0.0 0.0 0.6594441827602449
42 43 38 0.0 0.0 35.0 0.0 939.0 8.0 8.0 0.4720161834120026
42 43 39 0.0 0.0 516.0 0.0 9522.0 17.0 1823.0 0.11635638297872339
42 43 40 0.0 0.0 194.0 2.0 5272.0 14.0 322.0 0.1877934272300469
42 43 41 0.0 0.0 451.0 0.0 8626.0 20.0 1274.0 0.12654795263490914
42 43 42 0.0 0.0 83.0 0.0 2061.0 16.0 24.0 0.3393116820164808
42 43 43 0.0 0.0 37.0 0.0 1213.0 9.0 9.0 0.43196544276457877
42 43 44 0.0 0.0 0.0 0.0 28.0 0.0 0.0 0.690335305719921
42 44 36 0.0 0.0 0.0 0.0 2.0 0.0 0.0 0.6993006993006992
42 44 37 0.0 0.0 0.0 0.0 10.0 0.0 0.0 0.6965174129353233
42 44 38 0.0 0.0 3.0 0.0 106.0 2.0 0.0 0.664767331433998
42 44 39 0.0 0.0 47.0 0.0 1017.0 9.0 2.0 0.4582651391162029
42 44 40 0.0 0.0 22.0 0.0 426.0 3.0 0.0 0.5725971370143148
42 44 41 0.0 0.0 0.0 0.0 87.0 0.0 0.0 0.670819357930043
42 44 42 0.0 0.0 11.0 0.0 321.0 7.0 0.0 0.6024096385542168
42 44 43 0.0 0.0 16.0 0.0 488.0 5.0 1.0 0.5602240896358542
42 44 44 0.0 0.0 0.0 0.0 2.0 0.0 0.0 0.6993006993006992
42 44 45 0.0 0.0 0.0 0.0 1.0 0.0 0.0 0.6996501749125437
42 45 39 0.0 0.0 0.0 0.0 1.0 0.0 0.0 0.6996501749125437
42 45 40 0.0 0.0 0.0 0.0 3.0 0.0 0.0 0.6989515726410384
42 45 41 0.0 0.0 0.0 0.0 2.0 0.0 0.0 0.6993006993006992
43 35 37 0.0 0.0 0.0 0.0 3.0 0.0 0.0 0.6989515726410384
43 35 38 0.0 0.0 0.0 0.0 4.0 0.0 0.0 0.6986027944111775
43 35 39 0.0 0.0 0.0 0.0 9.0 0.0 0.0 0.6968641114982577
43 35 40 0.0 0.0 0.0 0.0 8.0 0.0 0.0 0.697211155378486
43 35 41 0.0 0.0 0.0 0.0 1.0 0.0 0.0 0.6996501749125437
43 36 36 0.0 0.0 0.0 0.0 7.0 0.0 0.0 0.6975585450921773
43 36 37 0.0 0.0 0.0 0.0 69.0 0.0 0.0 0.6766553890768486
43 36 38 0.0 0.0 40.0 0.0 856.0 9.0 0.0 0.48510048510048503
43 36 39 0.0 0.0 98.0 0.0 2225.0 23.0 29.0 0.3255813953488371
43 36 40 0.0 0.0 17.0 0.0 548.0 3.0 0.0 0.5466614603670441
43 36 41 0.0 0.0 16.0 0.0 359.0 3.0 1.0 0.5902192242833051
43 36 42 0.0 0.0 14.0 0.0 263.0 3.0 0.0 0.615655233069481
43 37 35 0.0 0.0 0.0 0.0 1.0 0.0 0.0 0.6996501749125437
43 37 36 0.0 0.0 0.0 0.0 27.0 1.0 0.0 0.6910167818361302
43 37 37 0.0 0.0 80.0 0.0 1841.0 13.0 24.0 0.3582395087001023
43 37 38 0.0 0.0 555.0 0.0 9897.0 20.0 2380.0 0.1124859392575928
43 37 39 0.0 0.0 271.0 0.0 6025.0 23.0 498.0 0.16918429003021143
43 37 40 0.0 0.0 201.0 0.0 5007.0 19.0 295.0 0.19468780419969403
43 37 41 0.0 0.0 234.0 0.0 5383.0 20.0 271.0 0.18418629127746347
43 37 42 0.0 0.0 64.0 0.0 1581.0 10.0 23.0 0.38503850385038496
43 37 43 0.0 0.0 48.0 0.0 939.0 10.0 5.0 0.47043010752688164
43 37 44 0.0 0.0 1.0 0.0 25.0 0.0 0.0 0.6913580246913579
43 37 45 0.0 0.0 0.0 0.0 3.0 0.0 0.0 0.6989515726410384
43 38 35 0.0 0.0 0.0 0.0 4.0 0.0 0.0 0.6986027944111775
43 38 36 0.0 0.0 32.0 0.0 963.0 8.0 2.0 0.4686976899899564
43 38 37 0.0 0.0 230.0 0.0 5882.0 13.0 423.0 0.17281817059622268
43 38 38 0.0 0.0 479.0 0.0 9921.0 28.0 2258.0 0.11302171631549204
43 38 39 0.0 0.0 658.0 0.0 11297.0 22.0 3753.0 0.10038001003800098
43 38 40 0.0 0.0 395.0 0.0 8337.0 23.0 1261.0 0.1306213845866766
43 38 41 0.0 0.0 505.0 0.0 9728.0 24.0 2128.0 0.11459441761479904
43 38 42 0.0 0.0 642.0 0.0 11133.0 22.0 4087.0 0.10166291482100065
43 38 43 0.0 0.0 196.0 0.0 4468.0 15.0 202.0 0.21043138433789266
43 38 44 0.0 0.0 90.0 0.0 2085.0 12.0 24.0 0.3362959404275762
43 38 45 0.0 0.0 0.0 0.0 12.0 0.0 0.0 0.6958250497017892
43 39 34 0.0 0.0 0.0 0.0 1.0 0.0 0.0 0.6996501749125437
43 39 35 0.0 0.0 0.0 0.0 5.0 0.0 0.0 0.6982543640897755
43 39 36 0.0 0.0 147.0 0.0 3324.0 9.0 76.0 0.2562225475841874
43 39 37 0.0 0.0 299.0 0.0 6749.0 21.0 657.0 0.15503875968992245
43 39 38 0.0 0.0 423.0 0.0 8769.0 28.0 1461.0 0.1253357206803939
43 39 39 0.0 0.0 679.0 0.0 11443.0 28.0 4372.0 0.0991852639036486
43 39 40 0.0 0.0 938.0 0.0 12827.0 29.0 8305.0 0.08882121558177895
43 39 41 0.0 0.0 648.0 0.0 10922.0 30.0 3098.0 0.10330578512396693
43 39 42 0.0 0.0 522.0 0.0 9924.0 23.0 2306.0 0.11263073209975863
43 39 43 0.0 0.0 232.0 0.0 5818.0 18.0 469.0 0.17428109050168053
43 39 44 0.0 0.0 21.0 0.0 807.0 7.0 2.0 0.49627791563275425
43 39 45 0.0 0.0 0.0 0.0 2.0 0.0 0.0 0.6993006993006992
43 40 34 0.0 0.0 0.0 0.0 1.0 0.0 0.0 0.6996501749125437
43 40 35 0.0 0.0 0.0 0.0 6.0 0.0 0.0 0.6979062811565303
43 40 36 0.0 0.0 122.0 0.0 2880.0 11.0 54.0 0.28039254956939713
43 40 37 0.0 0.0 552.0 0.0 10033.0 27.0 2128.0 0.11135857461024497
43 40 38 0.0 0.0 573.0 0.0 10434.0 29.0 2971.0 0.10782501540357362
43 40 39 0.0 0.0 613.0 0.0 11121.0 19.0 3965.0 0.10196649672250545
43 40 40 0.0 0.0 612.0 0.0 11189.0 25.0 4304.0 0.10145662729183273
43 40 41 0.0 0.0 651.0 0.0 11093.0 19.0 3334.0 0.10189970157944535
43 40 42 0.0 0.0 460.0 0.0 9571.0 9.0 2025.0 0.1163757273482959
43 40 43 0.0 0.0 688.0 0.0 11419.0 23.0 4727.0 0.09927669834066088
43 40 44 0.0 0.0 115.0 0.0 2345.0 29.0 19.0 0.3160270880361173
43 40 45 0.0 0.0 0.0 0.0 9.0 0.0 0.0 0.6968641114982577
43 41 35 0.0 0.0 0.0 0.0 16.0 0.0 0.0 0.6944444444444444
43 41 36 0.0 0.0 10.0 0.0 260.0 5.0 0.0 0.6181015452538631
43 41 37 0.0 0.0 119.0 0.0 3451.0 19.0 106.0 0.2521613832853026
43 41 38 0.0 0.0 363.0 0.0 7825.0 22.0 964.0 0.1376733208771757
43 41 39 0.0 0.0 751.0 0.0 11841.0 32.0 5492.0 0.09602853419301735
43 41 40 0.0 0.0 686.0 0.0 11662.0 23.0 5164.0 0.0976222020779583
43 41 41 0.0 0.0 692.0 0.0 11627.0 27.0 4468.0 0.09784051995247744
43 41 42 0.0 0.0 380.0 0.0 8183.0 33.0 1258.0 0.13290298082399846
43 41 43 0.0 0.0 220.0 0.0 4937.0 22.0 270.0 0.19602352282273872
43 41 44 0.0 0.0 1.0 0.0 119.0 0.0 0.0 0.6606890042472864
43 41 45 0.0 0.0 0.0 0.0 1.0 0.0 0.0 0.6996501749125437
43 42 35 0.0 0.0 0.0 0.0 10.0 0.0 0.0 0.6965174129353233
43 42 36 0.0 0.0 0.0 0.0 34.0 0.0 0.0 0.6882989183874139
43 42 37 0.0 0.0 50.0 0.0 1406.0 11.0 9.0 0.40650406504065034
43 42 38 0.0 0.0 350.0 0.0 7521.0 23.0 954.0 0.14205986808726534
43 42 39 0.0 0.0 251.0 0.0 5756.0 25.0 384.0 0.17521902377972465
43 42 40 0.0 0.0 545.0 0.0 10357.0 25.0 2782.0 0.10861132660977502
43 42 41 0.0 0.0 315.0 0.0 6827.0 27.0 616.0 0.1535592848524734
43 42 42 0.0 0.0 254.0 0.0 5736.0 17.0 390.0 0.17552657973921762
43 42 43 0.0 0.0 154.0 0.0 3781.0 19.0 127.0 0.23652644027707376
43 42 44 0.0 0.0 0.0 0.0 23.0 0.0 0.0 0.6920415224913494
43 43 35 0.0 0.0 0.0 0.0 1.0 0.0 0.0 0.6996501749125437
43 43 36 0.0 0.0 0.0 0.0 6.0 0.0 0.0 0.6979062811565303
43 43 37 0.0 0.0 13.0 0.0 366.0 4.0 0.0 0.5894736842105263
43 43 38 0.0 0.0 110.0 0.0 2660.0 9.0 41.0 0.2940558706154169
43 43 39 0.0 0.0 249.0 0.0 5346.0 24.0 299.0 0.18486729169417665
43 43 40 0.0 0.0 157.0 0.0 4070.0 13.0 174.0 0.22518899790895927
43 43 41 0.0 0.0 311.0 0.0 6674.0 31.0 606.0 0.15628488501897742
43 43 42 0.0 0.0 188.0 0.0 3970.0 26.0 153.0 0.228310502283105
43 43 43 0.0 0.0 75.0 0.0 1368.0 15.0 6.0 0.4084014002333722
43 43 44 0.0 0.0 0.0 0.0 6.0 0.0 0.0 0.6979062811565303
43 44 38 0.0 0.0 1.0 0.0 36.0 1.0 0.0 0.6876227897838899
43 44 39 0.0 0.0 0.0 0.0 44.0 0.0 0.0 0.684931506849315
43 44 40 0.0 0.0 160.0 0.0 3469.0 21.0 103.0 0.24946543121881679
43 44 41 0.0 0.0 0.0 0.0 35.0 0.0 0.0 0.6879606879606879
43 44 42 0.0 0.0 2.0 0.0 44.0 0.0 0.0 0.6842619745845552
43 44 43 0.0 0.0 0.0 0.0 4.0 0.0 0.0 0.6986027944111775
43 45 38 0.0 0.0 1.0 0.0 6.0 0.0 0.0 0.6975585450921773
43 45 39 0.0 0.0 0.0 0.0 2.0 0.0 0.0 0.6993006993006992
43 45 40 0.0 0.0 0.0 0.0 1.0 0.0 0.0 0.6996501749125437
43 45 41 0.0 0.0 0.0 0.0 1.0 0.0 0.0 0.6996501749125437
44 35 37 0.0 0.0 0.0 0.0 1.0 0.0 0.0 0.6996501749125437
44 35 38 0.0 0.0 0.0 0.0 1.0 0.0 0.0 0.6996501749125437
44 35 39 0.0 0.0 0.0 0.0 1.0 0.0 0.0 0.6996501749125437
44 35 40 0.0 0.0 0.0 0.0 3.0 0.0 0.0 0.6989515726410384
44 36 37 0.0 0.0 0.0 0.0 44.0 0.0 0.0 0.684931506849315
44 36 38 0.0 0.0 71.0 0.0 1802.0 8.0 15.0 0.3622250970245795
44 36 39 0.0 0.0 117.0 0.0 2745.0 19.0 62.0 0.2889576883384932
44 36 40 0.0 0.0 39.0 0.0 708.0 11.0 2.0 0.5116959064327484
44 36 41 0.0 0.0 0.0 0.0 10.0 0.0 0.0 0.6965174129353233
44 36 42 0.0 0.0 0.0 0.0 8.0 0.0 0.0 0.697211155378486
44 37 36 0.0 0.0 10.0 0.0 180.0 1.0 1.0 0.639561443581544
44 37 37 0.0 0.0 2.0 0.0 116.0 0.0 0.0 0.6610009442870631
44 37 38 0.0 0.0 116.0 0.0 3049.0 16.0 78.0 0.2718974558166634
44 37 39 0.0 0.0 32.0 0.0 938.0 9.0 4.0 0.47313281514025
44 37 40 0.0 0.0 19.0 0.0 534.0 4.0 3.0 0.5494505494505494
44 37 41 0.0 0.0 63.0 0.0 1159.0 17.0 6.0 0.4368174726989079
44 37 42 0.0 0.0 0.0 0.0 112.0 0.0 0.0 0.6628787878787878
44 37 43 0.0 0.0 29.0 0.0 750.0 6.0 0.0 0.5048683736025964
44 37 44 0.0 0.0 0.0 0.0 1.0 0.0 0.0 0.6996501749125437
44 38 35 0.0 0.0 1.0 0.0 6.0 0.0 0.0 0.6975585450921773
44 38 36 0.0 0.0 0.0 0.0 15.0 0.0 0.0 0.694789081885856
44 38 37 0.0 0.0 16.0 0.0 500.0 7.0 2.0 0.557991231566361
44 38 38 0.0 0.0 15.0 0.0 603.0 5.0 2.0 0.5359877488514548
44 38 39 0.0 0.0 133.0 0.0 2794.0 22.0 47.0 0.28542303771661565
44 38 40 0.0 0.0 619.0 0.0 10849.0 18.0 3395.0 0.1039809863339275
44 38 41 0.0 0.0 96.0 0.0 2111.0 8.0 29.0 0.333412717313646
44 38 42 0.0 0.0 97.0 0.0 2239.0 15.0 32.0 0.32392410920869963
44 38 43 0.0 0.0 2.0 0.0 181.0 2.0 1.0 0.6419073819348922
44 38 44 0.0 0.0 5.0 0.0 153.0 4.0 0.0 0.649953574744661
44 38 45 0.0 0.0 0.0 0.0 2.0 0.0 0.0 0.6993006993006992
44 39 35 0.0 0.0 0.0 0.0 3.0 0.0 0.0 0.6989515726410384
44 39 36 0.0 0.0 15.0 0.0 369.0 8.0 1.0 0.5892255892255891
44 39 37 0.0 0.0 160.0 0.0 3287.0 10.0 84.0 0.2574475910261125
44 39 38 0.0 0.0 59.0 0.0 1693.0 10.0 23.0 0.3741314804917156
44 39 39 0.0 0.0 280.0 0.0 5581.0 22.0 366.0 0.17850312380466657
44 39 40 0.0 0.0 293.0 0.0 6326.0 32.0 529.0 0.16299918500407495
44 39 41 0.0 0.0 139.0 0.0 3178.0 13.0 59.0 0.2640513013956997
44 39 42 0.0 0.0 275.0 0.0 5468.0 19.0 322.0 0.18122977346278316
44 39 43 0.0 0.0 17.0 0.0 692.0 7.0 2.0 0.5183265457238059
44 39 44 0.0 0.0 128.0 0.0 2935.0 17.0 61.0 0.2774474831549742
44 39 45 0.0 0.0 0.0 0.0 3.0 0.0 0.0 0.6989515726410384
44 40 35 0.0 0.0 0.0 0.0 5.0 0.0 0.0 0.6986027944111775
44 40 36 0.0 0.0 34.0 0.0 719.0 4.0 1.0 0.5092761004001454
44 40 37 0.0 0.0 53.0 0.0 1380.0 13.0 7.0 0.4094764551038315
44 40 38 0.0 0.0 71.0 0.0 1771.0 20.0 16.0 0.3663003663003663
44 40 39 0.0 0.0 198.0 0.0 4407.0 21.0 154.0 0.21263669501822596
44 40 40 0.0 0.0 501.0 0.0 9900.0 20.0 2445.0 0.1129852312162053
44 40 41 0.0 0.0 64.0 0.0 1721.0 12.0 22.0 0.3712543092018032
44 40 42 0.0 0.0 135.0 0.0 3355.0 11.0 78.0 0.2554744525547445
44 40 43 0.0 0.0 70.0 0.0 1439.0 15.0 8.0 0.4006868918145391
44 40 44 0.0 0.0 0.0 0.0 54.0 0.0 0.0 0.6822612085769979
44 40 45 0.0 0.0 0.0 0.0 4.0 0.0 0.0 0.6986027944111775
44 41 35 0.0 0.0 0.0 0.0 3.0 0.0 0.0 0.6989515726410384
44 41 36 0.0 0.0 0.0 0.0 35.0 0.0 0.0 0.6879606879606879
44 41 37 0.0 0.0 26.0 0.0 683.0 8.0 0.0 0.5183265457238059
44 41 38 0.0 0.0 31.0 0.0 932.0 6.0 4.0 0.4736129905277401
44 41 39 0.0 0.0 258.0 0.0 5670.0 19.0 331.0 0.17683465959328024
44 41 40 0.0 0.0 89.0 0.0 2123.0 12.0 16.0 0.333412717313646
44 41 41 0.0 0.0 115.0 0.0 2488.0 17.0 37.0 0.30534351145038163
44 41 42 0.0 0.0 247.0 0.0 4848.0 26.0 180.0 0.19799179748267567
44 41 43 0.0 0.0 113.0 0.0 2831.0 13.0 71.0 0.283860502838605
44 41 44 0.0 0.0 1.0 0.0 96.0 1.0 0.0 0.6679389312977099
44 42 36 0.0 0.0 0.0 0.0 4.0 0.0 0.0 0.6986027944111775
44 42 37 0.0 0.0 0.0 0.0 24.0 1.0 0.0 0.6920415224913494
44 42 38 0.0 0.0 52.0 0.0 1445.0 9.0 10.0 0.40149125322626894
44 42 39 0.0 0.0 384.0 0.0 8127.0 21.0 1264.0 0.1333841463414634
44 42 40 0.0 0.0 13.0 0.0 693.0 6.0 2.0 0.5187106335679881
44 42 41 0.0 0.0 53.0 0.0 1135.0 11.0 7.0 0.4406672961913755
44 42 42 0.0 0.0 7.0 0.0 159.0 3.0 0.0 0.6472491909385112
44 42 43 0.0 0.0 1.0 0.0 56.0 0.0 0.0 0.6806028196402526
44 42 44 0.0 0.0 0.0 0.0 6.0 0.0 0.0 0.6979062811565303
44 43 37 0.0 0.0 0.0 0.0 22.0 0.0 0.0 0.6923837784371908
44 43 38 0.0 0.0 0.0 0.0 64.0 1.0 0.0 0.6786233640329616
44 43 39 0.0 0.0 43.0 0.0 867.0 12.0 1.0 0.48309178743961345
44 43 40 0.0 0.0 1.0 0.0 129.0 2.0 0.0 0.6578947368421051
44 43 41 0.0 0.0 0.0 0.0 73.0 0.0 0.0 0.6753497346840327
44 43 42 0.0 0.0 0.0 0.0 28.0 0.0 0.0 0.6906758756783422
44 43 43 0.0 0.0 1.0 0.0 10.0 0.0 0.0 0.6961710591745399
44 43 44 0.0 0.0 0.0 0.0 4.0 0.0 0.0 0.6986027944111775
44 44 37 0.0 0.0 1.0 0.0 0.0 0.0 0.0 0.6996501749125437
44 44 38 0.0 0.0 3.0 0.0 29.0 0.0 0.0 0.6889763779527558
44 44 39 0.0 0.0 0.0 0.0 6.0 0.0 0.0 0.6982543640897755
44 44 40 0.0 0.0 0.0 0.0 18.0 0.0 0.0 0.6937561942517343
44 44 41 0.0 0.0 0.0 0.0 8.0 0.0 0.0 0.697211155378486
44 44 42 0.0 0.0 1.0 0.0 34.0 0.0 0.0 0.6879606879606879
44 45 39 0.0 0.0 0.0 0.0 3.0 0.0 0.0 0.6989515726410384
44 45 40 0.0 0.0 0.0 0.0 2.0 0.0 0.0 0.6993006993006992
44 45 41 0.0 0.0 0.0 0.0 2.0 0.0 0.0 0.6993006993006992
45 35 38 0.0 0.0 0.0 0.0 2.0 0.0 0.0 0.6993006993006992
45 35 39 0.0 0.0 0.0 0.0 2.0 0.0 0.0 0.6993006993006992
45 36 38 0.0 0.0 0.0 0.0 7.0 0.0 0.0 0.6975585450921773
45 36 39 0.0 0.0 1.0 0.0 8.0 0.0 0.0 0.6968641114982577
45 36 40 0.0 0.0 0.0 0.0 2.0 0.0 0.0 0.6993006993006992
45 37 37 0.0 0.0 0.0 0.0 3.0 0.0 0.0 0.6989515726410384
45 37 38 0.0 0.0 0.0 0.0 9.0 0.0 0.0 0.6968641114982577
45 37 39 0.0 0.0 68.0 0.0 2030.0 17.0 24.0 0.3430531732418524
45 37 40 0.0 0.0 89.0 0.0 1762.0 13.0 17.0 0.3647733194372068
45 37 41 0.0 0.0 21.0 0.0 537.0 3.0 3.0 0.547945205479452
45 37 42 0.0 0.0 0.0 0.0 9.0 0.0 0.0 0.6968641114982577
45 37 43 0.0 0.0 0.0 0.0 3.0 0.0 0.0 0.6989515726410384
45 38 36 0.0 0.0 0.0 0.0 1.0 0.0 0.0 0.6996501749125437
45 38 37 0.0 0.0 0.0 0.0 1.0 0.0 0.0 0.6996501749125437
45 38 38 0.0 0.0 3.0 0.0 36.0 1.0 0.0 0.6869479882237487
45 38 39 0.0 0.0 0.0 0.0 74.0 0.0 0.0 0.6750241080038573
45 38 40 0.0 0.0 16.0 0.0 271.0 3.0 0.0 0.6132282084975909
45 38 41 0.0 0.0 235.0 0.0 5212.0 23.0 342.0 0.18850141376060314
45 38 42 0.0 0.0 0.0 0.0 16.0 0.0 0.0 0.6944444444444444
45 38 43 0.0 0.0 0.0 0.0 1.0 0.0 0.0 0.6996501749125437
45 38 44 0.0 0.0 0.0 0.0 1.0 0.0 0.0 0.6996501749125437
45 39 36 0.0 0.0 0.0 0.0 3.0 0.0 0.0 0.6989515726410384
45 39 37 0.0 0.0 0.0 0.0 2.0 0.0 0.0 0.6993006993006992
45 39 38 0.0 0.0 0.0 0.0 11.0 0.0 0.0 0.6961710591745399
45 39 39 0.0 0.0 1.0 0.0 124.0 0.0 0.0 0.6588235294117646
45 39 40 0.0 0.0 3.0 0.0 141.0 1.0 0.0 0.6532897806812878
45 39 41 0.0 0.0 95.0 0.0 2078.0 13.0 24.0 0.33637674195098505
45 39 42 0.0 0.0 4.0 0.0 127.0 1.0 0.0 0.6572769953051641
45 39 43 0.0 0.0 0.0 0.0 15.0 0.0 0.0 0.694789081885856
45 39 44 0.0 0.0 0.0 0.0 4.0 0.0 0.0 0.6986027944111775
45 39 45 0.0 0.0 0.0 0.0 3.0 0.0 0.0 0.6989515726410384
45 40 36 0.0 0.0 0.0 0.0 3.0 0.0 0.0 0.6989515726410384
45 40 37 0.0 0.0 0.0 0.0 3.0 0.0 0.0 0.6989515726410384
45 40 38 0.0 0.0 0.0 0.0 12.0 0.0 0.0 0.6958250497017892
45 40 39 0.0 0.0 27.0 0.0 809.0 5.0 4.0 0.4945249028611797
45 40 40 0.0 0.0 9.0 0.0 205.0 3.0 0.0 0.6331976481230212
45 40 41 0.0 0.0 22.0 0.0 534.0 6.0 3.0 0.5490196078431372
45 40 42 0.0 0.0 1.0 0.0 44.0 0.0 0.0 0.6845965770171147
45 40 43 0.0 0.0 0.0 0.0 16.0 0.0 0.0 0.694789081885856
45 40 44 0.0 0.0 0.0 0.0 1.0 0.0 0.0 0.6996501749125437
45 40 45 0.0 0.0 0.0 0.0 1.0 0.0 0.0 0.6996501749125437
45 41 36 0.0 0.0 0.0 0.0 1.0 0.0 0.0 0.6996501749125437
45 41 37 0.0 0.0 0.0 0.0 1.0 0.0 0.0 0.6996501749125437
45 41 38 0.0 0.0 2.0 0.0 39.0 2.0 0.0 0.6866110838646394
45 41 39 0.0 0.0 202.0 0.0 4335.0 18.0 153.0 0.21469099831314212
45 41 40 0.0 0.0 19.0 0.0 418.0 4.0 0.0 0.575657894736842
45 41 41 0.0 0.0 4.0 0.0 105.0 1.0 0.0 0.6641366223908918
45 41 42 0.0 0.0 9.0 0.0 147.0 2.0 0.0 0.649953574744661
45 41 43 0.0 0.0 1.0 0.0 25.0 0.0 0.0 0.6910167818361302
45 42 38 0.0 0.0 7.0 0.0 223.0 2.0 0.0 0.6283662477558347
45 42 39 0.0 0.0 1.0 0.0 60.0 1.0 0.0 0.6796116504854368
45 42 40 0.0 0.0 11.0 0.0 172.0 1.0 0.0 0.6416131989000916
45 42 41 0.0 0.0 0.0 0.0 5.0 0.0 0.0 0.6982543640897755
45 42 42 0.0 0.0 2.0 0.0 11.0 0.0 0.0 0.695479384003974
45 42 43 0.0 0.0 0.0 0.0 2.0 0.0 0.0 0.6993006993006992
45 42 44 0.0 0.0 0.0 0.0 2.0 0.0 0.0 0.6993006993006992
45 43 38 0.0 0.0 2.0 0.0 34.0 1.0 0.0 0.6879606879606879
45 43 39 0.0 0.0 157.0 0.0 3024.0 18.0 56.0 0.2711601781909742
45 43 40 0.0 0.0 0.0 0.0 14.0 0.0 0.0 0.6951340615690167
45 43 41 0.0 0.0 0.0 0.0 2.0 0.0 0.0 0.6993006993006992
45 43 42 0.0 0.0 0.0 0.0 1.0 0.0 0.0 0.6996501749125437
45 44 39 0.0 0.0 0.0 0.0 2.0 0.0 0.0 0.6993006993006992
45 44 40 0.0 0.0 2.0 0.0 36.0 0.0 0.0 0.6869479882237487
46 36 38 0.0 0.0 0.0 0.0 1.0 0.0 0.0 0.6996501749125437
46 36 40 0.0 0.0 0.0 0.0 1.0 0.0 0.0 0.6996501749125437
46 37 39 0.0 0.0 0.0 0.0 1.0 0.0 0.0 0.6996501749125437
46 37 40 0.0 0.0 6.0 0.0 165.0 4.0 0.0 0.646054453161052
46 37 41 0.0 0.0 4.0 0.0 35.0 1.0 0.0 0.6869479882237487
46 37 42 0.0 0.0 0.0 0.0 5.0 0.0 0.0 0.6982543640897755
46 38 39 0.0 0.0 0.0 0.0 1.0 0.0 0.0 0.6996501749125437
46 38 40 0.0 0.0 0.0 0.0 4.0 0.0 0.0 0.6986027944111775
46 38 41 0.0 0.0 0.0 0.0 15.0 0.0 0.0 0.694789081885856
46 38 42 0.0 0.0 0.0 0.0 7.0 0.0 0.0 0.6979062811565303
46 39 40 0.0 0.0 0.0 0.0 4.0 0.0 0.0 0.6986027944111775
46 39 41 0.0 0.0 0.0 0.0 9.0 0.0 0.0 0.6968641114982577
46 39 42 0.0 0.0 0.0 0.0 4.0 0.0 0.0 0.6986027944111775
46 40 38 0.0 0.0 0.0 0.0 3.0 0.0 0.0 0.6989515726410384
46 40 39 0.0 0.0 0.0 0.0 1.0 0.0 0.0 0.6996501749125437
46 40 40 0.0 0.0 0.0 0.0 1.0 0.0 0.0 0.6996501749125437
46 40 41 0.0 0.0 0.0 0.0 1.0 0.0 0.0 0.6996501749125437
46 41 38 0.0 0.0 0.0 0.0 4.0 0.0 0.0 0.6986027944111775
46 41 39 0.0 0.0 1.0 0.0 13.0 0.0 0.0 0.6951340615690167
46 41 40 0.0 0.0 0.0 0.0 7.0 0.0 0.0 0.6975585450921773
46 42 38 0.0 0.0 0.0 0.0 6.0 0.0 0.0 0.6979062811565303
46 42 39 0.0 0.0 0.0 0.0 1.0 0.0 0.0 0.6996501749125437
46 42 40 0.0 0.0 0.0 0.0 4.0 0.0 0.0 0.6986027944111775
46 42 41 0.0 0.0 0.0 0.0 1.0 0.0 0.0 0.6996501749125437
46 43 38 0.0 0.0 0.0 0.0 1.0 0.0 0.0 0.6996501749125437
46 43 39 0.0 0.0 3.0 0.0 40.0 1.0 0.0 0.6856023506366307
