34 39 38 0.0 0.0 0.0 0.0 3.0 0.0 0.0 0.6989515726410384
34 39 39 0.0 0.0 0.0 0.0 5.0 0.0 0.0 0.6982543640897755
34 40 38 0.0 0.0 18.0 0.0 292.0 3.0 0.0 0.6068487212830515
34 40 39 0.0 0.0 1.0 0.0 42.0 1.0 0.0 0.6856023506366307
34 40 40 0.0 0.0 0.0 0.0 5.0 0.0 0.0 0.6982543640897755
34 41 38 0.0 0.0 0.0 0.0 3.0 0.0 0.0 0.6989515726410384
34 41 39 0.0 0.0 0.0 0.0 8.0 0.0 0.0 0.697211155378486
34 41 40 0.0 0.0 0.0 0.0 4.0 0.0 0.0 0.6986027944111775
34 42 38 0.0 0.0 8.0 0.0 152.0 4.0 0.0 0.6493506493506492
34 42 39 0.0 0.0 13.0 0.0 133.0 2.0 0.0 0.6529850746268656
34 42 40 0.0 0.0 0.0 0.0 2.0 0.0 0.0 0.6993006993006992
35 36 38 0.0 0.0 0.0 0.0 2.0 0.0 0.0 0.6993006993006992
35 36 39 0.0 0.0 0.0 0.0 1.0 0.0 0.0 0.6996501749125437
35 36 40 0.0 0.0 0.0 0.0 1.0 0.0 0.0 0.6996501749125437
35 36 41 0.0 0.0 0.0 0.0 1.0 0.0 0.0 0.6996501749125437
35 37 39 0.0 0.0 0.0 0.0 1.0 0.0 0.0 0.6996501749125437
35 37 40 0.0 0.0 0.0 0.0 3.0 0.0 0.0 0.6989515726410384
35 37 41 0.0 0.0 0.0 0.0 3.0 0.0 0.0 0.6989515726410384
35 37 42 0.0 0.0 0.0 0.0 4.0 0.0 0.0 0.6986027944111775
35 38 37 0.0 0.0 2.0 0.0 39.0 0.0 0.0 0.6859382655560998
35 38 38 0.0 0.0 0.0 0.0 6.0 0.0 0.0 0.6979062811565303
35 38 39 0.0 0.0 0.0 0.0 4.0 0.0 0.0 0.6986027944111775
35 38 40 0.0 0.0 0.0 0.0 17.0 0.0 0.0 0.694100148735746
35 38 41 0.0 0.0 0.0 0.0 9.0 0.0 0.0 0.6968641114982577
35 38 42 0.0 0.0 0.0 0.0 4.0 0.0 0.0 0.6986027944111775
35 38 43 0.0 0.0 0.0 0.0 5.0 0.0 0.0 0.6982543640897755
35 39 37 0.0 0.0 0.0 0.0 13.0 0.0 0.0 0.695479384003974
35 39 38 0.0 0.0 47.0 0.0 826.0 10.0 1.0 0.4889975550122249
35 39 39 0.0 0.0 1.0 0.0 83.0 1.0 0.0 0.6721075372059528
35 39 40 0.0 0.0 7.0 0.0 127.0 1.0 0.0 0.6563525550867322
35 39 41 0.0 0.0 0.0 0.0 12.0 0.0 0.0 0.6958250497017892
35 39 42 0.0 0.0 1.0 0.0 18.0 0.0 0.0 0.6937561942517343
35 39 43 0.0 0.0 0.0 0.0 17.0 0.0 0.0 0.694100148735746
35 39 44 0.0 0.0 0.0 0.0 2.0 0.0 0.0 0.6993006993006992
35 40 37 0.0 0.0 1.0 0.0 19.0 0.0 0.0 0.6930693069306929
35 40 38 0.0 0.0 26.0 0.0 863.0 9.0 6.0 0.486111111111111
35 40 39 0.0 0.0 210.0 0.0 4755.0 20.0 235.0 0.2015548517132162
35 40 40 0.0 0.0 4.0 0.0 71.0 0.0 0.0 0.6746987951807227
35 40 41 0.0 0.0 1.0 0.0 54.0 0.0 0.0 0.6812652068126519
35 40 42 0.0 0.0 6.0 0.0 136.0 1.0 0.0 0.6542056074766354
35 40 43 0.0 0.0 0.0 0.0 11.0 0.0 0.0 0.6961710591745399
35 40 44 0.0 0.0 1.0 0.0 53.0 0.0 0.0 0.6815968841285296
35 41 37 0.0 0.0 0.0 0.0 3.0 0.0 0.0 0.6989515726410384
35 41 38 0.0 0.0 1.0 0.0 100.0 0.0 0.0 0.6666666666666665
35 41 39 0.0 0.0 183.0 0.0 3968.0 27.0 136.0 0.22857142857142854
35 41 40 0.0 0.0 1.0 0.0 61.0 0.0 1.0 0.6789524733268669
35 41 41 0.0 0.0 1.0 0.0 22.0 1.0 0.0 0.6923837784371908
35 41 42 0.0 0.0 0.0 0.0 37.0 1.0 0.0 0.6876227897838899
35 41 43 0.0 0.0 0.0 0.0 21.0 0.0 0.0 0.6927263730826323
35 41 44 0.0 0.0 4.0 0.0 36.0 2.0 0.0 0.6869479882237487
35 42 36 0.0 0.0 0.0 0.0 1.0 0.0 0.0 0.6996501749125437
35 42 38 0.0 0.0 0.0 0.0 13.0 0.0 0.0 0.695479384003974
35 42 39 0.0 0.0 6.0 0.0 60.0 2.0 0.0 0.6782945736434108
35 42 40 0.0 0.0 10.0 0.0 128.0 3.0 0.0 0.6557377049180326
35 42 41 0.0 0.0 0.0 0.0 20.0 0.0 0.0 0.6930693069306929
35 42 42 0.0 0.0 0.0 0.0 18.0 0.0 0.0 0.6937561942517343
35 42 43 0.0 0.0 0.0 0.0 7.0 0.0 0.0 0.6975585450921773
35 43 40 0.0 0.0 0.0 0.0 1.0 0.0 0.0 0.6996501749125437
35 43 41 0.0 0.0 0.0 0.0 8.0 0.0 0.0 0.697211155378486
35 43 42 0.0 0.0 17.0 0.0 242.0 4.0 1.0 0.6208425720620842
35 43 43 0.0 0.0 0.0 0.0 9.0 0.0 0.0 0.6968641114982577
36 35 38 0.0 0.0 0.0 0.0 7.0 0.0 0.0 0.6975585450921773
36 35 39 0.0 0.0 0.0 0.0 2.0 0.0 0.0 0.6993006993006992
36 36 36 0.0 0.0 0.0 0.0 1.0 0.0 0.0 0.6996501749125437
36 36 37 0.0 0.0 9.0 0.0 181.0 1.0 0.0 0.639561443581544
36 36 38 0.0 0.0 0.0 0.0 14.0 0.0 0.0 0.6951340615690167
36 36 39 0.0 0.0 0.0 0.0 10.0 0.0 0.0 0.6965174129353233
36 36 40 0.0 0.0 0.0 0.0 22.0 1.0 0.0 0.6927263730826323
36 36 41 0.0 0.0 0.0 0.0 11.0 1.0 0.0 0.6965174129353233
36 36 42 0.0 0.0 0.0 0.0 4.0 0.0 0.0 0.6986027944111775
36 36 43 0.0 0.0 0.0 0.0 2.0 0.0 0.0 0.6993006993006992
36 37 36 0.0 0.0 0.0 0.0 13.0 0.0 0.0 0.695479384003974
36 37 37 0.0 0.0 2.0 0.0 21.0 0.0 0.0 0.6920415224913494
36 37 38 0.0 0.0 0.0 0.0 83.0 0.0 0.0 0.6721075372059528
36 37 39 0.0 0.0 70.0 0.0 1722.0 18.0 17.0 0.3709591944886062
36 37 40 0.0 0.0 59.0 0.0 1418.0 14.0 7.0 0.404273751082876
36 37 41 0.0 0.0 77.0 0.0 1749.0 14.0 15.0 0.36726128016789084
36 37 42 0.0 0.0 0.0 0.0 87.0 1.0 0.0 0.6711409395973154
36 37 43 0.0 0.0 0.0 0.0 5.0 0.0 0.0 0.6982543640897755
36 38 36 0.0 0.0 0.0 0.0 3.0 0.0 0.0 0.6989515726410384
36 38 37 0.0 0.0 0.0 0.0 22.0 0.0 0.0 0.6923837784371908
36 38 38 0.0 0.0 27.0 0.0 665.0 9.0 2.0 0.5218039508013418
36 38 39 0.0 0.0 70.0 0.0 1759.0 14.0 20.0 0.3669724770642201
36 38 40 0.0 0.0 137.0 0.0 3110.0 19.0 68.0 0.2677888293802601
36 38 41 0.0 0.0 26.0 0.0 813.0 11.0 5.0 0.49522461973823834
36 38 42 0.0 0.0 8.0 0.0 341.0 1.0 1.0 0.5965061780997016
36 38 43 0.0 0.0 0.0 0.0 35.0 0.0 0.0 0.6879606879606879
36 38 44 0.0 0.0 0.0 0.0 17.0 0.0 0.0 0.694100148735746
36 39 36 0.0 0.0 0.0 0.0 6.0 0.0 0.0 0.6979062811565303
36 39 37 0.0 0.0 9.0 0.0 357.0 2.0 0.0 0.5922165820642977
36 39 38 0.0 0.0 208.0 0.0 5114.0 15.0 305.0 0.19154467095361877
36 39 39 0.0 0.0 211.0 0.0 4624.0 19.0 233.0 0.20530869628977852
36 39 40 0.0 0.0 119.0 0.0 3181.0 13.0 98.0 0.2648004539436353
36 39 41 0.0 0.0 7.0 0.0 335.0 2.0 0.0 0.5982905982905982
36 39 42 0.0 0.0 307.0 0.0 6103.0 25.0 412.0 0.16688520681845273
36 39 43 0.0 0.0 4.0 0.0 100.0 1.0 1.0 0.6657156443176413
36 39 44 0.0 0.0 1.0 0.0 12.0 0.0 0.0 0.695479384003974
36 40 37 0.0 0.0 3.0 0.0 77.0 2.0 0.0 0.6737247353224253
36 40 38 0.0 0.0 137.0 0.0 3584.0 16.0 108.0 0.2453557658604977
36 40 39 0.0 0.0 388.0 0.0 8407.0 20.0 1347.0 0.12982195845697328
36 40 40 0.0 0.0 191.0 0.0 4277.0 15.0 135.0 0.2169869807811531
36 40 41 0.0 0.0 76.0 0.0 1781.0 9.0 15.0 0.3640145605824232
36 40 42 0.0 0.0 8.0 0.0 561.0 3.0 3.0 0.5455962587685113
36 40 43 0.0 0.0 127.0 0.0 2979.0 13.0 63.0 0.27488709994109556
36 40 44 0.0 0.0 0.0 0.0 14.0 0.0 0.0 0.6951340615690167
36 40 45 0.0 0.0 0.0 0.0 1.0 0.0 0.0 0.6996501749125437
36 41 37 0.0 0.0 3.0 0.0 289.0 0.0 1.0 0.6108202443280977
36 41 38 0.0 0.0 161.0 0.0 3583.0 14.0 104.0 0.2443280977312391
36 41 39 0.0 0.0 242.0 0.0 6221.0 15.0 542.0 0.16560208185474326
36 41 40 0.0 0.0 107.0 0.0 2595.0 8.0 46.0 0.2981895633652822
36 41 41 0.0 0.0 369.0 0.0 7516.0 16.0 801.0 0.1418152350081037
36 41 42 0.0 0.0 341.0 0.0 7027.0 17.0 663.0 0.1495886312640239
36 41 43 0.0 0.0 47.0 0.0 1301.0 10.0 5.0 0.4194128220491312
36 41 44 0.0 0.0 0.0 0.0 13.0 0.0 0.0 0.695479384003974
36 42 37 0.0 0.0 0.0 0.0 36.0 0.0 0.0 0.6876227897838899
36 42 38 0.0 0.0 0.0 0.0 111.0 1.0 0.0 0.6638217164532954
36 42 39 0.0 0.0 42.0 0.0 1100.0 10.0 7.0 0.44685604851579946
36 42 40 0.0 0.0 58.0 0.0 1534.0 7.0 17.0 0.3906249999999999
36 42 41 0.0 0.0 92.0 0.0 1821.0 18.0 23.0 0.3595274781715459
36 42 42 0.0 0.0 282.0 0.0 5664.0 23.0 303.0 0.17670074466742394
36 42 43 0.0 0.0 30.0 0.0 772.0 10.0 4.0 0.5014326647564469
36 42 44 0.0 0.0 1.0 0.0 57.0 0.0 0.0 0.6806028196402526
36 43 37 0.0 0.0 0.0 0.0 7.0 0.0 0.0 0.6975585450921773
36 43 38 0.0 0.0 0.0 0.0 35.0 0.0 0.0 0.6879606879606879
36 43 39 0.0 0.0 23.0 0.0 562.0 8.0 5.0 0.5432673651532789
36 43 40 0.0 0.0 25.0 0.0 558.0 3.0 0.0 0.5426356589147286
36 43 41 0.0 0.0 2.0 0.0 192.0 2.0 0.0 0.6386861313868613
36 43 42 0.0 0.0 0.0 0.0 53.0 0.0 0.0 0.6819288845591815
36 43 43 0.0 0.0 0.0 0.0 32.0 0.0 0.0 0.6893156080748399
36 43 44 0.0 0.0 2.0 0.0 34.0 1.0 0.0 0.6879606879606879
36 44 37 0.0 0.0 0.0 0.0 1.0 0.0 0.0 0.6996501749125437
36 44 38 0.0 0.0 1.0 0.0 2.0 0.0 0.0 0.6989515726410384
36 44 39 0.0 0.0 0.0 0.0 4.0 0.0 0.0 0.6986027944111775
36 44 40 0.0 0.0 0.0 0.0 7.0 0.0 0.0 0.6975585450921773
36 44 41 0.0 0.0 6.0 0.0 139.0 2.0 0.0 0.6532897806812878
36 44 42 0.0 0.0 0.0 0.0 10.0 0.0 0.0 0.6965174129353233
36 45 38 0.0 0.0 0.0 0.0 1.0 0.0 0.0 0.6996501749125437
36 45 39 0.0 0.0 0.0 0.0 2.0 0.0 0.0 0.6993006993006992
37 35 38 0.0 0.0 0.0 0.0 4.0 0.0 0.0 0.6986027944111775
37 35 39 0.0 0.0 0.0 0.0 4.0 0.0 0.0 0.6986027944111775
37 35 40 0.0 0.0 0.0 0.0 2.0 0.0 0.0 0.6993006993006992
37 36 36 0.0 0.0 0.0 0.0 10.0 0.0 0.0 0.6965174129353233
37 36 37 0.0 0.0 0.0 0.0 13.0 0.0 0.0 0.695479384003974
37 36 38 0.0 0.0 1.0 0.0 38.0 1.0 0.0 0.6869479882237487
37 36 39 0.0 0.0 125.0 0.0 3104.0 16.0 68.0 0.26855937080375974
37 36 40 0.0 0.0 14.0 0.0 198.0 3.0 0.0 0.6340579710144926
37 36 41 0.0 0.0 20.0 0.0 571.0 7.0 0.0 0.5417956656346749
37 36 42 0.0 0.0 0.0 0.0 19.0 0.0 0.0 0.6934125804853887
37 36 43 0.0 0.0 0.0 0.0 5.0 0.0 0.0 0.6982543640897755
37 37 36 0.0 0.0 0.0 0.0 10.0 0.0 0.0 0.6965174129353233
37 37 37 0.0 0.0 200.0 0.0 4631.0 14.0 204.0 0.20530869628977852
37 37 38 0.0 0.0 190.0 0.0 4250.0 14.0 178.0 0.21779713752333538
37 37 39 0.0 0.0 70.0 0.0 1711.0 15.0 11.0 0.37184594953519245
37 37 40 0.0 0.0 389.0 0.0 8106.0 18.0 1143.0 0.13349861733574903
37 37 41 0.0 0.0 71.0 0.0 2050.0 13.0 23.0 0.3407984420642648
37 37 42 0.0 0.0 214.0 0.0 4901.0 18.0 237.0 0.19718309859154928
37 37 43 0.0 0.0 1.0 0.0 67.0 0.0 0.0 0.6773101112723753
37 38 36 0.0 0.0 0.0 0.0 14.0 0.0 0.0 0.6951340615690167
37 38 37 0.0 0.0 60.0 0.0 1442.0 9.0 9.0 0.4008016032064127
37 38 38 0.0 0.0 244.0 0.0 5727.0 20.0 407.0 0.17601206939904446
37 38 39 0.0 0.0 702.0 0.0 11518.0 31.0 5077.0 0.09853603603603601
37 38 40 0.0 0.0 608.0 0.0 10802.0 21.0 3014.0 0.10443085185737729
37 38 41 0.0 0.0 850.0 0.0 12460.0 28.0 6503.0 0.09153916568588988
37 38 42 0.0 0.0 190.0 0.0 4571.0 14.0 253.0 0.20746887966804975
37 38 43 0.0 0.0 5.0 0.0 124.0 1.0 0.0 0.6578947368421051
37 38 44 0.0 0.0 0.0 0.0 18.0 0.0 0.0 0.6937561942517343
37 39 36 0.0 0.0 10.0 0.0 134.0 6.0 0.0 0.6548175865294666
37 39 37 0.0 0.0 100.0 0.0 2484.0 10.0 32.0 0.30614476273780883
37 39 38 0.0 0.0 248.0 0.0 5944.0 20.0 441.0 0.17133765756945293
37 39 39 0.0 0.0 414.0 0.0 8974.0 29.0 1777.0 0.12316354359109702
37 39 40 0.0 0.0 489.0 0.0 9450.0 29.0 2061.0 0.11745951841597449
37 39 41 0.0 0.0 333.0 0.0 6734.0 27.0 543.0 0.1547645368118505
37 39 42 0.0 0.0 203.0 0.0 5013.0 17.0 273.0 0.1944714543686623
37 39 43 0.0 0.0 396.0 0.0 7419.0 25.0 780.0 0.14293006636038794
37 39 44 0.0 0.0 1.0 0.0 71.0 1.0 0.0 0.6760019314340897
37 39 45 0.0 0.0 0.0 0.0 1.0 0.0 0.0 0.6996501749125437
37 40 36 0.0 0.0 0.0 0.0 29.0 0.0 0.0 0.6899950714637751
37 40 37 0.0 0.0 22.0 0.0 602.0 4.0 1.0 0.5343511450381678
37 40 38 0.0 0.0 320.0 0.0 7019.0 21.0 754.0 0.15015015015015012
37 40 39 0.0 0.0 966.0 0.0 12942.0 27.0 8774.0 0.08800603469952224
37 40 40 0.0 0.0 547.0 0.0 10637.0 19.0 3069.0 0.10620543164921861
37 40 41 0.0 0.0 502.0 0.0 9715.0 28.0 2294.0 0.11481997867628965
37 40 42 0.0 0.0 407.0 0.0 8694.0 28.0 1510.0 0.12637660227477882
37 40 43 0.0 0.0 192.0 0.0 4890.0 18.0 287.0 0.19807583474816068
37 40 44 0.0 0.0 130.0 0.0 2371.0 16.0 23.0 0.3120124804992199
37 41 36 0.0 0.0 0.0 0.0 6.0 0.0 0.0 0.6979062811565303
37 41 37 0.0 0.0 20.0 0.0 429.0 7.0 1.0 0.5733005733005732
37 41 38 0.0 0.0 427.0 0.0 8648.0 26.0 1327.0 0.1266509860683915
37 41 39 0.0 0.0 610.0 0.0 10860.0 27.0 3212.0 0.10405053883314752
37 41 40 0.0 0.0 563.0 0.0 10453.0 22.0 2873.0 0.10767574219350867
37 41 41 0.0 0.0 675.0 1.0 11611.0 32.0 4152.0 0.0980804259492784
37 41 42 0.0 0.0 911.0 0.0 12597.0 37.0 8392.0 0.09036338991802748
37 41 43 0.0 0.0 109.0 0.0 2342.0 18.0 27.0 0.31581321903902543
37 41 44 0.0 0.0 0.0 0.0 36.0 0.0 0.0 0.6876227897838899
37 41 45 0.0 0.0 0.0 0.0 1.0 0.0 0.0 0.6996501749125437
37 42 36 0.0 0.0 0.0 0.0 1.0 0.0 0.0 0.6996501749125437
37 42 37 0.0 0.0 15.0 0.0 381.0 4.0 0.0 0.5852842809364547
37 42 38 0.0 0.0 318.0 0.0 6834.0 17.0 692.0 0.1531896268738374
37 42 39 0.0 0.0 349.0 0.0 7348.0 19.0 807.0 0.14461315979754158
37 42 40 0.0 0.0 479.0 0.0 9672.0 19.0 2226.0 0.11529276126163221
37 42 41 0.0 0.0 217.0 0.0 5368.0 14.0 358.0 0.18484288354898332
37 42 42 0.0 0.0 302.0 0.0 6792.0 29.0 700.0 0.15435501653803746
37 42 43 0.0 0.0 369.0 0.0 7780.0 19.0 1024.0 0.13809429867824027
37 42 44 0.0 0.0 32.0 0.0 765.0 4.0 3.0 0.5012531328320802
37 42 45 0.0 0.0 0.0 0.0 1.0 0.0 0.0 0.6996501749125437
37 43 37 0.0 0.0 0.0 0.0 16.0 0.0 0.0 0.6944444444444444
37 43 38 0.0 0.0 85.0 0.0 1949.0 13.0 21.0 0.3481720964934096
37 43 39 0.0 0.0 172.0 0.0 3383.0 22.0 72.0 0.25298156848572456
37 43 40 0.0 0.0 105.0 0.0 2311.0 15.0 31.0 0.3181818181818181
37 43 41 0.0 0.0 371.0 0.0 8076.0 24.0 1064.0 0.1342410585866334
37 43 42 0.0 0.0 32.0 0.0 842.0 5.0 6.0 0.48797490414778655
37 43 43 0.0 0.0 49.0 0.0 1038.0 7.0 6.0 0.45454545454545453
37 43 44 0.0 0.0 0.0 0.0 18.0 0.0 0.0 0.6937561942517343
37 43 45 0.0 0.0 0.0 0.0 1.0 0.0 0.0 0.6996501749125437
37 44 38 0.0 0.0 0.0 0.0 29.0 1.0 0.0 0.690335305719921
37 44 39 0.0 0.0 119.0 0.0 2709.0 11.0 45.0 0.29051670471052077
37 44 40 0.0 0.0 0.0 0.0 64.0 1.0 0.0 0.6786233640329616
37 44 41 0.0 0.0 1.0 0.0 42.0 0.0 0.0 0.6852667645619186
37 44 42 0.0 0.0 0.0 0.0 18.0 0.0 0.0 0.6937561942517343
37 44 43 0.0 0.0 0.0 0.0 1.0 0.0 0.0 0.6996501749125437
37 44 44 0.0 0.0 0.0 0.0 1.0 0.0 0.0 0.6996501749125437
37 45 38 0.0 0.0 0.0 0.0 1.0 0.0 0.0 0.6996501749125437
37 45 39 0.0 0.0 0.0 0.0 3.0 0.0 0.0 0.6989515726410384
37 45 40 0.0 0.0 0.0 0.0 4.0 0.0 0.0 0.6989515726410384
37 45 41 0.0 0.0 0.0 0.0 3.0 0.0 0.0 0.6989515726410384
38 35 39 0.0 0.0 1.0 0.0 20.0 0.0 0.0 0.6927263730826323
38 35 40 0.0 0.0 0.0 0.0 13.0 0.0 0.0 0.695479384003974
38 35 41 0.0 0.0 0.0 0.0 6.0 0.0 0.0 0.6979062811565303
38 36 35 0.0 0.0 0.0 0.0 1.0 0.0 0.0 0.6996501749125437
38 36 36 0.0 0.0 0.0 0.0 13.0 0.0 0.0 0.695479384003974
38 36 37 0.0 0.0 9.0 0.0 182.0 2.0 0.0 0.639561443581544
38 36 38 0.0 0.0 1.0 0.0 111.0 0.0 0.0 0.6628787878787878
38 36 39 0.0 0.0 7.0 0.0 296.0 2.0 0.0 0.608695652173913
38 36 40 0.0 0.0 51.0 0.0 1281.0 5.0 8.0 0.4209260372820204
38 36 41 0.0 0.0 46.0 0.0 1066.0 6.0 5.0 0.4507405022537025
38 36 42 0.0 0.0 0.0 0.0 51.0 0.0 0.0 0.68259385665529
38 36 43 0.0 0.0 0.0 0.0 7.0 0.0 0.0 0.6975585450921773
38 36 44 0.0 0.0 0.0 0.0 4.0 0.0 0.0 0.6986027944111775
38 37 35 0.0 0.0 0.0 0.0 3.0 0.0 0.0 0.6989515726410384
38 37 36 0.0 0.0 1.0 0.0 62.0 0.0 0.0 0.6786233640329616
38 37 37 0.0 0.0 78.0 0.0 2224.0 15.0 30.0 0.3265686960578493
38 37 38 0.0 0.0 173.0 0.0 4285.0 15.0 166.0 0.21732381248059604
38 37 39 0.0 0.0 497.0 0.0 9473.0 17.0 2045.0 0.11704706964300642
38 37 40 0.0 0.0 255.0 0.0 5797.0 23.0 394.0 0.17430278884462147
38 37 41 0.0 0.0 265.0 0.0 6081.0 22.0 496.0 0.1681479702137881
38 37 42 0.0 0.0 103.0 0.0 2483.0 15.0 37.0 0.3063457330415755
38 37 43 0.0 0.0 44.0 0.0 812.0 15.0 2.0 0.492784230904611
38 37 44 0.0 0.0 4.0 0.0 49.0 0.0 0.0 0.6819288845591815
38 38 35 0.0 0.0 0.0 0.0 12.0 0.0 0.0 0.6958250497017892
38 38 36 0.0 0.0 12.0 0.0 324.0 2.0 0.0 0.5998286203941731
38 38 37 0.0 0.0 149.0 0.0 3100.0 19.0 66.0 0.26768642447418733
38 38 38 0.0 0.0 846.0 0.0 12452.0 28.0 7329.0 0.09156910196873569
38 38 39 0.0 0.0 770.0 0.0 12163.0 23.0 5378.0 0.09380863039399624
38 38 40 0.0 0.0 556.0 0.0 10258.0 23.0 2440.0 0.10934083099031551
38 38 41 0.0 0.0 866.0 0.0 12576.0 26.0 7432.0 0.09066183136899364
38 38 42 0.0 0.0 516.0 0.0 9842.0 20.0 2138.0 0.1133878674981777
38 38 43 0.0 0.0 190.0 0.0 4478.0 20.0 194.0 0.21055797864340497
38 38 44 0.0 0.0 2.0 0.0 52.0 1.0 0.0 0.6819288845591815
38 38 45 0.0 0.0 0.0 0.0 1.0 0.0 0.0 0.6996501749125437
38 39 35 0.0 0.0 1.0 0.0 23.0 0.0 0.0 0.6916996047430829
38 39 36 0.0 0.0 24.0 0.0 494.0 4.0 1.0 0.5568814638027048
38 39 37 0.0 0.0 360.0 0.0 7757.0 22.0 953.0 0.1386001386001386
38 39 38 0.0 0.0 598.0 0.0 10274.0 23.0 2405.0 0.10883930653813262
38 39 39 0.0 0.0 1371.0 1.0 12847.0 30.0 20299.0 0.0862546978005052
38 39 40 0.0 0.0 1581.0 0.0 12992.0 47.0 23245.0 0.08451554482342287
38 39 41 0.0 0.0 684.0 0.0 11716.0 21.0 5076.0 0.09722222222222221
38 39 42 0.0 0.0 478.0 0.0 9195.0 22.0 1548.0 0.12008920912677988
38 39 43 0.0 0.0 151.0 0.0 3561.0 14.0 96.0 0.24570024570024565
38 39 44 0.0 0.0 93.0 0.0 2096.0 9.0 23.0 0.3349282296650717
38 39 45 0.0 0.0 0.0 0.0 5.0 0.0 0.0 0.6982543640897755
38 40 35 0.0 0.0 11.0 0.0 93.0 2.0 0.0 0.6660323501427211
38 40 36 0.0 0.0 23.0 0.0 581.0 4.0 1.0 0.5384615384615384
38 40 37 0.0 0.0 139.0 0.0 4120.0 17.0 184.0 0.2243230251562249
38 40 38 0.0 0.0 657.0 0.0 11144.0 21.0 3430.0 0.1015007612557094
38 40 39 0.0 0.0 1319.0 2.0 13440.0 46.0 15823.0 0.08353221957040573
38 40 40 0.0 0.0 1178.0 0.0 13137.0 37.0 15371.0 0.08582112425672776
38 40 41 0.0 0.0 1249.0 2.0 13242.0 46.0 14648.0 0.08498239650358139
38 40 42 0.0 0.0 822.0 0.0 12524.0 31.0 5513.0 0.09124682265528253
38 40 43 0.0 0.0 268.0 0.0 6054.0 20.0 435.0 0.16853256289876006
38 40 44 0.0 0.0 2.0 0.0 175.0 1.0 1.0 0.6436781609195401
38 40 45 0.0 0.0 0.0 0.0 9.0 0.0 0.0 0.6968641114982577
38 41 35 0.0 0.0 1.0 0.0 16.0 0.0 0.0 0.694100148735746
38 41 36 0.0 0.0 7.0 0.0 271.0 1.0 0.0 0.6153846153846153
38 41 37 0.0 0.0 157.0 0.0 4184.0 25.0 191.0 0.22165927802406582
38 41 38 0.0 0.0 358.0 6.0 7692.0 22.0 913.0 0.13947001394700137
38 41 39 0.0 0.0 1064.0 0.0 13008.0 31.0 11577.0 0.08709717556302102
38 41 40 0.0 0.0 1525.0 0.0 12614.0 43.0 23791.0 0.08670341239858796
38 41 41 0.0 0.0 1051.0 1.0 13320.0 25.0 9807.0 0.0855222968845449
38 41 42 0.0 0.0 721.0 0.0 11817.0 30.0 4455.0 0.09636563876651981
38 41 43 0.0 0.0 205.0 0.0 5291.0 19.0 348.0 0.1872659176029962
38 41 44 0.0 0.0 41.0 0.0 934.0 10.0 4.0 0.4723346828609986
38 41 45 0.0 0.0 0.0 0.0 2.0 0.0 0.0 0.6993006993006992
38 42 36 0.0 0.0 6.0 0.0 152.0 3.0 0.0 0.6496519721577725
38 42 37 0.0 0.0 14.0 0.0 293.0 4.0 0.0 0.60790273556231
38 42 38 0.0 0.0 237.0 3.0 5820.0 19.0 415.0 0.17406440382941687
38 42 39 0.0 0.0 873.0 0.0 12630.0 26.0 7109.0 0.0903400658191908
38 42 40 0.0 0.0 1031.0 1.0 12929.0 36.0 10718.0 0.0877412885434946
38 42 41 0.0 0.0 874.0 2.0 12612.0 36.0 6884.0 0.09042175289026673
38 42 42 0.0 0.0 261.0 1.0 5635.0 21.0 296.0 0.17773263932969402
38 42 43 0.0 0.0 210.0 0.0 4484.0 18.0 194.0 0.2097064110245656
38 42 44 0.0 0.0 40.0 0.0 1007.0 5.0 2.0 0.46022353714661396
38 42 45 0.0 0.0 1.0 0.0 20.0 1.0 0.0 0.6930693069306929
38 43 36 0.0 0.0 0.0 0.0 26.0 0.0 0.0 0.6910167818361302
38 43 37 0.0 0.0 4.0 0.0 136.0 1.0 0.0 0.6548175865294666
38 43 38 0.0 0.0 38.0 0.0 987.0 13.0 3.0 0.4648074369189906
38 43 39 0.0 0.0 540.0 1.0 10040.0 30.0 2747.0 0.11142948105698822
38 43 40 0.0 0.0 315.0 1.0 7397.0 20.0 839.0 0.1443745488295349
38 43 41 0.0 0.0 156.0 0.0 3936.0 13.0 124.0 0.23014959723820477
38 43 42 0.0 0.0 103.0 0.0 2581.0 20.0 44.0 0.30010718113612
38 43 43 0.0 0.0 14.0 0.0 381.0 2.0 0.0 0.5852842809364547
38 43 44 0.0 0.0 98.0 0.0 2278.0 12.0 30.0 0.3208065994500458
38 43 45 0.0 0.0 0.0 0.0 1.0 0.0 0.0 0.6996501749125437
38 44 36 0.0 0.0 0.0 0.0 5.0 0.0 0.0 0.6982543640897755
38 44 37 0.0 0.0 0.0 0.0 15.0 0.0 0.0 0.694789081885856
38 44 38 0.0 0.0 0.0 0.0 73.0 1.0 0.0 0.6756756756756755
38 44 39 0.0 0.0 2.0 0.0 156.0 1.0 0.0 0.6493506493506492
38 44 40 0.0 0.0 134.0 0.0 2603.0 14.0 33.0 0.2962962962962962
38 44 41 0.0 0.0 0.0 0.0 60.0 0.0 0.0 0.6799417192812044
38 44 42 0.0 0.0 7.0 0.0 243.0 2.0 0.0 0.6227758007117437
38 44 43 0.0 0.0 0.0 0.0 2.0 0.0 0.0 0.6993006993006992
38 44 44 0.0 0.0 0.0 0.0 3.0 0.0 0.0 0.6989515726410384
38 45 37 0.0 0.0 0.0 0.0 1.0 0.0 0.0 0.6996501749125437
38 45 39 0.0 0.0 0.0 0.0 6.0 0.0 0.0 0.6979062811565303
38 45 40 0.0 0.0 0.0 0.0 2.0 0.0 0.0 0.6993006993006992
38 45 42 0.0 0.0 0.0 0.0 1.0 0.0 0.0 0.6996501749125437
39 35 38 0.0 0.0 0.0 0.0 6.0 0.0 0.0 0.6982543640897755
39 35 39 0.0 0.0 1.0 0.0 20.0 0.0 0.0 0.6927263730826323
39 35 40 0.0 0.0 0.0 0.0 11.0 0.0 0.0 0.6961710591745399
39 35 41 0.0 0.0 2.0 0.0 12.0 0.0 0.0 0.6951340615690167
39 36 35 0.0 0.0 0.0 0.0 10.0 0.0 0.0 0.6965174129353233
39 36 36 0.0 0.0 9.0 0.0 116.0 3.0 0.0 0.6597549481621111
39 36 37 0.0 0.0 3.0 0.0 87.0 1.0 0.0 0.6701771182383915
39 36 38 0.0 0.0 32.0 0.0 651.0 7.0 2.0 0.5231689088191329
39 36 39 0.0 0.0 33.0 0.0 1039.0 4.0 9.0 0.4563233376792698
39 36 40 0.0 0.0 248.0 0.0 5464.0 29.0 376.0 0.18212566671002992
39 36 41 0.0 0.0 29.0 0.0 998.0 5.0 5.0 0.46326935804103236
39 36 42 0.0 0.0 13.0 0.0 514.0 4.0 2.0 0.5548949663099484
39 36 43 0.0 0.0 0.0 0.0 13.0 0.0 0.0 0.695479384003974
39 36 44 0.0 0.0 0.0 0.0 11.0 0.0 0.0 0.6961710591745399
39 37 35 0.0 0.0 0.0 0.0 14.0 0.0 0.0 0.6951340615690167
39 37 36 0.0 0.0 104.0 0.0 2375.0 17.0 39.0 0.31376064545047055
39 37 37 0.0 0.0 260.0 0.0 6388.0 15.0 551.0 0.16214964095436646
39 37 38 0.0 0.0 330.0 0.0 7405.0 20.0 868.0 0.14397367338543807
39 37 39 0.0 0.0 343.0 0.0 7587.0 13.0 974.0 0.1411290322580645
39 37 40 0.0 0.0 734.0 0.0 11862.0 33.0 4757.0 0.09602194787379972
39 37 41 0.0 0.0 657.0 0.0 10979.0 32.0 3751.0 0.10275229357798164
39 37 42 0.0 0.0 142.0 0.0 3045.0 16.0 58.0 0.2707930367504835
39 37 43 0.0 0.0 177.0 0.0 4266.0 26.0 180.0 0.21813649111872854
39 37 44 0.0 0.0 0.0 0.0 11.0 0.0 0.0 0.6961710591745399
39 37 45 0.0 0.0 0.0 0.0 1.0 0.0 0.0 0.6996501749125437
39 38 35 0.0 0.0 25.0 0.0 487.0 8.0 2.0 0.5591054313099041
39 38 36 0.0 0.0 183.0 0.0 4064.0 21.0 155.0 0.2248273647021037
39 38 37 0.0 0.0 489.0 0.0 9875.0 23.0 2548.0 0.11336032388663965
39 38 38 0.0 0.0 717.0 0.0 11900.0 26.0 5034.0 0.0958904109589041
39 38 39 0.0 0.0 777.0 0.0 12221.0 25.0 6032.0 0.09333955597039802
39 38 40 0.0 0.0 1361.0 0.0 13375.0 31.0 17105.0 0.083552160420148
39 38 41 0.0 0.0 573.0 0.0 10630.0 22.0 3014.0 0.10615711252653927
39 38 42 0.0 0.0 705.0 0.0 11645.0 34.0 4347.0 0.09768350544236672
39 38 43 0.0 0.0 175.0 0.0 3899.0 19.0 140.0 0.2312138728323699
39 38 44 0.0 0.0 108.0 0.0 2669.0 22.0 47.0 0.29436501261564335
39 38 45 0.0 0.0 0.0 0.0 4.0 0.0 0.0 0.6986027944111775
39 39 35 0.0 0.0 14.0 0.0 468.0 3.0 1.0 0.5647438483259378
39 39 36 0.0 0.0 317.0 0.0 6798.0 21.0 655.0 0.15393073117097306
39 39 37 0.0 0.0 464.0 0.0 9427.0 23.0 2004.0 0.11784511784511782
39 39 38 0.0 0.0 1114.0 0.0 13404.0 29.0 11393.0 0.08476115517345764
39 39 39 2.0 1.0 1657.0 14.0 12737.0 47.0 26434.0 0.08532943255927347
39 39 40 0.0 3.0 1791.0 20.0 13165.0 51.0 25352.0 0.08253257088958321
39 39 41 0.0 3.0 1938.0 16.0 12414.0 67.0 31650.0 0.08559026716390536
39 39 42 0.0 0.0 744.0 4.0 11765.0 40.0 4340.0 0.09667840618741799
39 39 43 0.0 0.0 255.0 0.0 5722.0 12.0 391.0 0.1757028112449799
39 39 44 0.0 0.0 25.0 0.0 692.0 6.0 5.0 0.5164146071560309
39 39 45 0.0 0.0 0.0 0.0 6.0 0.0 0.0 0.6979062811565303
39 40 34 0.0 0.0 0.0 0.0 1.0 0.0 0.0 0.6996501749125437
39 40 35 0.0 0.0 1.0 0.0 51.0 1.0 0.0 0.68259385665529
39 40 36 0.0 0.0 251.0 0.0 5416.0 18.0 299.0 0.18291089626339166
39 40 37 0.0 0.0 701.0 0.0 11479.0 16.0 3890.0 0.09876543209876543
39 40 38 0.0 1.0 1134.0 4.0 13139.0 37.0 12141.0 0.08603207767467584
39 40 39 0.0 0.0 1835.0 5.0 13034.0 37.0 27543.0 0.08286965786669823
39 40 40 0.0 5.0 2537.0 29.0 10565.0 46.0 51626.0 0.09240924092409239
39 40 41 0.0 6.0 1525.0 73.0 13688.0 52.0 18925.0 0.08102320736153712
39 40 42 0.0 4.0 571.0 75.0 10740.0 33.0 3184.0 0.10473554275454476
39 40 43 0.0 0.0 557.0 0.0 10564.0 26.0 2914.0 0.10684576051285964
39 40 44 0.0 0.0 218.0 0.0 4951.0 18.0 256.0 0.1956673654786862
39 40 45 0.0 0.0 0.0 0.0 7.0 0.0 0.0 0.6975585450921773
39 41 35 0.0 0.0 1.0 0.0 45.0 0.0 0.0 0.6842619745845552
39 41 36 0.0 0.0 95.0 0.0 2398.0 9.0 48.0 0.31208203299152915
39 41 37 0.0 0.0 334.0 0.0 8145.0 22.0 1088.0 0.1338176256929841
39 41 38 0.0 0.0 371.0 0.0 8068.0 25.0 1166.0 0.13439569933762116
39 41 39 0.0 0.0 1342.0 28.0 13652.0 36.0 16060.0 0.08224167303060564
39 41 40 0.0 5.0 1926.0 42.0 12181.0 50.0 32573.0 0.08668730650154798
39 41 41 0.0 0.0 1418.0 56.0 13546.0 41.0 17347.0 0.08225616921269095
39 41 42 0.0 2.0 842.0 35.0 12336.0 27.0 8314.0 0.0919781880296958
39 41 43 0.0 0.0 744.0 0.0 11780.0 29.0 4658.0 0.09649183265559307
39 41 44 0.0 0.0 28.0 0.0 818.0 7.0 2.0 0.49313138429024295
39 41 45 0.0 0.0 0.0 0.0 6.0 0.0 0.0 0.6979062811565303
39 42 35 0.0 0.0 0.0 0.0 5.0 0.0 0.0 0.6982543640897755
39 42 36 0.0 0.0 3.0 0.0 148.0 1.0 0.0 0.6511627906976742
39 42 37 0.0 0.0 506.0 0.0 9651.0 25.0 2323.0 0.11530225662987975
39 42 38 0.0 0.0 301.0 0.0 7066.0 26.0 764.0 0.14981273408239698
39 42 39 0.0 5.0 446.0 39.0 8950.0 24.0 1440.0 0.12253829321663018
39 42 40 0.0 2.0 898.0 54.0 12691.0 29.0 7429.0 0.08945115328094051
39 42 41 0.0 6.0 1033.0 72.0 12811.0 30.0 10847.0 0.08793417498900821
39 42 42 0.0 0.0 314.0 25.0 7459.0 20.0 890.0 0.1431053868956353
39 42 43 0.0 0.0 480.0 0.0 9437.0 19.0 1973.0 0.11752854264607117
39 42 44 0.0 0.0 122.0 0.0 3458.0 11.0 120.0 0.2511210762331838
39 42 45 0.0 0.0 0.0 0.0 6.0 0.0 0.0 0.6979062811565303
39 43 36 0.0 0.0 0.0 0.0 43.0 0.0 0.0 0.6852667645619186
39 43 37 0.0 0.0 279.0 0.0 6011.0 15.0 405.0 0.1691229765643875
39 43 38 0.0 0.0 203.0 0.0 4257.0 21.0 147.0 0.21732381248059604
39 43 39 0.0 0.0 411.0 0.0 8632.0 22.0 1372.0 0.12691505756504395
39 43 40 0.0 0.0 162.0 0.0 4436.0 20.0 220.0 0.21263669501822596
39 43 41 0.0 0.0 308.0 0.0 7323.0 27.0 909.0 0.145681581685744
39 43 42 0.0 0.0 164.0 1.0 3460.0 23.0 78.0 0.2498215560314061
39 43 43 0.0 0.0 79.0 0.0 1462.0 9.0 4.0 0.3963759909399773
39 43 44 0.0 0.0 0.0 0.0 52.0 0.0 0.0 0.6822612085769979
39 43 45 0.0 0.0 0.0 0.0 2.0 0.0 0.0 0.6993006993006992
39 44 36 0.0 0.0 0.0 0.0 7.0 0.0 0.0 0.6975585450921773
39 44 37 0.0 0.0 3.0 0.0 97.0 1.0 0.0 0.6669842782277274
39 44 38 0.0 0.0 18.0 0.0 539.0 5.0 0.0 0.5485893416927898
39 44 39 0.0 0.0 17.0 0.0 457.0 3.0 0.0 0.5665722379603398
39 44 40 0.0 0.0 16.0 0.0 420.0 7.0 1.0 0.5761316872427983
39 44 41 0.0 0.0 15.0 0.0 261.0 0.0 0.0 0.6151142355008786
39 44 42 0.0 0.0 14.0 0.0 206.0 6.0 0.0 0.6323396567299006
39 44 43 0.0 0.0 0.0 0.0 8.0 0.0 0.0 0.697211155378486
39 45 39 0.0 0.0 0.0 0.0 1.0 0.0 0.0 0.6996501749125437
39 45 41 0.0 0.0 0.0 0.0 1.0 0.0 0.0 0.6996501749125437
40 35 37 0.0 0.0 0.0 0.0 1.0 0.0 0.0 0.6996501749125437
40 35 38 0.0 0.0 0.0 0.0 10.0 0.0 0.0 0.6965174129353233
40 35 39 0.0 0.0 0.0 0.0 10.0 0.0 0.0 0.6965174129353233
40 35 40 0.0 0.0 0.0 0.0 15.0 0.0 0.0 0.694789081885856
40 35 41 0.0 0.0 0.0 0.0 7.0 0.0 0.0 0.6975585450921773
40 36 35 0.0 0.0 0.0 0.0 6.0 0.0 0.0 0.6979062811565303
40 36 36 0.0 0.0 52.0 0.0 1198.0 18.0 6.0 0.43303433343643666
40 36 37 0.0 0.0 20.0 0.0 313.0 6.0 0.0 0.6018916595012896
40 36 38 0.0 0.0 24.0 0.0 623.0 3.0 2.0 0.529701097237987
40 36 39 0.0 0.0 205.0 0.0 4882.0 16.0 252.0 0.19785189372526849
40 36 40 0.0 0.0 13.0 0.0 524.0 5.0 2.0 0.5531410509679968
40 36 41 0.0 0.0 59.0 0.0 1260.0 14.0 5.0 0.42372881355932196
40 36 42 0.0 0.0 0.0 0.0 110.0 0.0 0.0 0.6635071090047392
40 36 43 0.0 0.0 0.0 0.0 14.0 0.0 0.0 0.6951340615690167
40 36 44 0.0 0.0 0.0 0.0 1.0 0.0 0.0 0.6996501749125437
40 37 35 0.0 0.0 0.0 0.0 28.0 0.0 0.0 0.690335305719921
40 37 36 0.0 0.0 245.0 0.0 5136.0 16.0 259.0 0.19013988863235093
40 37 37 0.0 0.0 77.0 0.0 2596.0 8.0 62.0 0.3002358996354278
40 37 38 0.0 0.0 404.0 0.0 8189.0 23.0 1118.0 0.13242527430949674
40 37 39 0.0 0.0 561.0 0.0 10411.0 24.0 2544.0 0.10798303123794831
40 37 40 0.0 0.0 453.0 0.0 8775.0 21.0 1445.0 0.12481055540697153
40 37 41 0.0 0.0 203.0 0.0 4691.0 25.0 205.0 0.20375491194877016
40 37 42 0.0 0.0 158.0 0.0 3483.0 16.0 104.0 0.2488446498400284
40 37 43 0.0 0.0 91.0 0.0 2288.0 17.0 28.0 0.3208801283520513
40 37 44 0.0 0.0 0.0 0.0 38.0 0.0 0.0 0.6869479882237487
40 38 34 0.0 0.0 0.0 0.0 1.0 0.0 0.0 0.6996501749125437
40 38 35 0.0 0.0 4.0 0.0 101.0 1.0 0.0 0.6653992395437262
40 38 36 0.0 0.0 199.0 0.0 3926.0 11.0 124.0 0.22890778286461735
40 38 37 0.0 0.0 818.0 0.0 12378.0 26.0 7180.0 0.09219624629568653
40 38 38 0.0 0.0 1291.0 0.0 13222.0 40.0 17202.0 0.08477655322756449
40 38 39 0.0 0.0 1071.0 0.0 13273.0 38.0 10415.0 0.08574753475837568
40 38 40 0.0 0.0 1103.0 2.0 13396.0 32.0 10480.0 0.08481250378627248
40 38 41 0.0 0.0 1171.0 2.0 13456.0 39.0 12304.0 0.08424092905710331
40 38 42 0.0 0.0 807.0 1.0 12220.0 25.0 5646.0 0.09323388385721895
40 38 43 0.0 0.0 242.0 0.0 5380.0 15.0 313.0 0.18408941485864563
40 38 44 0.0 0.0 21.0 0.0 593.0 4.0 1.0 0.5366040628593329
40 39 35 0.0 0.0 46.0 0.0 981.0 7.0 4.0 0.4635761589403972
40 39 36 0.0 0.0 259.0 0.0 5461.0 19.0 294.0 0.1817709685795897
40 39 37 0.0 0.0 715.0 0.0 11972.0 24.0 5013.0 0.09536135140657992
40 39 38 0.0 0.0 1240.0 0.0 13125.0 41.0 15401.0 0.08559550012227927
40 39 39 0.0 2.0 1823.0 16.0 12476.0 52.0 29502.0 0.0858948401742438
40 39 40 0.0 1.0 1759.0 7.0 13485.0 36.0 24310.0 0.08108890819577179
40 39 41 1.0 3.0 1758.0 43.0 13243.0 42.0 23138.0 0.08207773934455062
40 39 42 0.0 0.0 1328.0 1.0 13364.0 26.0 16460.0 0.08381727833323353
40 39 43 0.0 0.0 476.0 0.0 8912.0 33.0 1437.0 0.1232177433550431
40 39 44 0.0 0.0 120.0 0.0 2764.0 18.0 44.0 0.2877106452938758
40 39 45 0.0 0.0 6.0 0.0 79.0 2.0 0.0 0.6721075372059528
40 40 35 0.0 0.0 30.0 0.0 514.0 8.0 0.0 0.5520504731861199
40 40 36 0.0 0.0 386.0 0.0 8414.0 19.0 1310.0 0.12973774441664349
40 40 37 0.0 0.0 665.0 0.0 11548.0 17.0 4788.0 0.09852910127384051
40 40 38 0.0 0.0 1413.0 0.0 13105.0 38.0 19315.0 0.08476628723661903
40 40 39 0.0 13.0 2058.0 128.0 12668.0 51.0 32163.0 0.0830614061109463
40 40 40 8.0 66.0 2735.0 335.0 7920.0 56.0 77177.0 0.10700091715071842
40 40 41 0.0 3.0 2381.0 45.0 11067.0 68.0 46283.0 0.09041007426541814
40 40 42 0.0 9.0 1225.0 85.0 13243.0 50.0 13877.0 0.08458703401607152
40 40 43 0.0 0.0 575.0 0.0 10561.0 21.0 3054.0 0.10668292311209326
40 40 44 0.0 0.0 24.0 0.0 777.0 4.0 2.0 0.5005362888809438
40 40 45 0.0 0.0 0.0 0.0 4.0 0.0 0.0 0.6986027944111775
40 41 35 0.0 0.0 3.0 0.0 168.0 1.0 0.0 0.6451612903225805
40 41 36 0.0 0.0 112.0 0.0 2671.0 11.0 60.0 0.29337803855825645
40 41 37 0.0 0.0 452.0 0.0 9782.0 22.0 2580.0 0.11453816575308844
40 41 38 0.0 0.0 927.0 4.0 13045.0 29.0 7428.0 0.08768633345859951
40 41 39 0.0 1.0 1460.0 17.0 13743.0 40.0 17130.0 0.08134805345729226
40 41 40 0.0 19.0 1745.0 137.0 13066.0 54.0 25234.0 0.08248880509073768
40 41 41 0.0 495.0 1302.0 5542.0 9301.0 37.0 21956.0 0.07510729613733905
40 41 42 0.0 3.0 1210.0 49.0 13142.0 54.0 15043.0 0.08548052265233849
40 41 43 0.0 0.0 196.0 2.0 4872.0 16.0 260.0 0.1984126984126984
40 41 44 0.0 0.0 191.0 0.0 4383.0 21.0 145.0 0.21357742181540806
40 41 45 0.0 0.0 0.0 0.0 13.0 0.0 0.0 0.695479384003974
40 42 35 0.0 0.0 0.0 0.0 18.0 0.0 0.0 0.6937561942517343
40 42 36 0.0 0.0 10.0 0.0 598.0 2.0 0.0 0.5372217958557175
40 42 37 0.0 0.0 88.0 0.0 2314.0 19.0 41.0 0.31963470319634696
40 42 38 0.0 0.0 846.0 0.0 12400.0 22.0 7524.0 0.09179124049305007
40 42 39 0.0 1.0 773.0 4.0 12104.0 25.0 5356.0 0.09410499428648247
40 42 40 0.0 1.0 1418.0 22.0 13463.0 35.0 17632.0 0.08278145695364238
40 42 41 0.0 7.0 756.0 116.0 11899.0 26.0 5502.0 0.09478672985781988
40 42 42 0.0 2.0 371.0 106.0 7646.0 15.0 902.0 0.13843567685157715
40 42 43 0.0 0.0 597.0 0.0 10775.0 25.0 3368.0 0.10478257615447945
40 42 44 0.0 0.0 114.0 0.0 2799.0 17.0 67.0 0.2858893199918317
40 42 45 0.0 0.0 0.0 0.0 7.0 0.0 0.0 0.6975585450921773
40 43 36 0.0 0.0 53.0 0.0 973.0 15.0 3.0 0.46496180670873455
40 43 37 0.0 0.0 25.0 0.0 567.0 4.0 2.0 0.5409582689335393
40 43 38 0.0 0.0 435.0 0.0 8480.0 25.0 1156.0 0.1284993116108306
40 43 39 0.0 0.0 325.0 0.0 7071.0 22.0 722.0 0.14922191430398632
40 43 40 0.0 0.0 224.0 10.0 5132.0 18.0 318.0 0.1905021091304939
40 43 41 0.0 0.0 585.0 0.0 10675.0 20.0 2955.0 0.10561255280627638
40 43 42 0.0 0.0 284.0 0.0 5926.0 23.0 403.0 0.1710028093318676
40 43 43 0.0 0.0 51.0 0.0 1209.0 10.0 9.0 0.43076923076923074
40 43 44 0.0 0.0 79.0 0.0 1515.0 12.0 11.0 0.39106145251396646
40 43 45 0.0 0.0 0.0 0.0 4.0 0.0 0.0 0.6986027944111775
40 44 35 0.0 0.0 0.0 0.0 1.0 0.0 0.0 0.6996501749125437
40 44 36 0.0 0.0 0.0 0.0 3.0 0.0 0.0 0.6989515726410384
40 44 37 0.0 0.0 0.0 0.0 31.0 0.0 0.0 0.6893156080748399
40 44 38 0.0 0.0 4.0 0.0 113.0 1.0 0.0 0.661625708884688
40 44 39 0.0 0.0 5.0 0.0 102.0 0.0 0.0 0.6644518272425248
40 44 40 0.0 0.0 32.0 0.0 675.0 9.0 3.0 0.5189028910303928
40 44 41 0.0 0.0 83.0 0.0 1845.0 9.0 16.0 0.3571428571428571
40 44 42 0.0 0.0 2.0 0.0 103.0 0.0 0.0 0.6650831353919239
40 44 43 0.0 0.0 0.0 0.0 12.0 0.0 0.0 0.6958250497017892
40 44 45 0.0 0.0 0.0 0.0 1.0 0.0 0.0 0.6996501749125437
40 45 40 0.0 0.0 0.0 0.0 2.0 0.0 0.0 0.6993006993006992
40 45 41 0.0 0.0 0.0 0.0 1.0 0.0 0.0 0.6996501749125437
41 35 36 0.0 0.0 0.0 0.0 1.0 0.0 0.0 0.6996501749125437
41 35 38 0.0 0.0 0.0 0.0 7.0 0.0 0.0 0.6975585450921773
41 35 39 0.0 0.0 0.0 0.0 15.0 0.0 0.0 0.694789081885856
41 35 40 0.0 0.0 14.0 0.0 269.0 8.0 0.0 0.6153846153846153
41 35 41 0.0 0.0 0.0 0.0 3.0 0.0 0.0 0.6989515726410384
41 36 35 0.0 0.0 0.0 0.0 7.0 0.0 0.0 0.6975585450921773
41 36 36 0.0 0.0 5.0 0.0 211.0 1.0 1.0 0.6323396567299006
41 36 37 0.0 0.0 92.0 0.0 1847.0 12.0 21.0 0.35650623885918
41 36 38 0.0 0.0 8.0 0.0 429.0 2.0 1.0 0.5749486652977411
41 36 39 0.0 0.0 81.0 0.0 2242.0 12.0 29.0 0.32482598607888624
41 36 40 0.0 0.0 82.0 0.0 1718.0 8.0 18.0 0.3691983122362869
41 36 41 0.0 0.0 3.0 0.0 100.0 3.0 0.0 0.6666666666666665
41 36 42 0.0 0.0 0.0 0.0 46.0 0.0 0.0 0.6842619745845552
41 36 43 0.0 0.0 13.0 0.0 290.0 2.0 0.0 0.6084311169056931
41 36 44 0.0 0.0 0.0 0.0 1.0 0.0 0.0 0.6996501749125437
41 37 35 0.0 0.0 0.0 0.0 12.0 0.0 0.0 0.6958250497017892
41 37 36 0.0 0.0 182.0 0.0 4751.0 16.0 269.0 0.20237062734894476
41 37 37 0.0 0.0 670.0 0.0 11438.0 25.0 3993.0 0.09926965893781463
41 37 38 0.0 0.0 445.0 0.0 8856.0 23.0 1401.0 0.1240584847142224
41 37 39 0.0 0.0 794.0 0.0 12188.0 32.0 6200.0 0.09352662168481526
41 37 40 0.0 0.0 200.0 0.0 5022.0 13.0 275.0 0.19422863485016642
41 37 41 0.0 0.0 434.0 1.0 8327.0 25.0 1095.0 0.1303174159918086
41 37 42 0.0 0.0 282.0 0.0 6522.0 22.0 623.0 0.15934441156385157
41 37 43 0.0 0.0 62.0 0.0 1427.0 12.0 13.0 0.4027617951668584
41 37 44 0.0 0.0 0.0 0.0 26.0 0.0 0.0 0.6910167818361302
41 37 45 0.0 0.0 0.0 0.0 1.0 0.0 0.0 0.6996501749125437
41 38 35 0.0 0.0 0.0 0.0 26.0 0.0 0.0 0.6910167818361302
41 38 36 0.0 0.0 100.0 0.0 2479.0 10.0 49.0 0.30641278179032605
41 38 37 0.0 0.0 294.0 0.0 6732.0 22.0 616.0 0.15541740674955593
41 38 38 0.0 0.0 1005.0 0.0 12813.0 35.0 11433.0 0.08851795649974707
41 38 39 0.0 0.0 724.0 0.0 11942.0 29.0 5695.0 0.09551098376313275
41 38 40 0.0 0.0 738.0 0.0 12130.0 27.0 5270.0 0.0942633988688392
41 38 41 0.0 9.0 778.0 171.0 11954.0 24.0 5339.0 0.09390931043734906
41 38 42 0.0 0.0 753.0 0.0 11996.0 32.0 5722.0 0.09508931603613394
41 38 43 0.0 0.0 377.0 0.0 7746.0 16.0 964.0 0.1384630600336267
41 38 44 0.0 0.0 9.0 0.0 453.0 3.0 2.0 0.5695687550854353
41 38 45 0.0 0.0 0.0 0.0 4.0 0.0 0.0 0.6986027944111775
41 39 35 0.0 0.0 6.0 0.0 156.0 2.0 0.0 0.648148148148148
41 39 36 0.0 0.0 120.0 0.0 2850.0 7.0 60.0 0.2822011691191292
41 39 37 0.0 0.0 539.0 0.0 9816.0 31.0 2012.0 0.11347977628272675
41 39 38 0.0 0.0 1169.0 2.0 13523.0 31.0 12191.0 0.08387251377905583
41 39 39 0.0 0.0 2041.0 4.0 11685.0 63.0 37634.0 0.08906418983395889
41 39 40 0.0 2.0 1656.0 15.0 13186.0 51.0 24130.0 0.0830072334874896
41 39 41 0.0 0.0 2045.0 5.0 11623.0 47.0 36938.0 0.08933129147524246
41 39 42 0.0 0.0 1296.0 1.0 13339.0 48.0 15658.0 0.08421559191530316
41 39 43 0.0 0.0 590.0 0.0 10567.0 30.0 2995.0 0.10657734470158342
41 39 44 0.0 0.0 152.0 0.0 3888.0 24.0 105.0 0.23263542705217674
41 39 45 0.0 0.0 0.0 0.0 9.0 0.0 0.0 0.6968641114982577
41 40 35 0.0 0.0 25.0 0.0 515.0 10.0 0.0 0.5533596837944663
41 40 36 0.0 0.0 340.0 0.0 7483.0 14.0 879.0 0.1427406199021207
41 40 37 0.0 0.0 743.0 0.0 11957.0 33.0 5246.0 0.09531590413943354
41 40 38 0.0 0.0 1147.0 0.0 13472.0 26.0 12442.0 0.08415990381725277
41 40 39 0.0 0.0 1853.0 7.0 12623.0 41.0 28610.0 0.08489479109817476
41 40 40 0.0 1.0 1567.0 26.0 13478.0 47.0 20696.0 0.08203926164664517
41 40 41 0.0 4.0 2193.0 46.0 10990.0 52.0 43165.0 0.09183941222776174
41 40 42 0.0 2.0 1370.0 42.0 13506.0 37.0 16384.0 0.08274231678486997
41 40 43 0.0 0.0 292.0 0.0 7208.0 14.0 913.0 0.14749262536873153
41 40 44 0.0 0.0 160.0 0.0 3639.0 22.0 109.0 0.24225644575186012
41 40 45 0.0 0.0 0.0 0.0 5.0 0.0 0.0 0.6982543640897755
41 41 35 0.0 0.0 31.0 0.0 617.0 9.0 2.0 0.5307050796057619
41 41 36 0.0 0.0 535.0 0.0 9545.0 26.0 1851.0 0.1160669872326314
41 41 37 0.0 0.0 927.0 0.0 12648.0 31.0 8416.0 0.0899569491743237
41 41 38 0.0 0.0 1203.0 1.0 13600.0 33.0 13284.0 0.08328375966686495
41 41 39 0.0 3.0 2077.0 20.0 12517.0 45.0 33882.0 0.08421052631578946
41 41 40 0.0 5.0 2025.0 47.0 12239.0 44.0 33766.0 0.08569504805043765
41 41 41 0.0 10.0 1583.0 111.0 13161.0 40.0 21685.0 0.0830318486448016
41 41 42 0.0 0.0 684.0 36.0 11626.0 28.0 4204.0 0.0976222020779583
41 41 43 0.0 0.0 446.0 1.0 8842.0 32.0 1411.0 0.12423462596503682
41 41 44 0.0 0.0 61.0 0.0 1396.0 13.0 9.0 0.40650406504065034
41 41 45 0.0 0.0 0.0 0.0 9.0 0.0 0.0 0.697211155378486
41 42 35 0.0 0.0 15.0 0.0 347.0 4.0 1.0 0.5937234944868531
41 42 36 0.0 0.0 37.0 0.0 714.0 10.0 2.0 0.5107624954396205
41 42 37 0.0 0.0 276.0 0.0 5986.0 17.0 401.0 0.1697792869269949
41 42 38 0.0 0.0 314.0 0.0 6773.0 21.0 619.0 0.15440608801147013
41 42 39 0.0 0.0 724.0 0.0 11837.0 28.0 5058.0 0.09621993127147765
41 42 40 0.0 4.0 1006.0 65.0 13239.0 40.0 9070.0 0.08584743684081432
41 42 41 0.0 1.0 651.0 38.0 11434.0 25.0 4085.0 0.09922744347579558
41 42 42 0.0 1.0 770.0 21.0 12085.0 23.0 5625.0 0.09414929388029589
41 42 43 0.0 0.0 550.0 1.0 9930.0 27.0 2204.0 0.1122874558870709
41 42 44 0.0 0.0 1.0 0.0 140.0 0.0 0.0 0.6545114539504441
41 42 45 0.0 0.0 0.0 0.0 4.0 0.0 0.0 0.6986027944111775
41 43 35 0.0 0.0 3.0 0.0 48.0 1.0 0.0 0.6829268292682925
41 43 36 0.0 0.0 1.0 0.0 17.0 0.0 0.0 0.6937561942517343
41 43 37 0.0 0.0 146.0 0.0 2708.0 23.0 51.0 0.2896751500103455
41 43 38 0.0 0.0 84.0 0.0 2267.0 14.0 36.0 0.32272936837252186
41 43 39 0.0 0.0 230.0 0.0 5864.0 9.0 491.0 0.17316017316017315
41 43 40 0.0 0.0 300.0 0.0 6884.0 20.0 641.0 0.15262182492096368
41 43 41 0.0 0.0 271.0 0.0 6184.0 23.0 448.0 0.1660538488909975
41 43 42 0.0 0.0 240.0 0.0 5802.0 22.0 386.0 0.17449831733765422
41 43 43 0.0 0.0 197.0 0.0 4120.0 21.0 137.0 0.22225750119066515
41 43 44 0.0 0.0 48.0 0.0 1009.0 8.0 6.0 0.45901639344262285
41 44 37 0.0 0.0 0.0 0.0 28.0 0.0 0.0 0.690335305719921
41 44 38 0.0 0.0 0.0 0.0 48.0 0.0 0.0 0.6835937499999999
41 44 39 0.0 0.0 4.0 0.0 179.0 1.0 0.0 0.6416131989000916
41 44 40 0.0 0.0 19.0 0.0 626.0 4.0 1.0 0.5301022340022719
41 44 41 0.0 0.0 0.0 0.0 122.0 0.0 0.0 0.6597549481621111
41 44 42 0.0 0.0 0.0 0.0 68.0 0.0 0.0 0.6769825918762088
41 44 43 0.0 0.0 7.0 0.0 113.0 3.0 0.0 0.6613131790269249
41 44 44 0.0 0.0 0.0 0.0 3.0 0.0 0.0 0.6989515726410384
41 44 45 0.0 0.0 0.0 0.0 2.0 0.0 0.0 0.6993006993006992
41 45 42 0.0 0.0 0.0 0.0 2.0 0.0 0.0 0.6993006993006992
42 35 36 0.0 0.0 0.0 0.0 1.0 0.0 0.0 0.6996501749125437
42 35 37 0.0 0.0 1.0 0.0 13.0 0.0 0.0 0.6951340615690167
42 35 38 0.0 0.0 0.0 0.0 5.0 0.0 0.0 0.6982543640897755
42 35 39 0.0 0.0 0.0 0.0 3.0 0.0 0.0 0.6989515726410384
42 35 40 0.0 0.0 0.0 0.0 3.0 0.0 0.0 0.6989515726410384
42 36 35 0.0 0.0 0.0 0.0 4.0 0.0 0.0 0.6986027944111775
42 36 36 0.0 0.0 5.0 0.0 201.0 2.0 0.0 0.6352087114337567
42 36 37 0.0 0.0 41.0 0.0 1017.0 11.0 3.0 0.4593175853018372
42 36 38 0.0 0.0 146.0 0.0 3264.0 13.0 76.0 0.2594514455151964
42 36 39 0.0 0.0 13.0 0.0 432.0 0.0 2.0 0.5730659025787964
42 36 40 0.0 0.0 120.0 0.0 2929.0 10.0 72.0 0.27777777777777773
42 36 41 0.0 0.0 2.0 0.0 57.0 0.0 0.0 0.6799417192812044
42 36 42 0.0 0.0 11.0 0.0 348.0 4.0 1.0 0.5944798301486198
42 36 43 0.0 0.0 0.0 0.0 11.0 0.0 0.0 0.6961710591745399
42 36 44 0.0 0.0 0.0 0.0 1.0 0.0 0.0 0.6996501749125437
42 37 35 0.0 0.0 1.0 0.0 15.0 0.0 0.0 0.6944444444444444
42 37 36 0.0 0.0 26.0 0.0 548.0 7.0 1.0 0.5453837164004673
42 37 37 0.0 0.0 194.0 0.0 4499.0 17.0 205.0 0.2097064110245656
42 37 38 0.0 0.0 243.0 0.0 5926.0 20.0 409.0 0.17180022088599828
42 37 39 0.0 0.0 540.0 0.0 10230.0 18.0 2512.0 0.10971786833855798
42 37 40 0.0 0.0 328.0 0.0 7260.0 28.0 771.0 0.14639757398305966
42 37 41 0.0 0.0 315.0 0.0 6872.0 25.0 686.0 0.15263846489315305
42 37 42 0.0 0.0 123.0 0.0 2702.0 17.0 65.0 0.29118136439267883
42 37 43 0.0 0.0 8.0 0.0 425.0 2.0 3.0 0.5758946935417523
42 37 44 0.0 0.0 0.0 0.0 41.0 0.0 0.0 0.6859382655560998
42 37 45 0.0 0.0 0.0 0.0 2.0 0.0 0.0 0.6993006993006992
42 38 35 0.0 0.0 1.0 0.0 24.0 1.0 0.0 0.6916996047430829
42 38 36 0.0 0.0 17.0 0.0 642.0 1.0 5.0 0.5269100489273615
42 38 37 0.0 0.0 424.0 0.0 7979.0 25.0 1032.0 0.13487475915221578
42 38 38 0.0 0.0 993.0 0.0 12975.0 35.0 10234.0 0.08774678784080225
42 38 39 0.0 0.0 1179.0 0.0 13114.0 38.0 14509.0 0.08595284872298624
42 38 40 0.0 0.0 787.0 1.0 12300.0 20.0 5587.0 0.09281973082278061
42 38 41 0.0 0.0 839.0 0.0 12384.0 35.0 5319.0 0.09206286578549351
42 38 42 0.0 0.0 442.0 0.0 8684.0 16.0 1438.0 0.12591060347153518
42 38 43 0.0 0.0 464.0 0.0 8681.0 22.0 1456.0 0.12577486299523852
42 38 44 0.0 0.0 63.0 0.0 1422.0 14.0 12.0 0.40345821325648407
42 38 45 0.0 0.0 9.0 0.0 58.0 4.0 0.0 0.6786233640329616
42 39 34 0.0 0.0 0.0 0.0 1.0 0.0 0.0 0.6996501749125437
42 39 35 0.0 0.0 32.0 0.0 642.0 11.0 2.0 0.5255255255255254
42 39 36 0.0 0.0 193.0 0.0 3722.0 22.0 90.0 0.23761031907671415
42 39 37 0.0 0.0 530.0 0.0 10319.0 16.0 2963.0 0.10900031142946122
42 39 38 0.0 0.0 768.0 0.0 12093.0 23.0 4977.0 0.09425705244731702
42 39 39 0.0 0.0 931.0 1.0 12896.0 33.0 9201.0 0.08853474988933156
42 39 40 0.0 2.0 934.0 16.0 13183.0 29.0 7661.0 0.08678403173816017
42 39 41 0.0 0.0 1017.0 1.0 13247.0 25.0 10514.0 0.08606910119267182
42 39 42 0.0 0.0 1092.0 0.0 12807.0 39.0 14024.0 0.08812791136850055
42 39 43 0.0 0.0 838.0 0.0 12209.0 29.0 5744.0 0.09309748636786806
42 39 44 0.0 0.0 74.0 0.0 2111.0 6.0 37.0 0.3349282296650717
42 39 45 0.0 0.0 0.0 0.0 5.0 0.0 0.0 0.6982543640897755
42 40 35 0.0 0.0 3.0 0.0 103.0 1.0 0.0 0.6650831353919239
42 40 36 0.0 0.0 95.0 0.0 2468.0 14.0 39.0 0.3078276165347405
42 40 37 0.0 0.0 541.0 0.0 10235.0 26.0 2808.0 0.10973506819250664
42 40 38 0.0 0.0 1532.0 0.0 13261.0 58.0 20598.0 0.08339786739739083
42 40 39 0.0 0.0 1467.0 0.0 13332.0 41.0 19364.0 0.08333333333333333
42 40 40 0.0 0.0 1553.0 0.0 12816.0 48.0 23890.0 0.08554319931565439
42 40 41 0.0 0.0 1167.0 2.0 13625.0 32.0 11567.0 0.08339786739739083
42 40 42 0.0 1.0 1063.0 3.0 13054.0 18.0 9840.0 0.08683247534577931
42 40 43 0.0 0.0 470.0 0.0 9272.0 20.0 1798.0 0.11932157163555782
42 40 44 0.0 0.0 67.0 0.0 1784.0 13.0 16.0 0.3645833333333333
42 40 45 0.0 0.0 0.0 0.0 9.0 0.0 0.0 0.6968641114982577
42 41 35 0.0 0.0 0.0 0.0 29.0 0.0 0.0 0.690335305719921
42 41 36 0.0 0.0 172.0 0.0 3865.0 16.0 123.0 0.23244230449941886
42 41 37 0.0 0.0 372.0 0.0 7837.0 24.0 1049.0 0.13736263736263735
42 41 38 0.0 0.0 619.0 0.0 10788.0 31.0 2822.0 0.10464942442816563
42 41 39 0.0 0.0 1105.0 0.0 13286.0 31.0 11656.0 0.08536064874093041
42 41 40 0.0 0.0 962.0 1.0 12959.0 32.0 7647.0 0.08803924034712614
42 41 41 0.0 0.0 1432.0 1.0 12975.0 43.0 20226.0 0.08533983541603168
42 41 42 0.0 0.0 833.0 0.0 12455.0 30.0 7655.0 0.09161704076958313
42 41 43 0.0 0.0 229.0 0.0 5280.0 15.0 341.0 0.18681611956231647
42 41 44 0.0 0.0 37.0 0.0 1092.0 13.0 7.0 0.44914982354828353
42 41 45 0.0 0.0 0.0 0.0 2.0 0.0 0.0 0.6993006993006992
42 42 35 0.0 0.0 1.0 0.0 37.0 0.0 0.0 0.6869479882237487
42 42 36 0.0 0.0 138.0 0.0 3399.0 18.0 91.0 0.25362318840579706
42 42 37 0.0 0.0 68.0 0.0 1835.0 15.0 19.0 0.3600823045267489
42 42 38 0.0 0.0 519.0 0.0 10131.0 24.0 2842.0 0.11080332409972297
42 42 39 0.0 0.0 827.0 0.0 12348.0 27.0 6372.0 0.09231174996703151
42 42 40 0.0 0.0 1169.0 0.0 13144.0 40.0 13790.0 0.08590011044299914
42 42 41 0.0 0.0 737.0 0.0 12039.0 23.0 5953.0 0.09476106673886556
42 42 42 0.0 0.0 653.0 0.0 11428.0 26.0 4362.0 0.09954493742889646
42 42 43 0.0 0.0 214.0 0.0 4794.0 19.0 272.0 0.20031478036915148
42 42 44 0.0 0.0 5.0 0.0 103.0 3.0 0.0 0.6650831353919239
42 42 45 0.0 0.0 0.0 0.0 2.0 0.0 0.0 0.6993006993006992
42 43 36 0.0 0.0 6.0 0.0 160.0 4.0 0.0 0.6475485661424606
42 43 37 0.0 0.0 0.0 0.0 92.0 0.0 0.0 0.6692160611854684
42 43 38 0.0 0.0 15.0 0.0 603.0 3.0 1.0 0.5353728489483747
42 43 39 0.0 0.0 462.0 0.0 8666.0 25.0 1319.0 0.126012601260126
42 43 40 0.0 0.0 155.0 2.0 4389.0 10.0 202.0 0.2141982864137087
42 43 41 0.0 0.0 383.0 0.0 7666.0 30.0 878.0 0.13962301785180012
42 43 42 0.0 0.0 61.0 0.0 1313.0 8.0 8.0 0.41592394533571
42 43 43 0.0 0.0 24.0 0.0 779.0 5.0 1.0 0.5007153075822602
42 43 44 0.0 0.0 0.0 0.0 19.0 0.0 0.0 0.6934125804853887
42 44 36 0.0 0.0 0.0 0.0 1.0 0.0 0.0 0.6996501749125437
42 44 37 0.0 0.0 0.0 0.0 6.0 0.0 0.0 0.6979062811565303
42 44 38 0.0 0.0 1.0 0.0 39.0 1.0 0.0 0.6866110838646394
42 44 39 0.0 0.0 27.0 0.0 561.0 7.0 1.0 0.5424254165052305
42 44 40 0.0 0.0 12.0 0.0 164.0 2.0 0.0 0.6442705936493326
42 44 41 0.0 0.0 0.0 0.0 59.0 0.0 0.0 0.6799417192812044
42 44 42 0.0 0.0 5.0 0.0 179.0 3.0 0.0 0.6419073819348922
42 44 43 0.0 0.0 8.0 0.0 276.0 3.0 0.0 0.6137658921525645
42 44 44 0.0 0.0 0.0 0.0 1.0 0.0 0.0 0.6996501749125437
42 44 45 0.0 0.0 0.0 0.0 1.0 0.0 0.0 0.6996501749125437
42 45 39 0.0 0.0 0.0 0.0 1.0 0.0 0.0 0.6996501749125437
42 45 40 0.0 0.0 0.0 0.0 2.0 0.0 0.0 0.6993006993006992
42 45 41 0.0 0.0 0.0 0.0 2.0 0.0 0.0 0.6993006993006992
43 35 38 0.0 0.0 0.0 0.0 3.0 0.0 0.0 0.6989515726410384
43 35 39 0.0 0.0 0.0 0.0 7.0 0.0 0.0 0.6975585450921773
43 35 40 0.0 0.0 0.0 0.0 5.0 0.0 0.0 0.6982543640897755
43 35 41 0.0 0.0 0.0 0.0 1.0 0.0 0.0 0.6996501749125437
43 36 36 0.0 0.0 0.0 0.0 5.0 0.0 0.0 0.6982543640897755
43 36 37 0.0 0.0 0.0 0.0 46.0 0.0 0.0 0.6842619745845552
43 36 38 0.0 0.0 23.0 0.0 436.0 6.0 0.0 0.5707297187117814
43 36 39 0.0 0.0 70.0 0.0 1489.0 13.0 12.0 0.39469974626444876
43 36 40 0.0 0.0 10.0 0.0 321.0 3.0 0.0 0.6013745704467354
43 36 41 0.0 0.0 8.0 0.0 153.0 3.0 1.0 0.6490496059341677
43 36 42 0.0 0.0 9.0 0.0 79.0 4.0 0.0 0.6717850287907868
43 37 35 0.0 0.0 0.0 0.0 1.0 0.0 0.0 0.6996501749125437
43 37 36 0.0 0.0 0.0 0.0 16.0 0.0 0.0 0.6944444444444444
43 37 37 0.0 0.0 52.0 0.0 1202.0 9.0 11.0 0.4314329738058551
43 37 38 0.0 0.0 479.0 0.0 9164.0 31.0 1774.0 0.12046119428669762
43 37 39 0.0 0.0 220.0 0.0 5053.0 13.0 327.0 0.19273127753303965
43 37 40 0.0 0.0 158.0 0.0 4141.0 15.0 172.0 0.2227525855210819
43 37 41 0.0 0.0 192.0 0.0 4380.0 12.0 170.0 0.21341463414634143
43 37 42 0.0 0.0 39.0 0.0 1027.0 9.0 9.0 0.4579653254824991
43 37 43 0.0 0.0 25.0 0.0 491.0 15.0 0.0 0.5597760895641744
43 37 44 0.0 0.0 0.0 0.0 14.0 0.0 0.0 0.6951340615690167
43 37 45 0.0 0.0 0.0 0.0 2.0 0.0 0.0 0.6993006993006992
43 38 35 0.0 0.0 0.0 0.0 2.0 0.0 0.0 0.6993006993006992
43 38 36 0.0 0.0 17.0 0.0 587.0 5.0 0.0 0.5388760585065434
43 38 37 0.0 0.0 194.0 0.0 5020.0 19.0 254.0 0.19460661662496523
43 38 38 0.0 0.0 440.0 0.0 9187.0 24.0 1681.0 0.12057531651020582
43 38 39 0.0 0.0 595.0 0.0 10611.0 32.0 2965.0 0.10617321401486424
43 38 40 0.0 0.0 346.0 0.0 7479.0 18.0 882.0 0.14258071086668703
43 38 41 0.0 0.0 453.0 0.0 9010.0 18.0 1557.0 0.12220670391061451
43 38 42 0.0 0.0 582.0 0.0 10588.0 18.0 3241.0 0.1063264221158958
43 38 43 0.0 0.0 162.0 0.0 3587.0 19.0 96.0 0.2443280977312391
43 38 44 0.0 0.0 57.0 0.0 1417.0 12.0 7.0 0.40439052570768336
43 38 45 0.0 0.0 0.0 0.0 7.0 0.0 0.0 0.6975585450921773
43 39 35 0.0 0.0 0.0 0.0 4.0 0.0 0.0 0.6986027944111775
43 39 36 0.0 0.0 103.0 0.0 2440.0 23.0 26.0 0.30966600309666
43 39 37 0.0 0.0 249.0 0.0 5875.0 22.0 420.0 0.17273288093769276
43 39 38 0.0 0.0 370.0 0.0 7834.0 27.0 1037.0 0.13747054202670855
43 39 39 0.0 0.0 609.0 0.0 10819.0 22.0 3503.0 0.10428305400372438
43 39 40 0.0 0.0 843.0 0.0 12519.0 17.0 6931.0 0.09111617312072892
43 39 41 0.0 0.0 565.0 0.0 10162.0 14.0 2327.0 0.11003694097304094
43 39 42 0.0 0.0 463.0 0.0 9205.0 16.0 1706.0 0.12006861063464834
43 39 43 0.0 0.0 187.0 0.0 4997.0 12.0 313.0 0.1950947603121516
43 39 44 0.0 0.0 13.0 0.0 513.0 4.0 2.0 0.5551149881046787
43 40 35 0.0 0.0 0.0 0.0 1.0 0.0 0.0 0.6996501749125437
43 40 36 0.0 0.0 91.0 0.0 2069.0 10.0 23.0 0.33759344104171685
43 40 37 0.0 0.0 494.0 0.0 9226.0 26.0 1557.0 0.11963766877456843
43 40 38 0.0 0.0 506.0 0.0 9707.0 25.0 2273.0 0.11474469305794606
43 40 39 0.0 0.0 561.0 0.0 10561.0 19.0 3149.0 0.10676427972241287
43 40 40 0.0 0.0 565.0 0.0 10617.0 23.0 3406.0 0.10631027412863542
43 40 41 0.0 0.0 574.0 0.0 10414.0 19.0 2585.0 0.10786655366361043
43 40 42 0.0 0.0 409.0 0.0 8774.0 20.0 1541.0 0.12534694242994
43 40 43 0.0 0.0 630.0 0.0 10998.0 22.0 3736.0 0.10275983558426305
43 40 44 0.0 0.0 80.0 0.0 1462.0 11.0 4.0 0.39660056657223797
43 40 45 0.0 0.0 0.0 0.0 6.0 0.0 0.0 0.6979062811565303
43 41 35 0.0 0.0 0.0 0.0 13.0 0.0 0.0 0.695479384003974
43 41 36 0.0 0.0 5.0 0.0 122.0 0.0 0.0 0.6582040432534085
43 41 37 0.0 0.0 90.0 0.0 2697.0 9.0 58.0 0.29294831554718553
43 41 38 0.0 0.0 311.0 0.0 6914.0 13.0 655.0 0.1519097222222222
43 41 39 0.0 0.0 655.0 0.0 11354.0 21.0 4465.0 0.0999357555856949
43 41 40 0.0 0.0 621.0 0.0 11136.0 15.0 4189.0 0.10176637348259068
43 41 41 0.0 0.0 621.0 0.0 11113.0 27.0 3554.0 0.10201107548819585
43 41 42 0.0 0.0 320.0 0.0 7321.0 19.0 886.0 0.14548477605736254
43 41 43 0.0 0.0 172.0 0.0 4024.0 16.0 149.0 0.22650056625141557
43 41 44 0.0 0.0 0.0 0.0 79.0 0.0 0.0 0.6737247353224253
43 41 45 0.0 0.0 0.0 0.0 1.0 0.0 0.0 0.0
43 42 35 0.0 0.0 0.0 0.0 4.0 0.0 0.0 0.6986027944111775
43 42 36 0.0 0.0 0.0 0.0 21.0 1.0 0.0 0.6930693069306929
43 42 37 0.0 0.0 39.0 0.0 874.0 4.0 4.0 0.4814305364511691
43 42 38 0.0 0.0 304.0 0.0 6662.0 17.0 616.0 0.15633724176437744
43 42 39 0.0 0.0 205.0 0.0 4758.0 17.0 224.0 0.2014968336211859
43 42 40 0.0 0.0 484.0 0.0 9657.0 24.0 2146.0 0.11542583889850769
43 42 41 0.0 0.0 271.0 0.0 5916.0 18.0 397.0 0.17140058765915767
43 42 42 0.0 0.0 200.0 0.0 4803.0 14.0 233.0 0.20025747389500784
43 42 43 0.0 0.0 113.0 0.0 2921.0 17.0 65.0 0.2789956157831805
43 42 44 0.0 0.0 0.0 0.0 18.0 0.0 0.0 0.6937561942517343
43 43 36 0.0 0.0 0.0 0.0 4.0 0.0 0.0 0.6986027944111775
43 43 37 0.0 0.0 6.0 0.0 205.0 3.0 0.0 0.6340579710144926
43 43 38 0.0 0.0 88.0 0.0 1918.0 17.0 20.0 0.35087719298245607
43 43 39 0.0 0.0 211.0 0.0 4379.0 19.0 168.0 0.21302495435179547
43 43 40 0.0 0.0 123.0 0.0 3287.0 12.0 94.0 0.25930727912576396
43 43 41 0.0 0.0 265.0 0.0 5732.0 19.0 391.0 0.17539463793535454
43 43 42 0.0 0.0 133.0 0.0 3008.0 15.0 83.0 0.2731174404994148
43 43 43 0.0 0.0 40.0 0.0 713.0 4.0 2.0 0.5092761004001454
43 43 44 0.0 0.0 0.0 0.0 6.0 0.0 0.0 0.6979062811565303
43 44 38 0.0 0.0 0.0 0.0 24.0 0.0 0.0 0.6916996047430829
43 44 39 0.0 0.0 0.0 0.0 24.0 0.0 0.0 0.6916996047430829
43 44 40 0.0 0.0 110.0 0.0 2515.0 20.0 45.0 0.30408340573414416
43 44 41 0.0 0.0 0.0 0.0 26.0 0.0 0.0 0.6910167818361302
43 44 42 0.0 0.0 1.0 0.0 22.0 0.0 0.0 0.6920415224913494
43 44 43 0.0 0.0 0.0 0.0 3.0 0.0 0.0 0.6989515726410384
43 45 39 0.0 0.0 0.0 0.0 2.0 0.0 0.0 0.6996501749125437
44 35 39 0.0 0.0 0.0 0.0 1.0 0.0 0.0 0.6996501749125437
44 36 37 0.0 0.0 0.0 0.0 39.0 0.0 0.0 0.6866110838646394
44 36 38 0.0 0.0 45.0 0.0 1152.0 4.0 8.0 0.43845912934544307
44 36 39 0.0 0.0 86.0 0.0 1987.0 13.0 27.0 0.34474267421817284
44 36 40 0.0 0.0 15.0 0.0 340.0 3.0 1.0 0.5952380952380951
44 36 41 0.0 0.0 0.0 0.0 8.0 0.0 0.0 0.697211155378486
44 36 42 0.0 0.0 0.0 0.0 5.0 0.0 0.0 0.6982543640897755
44 37 36 0.0 0.0 4.0 0.0 79.0 1.0 0.0 0.6724303554274734
44 37 37 0.0 0.0 1.0 0.0 76.0 0.0 0.0 0.6740491092922483
44 37 38 0.0 0.0 82.0 0.0 2349.0 10.0 46.0 0.3165988240615106
44 37 39 0.0 0.0 18.0 0.0 552.0 6.0 3.0 0.5460218408736348
44 37 40 0.0 0.0 10.0 0.0 311.0 5.0 1.0 0.6044905008635577
44 37 41 0.0 0.0 34.0 0.0 560.0 10.0 0.0 0.5420054200542004
44 37 42 0.0 0.0 0.0 0.0 82.0 0.0 0.0 0.6724303554274734
44 37 43 0.0 0.0 20.0 0.0 392.0 4.0 0.0 0.5816368923971748
44 38 35 0.0 0.0 0.0 0.0 1.0 0.0 0.0 0.6996501749125437
44 38 36 0.0 0.0 0.0 0.0 11.0 0.0 0.0 0.6961710591745399
44 38 37 0.0 0.0 9.0 0.0 294.0 0.0 1.0 0.60790273556231
44 38 38 0.0 0.0 9.0 0.0 382.0 1.0 1.0 0.5857740585774057
44 38 39 0.0 0.0 92.0 0.0 1918.0 11.0 13.0 0.3499125218695326
44 38 40 0.0 0.0 556.0 0.0 10181.0 20.0 2674.0 0.10999371464487744
44 38 41 0.0 0.0 62.0 0.0 1386.0 13.0 10.0 0.40745052386495917
44 38 42 0.0 0.0 58.0 0.0 1597.0 9.0 11.0 0.38408779149519884
44 38 43 0.0 0.0 1.0 0.0 126.0 5.0 0.0 0.6597549481621111
44 38 44 0.0 0.0 2.0 0.0 75.0 1.0 0.0 0.6743737957610789
44 38 45 0.0 0.0 0.0 0.0 1.0 0.0 0.0 0.6996501749125437
44 39 35 0.0 0.0 0.0 0.0 2.0 0.0 0.0 0.6993006993006992
44 39 36 0.0 0.0 10.0 0.0 154.0 2.0 0.0 0.6475485661424606
44 39 37 0.0 0.0 117.0 0.0 2338.0 18.0 36.0 0.31552851025467654
44 39 38 0.0 0.0 36.0 0.0 1153.0 7.0 12.0 0.44039005976722234
44 39 39 0.0 0.0 224.0 0.0 4569.0 23.0 201.0 0.20664206642066418
44 39 40 0.0 0.0 246.0 0.0 5414.0 16.0 333.0 0.18310227569971227
44 39 41 0.0 0.0 101.0 0.0 2317.0 16.0 23.0 0.3180372557928214
44 39 42 0.0 0.0 214.0 0.0 4410.0 29.0 172.0 0.21228203184230476
44 39 43 0.0 0.0 10.0 0.0 463.0 3.0 1.0 0.5668016194331983
44 39 44 0.0 0.0 94.0 0.0 2142.0 18.0 26.0 0.33183218772220896
44 39 45 0.0 0.0 0.0 0.0 1.0 0.0 0.0 0.6996501749125437
44 40 35 0.0 0.0 0.0 0.0 3.0 0.0 0.0 0.6989515726410384
44 40 36 0.0 0.0 17.0 0.0 355.0 4.0 0.0 0.5912162162162161
44 40 37 0.0 0.0 27.0 0.0 902.0 5.0 2.0 0.4787961696306429
44 40 38 0.0 0.0 42.0 0.0 1148.0 9.0 7.0 0.43997485857950963
44 40 39 0.0 0.0 151.0 0.0 3439.0 18.0 67.0 0.25125628140703515
44 40 40 0.0 0.0 445.0 0.0 9218.0 25.0 1832.0 0.12019230769230767
44 40 41 0.0 0.0 39.0 0.0 1129.0 15.0 11.0 0.4440215667618141
44 40 42 0.0 0.0 101.0 0.0 2582.0 14.0 33.0 0.2999785729590743
44 40 43 0.0 0.0 42.0 0.0 774.0 5.0 1.0 0.49804340092493765
44 40 44 0.0 0.0 0.0 0.0 35.0 0.0 0.0 0.6879606879606879
44 40 45 0.0 0.0 0.0 0.0 1.0 0.0 0.0 0.6996501749125437
44 41 35 0.0 0.0 0.0 0.0 1.0 0.0 0.0 0.6996501749125437
44 41 36 0.0 0.0 0.0 0.0 24.0 0.0 0.0 0.6916996047430829
44 41 37 0.0 0.0 18.0 0.0 351.0 7.0 0.0 0.592718035563082
44 41 38 0.0 0.0 18.0 0.0 600.0 5.0 2.0 0.5359877488514548
44 41 39 0.0 0.0 224.0 0.0 4727.0 27.0 190.0 0.20216606498194942
44 41 40 0.0 0.0 61.0 0.0 1352.0 13.0 7.0 0.41188584877905265
44 41 41 0.0 0.0 75.0 0.0 1661.0 15.0 15.0 0.3762429454447729
44 41 42 0.0 0.0 190.0 0.0 3820.0 18.0 81.0 0.23356690023356685
44 41 43 0.0 0.0 80.0 0.0 2068.0 13.0 32.0 0.33840947546531297
44 41 44 0.0 0.0 0.0 0.0 74.0 0.0 0.0 0.6750241080038573
44 42 36 0.0 0.0 0.0 0.0 2.0 0.0 0.0 0.6993006993006992
44 42 37 0.0 0.0 0.0 0.0 16.0 0.0 0.0 0.6944444444444444
44 42 38 0.0 0.0 32.0 0.0 940.0 4.0 10.0 0.47185709470845966
44 42 39 0.0 0.0 327.0 0.0 7303.0 16.0 890.0 0.1455301455301455
44 42 40 0.0 0.0 9.0 0.0 442.0 4.0 1.0 0.5723630417007358
44 42 41 0.0 0.0 27.0 0.0 688.0 6.0 6.0 0.5167958656330748
44 42 42 0.0 0.0 2.0 0.0 82.0 1.0 0.0 0.6721075372059528
44 42 43 0.0 0.0 1.0 0.0 26.0 0.0 0.0 0.6910167818361302
44 42 44 0.0 0.0 0.0 0.0 3.0 0.0 0.0 0.6989515726410384
44 43 37 0.0 0.0 0.0 0.0 17.0 0.0 0.0 0.694100148735746
44 43 38 0.0 0.0 0.0 0.0 47.0 2.0 0.0 0.6845965770171147
44 43 39 0.0 0.0 22.0 0.0 399.0 4.0 0.0 0.5792304509722795
44 43 40 0.0 0.0 1.0 0.0 78.0 0.0 0.0 0.6734006734006733
44 43 41 0.0 0.0 0.0 0.0 45.0 0.0 0.0 0.6845965770171147
44 43 42 0.0 0.0 0.0 0.0 19.0 0.0 0.0 0.6934125804853887
44 43 43 0.0 0.0 0.0 0.0 7.0 0.0 0.0 0.6975585450921773
44 43 44 0.0 0.0 0.0 0.0 3.0 0.0 0.0 0.6989515726410384
44 44 38 0.0 0.0 0.0 0.0 1.0 0.0 0.0 0.6996501749125437
44 44 39 0.0 0.0 0.0 0.0 1.0 0.0 0.0 0.0
44 44 40 0.0 0.0 0.0 0.0 10.0 0.0 0.0 0.6965174129353233
44 44 41 0.0 0.0 0.0 0.0 5.0 0.0 0.0 0.6982543640897755
44 44 42 0.0 0.0 1.0 0.0 15.0 0.0 0.0 0.6944444444444444
44 45 39 0.0 0.0 0.0 0.0 2.0 0.0 0.0 0.6993006993006992
44 45 40 0.0 0.0 0.0 0.0 1.0 0.0 0.0 0.6996501749125437
45 35 39 0.0 0.0 0.0 0.0 1.0 0.0 0.0 0.6996501749125437
45 36 38 0.0 0.0 0.0 0.0 4.0 0.0 0.0 0.6986027944111775
45 36 39 0.0 0.0 0.0 0.0 5.0 0.0 0.0 0.6982543640897755
45 36 40 0.0 0.0 0.0 0.0 1.0 0.0 0.0 0.6996501749125437
45 37 37 0.0 0.0 0.0 0.0 3.0 0.0 0.0 0.6989515726410384
45 37 38 0.0 0.0 0.0 0.0 3.0 0.0 0.0 0.6989515726410384
45 37 39 0.0 0.0 48.0 0.0 1419.0 9.0 13.0 0.4047412546978895
45 37 40 0.0 0.0 48.0 0.0 1018.0 10.0 5.0 0.4579653254824991
45 37 41 0.0 0.0 10.0 0.0 278.0 2.0 1.0 0.6124234470691162
45 37 42 0.0 0.0 0.0 0.0 3.0 0.0 0.0 0.6989515726410384
45 37 43 0.0 0.0 0.0 0.0 3.0 0.0 0.0 0.6989515726410384
45 38 38 0.0 0.0 1.0 0.0 5.0 0.0 0.0 0.6979062811565303
45 38 39 0.0 0.0 0.0 0.0 50.0 0.0 0.0 0.6832601268911663
45 38 40 0.0 0.0 6.0 0.0 117.0 2.0 0.0 0.66006600660066
45 38 41 0.0 0.0 182.0 0.0 4301.0 11.0 209.0 0.21624961383997526
45 38 42 0.0 0.0 0.0 0.0 12.0 1.0 0.0 0.6961710591745399
45 38 43 0.0 0.0 0.0 0.0 1.0 0.0 0.0 0.6996501749125437
45 39 36 0.0 0.0 0.0 0.0 2.0 0.0 0.0 0.6993006993006992
45 39 37 0.0 0.0 0.0 0.0 1.0 0.0 0.0 0.6996501749125437
45 39 38 0.0 0.0 0.0 0.0 8.0 0.0 0.0 0.697211155378486
45 39 39 0.0 0.0 0.0 0.0 78.0 1.0 0.0 0.6740491092922483
45 39 40 0.0 0.0 0.0 0.0 88.0 0.0 0.0 0.6704980842911876
45 39 41 0.0 0.0 62.0 0.0 1320.0 12.0 11.0 0.4153070305547315
45 39 42 0.0 0.0 2.0 0.0 66.0 0.0 0.0 0.6769825918762088
45 39 43 0.0 0.0 0.0 0.0 12.0 0.0 0.0 0.6958250497017892
45 39 44 0.0 0.0 0.0 0.0 2.0 0.0 0.0 0.6996501749125437
45 39 45 0.0 0.0 0.0 0.0 3.0 0.0 0.0 0.6989515726410384
45 40 36 0.0 0.0 0.0 0.0 2.0 0.0 0.0 0.6993006993006992
45 40 38 0.0 0.0 0.0 0.0 7.0 0.0 0.0 0.6975585450921773
45 40 39 0.0 0.0 20.0 0.0 465.0 4.0 1.0 0.564516129032258
45 40 40 0.0 0.0 1.0 0.0 120.0 1.0 0.0 0.6606890042472864
45 40 41 0.0 0.0 14.0 0.0 250.0 3.0 0.0 0.6191950464396283
45 40 42 0.0 0.0 1.0 0.0 17.0 1.0 0.0 0.694100148735746
45 40 43 0.0 0.0 0.0 0.0 6.0 0.0 0.0 0.6979062811565303
45 40 44 0.0 0.0 0.0 0.0 1.0 0.0 0.0 0.6996501749125437
45 41 37 0.0 0.0 0.0 0.0 1.0 0.0 0.0 0.6996501749125437
45 41 38 0.0 0.0 0.0 0.0 16.0 0.0 0.0 0.6944444444444444
45 41 39 0.0 0.0 169.0 0.0 3350.0 17.0 73.0 0.25445292620865134
45 41 40 0.0 0.0 10.0 0.0 182.0 3.0 0.0 0.639561443581544
45 41 41 0.0 0.0 2.0 0.0 45.0 1.0 0.0 0.6842619745845552
45 41 42 0.0 0.0 5.0 0.0 55.0 1.0 0.0 0.6799417192812044
45 41 43 0.0 0.0 1.0 0.0 5.0 1.0 0.0 0.6982543640897755
45 42 38 0.0 0.0 4.0 0.0 143.0 2.0 0.0 0.6526806526806526
45 42 39 0.0 0.0 0.0 0.0 32.0 0.0 0.0 0.6889763779527558
45 42 40 0.0 0.0 4.0 0.0 53.0 0.0 0.0 0.6806028196402526
45 42 41 0.0 0.0 0.0 0.0 2.0 0.0 0.0 0.6993006993006992
45 42 42 0.0 0.0 0.0 0.0 4.0 0.0 0.0 0.6986027944111775
45 42 43 0.0 0.0 0.0 0.0 1.0 0.0 0.0 0.6996501749125437
45 42 44 0.0 0.0 0.0 0.0 1.0 0.0 0.0 0.6996501749125437
45 43 38 0.0 0.0 0.0 0.0 12.0 0.0 0.0 0.6958250497017892
45 43 39 0.0 0.0 107.0 0.0 2101.0 18.0 27.0 0.33412887828162285
45 43 40 0.0 0.0 0.0 0.0 9.0 0.0 0.0 0.6968641114982577
45 43 42 0.0 0.0 0.0 0.0 1.0 0.0 0.0 0.6996501749125437
45 44 39 0.0 0.0 0.0 0.0 1.0 0.0 0.0 0.6996501749125437
45 44 40 0.0 0.0 1.0 0.0 11.0 0.0 0.0 0.6958250497017892
46 36 38 0.0 0.0 0.0 0.0 1.0 0.0 0.0 0.6996501749125437
46 37 39 0.0 0.0 0.0 0.0 1.0 0.0 0.0 0.6996501749125437
46 37 40 0.0 0.0 3.0 0.0 116.0 1.0 0.0 0.6610009442870631
46 37 41 0.0 0.0 1.0 0.0 3.0 1.0 0.0 0.6989515726410384
46 37 42 0.0 0.0 0.0 0.0 3.0 0.0 0.0 0.6989515726410384
46 38 40 0.0 0.0 0.0 0.0 2.0 0.0 0.0 0.6993006993006992
46 38 41 0.0 0.0 0.0 0.0 12.0 0.0 0.0 0.6958250497017892
46 38 42 0.0 0.0 0.0 0.0 4.0 0.0 0.0 0.6986027944111775
46 39 40 0.0 0.0 0.0 0.0 2.0 0.0 0.0 0.6993006993006992
46 39 41 0.0 0.0 0.0 0.0 8.0 0.0 0.0 0.697211155378486
46 39 42 0.0 0.0 0.0 0.0 1.0 0.0 0.0 0.6996501749125437
46 40 38 0.0 0.0 0.0 0.0 1.0 0.0 0.0 0.6996501749125437
46 40 39 0.0 0.0 0.0 0.0 1.0 0.0 0.0 0.6996501749125437
46 40 41 0.0 0.0 0.0 0.0 1.0 0.0 0.0 0.0
46 41 38 0.0 0.0 0.0 0.0 3.0 0.0 0.0 0.6989515726410384
46 41 39 0.0 0.0 0.0 0.0 2.0 0.0 0.0 0.6993006993006992
46 41 40 0.0 0.0 0.0 0.0 3.0 0.0 0.0 0.6989515726410384
46 42 38 0.0 0.0 0.0 0.0 2.0 0.0 0.0 0.6993006993006992
46 42 40 0.0 0.0 0.0 0.0 1.0 0.0 0.0 0.6996501749125437
46 43 38 0.0 0.0 0.0 0.0 1.0 0.0 0.0 0.6996501749125437
46 43 39 0.0 0.0 2.0 0.0 13.0 1.0 0.0 0.6951340615690167
