37 38 38 0.0 0.0 0.0 0.0 3.0 0.0 0.0 0.6989515726410384
37 38 39 0.0 0.0 0.0 0.0 4.0 0.0 0.0 0.6986027944111775
37 38 40 0.0 0.0 0.0 0.0 3.0 0.0 0.0 0.6989515726410384
37 38 41 0.0 0.0 0.0 0.0 4.0 0.0 0.0 0.6986027944111775
37 39 38 0.0 0.0 0.0 0.0 5.0 0.0 0.0 0.6982543640897755
37 39 39 0.0 0.0 0.0 0.0 3.0 0.0 0.0 0.6989515726410384
37 39 40 0.0 0.0 0.0 0.0 3.0 0.0 0.0 0.6989515726410384
37 39 41 0.0 0.0 0.0 0.0 2.0 0.0 0.0 0.6993006993006992
37 40 38 0.0 0.0 0.0 0.0 5.0 0.0 0.0 0.6982543640897755
37 40 39 0.0 0.0 0.0 0.0 6.0 0.0 0.0 0.6979062811565303
37 40 40 0.0 0.0 0.0 0.0 10.0 0.0 0.0 0.6968641114982577
37 40 41 0.0 0.0 0.0 0.0 14.0 0.0 0.0 0.6951340615690167
37 41 39 0.0 0.0 0.0 0.0 1.0 0.0 0.0 0.6996501749125437
37 41 40 0.0 0.0 0.0 0.0 7.0 0.0 0.0 0.6979062811565303
37 41 41 0.0 0.0 0.0 0.0 1.0 0.0 0.0 0.6996501749125437
37 41 42 0.0 0.0 3.0 0.0 20.0 1.0 0.0 0.6923837784371908
37 42 39 0.0 0.0 0.0 0.0 4.0 0.0 0.0 0.6986027944111775
37 42 40 0.0 0.0 0.0 0.0 2.0 0.0 0.0 0.6993006993006992
37 42 41 0.0 0.0 0.0 0.0 5.0 0.0 0.0 0.6982543640897755
38 38 38 0.0 0.0 1.0 0.0 16.0 0.0 0.0 0.694100148735746
38 38 39 0.0 0.0 0.0 0.0 29.0 0.0 0.0 0.6899950714637751
38 38 40 0.0 0.0 0.0 0.0 23.0 0.0 0.0 0.6920415224913494
38 38 41 0.0 0.0 0.0 0.0 24.0 0.0 0.0 0.6916996047430829
38 38 42 0.0 0.0 0.0 0.0 9.0 0.0 0.0 0.6968641114982577
38 39 38 0.0 0.0 0.0 0.0 31.0 0.0 0.0 0.689655172413793
38 39 39 0.0 0.0 127.0 0.0 3193.0 25.0 89.0 0.2643504531722054
38 39 40 0.0 0.0 154.0 0.0 3460.0 21.0 84.0 0.2502681444404719
38 39 41 0.0 0.0 2.0 0.0 104.0 2.0 0.0 0.6653992395437262
38 39 42 0.0 0.0 0.0 0.0 17.0 0.0 0.0 0.694100148735746
38 40 38 0.0 0.0 0.0 0.0 10.0 0.0 0.0 0.6965174129353233
38 40 39 0.0 0.0 26.0 0.0 471.0 5.0 2.0 0.5620232838217583
38 40 40 0.0 0.0 37.0 0.0 922.0 6.0 4.0 0.4742547425474254
38 40 41 0.0 0.0 38.0 0.0 914.0 4.0 2.0 0.4748982360922659
38 40 42 0.0 0.0 0.0 0.0 13.0 0.0 0.0 0.695479384003974
38 41 38 0.0 0.0 0.0 1.0 11.0 1.0 0.0 0.6961710591745399
38 41 39 0.0 0.0 21.0 0.0 611.0 5.0 2.0 0.5329272934906736
38 41 40 0.0 0.0 192.0 0.0 4549.0 14.0 205.0 0.20793108569731172
38 41 41 0.0 0.0 2.0 0.0 150.0 1.0 0.0 0.6508600650860064
38 41 42 0.0 0.0 0.0 0.0 1.0 0.0 0.0 0.6996501749125437
38 42 39 0.0 0.0 0.0 0.0 10.0 0.0 0.0 0.6965174129353233
38 42 40 0.0 0.0 14.0 0.0 366.0 6.0 0.0 0.5897219882055602
38 42 41 0.0 0.0 1.0 0.0 33.0 3.0 0.0 0.6893156080748399
38 42 42 0.0 0.0 0.0 0.0 2.0 0.0 0.0 0.6993006993006992
39 37 38 0.0 0.0 0.0 0.0 3.0 0.0 0.0 0.6989515726410384
39 37 39 0.0 0.0 0.0 0.0 2.0 0.0 0.0 0.6993006993006992
39 38 38 0.0 0.0 0.0 0.0 8.0 0.0 0.0 0.697211155378486
39 38 39 0.0 0.0 2.0 0.0 47.0 0.0 0.0 0.6832601268911663
39 38 40 0.0 0.0 51.0 0.0 1095.0 6.0 2.0 0.4461440407903122
39 38 41 0.0 0.0 1.0 0.0 15.0 0.0 0.0 0.6944444444444444
39 38 42 0.0 0.0 0.0 0.0 21.0 0.0 0.0 0.6927263730826323
39 39 38 0.0 0.0 12.0 0.0 233.0 5.0 0.0 0.6249999999999999
39 39 39 0.0 0.0 210.0 2.0 5461.0 11.0 394.0 0.1826007564888483
39 39 40 0.0 0.0 174.0 6.0 3999.0 18.0 121.0 0.22712524334847498
39 39 41 0.0 0.0 283.0 0.0 6617.0 17.0 728.0 0.1575157515751575
39 39 42 0.0 0.0 0.0 0.0 70.0 0.0 0.0 0.6763285024154588
39 40 38 0.0 0.0 11.0 0.0 225.0 1.0 0.0 0.6263982102908277
39 40 39 0.0 0.0 223.0 9.0 5342.0 15.0 320.0 0.18511172815020493
39 40 40 0.0 0.0 648.0 3.0 11138.0 28.0 4027.0 0.10158177332752864
39 40 41 0.0 0.0 59.0 6.0 1872.0 10.0 21.0 0.35650623885918
39 40 42 0.0 0.0 0.0 0.0 43.0 0.0 0.0 0.6856023506366307
39 41 38 0.0 0.0 0.0 0.0 14.0 0.0 0.0 0.6951340615690167
39 41 39 0.0 0.0 33.0 33.0 841.0 4.0 7.0 0.48242591316333555
39 41 40 0.0 0.0 303.0 2.0 7098.0 17.0 755.0 0.14906303236797272
39 41 41 0.0 0.0 56.0 11.0 1666.0 11.0 20.0 0.3761418592154755
39 41 42 0.0 0.0 9.0 0.0 303.0 3.0 0.0 0.6063230835859679
39 42 39 0.0 0.0 0.0 0.0 19.0 0.0 0.0 0.6934125804853887
39 42 40 0.0 0.0 1.0 3.0 50.0 0.0 0.0 0.6815968841285296
39 42 41 0.0 0.0 7.0 0.0 139.0 0.0 0.0 0.6523765144454798
39 42 42 0.0 0.0 0.0 0.0 1.0 0.0 0.0 0.6996501749125437
40 37 38 0.0 0.0 0.0 0.0 1.0 0.0 0.0 0.6996501749125437
40 37 39 0.0 0.0 0.0 0.0 1.0 0.0 0.0 0.6996501749125437
40 37 41 0.0 0.0 0.0 0.0 3.0 0.0 0.0 0.6989515726410384
40 38 37 0.0 0.0 1.0 0.0 6.0 0.0 0.0 0.6975585450921773
40 38 38 0.0 0.0 80.0 0.0 1801.0 15.0 16.0 0.3621314019658561
40 38 39 0.0 0.0 4.0 0.0 74.0 1.0 0.0 0.6740491092922483
40 38 40 0.0 0.0 5.0 0.0 79.0 1.0 0.0 0.6721075372059528
40 38 41 0.0 0.0 16.0 0.0 544.0 4.0 1.0 0.5477308294209702
40 38 42 0.0 0.0 0.0 0.0 42.0 0.0 0.0 0.6859382655560998
40 39 38 0.0 0.0 44.0 0.0 1012.0 11.0 7.0 0.45961917268548913
40 39 39 0.0 0.0 269.0 1.0 6078.0 21.0 487.0 0.16810758885686838
40 39 40 0.0 0.0 152.0 2.0 3486.0 20.0 85.0 0.2491546538529987
40 39 41 0.0 0.0 145.0 1.0 4006.0 14.0 161.0 0.22793878215564958
40 39 42 0.0 0.0 51.0 0.0 1487.0 10.0 18.0 0.39705048213272826
40 39 43 0.0 0.0 0.0 0.0 1.0 0.0 0.0 0.6996501749125437
40 40 38 0.0 0.0 85.0 0.0 2063.0 20.0 27.0 0.33914728682170536
40 40 39 0.0 1.0 306.0 4.0 6493.0 20.0 522.0 0.15927189988623433
40 40 40 11.0 29.0 1182.0 470.0 12549.0 44.0 15214.0 0.08621751447222563
40 40 41 0.0 0.0 570.0 0.0 10412.0 26.0 2661.0 0.10791644184074617
40 40 42 0.0 0.0 31.0 0.0 563.0 10.0 1.0 0.5417956656346749
40 41 38 0.0 0.0 0.0 0.0 33.0 0.0 0.0 0.6889763779527558
40 41 39 0.0 0.0 59.0 0.0 1446.0 18.0 11.0 0.4016064257028112
40 41 40 0.0 0.0 169.0 1.0 3808.0 22.0 120.0 0.23497818059751588
40 41 41 0.0 57.0 96.0 1266.0 2048.0 22.0 66.0 0.2570694087403599
40 41 42 0.0 0.0 33.0 0.0 690.0 10.0 5.0 0.5160339107998525
40 42 38 0.0 0.0 5.0 0.0 118.0 2.0 0.0 0.66006600660066
40 42 39 0.0 0.0 0.0 0.0 48.0 0.0 0.0 0.6835937499999999
40 42 40 0.0 0.0 55.0 1.0 1132.0 13.0 6.0 0.44108380592312535
40 42 41 0.0 0.0 0.0 0.0 21.0 0.0 0.0 0.6930693069306929
40 42 42 0.0 0.0 0.0 1.0 0.0 0.0 0.0 0.6996501749125437
41 37 40 0.0 0.0 0.0 0.0 2.0 0.0 0.0 0.6993006993006992
41 38 37 0.0 0.0 0.0 0.0 2.0 0.0 0.0 0.6993006993006992
41 38 38 0.0 0.0 16.0 0.0 298.0 7.0 1.0 0.6068487212830515
41 38 39 0.0 0.0 0.0 0.0 37.0 0.0 0.0 0.6872852233676975
41 38 40 0.0 0.0 2.0 0.0 82.0 1.0 0.0 0.6721075372059528
41 38 41 0.0 0.0 1.0 0.0 29.0 0.0 0.0 0.689655172413793
41 38 42 0.0 0.0 0.0 0.0 8.0 0.0 0.0 0.697211155378486
41 39 37 0.0 0.0 0.0 0.0 1.0 0.0 0.0 0.6996501749125437
41 39 38 0.0 0.0 10.0 0.0 219.0 1.0 0.0 0.6283662477558347
41 39 39 0.0 0.0 416.0 0.0 8417.0 23.0 1295.0 0.12944983818770223
41 39 40 0.0 0.0 151.0 0.0 3403.0 15.0 89.0 0.25266197437285687
41 39 41 0.0 0.0 398.0 0.0 8129.0 20.0 1045.0 0.13318112633181123
41 39 42 0.0 0.0 57.0 0.0 1015.0 17.0 2.0 0.4582651391162029
41 39 43 0.0 0.0 0.0 0.0 2.0 0.0 0.0 0.6993006993006992
41 40 37 0.0 0.0 0.0 0.0 2.0 0.0 0.0 0.6993006993006992
41 40 38 0.0 0.0 9.0 0.0 253.0 3.0 0.0 0.6197432492253209
41 40 39 0.0 0.0 258.0 3.0 5222.0 31.0 279.0 0.1877934272300469
41 40 40 0.0 0.0 92.0 7.0 2467.0 17.0 39.0 0.30769230769230765
41 40 41 0.0 0.0 500.0 0.0 9711.0 23.0 2529.0 0.11472588707694828
41 40 42 0.0 0.0 29.0 0.0 687.0 6.0 2.0 0.5167958656330748
41 41 37 0.0 0.0 4.0 0.0 29.0 3.0 0.0 0.689655172413793
41 41 38 0.0 0.0 16.0 0.0 209.0 5.0 0.0 0.6306306306306305
41 41 39 0.0 0.0 342.0 3.0 6842.0 21.0 606.0 0.15267175572519082
41 41 40 0.0 0.0 314.0 0.0 7125.0 19.0 857.0 0.14852535539995754
41 41 41 0.0 0.0 112.0 5.0 3051.0 9.0 96.0 0.27137042062415195
41 41 42 0.0 0.0 0.0 2.0 98.0 1.0 0.0 0.6669842782277274
41 41 43 0.0 0.0 0.0 0.0 1.0 0.0 0.0 0.6996501749125437
41 42 38 0.0 0.0 0.0 0.0 10.0 0.0 0.0 0.6965174129353233
41 42 39 0.0 0.0 0.0 0.0 34.0 0.0 0.0 0.6886374815543531
41 42 40 0.0 0.0 1.0 0.0 58.0 0.0 0.0 0.6799417192812044
41 42 41 0.0 0.0 0.0 1.0 19.0 0.0 0.0 0.6930693069306929
41 42 42 0.0 0.0 0.0 0.0 4.0 0.0 0.0 0.6986027944111775
41 43 39 0.0 0.0 0.0 0.0 1.0 0.0 0.0 0.6996501749125437
41 43 40 0.0 0.0 0.0 0.0 1.0 0.0 0.0 0.6996501749125437
42 37 38 0.0 0.0 0.0 0.0 1.0 0.0 0.0 0.6996501749125437
42 38 38 0.0 0.0 7.0 0.0 87.0 2.0 0.0 0.6692160611854684
42 38 39 0.0 0.0 33.0 0.0 906.0 8.0 2.0 0.477652678266803
42 38 40 0.0 0.0 1.0 0.0 49.0 0.0 0.0 0.6829268292682925
42 38 41 0.0 0.0 0.0 0.0 8.0 0.0 0.0 0.697211155378486
42 38 42 0.0 0.0 0.0 0.0 5.0 0.0 0.0 0.6982543640897755
42 39 38 0.0 0.0 0.0 0.0 28.0 0.0 0.0 0.690335305719921
42 39 39 0.0 0.0 6.0 0.0 152.0 2.0 0.0 0.6493506493506492
42 39 40 0.0 0.0 0.0 0.0 55.0 0.0 0.0 0.6812652068126519
42 39 41 0.0 0.0 3.0 0.0 164.0 1.0 0.0 0.6463527239150507
42 39 42 0.0 0.0 53.0 0.0 1172.0 7.0 5.0 0.4350528278433809
42 40 38 0.0 0.0 99.0 0.0 1851.0 17.0 18.0 0.3559623696923468
42 40 39 0.0 0.0 68.0 0.0 1156.0 11.0 7.0 0.4357298474945533
42 40 40 0.0 0.0 207.0 0.0 4308.0 18.0 168.0 0.21541775657793502
42 40 41 0.0 0.0 3.0 0.0 121.0 1.0 1.0 0.6594441827602449
42 40 42 0.0 0.0 6.0 0.0 145.0 1.0 0.0 0.6511627906976742
42 41 38 0.0 0.0 0.0 0.0 17.0 0.0 0.0 0.694100148735746
42 41 39 0.0 0.0 22.0 0.0 550.0 4.0 1.0 0.5451713395638628
42 41 40 0.0 0.0 1.0 0.0 93.0 0.0 0.0 0.6685768863419292
42 41 41 0.0 0.0 115.0 0.0 2780.0 18.0 43.0 0.28694404591104733
42 41 42 0.0 0.0 1.0 0.0 53.0 0.0 0.0 0.6815968841285296
42 42 38 0.0 0.0 2.0 0.0 30.0 1.0 0.0 0.6893156080748399
42 42 39 0.0 0.0 2.0 0.0 40.0 0.0 0.0 0.6856023506366307
42 42 40 0.0 0.0 31.0 0.0 818.0 6.0 3.0 0.49243756595145965
42 42 41 0.0 0.0 0.0 0.0 13.0 0.0 0.0 0.695479384003974
42 42 42 0.0 0.0 0.0 0.0 8.0 0.0 0.0 0.697211155378486
43 38 42 0.0 0.0 0.0 0.0 3.0 0.0 0.0 0.6989515726410384
43 39 39 0.0 0.0 0.0 0.0 3.0 0.0 0.0 0.6989515726410384
43 39 40 0.0 0.0 5.0 0.0 90.0 1.0 0.0 0.6685768863419292
43 39 41 0.0 0.0 0.0 0.0 6.0 0.0 0.0 0.6979062811565303
43 39 42 0.0 0.0 0.0 0.0 1.0 0.0 0.0 0.6996501749125437
43 39 43 0.0 0.0 0.0 0.0 1.0 0.0 0.0 0.6996501749125437
43 40 39 0.0 0.0 0.0 0.0 1.0 0.0 0.0 0.6996501749125437
43 40 40 0.0 0.0 0.0 0.0 5.0 0.0 0.0 0.6982543640897755
43 40 41 0.0 0.0 0.0 0.0 15.0 0.0 0.0 0.694789081885856
43 41 39 0.0 0.0 0.0 0.0 5.0 0.0 0.0 0.6982543640897755
43 41 40 0.0 0.0 0.0 0.0 3.0 0.0 0.0 0.6993006993006992
43 41 41 0.0 0.0 0.0 0.0 3.0 0.0 0.0 0.6989515726410384
43 41 42 0.0 0.0 0.0 0.0 3.0 0.0 0.0 0.6989515726410384
43 42 39 0.0 0.0 0.0 0.0 1.0 0.0 0.0 0.6996501749125437
43 42 40 0.0 0.0 0.0 0.0 1.0 0.0 0.0 0.6996501749125437
