36 41 39 0.0 0.0 0.0 0.0 1.0 0.0 0.0 0.6996501749125437
37 38 38 0.0 0.0 0.0 0.0 5.0 0.0 0.0 0.6982543640897755
37 38 39 0.0 0.0 5.0 0.0 24.0 2.0 0.0 0.6906758756783422
37 38 40 0.0 0.0 0.0 0.0 21.0 0.0 0.0 0.6927263730826323
37 38 41 0.0 0.0 4.0 0.0 83.0 1.0 0.0 0.6711409395973154
37 39 38 0.0 0.0 0.0 0.0 10.0 0.0 0.0 0.6965174129353233
37 39 39 0.0 0.0 0.0 0.0 25.0 0.0 0.0 0.6913580246913579
37 39 40 0.0 0.0 0.0 0.0 27.0 0.0 0.0 0.6906758756783422
37 39 41 0.0 0.0 0.0 0.0 16.0 0.0 0.0 0.6944444444444444
37 40 38 0.0 0.0 0.0 0.0 13.0 0.0 0.0 0.695479384003974
37 40 39 0.0 0.0 20.0 0.0 359.0 5.0 0.0 0.5897219882055602
37 40 40 0.0 0.0 0.0 0.0 38.0 0.0 1.0 0.6869479882237487
37 40 41 0.0 0.0 1.0 0.0 37.0 1.0 0.0 0.6872852233676975
37 41 38 0.0 0.0 0.0 0.0 3.0 0.0 0.0 0.6989515726410384
37 41 39 0.0 0.0 0.0 0.0 13.0 0.0 0.0 0.6958250497017892
37 41 40 0.0 0.0 1.0 0.0 59.0 0.0 0.0 0.6796116504854368
37 41 41 0.0 0.0 0.0 0.0 10.0 0.0 0.0 0.6965174129353233
37 41 42 0.0 0.0 25.0 0.0 510.0 9.0 3.0 0.5542359461599367
37 42 39 0.0 0.0 0.0 0.0 14.0 0.0 0.0 0.6951340615690167
37 42 40 0.0 0.0 0.0 0.0 15.0 0.0 0.0 0.694789081885856
37 42 41 0.0 0.0 0.0 0.0 10.0 0.0 0.0 0.6965174129353233
37 43 40 0.0 0.0 0.0 0.0 1.0 0.0 0.0 0.6996501749125437
38 37 40 0.0 0.0 0.0 0.0 1.0 0.0 0.0 0.6996501749125437
38 38 38 0.0 0.0 21.0 0.0 343.0 4.0 0.0 0.5932203389830507
38 38 39 0.0 0.0 4.0 0.0 117.0 0.0 0.0 0.66006600660066
38 38 40 0.0 0.0 0.0 0.0 84.0 0.0 0.0 0.6721075372059528
38 38 41 0.0 0.0 7.0 0.0 227.0 4.0 0.0 0.6278026905829596
38 38 42 0.0 0.0 0.0 0.0 30.0 0.0 0.0 0.689655172413793
38 39 38 0.0 0.0 0.0 0.0 79.0 0.0 0.0 0.6734006734006733
38 39 39 0.0 0.0 253.0 0.0 5843.0 21.0 427.0 0.17328877336303994
38 39 40 0.0 0.0 288.0 0.0 6229.0 19.0 448.0 0.16462841015992472
38 39 41 0.0 0.0 11.0 0.0 451.0 3.0 2.0 0.5693371289141926
38 39 42 0.0 0.0 0.0 0.0 42.0 0.0 0.0 0.6856023506366307
38 40 37 0.0 0.0 0.0 0.0 1.0 0.0 0.0 0.6996501749125437
38 40 38 0.0 0.0 0.0 0.0 42.0 0.0 0.0 0.6856023506366307
38 40 39 0.0 0.0 136.0 0.0 2568.0 12.0 41.0 0.29831664180694645
38 40 40 0.0 0.0 141.0 0.0 3102.0 18.0 53.0 0.2679938744257274
38 40 41 0.0 0.0 111.0 0.0 2901.0 11.0 60.0 0.2798880447820872
38 40 42 0.0 0.0 0.0 0.0 35.0 0.0 0.0 0.6879606879606879
38 40 43 0.0 0.0 0.0 0.0 1.0 0.0 0.0 0.6996501749125437
38 41 38 0.0 0.0 0.0 3.0 22.0 0.0 0.0 0.6913580246913579
38 41 39 0.0 0.0 74.0 0.0 2035.0 12.0 30.0 0.3413801511826383
38 41 40 0.0 0.0 312.0 0.0 7210.0 17.0 827.0 0.14719798128482808
38 41 41 0.0 0.0 32.0 0.0 715.0 8.0 4.0 0.5113221329437544
38 41 42 0.0 0.0 2.0 0.0 28.0 1.0 0.0 0.6899950714637751
38 42 38 0.0 0.0 0.0 0.0 6.0 0.0 0.0 0.6979062811565303
38 42 39 0.0 0.0 13.0 0.0 183.0 2.0 1.0 0.6381039197812214
38 42 40 0.0 0.0 61.0 0.0 1572.0 11.0 8.0 0.38652678078409713
38 42 41 0.0 0.0 6.0 0.0 187.0 3.0 0.0 0.639269406392694
38 42 42 0.0 0.0 0.0 0.0 8.0 0.0 0.0 0.697211155378486
38 43 39 0.0 0.0 0.0 0.0 1.0 0.0 0.0 0.6996501749125437
38 43 40 0.0 0.0 0.0 0.0 3.0 0.0 0.0 0.6989515726410384
38 43 41 0.0 0.0 0.0 0.0 2.0 0.0 0.0 0.6993006993006992
39 37 37 0.0 0.0 0.0 0.0 1.0 0.0 0.0 0.6996501749125437
39 37 38 0.0 0.0 0.0 0.0 7.0 0.0 0.0 0.6975585450921773
39 37 39 0.0 0.0 0.0 0.0 5.0 0.0 0.0 0.6986027944111775
39 37 40 0.0 0.0 2.0 0.0 37.0 0.0 0.0 0.6866110838646394
39 37 41 0.0 0.0 2.0 0.0 8.0 0.0 0.0 0.6968641114982577
39 37 42 0.0 0.0 0.0 0.0 1.0 0.0 0.0 0.6996501749125437
39 38 37 0.0 0.0 0.0 0.0 13.0 0.0 0.0 0.695479384003974
39 38 38 0.0 0.0 2.0 0.0 51.0 2.0 0.0 0.68259385665529
39 38 39 0.0 0.0 8.0 0.0 299.0 1.0 0.0 0.6071118820468342
39 38 40 0.0 0.0 167.0 0.0 3564.0 18.0 84.0 0.2450122506125306
39 38 41 0.0 0.0 1.0 0.0 100.0 0.0 0.0 0.6663493574488338
39 38 42 0.0 0.0 4.0 0.0 89.0 1.0 0.0 0.6692160611854684
39 38 43 0.0 0.0 0.0 0.0 6.0 0.0 0.0 0.6979062811565303
39 39 37 0.0 0.0 0.0 0.0 10.0 0.0 0.0 0.6965174129353233
39 39 38 0.0 0.0 57.0 0.0 1362.0 12.0 13.0 0.41091869680070436
39 39 39 0.0 0.0 327.0 3.0 7859.0 24.0 1145.0 0.13760566149007272
39 39 40 0.0 0.0 315.0 7.0 6774.0 13.0 657.0 0.15408320493066252
39 39 41 0.0 0.0 435.0 2.0 8942.0 20.0 1851.0 0.1231310466138962
39 39 42 0.0 0.0 0.0 0.0 159.0 0.0 0.0 0.6484483557202407
39 40 37 0.0 0.0 1.0 0.0 10.0 0.0 0.0 0.6961710591745399
39 40 38 0.0 0.0 61.0 0.0 1562.0 14.0 12.0 0.3879190911609864
39 40 39 0.0 0.0 343.0 11.0 7858.0 23.0 1120.0 0.13732221677292789
39 40 40 0.0 1.0 862.0 8.0 12263.0 30.0 7290.0 0.09254362771020623
39 40 41 0.0 0.0 169.0 8.0 4225.0 23.0 158.0 0.21950454687989962
39 40 42 0.0 0.0 0.0 0.0 115.0 2.0 0.0 0.6625650733554187
39 40 43 0.0 0.0 0.0 0.0 3.0 0.0 0.0 0.6989515726410384
39 41 37 0.0 0.0 0.0 0.0 1.0 0.0 0.0 0.6996501749125437
39 41 38 0.0 0.0 0.0 0.0 46.0 0.0 0.0 0.6842619745845552
39 41 39 0.0 0.0 132.0 42.0 2887.0 13.0 65.0 0.2773925104022191
39 41 40 0.0 0.0 445.0 4.0 9414.0 29.0 2036.0 0.1181933305192064
39 41 41 0.0 0.0 156.0 14.0 3915.0 20.0 162.0 0.23075655183781107
39 41 42 0.0 0.0 42.0 0.0 1154.0 12.0 8.0 0.43969849246231146
39 41 43 0.0 0.0 1.0 0.0 4.0 0.0 0.0 0.6982543640897755
39 42 38 0.0 0.0 0.0 0.0 4.0 0.0 0.0 0.6986027944111775
39 42 39 0.0 0.0 0.0 0.0 61.0 0.0 0.0 0.6792819019893255
39 42 40 0.0 0.0 8.0 12.0 261.0 4.0 0.0 0.6148440931049626
39 42 41 0.0 0.0 56.0 1.0 1238.0 8.0 5.0 0.4259202920596288
39 42 42 0.0 0.0 0.0 2.0 13.0 0.0 0.0 0.694789081885856
39 43 39 0.0 0.0 0.0 0.0 1.0 0.0 0.0 0.6996501749125437
39 43 40 0.0 0.0 0.0 0.0 4.0 0.0 0.0 0.6986027944111775
40 37 37 0.0 0.0 0.0 0.0 2.0 0.0 0.0 0.6993006993006992
40 37 38 0.0 0.0 0.0 0.0 4.0 0.0 0.0 0.6986027944111775
40 37 39 0.0 0.0 0.0 0.0 3.0 0.0 0.0 0.6989515726410384
40 37 40 0.0 0.0 0.0 0.0 4.0 0.0 0.0 0.6986027944111775
40 37 41 0.0 0.0 0.0 0.0 9.0 0.0 0.0 0.6968641114982577
40 37 42 0.0 0.0 0.0 0.0 1.0 0.0 0.0 0.6996501749125437
40 38 37 0.0 0.0 18.0 0.0 350.0 7.0 2.0 0.5929690808979245
40 38 38 0.0 0.0 187.0 0.0 4364.0 16.0 161.0 0.2141982864137087
40 38 39 0.0 0.0 41.0 0.0 803.0 6.0 2.0 0.49347902714134645
40 38 40 0.0 0.0 35.0 0.0 771.0 7.0 1.0 0.4999999999999999
40 38 41 0.0 0.0 63.0 0.0 1760.0 10.0 17.0 0.3671649619722003
40 38 42 0.0 0.0 4.0 0.0 147.0 2.0 0.0 0.6514657980456026
40 38 43 0.0 0.0 0.0 0.0 2.0 0.0 0.0 0.6993006993006992
40 39 37 0.0 0.0 1.0 0.0 17.0 1.0 0.0 0.694100148735746
40 39 38 0.0 0.0 128.0 0.0 3064.0 20.0 67.0 0.2706883217324052
40 39 39 0.0 0.0 414.0 3.0 8603.0 21.0 1503.0 0.12716868017076935
40 39 40 0.0 0.0 281.0 3.0 6304.0 17.0 498.0 0.16330339437769742
40 39 41 0.0 2.0 256.0 7.0 6455.0 18.0 595.0 0.16073478760045923
40 39 42 0.0 0.0 145.0 1.0 3659.0 16.0 130.0 0.24179620034542312
40 39 43 0.0 0.0 0.0 0.0 8.0 0.0 0.0 0.697211155378486
40 40 37 0.0 0.0 8.0 0.0 193.0 6.0 0.0 0.6378132118451024
40 40 38 0.0 0.0 209.0 0.0 4755.0 18.0 214.0 0.20140986908358505
40 40 39 0.0 2.0 457.0 11.0 9110.0 25.0 1624.0 0.12104444060176377
40 40 40 11.0 31.0 1402.0 482.0 12289.0 38.0 21513.0 0.08631319358816275
40 40 41 0.0 0.0 757.0 6.0 12104.0 35.0 5440.0 0.0942633988688392
40 40 42 0.0 0.0 110.0 0.0 2607.0 12.0 49.0 0.2974925626859328
40 40 43 0.0 0.0 0.0 0.0 5.0 0.0 0.0 0.6982543640897755
40 41 37 0.0 0.0 3.0 0.0 38.0 2.0 0.0 0.6866110838646394
40 41 38 0.0 0.0 4.0 1.0 176.0 2.0 0.0 0.6427915518824608
40 41 39 0.0 0.0 140.0 0.0 3695.0 18.0 115.0 0.2405498281786941
40 41 40 0.0 1.0 316.0 10.0 6798.0 22.0 602.0 0.15377855887521966
40 41 41 0.0 99.0 190.0 2252.0 3877.0 27.0 443.0 0.1667659321024419
40 41 42 0.0 0.0 127.0 1.0 2836.0 17.0 59.0 0.28294260307194824
40 41 43 0.0 0.0 0.0 0.0 1.0 0.0 0.0 0.6996501749125437
40 42 38 0.0 0.0 28.0 0.0 730.0 8.0 0.0 0.509090909090909
40 42 39 0.0 0.0 4.0 0.0 207.0 0.0 1.0 0.6331976481230212
40 42 40 0.0 0.0 168.0 5.0 3506.0 18.0 105.0 0.24734982332155472
40 42 41 0.0 0.0 8.0 0.0 215.0 3.0 0.0 0.6306306306306305
40 42 42 0.0 0.0 0.0 3.0 7.0 0.0 0.0 0.6965174129353233
40 42 43 0.0 0.0 0.0 0.0 2.0 0.0 0.0 0.6993006993006992
40 43 39 0.0 0.0 0.0 0.0 1.0 0.0 0.0 0.6996501749125437
40 43 40 0.0 0.0 0.0 0.0 5.0 0.0 0.0 0.6982543640897755
40 43 41 0.0 0.0 0.0 0.0 2.0 0.0 0.0 0.6993006993006992
41 37 37 0.0 0.0 0.0 0.0 3.0 0.0 0.0 0.6989515726410384
41 37 38 0.0 0.0 0.0 0.0 3.0 0.0 0.0 0.6989515726410384
41 37 39 0.0 0.0 8.0 0.0 111.0 3.0 0.0 0.661625708884688
41 37 40 0.0 0.0 0.0 0.0 4.0 0.0 0.0 0.6986027944111775
41 37 41 0.0 0.0 0.0 0.0 5.0 0.0 0.0 0.6982543640897755
41 38 37 0.0 0.0 0.0 0.0 6.0 0.0 0.0 0.6979062811565303
41 38 38 0.0 0.0 72.0 0.0 1730.0 13.0 15.0 0.3695881731784582
41 38 39 0.0 0.0 3.0 0.0 159.0 0.0 0.0 0.6475485661424606
41 38 40 0.0 0.0 6.0 0.0 306.0 2.0 0.0 0.606060606060606
41 38 41 0.0 0.0 1.0 0.0 108.0 0.0 1.0 0.6641366223908918
41 38 42 0.0 0.0 7.0 0.0 136.0 1.0 0.0 0.65359477124183
41 38 43 0.0 0.0 0.0 0.0 4.0 0.0 0.0 0.6986027944111775
41 39 37 0.0 0.0 0.0 0.0 13.0 0.0 0.0 0.695479384003974
41 39 38 0.0 0.0 65.0 0.0 1457.0 8.0 10.0 0.39851978366068874
41 39 39 0.0 0.0 617.0 0.0 10637.0 34.0 3103.0 0.10582810492100687
41 39 40 0.0 0.0 294.0 2.0 6253.0 26.0 470.0 0.16403046280023428
41 39 41 0.0 1.0 603.0 2.0 10462.0 23.0 2783.0 0.10713192531374349
41 39 42 0.0 0.0 161.0 0.0 3580.0 19.0 104.0 0.24454148471615716
41 39 43 0.0 0.0 0.0 0.0 7.0 0.0 0.0 0.6975585450921773
41 40 37 0.0 0.0 4.0 0.0 39.0 2.0 0.0 0.6859382655560998
41 40 38 0.0 0.0 50.0 0.0 1297.0 4.0 11.0 0.4187855219862398
41 40 39 0.0 0.0 414.0 3.0 7983.0 16.0 1054.0 0.13473197959772878
41 40 40 0.0 0.0 207.0 8.0 5065.0 9.0 259.0 0.1924134139637163
41 40 41 0.0 0.0 683.0 1.0 11391.0 21.0 4934.0 0.0994671403197158
41 40 42 0.0 0.0 151.0 0.0 2859.0 17.0 63.0 0.28033640368442125
41 40 43 0.0 0.0 0.0 0.0 8.0 0.0 0.0 0.697211155378486
41 41 37 0.0 0.0 20.0 0.0 454.0 7.0 1.0 0.5674908796108633
41 41 38 0.0 0.0 89.0 0.0 1724.0 19.0 11.0 0.3690036900369003
41 41 39 0.0 0.0 538.0 2.0 9515.0 33.0 1798.0 0.11634671320535193
41 41 40 0.0 0.0 484.0 2.0 9470.0 28.0 2112.0 0.11729222520107238
41 41 41 0.0 0.0 244.0 5.0 5603.0 19.0 420.0 0.17873100983020548
41 41 42 0.0 0.0 0.0 3.0 187.0 0.0 0.0 0.639269406392694
41 41 43 0.0 0.0 0.0 0.0 9.0 0.0 0.0 0.6968641114982577
41 42 38 0.0 0.0 0.0 0.0 29.0 0.0 0.0 0.6899950714637751
41 42 39 0.0 0.0 0.0 0.0 88.0 0.0 0.0 0.6704980842911876
41 42 40 0.0 0.0 12.0 1.0 314.0 2.0 1.0 0.6021505376344085
41 42 41 0.0 0.0 1.0 4.0 65.0 0.0 0.0 0.6763285024154588
41 42 42 0.0 0.0 4.0 0.0 61.0 2.0 0.0 0.6786233640329616
41 43 39 0.0 0.0 0.0 0.0 4.0 0.0 0.0 0.6986027944111775
41 43 40 0.0 0.0 0.0 0.0 6.0 0.0 0.0 0.6979062811565303
41 43 41 0.0 0.0 0.0 0.0 5.0 0.0 0.0 0.6982543640897755
42 37 37 0.0 0.0 0.0 0.0 1.0 0.0 0.0 0.6996501749125437
42 37 38 0.0 0.0 0.0 0.0 4.0 0.0 0.0 0.6986027944111775
42 37 40 0.0 0.0 0.0 0.0 1.0 0.0 0.0 0.6996501749125437
42 38 38 0.0 0.0 38.0 0.0 917.0 5.0 5.0 0.4745762711864406
42 38 39 0.0 0.0 116.0 0.0 2803.0 20.0 53.0 0.2855977152182782
42 38 40 0.0 0.0 4.0 0.0 191.0 0.0 0.0 0.6381039197812214
42 38 41 0.0 0.0 2.0 0.0 73.0 2.0 0.0 0.6753497346840327
42 38 42 0.0 0.0 0.0 0.0 19.0 0.0 0.0 0.6934125804853887
42 38 43 0.0 0.0 0.0 0.0 1.0 0.0 0.0 0.6996501749125437
42 39 37 0.0 0.0 0.0 0.0 2.0 0.0 0.0 0.6993006993006992
42 39 38 0.0 0.0 3.0 0.0 106.0 1.0 0.0 0.6641366223908918
42 39 39 0.0 0.0 35.0 0.0 931.0 10.0 6.0 0.47377326565143824
42 39 40 0.0 0.0 8.0 0.0 271.0 1.0 0.0 0.6148440931049626
42 39 41 0.0 0.0 36.0 0.0 946.0 10.0 2.0 0.47122181083810155
42 39 42 0.0 0.0 143.0 0.0 3411.0 21.0 88.0 0.2530730296456977
42 39 43 0.0 0.0 0.0 0.0 12.0 0.0 0.0 0.6961710591745399
42 40 37 0.0 0.0 1.0 0.0 12.0 1.0 0.0 0.6958250497017892
42 40 38 0.0 0.0 235.0 0.0 4708.0 26.0 202.0 0.20234137881196704
42 40 39 0.0 0.0 211.0 0.0 4011.0 23.0 117.0 0.22569724326938573
42 40 40 0.0 0.0 325.0 0.0 7182.0 26.0 699.0 0.14760147601476012
42 40 41 0.0 0.0 43.0 0.0 817.0 8.0 7.0 0.49088359046283303
42 40 42 0.0 0.0 44.0 1.0 1095.0 13.0 3.0 0.4477134633834345
42 40 43 0.0 0.0 0.0 0.0 4.0 0.0 0.0 0.6986027944111775
42 41 37 0.0 0.0 0.0 0.0 7.0 0.0 0.0 0.6975585450921773
42 41 38 0.0 0.0 0.0 0.0 46.0 0.0 0.0 0.6842619745845552
42 41 39 0.0 0.0 71.0 0.0 2043.0 14.0 24.0 0.34146341463414626
42 41 40 0.0 0.0 2.0 0.0 264.0 0.0 0.0 0.6181015452538631
42 41 41 0.0 0.0 249.0 0.0 5440.0 20.0 326.0 0.18243419338024494
42 41 42 0.0 0.0 16.0 0.0 445.0 5.0 1.0 0.5700325732899022
42 41 43 0.0 0.0 0.0 0.0 4.0 0.0 0.0 0.6986027944111775
42 42 38 0.0 0.0 4.0 0.0 210.0 0.0 1.0 0.6323396567299006
42 42 39 0.0 0.0 13.0 0.0 330.0 2.0 0.0 0.5982905982905982
42 42 40 0.0 0.0 111.0 0.0 2713.0 11.0 54.0 0.29087886972782045
42 42 41 0.0 0.0 1.0 0.0 88.0 0.0 0.0 0.6701771182383915
42 42 42 0.0 0.0 3.0 0.0 74.0 3.0 0.0 0.6750241080038573
42 43 39 0.0 0.0 0.0 0.0 1.0 0.0 0.0 0.6996501749125437
42 43 40 0.0 0.0 0.0 0.0 5.0 0.0 0.0 0.6982543640897755
42 43 41 0.0 0.0 0.0 0.0 1.0 0.0 0.0 0.6996501749125437
43 37 38 0.0 0.0 0.0 0.0 1.0 0.0 0.0 0.6996501749125437
43 37 39 0.0 0.0 0.0 0.0 2.0 0.0 0.0 0.6993006993006992
43 37 40 0.0 0.0 0.0 0.0 2.0 0.0 0.0 0.6993006993006992
43 38 39 0.0 0.0 0.0 0.0 2.0 0.0 0.0 0.6993006993006992
43 38 40 0.0 0.0 0.0 0.0 3.0 0.0 0.0 0.6989515726410384
43 38 41 0.0 0.0 0.0 0.0 1.0 0.0 0.0 0.6996501749125437
43 38 42 0.0 0.0 0.0 0.0 8.0 0.0 0.0 0.697211155378486
43 38 43 0.0 0.0 0.0 0.0 2.0 0.0 0.0 0.6993006993006992
43 39 37 0.0 0.0 0.0 0.0 3.0 0.0 0.0 0.6989515726410384
43 39 38 0.0 0.0 0.0 0.0 2.0 0.0 0.0 0.6993006993006992
43 39 39 0.0 0.0 2.0 0.0 52.0 1.0 0.0 0.6819288845591815
43 39 40 0.0 0.0 11.0 0.0 529.0 7.0 1.0 0.5527043031977891
43 39 41 0.0 0.0 0.0 0.0 22.0 0.0 0.0 0.6923837784371908
43 39 42 0.0 0.0 0.0 0.0 8.0 0.0 0.0 0.697211155378486
43 39 43 0.0 0.0 0.0 0.0 2.0 0.0 0.0 0.6993006993006992
43 40 37 0.0 0.0 0.0 0.0 3.0 0.0 0.0 0.6989515726410384
43 40 38 0.0 0.0 1.0 0.0 6.0 0.0 0.0 0.6979062811565303
43 40 39 0.0 0.0 1.0 0.0 15.0 0.0 0.0 0.6951340615690167
43 40 40 0.0 0.0 0.0 0.0 25.0 0.0 0.0 0.6913580246913579
43 40 41 0.0 0.0 0.0 0.0 42.0 0.0 0.0 0.6856023506366307
43 40 42 0.0 0.0 0.0 0.0 9.0 0.0 0.0 0.6968641114982577
43 40 43 0.0 0.0 0.0 0.0 1.0 0.0 0.0 0.6996501749125437
43 41 37 0.0 0.0 0.0 0.0 1.0 0.0 0.0 0.6996501749125437
43 41 38 0.0 0.0 0.0 0.0 4.0 0.0 0.0 0.6986027944111775
43 41 39 0.0 0.0 6.0 0.0 94.0 3.0 0.0 0.6676204101096804
43 41 40 0.0 0.0 2.0 0.0 46.0 1.0 0.0 0.6842619745845552
43 41 41 0.0 0.0 0.0 0.0 19.0 0.0 0.0 0.6934125804853887
43 41 42 0.0 0.0 0.0 0.0 8.0 0.0 0.0 0.697211155378486
43 41 43 0.0 0.0 0.0 0.0 1.0 0.0 0.0 0.6996501749125437
43 42 38 0.0 0.0 0.0 0.0 2.0 0.0 0.0 0.6993006993006992
43 42 39 0.0 0.0 0.0 0.0 1.0 0.0 0.0 0.6996501749125437
43 42 40 0.0 0.0 3.0 0.0 16.0 0.0 0.0 0.6934125804853887
43 42 41 0.0 0.0 0.0 0.0 1.0 0.0 0.0 0.6996501749125437
43 42 42 0.0 0.0 0.0 0.0 4.0 0.0 0.0 0.6986027944111775
43 43 39 0.0 0.0 0.0 0.0 3.0 0.0 0.0 0.6989515726410384
43 43 40 0.0 0.0 0.0 0.0 1.0 0.0 0.0 0.6996501749125437
44 38 40 0.0 0.0 1.0 0.0 9.0 2.0 0.0 0.697211155378486
