36 37 40 0.0 0.0 0.0 0.0 1.0 0.0 0.0 0.6996501749125437
36 41 39 0.0 0.0 0.0 0.0 1.0 0.0 0.0 0.6996501749125437
36 41 41 0.0 0.0 0.0 0.0 1.0 0.0 0.0 0.6996501749125437
36 41 42 0.0 0.0 0.0 0.0 1.0 0.0 0.0 0.6996501749125437
36 42 43 0.0 0.0 0.0 0.0 2.0 0.0 0.0 0.6993006993006992
37 37 37 0.0 0.0 0.0 0.0 1.0 0.0 0.0 0.6996501749125437
37 37 40 0.0 0.0 0.0 0.0 2.0 0.0 0.0 0.6993006993006992
37 38 38 0.0 0.0 0.0 0.0 13.0 0.0 0.0 0.695479384003974
37 38 39 0.0 0.0 26.0 0.0 503.0 5.0 0.0 0.5546751188589539
37 38 40 0.0 0.0 3.0 0.0 73.0 1.0 0.0 0.6746987951807227
37 38 41 0.0 0.0 34.0 0.0 637.0 8.0 3.0 0.525722868944799
37 39 38 0.0 0.0 0.0 0.0 20.0 0.0 0.0 0.6930693069306929
37 39 39 0.0 0.0 2.0 0.0 101.0 1.0 0.0 0.6660323501427211
37 39 40 0.0 0.0 0.0 0.0 54.0 0.0 0.0 0.6815968841285296
37 39 41 0.0 0.0 0.0 0.0 40.0 0.0 0.0 0.6862745098039215
37 39 42 0.0 0.0 0.0 0.0 4.0 0.0 0.0 0.6986027944111775
37 40 38 0.0 0.0 0.0 0.0 28.0 0.0 0.0 0.690335305719921
37 40 39 0.0 0.0 64.0 0.0 1487.0 16.0 11.0 0.39603960396039595
37 40 40 0.0 0.0 2.0 0.0 101.0 0.0 1.0 0.6657156443176413
37 40 41 0.0 0.0 2.0 0.0 119.0 2.0 0.0 0.6606890042472864
37 40 42 0.0 0.0 1.0 0.0 15.0 0.0 0.0 0.6944444444444444
37 41 38 0.0 0.0 0.0 0.0 13.0 0.0 0.0 0.695479384003974
37 41 39 0.0 0.0 3.0 0.0 83.0 1.0 0.0 0.6714628297362109
37 41 40 0.0 0.0 3.0 0.0 154.0 0.0 0.0 0.6490496059341677
37 41 41 0.0 0.0 11.0 0.0 186.0 2.0 0.0 0.6378132118451024
37 41 42 0.0 0.0 83.0 0.0 1897.0 14.0 26.0 0.35300050428643465
37 42 38 0.0 0.0 0.0 0.0 6.0 0.0 0.0 0.6979062811565303
37 42 39 0.0 0.0 0.0 0.0 31.0 0.0 0.0 0.6893156080748399
37 42 40 0.0 0.0 2.0 0.0 72.0 1.0 0.0 0.6753497346840327
37 42 41 0.0 0.0 0.0 0.0 19.0 0.0 0.0 0.6934125804853887
37 43 39 0.0 0.0 0.0 0.0 1.0 0.0 0.0 0.6996501749125437
37 43 40 0.0 0.0 0.0 0.0 4.0 0.0 0.0 0.6986027944111775
37 43 41 0.0 0.0 0.0 0.0 2.0 0.0 0.0 0.6993006993006992
38 37 38 0.0 0.0 0.0 0.0 1.0 0.0 0.0 0.6996501749125437
38 37 39 0.0 0.0 1.0 0.0 7.0 0.0 0.0 0.697211155378486
38 37 40 0.0 0.0 0.0 0.0 6.0 0.0 0.0 0.6982543640897755
38 37 41 0.0 0.0 2.0 0.0 48.0 1.0 0.0 0.6832601268911663
38 38 37 0.0 0.0 0.0 0.0 2.0 0.0 0.0 0.6993006993006992
38 38 38 0.0 0.0 54.0 0.0 1368.0 8.0 12.0 0.41007615700058575
38 38 39 0.0 0.0 14.0 0.0 489.0 5.0 0.0 0.5604483586869494
38 38 40 0.0 0.0 1.0 0.0 200.0 1.0 0.0 0.6366530241018644
38 38 41 0.0 0.0 42.0 0.0 921.0 8.0 5.0 0.47377326565143824
38 38 42 0.0 0.0 1.0 0.0 62.0 0.0 0.0 0.6786233640329616
38 39 37 0.0 0.0 0.0 0.0 3.0 0.0 0.0 0.6989515726410384
38 39 38 0.0 0.0 0.0 0.0 129.0 0.0 0.0 0.6582040432534085
38 39 39 0.0 0.0 362.0 0.0 7887.0 24.0 1076.0 0.13681227401544022
38 39 40 0.0 0.0 428.0 0.0 8355.0 14.0 1219.0 0.1299303944315545
38 39 41 0.0 0.0 28.0 0.0 1138.0 8.0 9.0 0.44331855604813164
38 39 42 0.0 0.0 0.0 0.0 79.0 0.0 0.0 0.6734006734006733
38 39 43 0.0 0.0 0.0 0.0 1.0 0.0 0.0 0.6996501749125437
38 40 37 0.0 0.0 0.0 0.0 5.0 0.0 0.0 0.6982543640897755
38 40 38 0.0 0.0 5.0 0.0 132.0 1.0 0.0 0.6557377049180326
38 40 39 0.0 0.0 244.0 0.0 4975.0 20.0 232.0 0.1944174420219414
38 40 40 0.0 0.0 233.0 0.0 5308.0 20.0 295.0 0.18607123870281764
38 40 41 0.0 0.0 204.0 0.0 5049.0 18.0 270.0 0.19347705914870092
38 40 42 0.0 0.0 13.0 0.0 215.0 8.0 0.0 0.6306306306306305
38 40 43 0.0 0.0 0.0 0.0 2.0 0.0 0.0 0.6993006993006992
38 41 38 0.0 0.0 0.0 3.0 54.0 0.0 0.0 0.6809338521400777
38 41 39 0.0 0.0 150.0 0.0 3890.0 12.0 149.0 0.232249502322495
38 41 40 0.0 0.0 426.0 0.0 8870.0 22.0 1821.0 0.12403650217063877
38 41 41 0.0 0.0 97.0 0.0 2201.0 14.0 30.0 0.32687368666822314
38 41 42 0.0 0.0 10.0 0.0 260.0 4.0 0.0 0.6178287731685789
38 41 43 0.0 0.0 0.0 0.0 3.0 0.0 0.0 0.6989515726410384
38 42 38 0.0 0.0 0.0 0.0 12.0 0.0 0.0 0.6958250497017892
38 42 39 0.0 0.0 56.0 0.0 1248.0 13.0 2.0 0.42540261318748096
38 42 40 0.0 0.0 127.0 0.0 3282.0 10.0 92.0 0.25930727912576396
38 42 41 0.0 0.0 37.0 0.0 880.0 5.0 4.0 0.48076923076923067
38 42 42 0.0 0.0 0.0 0.0 23.0 0.0 0.0 0.6920415224913494
38 42 43 0.0 0.0 0.0 0.0 3.0 0.0 0.0 0.6989515726410384
38 43 39 0.0 0.0 2.0 0.0 51.0 0.0 0.0 0.6819288845591815
38 43 40 0.0 0.0 0.0 0.0 9.0 0.0 0.0 0.6968641114982577
38 43 41 0.0 0.0 0.0 0.0 5.0 0.0 0.0 0.6982543640897755
38 43 42 0.0 0.0 0.0 0.0 1.0 0.0 0.0 0.6996501749125437
39 37 37 0.0 0.0 1.0 0.0 14.0 0.0 0.0 0.694789081885856
39 37 38 0.0 0.0 0.0 0.0 17.0 0.0 0.0 0.694100148735746
39 37 39 0.0 0.0 0.0 0.0 18.0 0.0 0.0 0.6937561942517343
39 37 40 0.0 0.0 16.0 0.0 312.0 7.0 0.0 0.6031882809133993
39 37 41 0.0 0.0 9.0 0.0 205.0 4.0 0.0 0.6334841628959276
39 37 42 0.0 0.0 0.0 0.0 1.0 0.0 0.0 0.6996501749125437
39 38 37 0.0 0.0 3.0 0.0 118.0 1.0 0.0 0.6603773584905659
39 38 38 0.0 0.0 15.0 0.0 341.0 5.0 1.0 0.5954912803062525
39 38 39 0.0 0.0 30.0 0.0 975.0 2.0 6.0 0.4662004662004661
39 38 40 0.0 0.0 260.0 0.0 5852.0 17.0 375.0 0.17279684028634903
39 38 41 0.0 0.0 3.0 0.0 279.0 1.0 1.0 0.6137658921525645
39 38 42 0.0 0.0 15.0 0.0 376.0 2.0 0.0 0.5860192549183758
39 38 43 0.0 0.0 0.0 0.0 11.0 0.0 0.0 0.6961710591745399
39 39 36 0.0 0.0 0.0 0.0 2.0 0.0 0.0 0.6993006993006992
39 39 37 0.0 0.0 1.0 0.0 46.0 0.0 0.0 0.6839276990718123
39 39 38 0.0 0.0 147.0 0.0 3260.0 18.0 79.0 0.2597884579699387
39 39 39 0.0 0.0 439.0 3.0 9414.0 11.0 2266.0 0.11804384485666101
39 39 40 0.0 0.0 426.0 8.0 8756.0 25.0 1523.0 0.12538061973849182
39 39 41 0.0 0.0 564.0 1.0 10457.0 24.0 3369.0 0.1075516632096489
39 39 42 0.0 0.0 6.0 0.0 382.0 3.0 2.0 0.5870020964360586
39 39 43 0.0 0.0 0.0 0.0 5.0 0.0 0.0 0.6982543640897755
39 40 37 0.0 0.0 6.0 0.0 98.0 1.0 0.0 0.6657156443176413
39 40 38 0.0 0.0 144.0 1.0 3401.0 12.0 94.0 0.25293586269196017
39 40 39 0.0 0.0 477.0 9.0 9691.0 18.0 2217.0 0.11494252873563217
39 40 40 0.0 1.0 1062.0 10.0 12942.0 33.0 10760.0 0.08741804558226662
39 40 41 0.0 1.0 279.0 16.0 6342.0 22.0 527.0 0.16241299303944312
39 40 42 0.0 0.0 6.0 1.0 279.0 2.0 1.0 0.6129597197898423
39 40 43 0.0 0.0 1.0 0.0 12.0 0.0 0.0 0.695479384003974
39 41 37 0.0 0.0 0.0 0.0 4.0 0.0 0.0 0.6986027944111775
39 41 38 0.0 0.0 0.0 0.0 96.0 0.0 1.0 0.6679389312977099
39 41 39 0.0 0.0 242.0 44.0 5272.0 18.0 287.0 0.18565177032223842
39 41 40 0.0 0.0 571.0 7.0 10763.0 17.0 3691.0 0.10496326285799969
39 41 41 0.0 0.0 254.0 23.0 6000.0 17.0 499.0 0.16947100835249967
39 41 42 0.0 0.0 91.0 0.0 2509.0 9.0 55.0 0.3049444565454149
39 41 43 0.0 0.0 9.0 0.0 145.0 0.0 0.0 0.649953574744661
39 42 37 0.0 0.0 1.0 0.0 6.0 1.0 0.0 0.6979062811565303
39 42 38 0.0 0.0 0.0 0.0 10.0 0.0 0.0 0.6965174129353233
39 42 39 0.0 0.0 0.0 0.0 141.0 0.0 0.0 0.6539000467071461
39 42 40 0.0 0.0 53.0 19.0 1129.0 7.0 4.0 0.43832185347526603
39 42 41 0.0 0.0 140.0 1.0 3164.0 17.0 73.0 0.2646502835538752
39 42 42 0.0 0.0 0.0 2.0 32.0 0.0 0.0 0.6882989183874139
39 42 43 0.0 0.0 0.0 0.0 1.0 0.0 0.0 0.6996501749125437
39 43 37 0.0 0.0 0.0 0.0 3.0 0.0 0.0 0.6989515726410384
39 43 39 0.0 0.0 1.0 0.0 8.0 0.0 0.0 0.6968641114982577
39 43 40 0.0 0.0 0.0 0.0 18.0 0.0 0.0 0.6937561942517343
39 43 41 0.0 0.0 0.0 0.0 6.0 0.0 0.0 0.6979062811565303
40 37 37 0.0 0.0 0.0 0.0 4.0 0.0 0.0 0.6986027944111775
40 37 38 0.0 0.0 0.0 0.0 23.0 0.0 0.0 0.6920415224913494
40 37 39 0.0 0.0 0.0 0.0 15.0 0.0 0.0 0.694789081885856
40 37 40 0.0 0.0 0.0 0.0 13.0 0.0 0.0 0.695479384003974
40 37 41 0.0 0.0 0.0 0.0 15.0 0.0 0.0 0.694789081885856
40 37 42 0.0 0.0 0.0 0.0 3.0 0.0 0.0 0.6989515726410384
40 38 37 0.0 0.0 58.0 0.0 1418.0 8.0 12.0 0.40380732621863275
40 38 38 0.0 0.0 280.0 0.0 6341.0 14.0 543.0 0.16256386437529027
40 38 39 0.0 0.0 115.0 0.0 2472.0 19.0 39.0 0.3063457330415755
40 38 40 0.0 0.0 115.0 0.0 2430.0 9.0 27.0 0.30864197530864196
40 38 41 0.0 0.0 138.0 0.0 3460.0 16.0 130.0 0.25071633237822344
40 38 42 0.0 0.0 20.0 0.0 560.0 6.0 0.0 0.544111931597357
40 38 43 0.0 0.0 0.0 0.0 8.0 0.0 0.0 0.697211155378486
40 39 36 0.0 0.0 0.0 0.0 1.0 0.0 0.0 0.6996501749125437
40 39 37 0.0 0.0 21.0 0.0 336.0 3.0 0.0 0.594732370433305
40 39 38 0.0 0.0 222.0 0.0 5140.0 21.0 275.0 0.19065776930409914
40 39 39 0.0 0.0 528.0 3.0 10328.0 30.0 2847.0 0.1090427603395903
40 39 40 0.0 0.0 408.0 4.0 8368.0 27.0 1260.0 0.13012361743656473
40 39 41 0.0 2.0 351.0 24.0 8181.0 21.0 1367.0 0.13273916753579215
40 39 42 0.0 0.0 254.0 1.0 5735.0 16.0 443.0 0.17552657973921762
40 39 43 0.0 0.0 0.0 0.0 20.0 0.0 0.0 0.6930693069306929
40 40 37 0.0 0.0 14.0 0.0 645.0 4.0 4.0 0.527306967984934
40 40 38 0.0 0.0 324.0 0.0 6930.0 17.0 683.0 0.15144958892254431
40 40 39 0.0 2.0 613.0 17.0 10788.0 22.0 3138.0 0.10438413361169102
40 40 40 11.0 35.0 1596.0 483.0 11778.0 63.0 27278.0 0.0880890958283521
40 40 41 0.0 1.0 917.0 5.0 12654.0 30.0 8415.0 0.0899165061014772
40 40 42 0.0 0.0 198.0 2.0 4709.0 17.0 215.0 0.2031045988684172
40 40 43 0.0 0.0 0.0 0.0 27.0 0.0 0.0 0.6906758756783422
40 41 37 0.0 0.0 7.0 0.0 193.0 2.0 0.0 0.6372325898953117
40 41 38 0.0 0.0 32.0 1.0 808.0 6.0 1.0 0.49400141143260407
40 41 39 0.0 0.0 251.0 0.0 5870.0 23.0 403.0 0.17290354452266268
40 41 40 0.0 2.0 438.0 22.0 8863.0 18.0 1445.0 0.1237295625276182
40 41 41 0.0 147.0 298.0 3084.0 5436.0 18.0 1054.0 0.1278188624121245
40 41 42 0.0 0.0 231.0 1.0 5061.0 24.0 257.0 0.19257221458046764
40 41 43 0.0 0.0 0.0 0.0 9.0 0.0 0.0 0.6968641114982577
40 42 37 0.0 0.0 0.0 0.0 4.0 0.0 0.0 0.6986027944111775
40 42 38 0.0 0.0 73.0 0.0 1986.0 8.0 28.0 0.345252774352651
40 42 39 0.0 0.0 16.0 0.0 592.0 5.0 4.0 0.5378409527468304
40 42 40 0.0 0.0 290.0 6.0 5794.0 27.0 392.0 0.1736111111111111
40 42 41 0.0 0.0 25.0 0.0 828.0 4.0 4.0 0.49157303370786515
40 42 42 0.0 0.0 0.0 13.0 28.0 0.0 0.0 0.6862745098039215
40 42 43 0.0 0.0 7.0 0.0 121.0 1.0 0.0 0.6582040432534085
40 43 38 0.0 0.0 0.0 0.0 1.0 0.0 0.0 0.6996501749125437
40 43 39 0.0 0.0 0.0 0.0 10.0 0.0 0.0 0.6965174129353233
40 43 40 0.0 0.0 0.0 0.0 11.0 0.0 0.0 0.6961710591745399
40 43 41 0.0 0.0 3.0 0.0 55.0 0.0 0.0 0.6802721088435373
40 43 42 0.0 0.0 0.0 0.0 2.0 0.0 0.0 0.6993006993006992
41 37 37 0.0 0.0 5.0 0.0 60.0 1.0 0.0 0.6782945736434108
41 37 38 0.0 0.0 0.0 0.0 18.0 0.0 0.0 0.6937561942517343
41 37 39 0.0 0.0 28.0 0.0 720.0 7.0 1.0 0.510948905109489
41 37 40 0.0 0.0 0.0 0.0 19.0 0.0 0.0 0.6934125804853887
41 37 41 0.0 0.0 0.0 0.0 9.0 0.0 0.0 0.6968641114982577
41 37 42 0.0 0.0 0.0 0.0 1.0 0.0 0.0 0.6996501749125437
41 38 36 0.0 0.0 0.0 0.0 1.0 0.0 0.0 0.6996501749125437
41 38 37 0.0 0.0 0.0 0.0 16.0 0.0 0.0 0.6944444444444444
41 38 38 0.0 0.0 142.0 0.0 3562.0 15.0 113.0 0.2460889435753208
41 38 39 0.0 0.0 32.0 0.0 706.0 6.0 1.0 0.5124450951683748
41 38 40 0.0 0.0 27.0 0.0 849.0 10.0 1.0 0.4884856943475226
41 38 41 0.0 0.0 14.0 0.0 372.0 4.0 4.0 0.5877413937867337
41 38 42 0.0 0.0 27.0 0.0 744.0 10.0 1.0 0.5070626584570807
41 38 43 0.0 0.0 0.0 0.0 16.0 0.0 0.0 0.6944444444444444
41 39 36 0.0 0.0 0.0 0.0 2.0 0.0 0.0 0.6993006993006992
41 39 37 0.0 0.0 0.0 0.0 39.0 0.0 0.0 0.6866110838646394
41 39 38 0.0 0.0 159.0 0.0 3478.0 14.0 87.0 0.24880042651501685
41 39 39 0.0 0.0 747.0 1.0 11835.0 33.0 5294.0 0.09606807109037259
41 39 40 0.0 0.0 425.0 2.0 8448.0 23.0 1226.0 0.12892531540657517
41 39 41 0.0 1.0 743.0 7.0 11820.0 19.0 4822.0 0.09609444711373463
41 39 42 0.0 0.0 251.0 0.0 5751.0 16.0 421.0 0.17526289434151227
41 39 43 0.0 0.0 3.0 0.0 47.0 2.0 0.0 0.6835937499999999
41 40 36 0.0 0.0 0.0 0.0 3.0 0.0 0.0 0.6989515726410384
41 40 37 0.0 0.0 23.0 0.0 473.0 7.0 0.0 0.5624748895138609
41 40 38 0.0 0.0 154.0 0.0 3128.0 13.0 77.0 0.2657050673752135
41 40 39 0.0 0.0 521.0 4.0 9923.0 26.0 2229.0 0.11264885741873189
41 40 40 0.0 0.0 311.0 10.0 7127.0 23.0 771.0 0.14839940640237437
41 40 41 0.0 0.0 831.0 2.0 12384.0 24.0 7605.0 0.09202050742736952
41 40 42 0.0 0.0 285.0 1.0 5380.0 27.0 265.0 0.18322209134929981
41 40 43 0.0 0.0 0.0 0.0 30.0 1.0 0.0 0.6899950714637751
41 41 36 0.0 0.0 1.0 0.0 4.0 1.0 0.0 0.6986027944111775
41 41 37 0.0 0.0 75.0 0.0 1638.0 14.0 9.0 0.3784806704514733
41 41 38 0.0 0.0 177.0 0.0 3867.0 19.0 119.0 0.23232658479920343
41 41 39 0.0 0.0 687.0 2.0 11154.0 31.0 3481.0 0.10123653192566345
41 41 40 0.0 0.0 624.0 2.0 10950.0 34.0 3870.0 0.10323722439348129
41 41 41 0.0 0.0 361.0 6.0 7722.0 16.0 1020.0 0.13888888888888887
41 41 42 0.0 0.0 11.0 4.0 392.0 3.0 0.0 0.5826050769870994
41 41 43 0.0 0.0 0.0 0.0 14.0 0.0 0.0 0.6951340615690167
41 42 37 0.0 0.0 0.0 0.0 4.0 0.0 0.0 0.6986027944111775
41 42 38 0.0 0.0 0.0 0.0 58.0 0.0 0.0 0.6809338521400777
41 42 39 0.0 0.0 7.0 0.0 235.0 1.0 0.0 0.6247211066488174
41 42 40 0.0 0.0 64.0 2.0 1354.0 14.0 6.0 0.4110393423370522
41 42 41 0.0 0.0 9.0 5.0 258.0 4.0 0.0 0.6172839506172839
41 42 42 0.0 0.0 29.0 2.0 662.0 5.0 4.0 0.520639642989959
41 42 43 0.0 0.0 0.0 0.0 3.0 0.0 0.0 0.6989515726410384
41 43 38 0.0 0.0 0.0 0.0 1.0 0.0 0.0 0.6996501749125437
41 43 39 0.0 0.0 0.0 0.0 14.0 0.0 0.0 0.6951340615690167
41 43 40 0.0 0.0 0.0 0.0 13.0 0.0 0.0 0.695479384003974
41 43 41 0.0 0.0 0.0 0.0 13.0 0.0 0.0 0.695479384003974
41 43 42 0.0 0.0 0.0 0.0 2.0 0.0 0.0 0.6993006993006992
42 37 37 0.0 0.0 0.0 0.0 2.0 0.0 0.0 0.6993006993006992
42 37 38 0.0 0.0 0.0 0.0 11.0 0.0 0.0 0.6961710591745399
42 37 39 0.0 0.0 4.0 0.0 88.0 0.0 0.0 0.6692160611854684
42 37 40 0.0 0.0 0.0 0.0 7.0 0.0 0.0 0.6975585450921773
42 38 37 0.0 0.0 0.0 0.0 4.0 0.0 0.0 0.6986027944111775
42 38 38 0.0 0.0 117.0 0.0 2532.0 21.0 45.0 0.30250648228176313
42 38 39 0.0 0.0 196.0 0.0 4786.0 18.0 244.0 0.20094732309458874
42 38 40 0.0 0.0 18.0 0.0 587.0 6.0 3.0 0.5386687187379761
42 38 41 0.0 0.0 16.0 0.0 379.0 8.0 0.0 0.5865102639296187
42 38 42 0.0 0.0 0.0 0.0 49.0 0.0 0.0 0.6832601268911663
42 38 43 0.0 0.0 1.0 0.0 23.0 0.0 0.0 0.6916996047430829
42 39 37 0.0 0.0 4.0 0.0 83.0 0.0 0.0 0.670819357930043
42 39 38 0.0 0.0 13.0 0.0 399.0 4.0 0.0 0.5816368923971748
42 39 39 0.0 0.0 96.0 0.0 2398.0 21.0 45.0 0.31298904538341155
42 39 40 0.0 0.0 49.0 0.0 1161.0 10.0 6.0 0.43763676148796493
42 39 41 0.0 0.0 124.0 0.0 2495.0 20.0 44.0 0.30441400304413996
42 39 42 0.0 0.0 217.0 0.0 5404.0 20.0 365.0 0.1841136244082062
42 39 43 0.0 0.0 15.0 0.0 252.0 7.0 1.0 0.6194690265486725
42 40 36 0.0 0.0 0.0 0.0 1.0 0.0 0.0 0.6996501749125437
42 40 37 0.0 0.0 2.0 0.0 73.0 0.0 0.0 0.6750241080038573
42 40 38 0.0 0.0 362.0 0.0 7082.0 11.0 681.0 0.1483050847457627
42 40 39 0.0 0.0 337.0 0.0 6488.0 24.0 478.0 0.15898251192368837
42 40 40 0.0 0.0 439.0 0.0 9089.0 22.0 1628.0 0.12165450121654499
42 40 41 0.0 0.0 133.0 0.0 2603.0 22.0 43.0 0.2969876962240135
42 40 42 0.0 0.0 104.0 1.0 2683.0 8.0 53.0 0.2927645336679213
42 40 43 0.0 0.0 0.0 0.0 16.0 0.0 0.0 0.6944444444444444
42 41 37 0.0 0.0 0.0 0.0 17.0 0.0 0.0 0.694100148735746
42 41 38 0.0 0.0 0.0 0.0 104.0 0.0 0.0 0.6653992395437262
42 41 39 0.0 0.0 143.0 0.0 3790.0 16.0 116.0 0.23652644027707376
42 41 40 0.0 0.0 40.0 0.0 853.0 7.0 1.0 0.48510048510048503
42 41 41 0.0 0.0 351.0 0.0 7513.0 18.0 894.0 0.1421175515176124
42 41 42 0.0 0.0 66.0 0.0 1427.0 10.0 12.0 0.4020677771395749
42 41 43 0.0 0.0 0.0 0.0 12.0 0.0 0.0 0.6958250497017892
42 42 37 0.0 0.0 0.0 0.0 3.0 0.0 0.0 0.6989515726410384
42 42 38 0.0 0.0 8.0 0.0 480.0 2.0 3.0 0.5631536604987931
42 42 39 0.0 0.0 36.0 0.0 1040.0 6.0 8.0 0.4560260586319217
42 42 40 0.0 0.0 202.0 0.0 4751.0 25.0 222.0 0.202020202020202
42 42 41 0.0 0.0 29.0 0.0 632.0 11.0 1.0 0.5285013212533031
42 42 42 0.0 0.0 14.0 0.0 426.0 5.0 0.0 0.5749486652977411
42 42 43 0.0 0.0 0.0 0.0 1.0 0.0 0.0 0.6996501749125437
42 43 39 0.0 0.0 0.0 0.0 3.0 0.0 0.0 0.6989515726410384
42 43 40 0.0 0.0 0.0 0.0 10.0 0.0 0.0 0.6965174129353233
42 43 41 0.0 0.0 0.0 0.0 2.0 0.0 0.0 0.6993006993006992
43 37 38 0.0 0.0 0.0 0.0 7.0 0.0 0.0 0.6975585450921773
43 37 39 0.0 0.0 0.0 0.0 2.0 0.0 0.0 0.6993006993006992
43 37 40 0.0 0.0 0.0 0.0 3.0 0.0 0.0 0.6989515726410384
43 38 37 0.0 0.0 0.0 0.0 1.0 0.0 0.0 0.6996501749125437
43 38 38 0.0 0.0 0.0 0.0 5.0 0.0 0.0 0.6982543640897755
43 38 39 0.0 0.0 5.0 0.0 56.0 0.0 0.0 0.6792819019893255
43 38 40 0.0 0.0 0.0 0.0 14.0 0.0 0.0 0.6951340615690167
43 38 41 0.0 0.0 0.0 0.0 6.0 0.0 0.0 0.6979062811565303
43 38 42 0.0 0.0 1.0 0.0 18.0 0.0 0.0 0.6934125804853887
43 38 43 0.0 0.0 0.0 0.0 3.0 0.0 0.0 0.6989515726410384
43 39 37 0.0 0.0 0.0 0.0 13.0 0.0 0.0 0.695479384003974
43 39 38 0.0 0.0 0.0 0.0 24.0 0.0 0.0 0.6916996047430829
43 39 39 0.0 0.0 9.0 0.0 263.0 1.0 0.0 0.6164685160722148
43 39 40 0.0 0.0 29.0 0.0 1110.0 6.0 10.0 0.44699872286079173
43 39 41 0.0 0.0 0.0 0.0 47.0 0.0 0.0 0.6839276990718123
43 39 42 0.0 0.0 1.0 0.0 44.0 1.0 0.0 0.684931506849315
43 39 43 0.0 0.0 0.0 0.0 9.0 0.0 0.0 0.6968641114982577
43 40 37 0.0 0.0 0.0 0.0 6.0 0.0 0.0 0.6979062811565303
43 40 38 0.0 0.0 4.0 0.0 129.0 1.0 0.0 0.6566604127579737
43 40 39 0.0 0.0 3.0 0.0 122.0 2.0 0.0 0.6594441827602449
43 40 40 0.0 0.0 7.0 0.0 228.0 0.0 0.0 0.6263982102908277
43 40 41 0.0 0.0 2.0 0.0 97.0 0.0 0.0 0.6673021925643469
43 40 42 0.0 0.0 0.0 0.0 26.0 0.0 0.0 0.6910167818361302
43 40 43 0.0 0.0 6.0 0.0 76.0 3.0 0.0 0.6734006734006733
43 41 37 0.0 0.0 0.0 0.0 1.0 0.0 0.0 0.6996501749125437
43 41 38 0.0 0.0 0.0 0.0 12.0 0.0 0.0 0.6958250497017892
43 41 39 0.0 0.0 17.0 0.0 494.0 6.0 0.0 0.558882235528942
43 41 40 0.0 0.0 12.0 0.0 276.0 2.0 0.0 0.6124234470691162
43 41 41 0.0 0.0 4.0 0.0 86.0 0.0 0.0 0.6698564593301434
43 41 42 0.0 0.0 0.0 0.0 21.0 0.0 0.0 0.6927263730826323
43 41 43 0.0 0.0 0.0 0.0 3.0 0.0 0.0 0.6989515726410384
43 42 38 0.0 0.0 0.0 0.0 4.0 0.0 0.0 0.6986027944111775
43 42 39 0.0 0.0 0.0 0.0 8.0 0.0 0.0 0.697211155378486
43 42 40 0.0 0.0 3.0 0.0 139.0 0.0 0.0 0.65359477124183
43 42 41 0.0 0.0 0.0 0.0 6.0 0.0 0.0 0.6979062811565303
43 42 42 0.0 0.0 0.0 0.0 11.0 0.0 0.0 0.6961710591745399
43 43 37 0.0 0.0 0.0 0.0 1.0 0.0 0.0 0.6996501749125437
43 43 39 0.0 0.0 0.0 0.0 6.0 0.0 0.0 0.6979062811565303
43 43 40 0.0 0.0 0.0 0.0 3.0 0.0 0.0 0.6989515726410384
43 43 41 0.0 0.0 0.0 0.0 4.0 0.0 0.0 0.6986027944111775
44 38 39 0.0 0.0 0.0 0.0 1.0 0.0 0.0 0.6996501749125437
44 38 40 0.0 0.0 3.0 0.0 94.0 0.0 0.0 0.6676204101096804
44 40 40 0.0 0.0 0.0 0.0 1.0 0.0 0.0 0.6996501749125437
44 42 39 0.0 0.0 2.0 0.0 35.0 0.0 0.0 0.6872852233676975
44 42 41 0.0 0.0 0.0 0.0 1.0 0.0 0.0 0.6996501749125437
