35 39 38 0.0 0.0 0.0 0.0 3.0 0.0 0.0 0.6989515726410384
35 40 39 0.0 0.0 2.0 0.0 33.0 1.0 0.0 0.6882989183874139
35 41 39 0.0 0.0 2.0 0.0 13.0 0.0 0.0 0.694789081885856
36 37 38 0.0 0.0 0.0 0.0 4.0 0.0 0.0 0.6986027944111775
36 37 39 0.0 0.0 0.0 0.0 6.0 0.0 0.0 0.6979062811565303
36 37 40 0.0 0.0 0.0 0.0 11.0 0.0 0.0 0.6961710591745399
36 37 41 0.0 0.0 0.0 0.0 7.0 0.0 0.0 0.6975585450921773
36 37 42 0.0 0.0 0.0 0.0 3.0 0.0 0.0 0.6989515726410384
36 38 38 0.0 0.0 0.0 0.0 4.0 0.0 0.0 0.6986027944111775
36 38 39 0.0 0.0 0.0 0.0 12.0 0.0 0.0 0.6958250497017892
36 38 40 0.0 0.0 0.0 0.0 17.0 0.0 0.0 0.694100148735746
36 38 41 0.0 0.0 0.0 0.0 9.0 0.0 0.0 0.6968641114982577
36 38 42 0.0 0.0 0.0 0.0 7.0 0.0 0.0 0.6975585450921773
36 39 38 0.0 0.0 2.0 0.0 15.0 0.0 0.0 0.694100148735746
36 39 39 0.0 0.0 1.0 0.0 52.0 1.0 0.0 0.6822612085769979
36 39 40 0.0 0.0 0.0 0.0 24.0 0.0 0.0 0.6916996047430829
36 39 41 0.0 0.0 0.0 0.0 6.0 0.0 0.0 0.6979062811565303
36 39 42 0.0 0.0 1.0 0.0 45.0 1.0 0.0 0.6845965770171147
36 40 38 0.0 0.0 0.0 0.0 10.0 0.0 0.0 0.6968641114982577
36 40 39 0.0 0.0 36.0 0.0 1146.0 10.0 9.0 0.44136191677175274
36 40 40 0.0 0.0 0.0 0.0 12.0 0.0 0.0 0.6958250497017892
36 40 41 0.0 0.0 0.0 0.0 9.0 0.0 0.0 0.6968641114982577
36 40 42 0.0 0.0 0.0 0.0 12.0 0.0 0.0 0.6958250497017892
36 40 43 0.0 0.0 0.0 0.0 7.0 0.0 0.0 0.6975585450921773
36 41 38 0.0 0.0 0.0 0.0 7.0 0.0 0.0 0.6975585450921773
36 41 39 0.0 0.0 10.0 0.0 314.0 1.0 1.0 0.6026689625484287
36 41 40 0.0 0.0 0.0 0.0 12.0 0.0 0.0 0.6958250497017892
36 41 41 0.0 0.0 12.0 0.0 218.0 4.0 0.0 0.6289308176100628
36 41 42 0.0 0.0 4.0 0.0 63.0 0.0 0.0 0.6773101112723753
36 41 43 0.0 0.0 0.0 0.0 5.0 0.0 0.0 0.6982543640897755
36 42 38 0.0 0.0 0.0 0.0 2.0 0.0 0.0 0.6993006993006992
36 42 39 0.0 0.0 0.0 0.0 2.0 0.0 0.0 0.6993006993006992
36 42 40 0.0 0.0 0.0 0.0 5.0 0.0 0.0 0.6982543640897755
36 42 41 0.0 0.0 0.0 0.0 4.0 0.0 0.0 0.6986027944111775
36 42 42 0.0 0.0 0.0 0.0 9.0 0.0 0.0 0.6968641114982577
36 42 43 0.0 0.0 0.0 0.0 13.0 0.0 0.0 0.695479384003974
36 43 39 0.0 0.0 0.0 0.0 2.0 0.0 0.0 0.6993006993006992
36 43 40 0.0 0.0 0.0 0.0 1.0 0.0 0.0 0.6996501749125437
36 43 41 0.0 0.0 0.0 0.0 1.0 0.0 0.0 0.6996501749125437
37 36 38 0.0 0.0 0.0 0.0 1.0 0.0 0.0 0.6996501749125437
37 37 37 0.0 0.0 0.0 0.0 8.0 0.0 0.0 0.697211155378486
37 37 38 0.0 0.0 0.0 0.0 21.0 0.0 0.0 0.6927263730826323
37 37 39 0.0 0.0 0.0 0.0 19.0 0.0 0.0 0.6934125804853887
37 37 40 0.0 0.0 29.0 0.0 572.0 8.0 0.0 0.5399151561897415
37 37 41 0.0 0.0 0.0 0.0 22.0 0.0 0.0 0.6923837784371908
37 37 42 0.0 0.0 3.0 0.0 59.0 0.0 0.0 0.6789524733268669
37 38 37 0.0 0.0 0.0 0.0 12.0 0.0 0.0 0.6958250497017892
37 38 38 0.0 0.0 3.0 0.0 124.0 0.0 1.0 0.6582040432534085
37 38 39 0.0 0.0 217.0 0.0 4840.0 23.0 236.0 0.19897669130187604
37 38 40 0.0 0.0 110.0 0.0 2577.0 13.0 39.0 0.29952931108258446
37 38 41 0.0 0.0 274.0 0.0 5799.0 20.0 391.0 0.17380509000620728
37 38 42 0.0 0.0 2.0 0.0 59.0 1.0 0.0 0.6799417192812044
37 39 37 0.0 0.0 0.0 0.0 3.0 0.0 0.0 0.6989515726410384
37 39 38 0.0 0.0 4.0 0.0 293.0 2.0 0.0 0.6097560975609755
37 39 39 0.0 0.0 64.0 0.0 1740.0 10.0 15.0 0.3691009754811494
37 39 40 0.0 0.0 67.0 0.0 1689.0 7.0 20.0 0.3734329154441184
37 39 41 0.0 0.0 5.0 0.0 278.0 3.0 1.0 0.6140350877192982
37 39 42 0.0 0.0 1.0 0.0 108.0 1.0 0.0 0.6641366223908918
37 39 43 0.0 0.0 11.0 0.0 137.0 0.0 0.0 0.6517690875232773
37 40 37 0.0 0.0 0.0 0.0 3.0 0.0 0.0 0.6989515726410384
37 40 38 0.0 0.0 8.0 0.0 265.0 4.0 1.0 0.6170118995152049
37 40 39 0.0 0.0 372.0 0.0 7273.0 28.0 704.0 0.14546965918536986
37 40 40 0.0 0.0 108.0 0.0 2554.0 11.0 51.0 0.30101053536873784
37 40 41 0.0 0.0 70.0 0.0 1875.0 9.0 17.0 0.3557814485387547
37 40 42 0.0 0.0 45.0 0.0 1219.0 6.0 4.0 0.4297114794352363
37 40 43 0.0 0.0 5.0 0.0 113.0 3.0 0.0 0.6619385342789597
37 41 37 0.0 0.0 0.0 0.0 4.0 0.0 0.0 0.6986027944111775
37 41 38 0.0 0.0 34.0 0.0 624.0 6.0 2.0 0.5279034690799397
37 41 39 0.0 0.0 109.0 0.0 2535.0 17.0 43.0 0.30270270270270266
37 41 40 0.0 0.0 89.0 0.0 2270.0 11.0 33.0 0.32198712051517936
37 41 41 0.0 0.0 160.0 0.0 3919.0 23.0 112.0 0.23102310231023096
37 41 42 0.0 0.0 343.0 0.0 7234.0 14.0 798.0 0.14630577907827355
37 41 43 0.0 0.0 0.0 0.0 36.0 0.0 0.0 0.6876227897838899
37 42 38 0.0 0.0 11.0 0.0 293.0 2.0 2.0 0.6081668114682883
37 42 39 0.0 0.0 9.0 0.0 338.0 3.0 0.0 0.5972696245733787
37 42 40 0.0 0.0 56.0 0.0 1630.0 6.0 16.0 0.3804347826086956
37 42 41 0.0 0.0 4.0 0.0 200.0 0.0 0.0 0.6357856494096276
37 42 42 0.0 0.0 10.0 0.0 217.0 6.0 0.0 0.6303466906798738
37 42 43 0.0 0.0 27.0 0.0 392.0 8.0 1.0 0.5806719203649937
37 43 38 0.0 0.0 0.0 0.0 6.0 0.0 0.0 0.6979062811565303
37 43 39 0.0 0.0 1.0 0.0 26.0 0.0 0.0 0.6906758756783422
37 43 40 0.0 0.0 0.0 0.0 47.0 0.0 0.0 0.6842619745845552
37 43 41 0.0 0.0 29.0 0.0 359.0 12.0 0.0 0.5892255892255891
37 43 42 0.0 0.0 0.0 0.0 13.0 0.0 0.0 0.695479384003974
38 36 39 0.0 0.0 0.0 0.0 5.0 0.0 0.0 0.6982543640897755
38 36 40 0.0 0.0 0.0 0.0 4.0 0.0 0.0 0.6986027944111775
38 36 41 0.0 0.0 0.0 0.0 1.0 0.0 0.0 0.6996501749125437
38 37 37 0.0 0.0 1.0 0.0 35.0 1.0 0.0 0.6879606879606879
38 37 38 0.0 0.0 3.0 0.0 73.0 0.0 0.0 0.6743737957610789
38 37 39 0.0 0.0 62.0 0.0 1489.0 10.0 14.0 0.39536853996046306
38 37 40 0.0 0.0 5.0 0.0 121.0 2.0 0.0 0.6594441827602449
38 37 41 0.0 0.0 9.0 0.0 528.0 2.0 0.0 0.5527043031977891
38 37 42 0.0 0.0 0.0 0.0 16.0 0.0 0.0 0.6944444444444444
38 37 43 0.0 0.0 0.0 0.0 1.0 0.0 0.0 0.6996501749125437
38 38 37 0.0 0.0 1.0 0.0 35.0 0.0 0.0 0.6876227897838899
38 38 38 0.0 0.0 304.0 0.0 6474.0 19.0 566.0 0.1597261836851112
38 38 39 0.0 0.0 216.0 0.0 4885.0 17.0 218.0 0.1975169300225733
38 38 40 0.0 0.0 66.0 0.0 1844.0 14.0 20.0 0.35943517329910135
38 38 41 0.0 0.0 313.0 0.0 6487.0 19.0 528.0 0.15930814747382793
38 38 42 0.0 0.0 60.0 0.0 1442.0 9.0 7.0 0.4006868918145391
38 38 43 0.0 0.0 1.0 0.0 13.0 1.0 0.0 0.695479384003974
38 39 36 0.0 0.0 0.0 0.0 1.0 0.0 0.0 0.6996501749125437
38 39 37 0.0 0.0 11.0 0.0 255.0 4.0 0.0 0.6189213085764809
38 39 38 0.0 0.0 73.0 0.0 1803.0 10.0 21.0 0.3621314019658561
38 39 39 0.0 0.0 662.0 0.0 11379.0 24.0 5207.0 0.09974351667141636
38 39 40 0.0 0.0 800.0 0.0 12201.0 39.0 6039.0 0.09348290598290597
38 39 41 0.0 0.0 178.0 0.0 4963.0 17.0 327.0 0.19651880965749574
38 39 42 0.0 0.0 39.0 0.0 1237.0 3.0 10.0 0.427742132600061
38 39 43 0.0 0.0 0.0 0.0 25.0 0.0 0.0 0.6913580246913579
38 39 44 0.0 0.0 0.0 0.0 1.0 0.0 0.0 0.6996501749125437
38 40 37 0.0 0.0 3.0 0.0 97.0 1.0 0.0 0.6669842782277274
38 40 38 0.0 0.0 122.0 0.0 2838.0 20.0 76.0 0.2833434527423598
38 40 39 0.0 0.0 596.0 0.0 10613.0 29.0 2611.0 0.10612492419648271
38 40 40 0.0 0.0 531.0 0.0 10356.0 27.0 2807.0 0.10871253300201893
38 40 41 0.0 0.0 535.0 1.0 10058.0 26.0 2484.0 0.11134971764893023
38 40 42 0.0 0.0 228.0 1.0 4719.0 13.0 207.0 0.2017581784118749
38 40 43 0.0 0.0 7.0 0.0 136.0 2.0 0.0 0.6539000467071461
38 40 44 0.0 0.0 0.0 0.0 2.0 0.0 0.0 0.6993006993006992
38 41 37 0.0 0.0 2.0 0.0 148.0 0.0 0.0 0.6511627906976742
38 41 38 0.0 0.0 11.0 4.0 466.0 1.0 3.0 0.5647438483259378
38 41 39 0.0 0.0 416.0 0.0 8856.0 25.0 1699.0 0.12441126810628277
38 41 40 0.0 0.0 762.0 0.0 12142.0 26.0 6742.0 0.0939786534201517
38 41 41 0.0 0.0 378.0 0.0 7992.0 24.0 947.0 0.13533107781536974
38 41 42 0.0 0.0 171.0 0.0 3765.0 16.0 110.0 0.23624704691191356
38 41 43 0.0 0.0 5.0 0.0 90.0 1.0 0.0 0.6685768863419292
38 41 44 0.0 0.0 0.0 0.0 3.0 0.0 0.0 0.6989515726410384
38 42 37 0.0 0.0 0.0 0.0 1.0 0.0 0.0 0.6996501749125437
38 42 38 0.0 0.0 4.0 0.0 163.0 0.0 0.0 0.646054453161052
38 42 39 0.0 0.0 277.0 0.0 6215.0 17.0 503.0 0.16503595426146409
38 42 40 0.0 0.0 391.0 0.0 8404.0 24.0 1359.0 0.12989422898496936
38 42 41 0.0 0.0 279.0 1.0 6051.0 22.0 430.0 0.16843118383060635
38 42 42 0.0 0.0 1.0 0.0 149.0 1.0 0.0 0.6514657980456026
38 42 43 0.0 0.0 0.0 0.0 39.0 0.0 0.0 0.6866110838646394
38 43 38 0.0 0.0 0.0 0.0 5.0 0.0 0.0 0.6982543640897755
38 43 39 0.0 0.0 95.0 1.0 2467.0 11.0 35.0 0.30748956731825167
38 43 40 0.0 0.0 9.0 0.0 276.0 2.0 0.0 0.6132282084975909
38 43 41 0.0 0.0 0.0 0.0 44.0 0.0 0.0 0.6856023506366307
38 43 42 0.0 0.0 0.0 0.0 17.0 0.0 0.0 0.694100148735746
38 44 38 0.0 0.0 0.0 0.0 1.0 0.0 0.0 0.0
38 44 39 0.0 0.0 0.0 0.0 1.0 0.0 0.0 0.6996501749125437
38 44 40 0.0 0.0 0.0 0.0 1.0 0.0 0.0 0.6996501749125437
39 36 38 0.0 0.0 0.0 0.0 3.0 0.0 0.0 0.6989515726410384
39 36 39 0.0 0.0 0.0 0.0 1.0 0.0 0.0 0.6996501749125437
39 36 40 0.0 0.0 2.0 0.0 18.0 1.0 0.0 0.6934125804853887
39 36 41 0.0 0.0 0.0 0.0 10.0 0.0 0.0 0.6965174129353233
39 36 42 0.0 0.0 0.0 0.0 5.0 1.0 0.0 0.6986027944111775
39 37 36 0.0 0.0 0.0 0.0 3.0 0.0 0.0 0.6989515726410384
39 37 37 0.0 0.0 10.0 0.0 355.0 4.0 0.0 0.5929690808979245
39 37 38 0.0 0.0 18.0 0.0 398.0 6.0 0.0 0.5809128630705394
39 37 39 0.0 0.0 17.0 0.0 461.0 4.0 1.0 0.5658852061438965
39 37 40 0.0 0.0 200.0 0.0 4282.0 17.0 151.0 0.21648368640791707
39 37 41 0.0 0.0 133.0 0.0 3117.0 17.0 77.0 0.26732862325759016
39 37 42 0.0 0.0 0.0 0.0 35.0 0.0 0.0 0.6879606879606879
39 37 43 0.0 0.0 3.0 0.0 81.0 0.0 1.0 0.6721075372059528
39 38 36 0.0 0.0 0.0 0.0 17.0 0.0 0.0 0.694100148735746
39 38 37 0.0 0.0 93.0 0.0 2330.0 14.0 39.0 0.3174603174603174
39 38 38 0.0 0.0 217.0 0.0 4449.0 27.0 166.0 0.21084337349397586
39 38 39 0.0 0.0 223.0 0.0 5370.0 19.0 324.0 0.1847940865892291
39 38 40 0.0 0.0 628.0 0.0 10951.0 29.0 3273.0 0.10320678215997049
39 38 41 0.0 0.0 91.0 0.0 2581.0 13.0 56.0 0.30036472859901303
39 38 42 0.0 0.0 159.0 0.0 4012.0 24.0 135.0 0.22756827048114434
39 38 43 0.0 0.0 1.0 0.0 57.0 1.0 1.0 0.6809338521400777
39 39 36 0.0 0.0 5.0 0.0 94.0 0.0 0.0 0.6669842782277274
39 39 37 0.0 0.0 58.0 0.0 1726.0 11.0 26.0 0.3710575139146567
39 39 38 0.0 0.0 430.0 0.0 8755.0 19.0 1365.0 0.1253020674841135
39 39 39 0.0 0.0 820.0 3.0 12277.0 33.0 7884.0 0.0928012727031685
39 39 40 0.0 0.0 809.0 10.0 12323.0 22.0 6707.0 0.09249471458773784
39 39 41 0.0 0.0 1012.0 2.0 12830.0 26.0 10503.0 0.08835037233371197
39 39 42 0.0 0.0 156.0 1.0 3779.0 15.0 143.0 0.23644654619152164
39 39 43 0.0 0.0 2.0 0.0 109.0 1.0 0.0 0.6635071090047392
39 40 36 0.0 0.0 1.0 0.0 15.0 0.0 0.0 0.694789081885856
39 40 37 0.0 0.0 149.0 0.0 3314.0 18.0 76.0 0.25716385011021303
39 40 38 0.0 0.0 457.0 1.0 8957.0 23.0 1584.0 0.12282856641516053
39 40 39 0.0 0.0 897.0 9.0 12541.0 29.0 8180.0 0.09067944815078696
39 40 40 0.0 1.0 1613.0 16.0 12998.0 43.0 22891.0 0.08421559191530316
39 40 41 1.0 2.0 652.0 42.0 11296.0 26.0 3703.0 0.100121576199671
39 40 42 0.0 0.0 113.0 5.0 3155.0 18.0 78.0 0.26641294005708843
39 40 43 0.0 0.0 108.0 0.0 2576.0 11.0 49.0 0.29959340894500314
39 40 44 0.0 0.0 2.0 0.0 19.0 1.0 0.0 0.6930693069306929
39 41 36 0.0 0.0 1.0 0.0 6.0 0.0 0.0 0.6975585450921773
39 41 37 0.0 0.0 31.0 0.0 653.0 8.0 2.0 0.522973477773627
39 41 38 0.0 0.0 19.0 0.0 984.0 4.0 5.0 0.46697798532354895
39 41 39 0.0 0.0 594.0 48.0 10400.0 25.0 2774.0 0.107469102632993
39 41 40 0.0 0.0 999.0 16.0 12851.0 35.0 10991.0 0.08832250331209386
39 41 41 0.0 0.0 604.0 27.0 10779.0 27.0 3266.0 0.10451661067562523
39 41 42 0.0 0.0 304.0 6.0 7232.0 24.0 926.0 0.14705882352941177
39 41 43 0.0 0.0 189.0 0.0 4067.0 15.0 136.0 0.22428708747196405
39 41 44 0.0 0.0 0.0 0.0 4.0 0.0 0.0 0.6986027944111775
39 42 36 0.0 0.0 0.0 0.0 1.0 0.0 0.0 0.6996501749125437
39 42 37 0.0 0.0 82.0 0.0 1956.0 8.0 30.0 0.347394540942928
39 42 38 0.0 0.0 7.0 0.0 261.0 2.0 0.0 0.6181015452538631
39 42 39 0.0 0.0 27.0 0.0 975.0 9.0 8.0 0.4679144385026737
39 42 40 0.0 0.0 288.0 35.0 6288.0 14.0 486.0 0.16275284817484303
39 42 41 0.0 1.0 401.0 14.0 8458.0 23.0 1381.0 0.12896094325718493
39 42 42 0.0 0.0 16.0 11.0 522.0 1.0 0.0 0.5496662740478994
39 42 43 0.0 0.0 64.0 0.0 1518.0 13.0 13.0 0.3922667413841412
39 42 44 0.0 0.0 0.0 0.0 3.0 0.0 0.0 0.6989515726410384
39 43 37 0.0 0.0 0.0 0.0 16.0 0.0 0.0 0.6944444444444444
39 43 38 0.0 0.0 0.0 0.0 28.0 0.0 0.0 0.690335305719921
39 43 39 0.0 0.0 35.0 0.0 948.0 7.0 2.0 0.47027208599260995
39 43 40 0.0 0.0 2.0 0.0 162.0 1.0 0.0 0.6472491909385112
39 43 41 0.0 0.0 21.0 0.0 509.0 4.0 1.0 0.5542359461599367
39 43 42 0.0 0.0 0.0 0.0 13.0 0.0 0.0 0.695479384003974
39 43 43 0.0 0.0 0.0 0.0 1.0 0.0 0.0 0.6996501749125437
39 44 41 0.0 0.0 0.0 0.0 2.0 0.0 0.0 0.6993006993006992
39 44 42 0.0 0.0 0.0 0.0 1.0 0.0 0.0 0.0
40 36 37 0.0 0.0 0.0 0.0 3.0 0.0 0.0 0.6989515726410384
40 36 38 0.0 0.0 0.0 0.0 9.0 0.0 0.0 0.6968641114982577
40 36 39 0.0 0.0 1.0 0.0 15.0 1.0 0.0 0.694789081885856
40 36 40 0.0 0.0 0.0 0.0 4.0 0.0 0.0 0.6986027944111775
40 36 41 0.0 0.0 0.0 0.0 2.0 0.0 0.0 0.6993006993006992
40 36 42 0.0 0.0 0.0 0.0 6.0 0.0 0.0 0.6979062811565303
40 37 36 0.0 0.0 1.0 0.0 11.0 0.0 0.0 0.6958250497017892
40 37 37 0.0 0.0 0.0 0.0 80.0 1.0 0.0 0.6734006734006733
40 37 38 0.0 0.0 22.0 0.0 526.0 6.0 3.0 0.5507474429583004
40 37 39 0.0 0.0 81.0 0.0 1829.0 11.0 18.0 0.3590664272890484
40 37 40 0.0 0.0 33.0 0.0 780.0 10.0 3.0 0.49946485907955757
40 37 41 0.0 0.0 0.0 0.0 127.0 1.0 1.0 0.6585136406396989
40 37 42 0.0 0.0 0.0 0.0 49.0 1.0 0.0 0.6835937499999999
40 37 43 0.0 0.0 0.0 0.0 11.0 0.0 0.0 0.6961710591745399
40 38 36 0.0 0.0 0.0 0.0 12.0 1.0 0.0 0.6961710591745399
40 38 37 0.0 0.0 307.0 0.0 6590.0 17.0 560.0 0.1575689364096792
40 38 38 0.0 0.0 584.0 0.0 10840.0 23.0 3617.0 0.10431413456523357
40 38 39 0.0 0.0 398.0 0.0 8161.0 24.0 1151.0 0.13282732447817835
40 38 40 0.0 0.0 407.0 0.0 8169.0 20.0 1098.0 0.13251301467108376
40 38 41 0.0 0.0 471.0 0.0 8956.0 20.0 1593.0 0.1226026797442858
40 38 42 0.0 0.0 224.0 1.0 4909.0 18.0 227.0 0.1967120977940143
40 38 43 0.0 0.0 2.0 0.0 105.0 0.0 0.0 0.6644518272425248
40 38 44 0.0 0.0 0.0 0.0 4.0 0.0 0.0 0.6986027944111775
40 39 36 0.0 0.0 2.0 0.0 44.0 0.0 0.0 0.6842619745845552
40 39 37 0.0 0.0 189.0 0.0 4468.0 10.0 178.0 0.21052631578947364
40 39 38 0.0 0.0 540.0 0.0 10299.0 35.0 2645.0 0.1092555017949118
40 39 39 0.0 1.0 904.0 9.0 12549.0 40.0 9465.0 0.09062661833247021
40 39 40 0.0 0.0 801.0 4.0 12381.0 39.0 6061.0 0.09234828496042215
40 39 41 0.0 2.0 750.0 55.0 11791.0 22.0 5802.0 0.09585102012871421
40 39 42 0.0 0.0 608.0 1.0 10617.0 19.0 3185.0 0.10590015128593039
40 39 43 0.0 0.0 41.0 0.0 728.0 6.0 0.0 0.5066956207021354
40 39 44 0.0 0.0 0.0 0.0 5.0 0.0 0.0 0.6982543640897755
40 40 36 0.0 0.0 41.0 0.0 897.0 13.0 3.0 0.4786324786324786
40 40 37 0.0 0.0 184.0 0.0 4378.0 18.0 174.0 0.21390374331550796
40 40 38 0.0 0.0 672.0 0.0 11298.0 31.0 4148.0 0.10028653295128939
40 40 39 0.0 6.0 1007.0 57.0 13016.0 25.0 10434.0 0.08710801393728222
40 40 40 10.0 51.0 2164.0 421.0 10440.0 47.0 44442.0 0.09283204031562893
40 40 41 0.0 3.0 1447.0 29.0 13077.0 35.0 19408.0 0.08452575016603271
40 40 42 0.0 1.0 488.0 17.0 9701.0 24.0 2257.0 0.11483881551964562
40 40 43 0.0 0.0 121.0 0.0 2546.0 11.0 40.0 0.3004291845493562
40 40 44 0.0 0.0 0.0 0.0 5.0 0.0 0.0 0.6982543640897755
40 41 35 0.0 0.0 0.0 0.0 1.0 0.0 0.0 0.6996501749125437
40 41 36 0.0 0.0 0.0 0.0 13.0 0.0 0.0 0.695479384003974
40 41 37 0.0 0.0 95.0 0.0 2646.0 8.0 46.0 0.29573299535276715
40 41 38 0.0 0.0 295.0 1.0 5984.0 27.0 411.0 0.16957364341085268
40 41 39 0.0 0.0 614.0 1.0 10749.0 23.0 3147.0 0.104806108698907
40 41 40 0.0 4.0 833.0 64.0 12429.0 24.0 6638.0 0.09136592051164914
40 41 41 0.0 262.0 580.0 4669.0 8275.0 28.0 5351.0 0.08875927217396817
40 41 42 0.0 0.0 564.0 12.0 10372.0 24.0 2614.0 0.10822510822510821
40 41 43 0.0 0.0 3.0 0.0 180.0 1.0 0.0 0.6416131989000916
40 41 44 0.0 0.0 0.0 0.0 10.0 0.0 0.0 0.6965174129353233
40 42 36 0.0 0.0 0.0 0.0 8.0 0.0 0.0 0.697211155378486
40 42 37 0.0 0.0 0.0 0.0 51.0 0.0 0.0 0.68259385665529
40 42 38 0.0 0.0 282.0 0.0 6755.0 13.0 737.0 0.15503875968992245
40 42 39 0.0 0.0 212.0 0.0 4759.0 22.0 242.0 0.2013808975834292
40 42 40 0.0 0.0 677.0 13.0 10997.0 28.0 3283.0 0.10234666276774616
40 42 41 0.0 1.0 208.0 20.0 4766.0 16.0 266.0 0.20057306590257878
40 42 42 0.0 0.0 15.0 41.0 519.0 5.0 3.0 0.544959128065395
40 42 43 0.0 0.0 133.0 0.0 3108.0 20.0 60.0 0.26809651474530827
40 42 44 0.0 0.0 0.0 0.0 5.0 0.0 0.0 0.6982543640897755
40 43 37 0.0 0.0 0.0 0.0 11.0 0.0 0.0 0.6961710591745399
40 43 38 0.0 0.0 26.0 0.0 385.0 7.0 0.0 0.5823627287853577
40 43 39 0.0 0.0 9.0 0.0 278.0 1.0 1.0 0.6124234470691162
40 43 40 0.0 0.0 3.0 1.0 170.0 3.0 0.0 0.6451612903225805
40 43 41 0.0 0.0 121.0 0.0 2607.0 20.0 43.0 0.2972399150743099
40 43 42 0.0 0.0 2.0 0.0 126.0 1.0 0.0 0.6582040432534085
40 43 43 0.0 0.0 0.0 0.0 16.0 0.0 0.0 0.6944444444444444
40 43 44 0.0 0.0 0.0 0.0 5.0 0.0 0.0 0.6982543640897755
41 36 36 0.0 0.0 0.0 0.0 2.0 0.0 0.0 0.6993006993006992
41 36 37 0.0 0.0 0.0 0.0 4.0 0.0 0.0 0.6986027944111775
41 36 38 0.0 0.0 0.0 0.0 3.0 0.0 0.0 0.6989515726410384
41 36 39 0.0 0.0 0.0 0.0 12.0 0.0 0.0 0.6958250497017892
41 36 40 0.0 0.0 0.0 0.0 7.0 0.0 0.0 0.6975585450921773
41 37 36 0.0 0.0 0.0 0.0 7.0 0.0 0.0 0.6975585450921773
41 37 37 0.0 0.0 173.0 0.0 3407.0 22.0 101.0 0.251889168765743
41 37 38 0.0 0.0 33.0 0.0 715.0 8.0 2.0 0.5113221329437544
41 37 39 0.0 0.0 244.0 0.0 5371.0 21.0 321.0 0.18433179723502302
41 37 40 0.0 0.0 1.0 0.0 160.0 1.0 1.0 0.648148148148148
41 37 41 0.0 0.0 21.0 0.0 380.0 1.0 1.0 0.5833333333333333
41 37 42 0.0 0.0 10.0 0.0 224.0 2.0 0.0 0.6272401433691756
41 37 43 0.0 0.0 0.0 0.0 11.0 0.0 0.0 0.6961710591745399
41 38 36 0.0 0.0 0.0 0.0 26.0 0.0 0.0 0.6910167818361302
41 38 37 0.0 0.0 9.0 0.0 309.0 1.0 0.0 0.6042296072507551
41 38 38 0.0 0.0 423.0 0.0 8831.0 23.0 1537.0 0.12457732692649935
41 38 39 0.0 0.0 223.0 0.0 5200.0 22.0 299.0 0.18911252195056058
41 38 40 0.0 0.0 192.0 0.0 4855.0 23.0 279.0 0.19923153550590575
41 38 41 0.0 2.0 187.0 54.0 4488.0 13.0 247.0 0.20827134781315082
41 38 42 0.0 0.0 228.0 0.0 5182.0 27.0 316.0 0.1895734597156398
41 38 43 0.0 0.0 12.0 0.0 412.0 3.0 0.0 0.5785123966942147
41 38 44 0.0 0.0 0.0 0.0 7.0 0.0 0.0 0.6975585450921773
41 39 36 0.0 0.0 0.0 0.0 26.0 0.0 0.0 0.6910167818361302
41 39 37 0.0 0.0 46.0 0.0 1011.0 6.0 3.0 0.4588659455916092
41 39 38 0.0 0.0 470.0 0.0 9072.0 28.0 1626.0 0.12153832797985933
41 39 39 0.0 0.0 1190.0 3.0 13060.0 39.0 14120.0 0.08616445100935499
41 39 40 0.0 0.0 803.0 3.0 12199.0 22.0 6209.0 0.09332089054792693
41 39 41 0.0 0.0 1162.0 6.0 13146.0 34.0 13529.0 0.0858000858000858
41 39 42 0.0 0.0 545.0 0.0 10468.0 19.0 3001.0 0.10763435073422002
41 39 43 0.0 0.0 109.0 0.0 2692.0 16.0 46.0 0.29264214046822734
41 39 44 0.0 0.0 1.0 0.0 11.0 0.0 0.0 0.6958250497017892
41 40 36 0.0 0.0 18.0 0.0 218.0 4.0 0.0 0.6272401433691756
41 40 37 0.0 0.0 215.0 0.0 4905.0 17.0 250.0 0.19701660568533627
41 40 38 0.0 0.0 486.0 0.0 9121.0 31.0 1521.0 0.12087722327749954
41 40 39 0.0 0.0 909.0 8.0 12815.0 37.0 8454.0 0.08905285923287322
41 40 40 0.0 0.0 686.0 16.0 11630.0 22.0 4534.0 0.09777901941611956
41 40 41 0.0 1.0 1287.0 11.0 12808.0 32.0 18077.0 0.08687558175612782
41 40 42 0.0 1.0 580.0 10.0 10615.0 30.0 2889.0 0.10609275538041829
41 40 43 0.0 0.0 19.0 0.0 611.0 5.0 1.0 0.5335365853658536
41 40 44 0.0 0.0 0.0 0.0 6.0 0.0 0.0 0.6979062811565303
41 41 36 0.0 0.0 53.0 0.0 1056.0 7.0 7.0 0.4513217279174725
41 41 37 0.0 0.0 335.0 0.0 7026.0 18.0 726.0 0.14978067829250025
41 41 38 0.0 0.0 508.0 1.0 9405.0 24.0 1933.0 0.11765694596184552
41 41 39 0.0 0.0 1127.0 4.0 13278.0 36.0 11316.0 0.08536064874093041
41 41 40 0.0 1.0 1047.0 9.0 12942.0 31.0 11490.0 0.08746719980007496
41 41 41 0.0 3.0 744.0 25.0 11903.0 32.0 5070.0 0.09549795361527967
41 41 42 0.0 0.0 147.0 11.0 3695.0 20.0 115.0 0.2400137150694325
41 41 43 0.0 0.0 40.0 0.0 913.0 8.0 7.0 0.47538200339558573
41 42 36 0.0 0.0 0.0 0.0 7.0 0.0 0.0 0.6975585450921773
41 42 37 0.0 0.0 1.0 0.0 72.0 1.0 0.0 0.6756756756756755
41 42 38 0.0 0.0 9.0 0.0 582.0 2.0 1.0 0.5407493240633449
41 42 39 0.0 0.0 199.0 0.0 4327.0 15.0 178.0 0.2150537634408602
41 42 40 0.0 0.0 373.0 12.0 7247.0 16.0 705.0 0.1454394348639102
41 42 41 0.0 0.0 160.0 15.0 3619.0 19.0 83.0 0.2424242424242424
41 42 42 0.0 0.0 234.0 3.0 5022.0 21.0 271.0 0.19342359767891681
41 42 43 0.0 0.0 76.0 0.0 1456.0 12.0 6.0 0.3977272727272727
41 43 37 0.0 0.0 0.0 0.0 10.0 0.0 0.0 0.6965174129353233
41 43 38 0.0 0.0 0.0 0.0 32.0 0.0 0.0 0.6889763779527558
41 43 39 0.0 0.0 10.0 0.0 319.0 1.0 0.0 0.6013745704467354
41 43 40 0.0 0.0 16.0 0.0 421.0 6.0 0.0 0.5758946935417523
41 43 41 0.0 0.0 5.0 0.0 112.0 2.0 0.0 0.6619385342789597
41 43 42 0.0 0.0 2.0 0.0 28.0 0.0 0.0 0.689655172413793
41 43 43 0.0 0.0 0.0 0.0 5.0 0.0 0.0 0.6982543640897755
41 44 40 0.0 0.0 0.0 0.0 1.0 0.0 0.0 0.6996501749125437
41 44 41 0.0 0.0 0.0 0.0 1.0 0.0 0.0 0.6996501749125437
41 44 42 0.0 0.0 0.0 0.0 1.0 0.0 0.0 0.6996501749125437
42 36 36 0.0 0.0 0.0 0.0 2.0 0.0 0.0 0.6993006993006992
42 36 38 0.0 0.0 0.0 0.0 9.0 0.0 0.0 0.6968641114982577
42 36 39 0.0 0.0 0.0 0.0 4.0 0.0 0.0 0.6986027944111775
42 36 40 0.0 0.0 0.0 0.0 9.0 0.0 0.0 0.6968641114982577
42 37 36 0.0 0.0 0.0 0.0 1.0 0.0 0.0 0.6996501749125437
42 37 37 0.0 0.0 1.0 0.0 40.0 0.0 0.0 0.6859382655560998
42 37 38 0.0 0.0 5.0 0.0 272.0 3.0 0.0 0.615655233069481
42 37 39 0.0 0.0 81.0 0.0 2131.0 15.0 25.0 0.33365109628217343
42 37 40 0.0 0.0 17.0 0.0 426.0 6.0 1.0 0.5744768157570782
42 37 41 0.0 0.0 8.0 0.0 98.0 1.0 0.0 0.6650831353919239
42 37 42 0.0 0.0 0.0 0.0 13.0 0.0 0.0 0.6958250497017892
42 37 43 0.0 0.0 0.0 0.0 13.0 0.0 0.0 0.6958250497017892
42 37 44 0.0 0.0 0.0 0.0 5.0 0.0 0.0 0.6982543640897755
42 38 36 0.0 0.0 0.0 0.0 2.0 0.0 0.0 0.6993006993006992
42 38 37 0.0 0.0 12.0 0.0 293.0 4.0 0.0 0.6084311169056931
42 38 38 0.0 0.0 402.0 0.0 8166.0 28.0 1177.0 0.13275175421960933
42 38 39 0.0 0.0 536.0 0.0 9939.0 16.0 2389.0 0.11227845055738231
42 38 40 0.0 0.0 229.0 0.0 4980.0 16.0 266.0 0.19452549673475056
42 38 41 0.0 0.0 201.0 0.0 4425.0 18.0 195.0 0.21183234982599483
42 38 42 0.0 0.0 29.0 0.0 915.0 4.0 5.0 0.4760285617137027
42 38 43 0.0 0.0 30.0 0.0 842.0 7.0 3.0 0.4884856943475226
42 38 44 0.0 0.0 0.0 0.0 7.0 0.0 0.0 0.6975585450921773
42 39 36 0.0 0.0 0.0 0.0 2.0 0.0 0.0 0.6993006993006992
42 39 37 0.0 0.0 104.0 0.0 2613.0 18.0 58.0 0.29806259314456035
42 39 38 0.0 0.0 181.0 0.0 4297.0 18.0 188.0 0.21668472372697722
42 39 39 0.0 0.0 335.0 1.0 7634.0 21.0 986.0 0.14064697609001403
42 39 40 0.0 0.0 302.0 1.0 6355.0 26.0 477.0 0.16214964095436646
42 39 41 0.0 0.0 397.0 0.0 8240.0 33.0 1146.0 0.1319385543304118
42 39 42 0.0 0.0 500.0 0.0 9884.0 28.0 2638.0 0.11321365033155426
42 39 43 0.0 0.0 250.0 0.0 4967.0 22.0 245.0 0.19444444444444442
42 39 44 0.0 0.0 0.0 0.0 11.0 0.0 0.0 0.6961710591745399
42 40 36 0.0 0.0 0.0 0.0 15.0 0.0 0.0 0.694789081885856
42 40 37 0.0 0.0 97.0 0.0 2357.0 9.0 45.0 0.3149606299212598
42 40 38 0.0 0.0 751.0 0.0 11693.0 27.0 4508.0 0.09695962324260682
42 40 39 0.0 0.0 720.0 0.0 11669.0 28.0 3838.0 0.09735067102426813
42 40 40 0.0 0.0 770.0 0.0 12150.0 36.0 6741.0 0.09390301160372927
42 40 41 0.0 0.0 452.0 0.0 8558.0 20.0 1300.0 0.12730744748567788
42 40 42 0.0 0.0 373.0 2.0 8006.0 23.0 1093.0 0.13505691684352691
42 40 43 0.0 0.0 57.0 0.0 1348.0 11.0 14.0 0.412492634060106
42 40 44 0.0 0.0 1.0 0.0 27.0 1.0 0.0 0.6906758756783422
42 41 36 0.0 0.0 0.0 0.0 10.0 0.0 0.0 0.6965174129353233
42 41 37 0.0 0.0 20.0 0.0 464.0 3.0 1.0 0.564516129032258
42 41 38 0.0 0.0 93.0 0.0 1908.0 16.0 17.0 0.3513174404015056
42 41 39 0.0 0.0 408.0 0.0 8743.0 17.0 1568.0 0.1256394148792964
42 41 40 0.0 0.0 282.0 0.0 6185.0 17.0 491.0 0.16568047337278105
42 41 41 0.0 0.0 689.0 0.0 11541.0 25.0 4789.0 0.09841827768014058
42 41 42 0.0 0.0 301.0 0.0 6661.0 18.0 641.0 0.15640710535135738
42 41 43 0.0 0.0 5.0 0.0 179.0 1.0 0.0 0.6413192853870818
42 41 44 0.0 0.0 0.0 0.0 3.0 0.0 0.0 0.6989515726410384
42 42 36 0.0 0.0 0.0 0.0 5.0 0.0 0.0 0.6982543640897755
42 42 37 0.0 0.0 0.0 0.0 30.0 0.0 0.0 0.689655172413793
42 42 38 0.0 0.0 96.0 0.0 3180.0 15.0 95.0 0.26610910473294047
42 42 39 0.0 0.0 254.0 0.0 5723.0 21.0 367.0 0.1758793969849246
42 42 40 0.0 0.0 530.0 0.0 9565.0 31.0 2262.0 0.1159324279562769
42 42 41 0.0 0.0 243.0 0.0 5432.0 14.0 335.0 0.18269607203445123
42 42 42 0.0 0.0 177.0 0.0 4333.0 8.0 201.0 0.21531836358043674
42 42 43 0.0 0.0 1.0 0.0 57.0 0.0 0.0 0.6802721088435373
42 42 44 0.0 0.0 0.0 0.0 1.0 0.0 0.0 0.6996501749125437
42 43 37 0.0 0.0 0.0 0.0 3.0 0.0 0.0 0.6989515726410384
42 43 38 0.0 0.0 0.0 0.0 8.0 0.0 0.0 0.697211155378486
42 43 39 0.0 0.0 21.0 0.0 352.0 6.0 0.0 0.5914659907055343
42 43 40 0.0 0.0 1.0 0.0 146.0 1.0 0.0 0.6523765144454798
42 43 41 0.0 0.0 18.0 0.0 478.0 9.0 3.0 0.5629272215520706
42 43 42 0.0 0.0 0.0 0.0 11.0 1.0 0.0 0.6965174129353233
42 43 43 0.0 0.0 0.0 0.0 4.0 0.0 0.0 0.6986027944111775
43 36 40 0.0 0.0 0.0 0.0 2.0 0.0 0.0 0.6993006993006992
43 37 37 0.0 0.0 0.0 0.0 12.0 2.0 0.0 0.6965174129353233
43 37 38 0.0 0.0 47.0 0.0 935.0 11.0 2.0 0.47122181083810155
43 37 39 0.0 0.0 5.0 0.0 98.0 0.0 0.0 0.6657156443176413
43 37 40 0.0 0.0 2.0 0.0 45.0 1.0 0.0 0.6842619745845552
43 37 41 0.0 0.0 2.0 0.0 29.0 0.0 0.0 0.6893156080748399
43 37 42 0.0 0.0 0.0 0.0 10.0 1.0 0.0 0.6968641114982577
43 38 37 0.0 0.0 3.0 0.0 151.0 1.0 0.0 0.6502554575011611
43 38 38 0.0 0.0 56.0 0.0 971.0 13.0 5.0 0.4643449419568822
43 38 39 0.0 0.0 117.0 0.0 2447.0 15.0 33.0 0.30775994724115185
43 38 40 0.0 0.0 14.0 0.0 347.0 7.0 0.0 0.594732370433305
43 38 41 0.0 0.0 46.0 0.0 946.0 12.0 5.0 0.46995636119503187
43 38 42 0.0 0.0 137.0 0.0 2778.0 21.0 44.0 0.2860061287027579
43 38 43 0.0 0.0 0.0 0.0 26.0 0.0 0.0 0.6910167818361302
43 38 44 0.0 0.0 0.0 0.0 1.0 0.0 0.0 0.6996501749125437
43 39 36 0.0 0.0 0.0 0.0 2.0 0.0 0.0 0.6993006993006992
43 39 37 0.0 0.0 5.0 0.0 251.0 2.0 1.0 0.6211180124223601
43 39 38 0.0 0.0 23.0 0.0 637.0 3.0 2.0 0.5271084337349397
43 39 39 0.0 0.0 114.0 0.0 3214.0 14.0 100.0 0.2633559066967644
43 39 40 0.0 0.0 277.0 0.0 5873.0 26.0 410.0 0.17224409448818898
43 39 41 0.0 0.0 75.0 0.0 1463.0 12.0 9.0 0.39705048213272826
43 39 42 0.0 0.0 44.0 0.0 1157.0 8.0 12.0 0.43845912934544307
43 39 43 0.0 0.0 7.0 0.0 272.0 2.0 0.0 0.6151142355008786
43 39 44 0.0 0.0 0.0 0.0 10.0 0.0 0.0 0.6965174129353233
43 40 36 0.0 0.0 0.0 0.0 4.0 0.0 0.0 0.6986027944111775
43 40 37 0.0 0.0 51.0 0.0 1149.0 11.0 7.0 0.43900909375979924
43 40 38 0.0 0.0 65.0 0.0 1914.0 3.0 42.0 0.352112676056338
43 40 39 0.0 0.0 116.0 0.0 2720.0 12.0 49.0 0.2901554404145077
43 40 40 0.0 0.0 127.0 0.0 3075.0 14.0 96.0 0.2698015031798034
43 40 41 0.0 0.0 91.0 0.0 2101.0 8.0 29.0 0.3346880229500358
43 40 42 0.0 0.0 38.0 0.0 957.0 8.0 3.0 0.4686976899899564
43 40 43 0.0 0.0 145.0 0.0 3384.0 16.0 76.0 0.25399129172714074
43 40 44 0.0 0.0 0.0 0.0 5.0 0.0 0.0 0.6982543640897755
43 41 36 0.0 0.0 0.0 0.0 6.0 0.0 0.0 0.6979062811565303
43 41 37 0.0 0.0 1.0 0.0 62.0 0.0 0.0 0.6786233640329616
43 41 38 0.0 0.0 6.0 0.0 421.0 1.0 2.0 0.5770816158285242
43 41 39 0.0 0.0 167.0 0.0 4180.0 15.0 167.0 0.2209595959595959
43 41 40 0.0 0.0 155.0 0.0 3837.0 13.0 136.0 0.2341137123745819
43 41 41 0.0 0.0 151.0 0.0 2996.0 16.0 75.0 0.2727449834404831
43 41 42 0.0 0.0 17.0 0.0 630.0 2.0 1.0 0.5293005671077504
43 41 43 0.0 0.0 1.0 0.0 37.0 1.0 0.0 0.6872852233676975
43 42 37 0.0 0.0 0.0 0.0 1.0 0.0 0.0 0.6996501749125437
43 42 38 0.0 0.0 12.0 0.0 123.0 2.0 0.0 0.6563525550867322
43 42 39 0.0 0.0 1.0 0.0 90.0 2.0 0.0 0.6701771182383915
43 42 40 0.0 0.0 80.0 0.0 2051.0 13.0 18.0 0.34013605442176864
43 42 41 0.0 0.0 5.0 0.0 176.0 1.0 0.0 0.6422018348623851
43 42 42 0.0 0.0 1.0 0.0 95.0 0.0 0.0 0.6679389312977099
43 42 43 0.0 0.0 0.0 0.0 3.0 0.0 0.0 0.6989515726410384
43 43 37 0.0 0.0 0.0 0.0 1.0 0.0 0.0 0.6996501749125437
43 43 38 0.0 0.0 0.0 0.0 7.0 0.0 0.0 0.6975585450921773
43 43 39 0.0 0.0 0.0 0.0 45.0 1.0 0.0 0.684931506849315
43 43 40 0.0 0.0 0.0 0.0 24.0 0.0 0.0 0.6916996047430829
43 43 41 0.0 0.0 3.0 0.0 120.0 0.0 0.0 0.6594441827602449
43 43 42 0.0 0.0 0.0 0.0 8.0 0.0 0.0 0.697211155378486
43 43 43 0.0 0.0 0.0 0.0 5.0 0.0 0.0 0.6982543640897755
44 36 39 0.0 0.0 0.0 0.0 1.0 0.0 0.0 0.6996501749125437
44 37 39 0.0 0.0 0.0 0.0 4.0 0.0 0.0 0.6986027944111775
44 37 40 0.0 0.0 0.0 0.0 2.0 0.0 0.0 0.6993006993006992
44 37 41 0.0 0.0 0.0 0.0 1.0 0.0 0.0 0.6996501749125437
44 37 42 0.0 0.0 0.0 0.0 4.0 0.0 0.0 0.6986027944111775
44 38 38 0.0 0.0 0.0 0.0 4.0 0.0 0.0 0.6986027944111775
44 38 39 0.0 0.0 0.0 0.0 17.0 0.0 0.0 0.694100148735746
44 38 40 0.0 0.0 93.0 0.0 1998.0 10.0 20.0 0.3430531732418524
44 38 41 0.0 0.0 0.0 0.0 1.0 0.0 0.0 0.6996501749125437
44 38 42 0.0 0.0 0.0 0.0 2.0 0.0 0.0 0.6993006993006992
44 39 37 0.0 0.0 0.0 0.0 2.0 0.0 0.0 0.6993006993006992
44 39 38 0.0 0.0 0.0 0.0 3.0 0.0 0.0 0.6989515726410384
44 39 39 0.0 0.0 0.0 0.0 4.0 0.0 0.0 0.6986027944111775
44 39 40 0.0 0.0 2.0 0.0 53.0 1.0 0.0 0.6815968841285296
44 39 41 0.0 0.0 0.0 0.0 16.0 0.0 0.0 0.6944444444444444
44 39 42 0.0 0.0 1.0 0.0 6.0 1.0 0.0 0.6979062811565303
44 39 43 0.0 0.0 0.0 0.0 5.0 0.0 0.0 0.6982543640897755
44 39 44 0.0 0.0 0.0 0.0 1.0 0.0 0.0 0.6996501749125437
44 40 38 0.0 0.0 0.0 0.0 13.0 0.0 0.0 0.695479384003974
44 40 39 0.0 0.0 0.0 0.0 12.0 0.0 0.0 0.6961710591745399
44 40 40 0.0 0.0 60.0 0.0 1449.0 11.0 11.0 0.39999999999999997
44 40 41 0.0 0.0 0.0 0.0 11.0 0.0 0.0 0.6968641114982577
44 40 42 0.0 0.0 0.0 0.0 2.0 0.0 0.0 0.6993006993006992
44 40 43 0.0 0.0 0.0 0.0 8.0 0.0 0.0 0.697211155378486
44 40 44 0.0 0.0 0.0 0.0 1.0 0.0 0.0 0.6996501749125437
44 41 36 0.0 0.0 0.0 0.0 1.0 0.0 0.0 0.6996501749125437
44 41 37 0.0 0.0 0.0 0.0 1.0 0.0 0.0 0.6996501749125437
44 41 38 0.0 0.0 0.0 0.0 11.0 0.0 0.0 0.6961710591745399
44 41 39 0.0 0.0 1.0 0.0 21.0 1.0 0.0 0.6927263730826323
44 41 40 0.0 0.0 0.0 0.0 2.0 0.0 0.0 0.6993006993006992
44 41 41 0.0 0.0 0.0 0.0 12.0 0.0 0.0 0.6958250497017892
44 41 42 0.0 0.0 0.0 0.0 4.0 0.0 0.0 0.6986027944111775
44 41 43 0.0 0.0 0.0 0.0 1.0 0.0 0.0 0.6996501749125437
44 41 44 0.0 0.0 0.0 0.0 1.0 0.0 0.0 0.6996501749125437
44 42 39 0.0 0.0 22.0 0.0 666.0 2.0 2.0 0.5212211466865226
44 42 40 0.0 0.0 0.0 0.0 4.0 0.0 0.0 0.6986027944111775
44 42 41 0.0 0.0 0.0 0.0 4.0 0.0 0.0 0.6986027944111775
44 42 42 0.0 0.0 0.0 0.0 1.0 0.0 0.0 0.0
44 43 39 0.0 0.0 0.0 0.0 1.0 0.0 0.0 0.6996501749125437
44 43 40 0.0 0.0 0.0 0.0 1.0 0.0 0.0 0.6996501749125437
44 43 41 0.0 0.0 0.0 0.0 1.0 0.0 0.0 0.6996501749125437
45 37 40 0.0 0.0 0.0 0.0 1.0 0.0 0.0 0.6996501749125437
45 37 41 0.0 0.0 0.0 0.0 1.0 0.0 0.0 0.6996501749125437
45 38 40 0.0 0.0 0.0 0.0 1.0 0.0 0.0 0.6996501749125437
45 38 41 0.0 0.0 2.0 0.0 115.0 2.0 1.0 0.6619385342789597
45 39 40 0.0 0.0 0.0 0.0 1.0 0.0 0.0 0.6996501749125437
45 39 41 0.0 0.0 0.0 0.0 2.0 0.0 0.0 0.6996501749125437
45 40 41 0.0 0.0 0.0 0.0 1.0 0.0 0.0 0.6996501749125437
