36 37 38 0.0 0.0 0.0 0.0 3.0 0.0 0.0 0.6989515726410384
36 37 39 0.0 0.0 0.0 0.0 1.0 0.0 0.0 0.6996501749125437
36 37 40 0.0 0.0 0.0 0.0 3.0 0.0 0.0 0.6989515726410384
36 37 41 0.0 0.0 0.0 0.0 2.0 0.0 0.0 0.6993006993006992
36 38 39 0.0 0.0 0.0 0.0 2.0 0.0 0.0 0.6993006993006992
36 38 40 0.0 0.0 0.0 0.0 5.0 0.0 0.0 0.6982543640897755
36 38 41 0.0 0.0 0.0 0.0 2.0 0.0 0.0 0.6993006993006992
36 38 42 0.0 0.0 0.0 0.0 2.0 0.0 0.0 0.6993006993006992
36 39 38 0.0 0.0 0.0 0.0 4.0 0.0 0.0 0.6986027944111775
36 39 39 0.0 0.0 0.0 0.0 6.0 0.0 0.0 0.6979062811565303
36 39 40 0.0 0.0 0.0 0.0 2.0 0.0 0.0 0.6996501749125437
36 39 41 0.0 0.0 0.0 0.0 1.0 0.0 0.0 0.6996501749125437
36 39 42 0.0 0.0 1.0 0.0 1.0 0.0 0.0 0.6993006993006992
36 40 38 0.0 0.0 0.0 0.0 1.0 0.0 0.0 0.6996501749125437
36 40 39 0.0 0.0 11.0 0.0 282.0 3.0 1.0 0.6113537117903929
36 40 40 0.0 0.0 0.0 0.0 1.0 0.0 0.0 0.6996501749125437
36 40 41 0.0 0.0 0.0 0.0 1.0 0.0 0.0 0.6996501749125437
36 40 42 0.0 0.0 0.0 0.0 1.0 0.0 0.0 0.6996501749125437
36 40 43 0.0 0.0 0.0 0.0 2.0 0.0 0.0 0.6993006993006992
36 41 39 0.0 0.0 4.0 0.0 43.0 0.0 0.0 0.6839276990718123
36 41 40 0.0 0.0 0.0 0.0 5.0 0.0 0.0 0.6982543640897755
36 41 41 0.0 0.0 0.0 0.0 2.0 0.0 0.0 0.6993006993006992
36 41 42 0.0 0.0 0.0 0.0 8.0 0.0 0.0 0.697211155378486
36 41 43 0.0 0.0 0.0 0.0 2.0 0.0 0.0 0.6993006993006992
36 42 40 0.0 0.0 0.0 0.0 3.0 0.0 0.0 0.6989515726410384
36 42 42 0.0 0.0 0.0 0.0 2.0 0.0 0.0 0.6993006993006992
36 42 43 0.0 0.0 0.0 0.0 5.0 0.0 0.0 0.6982543640897755
37 37 37 0.0 0.0 0.0 0.0 2.0 0.0 0.0 0.6993006993006992
37 37 38 0.0 0.0 0.0 0.0 6.0 0.0 0.0 0.6979062811565303
37 37 39 0.0 0.0 0.0 0.0 3.0 0.0 0.0 0.6989515726410384
37 37 40 0.0 0.0 3.0 0.0 54.0 1.0 0.0 0.6809338521400777
37 37 41 0.0 0.0 0.0 0.0 3.0 0.0 0.0 0.6989515726410384
37 38 37 0.0 0.0 0.0 0.0 1.0 0.0 0.0 0.6996501749125437
37 38 38 0.0 0.0 0.0 0.0 39.0 0.0 1.0 0.6866110838646394
37 38 39 0.0 0.0 104.0 0.0 2529.0 18.0 27.0 0.3033586132177681
37 38 40 0.0 0.0 35.0 0.0 829.0 10.0 2.0 0.49053959355290816
37 38 41 0.0 0.0 155.0 0.0 3082.0 16.0 71.0 0.26809651474530827
37 38 42 0.0 0.0 0.0 0.0 3.0 0.0 0.0 0.6989515726410384
37 39 37 0.0 0.0 0.0 0.0 1.0 0.0 0.0 0.6996501749125437
37 39 38 0.0 0.0 1.0 0.0 103.0 0.0 0.0 0.6653992395437262
37 39 39 0.0 0.0 14.0 0.0 478.0 3.0 2.0 0.5622489959839357
37 39 40 0.0 0.0 18.0 0.0 488.0 8.0 3.0 0.5604483586869494
37 39 41 0.0 0.0 0.0 0.0 104.0 0.0 0.0 0.6653992395437262
37 39 42 0.0 0.0 0.0 0.0 25.0 0.0 0.0 0.6913580246913579
37 39 43 0.0 0.0 0.0 0.0 1.0 0.0 0.0 0.6996501749125437
37 40 38 0.0 0.0 0.0 0.0 85.0 0.0 0.0 0.6717850287907868
37 40 39 0.0 0.0 207.0 0.0 4537.0 27.0 172.0 0.20839535576064305
37 40 40 0.0 0.0 32.0 0.0 802.0 8.0 3.0 0.4953998584571832
37 40 41 0.0 0.0 21.0 0.0 570.0 6.0 3.0 0.541586073500967
37 40 42 0.0 0.0 8.0 0.0 217.0 2.0 0.0 0.6297795771479981
37 40 43 0.0 0.0 1.0 0.0 11.0 0.0 0.0 0.6961710591745399
37 41 38 0.0 0.0 3.0 0.0 58.0 0.0 0.0 0.6792819019893255
37 41 39 0.0 0.0 33.0 0.0 783.0 6.0 1.0 0.4982206405693949
37 41 40 0.0 0.0 33.0 0.0 891.0 8.0 4.0 0.48010973936899853
37 41 41 0.0 0.0 77.0 0.0 1690.0 13.0 11.0 0.3729355354288758
37 41 42 0.0 0.0 224.0 0.0 4790.0 25.0 248.0 0.20017157563625962
37 41 43 0.0 0.0 0.0 0.0 11.0 0.0 0.0 0.6961710591745399
37 42 38 0.0 0.0 2.0 0.0 64.0 1.0 0.0 0.6779661016949151
37 42 39 0.0 0.0 2.0 0.0 105.0 2.0 0.0 0.6650831353919239
37 42 40 0.0 0.0 14.0 0.0 531.0 3.0 0.0 0.5507474429583004
37 42 41 0.0 0.0 0.0 0.0 49.0 0.0 0.0 0.6832601268911663
37 42 42 0.0 0.0 0.0 0.0 10.0 0.0 0.0 0.6965174129353233
37 42 43 0.0 0.0 2.0 0.0 17.0 0.0 0.0 0.6934125804853887
37 43 38 0.0 0.0 0.0 0.0 5.0 1.0 0.0 0.6986027944111775
37 43 39 0.0 0.0 0.0 0.0 5.0 0.0 0.0 0.6982543640897755
37 43 40 0.0 0.0 0.0 0.0 17.0 0.0 0.0 0.6944444444444444
37 43 41 0.0 0.0 0.0 0.0 8.0 0.0 0.0 0.697211155378486
37 43 42 0.0 0.0 0.0 0.0 1.0 0.0 0.0 0.6996501749125437
38 36 40 0.0 0.0 0.0 0.0 1.0 0.0 0.0 0.6996501749125437
38 37 37 0.0 0.0 0.0 0.0 2.0 0.0 0.0 0.6993006993006992
38 37 38 0.0 0.0 0.0 0.0 9.0 0.0 0.0 0.6968641114982577
38 37 39 0.0 0.0 15.0 0.0 243.0 7.0 0.0 0.6219458018658373
38 37 40 0.0 0.0 0.0 0.0 36.0 0.0 0.0 0.6876227897838899
38 37 41 0.0 0.0 2.0 0.0 201.0 1.0 0.0 0.6357856494096276
38 37 42 0.0 0.0 0.0 0.0 1.0 0.0 0.0 0.6996501749125437
38 38 37 0.0 0.0 0.0 0.0 8.0 0.0 0.0 0.697211155378486
38 38 38 0.0 0.0 180.0 0.0 4058.0 23.0 145.0 0.22526146419951726
38 38 39 0.0 0.0 110.0 0.0 2425.0 9.0 33.0 0.3093239063190455
38 38 40 0.0 0.0 12.0 0.0 599.0 3.0 5.0 0.5368098159509201
38 38 41 0.0 0.0 189.0 0.0 3792.0 19.0 101.0 0.23466309084813944
38 38 42 0.0 0.0 14.0 0.0 350.0 6.0 0.0 0.5937234944868531
38 39 37 0.0 0.0 1.0 0.0 27.0 0.0 0.0 0.690335305719921
38 39 38 0.0 0.0 13.0 0.0 523.0 5.0 2.0 0.5531410509679968
38 39 39 0.0 0.0 509.0 0.0 10261.0 29.0 2831.0 0.10974367014188287
38 39 40 0.0 0.0 636.0 0.0 10957.0 35.0 3323.0 0.10315355142941349
38 39 41 0.0 0.0 92.0 0.0 2948.0 10.0 85.0 0.278164116828929
38 39 42 0.0 0.0 10.0 0.0 389.0 1.0 0.0 0.5838198498748957
38 39 43 0.0 0.0 0.0 0.0 8.0 0.0 0.0 0.697211155378486
38 40 37 0.0 0.0 0.0 0.0 19.0 0.0 0.0 0.6934125804853887
38 40 38 0.0 0.0 44.0 0.0 1142.0 9.0 3.0 0.44080604534005036
38 40 39 0.0 0.0 444.0 0.0 8335.0 24.0 1062.0 0.13011152416356875
38 40 40 0.0 0.0 405.0 0.0 8326.0 18.0 1260.0 0.13059701492537312
38 40 41 0.0 0.0 371.0 0.0 7921.0 23.0 1101.0 0.13623978201634876
38 40 42 0.0 0.0 103.0 0.0 2285.0 13.0 26.0 0.32021957913998167
38 40 43 0.0 0.0 1.0 0.0 15.0 1.0 0.0 0.6951340615690167
38 41 37 0.0 0.0 1.0 0.0 52.0 0.0 0.0 0.6819288845591815
38 41 38 0.0 0.0 1.0 3.0 168.0 0.0 1.0 0.6445672191528544
38 41 39 0.0 0.0 280.0 0.0 6655.0 18.0 720.0 0.1570034765055512
38 41 40 0.0 0.0 597.0 0.0 11006.0 20.0 4077.0 0.10291090855630695
38 41 41 0.0 0.0 250.0 0.0 5428.0 17.0 293.0 0.1826007564888483
38 41 42 0.0 0.0 67.0 0.0 1501.0 10.0 10.0 0.39336892385501543
38 41 43 0.0 0.0 0.0 0.0 7.0 0.0 0.0 0.6975585450921773
38 42 38 0.0 0.0 0.0 0.0 40.0 0.0 0.0 0.6862745098039215
38 42 39 0.0 0.0 165.0 0.0 3832.0 22.0 133.0 0.23427041499330653
38 42 40 0.0 0.0 261.0 0.0 6176.0 21.0 526.0 0.1663300463347986
38 42 41 0.0 0.0 157.0 0.0 3371.0 23.0 87.0 0.2542680711950599
38 42 42 0.0 0.0 0.0 0.0 64.0 0.0 0.0 0.6782945736434108
38 42 43 0.0 0.0 0.0 0.0 18.0 0.0 0.0 0.6937561942517343
38 43 38 0.0 0.0 0.0 0.0 2.0 0.0 0.0 0.6993006993006992
38 43 39 0.0 0.0 33.0 0.0 734.0 8.0 2.0 0.5072463768115941
38 43 40 0.0 0.0 1.0 0.0 81.0 0.0 0.0 0.6724303554274734
38 43 41 0.0 0.0 0.0 0.0 17.0 0.0 0.0 0.694100148735746
38 43 42 0.0 0.0 0.0 0.0 11.0 0.0 0.0 0.6961710591745399
39 36 40 0.0 0.0 0.0 0.0 1.0 0.0 0.0 0.6996501749125437
39 36 41 0.0 0.0 0.0 0.0 4.0 0.0 0.0 0.6986027944111775
39 37 37 0.0 0.0 2.0 0.0 108.0 0.0 0.0 0.6635071090047392
39 37 38 0.0 0.0 0.0 0.0 64.0 0.0 0.0 0.6782945736434108
39 37 39 0.0 0.0 2.0 0.0 131.0 1.0 0.0 0.6566604127579737
39 37 40 0.0 0.0 91.0 0.0 1898.0 16.0 20.0 0.3522898842476094
39 37 41 0.0 0.0 42.0 0.0 1298.0 11.0 7.0 0.42054671072394106
39 37 42 0.0 0.0 0.0 0.0 10.0 0.0 0.0 0.6965174129353233
39 37 43 0.0 0.0 0.0 0.0 2.0 0.0 0.0 0.6993006993006992
39 38 36 0.0 0.0 0.0 0.0 2.0 0.0 0.0 0.6993006993006992
39 38 37 0.0 0.0 29.0 0.0 866.0 5.0 1.0 0.4844290657439445
39 38 38 0.0 0.0 77.0 0.0 1918.0 7.0 26.0 0.3512293025589563
39 38 39 0.0 0.0 109.0 0.0 3033.0 13.0 74.0 0.27306417007996875
39 38 40 0.0 0.0 470.0 0.0 8957.0 26.0 1494.0 0.12268863377442817
39 38 41 0.0 0.0 27.0 0.0 997.0 5.0 6.0 0.4637297118251076
39 38 42 0.0 0.0 72.0 0.0 1808.0 9.0 20.0 0.36157024793388426
39 38 43 0.0 0.0 0.0 0.0 27.0 0.0 1.0 0.6906758756783422
39 39 36 0.0 0.0 0.0 0.0 5.0 0.0 0.0 0.6982543640897755
39 39 37 0.0 0.0 18.0 0.0 587.0 7.0 1.0 0.5388760585065434
39 39 38 0.0 0.0 286.0 0.0 6339.0 18.0 493.0 0.16260162601626016
39 39 39 0.0 0.0 640.0 3.0 11275.0 18.0 4843.0 0.10059639290076884
39 39 40 0.0 0.0 619.0 9.0 11106.0 24.0 3830.0 0.10198878123406424
39 39 41 0.0 0.0 818.0 1.0 12129.0 28.0 6686.0 0.09375837128315026
39 39 42 0.0 0.0 63.0 0.0 1716.0 17.0 14.0 0.37204358224820616
39 39 43 0.0 0.0 0.0 0.0 23.0 0.0 0.0 0.6923837784371908
39 40 37 0.0 0.0 56.0 0.0 1201.0 10.0 8.0 0.4311672312904219
39 40 38 0.0 0.0 307.0 1.0 6647.0 27.0 546.0 0.15663459386887443
39 40 39 0.0 0.0 682.0 11.0 11594.0 23.0 4964.0 0.09803921568627451
39 40 40 0.0 1.0 1345.0 13.0 13217.0 39.0 16836.0 0.084433990712261
39 40 41 0.0 2.0 500.0 37.0 9283.0 28.0 1839.0 0.11866418036955416
39 40 42 0.0 0.0 46.0 2.0 1374.0 12.0 10.0 0.4106776180698152
39 40 43 0.0 0.0 38.0 0.0 718.0 8.0 4.0 0.509461426491994
39 41 36 0.0 0.0 0.0 0.0 1.0 0.0 0.0 0.6996501749125437
39 41 37 0.0 0.0 5.0 0.0 62.0 4.0 0.0 0.6786233640329616
39 41 38 0.0 0.0 5.0 0.0 338.0 0.0 1.0 0.5975245411865129
39 41 39 0.0 0.0 424.0 49.0 8375.0 26.0 1246.0 0.12927054478301014
39 41 40 0.0 0.0 792.0 15.0 12247.0 34.0 7124.0 0.09310986964618248
39 41 41 0.0 0.0 419.0 27.0 8736.0 21.0 1611.0 0.12538061973849182
39 41 42 0.0 0.0 189.0 3.0 5098.0 14.0 314.0 0.1924134139637163
39 41 43 0.0 0.0 88.0 0.0 1715.0 12.0 10.0 0.3692957003429174
39 41 44 0.0 0.0 0.0 0.0 2.0 0.0 0.0 0.6993006993006992
39 42 37 0.0 0.0 26.0 0.0 590.0 6.0 3.0 0.5363984674329502
39 42 38 0.0 0.0 1.0 0.0 70.0 0.0 0.0 0.6760019314340897
39 42 39 0.0 0.0 3.0 0.0 359.0 0.0 1.0 0.592718035563082
39 42 40 0.0 0.0 159.0 26.0 3721.0 21.0 115.0 0.23785253143051305
39 42 41 0.0 0.0 272.0 2.0 6243.0 13.0 493.0 0.16458970138725604
39 42 42 0.0 0.0 0.0 5.0 114.0 2.0 0.0 0.6613131790269249
39 42 43 0.0 0.0 18.0 0.0 246.0 8.0 0.0 0.6205673758865247
39 43 37 0.0 0.0 0.0 0.0 6.0 0.0 0.0 0.6979062811565303
39 43 38 0.0 0.0 0.0 0.0 6.0 0.0 0.0 0.6979062811565303
39 43 39 0.0 0.0 9.0 0.0 235.0 1.0 0.0 0.6241640659830583
39 43 40 0.0 0.0 0.0 0.0 60.0 0.0 0.0 0.6799417192812044
39 43 41 0.0 0.0 3.0 0.0 46.0 1.0 0.0 0.6839276990718123
39 43 42 0.0 0.0 0.0 0.0 6.0 0.0 0.0 0.6979062811565303
40 36 38 0.0 0.0 0.0 0.0 1.0 0.0 0.0 0.6996501749125437
40 36 39 0.0 0.0 0.0 0.0 2.0 0.0 0.0 0.6993006993006992
40 36 41 0.0 0.0 0.0 0.0 1.0 0.0 0.0 0.6996501749125437
40 36 42 0.0 0.0 0.0 0.0 1.0 0.0 0.0 0.6996501749125437
40 37 36 0.0 0.0 0.0 0.0 1.0 0.0 0.0 0.6996501749125437
40 37 37 0.0 0.0 0.0 0.0 38.0 0.0 0.0 0.6869479882237487
40 37 38 0.0 0.0 2.0 0.0 108.0 0.0 0.0 0.6635071090047392
40 37 39 0.0 0.0 19.0 0.0 373.0 5.0 1.0 0.5865102639296187
40 37 40 0.0 0.0 4.0 0.0 106.0 3.0 0.0 0.6644518272425248
40 37 41 0.0 0.0 0.0 0.0 60.0 0.0 0.0 0.6796116504854368
40 37 42 0.0 0.0 0.0 0.0 12.0 0.0 0.0 0.6958250497017892
40 37 43 0.0 0.0 0.0 0.0 3.0 0.0 0.0 0.6989515726410384
40 38 36 0.0 0.0 0.0 0.0 1.0 0.0 0.0 0.6996501749125437
40 38 37 0.0 0.0 187.0 0.0 4016.0 17.0 154.0 0.2262077880109872
40 38 38 0.0 0.0 449.0 0.0 9196.0 26.0 1761.0 0.12038868346375439
40 38 39 0.0 0.0 252.0 0.0 5730.0 16.0 348.0 0.17574692442882248
40 38 40 0.0 0.0 259.0 0.0 5638.0 25.0 339.0 0.17782293915915148
40 38 41 0.0 0.0 318.0 0.0 6560.0 16.0 619.0 0.15794223826714798
40 38 42 0.0 0.0 108.0 0.0 2477.0 9.0 30.0 0.30581039755351674
40 38 43 0.0 0.0 0.0 0.0 34.0 0.0 0.0 0.6882989183874139
40 38 44 0.0 0.0 0.0 0.0 1.0 0.0 0.0 0.6996501749125437
40 39 36 0.0 0.0 0.0 0.0 4.0 0.0 0.0 0.6986027944111775
40 39 37 0.0 0.0 90.0 0.0 2207.0 13.0 26.0 0.32672112018669774
40 39 38 0.0 0.0 378.0 0.0 8168.0 19.0 1178.0 0.13289036544850497
40 39 39 0.0 1.0 727.0 5.0 11899.0 35.0 5928.0 0.09579199452617174
40 39 40 0.0 0.0 624.0 4.0 10973.0 27.0 3326.0 0.10296388909318231
40 39 41 0.0 2.0 556.0 46.0 10498.0 22.0 3294.0 0.10687022900763357
40 39 42 0.0 0.0 440.0 1.0 8649.0 18.0 1556.0 0.12635379061371838
40 39 43 0.0 0.0 1.0 0.0 86.0 0.0 0.0 0.670819357930043
40 40 36 0.0 0.0 7.0 0.0 93.0 4.0 0.0 0.6679389312977099
40 40 37 0.0 0.0 86.0 0.0 2132.0 13.0 39.0 0.33301617507136055
40 40 38 0.0 0.0 495.0 0.0 9676.0 18.0 2113.0 0.11514104778353482
40 40 39 0.0 4.0 809.0 29.0 12418.0 23.0 6583.0 0.09174913166000392
40 40 40 11.0 42.0 1863.0 449.0 11172.0 49.0 36318.0 0.09010168618869865
40 40 41 0.0 3.0 1178.0 20.0 13049.0 38.0 13867.0 0.08616445100935499
40 40 42 0.0 0.0 341.0 5.0 7718.0 22.0 987.0 0.13938669852648347
40 40 43 0.0 0.0 37.0 0.0 617.0 11.0 0.0 0.529701097237987
40 40 44 0.0 0.0 0.0 0.0 1.0 0.0 0.0 0.6996501749125437
40 41 36 0.0 0.0 0.0 0.0 2.0 0.0 0.0 0.6993006993006992
40 41 37 0.0 0.0 31.0 0.0 982.0 6.0 5.0 0.4655803126039241
40 41 38 0.0 0.0 154.0 1.0 3343.0 16.0 75.0 0.25528811086797953
40 41 39 0.0 0.0 418.0 0.0 8720.0 13.0 1488.0 0.12577486299523852
40 41 40 0.0 3.0 635.0 44.0 11110.0 25.0 3700.0 0.10157440325038089
40 41 41 0.0 217.0 449.0 4051.0 7264.0 24.0 2883.0 0.10022191996563819
40 41 42 0.0 0.0 417.0 5.0 8320.0 23.0 1156.0 0.13052396046988624
40 41 43 0.0 0.0 0.0 0.0 47.0 0.0 0.0 0.6839276990718123
40 41 44 0.0 0.0 0.0 0.0 1.0 0.0 0.0 0.6996501749125437
40 42 36 0.0 0.0 0.0 0.0 1.0 0.0 0.0 0.6996501749125437
40 42 37 0.0 0.0 0.0 0.0 19.0 0.0 0.0 0.6934125804853887
40 42 38 0.0 0.0 178.0 0.0 4563.0 14.0 246.0 0.20805468866101942
40 42 39 0.0 0.0 100.0 0.0 2288.0 12.0 44.0 0.319780721790772
40 42 40 0.0 0.0 477.0 8.0 8932.0 21.0 1483.0 0.12269938650306747
40 42 41 0.0 0.0 92.0 4.0 2587.0 14.0 48.0 0.2998500749625187
40 42 42 0.0 0.0 3.0 19.0 166.0 0.0 1.0 0.639853747714808
40 42 43 0.0 0.0 53.0 0.0 1168.0 9.0 4.0 0.43586550435865495
40 42 44 0.0 0.0 0.0 0.0 1.0 0.0 0.0 0.6996501749125437
40 43 37 0.0 0.0 0.0 0.0 2.0 0.0 0.0 0.6993006993006992
40 43 38 0.0 0.0 1.0 0.0 8.0 0.0 0.0 0.6968641114982577
40 43 39 0.0 0.0 1.0 0.0 84.0 0.0 0.0 0.6714628297362109
40 43 40 0.0 0.0 0.0 1.0 57.0 0.0 0.0 0.6802721088435373
40 43 41 0.0 0.0 40.0 0.0 858.0 6.0 5.0 0.4840940525587828
40 43 42 0.0 0.0 0.0 0.0 10.0 0.0 0.0 0.6965174129353233
40 43 43 0.0 0.0 0.0 0.0 3.0 0.0 0.0 0.6989515726410384
40 43 44 0.0 0.0 0.0 0.0 1.0 0.0 0.0 0.6996501749125437
41 36 39 0.0 0.0 0.0 0.0 1.0 0.0 0.0 0.6996501749125437
41 37 36 0.0 0.0 0.0 0.0 1.0 0.0 0.0 0.6996501749125437
41 37 37 0.0 0.0 63.0 0.0 1098.0 11.0 6.0 0.4444444444444444
41 37 38 0.0 0.0 1.0 0.0 61.0 1.0 0.0 0.6796116504854368
41 37 39 0.0 0.0 123.0 0.0 2892.0 20.0 60.0 0.2802241793434747
41 37 40 0.0 0.0 0.0 0.0 63.0 1.0 0.0 0.6792819019893255
41 37 41 0.0 0.0 1.0 0.0 42.0 0.0 0.0 0.6852667645619186
41 37 42 0.0 0.0 1.0 0.0 35.0 0.0 0.0 0.6876227897838899
41 37 43 0.0 0.0 0.0 0.0 1.0 0.0 0.0 0.6996501749125437
41 38 36 0.0 0.0 0.0 0.0 9.0 0.0 0.0 0.6968641114982577
41 38 37 0.0 0.0 1.0 0.0 62.0 0.0 0.0 0.6789524733268669
41 38 38 0.0 0.0 298.0 0.0 6577.0 16.0 572.0 0.15794223826714798
41 38 39 0.0 0.0 105.0 0.0 2884.0 22.0 52.0 0.28180354267310787
41 38 40 0.0 0.0 89.0 0.0 2696.0 10.0 68.0 0.2931323283082077
41 38 41 0.0 2.0 92.0 13.0 2122.0 22.0 41.0 0.3327787021630615
41 38 42 0.0 0.0 106.0 0.0 2753.0 18.0 61.0 0.28913672036348614
41 38 43 0.0 0.0 1.0 0.0 81.0 0.0 0.0 0.6724303554274734
41 38 44 0.0 0.0 0.0 0.0 1.0 0.0 0.0 0.6996501749125437
41 39 36 0.0 0.0 0.0 0.0 9.0 0.0 0.0 0.6968641114982577
41 39 37 0.0 0.0 5.0 0.0 169.0 2.0 0.0 0.6445672191528544
41 39 38 0.0 0.0 307.0 0.0 6657.0 26.0 564.0 0.15658203780337765
41 39 39 0.0 0.0 986.0 2.0 12710.0 24.0 9651.0 0.0891662951404369
41 39 40 0.0 0.0 628.0 1.0 10918.0 26.0 3396.0 0.10342789598108747
41 39 41 0.0 0.0 938.0 7.0 12863.0 31.0 9003.0 0.08863564419119974
41 39 42 0.0 0.0 404.0 0.0 8547.0 20.0 1473.0 0.1279122887163088
41 39 43 0.0 0.0 39.0 0.0 934.0 10.0 3.0 0.4724940938238271
41 40 36 0.0 0.0 0.0 0.0 18.0 0.0 0.0 0.6937561942517343
41 40 37 0.0 0.0 108.0 0.0 2388.0 17.0 45.0 0.31243026110243244
41 40 38 0.0 0.0 314.0 0.0 6603.0 18.0 515.0 0.1571621014818141
41 40 39 0.0 0.0 743.0 8.0 11879.0 34.0 5090.0 0.09573958831977022
41 40 40 0.0 0.0 495.0 10.0 9828.0 19.0 2348.0 0.11359948068808828
41 40 41 0.0 0.0 1076.0 6.0 12774.0 31.0 12799.0 0.0882890836854386
41 40 42 0.0 0.0 426.0 5.0 8689.0 19.0 1243.0 0.1260806916426513
41 40 43 0.0 0.0 2.0 0.0 146.0 1.0 0.0 0.6520726595249184
41 40 44 0.0 0.0 0.0 0.0 2.0 0.0 0.0 0.6993006993006992
41 41 36 0.0 0.0 8.0 0.0 144.0 1.0 0.0 0.6508600650860064
41 41 37 0.0 0.0 208.0 0.0 4533.0 21.0 192.0 0.20820939916716236
41 41 38 0.0 0.0 353.0 1.0 7156.0 28.0 753.0 0.14760147601476012
41 41 39 0.0 0.0 913.0 3.0 12756.0 56.0 7110.0 0.08950262114819076
41 41 40 0.0 0.0 834.0 6.0 12435.0 17.0 7398.0 0.09164102899783988
41 41 41 0.0 1.0 565.0 17.0 10293.0 18.0 2754.0 0.10874631039304021
41 41 42 0.0 0.0 59.0 8.0 1610.0 10.0 16.0 0.38178347422961545
41 41 43 0.0 0.0 7.0 0.0 164.0 1.0 0.0 0.6451612903225805
41 42 36 0.0 0.0 0.0 0.0 3.0 0.0 0.0 0.6989515726410384
41 42 37 0.0 0.0 0.0 0.0 21.0 0.0 0.0 0.6927263730826323
41 42 38 0.0 0.0 5.0 0.0 213.0 0.0 1.0 0.6314839873703202
41 42 39 0.0 0.0 80.0 0.0 1844.0 5.0 16.0 0.3570517725070135
41 42 40 0.0 0.0 222.0 7.0 4475.0 22.0 161.0 0.20945541591861155
41 42 41 0.0 0.0 54.0 9.0 1454.0 15.0 12.0 0.39977155910908047
41 42 42 0.0 0.0 108.0 2.0 2631.0 17.0 48.0 0.2962962962962962
41 42 43 0.0 0.0 13.0 0.0 164.0 1.0 0.0 0.6433823529411764
41 43 37 0.0 0.0 0.0 0.0 2.0 0.0 0.0 0.6993006993006992
41 43 38 0.0 0.0 0.0 0.0 13.0 0.0 0.0 0.695479384003974
41 43 39 0.0 0.0 1.0 0.0 45.0 0.0 0.0 0.6842619745845552
41 43 40 0.0 0.0 2.0 0.0 47.0 2.0 0.0 0.6839276990718123
41 43 41 0.0 0.0 0.0 0.0 38.0 0.0 0.0 0.6869479882237487
41 43 42 0.0 0.0 0.0 0.0 3.0 0.0 0.0 0.6989515726410384
41 43 43 0.0 0.0 0.0 0.0 1.0 0.0 0.0 0.6996501749125437
42 36 38 0.0 0.0 0.0 0.0 1.0 0.0 0.0 0.6996501749125437
42 36 40 0.0 0.0 0.0 0.0 1.0 0.0 0.0 0.6996501749125437
42 37 37 0.0 0.0 0.0 0.0 10.0 0.0 0.0 0.6965174129353233
42 37 38 0.0 0.0 2.0 0.0 67.0 1.0 0.0 0.6773101112723753
42 37 39 0.0 0.0 25.0 0.0 694.0 10.0 1.0 0.5166051660516604
42 37 40 0.0 0.0 4.0 0.0 94.0 0.0 0.0 0.6673021925643469
42 37 41 0.0 0.0 0.0 0.0 2.0 0.0 0.0 0.6993006993006992
42 37 42 0.0 0.0 0.0 0.0 3.0 0.0 0.0 0.6989515726410384
42 37 43 0.0 0.0 0.0 0.0 3.0 0.0 0.0 0.6989515726410384
42 38 37 0.0 0.0 1.0 0.0 37.0 0.0 0.0 0.6869479882237487
42 38 38 0.0 0.0 279.0 0.0 5724.0 19.0 369.0 0.17528483786152496
42 38 39 0.0 0.0 384.0 0.0 7687.0 15.0 1030.0 0.139137348439674
42 38 40 0.0 0.0 110.0 0.0 2534.0 12.0 38.0 0.30231051608723813
42 38 41 0.0 0.0 89.0 0.0 2025.0 15.0 21.0 0.34154671871188086
42 38 42 0.0 0.0 8.0 0.0 234.0 1.0 1.0 0.6247211066488174
42 38 43 0.0 0.0 6.0 0.0 175.0 2.0 0.0 0.6427915518824608
42 38 44 0.0 0.0 0.0 0.0 1.0 0.0 0.0 0.6996501749125437
42 39 37 0.0 0.0 42.0 0.0 935.0 6.0 4.0 0.4713804713804713
42 39 38 0.0 0.0 80.0 0.0 2003.0 16.0 31.0 0.34431874077717656
42 39 39 0.0 0.0 216.0 0.0 5255.0 15.0 350.0 0.1876675603217158
42 39 40 0.0 0.0 159.0 0.0 3772.0 19.0 111.0 0.2368064952638701
42 39 41 0.0 0.0 260.0 0.0 5832.0 28.0 374.0 0.17350353203618787
42 39 42 0.0 0.0 353.0 0.0 8067.0 30.0 1258.0 0.13465422718091755
42 39 43 0.0 0.0 115.0 0.0 2292.0 17.0 35.0 0.31890660592255116
42 39 44 0.0 0.0 0.0 0.0 2.0 0.0 0.0 0.6993006993006992
42 40 36 0.0 0.0 0.0 0.0 3.0 0.0 0.0 0.6989515726410384
42 40 37 0.0 0.0 29.0 0.0 729.0 9.0 5.0 0.5092761004001454
42 40 38 0.0 0.0 564.0 0.0 10056.0 9.0 2252.0 0.11086474501108647
42 40 39 0.0 0.0 549.0 0.0 9728.0 25.0 1840.0 0.1141552511415525
42 40 40 0.0 0.0 620.0 0.0 11040.0 22.0 3951.0 0.10251903925014645
42 40 41 0.0 0.0 304.0 0.0 6078.0 32.0 442.0 0.16754427955959786
42 40 42 0.0 0.0 235.0 2.0 5631.0 21.0 369.0 0.1784348712719857
42 40 43 0.0 0.0 13.0 0.0 312.0 2.0 0.0 0.6026689625484287
42 40 44 0.0 0.0 0.0 0.0 1.0 0.0 0.0 0.6996501749125437
42 41 36 0.0 0.0 0.0 0.0 3.0 0.0 0.0 0.6989515726410384
42 41 37 0.0 0.0 2.0 0.0 74.0 0.0 0.0 0.6743737957610789
42 41 38 0.0 0.0 13.0 0.0 389.0 3.0 1.0 0.5838198498748957
42 41 39 0.0 0.0 277.0 0.0 6569.0 21.0 648.0 0.15860428231562249
42 41 40 0.0 0.0 161.0 0.0 3517.0 17.0 93.0 0.247087892693258
42 41 41 0.0 0.0 525.0 0.0 10037.0 25.0 2562.0 0.11159824631327221
42 41 42 0.0 0.0 188.0 0.0 4285.0 19.0 156.0 0.21691973969631234
42 41 43 0.0 0.0 1.0 0.0 41.0 0.0 0.0 0.6856023506366307
42 42 36 0.0 0.0 0.0 0.0 1.0 0.0 0.0 0.6996501749125437
42 42 37 0.0 0.0 0.0 0.0 10.0 0.0 0.0 0.6965174129353233
42 42 38 0.0 0.0 44.0 0.0 1509.0 5.0 18.0 0.3945885005636978
42 42 39 0.0 0.0 133.0 0.0 3294.0 16.0 77.0 0.2587322121604139
42 42 40 0.0 0.0 369.0 0.0 7599.0 18.0 1010.0 0.1406611072038581
42 42 41 0.0 0.0 127.0 0.0 2951.0 21.0 60.0 0.27684397864346444
42 42 42 0.0 0.0 89.0 0.0 2103.0 17.0 27.0 0.3352490421455938
42 42 43 0.0 0.0 0.0 0.0 19.0 0.0 0.0 0.6934125804853887
42 43 37 0.0 0.0 0.0 0.0 1.0 0.0 0.0 0.6996501749125437
42 43 38 0.0 0.0 0.0 0.0 3.0 0.0 0.0 0.6989515726410384
42 43 39 0.0 0.0 1.0 0.0 21.0 0.0 0.0 0.6923837784371908
42 43 40 0.0 0.0 0.0 0.0 52.0 0.0 0.0 0.6822612085769979
42 43 41 0.0 0.0 2.0 0.0 86.0 1.0 0.0 0.670819357930043
42 43 42 0.0 0.0 0.0 0.0 3.0 0.0 0.0 0.6989515726410384
42 43 43 0.0 0.0 0.0 0.0 1.0 0.0 0.0 0.6996501749125437
43 37 37 0.0 0.0 0.0 0.0 2.0 0.0 0.0 0.6993006993006992
43 37 38 0.0 0.0 7.0 0.0 87.0 4.0 0.0 0.6698564593301434
43 37 39 0.0 0.0 0.0 0.0 9.0 0.0 0.0 0.6968641114982577
43 37 40 0.0 0.0 0.0 0.0 12.0 0.0 0.0 0.6958250497017892
43 37 41 0.0 0.0 0.0 0.0 1.0 0.0 0.0 0.6996501749125437
43 37 42 0.0 0.0 0.0 0.0 4.0 0.0 0.0 0.6986027944111775
43 38 37 0.0 0.0 1.0 0.0 13.0 0.0 0.0 0.6951340615690167
43 38 38 0.0 0.0 6.0 0.0 83.0 3.0 0.0 0.6711409395973154
43 38 39 0.0 0.0 25.0 0.0 681.0 5.0 2.0 0.5183265457238059
43 38 40 0.0 0.0 0.0 0.0 54.0 0.0 0.0 0.6815968841285296
43 38 41 0.0 0.0 6.0 0.0 148.0 1.0 0.0 0.6502554575011611
43 38 42 0.0 0.0 44.0 0.0 859.0 8.0 1.0 0.4835924006908462
43 38 43 0.0 0.0 0.0 0.0 10.0 0.0 0.0 0.6965174129353233
43 39 37 0.0 0.0 1.0 0.0 68.0 0.0 0.0 0.6766553890768486
43 39 38 0.0 0.0 5.0 0.0 173.0 1.0 0.0 0.6430868167202571
43 39 39 0.0 0.0 53.0 0.0 1378.0 11.0 12.0 0.40935672514619875
43 39 40 0.0 0.0 144.0 0.0 3367.0 16.0 89.0 0.2547770700636942
43 39 41 0.0 0.0 11.0 0.0 266.0 4.0 0.0 0.6159260888693356
43 39 42 0.0 0.0 8.0 0.0 264.0 3.0 0.0 0.6170118995152049
43 39 43 0.0 0.0 2.0 0.0 60.0 1.0 0.0 0.6792819019893255
43 39 44 0.0 0.0 0.0 0.0 4.0 0.0 0.0 0.6986027944111775
43 40 37 0.0 0.0 10.0 0.0 150.0 3.0 0.0 0.6490496059341677
43 40 38 0.0 0.0 21.0 0.0 740.0 8.0 7.0 0.5085361423901198
43 40 39 0.0 0.0 40.0 0.0 934.0 15.0 2.0 0.47313281514025
43 40 40 0.0 0.0 48.0 0.0 1307.0 12.0 8.0 0.4187855219862398
43 40 41 0.0 0.0 21.0 0.0 542.0 6.0 2.0 0.5475166210402814
43 40 42 0.0 0.0 6.0 0.0 204.0 2.0 0.0 0.6340579710144926
43 40 43 0.0 0.0 55.0 0.0 1239.0 10.0 8.0 0.4263093788063337
43 41 37 0.0 0.0 0.0 0.0 19.0 0.0 0.0 0.6934125804853887
43 41 38 0.0 0.0 2.0 0.0 117.0 3.0 0.0 0.661625708884688
43 41 39 0.0 0.0 81.0 0.0 2055.0 11.0 24.0 0.3394762366634335
43 41 40 0.0 0.0 71.0 0.0 1659.0 14.0 14.0 0.376850605652759
43 41 41 0.0 0.0 46.0 0.0 1016.0 10.0 7.0 0.45871559633027514
43 41 42 0.0 0.0 5.0 0.0 111.0 0.0 0.0 0.661625708884688
43 41 43 0.0 0.0 0.0 0.0 11.0 0.0 0.0 0.6961710591745399
43 42 38 0.0 0.0 0.0 0.0 9.0 0.0 0.0 0.6968641114982577
43 42 39 0.0 0.0 0.0 0.0 30.0 0.0 0.0 0.689655172413793
43 42 40 0.0 0.0 20.0 0.0 662.0 4.0 1.0 0.5227781926811051
43 42 41 0.0 0.0 0.0 0.0 47.0 0.0 0.0 0.6839276990718123
43 42 42 0.0 0.0 0.0 0.0 28.0 0.0 0.0 0.690335305719921
43 42 43 0.0 0.0 0.0 0.0 1.0 0.0 0.0 0.6996501749125437
43 43 37 0.0 0.0 0.0 0.0 1.0 0.0 0.0 0.6996501749125437
43 43 38 0.0 0.0 0.0 0.0 5.0 0.0 0.0 0.6982543640897755
43 43 39 0.0 0.0 0.0 0.0 17.0 0.0 0.0 0.694100148735746
43 43 40 0.0 0.0 0.0 0.0 13.0 0.0 0.0 0.695479384003974
43 43 41 0.0 0.0 0.0 0.0 13.0 0.0 0.0 0.695479384003974
43 43 42 0.0 0.0 0.0 0.0 1.0 0.0 0.0 0.6996501749125437
43 43 43 0.0 0.0 0.0 0.0 1.0 0.0 0.0 0.6996501749125437
44 37 39 0.0 0.0 0.0 0.0 1.0 0.0 0.0 0.6996501749125437
44 38 38 0.0 0.0 0.0 0.0 1.0 0.0 0.0 0.6996501749125437
44 38 39 0.0 0.0 0.0 0.0 7.0 0.0 0.0 0.6975585450921773
44 38 40 0.0 0.0 20.0 0.0 514.0 2.0 1.0 0.5529225908372827
44 38 41 0.0 0.0 0.0 0.0 1.0 0.0 0.0 0.6996501749125437
44 39 39 0.0 0.0 0.0 0.0 2.0 0.0 0.0 0.6993006993006992
44 39 40 0.0 0.0 0.0 0.0 4.0 0.0 0.0 0.6986027944111775
44 39 41 0.0 0.0 0.0 0.0 3.0 0.0 0.0 0.6989515726410384
44 39 43 0.0 0.0 0.0 0.0 1.0 0.0 0.0 0.6996501749125437
44 40 38 0.0 0.0 0.0 0.0 3.0 0.0 0.0 0.6989515726410384
44 40 39 0.0 0.0 0.0 0.0 1.0 0.0 0.0 0.6996501749125437
44 40 40 0.0 0.0 16.0 0.0 262.0 3.0 0.0 0.6153846153846153
44 40 41 0.0 0.0 0.0 0.0 2.0 0.0 0.0 0.6993006993006992
44 40 43 0.0 0.0 0.0 0.0 1.0 0.0 0.0 0.6996501749125437
44 41 38 0.0 0.0 0.0 0.0 2.0 0.0 0.0 0.6993006993006992
44 41 39 0.0 0.0 0.0 0.0 1.0 0.0 0.0 0.6996501749125437
44 41 40 0.0 0.0 0.0 0.0 1.0 0.0 0.0 0.6996501749125437
44 41 41 0.0 0.0 0.0 0.0 3.0 0.0 0.0 0.6989515726410384
44 41 44 0.0 0.0 0.0 0.0 1.0 0.0 0.0 0.6996501749125437
44 42 39 0.0 0.0 3.0 0.0 193.0 1.0 1.0 0.6378132118451024
44 42 40 0.0 0.0 0.0 0.0 2.0 0.0 0.0 0.6993006993006992
44 42 41 0.0 0.0 0.0 0.0 1.0 0.0 0.0 0.6996501749125437
45 38 41 0.0 0.0 1.0 0.0 31.0 0.0 0.0 0.6889763779527558
