39 39 39 0.0 0.0 0.0 0.0 12.0 0.0 0.0 0.6958250497017892
39 39 40 0.0 0.0 0.0 0.0 10.0 0.0 0.0 0.6965174129353233
39 39 41 0.0 0.0 1.0 0.0 17.0 0.0 0.0 0.6937561942517343
39 40 39 0.0 0.0 0.0 0.0 7.0 0.0 0.0 0.6975585450921773
39 40 40 0.0 0.0 33.0 0.0 501.0 9.0 0.0 0.5544554455445544
39 40 41 0.0 0.0 0.0 0.0 11.0 0.0 0.0 0.6965174129353233
39 41 39 0.0 0.0 0.0 0.0 9.0 0.0 0.0 0.6968641114982577
39 41 40 0.0 0.0 0.0 0.0 8.0 0.0 0.0 0.697211155378486
39 41 41 0.0 0.0 0.0 1.0 16.0 0.0 0.0 0.694100148735746
40 39 39 0.0 0.0 0.0 0.0 8.0 0.0 0.0 0.697211155378486
40 39 40 0.0 0.0 0.0 0.0 6.0 0.0 0.0 0.6979062811565303
40 39 41 0.0 0.0 0.0 0.0 4.0 0.0 0.0 0.6986027944111775
40 40 39 0.0 0.0 0.0 0.0 11.0 0.0 0.0 0.6961710591745399
40 40 40 11.0 10.0 346.0 164.0 6781.0 23.0 656.0 0.1506348181622552
40 40 41 0.0 0.0 4.0 0.0 94.0 1.0 0.0 0.6676204101096804
40 41 39 0.0 0.0 0.0 0.0 8.0 0.0 0.0 0.697211155378486
40 41 40 0.0 0.0 0.0 0.0 14.0 0.0 0.0 0.6951340615690167
40 41 41 0.0 0.0 0.0 0.0 16.0 0.0 0.0 0.6944444444444444
41 39 39 0.0 0.0 1.0 0.0 16.0 0.0 0.0 0.694100148735746
41 39 40 0.0 0.0 0.0 0.0 14.0 0.0 0.0 0.6951340615690167
41 39 41 0.0 0.0 0.0 0.0 2.0 0.0 0.0 0.6993006993006992
41 40 39 0.0 0.0 0.0 0.0 9.0 0.0 0.0 0.6968641114982577
41 40 40 0.0 0.0 0.0 0.0 19.0 0.0 0.0 0.6934125804853887
41 40 41 0.0 0.0 13.0 0.0 273.0 3.0 0.0 0.6132282084975909
41 41 39 0.0 0.0 0.0 0.0 4.0 0.0 0.0 0.6986027944111775
41 41 40 0.0 0.0 1.0 0.0 30.0 0.0 0.0 0.6893156080748399
41 41 41 0.0 0.0 0.0 0.0 7.0 0.0 0.0 0.6975585450921773
