33 40 38 0.0 0.0 0.0 0.0 2.0 0.0 0.0 0.6993006993006992
33 41 37 0.0 0.0 0.0 0.0 1.0 0.0 0.0 0.6996501749125437
33 43 39 0.0 0.0 1.0 0.0 13.0 1.0 0.0 0.695479384003974
34 38 36 0.0 0.0 0.0 0.0 1.0 0.0 0.0 0.6996501749125437
34 38 37 0.0 0.0 0.0 0.0 2.0 0.0 0.0 0.6993006993006992
34 38 38 0.0 0.0 1.0 0.0 1.0 0.0 0.0 0.6996501749125437
34 39 38 0.0 0.0 0.0 0.0 8.0 0.0 0.0 0.697211155378486
34 39 39 0.0 0.0 0.0 0.0 17.0 0.0 0.0 0.694100148735746
34 39 40 0.0 0.0 0.0 0.0 4.0 0.0 0.0 0.6986027944111775
34 39 42 0.0 0.0 0.0 0.0 1.0 0.0 0.0 0.6996501749125437
34 40 37 0.0 0.0 0.0 0.0 1.0 0.0 0.0 0.6996501749125437
34 40 38 0.0 0.0 59.0 0.0 1424.0 14.0 9.0 0.40357451715191694
34 40 39 0.0 0.0 5.0 0.0 162.0 1.0 0.0 0.6463527239150507
34 40 40 0.0 0.0 0.0 0.0 24.0 0.0 0.0 0.6916996047430829
34 41 37 0.0 0.0 0.0 0.0 1.0 0.0 0.0 0.6996501749125437
34 41 38 0.0 0.0 0.0 0.0 14.0 0.0 0.0 0.6951340615690167
34 41 39 0.0 0.0 0.0 0.0 22.0 0.0 0.0 0.6923837784371908
34 41 40 0.0 0.0 0.0 0.0 8.0 0.0 0.0 0.697211155378486
34 42 38 0.0 0.0 38.0 0.0 828.0 5.0 2.0 0.4893393918210415
34 42 39 0.0 0.0 74.0 0.0 1226.0 11.0 10.0 0.4256612952265125
34 42 40 0.0 0.0 0.0 0.0 3.0 0.0 0.0 0.6989515726410384
35 36 36 0.0 0.0 0.0 0.0 1.0 0.0 0.0 0.6996501749125437
35 36 38 0.0 0.0 0.0 0.0 2.0 0.0 0.0 0.6993006993006992
35 36 39 0.0 0.0 0.0 0.0 3.0 0.0 0.0 0.6989515726410384
35 36 40 0.0 0.0 4.0 0.0 35.0 0.0 0.0 0.6866110838646394
35 36 41 0.0 0.0 0.0 0.0 7.0 0.0 0.0 0.6975585450921773
35 36 42 0.0 0.0 0.0 0.0 2.0 0.0 0.0 0.6993006993006992
35 37 37 0.0 0.0 0.0 0.0 2.0 0.0 0.0 0.6993006993006992
35 37 38 0.0 0.0 0.0 0.0 6.0 0.0 0.0 0.6979062811565303
35 37 39 0.0 0.0 0.0 0.0 10.0 0.0 0.0 0.6965174129353233
35 37 40 0.0 0.0 0.0 0.0 11.0 0.0 0.0 0.6961710591745399
35 37 41 0.0 0.0 0.0 0.0 12.0 0.0 0.0 0.6958250497017892
35 37 42 0.0 0.0 0.0 0.0 9.0 0.0 0.0 0.6968641114982577
35 38 37 0.0 0.0 30.0 0.0 445.0 5.0 0.0 0.5668016194331983
35 38 38 0.0 0.0 0.0 0.0 34.0 1.0 0.0 0.6886374815543531
35 38 39 0.0 0.0 0.0 0.0 38.0 0.0 0.0 0.6872852233676975
35 38 40 0.0 0.0 0.0 0.0 38.0 0.0 0.0 0.6869479882237487
35 38 41 0.0 0.0 3.0 0.0 82.0 0.0 0.0 0.6714628297362109
35 38 42 0.0 0.0 3.0 0.0 52.0 2.0 0.0 0.6819288845591815
35 38 43 0.0 0.0 1.0 0.0 12.0 0.0 0.0 0.695479384003974
35 39 37 0.0 0.0 6.0 0.0 135.0 0.0 0.0 0.6539000467071461
35 39 38 0.0 0.0 116.0 0.0 2453.0 9.0 41.0 0.30688294607628225
35 39 39 0.0 0.0 18.0 0.0 447.0 7.0 1.0 0.5698005698005697
35 39 40 0.0 0.0 29.0 0.0 634.0 5.0 0.0 0.5267118133935288
35 39 41 0.0 0.0 2.0 0.0 51.0 1.0 0.0 0.68259385665529
35 39 42 0.0 0.0 10.0 0.0 172.0 1.0 0.0 0.6419073819348922
35 39 43 0.0 0.0 2.0 0.0 52.0 1.0 0.0 0.6819288845591815
35 39 44 0.0 0.0 2.0 0.0 33.0 0.0 0.0 0.6879606879606879
35 40 37 0.0 0.0 3.0 0.0 114.0 1.0 0.0 0.6619385342789597
35 40 38 0.0 0.0 84.0 0.0 2106.0 12.0 30.0 0.33516878142207324
35 40 39 0.0 0.0 314.0 0.0 6877.0 16.0 712.0 0.1525885558583106
35 40 40 0.0 0.0 26.0 0.0 500.0 8.0 1.0 0.5559968228752977
35 40 41 0.0 0.0 6.0 0.0 212.0 3.0 0.0 0.6320541760722347
35 40 42 0.0 0.0 16.0 0.0 567.0 5.0 1.0 0.5432673651532789
35 40 43 0.0 0.0 0.0 0.0 36.0 0.0 0.0 0.6876227897838899
35 40 44 0.0 0.0 1.0 0.0 123.0 0.0 0.0 0.6591337099811675
35 41 37 0.0 0.0 0.0 0.0 12.0 0.0 0.0 0.6958250497017892
35 41 38 0.0 0.0 20.0 0.0 455.0 5.0 0.0 0.5668016194331983
35 41 39 0.0 0.0 287.0 0.0 6251.0 21.0 490.0 0.1642806852851443
35 41 40 0.0 0.0 15.0 0.0 267.0 4.0 1.0 0.6145741878841088
35 41 41 0.0 0.0 3.0 0.0 126.0 3.0 0.0 0.6585136406396989
35 41 42 0.0 0.0 1.0 0.0 87.0 0.0 0.0 0.6704980842911876
35 41 43 0.0 0.0 0.0 0.0 53.0 0.0 0.0 0.6819288845591815
35 41 44 0.0 0.0 35.0 0.0 530.0 10.0 2.0 0.547945205479452
35 42 36 0.0 0.0 0.0 0.0 1.0 0.0 0.0 0.6996501749125437
35 42 37 0.0 0.0 0.0 0.0 4.0 0.0 0.0 0.6986027944111775
35 42 38 0.0 0.0 0.0 0.0 33.0 0.0 0.0 0.6886374815543531
35 42 39 0.0 0.0 29.0 0.0 568.0 12.0 0.0 0.541586073500967
35 42 40 0.0 0.0 45.0 0.0 932.0 12.0 2.0 0.47217537942664417
35 42 41 0.0 0.0 17.0 0.0 253.0 2.0 0.0 0.6175562417291574
35 42 42 0.0 0.0 0.0 0.0 56.0 0.0 0.0 0.6809338521400777
35 42 43 0.0 0.0 0.0 0.0 31.0 0.0 0.0 0.689655172413793
35 42 44 0.0 0.0 0.0 0.0 2.0 0.0 0.0 0.6993006993006992
35 43 39 0.0 0.0 0.0 0.0 4.0 0.0 0.0 0.6986027944111775
35 43 40 0.0 0.0 1.0 0.0 16.0 1.0 0.0 0.694789081885856
35 43 41 0.0 0.0 9.0 0.0 106.0 4.0 0.0 0.6631927996210326
35 43 42 0.0 0.0 46.0 0.0 1193.0 9.0 4.0 0.4334365325077399
35 43 43 0.0 0.0 1.0 0.0 33.0 0.0 0.0 0.6882989183874139
35 43 44 0.0 0.0 0.0 0.0 4.0 0.0 0.0 0.6986027944111775
35 44 40 0.0 0.0 0.0 0.0 1.0 0.0 0.0 0.6996501749125437
36 35 38 0.0 0.0 0.0 0.0 13.0 0.0 0.0 0.695479384003974
36 35 39 0.0 0.0 0.0 0.0 6.0 0.0 0.0 0.6979062811565303
36 35 40 0.0 0.0 0.0 0.0 3.0 0.0 0.0 0.6989515726410384
36 35 42 0.0 0.0 0.0 0.0 3.0 0.0 0.0 0.6989515726410384
36 36 36 0.0 0.0 0.0 0.0 5.0 0.0 0.0 0.6982543640897755
36 36 37 0.0 0.0 55.0 0.0 1054.0 14.0 5.0 0.4523424878836833
36 36 38 0.0 0.0 0.0 0.0 40.0 0.0 0.0 0.6862745098039215
36 36 39 0.0 0.0 0.0 0.0 33.0 0.0 0.0 0.6886374815543531
36 36 40 0.0 0.0 2.0 0.0 70.0 1.0 0.0 0.6760019314340897
36 36 41 0.0 0.0 0.0 0.0 35.0 1.0 0.0 0.6882989183874139
36 36 42 0.0 0.0 0.0 0.0 13.0 0.0 0.0 0.695479384003974
36 36 43 0.0 0.0 0.0 0.0 6.0 0.0 0.0 0.6979062811565303
36 37 36 0.0 0.0 0.0 0.0 23.0 0.0 0.0 0.6920415224913494
36 37 37 0.0 0.0 11.0 0.0 228.0 6.0 0.0 0.6269592476489028
36 37 38 0.0 0.0 3.0 0.0 193.0 2.0 0.0 0.6381039197812214
36 37 39 0.0 0.0 143.0 0.0 3553.0 17.0 101.0 0.24647887323943657
36 37 40 0.0 0.0 153.0 0.0 3325.0 19.0 67.0 0.2564102564102564
36 37 41 0.0 0.0 154.0 0.0 3683.0 18.0 122.0 0.2405085036935234
36 37 42 0.0 0.0 1.0 0.0 149.0 1.0 1.0 0.6514657980456026
36 37 43 0.0 0.0 0.0 0.0 17.0 0.0 0.0 0.694100148735746
36 37 44 0.0 0.0 0.0 0.0 1.0 0.0 0.0 0.6996501749125437
36 38 36 0.0 0.0 4.0 0.0 103.0 0.0 0.0 0.6644518272425248
36 38 37 0.0 0.0 1.0 0.0 65.0 0.0 0.0 0.6776379477250725
36 38 38 0.0 0.0 79.0 0.0 1948.0 13.0 30.0 0.34886618489907795
36 38 39 0.0 0.0 152.0 0.0 3551.0 19.0 101.0 0.2463487594580327
36 38 40 0.0 0.0 248.0 0.0 5368.0 24.0 299.0 0.18430753027909422
36 38 41 0.0 0.0 84.0 0.0 2163.0 12.0 33.0 0.33042246872787345
36 38 42 0.0 0.0 43.0 0.0 1198.0 12.0 9.0 0.4334365325077399
36 38 43 0.0 0.0 2.0 0.0 132.0 1.0 0.0 0.6563525550867322
36 38 44 0.0 0.0 0.0 0.0 33.0 0.0 0.0 0.6886374815543531
36 39 36 0.0 0.0 0.0 0.0 17.0 0.0 0.0 0.694100148735746
36 39 37 0.0 0.0 44.0 0.0 1117.0 9.0 8.0 0.44416243654822324
36 39 38 0.0 0.0 326.0 0.0 7192.0 17.0 800.0 0.14724442574673957
36 39 39 0.0 0.0 333.0 0.0 6888.0 11.0 717.0 0.15187676285528312
36 39 40 0.0 0.0 201.0 0.0 5166.0 26.0 335.0 0.19060585432266847
36 39 41 0.0 0.0 45.0 0.0 1133.0 5.0 6.0 0.441222817522849
36 39 42 0.0 0.0 421.0 0.0 8278.0 18.0 1131.0 0.1309880239520958
36 39 43 0.0 0.0 24.0 0.0 546.0 6.0 1.0 0.5460218408736348
36 39 44 0.0 0.0 8.0 0.0 140.0 1.0 0.0 0.6520726595249184
36 40 36 0.0 0.0 0.0 0.0 4.0 0.0 0.0 0.6986027944111775
36 40 37 0.0 0.0 14.0 0.0 413.0 3.0 0.0 0.5775577557755774
36 40 38 0.0 0.0 233.0 0.0 5579.0 17.0 352.0 0.1795332136445242
36 40 39 0.0 0.0 494.0 0.0 10051.0 29.0 2645.0 0.11174076143347433
36 40 40 0.0 0.0 323.0 0.0 6639.0 20.0 506.0 0.15652951699463324
36 40 41 0.0 0.0 143.0 0.0 3721.0 19.0 113.0 0.23939808481532146
36 40 42 0.0 0.0 36.0 0.0 1295.0 10.0 10.0 0.4216867469879517
36 40 43 0.0 0.0 200.0 0.0 4915.0 23.0 286.0 0.19726645061293502
36 40 44 0.0 0.0 3.0 0.0 100.0 0.0 0.0 0.6657156443176413
36 40 45 0.0 0.0 0.0 0.0 6.0 0.0 0.0 0.6979062811565303
36 41 36 0.0 0.0 0.0 0.0 1.0 0.0 0.0 0.6996501749125437
36 41 37 0.0 0.0 17.0 0.0 707.0 5.0 2.0 0.5150846210448858
36 41 38 0.0 0.0 267.0 0.0 5781.0 25.0 396.0 0.17438963627304432
36 41 39 0.0 0.0 349.0 0.0 8072.0 21.0 1244.0 0.1345895020188425
36 41 40 0.0 0.0 185.0 0.0 4617.0 12.0 217.0 0.20603384841795436
36 41 41 0.0 0.0 495.0 0.0 9449.0 21.0 1824.0 0.11738073279114612
36 41 42 0.0 0.0 452.0 0.0 9138.0 21.0 1603.0 0.12090854132481213
36 41 43 0.0 0.0 107.0 0.0 2798.0 15.0 60.0 0.28612303290414876
36 41 44 0.0 0.0 1.0 0.0 70.0 0.0 0.0 0.6760019314340897
36 42 37 0.0 0.0 0.0 0.0 66.0 0.0 0.0 0.6776379477250725
36 42 38 0.0 0.0 3.0 0.0 247.0 2.0 0.0 0.6230529595015576
36 42 39 0.0 0.0 102.0 0.0 2709.0 13.0 39.0 0.2918490723368772
36 42 40 0.0 0.0 129.0 0.0 3355.0 11.0 85.0 0.25580120591997074
36 42 41 0.0 0.0 194.0 0.0 4066.0 22.0 141.0 0.2243230251562249
36 42 42 0.0 0.0 411.0 0.0 7966.0 24.0 987.0 0.13501784164335998
36 42 43 0.0 0.0 106.0 0.0 2231.0 18.0 36.0 0.3241491085899513
36 42 44 0.0 0.0 3.0 0.0 169.0 2.0 0.0 0.6451612903225805
36 43 37 0.0 0.0 0.0 0.0 19.0 0.0 0.0 0.6934125804853887
36 43 38 0.0 0.0 0.0 0.0 68.0 0.0 0.0 0.6769825918762088
36 43 39 0.0 0.0 69.0 0.0 1641.0 4.0 19.0 0.3778677462887988
36 43 40 0.0 0.0 75.0 0.0 1784.0 7.0 26.0 0.3635419371591794
36 43 41 0.0 0.0 14.0 0.0 493.0 3.0 1.0 0.5593288054334797
36 43 42 0.0 0.0 15.0 0.0 339.0 2.0 3.0 0.5952380952380951
36 43 43 0.0 0.0 8.0 0.0 185.0 1.0 0.0 0.6386861313868613
36 43 44 0.0 0.0 8.0 0.0 207.0 2.0 0.0 0.632625395390872
36 43 45 0.0 0.0 0.0 0.0 1.0 0.0 0.0 0.6996501749125437
36 44 37 0.0 0.0 0.0 0.0 1.0 0.0 0.0 0.6996501749125437
36 44 38 0.0 0.0 7.0 0.0 109.0 1.0 0.0 0.6619385342789597
36 44 39 0.0 0.0 1.0 0.0 25.0 0.0 0.0 0.6910167818361302
36 44 40 0.0 0.0 0.0 0.0 29.0 0.0 0.0 0.6899950714637751
36 44 41 0.0 0.0 25.0 0.0 505.0 5.0 2.0 0.5544554455445544
36 44 42 0.0 0.0 0.0 0.0 16.0 0.0 0.0 0.6944444444444444
36 44 43 0.0 0.0 0.0 0.0 2.0 0.0 0.0 0.6996501749125437
36 44 44 0.0 0.0 0.0 0.0 1.0 0.0 0.0 0.6996501749125437
36 45 38 0.0 0.0 0.0 0.0 2.0 0.0 0.0 0.6993006993006992
36 45 39 0.0 0.0 2.0 0.0 46.0 0.0 0.0 0.6835937499999999
36 45 40 0.0 0.0 0.0 0.0 3.0 0.0 0.0 0.6989515726410384
37 35 38 0.0 0.0 0.0 0.0 8.0 0.0 0.0 0.697211155378486
37 35 39 0.0 0.0 0.0 0.0 15.0 0.0 0.0 0.694789081885856
37 35 40 0.0 0.0 0.0 0.0 8.0 0.0 0.0 0.697211155378486
37 35 41 0.0 0.0 0.0 0.0 2.0 0.0 0.0 0.6993006993006992
37 36 36 0.0 0.0 0.0 0.0 17.0 0.0 0.0 0.694100148735746
37 36 37 0.0 0.0 0.0 0.0 31.0 0.0 0.0 0.6893156080748399
37 36 38 0.0 0.0 13.0 0.0 296.0 1.0 1.0 0.606585788561525
37 36 39 0.0 0.0 233.0 0.0 5212.0 19.0 283.0 0.1883999461714439
37 36 40 0.0 0.0 52.0 0.0 1210.0 13.0 3.0 0.43090181594336713
37 36 41 0.0 0.0 51.0 0.0 1572.0 10.0 13.0 0.3874896208137282
37 36 42 0.0 0.0 4.0 0.0 54.0 0.0 0.0 0.6802721088435373
37 36 43 0.0 0.0 0.0 0.0 14.0 0.0 0.0 0.6951340615690167
37 37 36 0.0 0.0 0.0 0.0 32.0 0.0 0.0 0.6889763779527558
37 37 37 0.0 0.0 307.0 0.0 6783.0 18.0 603.0 0.1542529748788012
37 37 38 0.0 0.0 315.0 0.0 6544.0 20.0 548.0 0.15835312747426758
37 37 39 0.0 0.0 160.0 0.0 3667.0 18.0 107.0 0.24083949767761909
37 37 40 0.0 0.0 524.0 0.0 10002.0 23.0 2293.0 0.11188364101334611
37 37 41 0.0 0.0 146.0 0.0 3823.0 12.0 138.0 0.23505708529214234
37 37 42 0.0 0.0 319.0 0.0 7100.0 26.0 668.0 0.1489995742869306
37 37 43 0.0 0.0 3.0 0.0 193.0 0.0 0.0 0.6375227686703095
37 37 44 0.0 0.0 0.0 0.0 6.0 0.0 0.0 0.6979062811565303
37 38 35 0.0 0.0 0.0 0.0 1.0 0.0 0.0 0.6996501749125437
37 38 36 0.0 0.0 1.0 0.0 62.0 1.0 0.0 0.6789524733268669
37 38 37 0.0 0.0 127.0 0.0 3189.0 20.0 84.0 0.2643504531722054
37 38 38 0.0 0.0 366.0 0.0 7876.0 9.0 1041.0 0.1367321027444086
37 38 39 0.0 0.0 863.0 0.0 12296.0 30.0 7837.0 0.09246417013407304
37 38 40 0.0 0.0 753.0 0.0 12026.0 18.0 5219.0 0.09474824038982133
37 38 41 0.0 0.0 1007.0 0.0 13037.0 22.0 9827.0 0.08725459644749142
37 38 42 0.0 0.0 297.0 0.0 6724.0 26.0 667.0 0.15559013114025336
37 38 43 0.0 0.0 17.0 0.0 563.0 5.0 2.0 0.5436893203883495
37 38 44 0.0 0.0 4.0 0.0 122.0 1.0 0.0 0.6588235294117646
37 38 45 0.0 0.0 0.0 0.0 2.0 0.0 0.0 0.6993006993006992
37 39 34 0.0 0.0 0.0 0.0 1.0 0.0 0.0 0.6996501749125437
37 39 36 0.0 0.0 37.0 0.0 756.0 10.0 2.0 0.5030542579949694
37 39 37 0.0 0.0 191.0 0.0 4563.0 11.0 206.0 0.20749962946494735
37 39 38 0.0 0.0 360.0 0.0 8029.0 19.0 1169.0 0.13501784164335998
37 39 39 0.0 0.0 578.0 0.0 10672.0 26.0 3197.0 0.10578812150521384
37 39 40 0.0 0.0 628.0 0.0 11187.0 21.0 3708.0 0.10139784167451292
37 39 41 0.0 0.0 452.0 0.0 9006.0 25.0 1390.0 0.1223883206574001
37 39 42 0.0 0.0 309.0 0.0 7133.0 31.0 738.0 0.14871468026343743
37 39 43 0.0 0.0 542.0 0.0 9542.0 26.0 1842.0 0.11599005799502898
37 39 44 0.0 0.0 12.0 0.0 267.0 1.0 1.0 0.6145741878841088
37 39 45 0.0 0.0 0.0 0.0 10.0 0.0 0.0 0.6965174129353233
37 40 35 0.0 0.0 0.0 0.0 1.0 0.0 0.0 0.6996501749125437
37 40 36 0.0 0.0 7.0 0.0 173.0 2.0 0.0 0.6427915518824608
37 40 37 0.0 0.0 93.0 0.0 1983.0 14.0 30.0 0.3445729756337681
37 40 38 0.0 0.0 446.0 0.0 9065.0 27.0 1693.0 0.12185568804943858
37 40 39 0.0 0.0 1159.0 0.0 13304.0 31.0 12637.0 0.08509086488786238
37 40 40 0.0 0.0 706.0 0.0 11772.0 18.0 5245.0 0.09664503658704955
37 40 41 0.0 0.0 662.0 0.0 11184.0 29.0 4112.0 0.10116337885685381
37 40 42 0.0 0.0 549.0 0.0 10450.0 17.0 2922.0 0.10775862068965517
37 40 43 0.0 0.0 278.0 0.0 6896.0 15.0 738.0 0.15280506439641997
37 40 44 0.0 0.0 213.0 0.0 4665.0 27.0 194.0 0.2043199065966141
37 40 45 0.0 0.0 0.0 0.0 12.0 0.0 0.0 0.6958250497017892
37 41 35 0.0 0.0 0.0 0.0 1.0 0.0 0.0 0.6996501749125437
37 41 36 0.0 0.0 0.0 0.0 22.0 0.0 0.0 0.6927263730826323
37 41 37 0.0 0.0 59.0 0.0 1629.0 6.0 12.0 0.3802281368821292
37 41 38 0.0 0.0 533.0 0.0 10270.0 35.0 2706.0 0.10955473824242896
37 41 39 0.0 0.0 785.0 0.0 12153.0 24.0 5476.0 0.09371443871745096
37 41 40 0.0 0.0 716.0 0.0 11937.0 26.0 4999.0 0.09559576647319903
37 41 41 0.0 0.0 826.0 1.0 12581.0 19.0 6744.0 0.09084420219323859
37 41 42 0.0 0.0 1092.0 0.0 12964.0 45.0 12089.0 0.08724915866882711
37 41 43 0.0 0.0 198.0 0.0 4531.0 8.0 183.0 0.20827134781315082
37 41 44 0.0 0.0 3.0 0.0 137.0 1.0 0.0 0.6548175865294666
37 41 45 0.0 0.0 2.0 0.0 25.0 0.0 0.0 0.6906758756783422
37 42 35 0.0 0.0 0.0 0.0 1.0 0.0 0.0 0.6996501749125437
37 42 36 0.0 0.0 0.0 0.0 6.0 0.0 0.0 0.6979062811565303
37 42 37 0.0 0.0 64.0 0.0 1438.0 6.0 7.0 0.4004576659038901
37 42 38 0.0 0.0 444.0 0.0 8895.0 27.0 1558.0 0.12365306482953539
37 42 39 0.0 0.0 487.0 0.0 9286.0 26.0 1884.0 0.11900714042842568
37 42 40 0.0 0.0 611.0 0.0 11017.0 20.0 3999.0 0.1027824682475589
37 42 41 0.0 0.0 335.0 0.0 7530.0 16.0 889.0 0.1420887039480361
37 42 42 0.0 0.0 411.0 0.0 8750.0 24.0 1550.0 0.1256394148792964
37 42 43 0.0 0.0 481.0 0.0 9527.0 21.0 2144.0 0.11669584062682337
37 42 44 0.0 0.0 87.0 0.0 2103.0 14.0 38.0 0.33516878142207324
37 42 45 0.0 0.0 0.0 0.0 7.0 0.0 0.0 0.6975585450921773
37 43 36 0.0 0.0 0.0 0.0 2.0 0.0 0.0 0.6993006993006992
37 43 37 0.0 0.0 2.0 0.0 54.0 0.0 0.0 0.6812652068126519
37 43 38 0.0 0.0 180.0 0.0 3956.0 17.0 127.0 0.22883295194508008
37 43 39 0.0 0.0 293.0 0.0 5779.0 18.0 403.0 0.173697270471464
37 43 40 0.0 0.0 214.0 0.0 4589.0 17.0 183.0 0.2063375092114959
37 43 41 0.0 0.0 490.0 0.0 9813.0 18.0 2221.0 0.11384890623729363
37 43 42 0.0 0.0 90.0 0.0 2243.0 15.0 32.0 0.32392410920869963
37 43 43 0.0 0.0 134.0 0.0 2787.0 18.0 56.0 0.2855394656332857
37 43 44 0.0 0.0 0.0 0.0 39.0 0.0 0.0 0.6866110838646394
37 43 45 0.0 0.0 0.0 0.0 7.0 0.0 0.0 0.6975585450921773
37 44 37 0.0 0.0 0.0 0.0 2.0 0.0 0.0 0.6993006993006992
37 44 38 0.0 0.0 0.0 0.0 57.0 0.0 0.0 0.6806028196402526
37 44 39 0.0 0.0 219.0 0.0 4793.0 12.0 223.0 0.19997143265247821
37 44 40 0.0 0.0 3.0 0.0 216.0 1.0 0.0 0.6311992786293958
37 44 41 0.0 0.0 20.0 0.0 325.0 7.0 0.0 0.5990586221651689
37 44 42 0.0 0.0 2.0 0.0 47.0 2.0 0.0 0.6842619745845552
37 44 43 0.0 0.0 1.0 0.0 9.0 0.0 0.0 0.6965174129353233
37 44 44 0.0 0.0 0.0 0.0 2.0 0.0 0.0 0.6993006993006992
37 44 45 0.0 0.0 1.0 0.0 6.0 0.0 0.0 0.6975585450921773
37 45 38 0.0 0.0 0.0 0.0 3.0 0.0 0.0 0.6989515726410384
37 45 39 0.0 0.0 1.0 0.0 13.0 1.0 0.0 0.695479384003974
37 45 40 0.0 0.0 1.0 0.0 13.0 1.0 0.0 0.695479384003974
37 45 41 0.0 0.0 0.0 0.0 9.0 0.0 0.0 0.6968641114982577
38 35 37 0.0 0.0 0.0 0.0 1.0 0.0 0.0 0.6996501749125437
38 35 38 0.0 0.0 0.0 0.0 6.0 0.0 0.0 0.6979062811565303
38 35 39 0.0 0.0 2.0 0.0 74.0 0.0 0.0 0.6743737957610789
38 35 40 0.0 0.0 1.0 0.0 60.0 0.0 0.0 0.6792819019893255
38 35 41 0.0 0.0 0.0 0.0 15.0 0.0 0.0 0.694789081885856
38 35 42 0.0 0.0 0.0 0.0 1.0 0.0 0.0 0.6996501749125437
38 36 35 0.0 0.0 0.0 0.0 3.0 0.0 0.0 0.6989515726410384
38 36 36 0.0 0.0 2.0 0.0 55.0 0.0 0.0 0.6806028196402526
38 36 37 0.0 0.0 46.0 0.0 1003.0 9.0 3.0 0.46067785455742016
38 36 38 0.0 0.0 2.0 0.0 260.0 0.0 1.0 0.6191950464396283
38 36 39 0.0 0.0 38.0 0.0 1030.0 8.0 4.0 0.4575163398692809
38 36 40 0.0 0.0 131.0 0.0 3156.0 20.0 66.0 0.26585643752373717
38 36 41 0.0 0.0 114.0 0.0 2726.0 23.0 53.0 0.2906976744186046
38 36 42 0.0 0.0 5.0 0.0 174.0 2.0 0.0 0.6430868167202571
38 36 43 0.0 0.0 0.0 0.0 21.0 0.0 0.0 0.6927263730826323
38 36 44 0.0 0.0 1.0 0.0 15.0 0.0 0.0 0.694789081885856
38 37 34 0.0 0.0 0.0 0.0 1.0 0.0 0.0 0.6996501749125437
38 37 35 0.0 0.0 0.0 0.0 14.0 0.0 0.0 0.6951340615690167
38 37 36 0.0 0.0 15.0 0.0 313.0 5.0 1.0 0.6026689625484287
38 37 37 0.0 0.0 162.0 0.0 4140.0 19.0 157.0 0.2227880330999363
38 37 38 0.0 0.0 268.0 0.0 6434.0 28.0 514.0 0.16129032258064513
38 37 39 0.0 0.0 637.0 0.0 11104.0 21.0 3703.0 0.1019367991845056
38 37 40 0.0 0.0 391.0 0.0 7974.0 25.0 1064.0 0.13533107781536974
38 37 41 0.0 0.0 413.0 0.0 8285.0 23.0 1215.0 0.13106159895150718
38 37 42 0.0 0.0 196.0 0.0 4561.0 19.0 203.0 0.20768431983385252
38 37 43 0.0 0.0 109.0 0.0 2377.0 10.0 36.0 0.31277926720285965
38 37 44 0.0 0.0 14.0 0.0 371.0 4.0 1.0 0.5879882402351952
38 37 45 0.0 0.0 1.0 0.0 11.0 0.0 0.0 0.6958250497017892
38 38 34 0.0 0.0 0.0 0.0 2.0 0.0 0.0 0.6993006993006992
38 38 35 0.0 0.0 0.0 0.0 24.0 0.0 0.0 0.6916996047430829
38 38 36 0.0 0.0 49.0 0.0 1189.0 10.0 6.0 0.4338394793926247
38 38 37 0.0 0.0 261.0 0.0 5491.0 25.0 312.0 0.18115942028985507
38 38 38 0.0 0.0 1030.0 0.0 12937.0 31.0 10843.0 0.08759854836691276
38 38 39 0.0 0.0 959.0 0.0 12995.0 38.0 8447.0 0.08779631255487269
38 38 40 0.0 0.0 694.0 0.0 11787.0 21.0 4497.0 0.09670511846377011
38 38 41 0.0 0.0 1041.0 0.0 13135.0 35.0 11028.0 0.0865533230293663
38 38 42 0.0 0.0 662.0 0.0 11313.0 30.0 3941.0 0.10026498603451979
38 38 43 0.0 0.0 297.0 0.0 6595.0 28.0 585.0 0.15788880117288823
38 38 44 0.0 0.0 20.0 0.0 406.0 4.0 0.0 0.5780346820809247
38 38 45 0.0 0.0 0.0 0.0 9.0 0.0 0.0 0.6968641114982577
38 39 34 0.0 0.0 0.0 0.0 1.0 0.0 0.0 0.6996501749125437
38 39 35 0.0 0.0 8.0 0.0 161.0 3.0 0.0 0.6463527239150507
38 39 36 0.0 0.0 70.0 0.0 1816.0 12.0 13.0 0.3614768912987348
38 39 37 0.0 0.0 489.0 0.0 9712.0 19.0 2029.0 0.11479173499508034
38 39 38 0.0 0.0 766.0 0.0 11832.0 26.0 4464.0 0.09592983417842949
38 39 39 0.0 0.0 1611.0 0.0 12440.0 44.0 26067.0 0.08717852917367207
38 39 40 0.0 0.0 1843.0 0.0 12509.0 50.0 29521.0 0.08560596795890912
38 39 41 0.0 0.0 864.0 0.0 12618.0 35.0 7998.0 0.09044511919374636
38 39 42 0.0 0.0 628.0 0.0 10963.0 32.0 3203.0 0.10317635787456701
38 39 43 0.0 0.0 240.0 1.0 5757.0 20.0 362.0 0.17539463793535454
38 39 44 0.0 0.0 193.0 0.0 4186.0 14.0 152.0 0.21988377571854872
38 39 45 0.0 0.0 0.0 0.0 18.0 0.0 0.0 0.6937561942517343
38 40 35 0.0 0.0 49.0 0.0 961.0 8.0 3.0 0.4663557628247834
38 40 36 0.0 0.0 85.0 0.0 1871.0 11.0 19.0 0.3548795944233206
38 40 37 0.0 0.0 224.0 0.0 5976.0 23.0 524.0 0.17119100024455855
38 40 38 0.0 0.0 835.0 0.0 12406.0 27.0 5917.0 0.09192383453709783
38 40 39 0.0 0.0 1583.0 2.0 13240.0 30.0 21193.0 0.083184789067142
38 40 40 0.0 1.0 1426.0 1.0 13135.0 51.0 20421.0 0.08456148828219376
38 40 41 0.0 0.0 1474.0 2.0 13306.0 34.0 19685.0 0.08337800011911142
38 40 42 0.0 0.0 1004.0 0.0 13315.0 26.0 8636.0 0.0857685474483857
38 40 43 0.0 0.0 388.0 0.0 8125.0 16.0 1168.0 0.13328255902513328
38 40 44 0.0 0.0 16.0 0.0 567.0 5.0 1.0 0.5432673651532789
38 40 45 0.0 0.0 0.0 0.0 32.0 0.0 0.0 0.6889763779527558
38 41 35 0.0 0.0 5.0 0.0 122.0 3.0 0.0 0.6591337099811675
38 41 36 0.0 0.0 33.0 0.0 885.0 4.0 5.0 0.4804392587508579
38 41 37 0.0 0.0 246.0 0.0 6136.0 14.0 537.0 0.16724405686297933
38 41 38 0.0 0.0 511.0 7.0 9617.0 28.0 2002.0 0.11550202128537249
38 41 39 0.0 0.0 1296.0 0.0 13355.0 36.0 16000.0 0.08406388855530202
38 41 40 0.0 0.0 1779.0 0.0 12366.0 58.0 29871.0 0.08683247534577931
38 41 41 0.0 0.0 1264.0 2.0 13685.0 35.0 14120.0 0.08256664307619721
38 41 42 0.0 0.0 918.0 0.0 12823.0 35.0 7186.0 0.08902454533892916
38 41 43 0.0 0.0 320.0 0.0 7240.0 17.0 903.0 0.14664292447889385
38 41 44 0.0 0.0 101.0 0.0 2595.0 13.0 43.0 0.2989536621823617
38 41 45 0.0 0.0 6.0 0.0 73.0 2.0 0.0 0.6740491092922483
38 42 35 0.0 0.0 0.0 0.0 6.0 0.0 0.0 0.6979062811565303
38 42 36 0.0 0.0 28.0 0.0 721.0 8.0 2.0 0.5107624954396205
38 42 37 0.0 0.0 47.0 0.0 1243.0 8.0 10.0 0.4264392324093816
38 42 38 0.0 0.0 340.0 3.0 7793.0 21.0 1132.0 0.13824429742273128
38 42 39 0.0 0.0 1063.0 0.0 13225.0 28.0 10577.0 0.08595812611285072
38 42 40 0.0 0.0 1224.0 1.0 13140.0 29.0 14914.0 0.08549618320610686
38 42 41 0.0 0.0 1057.0 2.0 13192.0 35.0 10407.0 0.08619097457366248
38 42 42 0.0 0.0 396.0 2.0 7919.0 18.0 940.0 0.13593552772113796
38 42 43 0.0 0.0 335.0 0.0 6736.0 22.0 633.0 0.15461071231363888
38 42 44 0.0 0.0 93.0 0.0 2475.0 12.0 47.0 0.3072870939420544
38 42 45 0.0 0.0 3.0 0.0 114.0 0.0 0.0 0.6613131790269249
38 43 36 0.0 0.0 0.0 0.0 51.0 1.0 0.0 0.6829268292682925
38 43 37 0.0 0.0 30.0 0.0 642.0 7.0 3.0 0.5253283302063789
38 43 38 0.0 0.0 104.0 0.0 2571.0 11.0 35.0 0.3001715265866209
38 43 39 0.0 0.0 681.0 0.0 11354.0 26.0 4737.0 0.09984310369419482
38 43 40 0.0 0.0 452.0 1.0 9186.0 18.0 1836.0 0.12039903680770551
38 43 41 0.0 0.0 287.0 0.0 6218.0 18.0 463.0 0.16478342749529187
38 43 42 0.0 0.0 211.0 0.0 4750.0 18.0 207.0 0.2014968336211859
38 43 43 0.0 0.0 64.0 0.0 1371.0 12.0 16.0 0.40899795501022485
38 43 44 0.0 0.0 192.0 0.0 4304.0 14.0 173.0 0.21598272138228936
38 43 45 0.0 0.0 0.0 0.0 9.0 0.0 0.0 0.6968641114982577
38 44 36 0.0 0.0 2.0 0.0 33.0 1.0 0.0 0.6882989183874139
38 44 37 0.0 0.0 8.0 0.0 154.0 3.0 0.0 0.6484483557202407
38 44 38 0.0 0.0 13.0 0.0 319.0 5.0 1.0 0.6016330038676406
38 44 39 0.0 0.0 13.0 0.0 491.0 3.0 0.0 0.5597760895641744
38 44 40 0.0 0.0 241.0 0.0 4940.0 21.0 250.0 0.19544883428730978
38 44 41 0.0 0.0 8.0 0.0 214.0 5.0 0.0 0.6317689530685919
38 44 42 0.0 0.0 42.0 0.0 990.0 7.0 8.0 0.4629629629629629
38 44 43 0.0 0.0 0.0 0.0 15.0 0.0 0.0 0.694789081885856
38 44 44 0.0 0.0 0.0 0.0 8.0 0.0 0.0 0.697211155378486
38 44 45 0.0 0.0 0.0 0.0 1.0 0.0 0.0 0.6996501749125437
38 45 37 0.0 0.0 0.0 0.0 2.0 0.0 0.0 0.6993006993006992
38 45 38 0.0 0.0 0.0 0.0 1.0 0.0 0.0 0.6996501749125437
38 45 39 0.0 0.0 1.0 0.0 30.0 1.0 0.0 0.689655172413793
38 45 40 0.0 0.0 0.0 0.0 11.0 0.0 0.0 0.6961710591745399
38 45 41 0.0 0.0 0.0 0.0 1.0 0.0 0.0 0.6996501749125437
38 45 42 0.0 0.0 0.0 0.0 2.0 0.0 0.0 0.6993006993006992
38 45 43 0.0 0.0 0.0 0.0 1.0 0.0 0.0 0.6996501749125437
39 35 35 0.0 0.0 0.0 0.0 2.0 0.0 0.0 0.6993006993006992
39 35 36 0.0 0.0 0.0 0.0 3.0 0.0 0.0 0.6989515726410384
39 35 37 0.0 0.0 0.0 0.0 4.0 0.0 0.0 0.6986027944111775
39 35 38 0.0 0.0 0.0 0.0 18.0 0.0 0.0 0.6937561942517343
39 35 39 0.0 0.0 7.0 0.0 176.0 2.0 0.0 0.6419073819348922
39 35 40 0.0 0.0 0.0 0.0 36.0 0.0 0.0 0.6876227897838899
39 35 41 0.0 0.0 9.0 0.0 223.0 4.0 0.0 0.6283662477558347
39 36 35 0.0 0.0 0.0 0.0 25.0 0.0 0.0 0.6913580246913579
39 36 36 0.0 0.0 47.0 0.0 894.0 11.0 2.0 0.47814207650273216
39 36 37 0.0 0.0 14.0 0.0 404.0 3.0 0.0 0.5794701986754967
39 36 38 0.0 0.0 95.0 0.0 2222.0 14.0 28.0 0.3253544039042528
39 36 39 0.0 0.0 81.0 0.0 2412.0 9.0 46.0 0.3122908766451037
39 36 40 0.0 0.0 343.0 0.0 7636.0 21.0 985.0 0.14046352964783784
39 36 41 0.0 0.0 83.0 0.0 2260.0 18.0 40.0 0.32369942196531787
39 36 42 0.0 0.0 33.0 0.0 1282.0 7.0 9.0 0.4232164449818621
39 36 43 0.0 0.0 0.0 0.0 36.0 0.0 0.0 0.6876227897838899
39 36 44 0.0 0.0 0.0 0.0 25.0 0.0 0.0 0.6913580246913579
39 37 35 0.0 0.0 17.0 0.0 220.0 3.0 0.0 0.6266786034019695
39 37 36 0.0 0.0 198.0 0.0 4481.0 18.0 173.0 0.21017865185407594
39 37 37 0.0 0.0 372.0 0.0 8259.0 21.0 1331.0 0.13181433010074378
39 37 38 0.0 0.0 462.0 0.0 9368.0 24.0 1862.0 0.11852353538774127
39 37 39 0.0 0.0 467.0 0.0 9491.0 19.0 2037.0 0.11715481171548116
39 37 40 0.0 0.0 905.0 0.0 12794.0 30.0 7591.0 0.08919469928644239
39 37 41 0.0 0.0 818.0 0.0 12289.0 29.0 6110.0 0.09270909211310509
39 37 42 0.0 0.0 243.0 0.0 5308.0 24.0 292.0 0.185898287080069
39 37 43 0.0 0.0 321.0 0.0 6508.0 17.0 587.0 0.1588021778584392
39 37 44 0.0 0.0 9.0 0.0 174.0 3.0 0.0 0.6422018348623851
39 37 45 0.0 0.0 0.0 0.0 5.0 0.0 0.0 0.6982543640897755
39 38 34 0.0 0.0 0.0 0.0 1.0 0.0 0.0 0.6996501749125437
39 38 35 0.0 0.0 64.0 0.0 1642.0 15.0 11.0 0.37930100243836357
39 38 36 0.0 0.0 297.0 0.0 6287.0 19.0 535.0 0.1633986928104575
39 38 37 0.0 0.0 612.0 0.0 11126.0 31.0 4457.0 0.10199621156928455
39 38 38 0.0 0.0 890.0 0.0 12807.0 28.0 7938.0 0.08922880815806246
39 38 39 0.0 0.0 959.0 0.0 13017.0 26.0 9194.0 0.08763693270735524
39 38 40 0.0 0.0 1654.0 0.0 13278.0 41.0 22623.0 0.08269832831236339
39 38 41 0.0 0.0 741.0 0.0 11981.0 37.0 5141.0 0.09520571234274056
39 38 42 0.0 0.0 886.0 0.0 12603.0 32.0 7027.0 0.09048603929679419
39 38 43 0.0 0.0 265.0 0.0 6166.0 25.0 484.0 0.16650808753568028
39 38 44 0.0 0.0 196.0 0.0 4542.0 22.0 216.0 0.20836433993153738
39 38 45 0.0 0.0 0.0 0.0 10.0 0.0 0.0 0.6965174129353233
39 39 34 0.0 0.0 0.0 0.0 2.0 0.0 0.0 0.6993006993006992
39 39 35 0.0 0.0 63.0 0.0 1504.0 15.0 17.0 0.39414414414414406
39 39 36 0.0 0.0 447.0 0.0 8840.0 28.0 1615.0 0.12425667879648529
39 39 37 0.0 0.0 632.0 0.0 10976.0 24.0 3684.0 0.10303208713570797
39 39 38 0.0 0.0 1309.0 0.0 13556.0 41.0 15998.0 0.0830515512843329
39 39 39 2.0 1.0 1907.0 16.0 12250.0 48.0 33100.0 0.08654262224145391
39 39 40 0.0 4.0 2122.0 31.0 12836.0 57.0 32173.0 0.08233841086867023
39 39 41 0.0 4.0 2185.0 26.0 11749.0 66.0 38851.0 0.08766986035443672
39 39 42 0.0 0.0 934.0 4.0 12880.0 25.0 7191.0 0.08852355358836546
39 39 43 0.0 0.0 381.0 0.0 7825.0 17.0 1064.0 0.13730874852883482
39 39 44 0.0 0.0 73.0 0.0 1997.0 15.0 28.0 0.345252774352651
39 39 45 0.0 0.0 0.0 0.0 18.0 0.0 0.0 0.6937561942517343
39 40 34 0.0 0.0 0.0 0.0 3.0 0.0 0.0 0.6989515726410384
39 40 35 0.0 0.0 12.0 0.0 320.0 3.0 1.0 0.6013745704467354
39 40 36 0.0 0.0 361.0 0.0 7615.0 17.0 881.0 0.1405763630886635
39 40 37 0.0 0.0 866.0 0.0 12596.0 34.0 6490.0 0.09060315816722753
39 40 38 0.0 1.0 1386.0 5.0 13499.0 40.0 16680.0 0.08286475288546906
39 40 39 0.0 0.0 2153.0 4.0 12697.0 57.0 34376.0 0.08307126327656796
39 40 40 0.0 8.0 2782.0 46.0 9896.0 64.0 60046.0 0.09505058048747368
39 40 41 0.0 8.0 1874.0 75.0 13501.0 44.0 25069.0 0.08014655369819096
39 40 42 0.0 5.0 740.0 88.0 12117.0 32.0 5461.0 0.09373326191751472
39 40 43 0.0 0.0 678.0 0.0 11701.0 25.0 5031.0 0.0974319716055397
39 40 44 0.0 0.0 299.0 0.0 6951.0 11.0 724.0 0.1514823631248647
39 40 45 0.0 0.0 0.0 0.0 26.0 0.0 0.0 0.6910167818361302
39 41 35 0.0 0.0 6.0 0.0 180.0 3.0 2.0 0.6413192853870818
39 41 36 0.0 0.0 179.0 0.0 4366.0 17.0 189.0 0.21436227224008572
39 41 37 0.0 0.0 458.0 0.0 9720.0 17.0 2263.0 0.11499917857729586
39 41 38 0.0 0.0 508.0 0.0 9960.0 18.0 2400.0 0.11230547088079576
39 41 39 0.0 0.0 1554.0 23.0 13358.0 39.0 21610.0 0.08264950705472578
39 41 40 1.0 5.0 2263.0 45.0 11656.0 50.0 39862.0 0.08761499468051817
39 41 41 0.0 2.0 1717.0 55.0 13422.0 46.0 23061.0 0.08142848833827719
39 41 42 0.0 4.0 1048.0 51.0 12852.0 28.0 11932.0 0.08776328986960882
39 41 43 0.0 0.0 945.0 1.0 12800.0 44.0 7551.0 0.08904719501335706
39 41 44 0.0 0.0 83.0 0.0 2295.0 11.0 25.0 0.3205128205128205
39 41 45 0.0 0.0 0.0 0.0 27.0 0.0 0.0 0.6906758756783422
39 42 35 0.0 0.0 2.0 0.0 29.0 0.0 0.0 0.6893156080748399
39 42 36 0.0 0.0 30.0 0.0 689.0 9.0 1.0 0.5166051660516604
39 42 37 0.0 0.0 657.0 0.0 11103.0 22.0 4072.0 0.10180337405468294
39 42 38 0.0 0.0 428.0 0.0 9021.0 23.0 1703.0 0.1223990208078335
39 42 39 0.0 9.0 633.0 64.0 10848.0 23.0 3027.0 0.10338970533933976
39 42 40 0.0 2.0 1122.0 61.0 13257.0 37.0 11120.0 0.0851996105160662
39 42 41 0.0 11.0 1257.0 90.0 13030.0 42.0 15181.0 0.08551184949914488
39 42 42 0.0 1.0 449.0 28.0 9281.0 25.0 1938.0 0.11923011412025206
39 42 43 0.0 0.0 613.0 0.0 10881.0 29.0 3622.0 0.10384215991692626
39 42 44 0.0 0.0 227.0 0.0 5444.0 13.0 379.0 0.1827676240208877
39 42 45 0.0 0.0 0.0 0.0 19.0 0.0 0.0 0.6934125804853887
39 43 35 0.0 0.0 0.0 0.0 2.0 0.0 0.0 0.6993006993006992
39 43 36 0.0 0.0 0.0 0.0 89.0 0.0 0.0 0.6701771182383915
39 43 37 0.0 0.0 417.0 0.0 8189.0 24.0 1141.0 0.1321752265861027
39 43 38 0.0 0.0 311.0 0.0 6588.0 17.0 557.0 0.1576221571718081
39 43 39 0.0 0.0 542.0 3.0 10246.0 23.0 2706.0 0.10955473824242896
39 43 40 0.0 0.0 265.0 1.0 6527.0 14.0 614.0 0.15943514406104084
39 43 41 0.0 0.0 420.0 0.0 9119.0 17.0 1933.0 0.12139079164137691
39 43 42 0.0 0.0 263.0 1.0 5743.0 23.0 371.0 0.17528483786152496
39 43 43 0.0 0.0 151.0 0.0 3343.0 22.0 71.0 0.25580120591997074
39 43 44 0.0 0.0 4.0 0.0 182.0 1.0 0.0 0.641025641025641
39 43 45 0.0 0.0 0.0 0.0 14.0 0.0 0.0 0.6951340615690167
39 44 35 0.0 0.0 0.0 0.0 2.0 0.0 0.0 0.6993006993006992
39 44 36 0.0 0.0 0.0 0.0 19.0 0.0 0.0 0.6934125804853887
39 44 37 0.0 0.0 10.0 0.0 305.0 2.0 0.0 0.6055363321799306
39 44 38 0.0 0.0 57.0 0.0 1574.0 10.0 11.0 0.38663352665009665
39 44 39 0.0 0.0 70.0 0.0 1618.0 10.0 10.0 0.3805381897254688
39 44 40 0.0 0.0 72.0 0.0 1523.0 10.0 13.0 0.3905160390516038
39 44 41 0.0 0.0 64.0 0.0 1325.0 16.0 7.0 0.4150607767565964
39 44 42 0.0 0.0 47.0 0.0 1024.0 12.0 1.0 0.45766590389016015
39 44 43 0.0 0.0 11.0 0.0 167.0 3.0 0.0 0.6439742410303587
39 44 44 0.0 0.0 0.0 0.0 5.0 0.0 0.0 0.6982543640897755
39 44 45 0.0 0.0 0.0 0.0 2.0 0.0 0.0 0.6993006993006992
39 45 37 0.0 0.0 0.0 0.0 1.0 0.0 0.0 0.6996501749125437
39 45 38 0.0 0.0 0.0 0.0 1.0 0.0 0.0 0.6996501749125437
39 45 39 0.0 0.0 0.0 0.0 3.0 0.0 0.0 0.6989515726410384
39 45 40 0.0 0.0 0.0 0.0 4.0 0.0 0.0 0.6986027944111775
39 45 41 0.0 0.0 0.0 0.0 7.0 0.0 0.0 0.6975585450921773
40 35 35 0.0 0.0 0.0 0.0 2.0 0.0 0.0 0.6993006993006992
40 35 36 0.0 0.0 0.0 0.0 6.0 0.0 0.0 0.6979062811565303
40 35 37 0.0 0.0 0.0 0.0 6.0 0.0 0.0 0.6979062811565303
40 35 38 0.0 0.0 0.0 0.0 29.0 0.0 0.0 0.6899950714637751
40 35 39 0.0 0.0 2.0 0.0 65.0 1.0 0.0 0.6776379477250725
40 35 40 0.0 0.0 4.0 0.0 111.0 2.0 1.0 0.6625650733554187
40 35 41 0.0 0.0 0.0 0.0 26.0 0.0 0.0 0.6910167818361302
40 35 42 0.0 0.0 0.0 0.0 5.0 0.0 0.0 0.6982543640897755
40 36 35 0.0 0.0 1.0 0.0 24.0 0.0 0.0 0.6913580246913579
40 36 36 0.0 0.0 136.0 0.0 2948.0 14.0 57.0 0.27618859735648055
40 36 37 0.0 0.0 76.0 0.0 1651.0 13.0 16.0 0.37695207323640273
40 36 38 0.0 0.0 56.0 0.0 1765.0 13.0 14.0 0.3677436301549776
40 36 39 0.0 0.0 300.0 0.0 7004.0 15.0 706.0 0.15065102765522434
40 36 40 0.0 0.0 59.0 0.0 1567.0 13.0 22.0 0.3875968992248061
40 36 41 0.0 0.0 149.0 0.0 3131.0 19.0 64.0 0.26610910473294047
40 36 42 0.0 0.0 0.0 0.0 221.0 0.0 0.0 0.6303466906798738
40 36 43 0.0 0.0 7.0 0.0 165.0 3.0 0.0 0.646054453161052
40 36 44 0.0 0.0 0.0 0.0 14.0 0.0 0.0 0.6951340615690167
40 37 34 0.0 0.0 0.0 0.0 1.0 0.0 0.0 0.6996501749125437
40 37 35 0.0 0.0 2.0 0.0 75.0 1.0 0.0 0.6746987951807227
40 37 36 0.0 0.0 372.0 0.0 7512.0 26.0 821.0 0.14197343068654295
40 37 37 0.0 0.0 157.0 0.0 4302.0 18.0 231.0 0.2172900822598168
40 37 38 0.0 0.0 536.0 0.0 10224.0 20.0 2382.0 0.10977809142946755
40 37 39 0.0 0.0 738.0 0.0 11813.0 27.0 4579.0 0.09629935341862704
40 37 40 0.0 0.0 617.0 0.0 10690.0 26.0 2862.0 0.1053582179409994
40 37 41 0.0 0.0 341.0 0.0 7110.0 25.0 634.0 0.14846235418875925
40 37 42 0.0 0.0 295.0 1.0 5931.0 16.0 403.0 0.17048222113979541
40 37 43 0.0 0.0 193.0 0.0 4408.0 24.0 174.0 0.21286300745020525
40 37 44 0.0 0.0 0.0 0.0 93.0 0.0 0.0 0.668896321070234
40 37 45 0.0 0.0 0.0 0.0 1.0 0.0 0.0 0.6996501749125437
40 38 34 0.0 0.0 0.0 0.0 4.0 0.0 0.0 0.6986027944111775
40 38 35 0.0 0.0 18.0 0.0 520.0 6.0 0.0 0.5529225908372827
40 38 36 0.0 0.0 318.0 0.0 6381.0 20.0 442.0 0.1612160294795025
40 38 37 0.0 0.0 981.0 0.0 12912.0 35.0 10542.0 0.0881778673552938
40 38 38 0.0 0.0 1486.0 0.0 12857.0 49.0 22576.0 0.0857632933104631
40 38 39 0.0 0.0 1317.0 0.0 13588.0 35.0 14850.0 0.08277656240761544
40 38 40 0.0 0.0 1362.0 2.0 13665.0 34.0 14863.0 0.08221752407798918
40 38 41 0.0 0.0 1405.0 3.0 13456.0 36.0 17098.0 0.08304662474789416
40 38 42 0.0 0.0 1023.0 1.0 13040.0 28.0 8832.0 0.08718938780594132
40 38 43 0.0 0.0 366.0 0.0 7554.0 15.0 869.0 0.1412714429868819
40 38 44 0.0 0.0 70.0 0.0 1805.0 10.0 22.0 0.3624126326689101
40 38 45 0.0 0.0 0.0 0.0 14.0 0.0 0.0 0.6951340615690167
40 39 34 0.0 0.0 0.0 0.0 4.0 0.0 0.0 0.6986027944111775
40 39 35 0.0 0.0 151.0 0.0 2952.0 16.0 48.0 0.27515723270440245
40 39 36 0.0 0.0 369.0 0.0 7742.0 23.0 848.0 0.13862758688979104
40 39 37 0.0 0.0 898.0 0.0 12887.0 27.0 7866.0 0.08873114463176573
40 39 38 0.0 0.0 1485.0 0.0 13204.0 45.0 20445.0 0.08390267289943663
40 39 39 0.0 2.0 2106.0 23.0 12256.0 45.0 36296.0 0.08540230586225828
40 39 40 0.0 1.0 2097.0 14.0 13014.0 44.0 31238.0 0.08169457898115189
40 39 41 1.0 4.0 2060.0 45.0 13035.0 56.0 29537.0 0.08168028004667444
40 39 42 0.0 0.0 1571.0 1.0 13296.0 45.0 21729.0 0.08301215535131928
40 39 43 0.0 0.0 627.0 0.0 10807.0 24.0 2913.0 0.10428305400372438
40 39 44 0.0 0.0 199.0 0.0 4783.0 20.0 247.0 0.20106276030446643
40 39 45 0.0 0.0 34.0 0.0 678.0 8.0 1.0 0.5177514792899407
40 40 34 0.0 0.0 0.0 0.0 3.0 0.0 0.0 0.6989515726410384
40 40 35 0.0 0.0 89.0 0.0 1980.0 14.0 26.0 0.345252774352651
40 40 36 0.0 0.0 505.0 0.0 9960.0 17.0 2589.0 0.11239563262684649
40 40 37 0.0 0.0 799.0 0.0 12419.0 28.0 7501.0 0.0920568122041031
40 40 38 0.0 0.0 1660.0 1.0 12974.0 53.0 25107.0 0.08423079237109679
40 40 39 0.0 16.0 2362.0 120.0 12253.0 64.0 39701.0 0.08356213441566192
40 40 40 7.0 74.0 2784.0 302.0 7234.0 66.0 85664.0 0.1129761136216914
40 40 41 0.0 4.0 2644.0 50.0 10563.0 62.0 54446.0 0.09171907756813416
40 40 42 0.0 10.0 1444.0 104.0 13394.0 40.0 18781.0 0.08262999468807176
40 40 43 0.0 0.0 747.0 0.0 11880.0 34.0 5239.0 0.09583789704271631
40 40 44 0.0 0.0 67.0 0.0 1935.0 12.0 17.0 0.35087719298245607
40 40 45 0.0 0.0 7.0 0.0 139.0 0.0 0.0 0.6523765144454798
40 41 34 0.0 0.0 0.0 0.0 2.0 0.0 0.0 0.6993006993006992
40 41 35 0.0 0.0 34.0 0.0 798.0 9.0 1.0 0.4961020552799432
40 41 36 0.0 0.0 212.0 0.0 4974.0 16.0 267.0 0.19517635577861422
40 41 37 0.0 0.0 596.0 0.0 11082.0 18.0 4439.0 0.10236911377595788
40 41 38 0.0 0.0 1130.0 3.0 13606.0 29.0 11214.0 0.08363201911589008
40 41 39 0.0 1.0 1766.0 14.0 13562.0 53.0 22878.0 0.08073352171155065
40 41 40 0.0 20.0 2053.0 157.0 12740.0 62.0 31961.0 0.08258125405532943
40 41 41 0.0 552.0 1603.0 5440.0 9158.0 53.0 28311.0 0.07465472191116088
40 41 42 0.0 5.0 1399.0 61.0 13022.0 49.0 20050.0 0.08491023774866568
40 41 43 0.0 0.0 323.0 1.0 6967.0 17.0 761.0 0.15089458935115327
40 41 44 0.0 0.0 291.0 0.0 6594.0 28.0 528.0 0.15799571154497233
40 41 45 0.0 0.0 1.0 0.0 45.0 0.0 0.0 0.6842619745845552
40 42 35 0.0 0.0 1.0 0.0 58.0 0.0 0.0 0.6799417192812044
40 42 36 0.0 0.0 31.0 0.0 1311.0 4.0 20.0 0.4194128220491312
40 42 37 0.0 0.0 207.0 0.0 4429.0 10.0 186.0 0.21128886205855715
40 42 38 0.0 0.0 1046.0 0.0 13026.0 41.0 11009.0 0.08717852917367207
40 42 39 0.0 2.0 966.0 14.0 13000.0 33.0 8403.0 0.08764241893076248
40 42 40 0.0 2.0 1690.0 27.0 13278.0 46.0 23282.0 0.08236747661352002
40 42 41 0.0 8.0 941.0 134.0 12868.0 40.0 8519.0 0.08781283321834032
40 42 42 0.0 3.0 519.0 124.0 9757.0 21.0 2014.0 0.11300347082088948
40 42 43 0.0 0.0 741.0 0.0 12024.0 25.0 5541.0 0.09485737516091876
40 42 44 0.0 0.0 208.0 0.0 4870.0 16.0 276.0 0.1981879954699886
40 42 45 0.0 0.0 0.0 0.0 24.0 0.0 0.0 0.6916996047430829
40 43 35 0.0 0.0 0.0 0.0 2.0 0.0 0.0 0.6993006993006992
40 43 36 0.0 0.0 124.0 0.0 2865.0 23.0 46.0 0.2819738167170191
40 43 37 0.0 0.0 96.0 0.0 2038.0 11.0 29.0 0.33972336811453524
40 43 38 0.0 0.0 596.0 0.0 10318.0 33.0 2504.0 0.10861975327798898
40 43 39 0.0 0.0 479.0 0.0 9134.0 24.0 1664.0 0.12067925178863888
40 43 40 0.0 0.0 343.0 10.0 7335.0 14.0 885.0 0.14461315979754158
40 43 41 0.0 0.0 739.0 0.0 11908.0 38.0 5136.0 0.09575268449490458
40 43 42 0.0 0.0 393.0 0.0 8014.0 16.0 1087.0 0.13457656445256175
40 43 43 0.0 0.0 129.0 0.0 2944.0 12.0 68.0 0.276625172890733
40 43 44 0.0 0.0 181.0 0.0 3650.0 24.0 89.0 0.24104683195592286
40 43 45 0.0 0.0 0.0 0.0 19.0 0.0 0.0 0.6937561942517343
40 44 35 0.0 0.0 0.0 0.0 2.0 0.0 0.0 0.6993006993006992
40 44 36 0.0 0.0 1.0 0.0 11.0 0.0 0.0 0.6958250497017892
40 44 37 0.0 0.0 0.0 0.0 70.0 0.0 0.0 0.6763285024154588
40 44 38 0.0 0.0 30.0 0.0 639.0 10.0 3.0 0.5265137269650243
40 44 39 0.0 0.0 29.0 0.0 643.0 8.0 3.0 0.5255255255255254
40 44 40 0.0 0.0 91.0 0.0 2173.0 12.0 21.0 0.32925682031984943
40 44 41 0.0 0.0 149.0 0.0 3690.0 13.0 106.0 0.24030209406110536
40 44 42 0.0 0.0 9.0 0.0 360.0 1.0 1.0 0.5914659907055343
40 44 43 0.0 0.0 5.0 0.0 76.0 3.0 0.0 0.6737247353224253
40 44 44 0.0 0.0 2.0 0.0 28.0 0.0 0.0 0.689655172413793
40 44 45 0.0 0.0 1.0 0.0 9.0 0.0 0.0 0.6965174129353233
40 45 38 0.0 0.0 0.0 0.0 1.0 0.0 0.0 0.6996501749125437
40 45 39 0.0 0.0 0.0 0.0 1.0 0.0 0.0 0.6996501749125437
40 45 40 0.0 0.0 0.0 0.0 7.0 0.0 0.0 0.6975585450921773
40 45 41 0.0 0.0 4.0 0.0 30.0 1.0 0.0 0.6886374815543531
40 45 42 0.0 0.0 1.0 0.0 14.0 0.0 0.0 0.694789081885856
41 34 41 0.0 0.0 0.0 0.0 1.0 0.0 0.0 0.6996501749125437
41 35 36 0.0 0.0 0.0 0.0 9.0 0.0 0.0 0.6968641114982577
41 35 37 0.0 0.0 0.0 0.0 7.0 0.0 0.0 0.6975585450921773
41 35 38 0.0 0.0 0.0 0.0 23.0 0.0 0.0 0.6920415224913494
41 35 39 0.0 0.0 1.0 0.0 33.0 0.0 0.0 0.6882989183874139
41 35 40 0.0 0.0 61.0 0.0 1263.0 8.0 8.0 0.42206813385589387
41 35 41 0.0 0.0 0.0 0.0 8.0 0.0 0.0 0.697211155378486
41 35 42 0.0 0.0 0.0 0.0 5.0 0.0 0.0 0.6982543640897755
41 36 35 0.0 0.0 0.0 0.0 24.0 0.0 0.0 0.6916996047430829
41 36 36 0.0 0.0 23.0 0.0 707.0 5.0 3.0 0.5137614678899082
41 36 37 0.0 0.0 173.0 0.0 4014.0 25.0 133.0 0.22708840227088398
41 36 38 0.0 0.0 39.0 0.0 1227.0 13.0 8.0 0.4306367271608735
41 36 39 0.0 0.0 192.0 0.0 4247.0 15.0 161.0 0.21789883268482485
41 36 40 0.0 0.0 163.0 0.0 3731.0 19.0 101.0 0.23833844058563156
41 36 41 0.0 0.0 33.0 0.0 661.0 8.0 1.0 0.5216095380029805
41 36 42 0.0 0.0 3.0 0.0 211.0 1.0 1.0 0.632625395390872
41 36 43 0.0 0.0 52.0 0.0 1129.0 9.0 5.0 0.44136191677175274
41 36 44 0.0 0.0 0.0 0.0 9.0 0.0 0.0 0.6968641114982577
41 37 35 0.0 0.0 2.0 0.0 51.0 1.0 0.0 0.6822612085769979
41 37 36 0.0 0.0 270.0 0.0 6620.0 20.0 707.0 0.1577820353882565
41 37 37 0.0 0.0 800.0 0.0 12279.0 27.0 6607.0 0.09286282833642875
41 37 38 0.0 0.0 576.0 0.0 10678.0 22.0 2853.0 0.10570026425066062
41 37 39 0.0 0.0 970.0 0.0 12730.0 36.0 9454.0 0.08928571428571427
41 37 40 0.0 0.0 306.0 0.0 7179.0 19.0 761.0 0.1478352692713833
41 37 41 0.0 0.0 587.0 1.0 10276.0 34.0 2428.0 0.1090427603395903
41 37 42 0.0 0.0 382.0 0.0 8432.0 17.0 1406.0 0.12950971322849214
41 37 43 0.0 0.0 135.0 0.0 3224.0 14.0 70.0 0.2619270346117867
41 37 44 0.0 0.0 7.0 0.0 96.0 2.0 0.0 0.6663493574488338
41 37 45 0.0 0.0 0.0 0.0 4.0 0.0 0.0 0.6986027944111775
41 38 34 0.0 0.0 1.0 0.0 7.0 0.0 0.0 0.697211155378486
41 38 35 0.0 0.0 8.0 0.0 131.0 1.0 0.0 0.6548175865294666
41 38 36 0.0 0.0 209.0 0.0 4583.0 21.0 213.0 0.20673360897814527
41 38 37 0.0 0.0 402.0 0.0 8750.0 25.0 1500.0 0.12567324955116693
41 38 38 0.0 0.0 1192.0 0.0 13077.0 38.0 15734.0 0.0861273454321747
41 38 39 0.0 0.0 922.0 0.0 12834.0 24.0 8758.0 0.08889453298622134
41 38 40 0.0 0.0 906.0 1.0 12999.0 32.0 8291.0 0.08801710046523324
41 38 41 0.0 10.0 972.0 197.0 13010.0 27.0 8279.0 0.08654797230464886
41 38 42 0.0 0.0 953.0 1.0 12864.0 42.0 8825.0 0.08859638020503732
41 38 43 0.0 0.0 517.0 0.0 9744.0 30.0 2080.0 0.11432304425934998
41 38 44 0.0 0.0 36.0 0.0 1180.0 6.0 12.0 0.4360012457178449
41 38 45 0.0 0.0 0.0 0.0 20.0 0.0 0.0 0.6934125804853887
41 39 34 0.0 0.0 0.0 0.0 1.0 0.0 0.0 0.6996501749125437
41 39 35 0.0 0.0 21.0 0.0 690.0 7.0 4.0 0.5177514792899407
41 39 36 0.0 0.0 225.0 0.0 4986.0 15.0 259.0 0.1944714543686623
41 39 37 0.0 0.0 714.0 0.0 11508.0 42.0 3855.0 0.09868884816015788
41 39 38 0.0 0.0 1367.0 2.0 13599.0 42.0 16936.0 0.08252284114353078
41 39 39 0.0 0.0 2311.0 3.0 11107.0 56.0 45040.0 0.09082062925721698
41 39 40 0.0 2.0 1954.0 15.0 13027.0 66.0 30581.0 0.08239656288623387
41 39 41 0.0 0.0 2360.0 7.0 11176.0 62.0 44416.0 0.0901248873438908
41 39 42 0.0 0.0 1545.0 1.0 13252.0 33.0 20852.0 0.08331845503779085
41 39 43 0.0 0.0 763.0 0.0 11998.0 28.0 5202.0 0.09488309047780412
41 39 44 0.0 0.0 255.0 0.0 6000.0 15.0 414.0 0.16982047549733137
41 39 45 0.0 0.0 3.0 0.0 26.0 1.0 0.0 0.690335305719921
41 40 34 0.0 0.0 0.0 0.0 3.0 0.0 0.0 0.6989515726410384
41 40 35 0.0 0.0 82.0 0.0 1893.0 17.0 16.0 0.3537139969681657
41 40 36 0.0 0.0 471.0 0.0 9422.0 16.0 1971.0 0.11776581426648719
41 40 37 0.0 0.0 932.0 0.0 12737.0 31.0 8139.0 0.0893883284382582
41 40 38 0.0 0.0 1393.0 0.0 13432.0 36.0 17163.0 0.08321445553970516
41 40 39 0.0 0.0 2135.0 5.0 12233.0 53.0 35679.0 0.08547008547008546
41 40 40 0.0 2.0 1870.0 37.0 13328.0 43.0 26840.0 0.0812724950655985
41 40 41 0.0 4.0 2422.0 36.0 10569.0 58.0 51010.0 0.09306035628822121
41 40 42 0.0 2.0 1638.0 43.0 13430.0 49.0 21790.0 0.08189050070191857
41 40 43 0.0 0.0 437.0 0.0 9153.0 36.0 1867.0 0.12111774374945927
41 40 44 0.0 0.0 275.0 0.0 5954.0 22.0 419.0 0.17044071098125146
41 40 45 0.0 0.0 0.0 0.0 27.0 0.0 0.0 0.6906758756783422
41 41 34 0.0 0.0 0.0 0.0 2.0 0.0 0.0 0.6993006993006992
41 41 35 0.0 0.0 77.0 0.0 1991.0 13.0 19.0 0.345252774352651
41 41 36 0.0 0.0 668.0 0.0 11227.0 21.0 3594.0 0.10083549409392105
41 41 37 0.0 0.0 1086.0 0.0 13115.0 46.0 12194.0 0.08649450142098108
41 41 38 0.0 0.0 1433.0 1.0 13485.0 30.0 18373.0 0.08268367587999054
41 41 39 0.0 4.0 2344.0 23.0 11860.0 64.0 41400.0 0.08621220518504832
41 41 40 0.0 6.0 2279.0 56.0 11702.0 60.0 41092.0 0.08727635434199861
41 41 41 0.0 11.0 1859.0 118.0 12832.0 46.0 27919.0 0.08324414317992626
41 41 42 0.0 0.0 877.0 43.0 12897.0 22.0 6878.0 0.08853474988933156
41 41 43 0.0 0.0 577.0 1.0 10619.0 29.0 2849.0 0.10619737540772205
41 41 44 0.0 0.0 131.0 0.0 3206.0 17.0 70.0 0.2631578947368421
41 41 45 0.0 0.0 1.0 0.0 42.0 1.0 0.0 0.6856023506366307
41 42 35 0.0 0.0 45.0 0.0 1282.0 8.0 5.0 0.42194092827004215
41 42 36 0.0 0.0 107.0 0.0 2379.0 18.0 38.0 0.31312905390292994
41 42 37 0.0 0.0 402.0 0.0 8166.0 32.0 1083.0 0.13273916753579215
41 42 38 0.0 0.0 456.0 0.0 8970.0 26.0 1520.0 0.12276394247632408
41 42 39 0.0 0.0 918.0 0.0 12827.0 37.0 7982.0 0.08897362567524625
41 42 40 0.0 6.0 1219.0 74.0 13447.0 38.0 13289.0 0.08360205422190373
41 42 41 0.0 5.0 805.0 51.0 12433.0 18.0 6620.0 0.09147935180345007
41 42 42 0.0 2.0 928.0 33.0 12923.0 37.0 8637.0 0.0881778673552938
41 42 43 0.0 0.0 709.0 1.0 11481.0 33.0 4089.0 0.09875149890667982
41 42 44 0.0 0.0 15.0 0.0 480.0 3.0 1.0 0.5622489959839357
41 42 45 0.0 0.0 1.0 0.0 27.0 1.0 0.0 0.6906758756783422
41 43 34 0.0 0.0 0.0 0.0 2.0 0.0 0.0 0.6993006993006992
41 43 35 0.0 0.0 3.0 0.0 210.0 1.0 0.0 0.6329113924050632
41 43 36 0.0 0.0 6.0 0.0 130.0 2.0 0.0 0.6560449859418931
41 43 37 0.0 0.0 257.0 0.0 5200.0 19.0 256.0 0.18817204301075266
41 43 38 0.0 0.0 185.0 0.0 4230.0 17.0 176.0 0.21881838074398247
41 43 39 0.0 0.0 342.0 0.0 7771.0 31.0 1118.0 0.13873748885145176
41 43 40 0.0 0.0 417.0 0.0 8775.0 30.0 1546.0 0.1253020674841135
41 43 41 0.0 0.0 401.0 0.0 8339.0 20.0 1175.0 0.13049962714392244
41 43 42 0.0 0.0 373.0 0.0 7974.0 28.0 989.0 0.13560635412630762
41 43 43 0.0 0.0 314.0 1.0 6523.0 26.0 493.0 0.15882019285309132
41 43 44 0.0 0.0 114.0 0.0 2653.0 17.0 39.0 0.29467480530414647
41 43 45 0.0 0.0 0.0 0.0 5.0 0.0 0.0 0.6986027944111775
41 44 35 0.0 0.0 0.0 0.0 2.0 0.0 0.0 0.6993006993006992
41 44 36 0.0 0.0 0.0 0.0 4.0 0.0 0.0 0.6986027944111775
41 44 37 0.0 0.0 4.0 0.0 83.0 0.0 0.0 0.670819357930043
41 44 38 0.0 0.0 3.0 0.0 147.0 0.0 0.0 0.6511627906976742
41 44 39 0.0 0.0 20.0 0.0 609.0 3.0 1.0 0.5335365853658536
41 44 40 0.0 0.0 81.0 0.0 1825.0 9.0 16.0 0.35943517329910135
41 44 41 0.0 0.0 7.0 0.0 331.0 2.0 0.0 0.5993150684931505
41 44 42 0.0 0.0 4.0 0.0 210.0 1.0 0.0 0.6331976481230212
41 44 43 0.0 0.0 26.0 0.0 605.0 6.0 3.0 0.5333333333333332
41 44 44 0.0 0.0 0.0 0.0 11.0 0.0 0.0 0.6961710591745399
41 44 45 0.0 0.0 1.0 0.0 5.0 0.0 0.0 0.6979062811565303
41 45 39 0.0 0.0 6.0 0.0 94.0 3.0 0.0 0.6676204101096804
41 45 41 0.0 0.0 0.0 0.0 2.0 0.0 0.0 0.6993006993006992
41 45 42 0.0 0.0 0.0 0.0 3.0 0.0 0.0 0.6989515726410384
42 34 39 0.0 0.0 0.0 0.0 2.0 0.0 0.0 0.6993006993006992
42 34 40 0.0 0.0 0.0 0.0 1.0 0.0 0.0 0.6996501749125437
42 35 36 0.0 0.0 0.0 0.0 2.0 0.0 0.0 0.6993006993006992
42 35 37 0.0 0.0 4.0 0.0 143.0 1.0 0.0 0.6523765144454798
42 35 38 0.0 0.0 2.0 0.0 60.0 0.0 0.0 0.6789524733268669
42 35 39 0.0 0.0 0.0 0.0 22.0 0.0 0.0 0.6923837784371908
42 35 40 0.0 0.0 0.0 0.0 7.0 0.0 0.0 0.6975585450921773
42 35 41 0.0 0.0 2.0 0.0 36.0 0.0 0.0 0.6872852233676975
42 36 35 0.0 0.0 0.0 0.0 9.0 0.0 0.0 0.6968641114982577
42 36 36 0.0 0.0 25.0 0.0 716.0 3.0 6.0 0.5113221329437544
42 36 37 0.0 0.0 107.0 0.0 2613.0 13.0 45.0 0.2972399150743099
42 36 38 0.0 0.0 277.0 0.0 5534.0 30.0 318.0 0.17990233873040348
42 36 39 0.0 0.0 53.0 0.0 1338.0 9.0 10.0 0.4139562389118863
42 36 40 0.0 0.0 192.0 0.0 4960.0 18.0 281.0 0.19618834080717487
42 36 41 0.0 0.0 15.0 0.0 414.0 5.0 0.0 0.5775577557755774
42 36 42 0.0 0.0 27.0 0.0 977.0 7.0 9.0 0.4671338004671337
42 36 43 0.0 0.0 0.0 0.0 28.0 0.0 0.0 0.690335305719921
42 36 44 0.0 0.0 0.0 0.0 5.0 0.0 0.0 0.6982543640897755
42 37 35 0.0 0.0 6.0 0.0 141.0 3.0 0.0 0.6529850746268656
42 37 36 0.0 0.0 91.0 0.0 1914.0 7.0 25.0 0.3501750875437718
42 37 37 0.0 0.0 322.0 0.0 6807.0 19.0 635.0 0.15354244351831542
42 37 38 0.0 0.0 354.0 0.0 8020.0 25.0 1057.0 0.13522650439486136
42 37 39 0.0 0.0 672.0 0.0 11691.0 25.0 4425.0 0.0975269940787182
42 37 40 0.0 0.0 470.0 0.0 9267.0 27.0 1740.0 0.1194947080914988
42 37 41 0.0 0.0 436.0 0.0 8883.0 11.0 1598.0 0.1237295625276182
42 37 42 0.0 0.0 234.0 0.0 5004.0 13.0 263.0 0.19371800193717997
42 37 43 0.0 0.0 42.0 0.0 1167.0 7.0 12.0 0.4372267332916926
42 37 44 0.0 0.0 1.0 0.0 121.0 1.0 0.0 0.66006600660066
42 37 45 0.0 0.0 0.0 0.0 8.0 0.0 0.0 0.697211155378486
42 38 35 0.0 0.0 13.0 0.0 234.0 4.0 0.0 0.6241640659830583
42 38 36 0.0 0.0 66.0 0.0 1715.0 7.0 28.0 0.3709591944886062
42 38 37 0.0 0.0 562.0 0.0 9928.0 25.0 2282.0 0.1122154536710484
42 38 38 0.0 0.0 1176.0 0.0 13070.0 31.0 14362.0 0.08612204724409449
42 38 39 0.0 0.0 1359.0 0.0 12946.0 40.0 19392.0 0.08586849852796859
42 38 40 0.0 0.0 971.0 1.0 12990.0 28.0 8766.0 0.08769731896767727
42 38 41 0.0 0.0 1011.0 0.0 13266.0 33.0 8511.0 0.0860162202015237
42 38 42 0.0 0.0 575.0 0.0 10522.0 20.0 2828.0 0.10692736576796762
42 38 43 0.0 0.0 605.0 0.0 10457.0 27.0 2934.0 0.10728791478274197
42 38 44 0.0 0.0 132.0 0.0 3177.0 16.0 90.0 0.2645002833931607
42 38 45 0.0 0.0 51.0 0.0 896.0 10.0 4.0 0.4766768811712631
42 39 34 0.0 0.0 0.0 0.0 2.0 0.0 0.0 0.6993006993006992
42 39 35 0.0 0.0 100.0 0.0 2135.0 13.0 20.0 0.33151787828557894
42 39 36 0.0 0.0 312.0 0.0 6158.0 23.0 413.0 0.16570008285004142
42 39 37 0.0 0.0 671.0 0.0 11528.0 29.0 4958.0 0.09868884816015788
42 39 38 0.0 0.0 990.0 0.0 13130.0 32.0 8012.0 0.08691333498882542
42 39 39 0.0 0.0 1149.0 1.0 13356.0 35.0 13094.0 0.08485877076009213
42 39 40 0.0 2.0 1170.0 17.0 13683.0 31.0 11476.0 0.0829973915105525
42 39 41 0.0 0.0 1229.0 1.0 13443.0 35.0 14764.0 0.0839680921249925
42 39 42 0.0 0.0 1264.0 0.0 12844.0 45.0 18647.0 0.08695652173913042
42 39 43 0.0 0.0 992.0 0.0 12905.0 20.0 8899.0 0.0880281690140845
42 39 44 0.0 0.0 153.0 0.0 3942.0 8.0 152.0 0.22996057818659657
42 39 45 0.0 0.0 0.0 0.0 22.0 0.0 0.0 0.6927263730826323
42 40 35 0.0 0.0 21.0 0.0 456.0 6.0 0.0 0.5665722379603398
42 40 36 0.0 0.0 189.0 0.0 4552.0 17.0 198.0 0.20808561236623063
42 40 37 0.0 0.0 708.0 0.0 11582.0 27.0 4845.0 0.0980254866265229
42 40 38 0.0 0.0 1772.0 0.0 12961.0 38.0 26596.0 0.08359207069500835
42 40 39 0.0 0.0 1709.0 0.0 13073.0 46.0 25204.0 0.08342271481349063
42 40 40 0.0 0.0 1809.0 0.0 12467.0 49.0 30024.0 0.08599508599508598
42 40 41 0.0 0.0 1415.0 1.0 13814.0 29.0 16268.0 0.08120649651972157
42 40 42 0.0 1.0 1288.0 7.0 13654.0 40.0 13960.0 0.08262999468807176
42 40 43 0.0 0.0 607.0 0.0 10838.0 18.0 3452.0 0.10415891674726581
42 40 44 0.0 0.0 170.0 0.0 3845.0 12.0 113.0 0.23313905079100747
42 40 45 0.0 0.0 2.0 0.0 43.0 1.0 0.0 0.684931506849315
42 41 35 0.0 0.0 0.0 0.0 74.0 0.0 0.0 0.6750241080038573
42 41 36 0.0 0.0 284.0 0.0 6184.0 25.0 451.0 0.16573931573339645
42 41 37 0.0 0.0 502.0 0.0 9706.0 23.0 2185.0 0.11478232352217757
42 41 38 0.0 0.0 781.0 0.0 12202.0 25.0 5141.0 0.09348914858096827
42 41 39 0.0 0.0 1325.0 0.0 13387.0 36.0 16307.0 0.08370702541106127
42 41 40 0.0 0.0 1198.0 2.0 13749.0 31.0 11423.0 0.08259587020648966
42 41 41 0.0 0.0 1673.0 1.0 12811.0 59.0 25995.0 0.08502884907379288
42 41 42 0.0 0.0 1012.0 0.0 12985.0 36.0 11150.0 0.08754924645112876
42 41 43 0.0 0.0 331.0 0.0 7536.0 19.0 913.0 0.1421175515176124
42 41 44 0.0 0.0 98.0 0.0 2461.0 12.0 49.0 0.3078276165347405
42 41 45 0.0 0.0 0.0 0.0 18.0 0.0 0.0 0.6937561942517343
42 42 35 0.0 0.0 8.0 0.0 222.0 1.0 0.0 0.6280843427545983
42 42 36 0.0 0.0 217.0 0.0 5275.0 19.0 338.0 0.1872158331104573
42 42 37 0.0 0.0 132.0 0.0 3602.0 15.0 109.0 0.24471246285614398
42 42 38 0.0 0.0 674.0 0.0 11507.0 34.0 4810.0 0.09884911388830048
42 42 39 0.0 0.0 1013.0 0.0 13160.0 29.0 9731.0 0.08653192409914084
42 42 40 0.0 0.0 1381.0 0.0 13150.0 38.0 18481.0 0.0847098686997035
42 42 41 0.0 0.0 910.0 1.0 12769.0 29.0 9021.0 0.08927432725417675
42 42 42 0.0 0.0 792.0 0.0 12431.0 22.0 6846.0 0.09196610392169742
42 42 43 0.0 0.0 340.0 0.0 7003.0 22.0 742.0 0.1501179498177139
42 42 44 0.0 0.0 43.0 0.0 891.0 9.0 5.0 0.4786324786324786
42 42 45 0.0 0.0 0.0 0.0 4.0 0.0 0.0 0.6986027944111775
42 43 35 0.0 0.0 0.0 0.0 4.0 0.0 0.0 0.6986027944111775
42 43 36 0.0 0.0 30.0 0.0 801.0 6.0 4.0 0.49557522123893794
42 43 37 0.0 0.0 0.0 0.0 176.0 0.0 0.0 0.6433823529411764
42 43 38 0.0 0.0 61.0 0.0 1667.0 14.0 17.0 0.3770535954753568
42 43 39 0.0 0.0 595.0 0.0 10582.0 31.0 2692.0 0.10640723569202704
42 43 40 0.0 0.0 246.0 2.0 6361.0 15.0 582.0 0.16292330967066215
42 43 41 0.0 0.0 508.0 0.0 9741.0 23.0 1994.0 0.11430437622468972
42 43 42 0.0 0.0 141.0 0.0 3166.0 20.0 60.0 0.2648004539436353
42 43 43 0.0 0.0 66.0 0.0 1961.0 13.0 31.0 0.34886618489907795
42 43 44 0.0 0.0 2.0 0.0 68.0 2.0 0.0 0.6769825918762088
42 44 36 0.0 0.0 0.0 0.0 3.0 0.0 0.0 0.6989515726410384
42 44 37 0.0 0.0 0.0 0.0 19.0 0.0 0.0 0.6934125804853887
42 44 38 0.0 0.0 3.0 0.0 222.0 2.0 0.0 0.63006300630063
42 44 39 0.0 0.0 94.0 0.0 1940.0 20.0 13.0 0.34877927254608865
42 44 40 0.0 0.0 45.0 0.0 1037.0 12.0 4.0 0.4560260586319217
42 44 41 0.0 0.0 2.0 0.0 144.0 0.0 0.0 0.6523765144454798
42 44 42 0.0 0.0 41.0 0.0 770.0 7.0 0.0 0.4992867332382311
42 44 43 0.0 0.0 30.0 0.0 926.0 3.0 7.0 0.4739336492890995
42 44 44 0.0 0.0 1.0 0.0 6.0 0.0 0.0 0.6975585450921773
42 44 45 0.0 0.0 0.0 0.0 2.0 0.0 0.0 0.6993006993006992
42 45 38 0.0 0.0 0.0 0.0 1.0 0.0 0.0 0.6996501749125437
42 45 39 0.0 0.0 0.0 0.0 2.0 0.0 0.0 0.6993006993006992
42 45 40 0.0 0.0 0.0 0.0 6.0 0.0 0.0 0.6979062811565303
42 45 41 0.0 0.0 0.0 0.0 6.0 0.0 0.0 0.6979062811565303
43 35 36 0.0 0.0 0.0 0.0 1.0 0.0 0.0 0.6996501749125437
43 35 37 0.0 0.0 0.0 0.0 3.0 0.0 0.0 0.6989515726410384
43 35 38 0.0 0.0 0.0 0.0 13.0 0.0 0.0 0.695479384003974
43 35 39 0.0 0.0 0.0 0.0 23.0 0.0 0.0 0.6920415224913494
43 35 40 0.0 0.0 0.0 0.0 15.0 0.0 0.0 0.694789081885856
43 35 41 0.0 0.0 0.0 0.0 3.0 0.0 0.0 0.6989515726410384
43 36 35 0.0 0.0 0.0 0.0 1.0 0.0 0.0 0.6996501749125437
43 36 36 0.0 0.0 0.0 0.0 12.0 0.0 0.0 0.6958250497017892
43 36 37 0.0 0.0 2.0 0.0 121.0 2.0 0.0 0.66006600660066
43 36 38 0.0 0.0 80.0 0.0 1787.0 9.0 15.0 0.3629764065335752
43 36 39 0.0 0.0 167.0 0.0 3428.0 27.0 85.0 0.2513916322499551
43 36 40 0.0 0.0 35.0 0.0 1017.0 8.0 6.0 0.4597701149425287
43 36 41 0.0 0.0 35.0 0.0 804.0 10.0 7.0 0.4948745139625308
43 36 42 0.0 0.0 34.0 0.0 722.0 10.0 3.0 0.5098324836125272
43 36 43 0.0 0.0 0.0 0.0 4.0 0.0 0.0 0.6986027944111775
43 36 44 0.0 0.0 0.0 0.0 1.0 0.0 0.0 0.6996501749125437
43 37 35 0.0 0.0 0.0 0.0 2.0 0.0 0.0 0.6993006993006992
43 37 36 0.0 0.0 0.0 0.0 43.0 0.0 0.0 0.6852667645619186
43 37 37 0.0 0.0 135.0 0.0 2975.0 24.0 66.0 0.27521132298014545
43 37 38 0.0 0.0 634.0 0.0 10840.0 22.0 3323.0 0.10393466963622865
43 37 39 0.0 0.0 360.0 0.0 7314.0 28.0 889.0 0.1450626878043726
43 37 40 0.0 0.0 255.0 0.0 6208.0 24.0 526.0 0.16581783726163682
43 37 41 0.0 0.0 305.0 0.0 6593.0 23.0 547.0 0.1576931741383194
43 37 42 0.0 0.0 97.0 0.0 2534.0 7.0 46.0 0.3027681660899653
43 37 43 0.0 0.0 102.0 0.0 1917.0 12.0 25.0 0.34938857000249557
43 37 44 0.0 0.0 2.0 0.0 65.0 0.0 0.0 0.6773101112723753
43 37 45 0.0 0.0 0.0 0.0 5.0 1.0 0.0 0.6986027944111775
43 38 34 0.0 0.0 0.0 0.0 1.0 0.0 0.0 0.6996501749125437
43 38 35 0.0 0.0 0.0 0.0 7.0 0.0 0.0 0.6975585450921773
43 38 36 0.0 0.0 59.0 0.0 1637.0 16.0 15.0 0.3804347826086956
43 38 37 0.0 0.0 274.0 0.0 6906.0 14.0 744.0 0.15262182492096368
43 38 38 0.0 0.0 554.0 0.0 10817.0 27.0 3196.0 0.10476689366160293
43 38 39 0.0 0.0 765.0 0.0 12054.0 27.0 5102.0 0.09456903539583895
43 38 40 0.0 0.0 478.0 0.0 9391.0 22.0 1952.0 0.11805379880259717
43 38 41 0.0 0.0 581.0 0.0 10665.0 20.0 3029.0 0.10577213659715924
43 38 42 0.0 0.0 745.0 0.0 11702.0 30.0 5458.0 0.09702009702009701
43 38 43 0.0 0.0 244.0 0.0 5704.0 17.0 393.0 0.1764780032774486
43 38 44 0.0 0.0 132.0 0.0 3168.0 8.0 79.0 0.2645002833931607
43 38 45 0.0 0.0 0.0 0.0 16.0 0.0 0.0 0.6944444444444444
43 39 34 0.0 0.0 0.0 0.0 2.0 0.0 0.0 0.6993006993006992
43 39 35 0.0 0.0 0.0 0.0 12.0 0.0 0.0 0.6958250497017892
43 39 36 0.0 0.0 208.0 0.0 4555.0 20.0 183.0 0.20762271985763012
43 39 37 0.0 0.0 384.0 0.0 7941.0 25.0 1076.0 0.13579049466537338
43 39 38 0.0 0.0 499.0 0.0 9882.0 20.0 2146.0 0.1132411227048451
43 39 39 0.0 0.0 758.0 0.0 12073.0 29.0 5793.0 0.09447331128956069
43 39 40 0.0 0.0 1049.0 0.0 13199.0 25.0 10424.0 0.08613794376422813
43 39 41 0.0 0.0 733.0 0.0 11790.0 20.0 4297.0 0.09638554216867468
43 39 42 0.0 0.0 622.0 0.0 10844.0 22.0 3294.0 0.10402734433050971
43 39 43 0.0 0.0 286.0 0.0 6987.0 16.0 771.0 0.15123690180404017
43 39 44 0.0 0.0 35.0 0.0 1363.0 8.0 12.0 0.4131012097964001
43 39 45 0.0 0.0 0.0 0.0 12.0 0.0 0.0 0.6961710591745399
43 39 46 0.0 0.0 0.0 0.0 1.0 0.0 0.0 0.6996501749125437
43 40 34 0.0 0.0 0.0 0.0 1.0 0.0 0.0 0.6996501749125437
43 40 35 0.0 0.0 0.0 0.0 16.0 0.0 0.0 0.694789081885856
43 40 36 0.0 0.0 163.0 0.0 4017.0 17.0 140.0 0.22705157314304245
43 40 37 0.0 0.0 629.0 0.0 10917.0 29.0 3109.0 0.10348141030379185
43 40 38 0.0 0.0 661.0 0.0 11236.0 23.0 4106.0 0.10081371066465038
43 40 39 0.0 0.0 724.0 0.0 11864.0 20.0 5258.0 0.09598902982516283
43 40 40 0.0 0.0 710.0 0.0 11812.0 24.0 5624.0 0.09642537364832288
43 40 41 0.0 0.0 756.0 0.0 12003.0 26.0 4576.0 0.09490881974103449
43 40 42 0.0 0.0 548.0 0.0 10474.0 29.0 2896.0 0.10763435073422002
43 40 43 0.0 0.0 775.0 0.0 11994.0 29.0 6248.0 0.09488309047780412
43 40 44 0.0 0.0 196.0 0.0 3652.0 23.0 100.0 0.24034334763948495
43 40 45 0.0 0.0 0.0 0.0 19.0 0.0 0.0 0.6934125804853887
43 41 34 0.0 0.0 0.0 0.0 1.0 0.0 0.0 0.6996501749125437
43 41 35 0.0 0.0 0.0 0.0 25.0 0.0 0.0 0.6913580246913579
43 41 36 0.0 0.0 23.0 0.0 645.0 10.0 2.0 0.5269100489273615
43 41 37 0.0 0.0 169.0 0.0 4549.0 15.0 225.0 0.20873714030117782
43 41 38 0.0 0.0 448.0 0.0 9036.0 23.0 1558.0 0.12206818379980816
43 41 39 0.0 0.0 855.0 0.0 12503.0 29.0 7034.0 0.09124682265528253
43 41 40 0.0 0.0 792.0 0.0 12308.0 30.0 6660.0 0.09279512162789155
43 41 41 0.0 0.0 802.0 0.0 12216.0 25.0 5986.0 0.09324009324009323
43 41 42 0.0 0.0 455.0 0.0 9276.0 27.0 1898.0 0.11953551912568304
43 41 43 0.0 0.0 283.0 0.0 6299.0 17.0 492.0 0.16336056009334887
43 41 44 0.0 0.0 3.0 0.0 218.0 1.0 0.0 0.6306306306306305
43 41 45 0.0 0.0 0.0 0.0 1.0 0.0 0.0 0.6996501749125437
43 42 35 0.0 0.0 0.0 0.0 19.0 0.0 0.0 0.6934125804853887
43 42 36 0.0 0.0 0.0 0.0 54.0 0.0 0.0 0.6815968841285296
43 42 37 0.0 0.0 75.0 0.0 2195.0 6.0 29.0 0.32833020637898686
43 42 38 0.0 0.0 408.0 0.0 8640.0 21.0 1480.0 0.12681159420289853
43 42 39 0.0 0.0 310.0 0.0 7003.0 22.0 707.0 0.15065102765522434
43 42 40 0.0 0.0 629.0 0.0 11144.0 27.0 3827.0 0.10171461784365009
43 42 41 0.0 0.0 392.0 0.0 8077.0 21.0 1036.0 0.13397129186602869
43 42 42 0.0 0.0 304.0 0.0 7032.0 15.0 672.0 0.15013404825737262
43 42 43 0.0 0.0 216.0 0.0 4996.0 21.0 265.0 0.19463367162519113
43 42 44 0.0 0.0 0.0 0.0 41.0 1.0 0.0 0.6862745098039215
43 42 45 0.0 0.0 0.0 0.0 1.0 0.0 0.0 0.6996501749125437
43 43 35 0.0 0.0 0.0 0.0 4.0 0.0 0.0 0.6986027944111775
43 43 36 0.0 0.0 0.0 0.0 13.0 0.0 0.0 0.6958250497017892
43 43 37 0.0 0.0 23.0 0.0 698.0 4.0 3.0 0.5152741994847257
43 43 38 0.0 0.0 147.0 0.0 3720.0 14.0 112.0 0.2392344497607655
43 43 39 0.0 0.0 322.0 0.0 6645.0 23.0 588.0 0.15644206056542628
43 43 40 0.0 0.0 201.0 0.0 5286.0 11.0 319.0 0.1872659176029962
43 43 41 0.0 0.0 391.0 0.0 7880.0 20.0 1028.0 0.13642564802182808
43 43 42 0.0 0.0 249.0 0.0 5230.0 17.0 309.0 0.1874163319946452
43 43 43 0.0 0.0 117.0 0.0 2458.0 17.0 34.0 0.30715225976305394
43 43 44 0.0 0.0 0.0 0.0 11.0 0.0 0.0 0.6961710591745399
43 44 37 0.0 0.0 0.0 0.0 2.0 0.0 0.0 0.6993006993006992
43 44 38 0.0 0.0 12.0 0.0 109.0 4.0 0.0 0.6613131790269249
43 44 39 0.0 0.0 3.0 0.0 79.0 0.0 0.0 0.6724303554274734
43 44 40 0.0 0.0 227.0 0.0 4722.0 13.0 204.0 0.20181634712411703
43 44 41 0.0 0.0 1.0 0.0 71.0 0.0 0.0 0.6756756756756755
43 44 42 0.0 0.0 7.0 0.0 160.0 5.0 0.0 0.6475485661424606
43 44 43 0.0 0.0 0.0 0.0 9.0 0.0 0.0 0.6968641114982577
43 44 44 0.0 0.0 0.0 0.0 2.0 0.0 0.0 0.6993006993006992
43 45 38 0.0 0.0 6.0 0.0 74.0 2.0 0.0 0.6737247353224253
43 45 39 0.0 0.0 0.0 0.0 2.0 0.0 0.0 0.6993006993006992
43 45 40 0.0 0.0 0.0 0.0 10.0 0.0 0.0 0.6965174129353233
43 45 41 0.0 0.0 0.0 0.0 3.0 0.0 0.0 0.6989515726410384
44 35 37 0.0 0.0 0.0 0.0 2.0 1.0 0.0 0.6996501749125437
44 35 38 0.0 0.0 0.0 0.0 5.0 0.0 0.0 0.6982543640897755
44 35 39 0.0 0.0 1.0 0.0 19.0 0.0 0.0 0.6930693069306929
44 35 40 0.0 0.0 0.0 0.0 3.0 0.0 0.0 0.6989515726410384
44 35 41 0.0 0.0 0.0 0.0 1.0 0.0 0.0 0.6996501749125437
44 36 37 0.0 0.0 0.0 0.0 63.0 1.0 0.0 0.6789524733268669
44 36 38 0.0 0.0 115.0 0.0 2744.0 7.0 64.0 0.2885408079142621
44 36 39 0.0 0.0 170.0 0.0 3915.0 18.0 141.0 0.2306045132597595
44 36 40 0.0 0.0 77.0 0.0 1555.0 15.0 15.0 0.3870611003594138
44 36 41 0.0 0.0 0.0 0.0 16.0 0.0 0.0 0.6944444444444444
44 36 42 0.0 0.0 0.0 0.0 14.0 0.0 0.0 0.6951340615690167
44 36 44 0.0 0.0 0.0 0.0 1.0 0.0 0.0 0.6996501749125437
44 37 36 0.0 0.0 15.0 0.0 403.0 5.0 3.0 0.5801906340654785
44 37 37 0.0 0.0 9.0 0.0 259.0 4.0 1.0 0.618647812638091
44 37 38 0.0 0.0 167.0 0.0 4133.0 16.0 197.0 0.2227525855210819
44 37 39 0.0 0.0 76.0 0.0 1713.0 15.0 15.0 0.3709591944886062
44 37 40 0.0 0.0 41.0 0.0 1067.0 9.0 6.0 0.45205037132709064
44 37 41 0.0 0.0 107.0 0.0 2185.0 14.0 33.0 0.32725572697522204
44 37 42 0.0 0.0 3.0 0.0 210.0 2.0 0.0 0.6331976481230212
44 37 43 0.0 0.0 65.0 0.0 1441.0 8.0 14.0 0.40011431837667905
44 37 44 0.0 0.0 0.0 0.0 2.0 0.0 0.0 0.6993006993006992
44 38 35 0.0 0.0 5.0 0.0 43.0 1.0 0.0 0.6839276990718123
44 38 36 0.0 0.0 0.0 0.0 34.0 0.0 0.0 0.6882989183874139
44 38 37 0.0 0.0 36.0 0.0 1016.0 8.0 5.0 0.4600722970752546
44 38 38 0.0 0.0 27.0 0.0 1023.0 4.0 11.0 0.45961917268548913
44 38 39 0.0 0.0 191.0 0.0 4168.0 20.0 116.0 0.22082018927444794
44 38 40 0.0 0.0 692.0 0.0 11563.0 25.0 4609.0 0.09830080044937509
44 38 41 0.0 0.0 148.0 0.0 3340.0 14.0 86.0 0.2557544757033247
44 38 42 0.0 0.0 146.0 0.0 3402.0 18.0 83.0 0.2531187850298318
44 38 43 0.0 0.0 8.0 0.0 362.0 2.0 2.0 0.5912162162162161
44 38 44 0.0 0.0 13.0 0.0 354.0 4.0 0.0 0.5924672027084215
44 38 45 0.0 0.0 0.0 0.0 6.0 0.0 0.0 0.6979062811565303
44 39 35 0.0 0.0 0.0 0.0 5.0 0.0 0.0 0.6982543640897755
44 39 36 0.0 0.0 36.0 0.0 846.0 9.0 3.0 0.48729550991994425
44 39 37 0.0 0.0 217.0 0.0 4636.0 12.0 202.0 0.2046185325928091
44 39 38 0.0 0.0 99.0 0.0 2654.0 14.0 66.0 0.29560810810810806
44 39 39 0.0 0.0 364.0 0.0 6993.0 21.0 669.0 0.14990898383124532
44 39 40 0.0 0.0 337.0 0.0 7564.0 25.0 861.0 0.14171474845632148
44 39 41 0.0 0.0 191.0 0.0 4442.0 16.0 157.0 0.21154427319431848
44 39 42 0.0 0.0 352.0 0.0 6872.0 26.0 601.0 0.15215737419845665
44 39 43 0.0 0.0 31.0 0.0 1170.0 7.0 10.0 0.43832185347526603
44 39 44 0.0 0.0 197.0 0.0 4180.0 18.0 160.0 0.22009118063197605
44 39 45 0.0 0.0 0.0 0.0 12.0 0.0 0.0 0.6958250497017892
44 40 35 0.0 0.0 0.0 0.0 7.0 0.0 0.0 0.6975585450921773
44 40 36 0.0 0.0 62.0 0.0 1486.0 7.0 16.0 0.39536853996046306
44 40 37 0.0 0.0 88.0 0.0 2230.0 11.0 27.0 0.32512772875058055
44 40 38 0.0 0.0 128.0 0.0 2870.0 13.0 43.0 0.2807298977341086
44 40 39 0.0 0.0 263.0 0.0 5759.0 20.0 339.0 0.17493439960014992
44 40 40 0.0 0.0 572.0 0.0 10738.0 26.0 3408.0 0.10533443683695733
44 40 41 0.0 0.0 101.0 0.0 2727.0 11.0 61.0 0.29057700290577
44 40 42 0.0 0.0 200.0 0.0 4602.0 5.0 182.0 0.20594292438952633
44 40 43 0.0 0.0 109.0 0.0 2524.0 13.0 33.0 0.3028336577979666
44 40 44 0.0 0.0 4.0 0.0 118.0 1.0 0.0 0.66006600660066
44 40 45 0.0 0.0 0.0 0.0 5.0 0.0 0.0 0.6982543640897755
44 41 35 0.0 0.0 0.0 0.0 6.0 0.0 0.0 0.6979062811565303
44 41 36 0.0 0.0 1.0 0.0 62.0 1.0 0.0 0.6789524733268669
44 41 37 0.0 0.0 49.0 0.0 1287.0 9.0 2.0 0.42067307692307687
44 41 38 0.0 0.0 64.0 0.0 1668.0 14.0 12.0 0.37664783427495285
44 41 39 0.0 0.0 321.0 0.0 7034.0 22.0 645.0 0.14998928647953716
44 41 40 0.0 0.0 143.0 0.0 3298.0 12.0 61.0 0.25782688766114176
44 41 41 0.0 0.0 182.0 0.0 3729.0 24.0 109.0 0.23773136355917812
44 41 42 0.0 0.0 314.0 0.0 6172.0 23.0 436.0 0.165406427221172
44 41 43 0.0 0.0 167.0 0.0 3940.0 16.0 157.0 0.22984731571170577
44 41 44 0.0 0.0 4.0 0.0 162.0 1.0 0.0 0.6466512702078521
44 42 36 0.0 0.0 0.0 0.0 10.0 0.0 0.0 0.6965174129353233
44 42 37 0.0 0.0 0.0 0.0 40.0 0.0 0.0 0.6862745098039215
44 42 38 0.0 0.0 108.0 0.0 2415.0 14.0 52.0 0.31049013084941224
44 42 39 0.0 0.0 454.0 0.0 9129.0 19.0 1885.0 0.12099213551119176
44 42 40 0.0 0.0 24.0 0.0 1146.0 3.0 6.0 0.44219835754895764
44 42 41 0.0 0.0 113.0 0.0 2187.0 19.0 25.0 0.32687368666822314
44 42 42 0.0 0.0 17.0 0.0 423.0 4.0 0.0 0.5749486652977411
44 42 43 0.0 0.0 5.0 0.0 143.0 3.0 0.0 0.6526806526806526
44 42 44 0.0 0.0 0.0 0.0 13.0 0.0 0.0 0.6958250497017892
44 43 37 0.0 0.0 0.0 0.0 38.0 0.0 0.0 0.6869479882237487
44 43 38 0.0 0.0 2.0 0.0 98.0 1.0 0.0 0.6669842782277274
44 43 39 0.0 0.0 78.0 0.0 1693.0 13.0 20.0 0.3724394785847299
44 43 40 0.0 0.0 6.0 0.0 242.0 3.0 0.0 0.6236080178173719
44 43 41 0.0 0.0 1.0 0.0 116.0 0.0 1.0 0.661625708884688
44 43 42 0.0 0.0 0.0 0.0 58.0 0.0 0.0 0.6806028196402526
44 43 43 0.0 0.0 3.0 0.0 52.0 2.0 0.0 0.6819288845591815
44 43 44 0.0 0.0 0.0 0.0 8.0 0.0 0.0 0.697211155378486
44 44 37 0.0 0.0 1.0 0.0 24.0 0.0 0.0 0.6913580246913579
44 44 38 0.0 0.0 7.0 0.0 119.0 2.0 0.0 0.6591337099811675
44 44 39 0.0 0.0 0.0 0.0 13.0 0.0 0.0 0.695479384003974
44 44 40 0.0 0.0 0.0 0.0 31.0 1.0 0.0 0.689655172413793
44 44 41 0.0 0.0 1.0 0.0 21.0 0.0 0.0 0.6923837784371908
44 44 42 0.0 0.0 2.0 0.0 76.0 1.0 0.0 0.6740491092922483
44 45 39 0.0 0.0 0.0 0.0 4.0 0.0 0.0 0.6986027944111775
44 45 40 0.0 0.0 0.0 0.0 7.0 0.0 0.0 0.6975585450921773
44 45 41 0.0 0.0 0.0 0.0 2.0 0.0 0.0 0.6993006993006992
45 35 37 0.0 0.0 0.0 0.0 2.0 0.0 0.0 0.6993006993006992
45 35 38 0.0 0.0 0.0 0.0 4.0 0.0 0.0 0.6986027944111775
45 35 39 0.0 0.0 0.0 0.0 3.0 0.0 0.0 0.6989515726410384
45 35 40 0.0 0.0 0.0 0.0 2.0 0.0 0.0 0.6996501749125437
45 36 37 0.0 0.0 0.0 0.0 2.0 0.0 0.0 0.6993006993006992
45 36 38 0.0 0.0 0.0 0.0 11.0 0.0 0.0 0.6961710591745399
45 36 39 0.0 0.0 7.0 0.0 80.0 0.0 0.0 0.670819357930043
45 36 40 0.0 0.0 0.0 0.0 4.0 0.0 0.0 0.6986027944111775
45 36 41 0.0 0.0 0.0 0.0 1.0 0.0 0.0 0.6996501749125437
45 36 44 0.0 0.0 0.0 0.0 2.0 0.0 0.0 0.6993006993006992
45 37 37 0.0 0.0 0.0 0.0 11.0 0.0 0.0 0.6961710591745399
45 37 38 0.0 0.0 0.0 0.0 14.0 0.0 0.0 0.6951340615690167
45 37 39 0.0 0.0 106.0 0.0 2998.0 12.0 63.0 0.27494108405341705
45 37 40 0.0 0.0 132.0 0.0 2811.0 14.0 62.0 0.2840332724690606
45 37 41 0.0 0.0 45.0 0.0 1126.0 7.0 8.0 0.44233807266982617
45 37 42 0.0 0.0 0.0 0.0 19.0 0.0 0.0 0.6937561942517343
45 37 43 0.0 0.0 0.0 0.0 5.0 0.0 0.0 0.6982543640897755
45 38 36 0.0 0.0 0.0 0.0 2.0 0.0 0.0 0.6993006993006992
45 38 37 0.0 0.0 1.0 0.0 10.0 0.0 0.0 0.6961710591745399
45 38 38 0.0 0.0 13.0 0.0 164.0 3.0 0.0 0.6439742410303587
45 38 39 0.0 0.0 0.0 0.0 106.0 0.0 0.0 0.664767331433998
45 38 40 0.0 0.0 39.0 0.0 800.0 5.0 1.0 0.49400141143260407
45 38 41 0.0 0.0 319.0 0.0 6458.0 18.0 611.0 0.15974440894568687
45 38 42 0.0 0.0 3.0 0.0 62.0 1.0 0.0 0.6782945736434108
45 38 43 0.0 0.0 0.0 0.0 4.0 0.0 0.0 0.6986027944111775
45 38 44 0.0 0.0 0.0 0.0 3.0 0.0 0.0 0.6989515726410384
45 38 45 0.0 0.0 0.0 0.0 1.0 0.0 0.0 0.6996501749125437
45 39 35 0.0 0.0 0.0 0.0 1.0 0.0 0.0 0.6996501749125437
45 39 36 0.0 0.0 0.0 0.0 6.0 0.0 0.0 0.6979062811565303
45 39 37 0.0 0.0 1.0 0.0 12.0 0.0 0.0 0.695479384003974
45 39 38 0.0 0.0 1.0 0.0 38.0 0.0 0.0 0.6866110838646394
45 39 39 0.0 0.0 6.0 0.0 231.0 1.0 0.0 0.626118067978533
45 39 40 0.0 0.0 6.0 0.0 311.0 1.0 0.0 0.6044905008635577
45 39 41 0.0 0.0 135.0 0.0 3174.0 16.0 75.0 0.264450321118247
45 39 42 0.0 0.0 9.0 0.0 313.0 2.0 0.0 0.6034482758620688
45 39 43 0.0 0.0 0.0 0.0 21.0 0.0 0.0 0.6927263730826323
45 39 44 0.0 0.0 0.0 0.0 9.0 0.0 0.0 0.6968641114982577
45 39 45 0.0 0.0 0.0 0.0 4.0 0.0 0.0 0.6986027944111775
45 40 36 0.0 0.0 0.0 0.0 4.0 0.0 0.0 0.6986027944111775
45 40 37 0.0 0.0 3.0 0.0 16.0 1.0 0.0 0.6937561942517343
45 40 38 0.0 0.0 2.0 0.0 48.0 1.0 0.0 0.6832601268911663
45 40 39 0.0 0.0 53.0 0.0 1380.0 9.0 17.0 0.4088785046728971
45 40 40 0.0 0.0 19.0 0.0 505.0 4.0 0.0 0.5559968228752977
45 40 41 0.0 0.0 51.0 0.0 1094.0 10.0 10.0 0.44671346522016586
45 40 42 0.0 0.0 1.0 0.0 76.0 0.0 0.0 0.6740491092922483
45 40 43 0.0 0.0 2.0 0.0 41.0 1.0 0.0 0.6856023506366307
45 40 44 0.0 0.0 0.0 0.0 2.0 0.0 0.0 0.6993006993006992
45 40 45 0.0 0.0 0.0 0.0 2.0 0.0 0.0 0.6993006993006992
45 41 36 0.0 0.0 0.0 0.0 4.0 0.0 0.0 0.6986027944111775
45 41 37 0.0 0.0 0.0 0.0 3.0 0.0 0.0 0.6989515726410384
45 41 38 0.0 0.0 9.0 0.0 158.0 3.0 0.0 0.6469500924214416
45 41 39 0.0 0.0 260.0 0.0 5611.0 22.0 356.0 0.17825311942959
45 41 40 0.0 0.0 38.0 0.0 896.0 8.0 4.0 0.478468899521531
45 41 41 0.0 0.0 14.0 0.0 297.0 6.0 1.0 0.6073752711496745
45 41 42 0.0 0.0 19.0 0.0 418.0 6.0 0.0 0.5758946935417523
45 41 43 0.0 0.0 2.0 0.0 69.0 1.0 0.0 0.6763285024154588
45 41 44 0.0 0.0 0.0 0.0 1.0 0.0 0.0 0.6996501749125437
45 42 38 0.0 0.0 13.0 0.0 454.0 2.0 1.0 0.5679513184584178
45 42 39 0.0 0.0 2.0 0.0 133.0 1.0 0.0 0.6560449859418931
45 42 40 0.0 0.0 20.0 0.0 517.0 3.0 1.0 0.5524861878453038
45 42 41 0.0 0.0 0.0 0.0 16.0 0.0 0.0 0.6944444444444444
45 42 42 0.0 0.0 6.0 0.0 99.0 4.0 0.0 0.6663493574488338
45 42 43 0.0 0.0 0.0 0.0 8.0 0.0 0.0 0.697211155378486
45 42 44 0.0 0.0 0.0 0.0 2.0 0.0 0.0 0.6993006993006992
45 43 37 0.0 0.0 0.0 0.0 2.0 0.0 0.0 0.6993006993006992
45 43 38 0.0 0.0 2.0 0.0 92.0 1.0 0.0 0.668896321070234
45 43 39 0.0 0.0 219.0 0.0 4391.0 28.0 142.0 0.21260440394836747
45 43 40 0.0 0.0 0.0 0.0 31.0 0.0 0.0 0.6893156080748399
45 43 41 0.0 0.0 0.0 0.0 4.0 0.0 0.0 0.6986027944111775
45 43 42 0.0 0.0 0.0 0.0 1.0 0.0 0.0 0.6996501749125437
45 44 38 0.0 0.0 2.0 0.0 30.0 1.0 0.0 0.6893156080748399
45 44 39 0.0 0.0 0.0 0.0 4.0 0.0 0.0 0.6986027944111775
45 44 40 0.0 0.0 3.0 0.0 87.0 2.0 0.0 0.6704980842911876
46 36 38 0.0 0.0 0.0 0.0 1.0 0.0 0.0 0.6996501749125437
46 36 39 0.0 0.0 0.0 0.0 2.0 0.0 0.0 0.6993006993006992
46 36 40 0.0 0.0 0.0 0.0 2.0 0.0 0.0 0.6993006993006992
46 37 39 0.0 0.0 0.0 0.0 2.0 0.0 0.0 0.6993006993006992
46 37 40 0.0 0.0 13.0 0.0 377.0 2.0 0.0 0.5862646566164154
46 37 41 0.0 0.0 5.0 0.0 126.0 2.0 0.0 0.6575857209957726
46 37 42 0.0 0.0 0.0 0.0 15.0 0.0 0.0 0.694789081885856
46 38 39 0.0 0.0 1.0 0.0 5.0 0.0 0.0 0.6979062811565303
46 38 40 0.0 0.0 0.0 0.0 15.0 0.0 0.0 0.694789081885856
46 38 41 0.0 0.0 0.0 0.0 28.0 0.0 0.0 0.690335305719921
46 38 42 0.0 0.0 0.0 0.0 13.0 0.0 0.0 0.695479384003974
46 39 40 0.0 0.0 0.0 0.0 6.0 0.0 0.0 0.6979062811565303
46 39 41 0.0 0.0 0.0 0.0 17.0 0.0 0.0 0.694100148735746
46 39 42 0.0 0.0 0.0 0.0 8.0 0.0 0.0 0.697211155378486
46 40 38 0.0 0.0 0.0 0.0 6.0 0.0 0.0 0.6979062811565303
46 40 39 0.0 0.0 0.0 0.0 2.0 0.0 0.0 0.6993006993006992
46 40 40 0.0 0.0 0.0 0.0 4.0 0.0 0.0 0.6986027944111775
46 40 41 0.0 0.0 0.0 0.0 1.0 0.0 0.0 0.6996501749125437
46 40 42 0.0 0.0 0.0 0.0 4.0 0.0 0.0 0.6986027944111775
46 41 37 0.0 0.0 0.0 0.0 1.0 0.0 0.0 0.6996501749125437
46 41 38 0.0 0.0 0.0 0.0 12.0 0.0 0.0 0.6958250497017892
46 41 39 0.0 0.0 2.0 0.0 64.0 1.0 0.0 0.6779661016949151
46 41 40 0.0 0.0 0.0 0.0 12.0 0.0 0.0 0.6958250497017892
46 42 38 0.0 0.0 1.0 0.0 18.0 0.0 0.0 0.6934125804853887
46 42 39 0.0 0.0 0.0 0.0 3.0 0.0 0.0 0.6989515726410384
46 42 40 0.0 0.0 0.0 0.0 5.0 0.0 0.0 0.6982543640897755
46 42 41 0.0 0.0 0.0 0.0 1.0 0.0 0.0 0.6996501749125437
46 43 38 0.0 0.0 0.0 0.0 3.0 0.0 0.0 0.6989515726410384
46 43 39 0.0 0.0 6.0 0.0 177.0 2.0 0.0 0.6419073819348922
46 43 40 0.0 0.0 0.0 0.0 1.0 0.0 0.0 0.6996501749125437
46 44 38 0.0 0.0 0.0 0.0 3.0 0.0 0.0 0.6989515726410384
46 44 40 0.0 0.0 0.0 0.0 2.0 0.0 0.0 0.6993006993006992
