36 41 39 0.0 0.0 0.0 0.0 1.0 0.0 0.0 0.6996501749125437
36 42 43 0.0 0.0 0.0 0.0 1.0 0.0 0.0 0.6996501749125437
37 37 40 0.0 0.0 0.0 0.0 2.0 0.0 0.0 0.6993006993006992
37 38 38 0.0 0.0 0.0 0.0 8.0 0.0 0.0 0.697211155378486
37 38 39 0.0 0.0 12.0 0.0 171.0 6.0 0.0 0.6430868167202571
37 38 40 0.0 0.0 0.0 0.0 29.0 0.0 0.0 0.6899950714637751
37 38 41 0.0 0.0 15.0 0.0 215.0 3.0 0.0 0.6286484059272563
37 39 38 0.0 0.0 0.0 0.0 14.0 0.0 0.0 0.6951340615690167
37 39 39 0.0 0.0 1.0 0.0 48.0 0.0 0.0 0.6832601268911663
37 39 40 0.0 0.0 0.0 0.0 40.0 0.0 0.0 0.6862745098039215
37 39 41 0.0 0.0 0.0 0.0 26.0 0.0 0.0 0.6910167818361302
37 39 42 0.0 0.0 0.0 0.0 1.0 0.0 0.0 0.6996501749125437
37 40 38 0.0 0.0 0.0 0.0 18.0 1.0 0.0 0.694100148735746
37 40 39 0.0 0.0 33.0 0.0 704.0 8.0 2.0 0.5130084279956026
37 40 40 0.0 0.0 0.0 0.0 53.0 0.0 1.0 0.6822612085769979
37 40 41 0.0 0.0 1.0 0.0 73.0 1.0 0.0 0.6756756756756755
37 41 38 0.0 0.0 0.0 0.0 6.0 0.0 0.0 0.6979062811565303
37 41 39 0.0 0.0 1.0 0.0 30.0 0.0 0.0 0.6893156080748399
37 41 40 0.0 0.0 1.0 0.0 92.0 0.0 0.0 0.668896321070234
37 41 41 0.0 0.0 4.0 0.0 31.0 0.0 0.0 0.6879606879606879
37 41 42 0.0 0.0 46.0 0.0 1016.0 10.0 7.0 0.45871559633027514
37 42 38 0.0 0.0 0.0 0.0 1.0 0.0 0.0 0.6996501749125437
37 42 39 0.0 0.0 0.0 0.0 17.0 0.0 0.0 0.694100148735746
37 42 40 0.0 0.0 0.0 0.0 24.0 0.0 0.0 0.6916996047430829
37 42 41 0.0 0.0 0.0 0.0 11.0 0.0 0.0 0.6961710591745399
37 43 39 0.0 0.0 0.0 0.0 1.0 0.0 0.0 0.6996501749125437
37 43 40 0.0 0.0 0.0 0.0 2.0 0.0 0.0 0.6993006993006992
38 37 39 0.0 0.0 0.0 0.0 1.0 0.0 0.0 0.6996501749125437
38 37 40 0.0 0.0 0.0 0.0 2.0 0.0 0.0 0.6993006993006992
38 37 41 0.0 0.0 1.0 0.0 14.0 1.0 0.0 0.6951340615690167
38 38 37 0.0 0.0 0.0 0.0 1.0 0.0 0.0 0.6996501749125437
38 38 38 0.0 0.0 29.0 0.0 707.0 9.0 3.0 0.5133846718005133
38 38 39 0.0 0.0 6.0 0.0 224.0 2.0 0.0 0.6283662477558347
38 38 40 0.0 0.0 0.0 0.0 132.0 1.0 0.0 0.6569685593618019
38 38 41 0.0 0.0 15.0 0.0 414.0 5.0 2.0 0.5775577557755774
38 38 42 0.0 0.0 0.0 0.0 36.0 0.0 0.0 0.6876227897838899
38 39 37 0.0 0.0 0.0 0.0 1.0 0.0 0.0 0.6996501749125437
38 39 38 0.0 0.0 0.0 0.0 98.0 0.0 0.0 0.6673021925643469
38 39 39 0.0 0.0 306.0 0.0 6743.0 23.0 638.0 0.15509028470145117
38 39 40 0.0 0.0 353.0 0.0 7185.0 26.0 703.0 0.14710518020384575
38 39 41 0.0 0.0 19.0 0.0 678.0 1.0 6.0 0.5192878338278931
38 39 42 0.0 0.0 0.0 0.0 55.0 0.0 0.0 0.6812652068126519
38 40 37 0.0 0.0 0.0 0.0 2.0 0.0 0.0 0.6993006993006992
38 40 38 0.0 0.0 0.0 0.0 58.0 0.0 0.0 0.6802721088435373
38 40 39 0.0 0.0 185.0 0.0 3534.0 18.0 90.0 0.24544179523141652
38 40 40 0.0 0.0 177.0 0.0 4086.0 25.0 112.0 0.22435897435897428
38 40 41 0.0 0.0 158.0 0.0 3804.0 10.0 122.0 0.23521505376344085
38 40 42 0.0 0.0 4.0 0.0 58.0 0.0 0.0 0.6789524733268669
38 40 43 0.0 0.0 0.0 0.0 1.0 0.0 0.0 0.6996501749125437
38 41 38 0.0 0.0 0.0 3.0 33.0 0.0 0.0 0.6876227897838899
38 41 39 0.0 0.0 103.0 0.0 2765.0 15.0 74.0 0.288421920065925
38 41 40 0.0 0.0 367.0 0.0 7959.0 17.0 1170.0 0.1357115160915083
38 41 41 0.0 0.0 60.0 0.0 1253.0 7.0 11.0 0.4234724742891712
38 41 42 0.0 0.0 4.0 0.0 81.0 1.0 0.0 0.6717850287907868
38 41 43 0.0 0.0 0.0 0.0 1.0 0.0 0.0 0.6996501749125437
38 42 38 0.0 0.0 0.0 0.0 9.0 0.0 0.0 0.6968641114982577
38 42 39 0.0 0.0 29.0 0.0 510.0 3.0 1.0 0.5520504731861199
38 42 40 0.0 0.0 88.0 0.0 2238.0 10.0 29.0 0.3243744207599629
38 42 41 0.0 0.0 17.0 0.0 367.0 6.0 0.0 0.5887300252312867
38 42 42 0.0 0.0 0.0 0.0 13.0 0.0 0.0 0.695479384003974
38 43 39 0.0 0.0 1.0 0.0 23.0 0.0 0.0 0.6916996047430829
38 43 40 0.0 0.0 0.0 0.0 5.0 0.0 0.0 0.6982543640897755
38 43 41 0.0 0.0 0.0 0.0 2.0 0.0 0.0 0.6993006993006992
39 37 37 0.0 0.0 0.0 0.0 2.0 0.0 0.0 0.6993006993006992
39 37 38 0.0 0.0 0.0 0.0 8.0 0.0 0.0 0.697211155378486
39 37 39 0.0 0.0 0.0 0.0 11.0 0.0 0.0 0.6961710591745399
39 37 40 0.0 0.0 5.0 0.0 82.0 0.0 0.0 0.670819357930043
39 37 41 0.0 0.0 5.0 0.0 45.0 2.0 0.0 0.6835937499999999
39 37 42 0.0 0.0 0.0 0.0 1.0 0.0 0.0 0.6996501749125437
39 38 37 0.0 0.0 3.0 0.0 40.0 1.0 0.0 0.6856023506366307
39 38 38 0.0 0.0 6.0 0.0 123.0 2.0 0.0 0.6582040432534085
39 38 39 0.0 0.0 19.0 0.0 519.0 3.0 1.0 0.5527043031977891
39 38 40 0.0 0.0 210.0 0.0 4531.0 19.0 179.0 0.20824036888293915
39 38 41 0.0 0.0 3.0 0.0 163.0 0.0 0.0 0.6466512702078521
39 38 42 0.0 0.0 6.0 0.0 173.0 1.0 0.0 0.6427915518824608
39 38 43 0.0 0.0 0.0 0.0 8.0 0.0 0.0 0.697211155378486
39 39 37 0.0 0.0 0.0 0.0 12.0 0.0 0.0 0.6958250497017892
39 39 38 0.0 0.0 101.0 0.0 2102.0 15.0 31.0 0.3343682827800334
39 39 39 0.0 0.0 371.0 3.0 8566.0 24.0 1552.0 0.12808783165599266
39 39 40 0.0 0.0 360.0 8.0 7669.0 19.0 962.0 0.1396508728179551
39 39 41 0.0 0.0 500.0 2.0 9577.0 19.0 2426.0 0.11590363440682175
39 39 42 0.0 0.0 2.0 0.0 231.0 1.0 0.0 0.6272401433691756
39 39 43 0.0 0.0 0.0 0.0 1.0 0.0 0.0 0.6996501749125437
39 40 37 0.0 0.0 2.0 0.0 31.0 0.0 0.0 0.6886374815543531
39 40 38 0.0 0.0 96.0 1.0 2274.0 17.0 32.0 0.32146957520091846
39 40 39 0.0 0.0 402.0 9.0 8653.0 23.0 1530.0 0.12674271229404308
39 40 40 0.0 1.0 957.0 9.0 12574.0 32.0 8665.0 0.09011908593498551
39 40 41 0.0 0.0 216.0 9.0 5139.0 20.0 273.0 0.19057990743261632
39 40 42 0.0 0.0 2.0 0.0 157.0 1.0 0.0 0.6487488415199257
39 40 43 0.0 0.0 0.0 0.0 6.0 0.0 0.0 0.6982543640897755
39 41 37 0.0 0.0 0.0 0.0 1.0 0.0 0.0 0.6996501749125437
39 41 38 0.0 0.0 0.0 0.0 64.0 0.0 0.0 0.6782945736434108
39 41 39 0.0 0.0 183.0 41.0 3806.0 20.0 145.0 0.23298385754701278
39 41 40 0.0 0.0 495.0 5.0 9989.0 16.0 2709.0 0.11217948717948717
39 41 41 0.0 0.0 198.0 17.0 4804.0 21.0 273.0 0.20008575103615833
39 41 42 0.0 0.0 58.0 0.0 1714.0 9.0 17.0 0.37204358224820616
39 41 43 0.0 0.0 2.0 0.0 26.0 0.0 0.0 0.690335305719921
39 42 38 0.0 0.0 0.0 0.0 4.0 0.0 0.0 0.6986027944111775
39 42 39 0.0 0.0 0.0 0.0 88.0 0.0 0.0 0.6704980842911876
39 42 40 0.0 0.0 23.0 14.0 544.0 7.0 0.0 0.5439005439005438
39 42 41 0.0 0.0 92.0 1.0 1995.0 16.0 19.0 0.3438958486858265
39 42 42 0.0 0.0 0.0 2.0 18.0 0.0 0.0 0.6930693069306929
39 43 37 0.0 0.0 0.0 0.0 1.0 0.0 0.0 0.6996501749125437
39 43 39 0.0 0.0 0.0 0.0 1.0 0.0 0.0 0.6996501749125437
39 43 40 0.0 0.0 0.0 0.0 8.0 0.0 0.0 0.697211155378486
39 43 41 0.0 0.0 0.0 0.0 1.0 0.0 0.0 0.6996501749125437
40 37 37 0.0 0.0 0.0 0.0 2.0 0.0 0.0 0.6993006993006992
40 37 38 0.0 0.0 0.0 0.0 12.0 0.0 0.0 0.6958250497017892
40 37 39 0.0 0.0 0.0 0.0 9.0 0.0 0.0 0.6968641114982577
40 37 40 0.0 0.0 0.0 0.0 9.0 0.0 0.0 0.6968641114982577
40 37 41 0.0 0.0 0.0 0.0 11.0 0.0 0.0 0.6961710591745399
40 37 42 0.0 0.0 0.0 0.0 2.0 0.0 0.0 0.6993006993006992
40 38 37 0.0 0.0 29.0 0.0 711.0 4.0 3.0 0.5116959064327484
40 38 38 0.0 0.0 218.0 0.0 5266.0 18.0 281.0 0.18744142455482657
40 38 39 0.0 0.0 67.0 0.0 1414.0 10.0 14.0 0.40345821325648407
40 38 40 0.0 0.0 68.0 0.0 1369.0 10.0 8.0 0.4084014002333722
40 38 41 0.0 0.0 90.0 0.0 2422.0 16.0 52.0 0.3113879003558718
40 38 42 0.0 0.0 8.0 0.0 247.0 3.0 0.0 0.6216696269982237
40 38 43 0.0 0.0 0.0 0.0 3.0 0.0 0.0 0.6989515726410384
40 39 37 0.0 0.0 4.0 0.0 59.0 0.0 0.0 0.6789524733268669
40 39 38 0.0 0.0 163.0 0.0 3953.0 23.0 124.0 0.2296964725184577
40 39 39 0.0 0.0 462.0 3.0 9370.0 23.0 2019.0 0.11837321383275554
40 39 40 0.0 0.0 331.0 4.0 7257.0 22.0 757.0 0.1461530431151477
40 39 41 0.0 2.0 292.0 11.0 7264.0 19.0 855.0 0.1465201465201465
40 39 42 0.0 0.0 186.0 1.0 4527.0 22.0 251.0 0.20917376363364706
40 39 43 0.0 0.0 0.0 0.0 14.0 0.0 0.0 0.6951340615690167
40 40 37 0.0 0.0 11.0 0.0 371.0 4.0 2.0 0.5887300252312867
40 40 38 0.0 0.0 259.0 0.0 5725.0 25.0 376.0 0.1757910597689603
40 40 39 0.0 2.0 520.0 15.0 9883.0 25.0 2202.0 0.11289412144181919
40 40 40 11.0 34.0 1501.0 485.0 12083.0 33.0 23878.0 0.08683247534577931
40 40 41 0.0 0.0 813.0 5.0 12429.0 28.0 6621.0 0.09184543724988518
40 40 42 0.0 0.0 146.0 0.0 3502.0 12.0 89.0 0.24835905623558624
40 40 43 0.0 0.0 0.0 0.0 14.0 0.0 0.0 0.6951340615690167
40 41 37 0.0 0.0 4.0 0.0 101.0 4.0 0.0 0.6663493574488338
40 41 38 0.0 0.0 14.0 1.0 357.0 2.0 0.0 0.590717299578059
40 41 39 0.0 0.0 186.0 0.0 4579.0 10.0 200.0 0.2072232089994079
40 41 40 0.0 2.0 371.0 15.0 7685.0 16.0 904.0 0.13908205841446453
40 41 41 0.0 111.0 229.0 2619.0 4554.0 30.0 662.0 0.1476170392239561
40 41 42 0.0 0.0 163.0 1.0 3704.0 17.0 128.0 0.23907103825136608
40 41 43 0.0 0.0 0.0 0.0 3.0 0.0 0.0 0.6989515726410384
40 42 37 0.0 0.0 0.0 0.0 1.0 0.0 0.0 0.6996501749125437
40 42 38 0.0 0.0 45.0 0.0 1197.0 9.0 3.0 0.43316831683168305
40 42 39 0.0 0.0 7.0 0.0 312.0 3.0 1.0 0.6044905008635577
40 42 40 0.0 0.0 207.0 5.0 4483.0 20.0 179.0 0.2097064110245656
40 42 41 0.0 0.0 16.0 0.0 386.0 2.0 0.0 0.5833333333333333
40 42 42 0.0 0.0 0.0 6.0 14.0 0.0 0.0 0.6930693069306929
40 42 43 0.0 0.0 1.0 0.0 10.0 0.0 0.0 0.6961710591745399
40 43 39 0.0 0.0 0.0 0.0 6.0 0.0 0.0 0.6979062811565303
40 43 40 0.0 0.0 0.0 0.0 6.0 0.0 0.0 0.6979062811565303
40 43 41 0.0 0.0 1.0 0.0 9.0 0.0 0.0 0.6965174129353233
40 43 42 0.0 0.0 0.0 0.0 1.0 0.0 0.0 0.6996501749125437
41 37 37 0.0 0.0 1.0 0.0 17.0 0.0 0.0 0.6937561942517343
41 37 38 0.0 0.0 0.0 0.0 7.0 0.0 0.0 0.6975585450921773
41 37 39 0.0 0.0 16.0 0.0 291.0 3.0 0.0 0.6076388888888887
41 37 40 0.0 0.0 0.0 0.0 10.0 0.0 0.0 0.6965174129353233
41 37 41 0.0 0.0 0.0 0.0 5.0 0.0 0.0 0.6982543640897755
41 38 37 0.0 0.0 0.0 0.0 8.0 0.0 0.0 0.697211155378486
41 38 38 0.0 0.0 104.0 0.0 2441.0 17.0 44.0 0.3091190108191653
41 38 39 0.0 0.0 10.0 0.0 275.0 5.0 0.0 0.6140350877192982
41 38 40 0.0 0.0 10.0 0.0 476.0 3.0 0.0 0.5638340716874747
41 38 41 0.0 0.0 4.0 0.0 163.0 1.0 1.0 0.6463527239150507
41 38 42 0.0 0.0 14.0 0.0 323.0 7.0 0.0 0.6008583690987124
41 38 43 0.0 0.0 0.0 0.0 6.0 0.0 0.0 0.6979062811565303
41 39 37 0.0 0.0 0.0 0.0 23.0 0.0 0.0 0.6920415224913494
41 39 38 0.0 0.0 102.0 0.0 2269.0 16.0 23.0 0.32146957520091846
41 39 39 0.0 0.0 668.0 0.0 11170.0 27.0 3947.0 0.10123653192566345
41 39 40 0.0 0.0 349.0 2.0 7263.0 28.0 725.0 0.14593974773272175
41 39 41 0.0 1.0 657.0 4.0 11055.0 29.0 3595.0 0.10219724067450177
41 39 42 0.0 0.0 203.0 0.0 4528.0 27.0 216.0 0.20873714030117782
41 39 43 0.0 0.0 0.0 0.0 12.0 0.0 0.0 0.6961710591745399
41 40 36 0.0 0.0 0.0 0.0 1.0 0.0 0.0 0.6996501749125437
41 40 37 0.0 0.0 10.0 0.0 153.0 4.0 0.0 0.6484483557202407
41 40 38 0.0 0.0 91.0 0.0 1979.0 11.0 30.0 0.3448275862068965
41 40 39 0.0 0.0 463.0 4.0 8915.0 26.0 1489.0 0.12317437972901635
41 40 40 0.0 0.0 246.0 9.0 5945.0 18.0 433.0 0.1710654936461388
41 40 41 0.0 0.0 749.0 1.0 11907.0 21.0 5959.0 0.09549795361527967
41 40 42 0.0 0.0 198.0 0.0 3881.0 29.0 132.0 0.2313667162452487
41 40 43 0.0 0.0 0.0 0.0 12.0 0.0 0.0 0.6958250497017892
41 41 36 0.0 0.0 0.0 0.0 2.0 0.0 0.0 0.6993006993006992
41 41 37 0.0 0.0 39.0 0.0 851.0 7.0 2.0 0.48560527228581335
41 41 38 0.0 0.0 123.0 0.0 2601.0 25.0 35.0 0.2979991485738612
41 41 39 0.0 0.0 602.0 2.0 10273.0 25.0 2418.0 0.10881392818280738
41 41 40 0.0 0.0 550.0 2.0 10125.0 25.0 2764.0 0.11061072924073634
41 41 41 0.0 0.0 296.0 5.0 6539.0 29.0 625.0 0.15883821193555706
41 41 42 0.0 0.0 1.0 3.0 240.0 0.0 0.0 0.6244424620874218
41 41 43 0.0 0.0 0.0 0.0 10.0 0.0 0.0 0.6965174129353233
41 42 37 0.0 0.0 0.0 0.0 1.0 0.0 0.0 0.6996501749125437
41 42 38 0.0 0.0 0.0 0.0 39.0 0.0 0.0 0.6866110838646394
41 42 39 0.0 0.0 1.0 0.0 128.0 0.0 0.0 0.6575857209957726
41 42 40 0.0 0.0 32.0 2.0 612.0 7.0 1.0 0.5305039787798408
41 42 41 0.0 0.0 1.0 4.0 107.0 0.0 0.0 0.6631927996210326
41 42 42 0.0 0.0 15.0 1.0 255.0 5.0 0.0 0.6178287731685789
41 43 38 0.0 0.0 0.0 0.0 1.0 0.0 0.0 0.6996501749125437
41 43 39 0.0 0.0 0.0 0.0 7.0 1.0 0.0 0.6979062811565303
41 43 40 0.0 0.0 0.0 0.0 9.0 0.0 0.0 0.6968641114982577
41 43 41 0.0 0.0 0.0 0.0 8.0 0.0 0.0 0.697211155378486
41 43 42 0.0 0.0 0.0 0.0 1.0 0.0 0.0 0.6996501749125437
42 37 37 0.0 0.0 0.0 0.0 2.0 0.0 0.0 0.6993006993006992
42 37 38 0.0 0.0 0.0 0.0 4.0 0.0 0.0 0.6986027944111775
42 37 39 0.0 0.0 3.0 0.0 9.0 1.0 0.0 0.6961710591745399
42 37 40 0.0 0.0 0.0 0.0 3.0 0.0 0.0 0.6989515726410384
42 38 37 0.0 0.0 0.0 0.0 2.0 0.0 0.0 0.6993006993006992
42 38 38 0.0 0.0 65.0 0.0 1458.0 13.0 18.0 0.39886039886039887
42 38 39 0.0 0.0 160.0 0.0 3648.0 12.0 108.0 0.2415875754961173
42 38 40 0.0 0.0 8.0 0.0 321.0 0.0 1.0 0.6013745704467354
42 38 41 0.0 0.0 4.0 0.0 143.0 2.0 0.0 0.6529850746268656
42 38 42 0.0 0.0 0.0 0.0 31.0 0.0 0.0 0.689655172413793
42 38 43 0.0 0.0 1.0 0.0 3.0 0.0 0.0 0.6986027944111775
42 39 37 0.0 0.0 2.0 0.0 22.0 1.0 0.0 0.6920415224913494
42 39 38 0.0 0.0 5.0 0.0 184.0 1.0 0.0 0.639853747714808
42 39 39 0.0 0.0 55.0 0.0 1454.0 7.0 13.0 0.39988574692944867
42 39 40 0.0 0.0 21.0 0.0 523.0 5.0 1.0 0.5513981882630956
42 39 41 0.0 0.0 64.0 0.0 1515.0 20.0 8.0 0.39336892385501543
42 39 42 0.0 0.0 183.0 0.0 4280.0 20.0 175.0 0.21722265321955
42 39 43 0.0 0.0 5.0 0.0 47.0 1.0 0.0 0.68259385665529
42 40 37 0.0 0.0 1.0 0.0 32.0 0.0 0.0 0.6886374815543531
42 40 38 0.0 0.0 286.0 0.0 5714.0 23.0 350.0 0.1754605840330868
42 40 39 0.0 0.0 263.0 0.0 5031.0 18.0 233.0 0.1924134139637163
42 40 40 0.0 0.0 373.0 0.0 8032.0 36.0 1048.0 0.13491375156596316
42 40 41 0.0 0.0 75.0 0.0 1432.0 20.0 10.0 0.40149125322626894
42 40 42 0.0 0.0 69.0 1.0 1711.0 18.0 14.0 0.37184594953519245
42 40 43 0.0 0.0 0.0 0.0 7.0 0.0 0.0 0.6979062811565303
42 41 37 0.0 0.0 0.0 0.0 11.0 0.0 0.0 0.6961710591745399
42 41 38 0.0 0.0 0.0 0.0 63.0 0.0 0.0 0.6786233640329616
42 41 39 0.0 0.0 94.0 0.0 2763.0 16.0 49.0 0.28919644701507946
42 41 40 0.0 0.0 10.0 0.0 401.0 5.0 0.0 0.5818786367414795
42 41 41 0.0 0.0 289.0 0.0 6360.0 19.0 523.0 0.16214964095436646
42 41 42 0.0 0.0 27.0 0.0 764.0 6.0 3.0 0.5026929982046677
42 41 43 0.0 0.0 0.0 0.0 7.0 0.0 0.0 0.6975585450921773
42 42 38 0.0 0.0 6.0 0.0 295.0 3.0 2.0 0.609225413402959
42 42 39 0.0 0.0 20.0 0.0 554.0 4.0 0.0 0.5447470817120622
42 42 40 0.0 0.0 145.0 0.0 3497.0 15.0 110.0 0.24880042651501685
42 42 41 0.0 0.0 11.0 0.0 193.0 3.0 1.0 0.6360745115856428
42 42 42 0.0 0.0 10.0 0.0 161.0 3.0 0.0 0.6457564575645756
42 43 39 0.0 0.0 0.0 0.0 1.0 0.0 0.0 0.6996501749125437
42 43 40 0.0 0.0 0.0 0.0 6.0 0.0 0.0 0.6979062811565303
42 43 41 0.0 0.0 0.0 0.0 2.0 0.0 0.0 0.6993006993006992
43 37 38 0.0 0.0 0.0 0.0 2.0 0.0 0.0 0.6993006993006992
43 37 39 0.0 0.0 0.0 0.0 2.0 0.0 0.0 0.6993006993006992
43 37 40 0.0 0.0 0.0 0.0 2.0 0.0 0.0 0.6993006993006992
43 38 39 0.0 0.0 1.0 0.0 3.0 0.0 0.0 0.6986027944111775
43 38 40 0.0 0.0 0.0 0.0 7.0 0.0 0.0 0.6975585450921773
43 38 41 0.0 0.0 0.0 0.0 2.0 0.0 0.0 0.6993006993006992
43 38 42 0.0 0.0 0.0 0.0 13.0 0.0 0.0 0.695479384003974
43 38 43 0.0 0.0 0.0 0.0 2.0 0.0 0.0 0.6993006993006992
43 39 37 0.0 0.0 0.0 0.0 6.0 0.0 0.0 0.6979062811565303
43 39 38 0.0 0.0 0.0 0.0 10.0 0.0 0.0 0.6965174129353233
43 39 39 0.0 0.0 3.0 0.0 101.0 1.0 0.0 0.6657156443176413
43 39 40 0.0 0.0 17.0 0.0 727.0 5.0 4.0 0.511135450894487
43 39 41 0.0 0.0 0.0 0.0 30.0 0.0 0.0 0.689655172413793
43 39 42 0.0 0.0 1.0 0.0 11.0 1.0 0.0 0.6961710591745399
43 39 43 0.0 0.0 0.0 0.0 5.0 0.0 0.0 0.6982543640897755
43 40 37 0.0 0.0 0.0 0.0 3.0 0.0 0.0 0.6989515726410384
43 40 38 0.0 0.0 3.0 0.0 36.0 1.0 0.0 0.6869479882237487
43 40 39 0.0 0.0 2.0 0.0 35.0 0.0 0.0 0.6876227897838899
43 40 40 0.0 0.0 3.0 0.0 79.0 2.0 0.0 0.6730769230769229
43 40 41 0.0 0.0 0.0 0.0 54.0 0.0 0.0 0.6815968841285296
43 40 42 0.0 0.0 0.0 0.0 14.0 0.0 0.0 0.6951340615690167
43 40 43 0.0 0.0 0.0 0.0 3.0 0.0 0.0 0.6989515726410384
43 41 37 0.0 0.0 0.0 0.0 1.0 0.0 0.0 0.6996501749125437
43 41 38 0.0 0.0 0.0 0.0 6.0 0.0 0.0 0.6979062811565303
43 41 39 0.0 0.0 11.0 0.0 219.0 4.0 0.0 0.6289308176100628
43 41 40 0.0 0.0 4.0 0.0 103.0 2.0 0.0 0.6650831353919239
43 41 41 0.0 0.0 1.0 0.0 30.0 0.0 0.0 0.6893156080748399
43 41 42 0.0 0.0 0.0 0.0 15.0 0.0 0.0 0.694789081885856
43 41 43 0.0 0.0 0.0 0.0 1.0 0.0 0.0 0.6996501749125437
43 42 38 0.0 0.0 0.0 0.0 3.0 0.0 0.0 0.6989515726410384
43 42 39 0.0 0.0 0.0 0.0 5.0 0.0 0.0 0.6982543640897755
43 42 40 0.0 0.0 3.0 0.0 65.0 1.0 0.0 0.6773101112723753
43 42 41 0.0 0.0 0.0 0.0 2.0 0.0 0.0 0.6993006993006992
43 42 42 0.0 0.0 0.0 0.0 7.0 0.0 0.0 0.6975585450921773
43 43 37 0.0 0.0 0.0 0.0 1.0 0.0 0.0 0.6996501749125437
43 43 39 0.0 0.0 0.0 0.0 3.0 0.0 0.0 0.6989515726410384
43 43 40 0.0 0.0 0.0 0.0 1.0 0.0 0.0 0.6996501749125437
43 43 41 0.0 0.0 0.0 0.0 1.0 0.0 0.0 0.6996501749125437
44 38 40 0.0 0.0 2.0 0.0 29.0 1.0 0.0 0.689655172413793
