34 39 39 0.0 0.0 0.0 0.0 1.0 0.0 0.0 0.6996501749125437
34 40 38 0.0 0.0 0.0 0.0 1.0 0.0 0.0 0.6996501749125437
34 40 40 0.0 0.0 0.0 0.0 1.0 0.0 0.0 0.6996501749125437
34 41 39 0.0 0.0 0.0 0.0 3.0 0.0 0.0 0.6989515726410384
35 38 37 0.0 0.0 0.0 0.0 1.0 0.0 0.0 0.6996501749125437
35 38 38 0.0 0.0 0.0 0.0 2.0 0.0 0.0 0.6993006993006992
35 38 40 0.0 0.0 0.0 0.0 1.0 0.0 0.0 0.6996501749125437
35 38 41 0.0 0.0 0.0 0.0 1.0 0.0 0.0 0.6996501749125437
35 39 37 0.0 0.0 0.0 0.0 1.0 0.0 0.0 0.6996501749125437
35 39 38 0.0 0.0 1.0 0.0 35.0 0.0 0.0 0.6876227897838899
35 39 39 0.0 0.0 0.0 0.0 3.0 0.0 0.0 0.6989515726410384
35 39 40 0.0 0.0 0.0 0.0 7.0 0.0 0.0 0.6975585450921773
35 39 41 0.0 0.0 0.0 0.0 1.0 0.0 0.0 0.6996501749125437
35 39 43 0.0 0.0 0.0 0.0 4.0 0.0 0.0 0.6986027944111775
35 40 38 0.0 0.0 6.0 0.0 79.0 3.0 0.0 0.6727534839019701
35 40 39 0.0 0.0 75.0 0.0 1723.0 14.0 28.0 0.36997885835095135
35 40 40 0.0 0.0 0.0 0.0 7.0 0.0 0.0 0.6975585450921773
35 40 41 0.0 0.0 0.0 0.0 2.0 0.0 0.0 0.6993006993006992
35 40 42 0.0 0.0 0.0 0.0 6.0 0.0 0.0 0.6979062811565303
35 41 38 0.0 0.0 0.0 0.0 5.0 0.0 0.0 0.6982543640897755
35 41 39 0.0 0.0 49.0 0.0 1143.0 6.0 4.0 0.4394224733207784
35 41 40 0.0 0.0 0.0 0.0 8.0 0.0 0.0 0.697211155378486
35 41 41 0.0 0.0 0.0 0.0 4.0 0.0 0.0 0.6986027944111775
35 41 42 0.0 0.0 0.0 0.0 5.0 0.0 0.0 0.6982543640897755
35 41 43 0.0 0.0 0.0 0.0 2.0 0.0 0.0 0.6993006993006992
35 42 39 0.0 0.0 0.0 0.0 1.0 0.0 0.0 0.6996501749125437
35 42 40 0.0 0.0 0.0 0.0 7.0 0.0 0.0 0.6975585450921773
35 42 41 0.0 0.0 0.0 0.0 3.0 0.0 0.0 0.6989515726410384
35 42 42 0.0 0.0 0.0 0.0 3.0 0.0 0.0 0.6989515726410384
35 42 43 0.0 0.0 0.0 0.0 3.0 0.0 0.0 0.6989515726410384
35 43 42 0.0 0.0 0.0 0.0 1.0 0.0 0.0 0.6996501749125437
35 43 43 0.0 0.0 0.0 0.0 1.0 0.0 0.0 0.6996501749125437
36 36 38 0.0 0.0 0.0 0.0 2.0 0.0 0.0 0.6996501749125437
36 36 40 0.0 0.0 0.0 0.0 2.0 0.0 0.0 0.6993006993006992
36 37 36 0.0 0.0 0.0 0.0 1.0 0.0 0.0 0.6996501749125437
36 37 37 0.0 0.0 0.0 0.0 1.0 0.0 0.0 0.6996501749125437
36 37 38 0.0 0.0 0.0 0.0 29.0 0.0 0.0 0.6899950714637751
36 37 39 0.0 0.0 8.0 0.0 242.0 1.0 0.0 0.6227758007117437
36 37 40 0.0 0.0 4.0 0.0 157.0 1.0 0.0 0.648148148148148
36 37 41 0.0 0.0 10.0 0.0 237.0 3.0 0.0 0.623885918003565
36 37 42 0.0 0.0 0.0 0.0 38.0 0.0 0.0 0.6869479882237487
36 37 43 0.0 0.0 0.0 0.0 2.0 0.0 0.0 0.6993006993006992
36 38 37 0.0 0.0 0.0 0.0 1.0 0.0 0.0 0.6996501749125437
36 38 38 0.0 0.0 1.0 0.0 67.0 2.0 0.0 0.6779661016949151
36 38 39 0.0 0.0 10.0 0.0 215.0 2.0 0.0 0.6297795771479981
36 38 40 0.0 0.0 27.0 0.0 567.0 6.0 1.0 0.5411673753382295
36 38 41 0.0 0.0 2.0 0.0 125.0 2.0 0.0 0.6591337099811675
36 38 42 0.0 0.0 0.0 0.0 81.0 0.0 0.0 0.6727534839019701
36 38 43 0.0 0.0 0.0 0.0 1.0 0.0 0.0 0.6996501749125437
36 38 44 0.0 0.0 0.0 0.0 5.0 0.0 0.0 0.6982543640897755
36 39 36 0.0 0.0 0.0 0.0 2.0 0.0 0.0 0.6993006993006992
36 39 37 0.0 0.0 1.0 0.0 24.0 0.0 0.0 0.6913580246913579
36 39 38 0.0 0.0 88.0 0.0 2193.0 13.0 39.0 0.32794565472007486
36 39 39 0.0 0.0 60.0 0.0 1557.0 7.0 23.0 0.38781163434903043
36 39 40 0.0 0.0 27.0 0.0 873.0 4.0 6.0 0.4835924006908462
36 39 41 0.0 0.0 1.0 0.0 64.0 1.0 0.0 0.6782945736434108
36 39 42 0.0 0.0 117.0 0.0 2413.0 14.0 33.0 0.31000885739592554
36 39 43 0.0 0.0 0.0 0.0 7.0 0.0 0.0 0.6975585450921773
36 40 37 0.0 0.0 0.0 0.0 7.0 0.0 0.0 0.6975585450921773
36 40 38 0.0 0.0 49.0 0.0 911.0 11.0 3.0 0.4747371990505256
36 40 39 0.0 0.0 208.0 0.0 5222.0 11.0 366.0 0.18865382023985985
36 40 40 0.0 0.0 57.0 0.0 1008.0 7.0 7.0 0.45766590389016015
36 40 41 0.0 0.0 6.0 0.0 168.0 2.0 0.0 0.64486411791801
36 40 42 0.0 0.0 1.0 0.0 118.0 0.0 0.0 0.6610009442870631
36 40 43 0.0 0.0 29.0 0.0 628.0 3.0 1.0 0.5277044854881267
36 40 44 0.0 0.0 0.0 0.0 3.0 0.0 0.0 0.6989515726410384
36 41 37 0.0 0.0 1.0 0.0 57.0 0.0 0.0 0.6802721088435373
36 41 38 0.0 0.0 41.0 0.0 910.0 6.0 5.0 0.47538200339558573
36 41 39 0.0 0.0 110.0 0.0 3092.0 26.0 73.0 0.27037466203167243
36 41 40 0.0 0.0 15.0 0.0 393.0 4.0 0.0 0.5826050769870994
36 41 41 0.0 0.0 190.0 0.0 3845.0 17.0 124.0 0.23263542705217674
36 41 42 0.0 0.0 168.0 0.0 3505.0 12.0 85.0 0.24717514124293782
36 41 43 0.0 0.0 8.0 0.0 200.0 5.0 0.0 0.6354970494779845
36 41 44 0.0 0.0 0.0 0.0 1.0 0.0 0.0 0.6996501749125437
36 42 37 0.0 0.0 0.0 0.0 6.0 0.0 0.0 0.6979062811565303
36 42 38 0.0 0.0 0.0 0.0 38.0 0.0 0.0 0.6869479882237487
36 42 39 0.0 0.0 4.0 0.0 76.0 1.0 0.0 0.6734006734006733
36 42 40 0.0 0.0 7.0 0.0 192.0 7.0 0.0 0.6386861313868613
36 42 41 0.0 0.0 9.0 0.0 176.0 2.0 0.0 0.6416131989000916
36 42 42 0.0 0.0 98.0 0.0 1946.0 10.0 19.0 0.34705007436787305
36 42 43 0.0 0.0 2.0 0.0 101.0 0.0 0.0 0.6657156443176413
36 42 44 0.0 0.0 0.0 0.0 12.0 0.0 0.0 0.6958250497017892
36 43 37 0.0 0.0 0.0 0.0 1.0 0.0 0.0 0.6996501749125437
36 43 38 0.0 0.0 0.0 0.0 5.0 0.0 0.0 0.6982543640897755
36 43 39 0.0 0.0 3.0 0.0 59.0 0.0 0.0 0.6789524733268669
36 43 40 0.0 0.0 2.0 0.0 41.0 0.0 0.0 0.6852667645619186
36 43 41 0.0 0.0 1.0 0.0 44.0 0.0 0.0 0.6845965770171147
36 43 42 0.0 0.0 0.0 0.0 9.0 0.0 0.0 0.6968641114982577
36 43 43 0.0 0.0 0.0 0.0 5.0 0.0 0.0 0.6982543640897755
36 43 44 0.0 0.0 0.0 0.0 3.0 0.0 0.0 0.6989515726410384
36 44 40 0.0 0.0 0.0 0.0 1.0 0.0 0.0 0.6996501749125437
36 44 41 0.0 0.0 0.0 0.0 3.0 0.0 0.0 0.6989515726410384
37 36 38 0.0 0.0 0.0 0.0 6.0 0.0 0.0 0.6979062811565303
37 36 39 0.0 0.0 31.0 0.0 660.0 5.0 2.0 0.5212211466865226
37 36 40 0.0 0.0 0.0 0.0 24.0 0.0 0.0 0.6916996047430829
37 36 41 0.0 0.0 0.0 0.0 7.0 0.0 0.0 0.6975585450921773
37 36 42 0.0 0.0 0.0 0.0 2.0 0.0 0.0 0.6993006993006992
37 36 43 0.0 0.0 0.0 0.0 1.0 0.0 0.0 0.6996501749125437
37 37 36 0.0 0.0 0.0 0.0 3.0 0.0 0.0 0.6989515726410384
37 37 37 0.0 0.0 80.0 0.0 1552.0 13.0 13.0 0.38674033149171266
37 37 38 0.0 0.0 53.0 0.0 1148.0 10.0 6.0 0.4385964912280701
37 37 39 0.0 0.0 10.0 0.0 322.0 1.0 0.0 0.6006006006006005
37 37 40 0.0 0.0 222.0 0.0 4852.0 25.0 249.0 0.19855339668132177
37 37 41 0.0 0.0 13.0 0.0 439.0 5.0 0.0 0.5725971370143148
37 37 42 0.0 0.0 80.0 0.0 1697.0 13.0 16.0 0.37184594953519245
37 37 43 0.0 0.0 0.0 0.0 15.0 0.0 0.0 0.694789081885856
37 38 36 0.0 0.0 0.0 0.0 1.0 0.0 0.0 0.6996501749125437
37 38 37 0.0 0.0 5.0 0.0 201.0 2.0 0.0 0.6354970494779845
37 38 38 0.0 0.0 94.0 0.0 2567.0 8.0 41.0 0.30088115194498166
37 38 39 0.0 0.0 463.0 0.0 9524.0 19.0 2105.0 0.11687119125135653
37 38 40 0.0 0.0 382.0 0.0 7847.0 23.0 956.0 0.1370936153544849
37 38 41 0.0 0.0 607.0 0.0 10604.0 34.0 2899.0 0.10610079575596815
37 38 42 0.0 0.0 65.0 0.0 1849.0 15.0 15.0 0.3590664272890484
37 38 43 0.0 0.0 0.0 0.0 18.0 0.0 0.0 0.6937561942517343
37 38 44 0.0 0.0 0.0 0.0 3.0 0.0 0.0 0.6989515726410384
37 39 37 0.0 0.0 14.0 0.0 466.0 6.0 1.0 0.5658852061438965
37 39 38 0.0 0.0 92.0 0.0 2752.0 8.0 66.0 0.2895553257497414
37 39 39 0.0 0.0 227.0 0.0 6137.0 6.0 535.0 0.16750418760469007
37 39 40 0.0 0.0 286.0 0.0 6448.0 23.0 560.0 0.16067944450820612
37 39 41 0.0 0.0 138.0 0.0 2947.0 20.0 70.0 0.2764067127344521
37 39 42 0.0 0.0 72.0 0.0 1906.0 13.0 25.0 0.35317860746720475
37 39 43 0.0 0.0 175.0 0.0 3728.0 16.0 98.0 0.23769100169779286
37 39 44 0.0 0.0 0.0 0.0 9.0 1.0 0.0 0.6975585450921773
37 40 36 0.0 0.0 0.0 0.0 7.0 0.0 0.0 0.6975585450921773
37 40 37 0.0 0.0 1.0 0.0 45.0 0.0 0.0 0.6842619745845552
37 40 38 0.0 0.0 154.0 0.0 3748.0 23.0 111.0 0.23817625042531468
37 40 39 0.0 0.0 713.0 0.0 11675.0 30.0 4204.0 0.0973371341166655
37 40 40 0.0 0.0 359.0 0.0 7817.0 17.0 1048.0 0.13779527559055116
37 40 41 0.0 0.0 290.0 0.0 6768.0 26.0 717.0 0.15491866769945778
37 40 42 0.0 0.0 217.0 0.0 5542.0 13.0 398.0 0.18064516129032254
37 40 43 0.0 0.0 75.0 0.0 2013.0 15.0 29.0 0.34372698256813156
37 40 44 0.0 0.0 11.0 0.0 246.0 1.0 0.0 0.6205673758865247
37 41 36 0.0 0.0 0.0 0.0 1.0 0.0 0.0 0.6996501749125437
37 41 37 0.0 0.0 0.0 0.0 39.0 0.0 0.0 0.6866110838646394
37 41 38 0.0 0.0 246.0 0.0 5115.0 16.0 297.0 0.19055396760582546
37 41 39 0.0 0.0 397.0 0.0 7956.0 27.0 1010.0 0.1354882415561792
37 41 40 0.0 0.0 362.0 0.0 7442.0 34.0 904.0 0.1431053868956353
37 41 41 0.0 0.0 455.0 0.0 8955.0 24.0 1567.0 0.12285012285012284
37 41 42 0.0 0.0 649.0 0.0 11217.0 34.0 4142.0 0.1010757346039997
37 41 43 0.0 0.0 13.0 0.0 409.0 3.0 0.0 0.5787515502273666
37 41 44 0.0 0.0 0.0 0.0 4.0 0.0 0.0 0.6986027944111775
37 42 37 0.0 0.0 1.0 0.0 29.0 1.0 0.0 0.6899950714637751
37 42 38 0.0 0.0 149.0 0.0 3400.0 11.0 97.0 0.25275320454955763
37 42 39 0.0 0.0 167.0 0.0 3889.0 16.0 145.0 0.23163467902051618
37 42 40 0.0 0.0 288.0 0.0 6621.0 19.0 590.0 0.15740948954351247
37 42 41 0.0 0.0 81.0 0.0 2298.0 13.0 36.0 0.3205128205128205
37 42 42 0.0 0.0 159.0 0.0 3591.0 20.0 107.0 0.24428546501483156
37 42 43 0.0 0.0 197.0 0.0 4455.0 18.0 206.0 0.21090689966857484
37 42 44 0.0 0.0 2.0 0.0 32.0 0.0 0.0 0.6882989183874139
37 43 37 0.0 0.0 0.0 0.0 1.0 0.0 0.0 0.6996501749125437
37 43 38 0.0 0.0 10.0 0.0 280.0 2.0 0.0 0.6118881118881118
37 43 39 0.0 0.0 31.0 0.0 760.0 10.0 1.0 0.5034160373966199
37 43 40 0.0 0.0 7.0 0.0 254.0 2.0 0.0 0.6197432492253209
37 43 41 0.0 0.0 206.0 0.0 4769.0 14.0 188.0 0.20106276030446643
37 43 42 0.0 0.0 2.0 0.0 91.0 0.0 0.0 0.668896321070234
37 43 43 0.0 0.0 3.0 0.0 82.0 1.0 0.0 0.6717850287907868
37 43 44 0.0 0.0 0.0 0.0 3.0 0.0 0.0 0.6989515726410384
37 44 38 0.0 0.0 0.0 0.0 5.0 0.0 0.0 0.6982543640897755
37 44 39 0.0 0.0 27.0 0.0 389.0 4.0 2.0 0.5804311774461027
37 44 40 0.0 0.0 0.0 0.0 18.0 0.0 0.0 0.6937561942517343
37 44 41 0.0 0.0 0.0 0.0 8.0 0.0 0.0 0.697211155378486
37 44 42 0.0 0.0 0.0 0.0 3.0 0.0 0.0 0.6989515726410384
38 35 40 0.0 0.0 0.0 0.0 2.0 0.0 0.0 0.6993006993006992
38 36 36 0.0 0.0 0.0 0.0 1.0 0.0 0.0 0.6996501749125437
38 36 37 0.0 0.0 0.0 0.0 5.0 0.0 0.0 0.6982543640897755
38 36 38 0.0 0.0 0.0 0.0 22.0 0.0 0.0 0.6923837784371908
38 36 39 0.0 0.0 0.0 0.0 59.0 0.0 0.0 0.6799417192812044
38 36 40 0.0 0.0 4.0 0.0 106.0 0.0 0.0 0.6638217164532954
38 36 41 0.0 0.0 3.0 0.0 83.0 0.0 0.0 0.6711409395973154
38 36 42 0.0 0.0 0.0 0.0 8.0 0.0 0.0 0.697211155378486
38 36 43 0.0 0.0 0.0 0.0 1.0 0.0 0.0 0.6996501749125437
38 37 36 0.0 0.0 0.0 0.0 11.0 0.0 0.0 0.6961710591745399
38 37 37 0.0 0.0 13.0 0.0 436.0 6.0 2.0 0.5730659025787964
38 37 38 0.0 0.0 48.0 0.0 1435.0 11.0 15.0 0.4031097034264324
38 37 39 0.0 0.0 282.0 0.0 6448.0 21.0 573.0 0.1606425702811245
38 37 40 0.0 0.0 94.0 0.0 2416.0 13.0 43.0 0.3113879003558718
38 37 41 0.0 0.0 90.0 0.0 2796.0 10.0 82.0 0.28712059064807216
38 37 42 0.0 0.0 16.0 0.0 448.0 7.0 1.0 0.5698005698005697
38 37 43 0.0 0.0 1.0 0.0 32.0 1.0 0.0 0.6889763779527558
38 38 36 0.0 0.0 0.0 0.0 19.0 0.0 0.0 0.6934125804853887
38 38 37 0.0 0.0 19.0 0.0 539.0 6.0 1.0 0.5485893416927898
38 38 38 0.0 0.0 595.0 0.0 10800.0 23.0 3437.0 0.1045790692462837
38 38 39 0.0 0.0 533.0 0.0 9850.0 22.0 2164.0 0.11314959993534307
38 38 40 0.0 0.0 322.0 0.0 6917.0 31.0 656.0 0.1519262072707542
38 38 41 0.0 0.0 617.0 0.0 11006.0 21.0 3455.0 0.10285798251414296
38 38 42 0.0 0.0 320.0 0.0 6653.0 21.0 572.0 0.15626744056256275
38 38 43 0.0 0.0 62.0 0.0 1615.0 15.0 15.0 0.38230475150191146
38 38 44 0.0 0.0 0.0 0.0 2.0 0.0 0.0 0.6993006993006992
38 39 35 0.0 0.0 0.0 0.0 3.0 0.0 0.0 0.6989515726410384
38 39 36 0.0 0.0 0.0 0.0 37.0 0.0 0.0 0.6872852233676975
38 39 37 0.0 0.0 194.0 0.0 4296.0 12.0 142.0 0.21598272138228936
38 39 38 0.0 0.0 316.0 0.0 6879.0 12.0 701.0 0.15245562452357614
38 39 39 0.0 0.0 1059.0 0.0 12821.0 37.0 12911.0 0.08819453193901977
38 39 40 0.0 0.0 1213.0 0.0 13044.0 45.0 15101.0 0.08615914825527723
38 39 41 0.0 0.0 445.0 0.0 9489.0 18.0 2188.0 0.11742011238782184
38 39 42 0.0 0.0 246.0 0.0 5557.0 18.0 386.0 0.17985611510791366
38 39 43 0.0 0.0 36.0 0.0 879.0 10.0 4.0 0.4820936639118457
38 39 44 0.0 0.0 9.0 0.0 305.0 3.0 0.0 0.6057983556901773
38 40 36 0.0 0.0 0.0 0.0 29.0 0.0 0.0 0.6899950714637751
38 40 37 0.0 0.0 53.0 0.0 1640.0 8.0 20.0 0.3798155181768854
38 40 38 0.0 0.0 397.0 0.0 8252.0 29.0 1149.0 0.1317771084337349
38 40 39 0.0 0.0 975.0 0.0 13084.0 19.0 9117.0 0.08714596949891067
38 40 40 0.0 0.0 890.0 0.0 12816.0 25.0 9001.0 0.089126559714795
38 40 41 0.0 0.0 894.0 0.0 12599.0 21.0 8410.0 0.090351726363343
38 40 42 0.0 0.0 574.0 1.0 10213.0 26.0 2180.0 0.10964912280701754
38 40 43 0.0 0.0 121.0 0.0 2658.0 21.0 43.0 0.2943031322261929
38 40 44 0.0 0.0 0.0 0.0 38.0 1.0 0.0 0.6876227897838899
38 41 35 0.0 0.0 0.0 0.0 1.0 0.0 0.0 0.6996501749125437
38 41 36 0.0 0.0 1.0 0.0 39.0 0.0 0.0 0.6862745098039215
38 41 37 0.0 0.0 54.0 0.0 1476.0 10.0 20.0 0.39784029553850525
38 41 38 0.0 0.0 179.0 5.0 4137.0 13.0 166.0 0.22183489145935667
38 41 39 0.0 0.0 742.0 0.0 11966.0 30.0 6319.0 0.09527050017012588
38 41 40 0.0 0.0 1166.0 0.0 12861.0 37.0 15737.0 0.0873962169923216
38 41 41 0.0 0.0 738.0 1.0 11703.0 28.0 4996.0 0.09706718435831657
38 41 42 0.0 0.0 481.0 0.0 9261.0 21.0 1616.0 0.11937244201909958
38 41 43 0.0 0.0 83.0 0.0 2336.0 9.0 33.0 0.31767642387111406
38 41 44 0.0 0.0 0.0 0.0 66.0 0.0 0.0 0.6776379477250725
38 41 45 0.0 0.0 0.0 0.0 1.0 0.0 0.0 0.6996501749125437
38 42 36 0.0 0.0 0.0 0.0 21.0 0.0 0.0 0.6927263730826323
38 42 37 0.0 0.0 0.0 0.0 38.0 0.0 0.0 0.6872852233676975
38 42 38 0.0 0.0 99.0 1.0 2538.0 16.0 56.0 0.3029647262497295
38 42 39 0.0 0.0 624.0 0.0 10790.0 30.0 3230.0 0.1045244139166791
38 42 40 0.0 0.0 753.0 1.0 11916.0 27.0 5676.0 0.09547190398254228
38 42 41 0.0 0.0 591.0 0.0 10742.0 19.0 3050.0 0.10502625656414102
38 42 42 0.0 0.0 91.0 1.0 2008.0 11.0 21.0 0.3423820004891171
38 42 43 0.0 0.0 54.0 0.0 1479.0 4.0 13.0 0.3968253968253968
38 42 44 0.0 0.0 5.0 0.0 74.0 1.0 0.0 0.6737247353224253
38 43 36 0.0 0.0 0.0 0.0 5.0 0.0 0.0 0.6982543640897755
38 43 37 0.0 0.0 0.0 0.0 14.0 0.0 0.0 0.6951340615690167
38 43 38 0.0 0.0 3.0 0.0 136.0 0.0 0.0 0.6545114539504441
38 43 39 0.0 0.0 336.0 1.0 7366.0 23.0 861.0 0.14452358831423553
38 43 40 0.0 0.0 169.0 0.0 3949.0 19.0 148.0 0.22954582718478433
38 43 41 0.0 0.0 41.0 0.0 1161.0 14.0 5.0 0.439146800501882
38 43 42 0.0 0.0 24.0 0.0 479.0 6.0 1.0 0.5608974358974358
38 43 43 0.0 0.0 0.0 0.0 12.0 0.0 0.0 0.6958250497017892
38 43 44 0.0 0.0 18.0 0.0 374.0 5.0 0.0 0.5865102639296187
38 44 36 0.0 0.0 0.0 0.0 2.0 0.0 0.0 0.6993006993006992
38 44 38 0.0 0.0 0.0 0.0 29.0 0.0 0.0 0.6899950714637751
38 44 39 0.0 0.0 0.0 0.0 30.0 0.0 0.0 0.689655172413793
38 44 40 0.0 0.0 21.0 0.0 415.0 6.0 0.0 0.5763688760806915
38 44 41 0.0 0.0 0.0 0.0 14.0 0.0 0.0 0.6951340615690167
38 44 42 0.0 0.0 0.0 0.0 14.0 0.0 0.0 0.6951340615690167
39 35 39 0.0 0.0 0.0 0.0 2.0 0.0 0.0 0.6993006993006992
39 35 40 0.0 0.0 0.0 0.0 1.0 0.0 0.0 0.6996501749125437
39 35 41 0.0 0.0 0.0 0.0 1.0 0.0 0.0 0.6996501749125437
39 36 35 0.0 0.0 0.0 0.0 1.0 0.0 0.0 0.6996501749125437
39 36 36 0.0 0.0 0.0 0.0 2.0 0.0 0.0 0.6993006993006992
39 36 37 0.0 0.0 0.0 0.0 10.0 0.0 0.0 0.6965174129353233
39 36 38 0.0 0.0 1.0 0.0 49.0 2.0 0.0 0.6835937499999999
39 36 39 0.0 0.0 5.0 0.0 202.0 2.0 0.0 0.6354970494779845
39 36 40 0.0 0.0 97.0 0.0 2283.0 12.0 34.0 0.3205128205128205
39 36 41 0.0 0.0 4.0 0.0 114.0 1.0 0.0 0.661625708884688
39 36 42 0.0 0.0 0.0 0.0 26.0 0.0 0.0 0.6910167818361302
39 36 44 0.0 0.0 0.0 0.0 3.0 0.0 0.0 0.6989515726410384
39 37 35 0.0 0.0 0.0 0.0 1.0 0.0 0.0 0.6996501749125437
39 37 36 0.0 0.0 18.0 0.0 511.0 4.0 2.0 0.5544554455445544
39 37 37 0.0 0.0 126.0 0.0 3184.0 16.0 84.0 0.2644003777148252
39 37 38 0.0 0.0 173.0 0.0 4054.0 20.0 136.0 0.22540653678956687
39 37 39 0.0 0.0 173.0 0.0 4268.0 16.0 177.0 0.21783102536175505
39 37 40 0.0 0.0 501.0 0.0 9578.0 29.0 1812.0 0.11607661056297155
39 37 41 0.0 0.0 423.0 0.0 8443.0 24.0 1364.0 0.1290560471976401
39 37 42 0.0 0.0 28.0 0.0 533.0 6.0 0.0 0.547945205479452
39 37 43 0.0 0.0 52.0 0.0 1486.0 11.0 13.0 0.3969379075701729
39 37 44 0.0 0.0 0.0 0.0 1.0 0.0 0.0 0.6996501749125437
39 38 35 0.0 0.0 2.0 0.0 10.0 1.0 0.0 0.6961710591745399
39 38 36 0.0 0.0 52.0 0.0 1213.0 10.0 6.0 0.4301075268817204
39 38 37 0.0 0.0 300.0 0.0 7035.0 17.0 869.0 0.15019847655830915
39 38 38 0.0 0.0 487.0 0.0 9629.0 24.0 1933.0 0.11567379988432619
39 38 39 0.0 0.0 515.0 0.0 10203.0 23.0 2611.0 0.11019283746556473
39 38 40 0.0 0.0 1006.0 0.0 13002.0 33.0 10213.0 0.08744534665833853
39 38 41 0.0 0.0 345.0 0.0 7510.0 16.0 950.0 0.14223305902671948
39 38 42 0.0 0.0 467.0 0.0 9192.0 17.0 1646.0 0.12020262728599637
39 38 43 0.0 0.0 47.0 0.0 1181.0 14.0 7.0 0.43559427504667075
39 38 44 0.0 0.0 23.0 0.0 482.0 6.0 0.0 0.5602240896358542
39 39 35 0.0 0.0 2.0 0.0 40.0 0.0 0.0 0.6856023506366307
39 39 36 0.0 0.0 164.0 0.0 3389.0 16.0 85.0 0.25266197437285687
39 39 37 0.0 0.0 263.0 0.0 6412.0 28.0 560.0 0.16188714153561515
39 39 38 0.0 0.0 812.0 0.0 12309.0 30.0 5957.0 0.09263547938860582
39 39 39 2.0 1.0 1328.0 6.0 13096.0 38.0 17642.0 0.08517887563884156
39 39 40 0.0 1.0 1371.0 11.0 13514.0 57.0 16398.0 0.08299247139723752
39 39 41 0.0 1.0 1557.0 2.0 13059.0 36.0 21715.0 0.08423079237109679
39 39 42 0.0 0.0 451.0 2.0 9112.0 19.0 1648.0 0.12117015752120476
39 39 43 0.0 0.0 95.0 0.0 2402.0 13.0 28.0 0.3122908766451037
39 39 44 0.0 0.0 1.0 0.0 37.0 0.0 0.0 0.6869479882237487
39 40 35 0.0 0.0 0.0 0.0 10.0 0.0 0.0 0.6965174129353233
39 40 36 0.0 0.0 90.0 0.0 1981.0 13.0 19.0 0.3449975357318876
39 40 37 0.0 0.0 455.0 0.0 8742.0 20.0 1378.0 0.12515644555694616
39 40 38 0.0 0.0 813.0 3.0 12413.0 29.0 6523.0 0.0920507594187652
39 40 39 0.0 0.0 1417.0 9.0 13170.0 48.0 18364.0 0.08448494357612696
39 40 40 0.0 4.0 2170.0 26.0 11708.0 68.0 39038.0 0.08809463881198086
39 40 41 1.0 4.0 1125.0 65.0 13348.0 48.0 11316.0 0.08465352521465715
39 40 42 0.0 3.0 337.0 41.0 7981.0 25.0 1175.0 0.13533107781536974
39 40 43 0.0 0.0 364.0 0.0 7749.0 25.0 935.0 0.13862758688979104
39 40 44 0.0 0.0 76.0 0.0 1831.0 18.0 20.0 0.3598971722365038
39 40 45 0.0 0.0 0.0 0.0 1.0 0.0 0.0 0.6996501749125437
39 41 35 0.0 0.0 0.0 0.0 2.0 0.0 0.0 0.6993006993006992
39 41 36 0.0 0.0 17.0 0.0 618.0 3.0 1.0 0.5319148936170213
39 41 37 0.0 0.0 208.0 0.0 4926.0 14.0 223.0 0.19657399606852008
39 41 38 0.0 0.0 174.0 0.0 4576.0 18.0 259.0 0.207961972667855
39 41 39 0.0 0.0 991.0 33.0 13055.0 30.0 9336.0 0.08706467661691542
39 41 40 0.0 4.0 1512.0 27.0 12865.0 37.0 22614.0 0.08527745629530364
39 41 41 0.0 0.0 1050.0 44.0 13226.0 45.0 10276.0 0.08590538135853223
39 41 42 0.0 0.0 570.0 21.0 10824.0 29.0 4237.0 0.10448540935890736
39 41 43 0.0 0.0 505.0 0.0 9382.0 26.0 1737.0 0.11784511784511782
39 41 44 0.0 0.0 2.0 0.0 97.0 0.0 0.0 0.6673021925643469
39 42 36 0.0 0.0 0.0 0.0 45.0 1.0 0.0 0.684931506849315
39 42 37 0.0 0.0 295.0 0.0 6730.0 16.0 761.0 0.15531395606833812
39 42 38 0.0 0.0 152.0 0.0 3738.0 26.0 107.0 0.23870417732310312
39 42 39 0.0 3.0 229.0 7.0 5394.0 19.0 340.0 0.18382352941176466
39 42 40 0.0 0.0 627.0 43.0 10895.0 24.0 3345.0 0.10331340860453102
39 42 41 0.0 3.0 740.0 39.0 11938.0 22.0 5708.0 0.09514747859181731
39 42 42 0.0 0.0 164.0 19.0 4141.0 13.0 142.0 0.22194039315155356
39 42 43 0.0 0.0 286.0 0.0 6270.0 19.0 534.0 0.16393442622950816
39 42 44 0.0 0.0 39.0 0.0 1108.0 6.0 6.0 0.44571792422795276
39 43 36 0.0 0.0 0.0 0.0 6.0 0.0 0.0 0.6979062811565303
39 43 37 0.0 0.0 123.0 0.0 2343.0 17.0 30.0 0.31467745560800175
39 43 38 0.0 0.0 48.0 0.0 1042.0 13.0 8.0 0.4549886252843678
39 43 39 0.0 0.0 235.0 0.0 5286.0 18.0 296.0 0.18651745270450307
39 43 40 0.0 0.0 56.0 0.0 1736.0 16.0 25.0 0.3708609271523178
39 43 41 0.0 0.0 167.0 0.0 4179.0 21.0 171.0 0.22130888397091364
39 43 42 0.0 0.0 33.0 0.0 631.0 12.0 0.0 0.5279034690799397
39 43 43 0.0 0.0 2.0 0.0 58.0 2.0 0.0 0.6806028196402526
39 43 44 0.0 0.0 0.0 0.0 14.0 0.0 0.0 0.695479384003974
39 44 37 0.0 0.0 0.0 0.0 5.0 0.0 0.0 0.6982543640897755
39 44 38 0.0 0.0 1.0 0.0 59.0 0.0 0.0 0.6796116504854368
39 44 39 0.0 0.0 0.0 0.0 21.0 0.0 0.0 0.6927263730826323
39 44 40 0.0 0.0 2.0 0.0 46.0 0.0 0.0 0.6835937499999999
39 44 41 0.0 0.0 0.0 0.0 24.0 0.0 0.0 0.6916996047430829
39 44 42 0.0 0.0 0.0 0.0 10.0 0.0 0.0 0.6965174129353233
40 35 39 0.0 0.0 0.0 0.0 2.0 0.0 0.0 0.6993006993006992
40 35 40 0.0 0.0 0.0 0.0 1.0 0.0 0.0 0.6996501749125437
40 36 36 0.0 0.0 5.0 0.0 85.0 3.0 0.0 0.670819357930043
40 36 37 0.0 0.0 0.0 0.0 23.0 0.0 0.0 0.6920415224913494
40 36 38 0.0 0.0 1.0 0.0 131.0 0.0 0.0 0.6566604127579737
40 36 39 0.0 0.0 84.0 0.0 1727.0 19.0 4.0 0.3691009754811494
40 36 40 0.0 0.0 2.0 0.0 94.0 0.0 0.0 0.6679389312977099
40 36 41 0.0 0.0 2.0 0.0 54.0 0.0 0.0 0.6812652068126519
40 36 42 0.0 0.0 0.0 0.0 38.0 0.0 0.0 0.6869479882237487
40 36 43 0.0 0.0 0.0 0.0 2.0 0.0 0.0 0.6993006993006992
40 37 35 0.0 0.0 0.0 0.0 1.0 0.0 0.0 0.6996501749125437
40 37 36 0.0 0.0 84.0 0.0 1764.0 15.0 12.0 0.36524915210018255
40 37 37 0.0 0.0 20.0 0.0 847.0 3.0 5.0 0.48882681564245806
40 37 38 0.0 0.0 220.0 0.0 4717.0 26.0 194.0 0.20242914979757085
40 37 39 0.0 0.0 343.0 0.0 7284.0 23.0 744.0 0.1457422444305642
40 37 40 0.0 0.0 245.0 0.0 5308.0 25.0 321.0 0.18592297476759623
40 37 41 0.0 0.0 61.0 0.0 1490.0 12.0 18.0 0.3955919751342187
40 37 42 0.0 0.0 37.0 0.0 723.0 3.0 1.0 0.5079825834542815
40 37 43 0.0 0.0 15.0 0.0 393.0 3.0 0.0 0.5823627287853577
40 37 44 0.0 0.0 0.0 0.0 5.0 0.0 0.0 0.6982543640897755
40 38 35 0.0 0.0 0.0 0.0 2.0 0.0 0.0 0.6993006993006992
40 38 36 0.0 0.0 40.0 0.0 862.0 7.0 3.0 0.4840940525587828
40 38 37 0.0 0.0 600.0 0.0 10715.0 25.0 3382.0 0.10523941967977146
40 38 38 0.0 0.0 995.0 0.0 12832.0 40.0 10415.0 0.08856275303643724
40 38 39 0.0 0.0 757.0 0.0 11933.0 29.0 5363.0 0.09540684203352867
40 38 40 0.0 0.0 789.0 0.0 12234.0 34.0 5272.0 0.09331467039925348
40 38 41 0.0 0.0 864.0 2.0 12489.0 35.0 6566.0 0.09126466753585397
40 38 42 0.0 0.0 550.0 1.0 10111.0 15.0 2359.0 0.11062821019359935
40 38 43 0.0 0.0 88.0 0.0 2110.0 10.0 26.0 0.33428844317096457
40 38 44 0.0 0.0 3.0 0.0 58.0 0.0 0.0 0.6792819019893255
40 39 35 0.0 0.0 3.0 0.0 26.0 2.0 0.0 0.6906758756783422
40 39 36 0.0 0.0 84.0 0.0 1843.0 9.0 22.0 0.3573251659009698
40 39 37 0.0 0.0 502.0 0.0 9695.0 23.0 2007.0 0.11495196649971261
40 39 38 0.0 0.0 965.0 0.0 12849.0 25.0 8842.0 0.08849557522123892
40 39 39 0.0 1.0 1406.0 14.0 13098.0 40.0 20087.0 0.08475089291119317
40 39 40 0.0 0.0 1343.0 6.0 13686.0 37.0 15517.0 0.08217891523831884
40 39 41 0.0 2.0 1299.0 45.0 13281.0 43.0 14697.0 0.08425106818318588
40 39 42 0.0 0.0 1009.0 1.0 12971.0 32.0 9800.0 0.0876533934385174
40 39 43 0.0 0.0 232.0 0.0 5403.0 23.0 320.0 0.1838718150774888
40 39 44 0.0 0.0 20.0 0.0 465.0 4.0 0.0 0.5642885933091495
40 39 45 0.0 0.0 0.0 0.0 8.0 0.0 0.0 0.697211155378486
40 40 35 0.0 0.0 1.0 0.0 37.0 0.0 0.0 0.6869479882237487
40 40 36 0.0 0.0 216.0 0.0 5240.0 8.0 294.0 0.18796992481203004
40 40 37 0.0 0.0 474.0 0.0 9274.0 26.0 1930.0 0.11938262130127056
40 40 38 0.0 0.0 1085.0 0.0 13115.0 26.0 11827.0 0.08639842014317452
40 40 39 0.0 12.0 1582.0 101.0 13159.0 45.0 22102.0 0.08311071534579993
40 40 40 8.0 59.0 2577.0 355.0 9027.0 63.0 63765.0 0.09970089730807576
40 40 41 0.0 3.0 1980.0 45.0 12287.0 32.0 34330.0 0.08568455841850785
40 40 42 0.0 5.0 873.0 49.0 12659.0 33.0 7692.0 0.0899569491743237
40 40 43 0.0 0.0 365.0 0.0 7731.0 23.0 971.0 0.13891645167692002
40 40 44 0.0 0.0 1.0 0.0 110.0 0.0 0.0 0.6631927996210326
40 41 35 0.0 0.0 0.0 0.0 33.0 0.0 0.0 0.6886374815543531
40 41 36 0.0 0.0 20.0 0.0 413.0 5.0 1.0 0.5766062602965403
40 41 37 0.0 0.0 287.0 0.0 7164.0 24.0 839.0 0.14844661223624217
40 41 38 0.0 0.0 658.0 3.0 11178.0 31.0 3222.0 0.10123653192566345
40 41 39 0.0 0.0 1065.0 6.0 13361.0 41.0 9935.0 0.08530863445250136
40 41 40 0.0 11.0 1344.0 100.0 13333.0 32.0 16258.0 0.08337303477846593
40 41 41 0.0 393.0 959.0 5578.0 9121.0 44.0 13876.0 0.07763975155279501
40 41 42 0.0 2.0 920.0 35.0 12683.0 32.0 8748.0 0.08952551477170992
40 41 43 0.0 0.0 59.0 0.0 1873.0 13.0 19.0 0.3573251659009698
40 41 44 0.0 0.0 61.0 0.0 1166.0 9.0 7.0 0.4350528278433809
40 41 45 0.0 0.0 0.0 0.0 1.0 0.0 0.0 0.6996501749125437
40 42 35 0.0 0.0 0.0 0.0 4.0 0.0 0.0 0.6986027944111775
40 42 36 0.0 0.0 3.0 0.0 134.0 2.0 0.0 0.6560449859418931
40 42 37 0.0 0.0 14.0 0.0 618.0 3.0 2.0 0.5325218714340052
40 42 38 0.0 0.0 603.0 0.0 10722.0 20.0 3665.0 0.10510510510510508
40 42 39 0.0 0.0 515.0 1.0 9886.0 26.0 2188.0 0.11302171631549204
40 42 40 0.0 1.0 1101.0 16.0 13299.0 25.0 10421.0 0.08521516829995739
40 42 41 0.0 5.0 514.0 67.0 9813.0 24.0 2245.0 0.11301259283177269
40 42 42 0.0 0.0 172.0 81.0 4144.0 19.0 167.0 0.21947013638501328
40 42 43 0.0 0.0 387.0 0.0 8142.0 29.0 1191.0 0.13328255902513328
40 42 44 0.0 0.0 23.0 0.0 517.0 4.0 2.0 0.5520504731861199
40 43 36 0.0 0.0 4.0 0.0 84.0 1.0 0.0 0.6711409395973154
40 43 37 0.0 0.0 1.0 0.0 98.0 0.0 0.0 0.6669842782277274
40 43 38 0.0 0.0 245.0 0.0 4936.0 20.0 210.0 0.19544883428730978
40 43 39 0.0 0.0 156.0 0.0 3555.0 11.0 112.0 0.24552788495264816
40 43 40 0.0 0.0 79.0 9.0 1947.0 20.0 30.0 0.34877927254608865
40 43 41 0.0 0.0 372.0 0.0 7804.0 20.0 980.0 0.1377546000196792
40 43 42 0.0 0.0 117.0 0.0 2329.0 19.0 37.0 0.3161698283649503
40 43 43 0.0 0.0 2.0 0.0 126.0 1.0 0.0 0.6582040432534085
40 43 44 0.0 0.0 6.0 0.0 83.0 2.0 0.0 0.670819357930043
40 44 37 0.0 0.0 0.0 0.0 9.0 0.0 0.0 0.6968641114982577
40 44 38 0.0 0.0 0.0 0.0 18.0 0.0 0.0 0.694100148735746
40 44 39 0.0 0.0 0.0 0.0 7.0 0.0 0.0 0.6975585450921773
40 44 40 0.0 0.0 1.0 0.0 45.0 0.0 0.0 0.6842619745845552
40 44 41 0.0 0.0 9.0 0.0 273.0 3.0 0.0 0.6143045195261079
40 44 42 0.0 0.0 0.0 0.0 22.0 0.0 0.0 0.6923837784371908
41 35 39 0.0 0.0 0.0 0.0 2.0 0.0 0.0 0.6993006993006992
41 35 41 0.0 0.0 0.0 0.0 1.0 0.0 0.0 0.6996501749125437
41 36 36 0.0 0.0 1.0 0.0 26.0 0.0 0.0 0.6906758756783422
41 36 37 0.0 0.0 9.0 0.0 130.0 3.0 0.0 0.6557377049180326
41 36 38 0.0 0.0 0.0 0.0 108.0 1.0 0.0 0.6644518272425248
41 36 39 0.0 0.0 21.0 0.0 386.0 5.0 0.0 0.5828476269775186
41 36 40 0.0 0.0 5.0 0.0 136.0 2.0 0.0 0.6548175865294666
41 36 41 0.0 0.0 0.0 0.0 19.0 0.0 0.0 0.6934125804853887
41 36 42 0.0 0.0 0.0 0.0 7.0 0.0 0.0 0.6975585450921773
41 36 43 0.0 0.0 0.0 0.0 5.0 0.0 0.0 0.6982543640897755
41 37 36 0.0 0.0 73.0 0.0 1917.0 9.0 20.0 0.3516704345641798
41 37 37 0.0 0.0 468.0 0.0 8804.0 27.0 1427.0 0.12434496846966868
41 37 38 0.0 0.0 237.0 0.0 5335.0 15.0 312.0 0.18518518518518517
41 37 39 0.0 0.0 567.0 0.0 10304.0 24.0 2678.0 0.10887316276537833
41 37 40 0.0 0.0 65.0 0.0 2105.0 8.0 26.0 0.33621517771373677
41 37 41 0.0 0.0 216.0 1.0 4783.0 24.0 191.0 0.20065930915866417
41 37 42 0.0 0.0 137.0 0.0 3293.0 13.0 85.0 0.25835024912345445
41 37 43 0.0 0.0 6.0 0.0 155.0 2.0 0.0 0.6484483557202407
41 37 44 0.0 0.0 0.0 0.0 4.0 0.0 0.0 0.6986027944111775
41 38 35 0.0 0.0 0.0 0.0 1.0 0.0 0.0 0.6996501749125437
41 38 36 0.0 0.0 14.0 0.0 577.0 3.0 5.0 0.5409582689335393
41 38 37 0.0 0.0 114.0 0.0 3406.0 11.0 106.0 0.25412960609911056
41 38 38 0.0 0.0 743.0 0.0 12029.0 31.0 6143.0 0.09488309047780412
41 38 39 0.0 0.0 499.0 0.0 10067.0 16.0 2393.0 0.11145609426001113
41 38 40 0.0 0.0 492.0 0.0 9745.0 19.0 2210.0 0.11451942740286299
41 38 41 0.0 7.0 524.0 119.0 9659.0 24.0 2170.0 0.11382113821138211
41 38 42 0.0 0.0 503.0 0.0 10036.0 21.0 2420.0 0.11177644710578842
41 38 43 0.0 0.0 183.0 0.0 4285.0 9.0 169.0 0.2167518191670537
41 38 44 0.0 0.0 2.0 0.0 81.0 0.0 0.0 0.6721075372059528
41 39 35 0.0 0.0 0.0 0.0 5.0 0.0 0.0 0.6982543640897755
41 39 36 0.0 0.0 18.0 0.0 548.0 4.0 2.0 0.5464480874316939
41 39 37 0.0 0.0 302.0 0.0 6258.0 24.0 452.0 0.16395362454619974
41 39 38 0.0 0.0 860.0 0.0 12609.0 28.0 6580.0 0.09053285049146403
41 39 39 0.0 0.0 1671.0 3.0 12416.0 39.0 27120.0 0.0869403216791902
41 39 40 0.0 2.0 1282.0 6.0 13299.0 36.0 15583.0 0.08436784379896348
41 39 41 0.0 0.0 1650.0 6.0 12664.0 39.0 26370.0 0.08575803981623276
41 39 42 0.0 0.0 982.0 1.0 12833.0 25.0 9153.0 0.08849557522123892
41 39 43 0.0 0.0 335.0 0.0 7762.0 15.0 1009.0 0.13877874702616969
41 39 44 0.0 0.0 39.0 0.0 1180.0 7.0 4.0 0.4357298474945533
41 39 45 0.0 0.0 0.0 0.0 1.0 0.0 0.0 0.6996501749125437
41 40 35 0.0 0.0 1.0 0.0 26.0 1.0 0.0 0.6910167818361302
41 40 36 0.0 0.0 186.0 0.0 4031.0 24.0 143.0 0.22606168254480866
41 40 37 0.0 0.0 485.0 0.0 9710.0 30.0 2171.0 0.11498028909329829
41 40 38 0.0 0.0 857.0 0.0 12712.0 22.0 6628.0 0.08998585936495693
41 40 39 0.0 0.0 1417.0 5.0 13174.0 41.0 19078.0 0.08437292834327728
41 40 40 0.0 0.0 1167.0 20.0 13298.0 38.0 12828.0 0.08496176720475786
41 40 41 0.0 3.0 1826.0 37.0 11928.0 37.0 32085.0 0.08860198721599898
41 40 42 0.0 1.0 1014.0 25.0 13136.0 32.0 9473.0 0.08653727283965879
41 40 43 0.0 0.0 149.0 0.0 4183.0 22.0 180.0 0.22183489145935667
41 40 44 0.0 0.0 33.0 0.0 994.0 6.0 6.0 0.4635761589403972
41 41 35 0.0 0.0 1.0 0.0 23.0 0.0 0.0 0.6916996047430829
41 41 36 0.0 0.0 311.0 0.0 6147.0 20.0 426.0 0.1658964332266856
41 41 37 0.0 0.0 657.0 0.0 11303.0 18.0 4005.0 0.10030090270812436
41 41 38 0.0 0.0 915.0 1.0 12673.0 29.0 7296.0 0.08981267641775724
41 41 39 0.0 2.0 1652.0 16.0 13142.0 40.0 23542.0 0.08316996376165864
41 41 40 0.0 2.0 1574.0 28.0 12995.0 46.0 23484.0 0.08437292834327728
41 41 41 0.0 5.0 1207.0 61.0 13388.0 25.0 13572.0 0.08399328053755699
41 41 42 0.0 0.0 451.0 27.0 8843.0 25.0 1537.0 0.12388284222635162
41 41 43 0.0 0.0 236.0 0.0 5397.0 24.0 331.0 0.18399264029438817
41 41 44 0.0 0.0 6.0 0.0 143.0 2.0 0.0 0.6520726595249184
41 42 35 0.0 0.0 2.0 0.0 11.0 0.0 0.0 0.695479384003974
41 42 36 0.0 0.0 1.0 0.0 64.0 0.0 0.0 0.6782945736434108
41 42 37 0.0 0.0 120.0 0.0 2316.0 12.0 27.0 0.31652724395206866
41 42 38 0.0 0.0 122.0 0.0 3361.0 23.0 104.0 0.2563163676309044
41 42 39 0.0 0.0 476.0 0.0 9442.0 22.0 2030.0 0.11756802149815249
41 42 40 0.0 1.0 727.0 34.0 11946.0 27.0 4344.0 0.0951798218777619
41 42 41 0.0 1.0 431.0 20.0 8953.0 33.0 1429.0 0.12303365849371647
41 42 42 0.0 1.0 527.0 12.0 10032.0 22.0 2359.0 0.11142948105698822
41 42 43 0.0 0.0 333.0 0.0 6812.0 24.0 582.0 0.15344147303814112
41 42 44 0.0 0.0 0.0 0.0 48.0 0.0 0.0 0.6835937499999999
41 42 45 0.0 0.0 0.0 0.0 1.0 0.0 0.0 0.6996501749125437
41 43 37 0.0 0.0 15.0 0.0 317.0 1.0 1.0 0.6006006006006005
41 43 38 0.0 0.0 8.0 0.0 425.0 2.0 1.0 0.5758946935417523
41 43 39 0.0 0.0 98.0 0.0 2833.0 18.0 73.0 0.2850162866449511
41 43 40 0.0 0.0 141.0 0.0 3626.0 18.0 110.0 0.2435206122803966
41 43 41 0.0 0.0 111.0 0.0 2799.0 14.0 61.0 0.2859477124183006
41 43 42 0.0 0.0 111.0 0.0 2462.0 13.0 38.0 0.30688294607628225
41 43 43 0.0 0.0 51.0 0.0 866.0 11.0 2.0 0.48176187198898823
41 43 44 0.0 0.0 2.0 0.0 60.0 1.0 0.0 0.6792819019893255
41 44 37 0.0 0.0 0.0 0.0 6.0 0.0 0.0 0.6979062811565303
41 44 38 0.0 0.0 0.0 0.0 8.0 0.0 0.0 0.697211155378486
41 44 39 0.0 0.0 0.0 0.0 18.0 1.0 0.0 0.694100148735746
41 44 40 0.0 0.0 2.0 0.0 60.0 0.0 0.0 0.6789524733268669
41 44 41 0.0 0.0 0.0 0.0 36.0 0.0 0.0 0.6876227897838899
41 44 42 0.0 0.0 0.0 0.0 15.0 0.0 0.0 0.694789081885856
41 44 43 0.0 0.0 0.0 0.0 1.0 0.0 0.0 0.6996501749125437
42 35 38 0.0 0.0 0.0 0.0 1.0 0.0 0.0 0.6996501749125437
42 36 36 0.0 0.0 0.0 0.0 20.0 0.0 0.0 0.6930693069306929
42 36 37 0.0 0.0 4.0 0.0 80.0 2.0 0.0 0.6724303554274734
42 36 38 0.0 0.0 35.0 0.0 620.0 7.0 3.0 0.528900642236494
42 36 39 0.0 0.0 0.0 0.0 53.0 0.0 0.0 0.6819288845591815
42 36 40 0.0 0.0 23.0 0.0 697.0 4.0 1.0 0.5154639175257731
42 36 41 0.0 0.0 0.0 0.0 3.0 0.0 0.0 0.6993006993006992
42 36 42 0.0 0.0 1.0 0.0 15.0 0.0 0.0 0.6944444444444444
42 36 43 0.0 0.0 0.0 0.0 1.0 0.0 0.0 0.6996501749125437
42 37 35 0.0 0.0 0.0 0.0 1.0 0.0 0.0 0.6996501749125437
42 37 36 0.0 0.0 1.0 0.0 69.0 1.0 0.0 0.6766553890768486
42 37 37 0.0 0.0 60.0 0.0 1574.0 10.0 14.0 0.3863134657836644
42 37 38 0.0 0.0 100.0 0.0 2781.0 16.0 52.0 0.2877697841726618
42 37 39 0.0 0.0 336.0 0.0 7183.0 31.0 766.0 0.14749262536873153
42 37 40 0.0 0.0 160.0 0.0 3804.0 24.0 135.0 0.23569023569023564
42 37 41 0.0 0.0 143.0 0.0 3310.0 16.0 96.0 0.25740025740025735
42 37 42 0.0 0.0 20.0 0.0 535.0 12.0 3.0 0.5507474429583004
42 37 43 0.0 0.0 1.0 0.0 99.0 0.0 1.0 0.6666666666666665
42 37 44 0.0 0.0 0.0 0.0 17.0 0.0 0.0 0.694100148735746
42 38 35 0.0 0.0 0.0 0.0 1.0 0.0 0.0 0.6996501749125437
42 38 36 0.0 0.0 2.0 0.0 198.0 0.0 0.0 0.6363636363636362
42 38 37 0.0 0.0 212.0 0.0 4291.0 8.0 161.0 0.21545090797168356
42 38 38 0.0 0.0 735.0 0.0 11852.0 35.0 5279.0 0.09610104338275671
42 38 39 0.0 0.0 916.0 0.0 12857.0 30.0 8185.0 0.08880994671403196
42 38 40 0.0 0.0 531.0 0.0 9901.0 28.0 2340.0 0.11280315848843765
42 38 41 0.0 0.0 560.0 0.0 9827.0 30.0 2106.0 0.11316789265217038
42 38 42 0.0 0.0 234.0 0.0 5291.0 15.0 327.0 0.18639328984156567
42 38 43 0.0 0.0 234.0 0.0 5207.0 19.0 322.0 0.18860299070456688
42 38 44 0.0 0.0 4.0 0.0 168.0 0.0 0.0 0.6445672191528544
42 39 35 0.0 0.0 1.0 0.0 31.0 0.0 0.0 0.6889763779527558
42 39 36 0.0 0.0 34.0 0.0 770.0 9.0 2.0 0.5010737294201861
42 39 37 0.0 0.0 353.0 0.0 7698.0 25.0 999.0 0.13959517399541327
42 39 38 0.0 0.0 505.0 0.0 9550.0 32.0 1923.0 0.116337045039056
42 39 39 0.0 0.0 675.0 1.0 11549.0 30.0 4625.0 0.09850830284266815
42 39 40 0.0 2.0 655.0 10.0 11234.0 35.0 3376.0 0.1008500216107189
42 39 41 0.0 0.0 773.0 0.0 12277.0 25.0 5367.0 0.0930789176251579
42 39 42 0.0 0.0 810.0 1.0 12216.0 36.0 8188.0 0.09318423855165069
42 39 43 0.0 0.0 564.0 0.0 10173.0 25.0 2378.0 0.11007154650522838
42 39 44 0.0 0.0 14.0 0.0 396.0 6.0 1.0 0.5826050769870994
42 40 35 0.0 0.0 0.0 0.0 13.0 0.0 0.0 0.695479384003974
42 40 36 0.0 0.0 19.0 0.0 413.0 7.0 0.0 0.5777961205117622
42 40 37 0.0 0.0 343.0 0.0 7499.0 26.0 910.0 0.14255167498218102
42 40 38 0.0 0.0 1196.0 0.0 13312.0 31.0 12695.0 0.08477141992128367
42 40 39 0.0 0.0 1118.0 0.0 13573.0 38.0 11618.0 0.08391776059461727
42 40 40 0.0 0.0 1178.0 0.0 13090.0 54.0 15689.0 0.08618036318867342
42 40 41 0.0 0.0 817.0 2.0 12365.0 16.0 6016.0 0.09216589861751151
42 40 42 0.0 0.0 725.0 1.0 11697.0 28.0 5078.0 0.09720197181142817
42 40 43 0.0 0.0 274.0 0.0 6110.0 17.0 455.0 0.16726403823178015
42 40 44 0.0 0.0 6.0 0.0 411.0 1.0 3.0 0.5794701986754967
42 41 35 0.0 0.0 0.0 0.0 8.0 0.0 0.0 0.697211155378486
42 41 36 0.0 0.0 40.0 0.0 871.0 7.0 4.0 0.4820936639118457
42 41 37 0.0 0.0 178.0 0.0 4523.0 11.0 193.0 0.20929884885633127
42 41 38 0.0 0.0 387.0 0.0 7527.0 22.0 783.0 0.14147130153597412
42 41 39 0.0 0.0 807.0 0.0 12238.0 21.0 6262.0 0.09302325581395347
42 41 40 0.0 0.0 638.0 1.0 11050.0 27.0 3469.0 0.10238408658768465
42 41 41 0.0 0.0 1099.0 0.0 13042.0 28.0 12629.0 0.08675176601809392
42 41 42 0.0 0.0 568.0 0.0 10810.0 28.0 3712.0 0.10471987433615079
42 41 43 0.0 0.0 69.0 0.0 2225.0 14.0 43.0 0.3271028037383177
42 41 44 0.0 0.0 3.0 0.0 119.0 2.0 0.0 0.6603773584905659
42 42 35 0.0 0.0 0.0 0.0 3.0 0.0 0.0 0.6989515726410384
42 42 36 0.0 0.0 47.0 0.0 897.0 12.0 5.0 0.4774897680763983
42 42 37 0.0 0.0 9.0 0.0 306.0 2.0 0.0 0.6052745352356247
42 42 38 0.0 0.0 306.0 0.0 7477.0 14.0 1034.0 0.1432518162283843
42 42 39 0.0 0.0 565.0 0.0 10405.0 27.0 2809.0 0.10805804260574249
42 42 40 0.0 0.0 876.0 0.0 12515.0 29.0 7783.0 0.09099772505687358
42 42 41 0.0 0.0 521.0 0.0 10158.0 26.0 2559.0 0.11058451816745654
42 42 42 0.0 0.0 446.0 0.0 9179.0 17.0 1756.0 0.12050266827336888
42 42 43 0.0 0.0 75.0 0.0 1707.0 16.0 21.0 0.3717472118959107
42 42 44 0.0 0.0 0.0 0.0 21.0 0.0 0.0 0.6927263730826323
42 43 37 0.0 0.0 0.0 0.0 29.0 1.0 0.0 0.690335305719921
42 43 38 0.0 0.0 1.0 0.0 96.0 0.0 0.0 0.6682577565632457
42 43 39 0.0 0.0 251.0 0.0 4953.0 21.0 260.0 0.19482326746451428
42 43 40 0.0 0.0 57.0 1.0 1645.0 7.0 14.0 0.3788903924221921
42 43 41 0.0 0.0 181.0 0.0 4084.0 18.0 152.0 0.22403584573531762
42 43 42 0.0 0.0 2.0 0.0 146.0 0.0 0.0 0.6517690875232773
42 43 43 0.0 0.0 1.0 0.0 115.0 1.0 0.0 0.6619385342789597
42 43 44 0.0 0.0 0.0 0.0 7.0 0.0 0.0 0.6975585450921773
42 44 38 0.0 0.0 0.0 0.0 7.0 0.0 0.0 0.6975585450921773
42 44 39 0.0 0.0 0.0 0.0 8.0 0.0 0.0 0.697211155378486
42 44 40 0.0 0.0 0.0 0.0 15.0 0.0 0.0 0.694789081885856
42 44 41 0.0 0.0 0.0 0.0 10.0 0.0 0.0 0.6965174129353233
42 44 42 0.0 0.0 1.0 0.0 14.0 0.0 0.0 0.694789081885856
42 44 43 0.0 0.0 1.0 0.0 6.0 0.0 0.0 0.6975585450921773
43 36 37 0.0 0.0 0.0 0.0 16.0 1.0 0.0 0.694789081885856
43 36 38 0.0 0.0 0.0 0.0 30.0 0.0 0.0 0.689655172413793
43 36 39 0.0 0.0 6.0 0.0 176.0 1.0 0.0 0.6419073819348922
43 36 40 0.0 0.0 1.0 0.0 43.0 0.0 0.0 0.684931506849315
43 36 41 0.0 0.0 0.0 0.0 5.0 0.0 0.0 0.6982543640897755
43 37 36 0.0 0.0 0.0 0.0 1.0 0.0 0.0 0.6996501749125437
43 37 37 0.0 0.0 4.0 0.0 130.0 2.0 0.0 0.6566604127579737
43 37 38 0.0 0.0 277.0 0.0 5971.0 17.0 428.0 0.17000607164541587
43 37 39 0.0 0.0 76.0 0.0 2049.0 16.0 33.0 0.34063260340632595
43 37 40 0.0 0.0 58.0 0.0 1437.0 12.0 6.0 0.4020677771395749
43 37 41 0.0 0.0 53.0 0.0 1495.0 13.0 13.0 0.39603960396039595
43 37 42 0.0 0.0 3.0 0.0 142.0 2.0 0.0 0.65359477124183
43 37 43 0.0 0.0 1.0 0.0 22.0 0.0 0.0 0.6920415224913494
43 37 44 0.0 0.0 0.0 0.0 2.0 0.0 0.0 0.6993006993006992
43 38 36 0.0 0.0 3.0 0.0 66.0 1.0 0.0 0.6769825918762088
43 38 37 0.0 0.0 76.0 0.0 2001.0 8.0 25.0 0.34398034398034394
43 38 38 0.0 0.0 270.0 0.0 6007.0 25.0 424.0 0.16955310645512894
43 38 39 0.0 0.0 368.0 0.0 7572.0 13.0 943.0 0.14087341517407928
43 38 40 0.0 0.0 179.0 0.0 4093.0 10.0 139.0 0.22346368715083795
43 38 41 0.0 0.0 254.0 0.0 5637.0 20.0 380.0 0.17780035560071117
43 38 42 0.0 0.0 374.0 0.0 7944.0 16.0 1076.0 0.1358563803978651
43 38 43 0.0 0.0 34.0 0.0 775.0 6.0 2.0 0.49946485907955757
43 38 44 0.0 0.0 7.0 0.0 129.0 3.0 0.0 0.6563525550867322
43 39 36 0.0 0.0 15.0 0.0 233.0 5.0 0.0 0.6241640659830583
43 39 37 0.0 0.0 105.0 0.0 2782.0 10.0 53.0 0.28694404591104733
43 39 38 0.0 0.0 185.0 0.0 4464.0 11.0 187.0 0.21090689966857484
43 39 39 0.0 0.0 380.0 0.0 8305.0 28.0 1252.0 0.13133208255159473
43 39 40 0.0 0.0 622.0 0.0 10607.0 31.0 3102.0 0.10597229581409431
43 39 41 0.0 0.0 323.0 0.0 6761.0 28.0 609.0 0.15449128227764286
43 39 42 0.0 0.0 271.0 0.0 5932.0 18.0 423.0 0.17089843749999994
43 39 43 0.0 0.0 64.0 0.0 2221.0 18.0 47.0 0.32809936723693456
43 39 44 0.0 0.0 1.0 0.0 167.0 0.0 0.0 0.6457564575645756
43 40 36 0.0 0.0 14.0 0.0 199.0 5.0 0.0 0.6340579710144926
43 40 37 0.0 0.0 283.0 0.0 5725.0 14.0 375.0 0.17499999999999996
43 40 38 0.0 0.0 300.0 0.0 6592.0 24.0 697.0 0.15765765765765763
43 40 39 0.0 0.0 346.0 0.0 7800.0 23.0 1060.0 0.13818971473694597
43 40 40 0.0 0.0 354.0 0.0 8050.0 22.0 1199.0 0.13468013468013465
43 40 41 0.0 0.0 350.0 0.0 7273.0 17.0 774.0 0.1457422444305642
43 40 42 0.0 0.0 232.0 0.0 5667.0 18.0 358.0 0.17755231452124284
43 40 43 0.0 0.0 405.0 0.0 8571.0 29.0 1368.0 0.12778386272362174
43 40 44 0.0 0.0 6.0 0.0 117.0 4.0 0.0 0.6606890042472864
43 41 36 0.0 0.0 0.0 0.0 20.0 0.0 0.0 0.6930693069306929
43 41 37 0.0 0.0 20.0 0.0 828.0 4.0 3.0 0.49243756595145965
43 41 38 0.0 0.0 155.0 0.0 3314.0 21.0 85.0 0.2568807339449541
43 41 39 0.0 0.0 447.0 0.0 9076.0 18.0 1738.0 0.12163336229365768
43 41 40 0.0 0.0 411.0 0.0 8796.0 23.0 1622.0 0.1250893495353824
43 41 41 0.0 0.0 428.0 0.0 8478.0 23.0 1271.0 0.12853470437017994
43 41 42 0.0 0.0 146.0 0.0 4199.0 17.0 160.0 0.22116903633491308
43 41 43 0.0 0.0 48.0 0.0 1062.0 13.0 3.0 0.45205037132709064
43 41 44 0.0 0.0 0.0 0.0 14.0 0.0 0.0 0.6951340615690167
43 42 36 0.0 0.0 0.0 0.0 6.0 0.0 0.0 0.6979062811565303
43 42 37 0.0 0.0 2.0 0.0 47.0 0.0 0.0 0.6832601268911663
43 42 38 0.0 0.0 138.0 0.0 3275.0 22.0 95.0 0.2596920793915785
43 42 39 0.0 0.0 67.0 0.0 1604.0 6.0 13.0 0.38230475150191146
43 42 40 0.0 0.0 281.0 0.0 6781.0 23.0 673.0 0.1548158796859449
43 42 41 0.0 0.0 99.0 0.0 2258.0 15.0 26.0 0.3223578171770665
43 42 42 0.0 0.0 68.0 0.0 1673.0 9.0 13.0 0.37513397642015
43 42 43 0.0 0.0 28.0 0.0 677.0 7.0 0.0 0.5189028910303928
43 42 44 0.0 0.0 0.0 0.0 1.0 0.0 0.0 0.6996501749125437
43 43 37 0.0 0.0 1.0 0.0 23.0 0.0 0.0 0.6916996047430829
43 43 38 0.0 0.0 10.0 0.0 195.0 1.0 0.0 0.6352087114337567
43 43 39 0.0 0.0 52.0 0.0 1117.0 12.0 7.0 0.4434589800443458
43 43 40 0.0 0.0 33.0 0.0 882.0 8.0 2.0 0.48176187198898823
43 43 41 0.0 0.0 110.0 0.0 2410.0 16.0 37.0 0.31083481349911185
43 43 42 0.0 0.0 31.0 0.0 729.0 11.0 4.0 0.5092761004001454
43 43 43 0.0 0.0 1.0 0.0 83.0 0.0 0.0 0.6717850287907868
43 44 38 0.0 0.0 0.0 0.0 3.0 0.0 0.0 0.6989515726410384
43 44 39 0.0 0.0 0.0 0.0 7.0 0.0 0.0 0.6975585450921773
43 44 40 0.0 0.0 19.0 0.0 429.0 3.0 3.0 0.5725971370143148
43 44 41 0.0 0.0 0.0 0.0 4.0 0.0 0.0 0.6986027944111775
43 44 42 0.0 0.0 0.0 0.0 1.0 0.0 0.0 0.6996501749125437
44 36 37 0.0 0.0 0.0 0.0 6.0 0.0 0.0 0.6979062811565303
44 36 38 0.0 0.0 4.0 0.0 46.0 1.0 0.0 0.6832601268911663
44 36 39 0.0 0.0 11.0 0.0 359.0 0.0 1.0 0.590717299578059
44 36 40 0.0 0.0 0.0 0.0 1.0 0.0 0.0 0.6996501749125437
44 36 41 0.0 0.0 0.0 0.0 1.0 0.0 0.0 0.6996501749125437
44 37 37 0.0 0.0 0.0 0.0 11.0 0.0 0.0 0.6961710591745399
44 37 38 0.0 0.0 21.0 0.0 472.0 6.0 1.0 0.5629272215520706
44 37 39 0.0 0.0 2.0 0.0 79.0 0.0 0.0 0.6730769230769229
44 37 40 0.0 0.0 0.0 0.0 25.0 0.0 0.0 0.6913580246913579
44 37 41 0.0 0.0 0.0 0.0 25.0 0.0 0.0 0.6913580246913579
44 37 42 0.0 0.0 0.0 0.0 24.0 0.0 0.0 0.6916996047430829
44 37 43 0.0 0.0 0.0 0.0 28.0 0.0 0.0 0.690335305719921
44 38 36 0.0 0.0 0.0 0.0 1.0 0.0 0.0 0.6996501749125437
44 38 37 0.0 0.0 0.0 0.0 13.0 0.0 0.0 0.695479384003974
44 38 38 0.0 0.0 0.0 0.0 48.0 0.0 0.0 0.6835937499999999
44 38 39 0.0 0.0 5.0 0.0 175.0 2.0 0.0 0.6427915518824608
44 38 40 0.0 0.0 353.0 0.0 7341.0 21.0 820.0 0.14467293582721916
44 38 41 0.0 0.0 3.0 0.0 89.0 0.0 0.0 0.669536107125777
44 38 42 0.0 0.0 8.0 0.0 350.0 3.0 0.0 0.5944798301486198
44 38 43 0.0 0.0 0.0 0.0 36.0 0.0 0.0 0.6876227897838899
44 38 44 0.0 0.0 0.0 0.0 1.0 0.0 0.0 0.6996501749125437
44 39 36 0.0 0.0 0.0 0.0 6.0 0.0 0.0 0.6979062811565303
44 39 37 0.0 0.0 13.0 0.0 167.0 1.0 0.0 0.6424965580541532
44 39 38 0.0 0.0 7.0 0.0 125.0 5.0 0.0 0.6582040432534085
44 39 39 0.0 0.0 60.0 0.0 1208.0 10.0 9.0 0.4297114794352363
44 39 40 0.0 0.0 85.0 0.0 2152.0 5.0 32.0 0.33073470351996215
44 39 41 0.0 0.0 14.0 0.0 447.0 6.0 0.0 0.570264765784114
44 39 42 0.0 0.0 59.0 0.0 1306.0 9.0 10.0 0.41703902293714623
44 39 43 0.0 0.0 1.0 0.0 40.0 0.0 0.0 0.6859382655560998
44 39 44 0.0 0.0 13.0 0.0 225.0 5.0 0.0 0.6269592476489028
44 40 36 0.0 0.0 0.0 0.0 2.0 0.0 0.0 0.6993006993006992
44 40 37 0.0 0.0 4.0 0.0 69.0 2.0 0.0 0.6760019314340897
44 40 38 0.0 0.0 4.0 0.0 181.0 1.0 0.0 0.6413192853870818
44 40 39 0.0 0.0 25.0 0.0 758.0 4.0 0.0 0.5039596832253418
44 40 40 0.0 0.0 274.0 0.0 6133.0 17.0 512.0 0.16672621174228888
44 40 41 0.0 0.0 1.0 0.0 152.0 1.0 0.0 0.6505576208178437
44 40 42 0.0 0.0 19.0 0.0 387.0 5.0 2.0 0.5830903790087463
44 40 43 0.0 0.0 2.0 0.0 53.0 0.0 0.0 0.6815968841285296
44 40 44 0.0 0.0 0.0 0.0 14.0 0.0 0.0 0.6951340615690167
44 41 36 0.0 0.0 0.0 0.0 3.0 0.0 0.0 0.6993006993006992
44 41 37 0.0 0.0 0.0 0.0 11.0 0.0 0.0 0.6961710591745399
44 41 38 0.0 0.0 1.0 0.0 84.0 1.0 0.0 0.6717850287907868
44 41 39 0.0 0.0 62.0 0.0 1344.0 12.0 9.0 0.412492634060106
44 41 40 0.0 0.0 1.0 0.0 105.0 0.0 0.0 0.664767331433998
44 41 41 0.0 0.0 6.0 0.0 174.0 0.0 0.0 0.6422018348623851
44 41 42 0.0 0.0 42.0 0.0 789.0 8.0 1.0 0.49592631951824295
44 41 43 0.0 0.0 15.0 0.0 320.0 2.0 0.0 0.6000857265323617
44 41 44 0.0 0.0 0.0 0.0 20.0 0.0 0.0 0.6930693069306929
44 42 37 0.0 0.0 0.0 0.0 3.0 0.0 0.0 0.6989515726410384
44 42 38 0.0 0.0 4.0 0.0 105.0 2.0 0.0 0.6644518272425248
44 42 39 0.0 0.0 173.0 0.0 4218.0 23.0 187.0 0.21978021978021975
44 42 40 0.0 0.0 1.0 0.0 81.0 1.0 0.0 0.6727534839019701
44 42 41 0.0 0.0 3.0 0.0 93.0 1.0 0.0 0.6682577565632457
44 42 42 0.0 0.0 0.0 0.0 19.0 0.0 0.0 0.6934125804853887
44 42 43 0.0 0.0 0.0 0.0 4.0 0.0 0.0 0.6986027944111775
44 43 37 0.0 0.0 0.0 0.0 5.0 0.0 0.0 0.6982543640897755
44 43 38 0.0 0.0 0.0 0.0 7.0 0.0 0.0 0.6975585450921773
44 43 39 0.0 0.0 0.0 0.0 17.0 0.0 0.0 0.694100148735746
44 43 40 0.0 0.0 0.0 0.0 18.0 0.0 0.0 0.6937561942517343
44 43 41 0.0 0.0 0.0 0.0 10.0 0.0 0.0 0.6965174129353233
44 43 42 0.0 0.0 0.0 0.0 4.0 0.0 0.0 0.6986027944111775
44 44 40 0.0 0.0 0.0 0.0 1.0 0.0 0.0 0.6996501749125437
45 36 39 0.0 0.0 0.0 0.0 1.0 0.0 0.0 0.6996501749125437
45 37 39 0.0 0.0 9.0 0.0 246.0 4.0 0.0 0.6219458018658373
45 37 40 0.0 0.0 4.0 0.0 47.0 2.0 0.0 0.6832601268911663
45 37 41 0.0 0.0 0.0 0.0 18.0 0.0 0.0 0.6937561942517343
45 38 39 0.0 0.0 0.0 0.0 14.0 0.0 0.0 0.6951340615690167
45 38 40 0.0 0.0 0.0 0.0 27.0 0.0 0.0 0.6906758756783422
45 38 41 0.0 0.0 61.0 0.0 1470.0 9.0 11.0 0.39738858927050796
45 38 42 0.0 0.0 0.0 0.0 2.0 0.0 0.0 0.6993006993006992
45 39 39 0.0 0.0 0.0 0.0 22.0 0.0 0.0 0.6923837784371908
45 39 40 0.0 0.0 0.0 0.0 25.0 0.0 0.0 0.6913580246913579
45 39 41 0.0 0.0 5.0 0.0 124.0 2.0 0.0 0.6582040432534085
45 39 42 0.0 0.0 0.0 0.0 1.0 0.0 0.0 0.6996501749125437
45 39 43 0.0 0.0 0.0 0.0 1.0 0.0 0.0 0.6996501749125437
45 40 39 0.0 0.0 2.0 0.0 22.0 0.0 0.0 0.6916996047430829
45 40 40 0.0 0.0 0.0 0.0 18.0 0.0 0.0 0.6937561942517343
45 40 41 0.0 0.0 0.0 0.0 11.0 0.0 0.0 0.6961710591745399
45 40 42 0.0 0.0 0.0 0.0 1.0 0.0 0.0 0.6996501749125437
45 41 38 0.0 0.0 0.0 0.0 5.0 0.0 0.0 0.6982543640897755
45 41 39 0.0 0.0 28.0 0.0 550.0 7.0 3.0 0.5445352003111629
45 41 40 0.0 0.0 0.0 0.0 12.0 0.0 0.0 0.6958250497017892
45 41 41 0.0 0.0 0.0 0.0 5.0 0.0 0.0 0.6982543640897755
45 42 38 0.0 0.0 0.0 0.0 5.0 0.0 0.0 0.6982543640897755
45 42 39 0.0 0.0 0.0 0.0 7.0 0.0 0.0 0.6975585450921773
45 42 40 0.0 0.0 0.0 0.0 4.0 0.0 0.0 0.6986027944111775
45 43 38 0.0 0.0 0.0 0.0 2.0 0.0 0.0 0.6993006993006992
45 43 39 0.0 0.0 9.0 0.0 172.0 2.0 0.0 0.6424965580541532
45 43 40 0.0 0.0 0.0 0.0 3.0 0.0 0.0 0.6989515726410384
46 39 40 0.0 0.0 0.0 0.0 1.0 0.0 0.0 0.6996501749125437
