33 39 39 0.0 0.0 0.0 0.0 1.0 0.0 0.0 0.6996501749125437
33 40 38 0.0 0.0 0.0 0.0 6.0 0.0 0.0 0.6979062811565303
33 41 37 0.0 0.0 0.0 0.0 3.0 0.0 0.0 0.6989515726410384
33 41 38 0.0 0.0 0.0 0.0 3.0 0.0 0.0 0.6989515726410384
33 41 39 0.0 0.0 0.0 0.0 1.0 0.0 0.0 0.6996501749125437
33 42 37 0.0 0.0 0.0 0.0 1.0 0.0 0.0 0.6996501749125437
33 42 38 0.0 0.0 2.0 0.0 15.0 0.0 0.0 0.694100148735746
33 42 39 0.0 0.0 0.0 0.0 1.0 0.0 0.0 0.6996501749125437
33 43 38 0.0 0.0 0.0 0.0 1.0 0.0 0.0 0.6996501749125437
33 43 39 0.0 0.0 4.0 0.0 60.0 0.0 0.0 0.6782945736434108
34 38 36 0.0 0.0 0.0 0.0 2.0 0.0 0.0 0.6993006993006992
34 38 37 0.0 0.0 0.0 0.0 8.0 0.0 0.0 0.697211155378486
34 38 38 0.0 0.0 1.0 0.0 33.0 0.0 0.0 0.6882989183874139
34 38 40 0.0 0.0 0.0 0.0 3.0 0.0 0.0 0.6989515726410384
34 38 41 0.0 0.0 0.0 0.0 1.0 0.0 0.0 0.6996501749125437
34 39 37 0.0 0.0 1.0 0.0 11.0 1.0 0.0 0.6961710591745399
34 39 38 0.0 0.0 1.0 0.0 33.0 0.0 0.0 0.6882989183874139
34 39 39 0.0 0.0 1.0 0.0 42.0 1.0 0.0 0.6856023506366307
34 39 40 0.0 0.0 0.0 0.0 12.0 0.0 0.0 0.6961710591745399
34 39 41 0.0 0.0 0.0 0.0 1.0 0.0 0.0 0.6996501749125437
34 39 42 0.0 0.0 0.0 0.0 4.0 0.0 0.0 0.6989515726410384
34 40 37 0.0 0.0 0.0 0.0 4.0 0.0 0.0 0.6986027944111775
34 40 38 0.0 0.0 119.0 0.0 2678.0 17.0 46.0 0.2927645336679213
34 40 39 0.0 0.0 23.0 0.0 468.0 4.0 2.0 0.5629272215520706
34 40 40 0.0 0.0 1.0 0.0 43.0 0.0 0.0 0.684931506849315
34 40 42 0.0 0.0 1.0 0.0 33.0 0.0 0.0 0.6882989183874139
34 41 37 0.0 0.0 0.0 0.0 4.0 0.0 0.0 0.6989515726410384
34 41 38 0.0 0.0 0.0 0.0 38.0 0.0 0.0 0.6869479882237487
34 41 39 0.0 0.0 9.0 0.0 116.0 1.0 0.0 0.6591337099811675
34 41 40 0.0 0.0 0.0 0.0 19.0 0.0 0.0 0.6934125804853887
34 41 41 0.0 0.0 0.0 0.0 1.0 0.0 0.0 0.6996501749125437
34 41 43 0.0 0.0 0.0 0.0 2.0 0.0 0.0 0.6993006993006992
34 41 45 0.0 0.0 0.0 0.0 1.0 0.0 0.0 0.6996501749125437
34 42 37 0.0 0.0 0.0 0.0 3.0 0.0 0.0 0.6989515726410384
34 42 38 0.0 0.0 87.0 0.0 1891.0 15.0 12.0 0.35326772646984606
34 42 39 0.0 0.0 122.0 0.0 2567.0 11.0 38.0 0.29920923274203887
34 42 40 0.0 0.0 0.0 0.0 13.0 1.0 0.0 0.6958250497017892
34 42 42 0.0 0.0 0.0 0.0 2.0 0.0 0.0 0.6993006993006992
34 42 43 0.0 0.0 0.0 0.0 1.0 0.0 0.0 0.6996501749125437
34 43 38 0.0 0.0 0.0 0.0 2.0 0.0 0.0 0.6993006993006992
34 43 39 0.0 0.0 0.0 0.0 3.0 0.0 0.0 0.6989515726410384
34 43 40 0.0 0.0 0.0 0.0 1.0 0.0 0.0 0.6996501749125437
34 43 41 0.0 0.0 0.0 0.0 2.0 0.0 0.0 0.6993006993006992
34 43 42 0.0 0.0 0.0 0.0 1.0 0.0 0.0 0.6996501749125437
35 35 37 0.0 0.0 0.0 0.0 3.0 0.0 0.0 0.6989515726410384
35 36 36 0.0 0.0 0.0 0.0 2.0 0.0 0.0 0.6993006993006992
35 36 38 0.0 0.0 0.0 0.0 7.0 0.0 0.0 0.6975585450921773
35 36 39 0.0 0.0 0.0 0.0 10.0 0.0 0.0 0.6965174129353233
35 36 40 0.0 0.0 9.0 0.0 201.0 4.0 0.0 0.6346328195829555
35 36 41 0.0 0.0 0.0 0.0 13.0 0.0 0.0 0.695479384003974
35 36 42 0.0 0.0 0.0 0.0 6.0 0.0 0.0 0.6979062811565303
35 37 37 0.0 0.0 0.0 0.0 5.0 0.0 0.0 0.6982543640897755
35 37 38 0.0 0.0 5.0 0.0 70.0 1.0 0.0 0.6750241080038573
35 37 39 0.0 0.0 0.0 0.0 22.0 0.0 0.0 0.6923837784371908
35 37 40 0.0 0.0 0.0 0.0 30.0 0.0 0.0 0.689655172413793
35 37 41 0.0 0.0 0.0 0.0 22.0 0.0 0.0 0.6923837784371908
35 37 42 0.0 0.0 0.0 0.0 14.0 0.0 0.0 0.6951340615690167
35 38 36 0.0 0.0 0.0 0.0 2.0 0.0 0.0 0.6993006993006992
35 38 37 0.0 0.0 86.0 0.0 1454.0 13.0 6.0 0.3969379075701729
35 38 38 0.0 0.0 0.0 0.0 67.0 0.0 0.0 0.6773101112723753
35 38 39 0.0 0.0 2.0 0.0 93.0 0.0 0.0 0.6685768863419292
35 38 40 0.0 0.0 2.0 0.0 98.0 0.0 0.0 0.6666666666666665
35 38 41 0.0 0.0 20.0 0.0 332.0 8.0 0.0 0.5972696245733787
35 38 42 0.0 0.0 10.0 0.0 226.0 2.0 0.0 0.6266786034019695
35 38 43 0.0 0.0 4.0 0.0 83.0 1.0 1.0 0.6711409395973154
35 39 36 0.0 0.0 0.0 0.0 5.0 0.0 0.0 0.6982543640897755
35 39 37 0.0 0.0 26.0 0.0 525.0 4.0 1.0 0.5496662740478994
35 39 38 0.0 0.0 175.0 0.0 3949.0 17.0 134.0 0.22917007693566865
35 39 39 0.0 0.0 55.0 0.0 1212.0 8.0 8.0 0.42984341418483263
35 39 40 0.0 0.0 65.0 0.0 1583.0 7.0 12.0 0.38450975006866245
35 39 41 0.0 0.0 10.0 0.0 257.0 2.0 0.0 0.6181015452538631
35 39 42 0.0 0.0 24.0 0.0 624.0 4.0 1.0 0.5295007564296519
35 39 43 0.0 0.0 11.0 0.0 193.0 4.0 0.0 0.6363636363636362
35 39 44 0.0 0.0 3.0 0.0 124.0 1.0 0.0 0.6585136406396989
35 40 37 0.0 0.0 15.0 0.0 385.0 4.0 0.0 0.5843071786310516
35 40 38 0.0 0.0 129.0 0.0 3489.0 19.0 113.0 0.24999999999999994
35 40 39 0.0 0.0 399.0 0.0 8290.0 29.0 1331.0 0.13123359580052493
35 40 40 0.0 0.0 60.0 0.0 1353.0 6.0 12.0 0.41091869680070436
35 40 41 0.0 0.0 12.0 0.0 494.0 3.0 0.0 0.5593288054334797
35 40 42 0.0 0.0 34.0 0.0 1118.0 8.0 7.0 0.4452926208651399
35 40 43 0.0 0.0 2.0 0.0 79.0 1.0 0.0 0.6730769230769229
35 40 44 0.0 0.0 2.0 0.0 206.0 1.0 0.0 0.6343452650657
35 40 45 0.0 0.0 0.0 0.0 1.0 0.0 0.0 0.6996501749125437
35 41 37 0.0 0.0 0.0 0.0 27.0 0.0 0.0 0.6910167818361302
35 41 38 0.0 0.0 52.0 0.0 1199.0 9.0 6.0 0.43183220234423186
35 41 39 0.0 0.0 366.0 0.0 7752.0 18.0 993.0 0.1385315654066891
35 41 40 0.0 0.0 41.0 0.0 851.0 10.0 5.0 0.48577376821651624
35 41 41 0.0 0.0 11.0 0.0 342.0 2.0 0.0 0.5954912803062525
35 41 42 0.0 0.0 14.0 0.0 256.0 5.0 0.0 0.6183745583038868
35 41 43 0.0 0.0 4.0 0.0 103.0 1.0 0.0 0.664767331433998
35 41 44 0.0 0.0 75.0 0.0 1517.0 16.0 15.0 0.39149888143176725
35 41 45 0.0 0.0 0.0 0.0 2.0 0.0 0.0 0.6993006993006992
35 42 36 0.0 0.0 0.0 0.0 1.0 0.0 0.0 0.6996501749125437
35 42 37 0.0 0.0 0.0 0.0 10.0 0.0 0.0 0.6965174129353233
35 42 38 0.0 0.0 0.0 0.0 54.0 0.0 0.0 0.6815968841285296
35 42 39 0.0 0.0 72.0 0.0 1524.0 12.0 7.0 0.3906249999999999
35 42 40 0.0 0.0 87.0 0.0 1992.0 11.0 25.0 0.3440648808060948
35 42 41 0.0 0.0 56.0 0.0 1093.0 8.0 5.0 0.4460019114367632
35 42 42 0.0 0.0 2.0 0.0 123.0 0.0 0.0 0.6588235294117646
35 42 43 0.0 0.0 0.0 0.0 51.0 2.0 0.0 0.6832601268911663
35 42 44 0.0 0.0 0.0 0.0 5.0 0.0 0.0 0.6982543640897755
35 43 38 0.0 0.0 0.0 0.0 4.0 0.0 0.0 0.6986027944111775
35 43 39 0.0 0.0 0.0 0.0 15.0 0.0 0.0 0.694789081885856
35 43 40 0.0 0.0 8.0 0.0 163.0 3.0 0.0 0.646054453161052
35 43 41 0.0 0.0 29.0 0.0 559.0 6.0 1.0 0.5424254165052305
35 43 42 0.0 0.0 70.0 0.0 2129.0 7.0 23.0 0.3338102050548402
35 43 43 0.0 0.0 1.0 0.0 73.0 0.0 0.0 0.6750241080038573
35 43 44 0.0 0.0 0.0 0.0 6.0 0.0 0.0 0.6979062811565303
35 44 38 0.0 0.0 1.0 0.0 6.0 1.0 0.0 0.6979062811565303
35 44 39 0.0 0.0 0.0 0.0 6.0 1.0 0.0 0.6982543640897755
35 44 40 0.0 0.0 0.0 0.0 3.0 0.0 0.0 0.6989515726410384
35 44 41 0.0 0.0 0.0 0.0 1.0 0.0 0.0 0.6996501749125437
35 44 42 0.0 0.0 1.0 0.0 17.0 0.0 0.0 0.6937561942517343
35 45 41 0.0 0.0 0.0 0.0 1.0 0.0 0.0 0.6996501749125437
36 35 38 0.0 0.0 0.0 0.0 15.0 0.0 0.0 0.694789081885856
36 35 39 0.0 0.0 0.0 0.0 9.0 0.0 0.0 0.6968641114982577
36 35 40 0.0 0.0 0.0 0.0 3.0 0.0 0.0 0.6989515726410384
36 35 41 0.0 0.0 0.0 0.0 3.0 0.0 0.0 0.6989515726410384
36 35 42 0.0 0.0 0.0 0.0 6.0 0.0 0.0 0.6979062811565303
36 36 36 0.0 0.0 0.0 0.0 9.0 0.0 0.0 0.6968641114982577
36 36 37 0.0 0.0 116.0 0.0 2359.0 17.0 30.0 0.31397174254317106
36 36 38 0.0 0.0 0.0 0.0 82.0 0.0 0.0 0.6724303554274734
36 36 39 0.0 0.0 1.0 0.0 91.0 0.0 0.0 0.669536107125777
36 36 40 0.0 0.0 5.0 0.0 170.0 1.0 0.0 0.6442705936493326
36 36 41 0.0 0.0 2.0 0.0 82.0 0.0 0.0 0.6717850287907868
36 36 42 0.0 0.0 1.0 0.0 25.0 0.0 0.0 0.6910167818361302
36 36 43 0.0 0.0 0.0 0.0 12.0 0.0 0.0 0.6958250497017892
36 37 36 0.0 0.0 0.0 0.0 39.0 0.0 0.0 0.6866110838646394
36 37 37 0.0 0.0 41.0 0.0 847.0 10.0 2.0 0.48661800486617995
36 37 38 0.0 0.0 18.0 0.0 503.0 7.0 1.0 0.5568814638027048
36 37 39 0.0 0.0 220.0 0.0 5001.0 20.0 272.0 0.19436345966958213
36 37 40 0.0 0.0 220.0 0.0 4923.0 19.0 241.0 0.19649122807017538
36 37 41 0.0 0.0 225.0 0.0 5217.0 22.0 322.0 0.18860299070456688
36 37 42 0.0 0.0 3.0 0.0 246.0 2.0 2.0 0.6233303650934995
36 37 43 0.0 0.0 0.0 0.0 30.0 0.0 0.0 0.689655172413793
36 37 44 0.0 0.0 0.0 0.0 1.0 0.0 0.0 0.6996501749125437
36 38 36 0.0 0.0 14.0 0.0 333.0 1.0 2.0 0.5967604433077578
36 38 37 0.0 0.0 3.0 0.0 169.0 2.0 1.0 0.6454587367450437
36 38 38 0.0 0.0 130.0 0.0 3263.0 13.0 88.0 0.26027142591559765
36 38 39 0.0 0.0 234.0 0.0 5157.0 18.0 293.0 0.18980477223427328
36 38 40 0.0 0.0 339.0 0.0 7116.0 24.0 660.0 0.14838367779544248
36 38 41 0.0 0.0 151.0 0.0 3586.0 17.0 100.0 0.24471246285614398
36 38 42 0.0 0.0 88.0 0.0 2227.0 12.0 39.0 0.3254300325430032
36 38 43 0.0 0.0 3.0 0.0 262.0 2.0 0.0 0.618647812638091
36 38 44 0.0 0.0 7.0 0.0 102.0 4.0 0.0 0.6650831353919239
36 39 36 0.0 0.0 0.0 0.0 35.0 0.0 0.0 0.6879606879606879
36 39 37 0.0 0.0 97.0 0.0 2217.0 8.0 37.0 0.3249767873723305
36 39 38 0.0 0.0 404.0 0.0 8574.0 19.0 1429.0 0.12772557248426236
36 39 39 0.0 0.0 427.0 0.0 8464.0 17.0 1300.0 0.12865282117257856
36 39 40 0.0 0.0 270.0 0.0 6644.0 25.0 683.0 0.1575689364096792
36 39 41 0.0 0.0 102.0 0.0 2304.0 12.0 32.0 0.31861629494765586
36 39 42 0.0 0.0 511.0 0.0 9590.0 34.0 2015.0 0.1159228285170158
36 39 43 0.0 0.0 78.0 0.0 1540.0 12.0 11.0 0.3882418191902384
36 39 44 0.0 0.0 22.0 0.0 589.0 3.0 1.0 0.5368098159509201
36 39 45 0.0 0.0 0.0 0.0 3.0 0.0 0.0 0.6989515726410384
36 40 35 0.0 0.0 0.0 0.0 1.0 0.0 0.0 0.6996501749125437
36 40 36 0.0 0.0 0.0 0.0 11.0 0.0 0.0 0.6961710591745399
36 40 37 0.0 0.0 42.0 0.0 1044.0 6.0 7.0 0.4549886252843678
36 40 38 0.0 0.0 318.0 0.0 7108.0 15.0 742.0 0.14866730381225443
36 40 39 0.0 0.0 601.0 0.0 11052.0 35.0 3834.0 0.10275229357798164
36 40 40 0.0 0.0 418.0 0.0 8271.0 15.0 1053.0 0.13102480112306972
36 40 41 0.0 0.0 214.0 0.0 5192.0 12.0 292.0 0.18931710615280592
36 40 42 0.0 0.0 80.0 0.0 2305.0 13.0 40.0 0.32036613272311204
36 40 43 0.0 0.0 271.0 0.0 6287.0 15.0 621.0 0.16381933068102034
36 40 44 0.0 0.0 9.0 0.0 306.0 4.0 0.0 0.6057983556901773
36 40 45 0.0 0.0 1.0 0.0 12.0 0.0 0.0 0.695479384003974
36 41 36 0.0 0.0 2.0 0.0 14.0 0.0 0.0 0.6944444444444444
36 41 37 0.0 0.0 53.0 0.0 1434.0 11.0 9.0 0.4027617951668584
36 41 38 0.0 0.0 334.0 0.0 7239.0 27.0 843.0 0.1465354825204103
36 41 39 0.0 0.0 436.0 0.0 9274.0 19.0 1986.0 0.11963766877456843
36 41 40 0.0 0.0 258.0 0.0 6145.0 22.0 488.0 0.16702457647339533
36 41 41 0.0 0.0 589.0 0.0 10697.0 29.0 2904.0 0.1054772847133278
36 41 42 0.0 0.0 566.0 0.0 10429.0 32.0 2603.0 0.10787486515641853
36 41 43 0.0 0.0 177.0 0.0 4235.0 21.0 175.0 0.2190237797246558
36 41 44 0.0 0.0 2.0 0.0 144.0 1.0 0.0 0.6529850746268656
36 41 45 0.0 0.0 0.0 0.0 2.0 0.0 0.0 0.6993006993006992
36 42 37 0.0 0.0 3.0 0.0 144.0 1.0 1.0 0.6523765144454798
36 42 38 0.0 0.0 20.0 0.0 575.0 3.0 1.0 0.5401234567901234
36 42 39 0.0 0.0 189.0 0.0 4191.0 19.0 157.0 0.22002200220021997
36 42 40 0.0 0.0 197.0 0.0 4852.0 17.0 228.0 0.1991465149359886
36 42 41 0.0 0.0 260.0 0.0 5717.0 19.0 355.0 0.17581313575285695
36 42 42 0.0 0.0 491.0 0.0 9295.0 20.0 1743.0 0.11887577481531798
36 42 43 0.0 0.0 174.0 0.0 3722.0 19.0 131.0 0.2382167772673132
36 42 44 0.0 0.0 11.0 0.0 365.0 5.0 1.0 0.5904681568958244
36 42 45 0.0 0.0 0.0 0.0 3.0 0.0 0.0 0.6989515726410384
36 43 37 0.0 0.0 0.0 0.0 28.0 0.0 0.0 0.690335305719921
36 43 38 0.0 0.0 0.0 0.0 108.0 0.0 0.0 0.6641366223908918
36 43 39 0.0 0.0 117.0 0.0 2885.0 8.0 58.0 0.28028028028028024
36 43 40 0.0 0.0 141.0 0.0 3124.0 26.0 80.0 0.26722656995609845
36 43 41 0.0 0.0 23.0 0.0 1036.0 9.0 3.0 0.4591669399803214
36 43 42 0.0 0.0 35.0 0.0 913.0 8.0 5.0 0.47619047619047605
36 43 43 0.0 0.0 28.0 0.0 631.0 9.0 1.0 0.5283018867924527
36 43 44 0.0 0.0 23.0 0.0 601.0 7.0 2.0 0.5349636988918608
36 43 45 0.0 0.0 2.0 0.0 23.0 1.0 0.0 0.6916996047430829
36 44 37 0.0 0.0 0.0 0.0 3.0 0.0 0.0 0.6989515726410384
36 44 38 0.0 0.0 21.0 0.0 470.0 5.0 0.0 0.5631536604987931
36 44 39 0.0 0.0 5.0 0.0 119.0 1.0 0.0 0.6594441827602449
36 44 40 0.0 0.0 1.0 0.0 74.0 0.0 0.0 0.6746987951807227
36 44 41 0.0 0.0 63.0 0.0 1369.0 10.0 8.0 0.40911747516072466
36 44 42 0.0 0.0 3.0 0.0 79.0 1.0 0.0 0.6727534839019701
36 44 43 0.0 0.0 0.0 0.0 8.0 0.0 0.0 0.697211155378486
36 44 44 0.0 0.0 0.0 0.0 1.0 0.0 0.0 0.6996501749125437
36 44 45 0.0 0.0 0.0 0.0 1.0 0.0 0.0 0.6996501749125437
36 45 38 0.0 0.0 0.0 0.0 3.0 0.0 0.0 0.6989515726410384
36 45 39 0.0 0.0 6.0 0.0 157.0 4.0 0.0 0.6484483557202407
36 45 40 0.0 0.0 0.0 0.0 6.0 0.0 0.0 0.6979062811565303
37 35 36 0.0 0.0 0.0 0.0 1.0 0.0 0.0 0.6996501749125437
37 35 37 0.0 0.0 0.0 0.0 4.0 0.0 0.0 0.6986027944111775
37 35 38 0.0 0.0 0.0 0.0 18.0 0.0 0.0 0.6937561942517343
37 35 39 0.0 0.0 0.0 0.0 25.0 0.0 0.0 0.6913580246913579
37 35 40 0.0 0.0 0.0 0.0 14.0 0.0 0.0 0.6951340615690167
37 35 41 0.0 0.0 0.0 0.0 7.0 0.0 0.0 0.6975585450921773
37 35 42 0.0 0.0 0.0 0.0 3.0 0.0 0.0 0.6993006993006992
37 36 36 0.0 0.0 0.0 0.0 31.0 0.0 0.0 0.6893156080748399
37 36 37 0.0 0.0 2.0 0.0 90.0 1.0 0.0 0.669536107125777
37 36 38 0.0 0.0 34.0 0.0 840.0 7.0 5.0 0.48831531217300306
37 36 39 0.0 0.0 303.0 0.0 6740.0 28.0 626.0 0.15522785231178618
37 36 40 0.0 0.0 98.0 0.0 2434.0 15.0 32.0 0.30994022581359304
37 36 41 0.0 0.0 93.0 0.0 2623.0 13.0 54.0 0.29774564015312627
37 36 42 0.0 0.0 11.0 0.0 239.0 4.0 0.0 0.6233303650934995
37 36 43 0.0 0.0 0.0 0.0 21.0 0.0 0.0 0.6927263730826323
37 36 44 0.0 0.0 0.0 0.0 3.0 0.0 0.0 0.6989515726410384
37 37 36 0.0 0.0 1.0 0.0 58.0 0.0 0.0 0.6799417192812044
37 37 37 0.0 0.0 392.0 0.0 8197.0 23.0 1139.0 0.1323251417769376
37 37 38 0.0 0.0 415.0 0.0 8064.0 38.0 1094.0 0.13398411331227866
37 37 39 0.0 0.0 224.0 0.0 5253.0 14.0 312.0 0.18739124615178687
37 37 40 0.0 0.0 628.0 0.0 11075.0 28.0 3560.0 0.10224948875255623
37 37 41 0.0 0.0 206.0 0.0 5297.0 16.0 316.0 0.18691588785046725
37 37 42 0.0 0.0 400.0 0.0 8531.0 18.0 1267.0 0.128228613299139
37 37 43 0.0 0.0 8.0 0.0 368.0 3.0 1.0 0.5902192242833051
37 37 44 0.0 0.0 0.0 0.0 21.0 1.0 0.0 0.6930693069306929
37 38 35 0.0 0.0 0.0 0.0 3.0 0.0 0.0 0.6989515726410384
37 38 36 0.0 0.0 7.0 0.0 202.0 2.0 0.0 0.6343452650657
37 38 37 0.0 0.0 205.0 0.0 4701.0 21.0 224.0 0.2032815449397415
37 38 38 0.0 0.0 465.0 0.0 9250.0 22.0 1733.0 0.1196683477220275
37 38 39 0.0 0.0 998.0 0.0 12791.0 36.0 10227.0 0.08879304877275321
37 38 40 0.0 0.0 877.0 0.0 12580.0 26.0 7286.0 0.090591432638799
37 38 41 0.0 0.0 1136.0 0.0 13250.0 27.0 12675.0 0.08544921874999999
37 38 42 0.0 0.0 385.0 0.0 8225.0 28.0 1230.0 0.1321752265861027
37 38 43 0.0 0.0 46.0 0.0 1312.0 8.0 9.0 0.4181600955794504
37 38 44 0.0 0.0 13.0 0.0 343.0 5.0 0.0 0.5954912803062525
37 38 45 0.0 0.0 0.0 0.0 5.0 0.0 0.0 0.6982543640897755
37 39 34 0.0 0.0 0.0 0.0 1.0 0.0 0.0 0.6996501749125437
37 39 35 0.0 0.0 0.0 0.0 2.0 0.0 0.0 0.6996501749125437
37 39 36 0.0 0.0 71.0 0.0 1754.0 9.0 13.0 0.3668763102725366
37 39 37 0.0 0.0 276.0 0.0 6119.0 23.0 480.0 0.16716417910447756
37 39 38 0.0 0.0 437.0 0.0 9267.0 23.0 1923.0 0.11972975284358162
37 39 39 0.0 0.0 682.0 0.0 11670.0 22.0 4673.0 0.09752020061298411
37 39 40 0.0 0.0 765.0 0.0 12126.0 26.0 5418.0 0.09407337723424271
37 39 41 0.0 0.0 565.0 0.0 10385.0 26.0 2411.0 0.10817493432236129
37 39 42 0.0 0.0 394.0 0.0 8604.0 21.0 1335.0 0.1274581209031318
37 39 43 0.0 0.0 648.0 0.0 10787.0 31.0 3008.0 0.10435301132975551
37 39 44 0.0 0.0 36.0 0.0 795.0 2.0 4.0 0.49469964664310945
37 39 45 0.0 0.0 1.0 0.0 34.0 1.0 0.0 0.6882989183874139
37 40 35 0.0 0.0 0.0 0.0 4.0 0.0 0.0 0.6986027944111775
37 40 36 0.0 0.0 24.0 0.0 510.0 4.0 1.0 0.5533596837944663
37 40 37 0.0 0.0 165.0 0.0 3511.0 15.0 105.0 0.24734982332155472
37 40 38 0.0 0.0 572.0 0.0 10336.0 20.0 2722.0 0.10851030847930553
37 40 39 0.0 0.0 1307.0 0.0 13357.0 36.0 15935.0 0.0840134421507441
37 40 40 0.0 0.0 840.0 0.0 12523.0 28.0 7188.0 0.09121709669012248
37 40 41 0.0 0.0 794.0 0.0 12194.0 19.0 5859.0 0.09338936695350541
37 40 42 0.0 0.0 647.0 0.0 11494.0 26.0 4302.0 0.09905193151266449
37 40 43 0.0 0.0 359.0 0.0 8171.0 20.0 1337.0 0.13311780926119612
37 40 44 0.0 0.0 296.0 0.0 6260.0 15.0 444.0 0.1637043966323667
37 40 45 0.0 0.0 0.0 0.0 21.0 0.0 0.0 0.6927263730826323
37 41 35 0.0 0.0 0.0 0.0 2.0 0.0 0.0 0.6993006993006992
37 41 36 0.0 0.0 3.0 0.0 61.0 1.0 0.0 0.6786233640329616
37 41 37 0.0 0.0 125.0 0.0 2859.0 16.0 60.0 0.28180354267310787
37 41 38 0.0 0.0 626.0 0.0 11278.0 30.0 4120.0 0.10070493454179252
37 41 39 0.0 0.0 904.0 0.0 12659.0 23.0 7650.0 0.0899569491743237
37 41 40 0.0 0.0 824.0 0.0 12624.0 26.0 6956.0 0.09066770286898516
37 41 41 0.0 0.0 965.0 1.0 13036.0 25.0 9119.0 0.08747813046738315
37 41 42 0.0 0.0 1226.0 0.0 12996.0 43.0 15176.0 0.08633448445979279
37 41 43 0.0 0.0 287.0 0.0 6184.0 25.0 439.0 0.16570008285004142
37 41 44 0.0 0.0 20.0 0.0 404.0 5.0 0.0 0.5789909015715466
37 41 45 0.0 0.0 6.0 0.0 143.0 1.0 0.0 0.6517690875232773
37 42 35 0.0 0.0 0.0 0.0 4.0 0.0 0.0 0.6986027944111775
37 42 36 0.0 0.0 3.0 0.0 67.0 1.0 0.0 0.6766553890768486
37 42 37 0.0 0.0 118.0 0.0 2689.0 14.0 42.0 0.2920926350928437
37 42 38 0.0 0.0 532.0 0.0 10143.0 22.0 2517.0 0.11059325381151748
37 42 39 0.0 0.0 586.0 0.0 10562.0 35.0 3014.0 0.10662604722010662
37 42 40 0.0 0.0 713.0 0.0 11790.0 29.0 5576.0 0.09651178822556182
37 42 41 0.0 0.0 438.0 0.0 8939.0 19.0 1551.0 0.12319605772615275
37 42 42 0.0 0.0 520.0 0.0 9886.0 15.0 2514.0 0.11284862163469289
37 42 43 0.0 0.0 593.0 0.0 10599.0 19.0 3273.0 0.10616516266019564
37 42 44 0.0 0.0 157.0 0.0 3561.0 23.0 119.0 0.24565713283032106
37 42 45 0.0 0.0 0.0 0.0 15.0 0.0 0.0 0.6951340615690167
37 43 36 0.0 0.0 0.0 0.0 3.0 0.0 0.0 0.6989515726410384
37 43 37 0.0 0.0 3.0 0.0 146.0 0.0 0.0 0.6514657980456026
37 43 38 0.0 0.0 245.0 0.0 5571.0 15.0 321.0 0.17937219730941703
37 43 39 0.0 0.0 393.0 0.0 7537.0 21.0 818.0 0.14122868959951576
37 43 40 0.0 0.0 290.0 0.0 6274.0 19.0 461.0 0.16378100140383714
37 43 41 0.0 0.0 587.0 0.0 10891.0 23.0 3366.0 0.1039809863339275
37 43 42 0.0 0.0 142.0 0.0 3615.0 15.0 113.0 0.2438174851967955
37 43 43 0.0 0.0 202.0 0.0 4403.0 20.0 166.0 0.21253985122210411
37 43 44 0.0 0.0 1.0 0.0 87.0 0.0 0.0 0.6704980842911876
37 43 45 0.0 0.0 0.0 0.0 15.0 0.0 0.0 0.694789081885856
37 44 37 0.0 0.0 0.0 0.0 9.0 0.0 0.0 0.6968641114982577
37 44 38 0.0 0.0 1.0 0.0 113.0 0.0 0.0 0.662251655629139
37 44 39 0.0 0.0 297.0 0.0 6380.0 19.0 483.0 0.16158818097876268
37 44 40 0.0 0.0 14.0 0.0 524.0 4.0 0.0 0.5527043031977891
37 44 41 0.0 0.0 58.0 0.0 1065.0 8.0 4.0 0.4492939666238767
37 44 42 0.0 0.0 3.0 0.0 159.0 2.0 0.0 0.648148148148148
37 44 43 0.0 0.0 5.0 0.0 83.0 0.0 0.0 0.6704980842911876
37 44 44 0.0 0.0 1.0 0.0 7.0 0.0 0.0 0.697211155378486
37 44 45 0.0 0.0 2.0 0.0 70.0 1.0 0.0 0.6760019314340897
37 45 38 0.0 0.0 0.0 0.0 10.0 0.0 0.0 0.6965174129353233
37 45 39 0.0 0.0 4.0 0.0 95.0 0.0 0.0 0.6669842782277274
37 45 40 0.0 0.0 1.0 0.0 54.0 0.0 0.0 0.6812652068126519
37 45 41 0.0 0.0 0.0 0.0 15.0 0.0 0.0 0.694789081885856
37 46 39 0.0 0.0 0.0 0.0 1.0 0.0 0.0 0.6996501749125437
38 35 35 0.0 0.0 9.0 0.0 79.0 1.0 0.0 0.670819357930043
38 35 36 0.0 0.0 0.0 0.0 2.0 0.0 0.0 0.6993006993006992
38 35 37 0.0 0.0 0.0 0.0 3.0 0.0 0.0 0.6989515726410384
38 35 38 0.0 0.0 0.0 0.0 15.0 0.0 0.0 0.694789081885856
38 35 39 0.0 0.0 8.0 0.0 216.0 2.0 0.0 0.63006300630063
38 35 40 0.0 0.0 3.0 0.0 135.0 3.0 0.0 0.6557377049180326
38 35 41 0.0 0.0 2.0 0.0 56.0 2.0 0.0 0.6809338521400777
38 35 42 0.0 0.0 1.0 0.0 7.0 0.0 0.0 0.697211155378486
38 36 35 0.0 0.0 0.0 0.0 7.0 0.0 0.0 0.6975585450921773
38 36 36 0.0 0.0 10.0 0.0 222.0 4.0 0.0 0.6283662477558347
38 36 37 0.0 0.0 99.0 0.0 2192.0 19.0 31.0 0.3277153558052434
38 36 38 0.0 0.0 16.0 0.0 519.0 2.0 3.0 0.5527043031977891
38 36 39 0.0 0.0 89.0 0.0 2135.0 11.0 30.0 0.33230477094706856
38 36 40 0.0 0.0 199.0 0.0 4683.0 24.0 208.0 0.20405188747995914
38 36 41 0.0 0.0 169.0 0.0 4110.0 16.0 171.0 0.22342802425789973
38 36 42 0.0 0.0 12.0 0.0 449.0 4.0 0.0 0.5698005698005697
38 36 43 0.0 0.0 0.0 0.0 44.0 0.0 0.0 0.684931506849315
38 36 44 0.0 0.0 1.0 0.0 62.0 2.0 0.0 0.6792819019893255
38 37 34 0.0 0.0 2.0 0.0 18.0 0.0 0.0 0.6930693069306929
38 37 35 0.0 0.0 0.0 0.0 19.0 0.0 0.0 0.6934125804853887
38 37 36 0.0 0.0 39.0 0.0 917.0 5.0 6.0 0.47441545238902055
38 37 37 0.0 0.0 225.0 0.0 5635.0 11.0 374.0 0.17829852266938356
38 37 38 0.0 0.0 347.0 0.0 7897.0 17.0 1004.0 0.1367321027444086
38 37 39 0.0 0.0 748.0 0.0 11987.0 25.0 5370.0 0.09504412763068566
38 37 40 0.0 0.0 494.0 0.0 9420.0 26.0 1854.0 0.11772620248906826
38 37 41 0.0 0.0 495.0 0.0 9668.0 28.0 2063.0 0.11529276126163221
38 37 42 0.0 0.0 270.0 0.0 6142.0 19.0 470.0 0.16674606955693183
38 37 43 0.0 0.0 190.0 0.0 3865.0 28.0 124.0 0.23228803716608593
38 37 44 0.0 0.0 41.0 0.0 988.0 11.0 8.0 0.46388336646785944
38 37 45 0.0 0.0 4.0 0.0 67.0 1.0 0.0 0.6763285024154588
38 38 34 0.0 0.0 0.0 0.0 2.0 0.0 0.0 0.6993006993006992
38 38 35 0.0 0.0 0.0 0.0 50.0 0.0 0.0 0.6829268292682925
38 38 36 0.0 0.0 107.0 0.0 2439.0 14.0 36.0 0.30891438658428944
38 38 37 0.0 0.0 345.0 0.0 7147.0 26.0 703.0 0.14781966001478195
38 38 38 0.0 0.0 1170.0 0.0 13065.0 39.0 13856.0 0.0862546978005052
38 38 39 0.0 0.0 1125.0 0.0 13326.0 36.0 11198.0 0.08510120965290863
38 38 40 0.0 0.0 820.0 0.0 12607.0 32.0 6394.0 0.09086188992731048
38 38 41 0.0 0.0 1191.0 0.0 13269.0 34.0 14068.0 0.08510120965290863
38 38 42 0.0 0.0 780.0 0.0 12093.0 27.0 5639.0 0.09418096199125461
38 38 43 0.0 0.0 376.0 0.0 8064.0 18.0 1123.0 0.13420245398773004
38 38 44 0.0 0.0 51.0 0.0 1191.0 11.0 4.0 0.4333023831631074
38 38 45 0.0 0.0 0.0 0.0 29.0 0.0 0.0 0.6899950714637751
38 39 34 0.0 0.0 0.0 0.0 3.0 0.0 0.0 0.6989515726410384
38 39 35 0.0 0.0 30.0 0.0 604.0 9.0 1.0 0.5335365853658536
38 39 36 0.0 0.0 139.0 0.0 3138.0 17.0 74.0 0.26621030614185204
38 39 37 0.0 0.0 587.0 0.0 10754.0 18.0 3204.0 0.10499475026248688
38 39 38 0.0 0.0 904.0 0.0 12750.0 28.0 6402.0 0.08945115328094051
38 39 39 0.0 0.0 1779.0 0.0 12160.0 56.0 30506.0 0.08784589320449268
38 39 40 0.0 0.0 2048.0 0.0 12182.0 55.0 34445.0 0.08618036318867342
38 39 41 0.0 0.0 1012.0 0.0 13138.0 45.0 10523.0 0.0867894116917736
38 39 42 0.0 0.0 740.0 0.0 11835.0 28.0 4829.0 0.09612083762444215
38 39 43 0.0 0.0 326.0 1.0 7290.0 22.0 773.0 0.14583333333333331
38 39 44 0.0 0.0 280.0 0.0 5780.0 18.0 355.0 0.17402113113735238
38 39 45 0.0 0.0 1.0 0.0 41.0 0.0 0.0 0.6859382655560998
38 40 34 0.0 0.0 0.0 0.0 2.0 0.0 0.0 0.6993006993006992
38 40 35 0.0 0.0 99.0 0.0 2109.0 13.0 21.0 0.33365109628217343
38 40 36 0.0 0.0 165.0 0.0 3393.0 16.0 80.0 0.2525708100306693
38 40 37 0.0 0.0 297.0 0.0 7329.0 11.0 945.0 0.14556040756914118
38 40 38 0.0 0.0 998.0 0.0 13086.0 33.0 8173.0 0.08703220191470844
38 40 39 0.0 0.0 1770.0 2.0 13116.0 54.0 25501.0 0.08296296296296296
38 40 40 0.0 1.0 1633.0 1.0 12902.0 39.0 24660.0 0.08458192363460608
38 40 41 0.0 0.0 1667.0 2.0 13174.0 49.0 23781.0 0.083184789067142
38 40 42 0.0 0.0 1162.0 1.0 13641.0 38.0 11403.0 0.0833134967864794
38 40 43 0.0 0.0 514.0 0.0 9567.0 20.0 1974.0 0.11598044901002401
38 40 44 0.0 0.0 46.0 0.0 1223.0 13.0 6.0 0.4299754299754299
38 40 45 0.0 0.0 2.0 0.0 74.0 0.0 0.0 0.6743737957610789
38 41 35 0.0 0.0 9.0 0.0 299.0 4.0 0.0 0.6076388888888887
38 41 36 0.0 0.0 87.0 0.0 1956.0 13.0 19.0 0.3474807644576817
38 41 37 0.0 0.0 335.0 0.0 7494.0 22.0 1055.0 0.14268242967794534
38 41 38 0.0 0.0 634.0 7.0 10961.0 23.0 3125.0 0.10299418818509526
38 41 39 0.0 0.0 1436.0 0.0 13244.0 35.0 19738.0 0.08387251377905583
38 41 40 0.0 0.0 2005.0 0.0 12072.0 62.0 34674.0 0.08711885500933415
38 41 41 0.0 0.0 1445.0 2.0 13653.0 62.0 17739.0 0.08203926164664517
38 41 42 0.0 0.0 1066.0 0.0 13398.0 30.0 9684.0 0.08505467800729039
38 41 43 0.0 0.0 422.0 0.0 8712.0 35.0 1556.0 0.12606933813597476
38 41 44 0.0 0.0 145.0 0.0 3959.0 14.0 139.0 0.22984731571170577
38 41 45 0.0 0.0 17.0 0.0 338.0 4.0 0.0 0.5954912803062525
38 42 35 0.0 0.0 0.0 0.0 10.0 0.0 0.0 0.6965174129353233
38 42 36 0.0 0.0 61.0 0.0 1529.0 6.0 16.0 0.3906249999999999
38 42 37 0.0 0.0 91.0 0.0 2313.0 13.0 39.0 0.31890660592255116
38 42 38 0.0 0.0 429.0 3.0 9062.0 28.0 1889.0 0.12202562538133006
38 42 39 0.0 0.0 1244.0 0.0 13463.0 36.0 13602.0 0.0837621155917195
38 42 40 0.0 0.0 1374.0 2.0 13199.0 40.0 18370.0 0.08451044307618012
38 42 41 0.0 0.0 1239.0 2.0 13498.0 43.0 13413.0 0.08368200836820082
38 42 42 0.0 0.0 508.0 2.0 9446.0 33.0 1711.0 0.11730205278592375
38 42 43 0.0 0.0 416.0 0.0 8324.0 34.0 1142.0 0.1306945481702763
38 42 44 0.0 0.0 153.0 0.0 3823.0 17.0 132.0 0.23497818059751588
38 42 45 0.0 0.0 12.0 0.0 318.0 1.0 1.0 0.6011163589523401
38 43 36 0.0 0.0 1.0 0.0 94.0 1.0 0.0 0.668896321070234
38 43 37 0.0 0.0 70.0 0.0 1547.0 9.0 11.0 0.38802660753880264
38 43 38 0.0 0.0 165.0 0.0 4004.0 15.0 131.0 0.2274204028589993
38 43 39 0.0 0.0 793.0 0.0 12024.0 24.0 6503.0 0.09447968686732351
38 43 40 0.0 0.0 556.0 2.0 10461.0 27.0 2858.0 0.10765918179021838
38 43 41 0.0 0.0 363.0 0.0 7766.0 20.0 980.0 0.1383946223803875
38 43 42 0.0 0.0 297.0 0.0 6381.0 24.0 496.0 0.16177490177952392
38 43 43 0.0 0.0 108.0 0.0 2655.0 14.0 53.0 0.2947989050326384
38 43 44 0.0 0.0 264.0 0.0 5871.0 17.0 417.0 0.17232890201870998
38 43 45 0.0 0.0 0.0 0.0 22.0 0.0 0.0 0.6923837784371908
38 44 36 0.0 0.0 6.0 0.0 132.0 1.0 0.0 0.6551240056153486
38 44 37 0.0 0.0 32.0 0.0 626.0 9.0 2.0 0.5285013212533031
38 44 38 0.0 0.0 40.0 0.0 931.0 7.0 2.0 0.4723346828609986
38 44 39 0.0 0.0 27.0 0.0 1005.0 4.0 5.0 0.4626569729015201
38 44 40 0.0 0.0 326.0 0.0 6613.0 15.0 538.0 0.15677491601343782
38 44 41 0.0 0.0 19.0 0.0 639.0 6.0 0.0 0.5281026027913994
38 44 42 0.0 0.0 82.0 0.0 2038.0 12.0 24.0 0.340881421962503
38 44 43 0.0 0.0 4.0 0.0 57.0 1.0 0.0 0.6796116504854368
38 44 44 0.0 0.0 1.0 0.0 18.0 0.0 0.0 0.6934125804853887
38 44 45 0.0 0.0 0.0 0.0 4.0 0.0 0.0 0.6986027944111775
38 45 37 0.0 0.0 0.0 0.0 5.0 0.0 0.0 0.6982543640897755
38 45 38 0.0 0.0 1.0 0.0 7.0 0.0 0.0 0.697211155378486
38 45 39 0.0 0.0 4.0 0.0 94.0 1.0 0.0 0.6676204101096804
38 45 40 0.0 0.0 0.0 0.0 26.0 0.0 0.0 0.6910167818361302
38 45 41 0.0 0.0 2.0 0.0 55.0 2.0 0.0 0.6812652068126519
38 45 42 0.0 0.0 0.0 0.0 3.0 0.0 0.0 0.6989515726410384
38 45 43 0.0 0.0 0.0 0.0 2.0 0.0 0.0 0.6993006993006992
39 34 41 0.0 0.0 0.0 0.0 2.0 0.0 0.0 0.6993006993006992
39 35 35 0.0 0.0 0.0 0.0 3.0 0.0 0.0 0.6989515726410384
39 35 36 0.0 0.0 0.0 0.0 7.0 0.0 0.0 0.6975585450921773
39 35 37 0.0 0.0 0.0 0.0 11.0 0.0 0.0 0.6961710591745399
39 35 38 0.0 0.0 0.0 0.0 31.0 0.0 0.0 0.6893156080748399
39 35 39 0.0 0.0 15.0 0.0 463.0 4.0 2.0 0.5658852061438965
39 35 40 0.0 0.0 0.0 0.0 69.0 0.0 0.0 0.6766553890768486
39 35 41 0.0 0.0 21.0 0.0 612.0 8.0 0.0 0.5333333333333332
39 35 42 0.0 0.0 0.0 0.0 4.0 0.0 0.0 0.6989515726410384
39 36 35 0.0 0.0 2.0 0.0 63.0 1.0 0.0 0.6782945736434108
39 36 36 0.0 0.0 85.0 0.0 1967.0 9.0 20.0 0.34619188921859545
39 36 37 0.0 0.0 41.0 0.0 1054.0 11.0 6.0 0.4539559014267185
39 36 38 0.0 0.0 168.0 0.0 3636.0 19.0 108.0 0.2420051858254105
39 36 39 0.0 0.0 129.0 0.0 3703.0 11.0 116.0 0.2405498281786941
39 36 40 0.0 0.0 419.0 0.0 8931.0 22.0 1703.0 0.12343502027861045
39 36 41 0.0 0.0 148.0 0.0 3582.0 14.0 128.0 0.2448836802518803
39 36 42 0.0 0.0 82.0 0.0 2255.0 7.0 38.0 0.32332563510392603
39 36 43 0.0 0.0 0.0 0.0 74.0 0.0 0.0 0.6750241080038573
39 36 44 0.0 0.0 0.0 0.0 43.0 0.0 0.0 0.6852667645619186
39 37 34 0.0 0.0 0.0 0.0 2.0 0.0 0.0 0.6993006993006992
39 37 35 0.0 0.0 45.0 0.0 847.0 10.0 3.0 0.4859423811176674
39 37 36 0.0 0.0 264.0 0.0 6046.0 26.0 448.0 0.1688985402340451
39 37 37 0.0 0.0 462.0 0.0 9424.0 17.0 2163.0 0.11788480970023577
39 37 38 0.0 0.0 560.0 0.0 10544.0 27.0 2942.0 0.1069600427840171
39 37 39 0.0 0.0 575.0 0.0 10632.0 24.0 3101.0 0.10607667828458855
39 37 40 0.0 0.0 1069.0 0.0 13272.0 33.0 10108.0 0.08567407135426228
39 37 41 0.0 0.0 942.0 0.0 12739.0 28.0 8368.0 0.08924018357980622
39 37 42 0.0 0.0 329.0 0.0 6977.0 19.0 617.0 0.15066724063710718
39 37 43 0.0 0.0 396.0 0.0 8080.0 17.0 1106.0 0.13380483608907578
39 37 44 0.0 0.0 39.0 0.0 696.0 5.0 1.0 0.5128205128205128
39 37 45 0.0 0.0 0.0 0.0 15.0 0.0 0.0 0.694789081885856
39 38 34 0.0 0.0 0.0 0.0 7.0 0.0 0.0 0.6975585450921773
39 38 35 0.0 0.0 120.0 0.0 2878.0 19.0 44.0 0.28106805862276646
39 38 36 0.0 0.0 373.0 0.0 7828.0 21.0 1007.0 0.13743005791695295
39 38 37 0.0 0.0 711.0 0.0 11859.0 24.0 6229.0 0.09609444711373463
39 38 38 0.0 0.0 1042.0 0.0 13285.0 40.0 10489.0 0.08584217303329449
39 38 39 0.0 0.0 1122.0 0.0 13271.0 23.0 11944.0 0.08540751586139579
39 38 40 0.0 0.0 1834.0 1.0 12997.0 59.0 27117.0 0.08325899494498959
39 38 41 0.0 0.0 885.0 0.0 12864.0 35.0 7130.0 0.08902454533892916
39 38 42 0.0 0.0 1020.0 0.0 13020.0 31.0 9493.0 0.0873253493013972
39 38 43 0.0 0.0 334.0 0.0 7549.0 20.0 930.0 0.14187271990271583
39 38 44 0.0 0.0 283.0 0.0 6177.0 14.0 462.0 0.16575893914278947
39 38 45 0.0 0.0 0.0 0.0 36.0 0.0 0.0 0.6876227897838899
39 38 46 0.0 0.0 0.0 0.0 1.0 0.0 0.0 0.0
39 39 34 0.0 0.0 0.0 0.0 11.0 0.0 0.0 0.6961710591745399
39 39 35 0.0 0.0 119.0 0.0 2783.0 20.0 53.0 0.28670899037476955
39 39 36 0.0 0.0 559.0 0.0 10148.0 28.0 2553.0 0.11037527593818984
39 39 37 0.0 0.0 754.0 0.0 12044.0 34.0 5256.0 0.0947354175125186
39 39 38 0.0 0.0 1445.0 0.0 13476.0 44.0 19717.0 0.08276677505172922
39 39 39 2.0 1.0 2123.0 16.0 11819.0 61.0 38200.0 0.08774678784080225
39 39 40 0.0 4.0 2392.0 36.0 12441.0 60.0 37628.0 0.08294330232833698
39 39 41 0.0 3.0 2377.0 24.0 11338.0 60.0 44343.0 0.08892841262783459
39 39 42 1.0 0.0 1083.0 4.0 13498.0 28.0 9725.0 0.08441362677117877
39 39 43 0.0 0.0 486.0 0.0 9310.0 17.0 1857.0 0.11876484560570069
39 39 44 0.0 0.0 137.0 0.0 3293.0 15.0 107.0 0.25858884373845575
39 39 45 0.0 0.0 0.0 0.0 44.0 0.0 0.0 0.684931506849315
39 40 34 0.0 0.0 0.0 0.0 10.0 0.0 0.0 0.6965174129353233
39 40 35 0.0 0.0 44.0 0.0 842.0 7.0 4.0 0.48661800486617995
39 40 36 0.0 0.0 453.0 0.0 9020.0 32.0 1599.0 0.12220670391061451
39 40 37 0.0 0.0 982.0 0.0 13160.0 36.0 8888.0 0.08675714197186588
39 40 38 0.0 1.0 1537.0 10.0 13313.0 38.0 20605.0 0.0830367734282325
39 40 39 0.0 0.0 2361.0 5.0 12225.0 52.0 39887.0 0.08435767654856591
39 40 40 0.0 9.0 2925.0 47.0 9366.0 61.0 66433.0 0.09756097560975609
39 40 41 0.0 10.0 2140.0 101.0 13161.0 62.0 30071.0 0.08038585209003214
39 40 42 0.0 7.0 877.0 94.0 12668.0 24.0 7622.0 0.08955414827608264
39 40 43 0.0 0.0 792.0 0.0 12369.0 44.0 6954.0 0.09247027741083222
39 40 44 0.0 0.0 383.0 0.0 8250.0 20.0 1319.0 0.13180192054227075
39 40 45 0.0 0.0 2.0 0.0 72.0 0.0 0.0 0.6750241080038573
39 41 35 0.0 0.0 23.0 0.0 531.0 6.0 3.0 0.5494505494505494
39 41 36 0.0 0.0 247.0 0.0 5928.0 18.0 438.0 0.17156862745098037
39 41 37 0.0 0.0 556.0 0.0 10734.0 27.0 3477.0 0.1054772847133278
39 41 38 0.0 0.0 637.0 2.0 11208.0 28.0 3652.0 0.10122921185827909
39 41 39 0.0 0.0 1755.0 23.0 13217.0 49.0 25912.0 0.0824353765530236
39 41 40 1.0 5.0 2463.0 39.0 11353.0 61.0 45329.0 0.0883336488106505
39 41 41 0.0 4.0 1902.0 54.0 13140.0 34.0 27697.0 0.08180915093788348
39 41 42 0.0 7.0 1219.0 66.0 13134.0 29.0 14972.0 0.08516851198442632
39 41 43 0.0 0.0 1048.0 1.0 13156.0 22.0 10077.0 0.08635045950780237
39 41 44 0.0 0.0 138.0 0.0 3556.0 22.0 99.0 0.2468700405572209
39 41 45 0.0 0.0 1.0 0.0 52.0 1.0 0.0 0.6822612085769979
39 42 35 0.0 0.0 12.0 0.0 178.0 3.0 0.0 0.6404391582799633
39 42 36 0.0 0.0 84.0 0.0 1703.0 10.0 12.0 0.37037037037037035
39 42 37 0.0 0.0 779.0 0.0 11917.0 32.0 5752.0 0.09532239395383671
39 42 38 0.0 0.0 542.0 0.0 10299.0 30.0 2735.0 0.10918733426922476
39 42 39 0.0 10.0 782.0 95.0 12034.0 38.0 4622.0 0.09395342594456747
39 42 40 0.0 3.0 1306.0 62.0 13513.0 34.0 14310.0 0.08289419148558232
39 42 41 0.0 13.0 1395.0 110.0 13017.0 31.0 18690.0 0.0846177092777274
39 42 42 0.0 1.0 572.0 38.0 10451.0 25.0 3049.0 0.10732081257186661
39 42 43 0.0 0.0 721.0 0.0 11773.0 33.0 5204.0 0.09666505558240696
39 42 44 0.0 0.0 309.0 0.0 6962.0 21.0 745.0 0.15123690180404017
39 42 45 0.0 0.0 0.0 0.0 39.0 0.0 0.0 0.6866110838646394
39 43 35 0.0 0.0 0.0 0.0 4.0 0.0 0.0 0.6986027944111775
39 43 36 0.0 0.0 3.0 0.0 170.0 1.0 0.0 0.6445672191528544
39 43 37 0.0 0.0 505.0 0.0 9508.0 22.0 1998.0 0.1166375072898442
39 43 38 0.0 0.0 395.0 0.0 8226.0 16.0 1042.0 0.1318764129615674
39 43 39 0.0 0.0 666.0 2.0 11225.0 36.0 4075.0 0.10092272202998846
39 43 40 0.0 0.0 348.0 1.0 8056.0 22.0 1141.0 0.13474494706448506
39 43 41 0.0 0.0 524.0 0.0 10302.0 16.0 2978.0 0.10920436817472698
39 43 42 0.0 0.0 349.0 1.0 7307.0 24.0 811.0 0.14521315216263872
39 43 43 0.0 0.0 225.0 0.0 4905.0 25.0 233.0 0.19701660568533627
39 43 44 0.0 0.0 23.0 0.0 510.0 6.0 1.0 0.5540166204986148
39 43 45 0.0 0.0 0.0 0.0 37.0 0.0 0.0 0.6872852233676975
39 44 35 0.0 0.0 1.0 0.0 5.0 0.0 0.0 0.6979062811565303
39 44 36 0.0 0.0 2.0 0.0 48.0 0.0 0.0 0.6829268292682925
39 44 37 0.0 0.0 37.0 0.0 856.0 9.0 3.0 0.48560527228581335
39 44 38 0.0 0.0 97.0 0.0 2694.0 11.0 46.0 0.29288702928870286
39 44 39 0.0 0.0 122.0 0.0 3027.0 11.0 52.0 0.2724795640326975
39 44 40 0.0 0.0 135.0 0.0 2932.0 20.0 59.0 0.27728263022380667
39 44 41 0.0 0.0 104.0 0.0 2612.0 18.0 49.0 0.29787234042553185
39 44 42 0.0 0.0 97.0 0.0 2124.0 17.0 27.0 0.33301617507136055
39 44 43 0.0 0.0 47.0 0.0 748.0 7.0 0.0 0.5021520803443327
39 44 44 0.0 0.0 1.0 0.0 35.0 0.0 0.0 0.6876227897838899
39 44 45 0.0 0.0 0.0 0.0 5.0 0.0 0.0 0.6982543640897755
39 45 37 0.0 0.0 0.0 0.0 5.0 0.0 0.0 0.6982543640897755
39 45 38 0.0 0.0 0.0 0.0 4.0 0.0 0.0 0.6986027944111775
39 45 39 0.0 0.0 0.0 0.0 11.0 0.0 0.0 0.6961710591745399
39 45 40 0.0 0.0 1.0 0.0 19.0 0.0 0.0 0.6930693069306929
39 45 41 0.0 0.0 3.0 0.0 29.0 1.0 0.0 0.6893156080748399
39 45 42 0.0 0.0 0.0 0.0 3.0 0.0 0.0 0.6989515726410384
40 34 41 0.0 0.0 0.0 0.0 1.0 0.0 0.0 0.6996501749125437
40 35 35 0.0 0.0 0.0 0.0 2.0 0.0 0.0 0.6993006993006992
40 35 36 0.0 0.0 0.0 0.0 16.0 0.0 0.0 0.694789081885856
40 35 37 0.0 0.0 0.0 0.0 19.0 0.0 0.0 0.6934125804853887
40 35 38 0.0 0.0 4.0 0.0 102.0 2.0 0.0 0.6653992395437262
40 35 39 0.0 0.0 6.0 0.0 201.0 1.0 0.0 0.6346328195829555
40 35 40 0.0 0.0 29.0 0.0 433.0 9.0 1.0 0.5709624796084828
40 35 41 0.0 0.0 0.0 0.0 42.0 0.0 0.0 0.6856023506366307
40 35 42 0.0 0.0 0.0 0.0 9.0 0.0 0.0 0.6968641114982577
40 36 35 0.0 0.0 4.0 0.0 99.0 2.0 0.0 0.6663493574488338
40 36 36 0.0 0.0 215.0 0.0 4561.0 14.0 179.0 0.20700872393908026
40 36 37 0.0 0.0 125.0 0.0 3057.0 19.0 66.0 0.2712652586708002
40 36 38 0.0 0.0 101.0 0.0 2944.0 20.0 67.0 0.27849612094688675
40 36 39 0.0 0.0 386.0 0.0 8325.0 25.0 1302.0 0.13095126742119537
40 36 40 0.0 0.0 98.0 0.0 2809.0 14.0 75.0 0.28612303290414876
40 36 41 0.0 0.0 252.0 0.0 4845.0 22.0 207.0 0.19790783149561772
40 36 42 0.0 0.0 1.0 0.0 322.0 1.0 1.0 0.6031882809133993
40 36 43 0.0 0.0 10.0 0.0 422.0 2.0 0.0 0.5761316872427983
40 36 44 0.0 0.0 2.0 0.0 49.0 1.0 0.0 0.6829268292682925
40 37 34 0.0 0.0 0.0 0.0 3.0 0.0 0.0 0.6989515726410384
40 37 35 0.0 0.0 4.0 0.0 210.0 2.0 0.0 0.6329113924050632
40 37 36 0.0 0.0 447.0 0.0 8935.0 33.0 1513.0 0.12332628611698378
40 37 37 0.0 0.0 211.0 0.0 5782.0 21.0 466.0 0.17554858934169276
40 37 38 0.0 0.0 652.0 0.0 11281.0 20.0 3710.0 0.1004664513814137
40 37 39 0.0 0.0 864.0 0.0 12627.0 30.0 6466.0 0.09042175289026673
40 37 40 0.0 0.0 743.0 0.0 11802.0 32.0 4325.0 0.09640545379424321
40 37 41 0.0 0.0 447.0 0.0 8662.0 35.0 1255.0 0.12639942217407002
40 37 42 0.0 0.0 412.0 1.0 7668.0 22.0 896.0 0.13912352181258072
40 37 43 0.0 0.0 265.0 0.0 5983.0 22.0 423.0 0.17006802721088435
40 37 44 0.0 0.0 2.0 0.0 175.0 2.0 0.0 0.6436781609195401
40 37 45 0.0 0.0 5.0 0.0 33.0 0.0 0.0 0.6869479882237487
40 38 34 0.0 0.0 0.0 0.0 10.0 0.0 0.0 0.6965174129353233
40 38 35 0.0 0.0 38.0 0.0 1151.0 7.0 5.0 0.43997485857950963
40 38 36 0.0 0.0 426.0 0.0 8080.0 25.0 949.0 0.13351134846461948
40 38 37 0.0 0.0 1094.0 0.0 12992.0 29.0 13465.0 0.08704843623702044
40 38 38 0.0 0.0 1643.0 0.0 12527.0 51.0 26838.0 0.08659615265664625
40 38 39 0.0 0.0 1478.0 0.0 13689.0 44.0 18497.0 0.0815090824406148
40 38 40 0.0 0.0 1567.0 3.0 13809.0 48.0 18552.0 0.08067769261799111
40 38 41 0.0 0.0 1589.0 3.0 13533.0 50.0 20844.0 0.08182349503214494
40 38 42 0.0 0.0 1154.0 1.0 13509.0 32.0 11520.0 0.08406388855530202
40 38 43 0.0 0.0 470.0 0.0 8991.0 32.0 1581.0 0.12233484795526038
40 38 44 0.0 0.0 137.0 0.0 3165.0 13.0 79.0 0.2647003214218188
40 38 45 0.0 0.0 4.0 0.0 55.0 1.0 0.0 0.6802721088435373
40 39 34 0.0 0.0 0.0 0.0 9.0 0.0 0.0 0.6968641114982577
40 39 35 0.0 0.0 244.0 0.0 4714.0 28.0 160.0 0.20193278523005911
40 39 36 0.0 0.0 472.0 0.0 9246.0 24.0 1598.0 0.11963766877456843
40 39 37 0.0 0.0 1036.0 0.0 13325.0 34.0 10348.0 0.08563214875527554
40 39 38 0.0 0.0 1683.0 0.0 13165.0 41.0 24568.0 0.0830367734282325
40 39 39 0.0 2.0 2337.0 21.0 11843.0 51.0 41767.0 0.0864410965670536
40 39 40 0.0 2.0 2329.0 9.0 12705.0 44.0 36439.0 0.08214516223669541
40 39 41 0.0 5.0 2320.0 48.0 12847.0 53.0 34780.0 0.08132915069129777
40 39 42 0.0 2.0 1770.0 4.0 12971.0 54.0 26156.0 0.08363201911589008
40 39 43 0.0 0.0 788.0 0.0 11943.0 31.0 4412.0 0.09512808316912413
40 39 44 0.0 0.0 288.0 0.0 6340.0 23.0 529.0 0.16263940520446094
40 39 45 0.0 0.0 79.0 0.0 1691.0 15.0 15.0 0.3727369542066027
40 40 34 0.0 0.0 0.0 0.0 16.0 0.0 0.0 0.6944444444444444
40 40 35 0.0 0.0 147.0 0.0 3376.0 17.0 97.0 0.2542218994007627
40 40 36 0.0 0.0 607.0 0.0 10976.0 31.0 3842.0 0.10320678215997049
40 40 37 0.0 0.0 922.0 0.0 12844.0 30.0 9897.0 0.08882685108812892
40 40 38 0.0 0.0 1854.0 1.0 12787.0 52.0 29693.0 0.08412450426631413
40 40 39 0.0 18.0 2614.0 129.0 11788.0 57.0 45656.0 0.08453085376162298
40 40 40 7.0 77.0 2797.0 306.0 6803.0 59.0 91750.0 0.11664722546242293
40 40 41 0.0 5.0 2841.0 47.0 9981.0 65.0 60697.0 0.09401652004566516
40 40 42 0.0 12.0 1653.0 117.0 13282.0 42.0 22844.0 0.0820969917316601
40 40 43 0.0 0.0 848.0 1.0 12574.0 31.0 7197.0 0.09084420219323859
40 40 44 0.0 0.0 116.0 0.0 3218.0 17.0 58.0 0.2633559066967644
40 40 45 0.0 0.0 29.0 0.0 593.0 5.0 0.0 0.5349636988918608
40 40 46 0.0 0.0 0.0 0.0 1.0 0.0 0.0 0.6996501749125437
40 41 34 0.0 0.0 0.0 0.0 6.0 0.0 0.0 0.6979062811565303
40 41 35 0.0 0.0 98.0 0.0 1848.0 18.0 17.0 0.35650623885918
40 41 36 0.0 0.0 309.0 0.0 6665.0 20.0 579.0 0.15628488501897742
40 41 37 0.0 0.0 717.0 0.0 11729.0 25.0 6162.0 0.09693277020009693
40 41 38 0.0 0.0 1308.0 2.0 13768.0 35.0 14365.0 0.08197681227309989
40 41 39 0.0 3.0 2006.0 18.0 13427.0 38.0 27552.0 0.08019246190858058
40 41 40 0.0 24.0 2302.0 170.0 12364.0 52.0 37298.0 0.08307126327656796
40 41 41 0.0 586.0 1797.0 5302.0 9178.0 59.0 33280.0 0.07420756917205554
40 41 42 0.0 6.0 1586.0 72.0 12789.0 54.0 24072.0 0.08518405841192576
40 41 43 0.0 0.0 422.0 0.0 8556.0 29.0 1342.0 0.12774888219728076
40 41 44 0.0 0.0 360.0 0.0 8020.0 20.0 1077.0 0.13504388926401079
40 41 45 0.0 0.0 8.0 0.0 199.0 2.0 0.0 0.6349206349206349
40 42 34 0.0 0.0 0.0 0.0 1.0 0.0 0.0 0.6996501749125437
40 42 35 0.0 0.0 5.0 0.0 155.0 1.0 0.0 0.6487488415199257
40 42 36 0.0 0.0 73.0 0.0 2242.0 3.0 42.0 0.3246753246753246
40 42 37 0.0 0.0 293.0 0.0 6133.0 19.0 454.0 0.1665278934221482
40 42 38 0.0 0.0 1190.0 0.0 13135.0 30.0 14022.0 0.08574753475837568
40 42 39 0.0 2.0 1121.0 16.0 13510.0 45.0 11066.0 0.08417002344736367
40 42 40 0.0 3.0 1876.0 33.0 13013.0 48.0 27810.0 0.0826787928896238
40 42 41 0.0 10.0 1119.0 155.0 13314.0 34.0 11199.0 0.08430687703239792
40 42 42 0.0 3.0 633.0 127.0 11002.0 24.0 3221.0 0.10183299389002036
40 42 43 0.0 0.0 851.0 0.0 12517.0 31.0 7637.0 0.091187390086628
40 42 44 0.0 0.0 282.0 0.0 6420.0 20.0 578.0 0.1612345963376713
40 42 45 0.0 0.0 0.0 0.0 57.0 0.0 0.0 0.6806028196402526
40 43 35 0.0 0.0 0.0 0.0 10.0 1.0 0.0 0.6968641114982577
40 43 36 0.0 0.0 179.0 0.0 4308.0 21.0 168.0 0.21645021645021642
40 43 37 0.0 0.0 166.0 0.0 3500.0 14.0 106.0 0.24778761061946902
40 43 38 0.0 0.0 692.0 0.0 11381.0 29.0 3902.0 0.09954493742889646
40 43 39 0.0 0.0 606.0 0.0 10547.0 23.0 2682.0 0.10658545869813474
40 43 40 0.0 0.0 445.0 8.0 8822.0 20.0 1537.0 0.1243781094527363
40 43 41 0.0 0.0 866.0 0.0 12622.0 37.0 7103.0 0.09048603929679419
40 43 42 0.0 0.0 482.0 0.0 9409.0 32.0 1886.0 0.11799410029498522
40 43 43 0.0 0.0 191.0 0.0 4520.0 23.0 196.0 0.20929884885633127
40 43 44 0.0 0.0 253.0 0.0 5399.0 22.0 276.0 0.18341412288746228
40 43 45 0.0 0.0 1.0 0.0 47.0 1.0 0.0 0.6839276990718123
40 44 35 0.0 0.0 0.0 0.0 9.0 0.0 0.0 0.6968641114982577
40 44 36 0.0 0.0 9.0 0.0 146.0 1.0 0.0 0.649953574744661
40 44 37 0.0 0.0 1.0 0.0 116.0 0.0 0.0 0.6613131790269249
40 44 38 0.0 0.0 67.0 0.0 1541.0 12.0 13.0 0.38932146829810893
40 44 39 0.0 0.0 65.0 0.0 1606.0 12.0 10.0 0.38282745419742953
40 44 40 0.0 0.0 140.0 0.0 3551.0 14.0 90.0 0.24647887323943657
40 44 41 0.0 0.0 209.0 1.0 5204.0 16.0 283.0 0.18918918918918917
40 44 42 0.0 0.0 29.0 0.0 796.0 4.0 6.0 0.49645390070921974
40 44 43 0.0 0.0 13.0 0.0 329.0 3.0 0.0 0.5985463873450192
40 44 44 0.0 0.0 10.0 0.0 141.0 1.0 0.0 0.6511627906976742
40 44 45 0.0 0.0 4.0 0.0 64.0 1.0 0.0 0.6773101112723753
40 45 36 0.0 0.0 0.0 0.0 1.0 0.0 0.0 0.6996501749125437
40 45 37 0.0 0.0 0.0 0.0 1.0 0.0 0.0 0.6996501749125437
40 45 38 0.0 0.0 2.0 0.0 30.0 1.0 0.0 0.6893156080748399
40 45 39 0.0 0.0 0.0 0.0 5.0 0.0 0.0 0.6982543640897755
40 45 40 0.0 0.0 0.0 0.0 24.0 0.0 0.0 0.6916996047430829
40 45 41 0.0 0.0 6.0 0.0 183.0 0.0 0.0 0.639561443581544
40 45 42 0.0 0.0 3.0 0.0 76.0 2.0 0.0 0.6740491092922483
41 34 39 0.0 0.0 0.0 0.0 1.0 0.0 0.0 0.6996501749125437
41 34 40 0.0 0.0 0.0 0.0 2.0 0.0 0.0 0.6993006993006992
41 34 41 0.0 0.0 0.0 0.0 1.0 0.0 0.0 0.6996501749125437
41 35 35 0.0 0.0 0.0 0.0 3.0 0.0 0.0 0.6989515726410384
41 35 36 0.0 0.0 0.0 0.0 18.0 0.0 0.0 0.6937561942517343
41 35 37 0.0 0.0 2.0 0.0 47.0 0.0 0.0 0.6832601268911663
41 35 38 0.0 0.0 7.0 0.0 138.0 2.0 0.0 0.6532897806812878
41 35 39 0.0 0.0 2.0 0.0 91.0 0.0 0.0 0.668896321070234
41 35 40 0.0 0.0 118.0 0.0 2497.0 13.0 39.0 0.30421555845284654
41 35 41 0.0 0.0 0.0 0.0 21.0 1.0 0.0 0.6934125804853887
41 35 42 0.0 0.0 0.0 0.0 8.0 0.0 0.0 0.697211155378486
41 35 43 0.0 0.0 0.0 0.0 1.0 0.0 0.0 0.6996501749125437
41 35 44 0.0 0.0 0.0 0.0 1.0 0.0 0.0 0.6996501749125437
41 36 35 0.0 0.0 0.0 0.0 38.0 0.0 0.0 0.6869479882237487
41 36 36 0.0 0.0 53.0 0.0 1413.0 11.0 14.0 0.4052098408104196
41 36 37 0.0 0.0 242.0 0.0 5483.0 25.0 338.0 0.18174737115409578
41 36 38 0.0 0.0 82.0 0.0 2261.0 17.0 38.0 0.32369942196531787
41 36 39 0.0 0.0 266.0 0.0 5916.0 24.0 415.0 0.1715476044602377
41 36 40 0.0 0.0 238.0 0.0 5270.0 12.0 302.0 0.18661690215942414
41 36 41 0.0 0.0 83.0 0.0 1714.0 8.0 13.0 0.36949063077329103
41 36 42 0.0 0.0 16.0 0.0 476.0 7.0 2.0 0.5636070853462157
41 36 43 0.0 0.0 97.0 0.0 2273.0 23.0 42.0 0.32206119162640895
41 36 44 0.0 0.0 0.0 0.0 13.0 0.0 0.0 0.695479384003974
41 37 35 0.0 0.0 7.0 0.0 207.0 2.0 0.0 0.6329113924050632
41 37 36 0.0 0.0 333.0 0.0 7925.0 19.0 1248.0 0.1366386882685926
41 37 37 0.0 0.0 919.0 0.0 12722.0 32.0 8810.0 0.08953696597595291
41 37 38 0.0 0.0 719.0 0.0 11719.0 34.0 4302.0 0.09710758132759935
41 37 39 0.0 0.0 1105.0 0.0 12912.0 42.0 12158.0 0.0874617354907228
41 37 40 0.0 0.0 397.0 0.0 8625.0 18.0 1373.0 0.127238025992911
41 37 41 0.0 0.0 698.0 1.0 11513.0 31.0 3746.0 0.0986401747340238
41 37 42 0.0 0.0 486.0 0.0 9709.0 26.0 2279.0 0.11492365785585289
41 37 43 0.0 0.0 212.0 0.0 4822.0 28.0 212.0 0.19982871824150722
41 37 44 0.0 0.0 40.0 0.0 647.0 9.0 0.0 0.522973477773627
41 37 45 0.0 0.0 0.0 0.0 6.0 0.0 0.0 0.6979062811565303
41 38 34 0.0 0.0 3.0 0.0 70.0 2.0 0.0 0.6760019314340897
41 38 35 0.0 0.0 26.0 0.0 569.0 7.0 1.0 0.5409582689335393
41 38 36 0.0 0.0 293.0 0.0 6367.0 23.0 499.0 0.162037037037037
41 38 37 0.0 0.0 496.0 0.0 9985.0 29.0 2461.0 0.11231448054552746
41 38 38 0.0 0.0 1361.0 0.0 12960.0 49.0 19257.0 0.0858948401742438
41 38 39 0.0 0.0 1072.0 0.0 13268.0 44.0 11428.0 0.08575278696557637
41 38 40 0.0 0.0 1054.0 1.0 13502.0 36.0 10966.0 0.08456659619450316
41 38 41 0.0 12.0 1135.0 202.0 13313.0 38.0 11015.0 0.0841194496184582
41 38 42 0.0 0.0 1104.0 2.0 13118.0 29.0 11564.0 0.08629191321499012
41 38 43 0.0 0.0 619.0 0.0 10813.0 27.0 3303.0 0.10425199195770347
41 38 44 0.0 0.0 78.0 0.0 2147.0 13.0 35.0 0.33262057495842234
41 38 45 0.0 0.0 1.0 0.0 46.0 1.0 0.0 0.6842619745845552
41 38 46 0.0 0.0 0.0 0.0 1.0 0.0 0.0 0.6996501749125437
41 39 34 0.0 0.0 0.0 0.0 8.0 0.0 0.0 0.697211155378486
41 39 35 0.0 0.0 60.0 0.0 1519.0 9.0 14.0 0.39237668161434974
41 39 36 0.0 0.0 307.0 0.0 6659.0 25.0 597.0 0.15651201788708774
41 39 37 0.0 0.0 840.0 0.0 12529.0 28.0 5597.0 0.0911933298593017
41 39 38 0.0 0.0 1561.0 2.0 13351.0 44.0 20907.0 0.08273742686602446
41 39 39 0.0 0.0 2467.0 6.0 10719.0 57.0 50687.0 0.09210526315789473
41 39 40 0.0 3.0 2204.0 20.0 12639.0 64.0 35825.0 0.0830614061109463
41 39 41 0.0 0.0 2563.0 5.0 10760.0 58.0 50219.0 0.09133611691022964
41 39 42 0.0 0.0 1696.0 1.0 12989.0 38.0 25092.0 0.0839278220730172
41 39 43 0.0 0.0 862.0 0.0 12772.0 40.0 7219.0 0.08961147026819431
41 39 44 0.0 0.0 322.0 0.0 7399.0 28.0 891.0 0.1443745488295349
41 39 45 0.0 0.0 17.0 0.0 268.0 5.0 0.0 0.6140350877192982
41 39 46 0.0 0.0 0.0 0.0 1.0 0.0 0.0 0.6996501749125437
41 40 34 0.0 0.0 2.0 0.0 21.0 0.0 0.0 0.6923837784371908
41 40 35 0.0 0.0 140.0 0.0 3287.0 21.0 58.0 0.25892361753282783
41 40 36 0.0 0.0 556.0 0.0 10577.0 22.0 3051.0 0.10668292311209326
41 40 37 0.0 0.0 1081.0 0.0 13146.0 31.0 10702.0 0.08631319358816275
41 40 38 0.0 0.0 1565.0 0.0 13493.0 45.0 20972.0 0.08202964785844025
41 40 39 0.0 0.0 2378.0 6.0 11876.0 53.0 41086.0 0.08602679120068821
41 40 40 0.0 2.0 2115.0 39.0 13083.0 50.0 31832.0 0.08122063004003016
41 40 41 0.0 5.0 2616.0 40.0 10121.0 60.0 56911.0 0.09463295930782749
41 40 42 0.0 2.0 1831.0 40.0 13152.0 43.0 26199.0 0.08218856404837382
41 40 43 0.0 0.0 563.0 0.0 10398.0 27.0 2924.0 0.1081164568692563
41 40 44 0.0 0.0 359.0 0.0 7481.0 18.0 851.0 0.1424646382415793
41 40 45 0.0 0.0 1.0 0.0 66.0 1.0 0.0 0.6776379477250725
41 41 34 0.0 0.0 0.0 0.0 10.0 0.0 0.0 0.6965174129353233
41 41 35 0.0 0.0 122.0 0.0 3247.0 21.0 76.0 0.2616333395626985
41 41 36 0.0 0.0 782.0 0.0 12100.0 36.0 5242.0 0.09414296281352967
41 41 37 0.0 0.0 1248.0 0.0 13233.0 24.0 15328.0 0.08487935006669091
41 41 38 0.0 0.0 1590.0 1.0 13124.0 40.0 22460.0 0.08374207441081469
41 41 39 0.0 7.0 2550.0 23.0 11351.0 75.0 47235.0 0.08795074758135443
41 41 40 0.0 9.0 2476.0 61.0 11333.0 61.0 46772.0 0.08826681798121176
41 41 41 0.0 12.0 2075.0 122.0 12566.0 45.0 32902.0 0.08346747749359087
41 41 42 0.0 0.0 1030.0 51.0 13397.0 38.0 9354.0 0.0850391787645022
41 41 43 0.0 0.0 708.0 1.0 11746.0 29.0 4282.0 0.096973055343908
41 41 44 0.0 0.0 198.0 0.0 4676.0 15.0 213.0 0.20408163265306117
41 41 45 0.0 0.0 4.0 0.0 138.0 2.0 0.0 0.6542056074766354
41 42 34 0.0 0.0 0.0 0.0 1.0 0.0 0.0 0.6996501749125437
41 42 35 0.0 0.0 88.0 0.0 2338.0 11.0 36.0 0.31702898550724634
41 42 36 0.0 0.0 163.0 0.0 3828.0 19.0 135.0 0.2343488449949782
41 42 37 0.0 0.0 502.0 0.0 9538.0 22.0 1913.0 0.11642411642411642
41 42 38 0.0 0.0 567.0 0.0 10314.0 20.0 2490.0 0.10872941907424664
41 42 39 0.0 0.0 1070.0 2.0 13211.0 26.0 10582.0 0.08597396217145663
41 42 40 0.0 7.0 1404.0 75.0 13459.0 32.0 16767.0 0.08262999468807176
41 42 41 0.0 7.0 954.0 60.0 12954.0 25.0 8923.0 0.08759306763436149
41 42 42 0.0 3.0 1066.0 39.0 13221.0 30.0 11360.0 0.08572128337007102
41 42 43 0.0 0.0 816.0 2.0 12306.0 26.0 5880.0 0.09262935027127166
41 42 44 0.0 0.0 36.0 0.0 1064.0 6.0 7.0 0.4524886877828054
41 42 45 0.0 0.0 6.0 0.0 144.0 1.0 0.0 0.6514657980456026
41 43 34 0.0 0.0 0.0 0.0 2.0 0.0 0.0 0.6993006993006992
41 43 35 0.0 0.0 13.0 0.0 467.0 3.0 1.0 0.5651998385143318
41 43 36 0.0 0.0 24.0 0.0 472.0 9.0 0.0 0.5629272215520706
41 43 37 0.0 0.0 345.0 0.0 6877.0 25.0 601.0 0.15217391304347822
41 43 38 0.0 0.0 289.0 0.0 5987.0 19.0 407.0 0.16953257447323802
41 43 39 0.0 0.0 442.0 0.0 9052.0 25.0 1884.0 0.12200435729847493
41 43 40 0.0 0.0 514.0 0.0 10067.0 26.0 2508.0 0.11132315521628497
41 43 41 0.0 0.0 501.0 0.0 9785.0 27.0 1987.0 0.11409013120365087
41 43 42 0.0 0.0 466.0 0.0 9308.0 23.0 1772.0 0.11900714042842568
41 43 43 0.0 0.0 405.0 1.0 8080.0 18.0 1040.0 0.1336005344021376
41 43 44 0.0 0.0 180.0 0.0 4123.0 17.0 141.0 0.2225401367032268
41 43 45 0.0 0.0 0.0 0.0 12.0 0.0 0.0 0.6958250497017892
41 44 35 0.0 0.0 0.0 0.0 4.0 0.0 0.0 0.6986027944111775
41 44 36 0.0 0.0 0.0 0.0 11.0 0.0 0.0 0.6965174129353233
41 44 37 0.0 0.0 7.0 0.0 249.0 1.0 0.0 0.6208425720620842
41 44 38 0.0 0.0 6.0 0.0 304.0 2.0 1.0 0.606585788561525
41 44 39 0.0 0.0 45.0 0.0 1363.0 10.0 12.0 0.41212834854283187
41 44 40 0.0 0.0 157.0 0.0 3339.0 14.0 78.0 0.25538124771981024
41 44 41 0.0 0.0 22.0 0.0 771.0 6.0 2.0 0.5023322569070685
41 44 42 0.0 0.0 14.0 0.0 486.0 2.0 0.0 0.5606728073688425
41 44 43 0.0 0.0 47.0 0.0 1336.0 8.0 11.0 0.41469194312796204
41 44 44 0.0 0.0 0.0 0.0 26.0 0.0 0.0 0.6913580246913579
41 44 45 0.0 0.0 3.0 0.0 57.0 2.0 0.0 0.6802721088435373
41 45 38 0.0 0.0 0.0 0.0 1.0 0.0 0.0 0.6996501749125437
41 45 39 0.0 0.0 33.0 0.0 544.0 4.0 2.0 0.5436893203883495
41 45 40 0.0 0.0 1.0 0.0 19.0 1.0 0.0 0.6934125804853887
41 45 41 0.0 0.0 0.0 0.0 13.0 0.0 0.0 0.695479384003974
41 45 42 0.0 0.0 0.0 0.0 6.0 0.0 0.0 0.6979062811565303
41 45 44 0.0 0.0 0.0 0.0 1.0 0.0 0.0 0.6996501749125437
42 34 39 0.0 0.0 4.0 0.0 21.0 0.0 0.0 0.6913580246913579
42 34 40 0.0 0.0 0.0 0.0 1.0 0.0 0.0 0.6996501749125437
42 35 36 0.0 0.0 0.0 0.0 7.0 0.0 0.0 0.6975585450921773
42 35 37 0.0 0.0 22.0 0.0 541.0 6.0 2.0 0.5475166210402814
42 35 38 0.0 0.0 11.0 0.0 241.0 2.0 0.0 0.6222222222222221
42 35 39 0.0 0.0 0.0 0.0 47.0 1.0 0.0 0.6842619745845552
42 35 40 0.0 0.0 0.0 0.0 25.0 0.0 0.0 0.6916996047430829
42 35 41 0.0 0.0 4.0 0.0 125.0 0.0 0.0 0.6575857209957726
42 35 42 0.0 0.0 0.0 0.0 5.0 0.0 0.0 0.6986027944111775
42 35 43 0.0 0.0 0.0 0.0 2.0 0.0 0.0 0.6993006993006992
42 36 35 0.0 0.0 1.0 0.0 35.0 1.0 0.0 0.6879606879606879
42 36 36 0.0 0.0 63.0 0.0 1513.0 13.0 13.0 0.3929273084479371
42 36 37 0.0 0.0 164.0 0.0 4056.0 18.0 137.0 0.22566086395873625
42 36 38 0.0 0.0 368.0 0.0 7205.0 25.0 729.0 0.1465815097895508
42 36 39 0.0 0.0 104.0 0.0 2589.0 12.0 40.0 0.2990813928647724
42 36 40 0.0 0.0 254.0 0.0 6306.0 17.0 597.0 0.16374269005847952
42 36 41 0.0 0.0 51.0 0.0 1161.0 13.0 4.0 0.43763676148796493
42 36 42 0.0 0.0 56.0 0.0 1741.0 9.0 28.0 0.36968576709796663
42 36 43 0.0 0.0 1.0 0.0 49.0 0.0 0.0 0.6832601268911663
42 36 44 0.0 0.0 1.0 0.0 11.0 0.0 0.0 0.6958250497017892
42 37 35 0.0 0.0 11.0 0.0 373.0 1.0 1.0 0.5877413937867337
42 37 36 0.0 0.0 160.0 0.0 3396.0 23.0 79.0 0.2530272908006506
42 37 37 0.0 0.0 411.0 0.0 8224.0 17.0 1226.0 0.1317275122318404
42 37 38 0.0 0.0 449.0 0.0 9412.0 27.0 1886.0 0.1181434599156118
42 37 39 0.0 0.0 805.0 0.0 12468.0 30.0 6287.0 0.09172508681124286
42 37 40 0.0 0.0 578.0 1.0 10635.0 34.0 2783.0 0.1061490636136174
42 37 41 0.0 0.0 546.0 0.0 10099.0 30.0 2577.0 0.11088230635197212
42 37 42 0.0 0.0 327.0 0.0 6744.0 28.0 604.0 0.15474743008732172
42 37 43 0.0 0.0 87.0 0.0 2237.0 11.0 33.0 0.3246753246753246
42 37 44 0.0 0.0 2.0 0.0 202.0 2.0 1.0 0.6357856494096276
42 37 45 0.0 0.0 0.0 0.0 13.0 0.0 0.0 0.695479384003974
42 37 46 0.0 0.0 0.0 0.0 1.0 0.0 0.0 0.6996501749125437
42 38 34 0.0 0.0 0.0 0.0 1.0 0.0 0.0 0.6996501749125437
42 38 35 0.0 0.0 33.0 0.0 792.0 6.0 5.0 0.4966300106420715
42 38 36 0.0 0.0 138.0 0.0 3118.0 10.0 80.0 0.26681913474366303
42 38 37 0.0 0.0 689.0 0.0 11129.0 38.0 3546.0 0.1014786894752102
42 38 38 0.0 0.0 1334.0 0.0 13144.0 33.0 17740.0 0.08498755539367449
42 38 39 0.0 0.0 1510.0 0.0 12706.0 41.0 23317.0 0.08623344625808438
42 38 40 0.0 0.0 1096.0 1.0 13452.0 35.0 11473.0 0.08458192363460608
42 38 41 0.0 0.0 1180.0 0.0 13692.0 28.0 11208.0 0.08293347550500563
42 38 42 0.0 0.0 727.0 0.0 11625.0 27.0 4273.0 0.09761539534235113
42 38 43 0.0 0.0 724.0 0.0 11471.0 28.0 4425.0 0.09868884816015788
42 38 44 0.0 0.0 197.0 0.0 4697.0 12.0 232.0 0.20325203252032517
42 38 45 0.0 0.0 116.0 0.0 2166.0 19.0 31.0 0.32840722495894903
42 38 46 0.0 0.0 0.0 0.0 2.0 0.0 0.0 0.6993006993006992
42 39 34 0.0 0.0 0.0 0.0 7.0 1.0 0.0 0.6979062811565303
42 39 35 0.0 0.0 173.0 0.0 3664.0 18.0 91.0 0.24059116686715926
42 39 36 0.0 0.0 404.0 0.0 7820.0 29.0 855.0 0.13729528292635088
42 39 37 0.0 0.0 783.0 0.0 12286.0 21.0 6789.0 0.09290596589023822
42 39 38 0.0 0.0 1152.0 0.0 13573.0 30.0 10808.0 0.08370702541106127
42 39 39 0.0 0.0 1336.0 1.0 13367.0 32.0 16509.0 0.08378216636744464
42 39 40 0.0 2.0 1361.0 23.0 13880.0 34.0 14848.0 0.08100914246036338
42 39 41 0.0 0.0 1401.0 0.0 13427.0 40.0 18274.0 0.08328375966686495
42 39 42 0.0 0.0 1408.0 0.0 12596.0 41.0 22470.0 0.0874945315917755
42 39 43 0.0 0.0 1129.0 0.0 13365.0 32.0 11617.0 0.08489479109817476
42 39 44 0.0 0.0 225.0 0.0 5425.0 18.0 333.0 0.18336607727570395
42 39 45 0.0 0.0 3.0 0.0 85.0 2.0 0.0 0.6714628297362109
42 40 34 0.0 0.0 1.0 0.0 10.0 0.0 0.0 0.6961710591745399
42 40 35 0.0 0.0 55.0 0.0 1245.0 10.0 7.0 0.42553191489361697
42 40 36 0.0 0.0 275.0 0.0 6212.0 25.0 461.0 0.1653868871825162
42 40 37 0.0 0.0 843.0 0.0 12412.0 35.0 6694.0 0.09188160399028679
42 40 38 0.0 0.0 1945.0 0.0 12643.0 53.0 31319.0 0.08445436448090728
42 40 39 0.0 0.0 1913.0 1.0 12719.0 54.0 29777.0 0.08421052631578946
42 40 40 0.0 0.0 2030.0 0.0 12184.0 43.0 34932.0 0.08629723232447759
42 40 41 0.0 0.0 1622.0 2.0 13557.0 33.0 20221.0 0.08145691511025774
42 40 42 0.0 2.0 1467.0 10.0 13698.0 31.0 17553.0 0.08149484836137143
42 40 43 0.0 0.0 697.0 1.0 11746.0 17.0 4968.0 0.09691934925579783
42 40 44 0.0 0.0 229.0 0.0 5420.0 9.0 300.0 0.18317414627763964
42 40 45 0.0 0.0 9.0 0.0 194.0 2.0 0.0 0.6360745115856428
42 41 34 0.0 0.0 0.0 0.0 3.0 0.0 0.0 0.6989515726410384
42 41 35 0.0 0.0 0.0 0.0 126.0 1.0 0.0 0.6588235294117646
42 41 36 0.0 0.0 360.0 0.0 7653.0 22.0 917.0 0.14001400140014
42 41 37 0.0 0.0 606.0 0.0 10959.0 18.0 3341.0 0.103260067856616
42 41 38 0.0 0.0 891.0 0.0 12792.0 26.0 7244.0 0.08933129147524246
42 41 39 0.0 0.0 1509.0 0.0 13406.0 38.0 20075.0 0.08269832831236339
42 41 40 0.0 0.0 1393.0 2.0 14151.0 33.0 14617.0 0.07980391039160918
42 41 41 0.0 0.0 1861.0 1.0 12363.0 53.0 30537.0 0.08629191321499012
42 41 42 0.0 0.0 1182.0 0.0 13076.0 41.0 14108.0 0.08617505847593253
42 41 43 0.0 0.0 425.0 1.0 8855.0 11.0 1610.0 0.12410247318500131
42 41 44 0.0 0.0 158.0 0.0 3904.0 21.0 150.0 0.23182646133465798
42 41 45 0.0 0.0 0.0 0.0 36.0 1.0 0.0 0.6879606879606879
42 42 34 0.0 0.0 0.0 0.0 3.0 0.0 0.0 0.6993006993006992
42 42 35 0.0 0.0 38.0 0.0 725.0 10.0 2.0 0.5085361423901198
42 42 36 0.0 0.0 304.0 0.0 6779.0 22.0 668.0 0.1543720366082258
42 42 37 0.0 0.0 208.0 0.0 5093.0 12.0 272.0 0.19204389574759942
42 42 38 0.0 0.0 790.0 0.0 12245.0 40.0 6665.0 0.09324009324009323
42 42 39 0.0 0.0 1164.0 0.0 13500.0 31.0 12543.0 0.0840134421507441
42 42 40 0.0 0.0 1538.0 0.0 12969.0 37.0 22373.0 0.08476115517345764
42 42 41 0.0 0.0 1053.0 1.0 13035.0 29.0 11675.0 0.08706467661691542
42 42 42 0.0 0.0 931.0 0.0 12854.0 36.0 9190.0 0.08877052818464269
42 42 43 0.0 0.0 428.0 0.0 8515.0 19.0 1355.0 0.12801755669348935
42 42 44 0.0 0.0 97.0 0.0 2045.0 15.0 21.0 0.33922946450205954
42 42 45 0.0 0.0 3.0 0.0 27.0 0.0 0.0 0.689655172413793
42 43 34 0.0 0.0 0.0 0.0 1.0 0.0 0.0 0.6996501749125437
42 43 35 0.0 0.0 0.0 0.0 16.0 0.0 0.0 0.6944444444444444
42 43 36 0.0 0.0 81.0 0.0 1717.0 10.0 19.0 0.3692957003429174
42 43 37 0.0 0.0 4.0 0.0 287.0 4.0 0.0 0.6121556624398775
42 43 38 0.0 0.0 123.0 0.0 2860.0 14.0 61.0 0.28157683024939656
42 43 39 0.0 0.0 711.0 0.0 11588.0 26.0 4111.0 0.09796375341123784
42 43 40 0.0 0.0 310.0 1.0 7698.0 15.0 1085.0 0.13998600139986
42 43 41 0.0 0.0 611.0 0.0 10927.0 21.0 3157.0 0.10351966873706003
42 43 42 0.0 0.0 221.0 0.0 4827.0 16.0 215.0 0.19908987485779292
42 43 43 0.0 0.0 115.0 0.0 3150.0 11.0 87.0 0.2664636467453368
42 43 44 0.0 0.0 19.0 0.0 336.0 3.0 0.0 0.5952380952380951
42 43 45 0.0 0.0 0.0 0.0 4.0 0.0 0.0 0.6986027944111775
42 44 35 0.0 0.0 0.0 0.0 1.0 0.0 0.0 0.6996501749125437
42 44 36 0.0 0.0 0.0 0.0 10.0 0.0 0.0 0.6965174129353233
42 44 37 0.0 0.0 0.0 0.0 40.0 0.0 0.0 0.6862745098039215
42 44 38 0.0 0.0 10.0 0.0 440.0 5.0 1.0 0.5725971370143148
42 44 39 0.0 0.0 148.0 0.0 3314.0 21.0 88.0 0.25735294117647056
42 44 40 0.0 0.0 92.0 0.0 2154.0 9.0 29.0 0.3302665723047888
42 44 41 0.0 0.0 9.0 0.0 384.0 1.0 0.0 0.5862646566164154
42 44 42 0.0 0.0 92.0 0.0 1892.0 15.0 15.0 0.3527336860670193
42 44 43 0.0 0.0 63.0 0.0 1776.0 13.0 23.0 0.3661087866108786
42 44 44 0.0 0.0 2.0 0.0 37.0 0.0 0.0 0.6866110838646394
42 44 45 0.0 0.0 0.0 0.0 3.0 0.0 0.0 0.6989515726410384
42 45 38 0.0 0.0 0.0 0.0 2.0 0.0 0.0 0.6993006993006992
42 45 39 0.0 0.0 0.0 0.0 4.0 0.0 0.0 0.6986027944111775
42 45 40 0.0 0.0 0.0 0.0 18.0 0.0 0.0 0.694100148735746
42 45 41 0.0 0.0 0.0 0.0 10.0 0.0 0.0 0.6965174129353233
42 45 42 0.0 0.0 0.0 0.0 1.0 0.0 0.0 0.6996501749125437
42 45 43 0.0 0.0 0.0 0.0 3.0 0.0 0.0 0.6989515726410384
42 45 44 0.0 0.0 0.0 0.0 2.0 0.0 0.0 0.6993006993006992
43 34 38 0.0 0.0 0.0 0.0 1.0 0.0 0.0 0.6996501749125437
43 35 35 0.0 0.0 0.0 0.0 1.0 0.0 0.0 0.6996501749125437
43 35 36 0.0 0.0 0.0 0.0 2.0 0.0 0.0 0.6993006993006992
43 35 37 0.0 0.0 0.0 0.0 14.0 0.0 0.0 0.6951340615690167
43 35 38 0.0 0.0 1.0 0.0 47.0 0.0 0.0 0.6835937499999999
43 35 39 0.0 0.0 1.0 0.0 72.0 1.0 0.0 0.6756756756756755
43 35 40 0.0 0.0 0.0 0.0 38.0 0.0 0.0 0.6869479882237487
43 35 41 0.0 0.0 0.0 0.0 9.0 0.0 0.0 0.6968641114982577
43 35 43 0.0 0.0 0.0 0.0 3.0 0.0 0.0 0.6989515726410384
43 36 35 0.0 0.0 0.0 0.0 2.0 0.0 0.0 0.6993006993006992
43 36 36 0.0 0.0 2.0 0.0 36.0 1.0 0.0 0.6872852233676975
43 36 37 0.0 0.0 5.0 0.0 261.0 1.0 0.0 0.6181015452538631
43 36 38 0.0 0.0 136.0 0.0 3202.0 19.0 72.0 0.2631578947368421
43 36 39 0.0 0.0 249.0 0.0 5169.0 17.0 268.0 0.18903591682419654
43 36 40 0.0 0.0 81.0 0.0 2019.0 9.0 27.0 0.3423820004891171
43 36 41 0.0 0.0 82.0 0.0 1805.0 20.0 22.0 0.36194415718717676
43 36 42 0.0 0.0 71.0 0.0 1700.0 18.0 14.0 0.3730349054090061
43 36 43 0.0 0.0 1.0 0.0 34.0 0.0 0.0 0.6879606879606879
43 36 44 0.0 0.0 0.0 0.0 6.0 0.0 0.0 0.6979062811565303
43 37 35 0.0 0.0 0.0 0.0 4.0 0.0 0.0 0.6986027944111775
43 37 36 0.0 0.0 8.0 0.0 170.0 3.0 0.0 0.6439742410303587
43 37 37 0.0 0.0 213.0 0.0 4568.0 22.0 209.0 0.2070699600650791
43 37 38 0.0 0.0 756.0 0.0 11817.0 34.0 4881.0 0.09620009620009619
43 37 39 0.0 0.0 450.0 0.0 8843.0 25.0 1565.0 0.12415750266051788
43 37 40 0.0 0.0 328.0 0.0 7680.0 21.0 966.0 0.14011208967173736
43 37 41 0.0 0.0 391.0 0.0 8140.0 20.0 1079.0 0.1330166270783848
43 37 42 0.0 0.0 162.0 0.0 4044.0 15.0 127.0 0.22609819121447028
43 37 43 0.0 0.0 173.0 0.0 3479.0 17.0 76.0 0.24853541629682227
43 37 44 0.0 0.0 6.0 0.0 173.0 3.0 0.0 0.6433823529411764
43 37 45 0.0 0.0 0.0 0.0 15.0 0.0 0.0 0.6951340615690167
43 38 34 0.0 0.0 0.0 0.0 2.0 0.0 0.0 0.6993006993006992
43 38 35 0.0 0.0 3.0 0.0 32.0 2.0 1.0 0.6886374815543531
43 38 36 0.0 0.0 112.0 0.0 2864.0 19.0 46.0 0.2823719241629689
43 38 37 0.0 0.0 358.0 0.0 8249.0 27.0 1332.0 0.1321752265861027
43 38 38 0.0 0.0 637.0 0.0 11478.0 22.0 4707.0 0.09924854671770876
43 38 39 0.0 0.0 881.0 0.0 12677.0 24.0 7141.0 0.08996272972625625
43 38 40 0.0 0.0 595.0 0.0 10721.0 23.0 3053.0 0.10521569216894633
43 38 41 0.0 0.0 690.0 0.0 11531.0 29.0 4557.0 0.09860543738554725
43 38 42 0.0 0.0 854.0 0.0 12364.0 29.0 7411.0 0.09202050742736952
43 38 43 0.0 0.0 319.0 0.0 7161.0 9.0 774.0 0.14764817549040282
43 38 44 0.0 0.0 201.0 0.0 4631.0 26.0 224.0 0.20561022176531057
43 38 45 0.0 0.0 1.0 0.0 45.0 1.0 0.0 0.6845965770171147
43 39 34 0.0 0.0 0.0 0.0 2.0 0.0 0.0 0.6993006993006992
43 39 35 0.0 0.0 0.0 0.0 34.0 0.0 0.0 0.6882989183874139
43 39 36 0.0 0.0 289.0 0.0 6165.0 22.0 486.0 0.1659554291133238
43 39 37 0.0 0.0 489.0 0.0 9412.0 28.0 1859.0 0.11776581426648719
43 39 38 0.0 0.0 620.0 0.0 11023.0 21.0 3345.0 0.10272213662044169
43 39 39 0.0 0.0 885.0 0.0 12705.0 32.0 7898.0 0.08987609937728701
43 39 40 0.0 0.0 1202.0 1.0 13326.0 30.0 13405.0 0.08472012102874431
43 39 41 0.0 0.0 832.0 0.0 12557.0 26.0 6148.0 0.09105098855358999
43 39 42 0.0 0.0 730.0 0.0 11739.0 26.0 4897.0 0.09679872778814906
43 39 43 0.0 0.0 375.0 0.0 8384.0 24.0 1387.0 0.13034168140769015
43 39 44 0.0 0.0 81.0 0.0 2372.0 19.0 28.0 0.3157419936851601
43 39 45 0.0 0.0 0.0 0.0 32.0 0.0 0.0 0.6889763779527558
43 39 46 0.0 0.0 0.0 0.0 1.0 0.0 0.0 0.6996501749125437
43 40 34 0.0 0.0 0.0 0.0 2.0 0.0 0.0 0.6993006993006992
43 40 35 0.0 0.0 0.0 0.0 38.0 0.0 0.0 0.6869479882237487
43 40 36 0.0 0.0 236.0 0.0 5501.0 13.0 358.0 0.18127670594328626
43 40 37 0.0 0.0 737.0 0.0 11820.0 29.0 4681.0 0.09623315919714048
43 40 38 0.0 0.0 796.0 0.0 12106.0 31.0 5857.0 0.09408602150537633
43 40 39 0.0 0.0 846.0 0.0 12550.0 37.0 7320.0 0.0909445238404573
43 40 40 0.0 0.0 859.0 0.0 12431.0 33.0 7577.0 0.09164102899783988
43 40 41 0.0 0.0 898.0 0.0 12753.0 31.0 6663.0 0.08954842011001661
43 40 42 0.0 0.0 666.0 0.0 11403.0 32.0 4424.0 0.09962994591517221
43 40 43 0.0 0.0 905.0 0.0 12401.0 33.0 8405.0 0.09153916568588988
43 40 44 0.0 0.0 278.0 0.0 5468.0 18.0 286.0 0.18108912171775962
43 40 45 0.0 0.0 0.0 0.0 36.0 0.0 0.0 0.6876227897838899
43 41 34 0.0 0.0 0.0 0.0 1.0 0.0 0.0 0.6996501749125437
43 41 35 0.0 0.0 0.0 0.0 52.0 0.0 0.0 0.68259385665529
43 41 36 0.0 0.0 65.0 0.0 1540.0 13.0 13.0 0.3897550111358574
43 41 37 0.0 0.0 236.0 0.0 5972.0 19.0 472.0 0.17094017094017094
43 41 38 0.0 0.0 548.0 0.0 10240.0 23.0 2603.0 0.10955473824242896
43 41 39 0.0 0.0 1005.0 0.0 13027.0 35.0 9501.0 0.08740712992445525
43 41 40 0.0 0.0 898.0 0.0 12742.0 21.0 8955.0 0.08950834345630074
43 41 41 0.0 0.0 908.0 0.0 12798.0 27.0 8143.0 0.08914358484559057
43 41 42 0.0 0.0 560.0 0.0 10431.0 23.0 3040.0 0.10781671159029649
43 41 43 0.0 0.0 358.0 0.0 7779.0 23.0 993.0 0.1382852627419992
43 41 44 0.0 0.0 7.0 0.0 437.0 2.0 0.0 0.5733005733005732
43 41 45 0.0 0.0 0.0 0.0 3.0 0.0 0.0 0.6989515726410384
43 42 35 0.0 0.0 0.0 0.0 33.0 0.0 0.0 0.6886374815543531
43 42 36 0.0 0.0 3.0 0.0 139.0 0.0 0.0 0.65359477124183
43 42 37 0.0 0.0 133.0 0.0 3486.0 17.0 95.0 0.24986614313760483
43 42 38 0.0 0.0 501.0 0.0 9847.0 24.0 2419.0 0.11347057869995136
43 42 39 0.0 0.0 391.0 0.0 8413.0 31.0 1317.0 0.1298821783096762
43 42 40 0.0 0.0 743.0 0.0 11995.0 28.0 5454.0 0.09509577503056649
43 42 41 0.0 0.0 502.0 0.0 9556.0 18.0 1834.0 0.11621150493898894
43 42 42 0.0 0.0 395.0 0.0 8459.0 25.0 1267.0 0.1291512915129151
43 42 43 0.0 0.0 310.0 0.0 6621.0 19.0 567.0 0.15696826998542435
43 42 44 0.0 0.0 0.0 0.0 64.0 0.0 0.0 0.6782945736434108
43 42 45 0.0 0.0 0.0 0.0 2.0 0.0 0.0 0.6993006993006992
43 43 35 0.0 0.0 0.0 0.0 7.0 0.0 0.0 0.6975585450921773
43 43 36 0.0 0.0 0.0 0.0 23.0 1.0 0.0 0.6923837784371908
43 43 37 0.0 0.0 47.0 0.0 1448.0 11.0 14.0 0.4020677771395749
43 43 38 0.0 0.0 228.0 0.0 5208.0 20.0 296.0 0.18873011593421404
43 43 39 0.0 0.0 425.0 0.0 8266.0 24.0 1180.0 0.13119670134008055
43 43 40 0.0 0.0 267.0 0.0 6745.0 18.0 675.0 0.15559013114025336
43 43 41 0.0 0.0 487.0 0.0 9262.0 26.0 1774.0 0.11934191458528683
43 43 42 0.0 0.0 348.0 0.0 6853.0 20.0 689.0 0.15240583496625296
43 43 43 0.0 0.0 178.0 0.0 4042.0 18.0 130.0 0.22562449637389198
43 43 44 0.0 0.0 0.0 0.0 21.0 0.0 0.0 0.6927263730826323
43 43 45 0.0 0.0 0.0 0.0 1.0 0.0 0.0 0.6996501749125437
43 44 37 0.0 0.0 0.0 0.0 8.0 0.0 0.0 0.697211155378486
43 44 38 0.0 0.0 28.0 0.0 555.0 8.0 1.0 0.5436893203883495
43 44 39 0.0 0.0 19.0 0.0 358.0 7.0 1.0 0.5904681568958244
43 44 40 0.0 0.0 319.0 0.0 6442.0 19.0 526.0 0.16003657978966618
43 44 41 0.0 0.0 1.0 0.0 141.0 0.0 1.0 0.65359477124183
43 44 42 0.0 0.0 30.0 0.0 579.0 8.0 0.0 0.5382545174932718
43 44 43 0.0 0.0 0.0 0.0 20.0 0.0 0.0 0.6930693069306929
43 44 44 0.0 0.0 0.0 0.0 4.0 0.0 0.0 0.6986027944111775
43 45 38 0.0 0.0 14.0 0.0 313.0 5.0 1.0 0.6029285099052539
43 45 39 0.0 0.0 2.0 0.0 21.0 1.0 0.0 0.6923837784371908
43 45 40 0.0 0.0 0.0 0.0 18.0 0.0 0.0 0.6937561942517343
43 45 41 0.0 0.0 0.0 0.0 6.0 0.0 0.0 0.6979062811565303
43 45 42 0.0 0.0 0.0 0.0 1.0 0.0 0.0 0.6996501749125437
43 45 43 0.0 0.0 0.0 0.0 1.0 0.0 0.0 0.6996501749125437
43 45 44 0.0 0.0 0.0 0.0 2.0 0.0 0.0 0.6993006993006992
44 35 37 0.0 0.0 0.0 0.0 3.0 0.0 0.0 0.6989515726410384
44 35 38 0.0 0.0 0.0 0.0 11.0 0.0 0.0 0.6961710591745399
44 35 39 0.0 0.0 1.0 0.0 47.0 0.0 0.0 0.6835937499999999
44 35 40 0.0 0.0 0.0 0.0 8.0 0.0 0.0 0.697211155378486
44 35 41 0.0 0.0 0.0 0.0 3.0 0.0 0.0 0.6989515726410384
44 35 43 0.0 0.0 0.0 0.0 2.0 1.0 0.0 0.6996501749125437
44 36 36 0.0 0.0 0.0 0.0 1.0 0.0 0.0 0.6996501749125437
44 36 37 0.0 0.0 0.0 0.0 102.0 0.0 0.0 0.6660323501427211
44 36 38 0.0 0.0 174.0 0.0 4168.0 19.0 167.0 0.22141388581369598
44 36 39 0.0 0.0 254.0 0.0 5497.0 21.0 338.0 0.18099547511312214
44 36 40 0.0 0.0 123.0 0.0 2904.0 9.0 55.0 0.27894002789400274
44 36 41 0.0 0.0 0.0 0.0 31.0 0.0 0.0 0.6893156080748399
44 36 42 0.0 0.0 0.0 0.0 25.0 0.0 0.0 0.6913580246913579
44 36 43 0.0 0.0 0.0 0.0 2.0 0.0 0.0 0.6993006993006992
44 36 44 0.0 0.0 0.0 0.0 2.0 0.0 0.0 0.6993006993006992
44 37 36 0.0 0.0 38.0 0.0 957.0 11.0 7.0 0.4691689008042895
44 37 37 0.0 0.0 27.0 0.0 715.0 6.0 1.0 0.5118829981718463
44 37 38 0.0 0.0 247.0 0.0 5684.0 16.0 413.0 0.17683465959328024
44 37 39 0.0 0.0 128.0 0.0 3073.0 16.0 70.0 0.2699575780948708
44 37 40 0.0 0.0 91.0 0.0 2152.0 13.0 28.0 0.33104752896665873
44 37 41 0.0 0.0 178.0 0.0 3700.0 16.0 105.0 0.23866348448687347
44 37 42 0.0 0.0 20.0 0.0 481.0 7.0 0.0 0.5613472333600641
44 37 43 0.0 0.0 122.0 0.0 2785.0 14.0 58.0 0.2860061287027579
44 37 44 0.0 0.0 0.0 0.0 8.0 0.0 0.0 0.697211155378486
44 38 35 0.0 0.0 11.0 0.0 214.0 4.0 0.0 0.6303466906798738
44 38 36 0.0 0.0 2.0 0.0 95.0 0.0 0.0 0.6676204101096804
44 38 37 0.0 0.0 74.0 0.0 2000.0 8.0 22.0 0.3444034440344403
44 38 38 0.0 0.0 69.0 0.0 1917.0 13.0 25.0 0.35237855524792344
44 38 39 0.0 0.0 269.0 0.0 5799.0 13.0 358.0 0.1738266699776508
44 38 40 0.0 0.0 791.0 0.0 12215.0 25.0 6420.0 0.09329601492736238
44 38 41 0.0 0.0 225.0 0.0 5069.0 11.0 254.0 0.1921757035003431
44 38 42 0.0 0.0 228.0 0.0 4984.0 15.0 246.0 0.1944714543686623
44 38 43 0.0 0.0 34.0 0.0 883.0 10.0 4.0 0.48159614723082206
44 38 44 0.0 0.0 30.0 0.0 842.0 7.0 3.0 0.48865619546247807
44 38 45 0.0 0.0 0.0 0.0 9.0 0.0 0.0 0.6968641114982577
44 39 35 0.0 0.0 0.0 0.0 16.0 0.0 0.0 0.6944444444444444
44 39 36 0.0 0.0 71.0 0.0 1796.0 6.0 20.0 0.36260036260036255
44 39 37 0.0 0.0 292.0 0.0 6259.0 27.0 454.0 0.16414585531715323
44 39 38 0.0 0.0 172.0 0.0 4072.0 23.0 167.0 0.22504420511171833
44 39 39 0.0 0.0 444.0 0.0 8510.0 29.0 1295.0 0.12808783165599266
44 39 40 0.0 0.0 433.0 0.0 9019.0 26.0 1510.0 0.1224311324879755
44 39 41 0.0 0.0 278.0 0.0 6032.0 20.0 428.0 0.16887816646562123
44 39 42 0.0 0.0 471.0 0.0 8399.0 19.0 1225.0 0.12892531540657517
44 39 43 0.0 0.0 58.0 0.0 2012.0 4.0 35.0 0.34431874077717656
44 39 44 0.0 0.0 286.0 0.0 5928.0 24.0 391.0 0.17085672443251154
44 39 45 0.0 0.0 3.0 0.0 34.0 3.0 0.0 0.6882989183874139
44 40 35 0.0 0.0 0.0 0.0 21.0 0.0 0.0 0.6927263730826323
44 40 36 0.0 0.0 109.0 0.0 2723.0 15.0 62.0 0.2906976744186046
44 40 37 0.0 0.0 142.0 0.0 3575.0 12.0 105.0 0.24539877300613494
44 40 38 0.0 0.0 203.0 0.0 4482.0 19.0 168.0 0.2099895005249737
44 40 39 0.0 0.0 369.0 0.0 7417.0 23.0 762.0 0.14328113806161086
44 40 40 0.0 0.0 669.0 0.0 11559.0 29.0 4898.0 0.09848751319029193
44 40 41 0.0 0.0 164.0 0.0 4166.0 18.0 154.0 0.2217997465145754
44 40 42 0.0 0.0 269.0 0.0 6074.0 19.0 498.0 0.1680672268907563
44 40 43 0.0 0.0 177.0 0.0 4065.0 19.0 127.0 0.22489959839357426
44 40 44 0.0 0.0 10.0 0.0 324.0 0.0 0.0 0.5998286203941731
44 40 45 0.0 0.0 0.0 0.0 14.0 0.0 0.0 0.6951340615690167
44 41 35 0.0 0.0 0.0 0.0 10.0 0.0 0.0 0.6965174129353233
44 41 36 0.0 0.0 2.0 0.0 114.0 0.0 0.0 0.661625708884688
44 41 37 0.0 0.0 106.0 0.0 2418.0 11.0 37.0 0.3102149346332816
44 41 38 0.0 0.0 137.0 0.0 3044.0 18.0 59.0 0.2711601781909742
44 41 39 0.0 0.0 408.0 0.0 8503.0 15.0 1241.0 0.1283932501834189
44 41 40 0.0 0.0 219.0 0.0 4893.0 20.0 234.0 0.1972386587771203
44 41 41 0.0 0.0 262.0 0.0 5472.0 21.0 314.0 0.18153526970954353
44 41 42 0.0 0.0 411.0 0.0 7862.0 32.0 904.0 0.13667870740993848
44 41 43 0.0 0.0 231.0 0.0 5442.0 19.0 377.0 0.1827914871393132
44 41 44 0.0 0.0 17.0 0.0 383.0 1.0 0.0 0.5835764902042517
44 42 36 0.0 0.0 0.0 0.0 17.0 0.0 0.0 0.694100148735746
44 42 37 0.0 0.0 0.0 0.0 65.0 0.0 0.0 0.6779661016949151
44 42 38 0.0 0.0 166.0 0.0 3910.0 20.0 150.0 0.23117569352708053
44 42 39 0.0 0.0 540.0 0.0 10335.0 33.0 2958.0 0.10891551268087753
44 42 40 0.0 0.0 60.0 0.0 1951.0 11.0 29.0 0.3499999999999999
44 42 41 0.0 0.0 188.0 0.0 3890.0 19.0 100.0 0.23094688221709
44 42 42 0.0 0.0 48.0 0.0 1078.0 13.0 5.0 0.44972695149373587
44 42 43 0.0 0.0 23.0 0.0 494.0 4.0 1.0 0.5573248407643311
44 42 44 0.0 0.0 0.0 0.0 23.0 0.0 0.0 0.6920415224913494
44 43 36 0.0 0.0 1.0 0.0 8.0 0.0 0.0 0.6968641114982577
44 43 37 0.0 0.0 2.0 0.0 75.0 1.0 0.0 0.6743737957610789
44 43 38 0.0 0.0 3.0 0.0 210.0 2.0 0.0 0.6334841628959276
44 43 39 0.0 0.0 137.0 0.0 3095.0 18.0 81.0 0.2683534598428215
44 43 40 0.0 0.0 26.0 0.0 612.0 8.0 1.0 0.5325218714340052
44 43 41 0.0 0.0 3.0 0.0 229.0 0.0 1.0 0.6272401433691756
44 43 42 0.0 0.0 2.0 0.0 104.0 0.0 0.0 0.6650831353919239
44 43 43 0.0 0.0 15.0 0.0 224.0 5.0 0.0 0.6266786034019695
44 43 44 0.0 0.0 0.0 0.0 16.0 0.0 0.0 0.6951340615690167
44 44 37 0.0 0.0 1.0 0.0 50.0 1.0 0.0 0.6829268292682925
44 44 38 0.0 0.0 21.0 0.0 432.0 4.0 0.0 0.5716619028174764
44 44 39 0.0 0.0 0.0 0.0 32.0 0.0 0.0 0.6889763779527558
44 44 40 0.0 0.0 0.0 0.0 63.0 1.0 0.0 0.6789524733268669
44 44 41 0.0 0.0 6.0 0.0 124.0 1.0 0.0 0.6578947368421051
44 44 42 0.0 0.0 12.0 0.0 204.0 1.0 0.0 0.6320541760722347
44 44 43 0.0 0.0 0.0 0.0 5.0 0.0 0.0 0.6982543640897755
44 44 44 0.0 0.0 0.0 0.0 2.0 0.0 0.0 0.6993006993006992
44 45 37 0.0 0.0 0.0 0.0 1.0 0.0 0.0 0.6996501749125437
44 45 38 0.0 0.0 0.0 0.0 1.0 0.0 0.0 0.6996501749125437
44 45 39 0.0 0.0 0.0 0.0 8.0 0.0 0.0 0.697211155378486
44 45 40 0.0 0.0 0.0 0.0 12.0 0.0 0.0 0.6958250497017892
44 45 41 0.0 0.0 0.0 0.0 2.0 0.0 0.0 0.6993006993006992
45 35 37 0.0 0.0 0.0 0.0 2.0 0.0 0.0 0.6993006993006992
45 35 38 0.0 0.0 1.0 0.0 11.0 0.0 0.0 0.6958250497017892
45 35 39 0.0 0.0 0.0 0.0 12.0 0.0 0.0 0.6958250497017892
45 35 40 0.0 0.0 0.0 0.0 4.0 0.0 0.0 0.6986027944111775
45 36 37 0.0 0.0 0.0 0.0 8.0 0.0 0.0 0.697211155378486
45 36 38 0.0 0.0 0.0 0.0 21.0 0.0 0.0 0.6930693069306929
45 36 39 0.0 0.0 23.0 0.0 445.0 4.0 2.0 0.5681818181818181
45 36 40 0.0 0.0 0.0 0.0 15.0 0.0 0.0 0.6951340615690167
45 36 41 0.0 0.0 1.0 0.0 16.0 0.0 0.0 0.694100148735746
45 36 42 0.0 0.0 0.0 0.0 1.0 0.0 0.0 0.6996501749125437
45 36 44 0.0 0.0 0.0 0.0 3.0 0.0 0.0 0.6989515726410384
45 37 36 0.0 0.0 0.0 0.0 2.0 0.0 0.0 0.6993006993006992
45 37 37 0.0 0.0 0.0 0.0 16.0 0.0 0.0 0.6944444444444444
45 37 38 0.0 0.0 0.0 0.0 33.0 0.0 0.0 0.6886374815543531
45 37 39 0.0 0.0 160.0 0.0 4303.0 20.0 176.0 0.2172900822598168
45 37 40 0.0 0.0 208.0 0.0 4434.0 13.0 196.0 0.21106588270767374
45 37 41 0.0 0.0 90.0 0.0 2144.0 16.0 40.0 0.3319108582266477
45 37 42 0.0 0.0 1.0 0.0 61.0 0.0 0.0 0.6789524733268669
45 37 43 0.0 0.0 0.0 0.0 15.0 0.0 0.0 0.694789081885856
45 37 44 0.0 0.0 0.0 0.0 1.0 0.0 0.0 0.6996501749125437
45 38 36 0.0 0.0 0.0 0.0 5.0 0.0 0.0 0.6982543640897755
45 38 37 0.0 0.0 5.0 0.0 90.0 0.0 0.0 0.6682577565632457
45 38 38 0.0 0.0 51.0 0.0 784.0 8.0 2.0 0.49522461973823834
45 38 39 0.0 0.0 2.0 0.0 207.0 1.0 0.0 0.6340579710144926
45 38 40 0.0 0.0 82.0 0.0 1895.0 13.0 13.0 0.35317860746720475
45 38 41 0.0 0.0 407.0 0.0 8011.0 25.0 1126.0 0.13455069678039402
45 38 42 0.0 0.0 10.0 0.0 256.0 4.0 1.0 0.618647812638091
45 38 43 0.0 0.0 3.0 0.0 79.0 0.0 0.0 0.6724303554274734
45 38 44 0.0 0.0 0.0 0.0 10.0 0.0 0.0 0.6965174129353233
45 38 45 0.0 0.0 0.0 0.0 4.0 0.0 0.0 0.6986027944111775
45 39 35 0.0 0.0 0.0 0.0 1.0 0.0 0.0 0.6996501749125437
45 39 36 0.0 0.0 0.0 0.0 15.0 0.0 0.0 0.694789081885856
45 39 37 0.0 0.0 8.0 0.0 116.0 2.0 0.0 0.6597549481621111
45 39 38 0.0 0.0 12.0 0.0 173.0 3.0 0.0 0.6416131989000916
45 39 39 0.0 0.0 28.0 0.0 585.0 7.0 0.0 0.5374280230326295
45 39 40 0.0 0.0 36.0 0.0 829.0 6.0 4.0 0.48968170689052104
45 39 41 0.0 0.0 208.0 0.0 4694.0 18.0 217.0 0.2032225286688924
45 39 42 0.0 0.0 20.0 0.0 711.0 7.0 0.0 0.5141388174807198
45 39 43 0.0 0.0 0.0 0.0 47.0 0.0 0.0 0.6842619745845552
45 39 44 0.0 0.0 1.0 0.0 17.0 0.0 0.0 0.6937561942517343
45 39 45 0.0 0.0 0.0 0.0 10.0 0.0 0.0 0.6965174129353233
45 40 35 0.0 0.0 0.0 0.0 1.0 0.0 0.0 0.6996501749125437
45 40 36 0.0 0.0 0.0 0.0 7.0 0.0 0.0 0.6975585450921773
45 40 37 0.0 0.0 5.0 0.0 118.0 1.0 0.0 0.6597549481621111
45 40 38 0.0 0.0 4.0 0.0 169.0 0.0 1.0 0.6442705936493326
45 40 39 0.0 0.0 102.0 0.0 2525.0 15.0 47.0 0.30362177401865104
45 40 40 0.0 0.0 40.0 0.0 1157.0 8.0 5.0 0.439146800501882
45 40 41 0.0 0.0 98.0 0.0 2269.0 17.0 43.0 0.32183908045977005
45 40 42 0.0 0.0 2.0 0.0 160.0 0.0 0.0 0.6475485661424606
45 40 43 0.0 0.0 6.0 0.0 153.0 3.0 0.0 0.6493506493506492
45 40 44 0.0 0.0 0.0 0.0 8.0 0.0 0.0 0.6975585450921773
45 40 45 0.0 0.0 0.0 0.0 7.0 0.0 0.0 0.6975585450921773
45 41 35 0.0 0.0 0.0 0.0 1.0 0.0 0.0 0.6996501749125437
45 41 36 0.0 0.0 0.0 0.0 7.0 1.0 0.0 0.6979062811565303
45 41 37 0.0 0.0 0.0 0.0 17.0 0.0 0.0 0.694100148735746
45 41 38 0.0 0.0 26.0 0.0 619.0 4.0 3.0 0.5303030303030303
45 41 39 0.0 0.0 331.0 0.0 7112.0 10.0 747.0 0.1483365119728756
45 41 40 0.0 0.0 93.0 0.0 2012.0 16.0 22.0 0.3423820004891171
45 41 41 0.0 0.0 37.0 0.0 972.0 6.0 5.0 0.4662004662004661
45 41 42 0.0 0.0 37.0 0.0 1031.0 6.0 7.0 0.4572175048987589
45 41 43 0.0 0.0 12.0 0.0 291.0 4.0 0.0 0.6089604175728577
45 41 44 0.0 0.0 0.0 0.0 5.0 0.0 0.0 0.6982543640897755
45 42 37 0.0 0.0 0.0 0.0 4.0 0.0 0.0 0.6986027944111775
45 42 38 0.0 0.0 37.0 0.0 1017.0 8.0 5.0 0.45961917268548913
45 42 39 0.0 0.0 10.0 0.0 295.0 4.0 2.0 0.6084311169056931
45 42 40 0.0 0.0 52.0 0.0 1265.0 14.0 5.0 0.4238570996064183
45 42 41 0.0 0.0 0.0 0.0 32.0 0.0 0.0 0.6889763779527558
45 42 42 0.0 0.0 14.0 0.0 374.0 1.0 0.0 0.5865102639296187
45 42 43 0.0 0.0 0.0 0.0 12.0 0.0 0.0 0.6958250497017892
45 42 44 0.0 0.0 0.0 0.0 3.0 0.0 0.0 0.6989515726410384
45 43 37 0.0 0.0 0.0 0.0 5.0 0.0 0.0 0.6982543640897755
45 43 38 0.0 0.0 9.0 0.0 257.0 2.0 0.0 0.6183745583038868
45 43 39 0.0 0.0 318.0 0.0 6086.0 21.0 405.0 0.1669250029808036
45 43 40 0.0 0.0 0.0 0.0 57.0 0.0 0.0 0.6806028196402526
45 43 41 0.0 0.0 0.0 0.0 6.0 0.0 0.0 0.6979062811565303
45 43 42 0.0 0.0 0.0 0.0 4.0 1.0 0.0 0.6989515726410384
45 43 43 0.0 0.0 0.0 0.0 1.0 0.0 0.0 0.6996501749125437
45 44 38 0.0 0.0 4.0 0.0 148.0 3.0 0.0 0.6514657980456026
45 44 39 0.0 0.0 0.0 0.0 13.0 0.0 0.0 0.695479384003974
45 44 40 0.0 0.0 13.0 0.0 287.0 5.0 0.0 0.6100217864923746
45 44 41 0.0 0.0 0.0 0.0 1.0 0.0 0.0 0.6996501749125437
46 36 38 0.0 0.0 0.0 0.0 4.0 0.0 0.0 0.6986027944111775
46 36 39 0.0 0.0 0.0 0.0 3.0 0.0 0.0 0.6989515726410384
46 36 40 0.0 0.0 0.0 0.0 6.0 1.0 0.0 0.6982543640897755
46 36 41 0.0 0.0 0.0 0.0 3.0 0.0 0.0 0.6989515726410384
46 37 38 0.0 0.0 3.0 0.0 22.0 2.0 0.0 0.6920415224913494
46 37 39 0.0 0.0 5.0 0.0 60.0 1.0 0.0 0.6782945736434108
46 37 40 0.0 0.0 38.0 0.0 925.0 9.0 4.0 0.4739336492890995
46 37 41 0.0 0.0 12.0 0.0 366.0 4.0 1.0 0.5897219882055602
46 37 42 0.0 0.0 0.0 0.0 22.0 0.0 0.0 0.6923837784371908
46 38 38 0.0 0.0 0.0 0.0 1.0 0.0 0.0 0.6996501749125437
46 38 39 0.0 0.0 3.0 0.0 48.0 1.0 0.0 0.6829268292682925
46 38 40 0.0 0.0 0.0 0.0 33.0 0.0 0.0 0.6886374815543531
46 38 41 0.0 0.0 0.0 0.0 42.0 0.0 0.0 0.6859382655560998
46 38 42 0.0 0.0 0.0 0.0 23.0 0.0 0.0 0.6920415224913494
46 39 40 0.0 0.0 0.0 0.0 14.0 0.0 0.0 0.6951340615690167
46 39 41 0.0 0.0 1.0 0.0 32.0 0.0 0.0 0.6889763779527558
46 39 42 0.0 0.0 2.0 0.0 56.0 2.0 0.0 0.6809338521400777
46 40 38 0.0 0.0 0.0 0.0 11.0 1.0 0.0 0.6965174129353233
46 40 39 0.0 0.0 0.0 0.0 12.0 0.0 0.0 0.6958250497017892
46 40 40 0.0 0.0 0.0 0.0 11.0 0.0 0.0 0.6961710591745399
46 40 41 0.0 0.0 0.0 0.0 6.0 0.0 0.0 0.6982543640897755
46 40 42 0.0 0.0 0.0 0.0 7.0 0.0 0.0 0.6975585450921773
46 41 37 0.0 0.0 1.0 0.0 8.0 1.0 0.0 0.697211155378486
46 41 38 0.0 0.0 0.0 0.0 19.0 0.0 0.0 0.6934125804853887
46 41 39 0.0 0.0 5.0 0.0 172.0 1.0 1.0 0.6436781609195401
46 41 40 0.0 0.0 0.0 0.0 17.0 0.0 0.0 0.694100148735746
46 41 42 0.0 0.0 0.0 0.0 2.0 0.0 0.0 0.6993006993006992
46 42 38 0.0 0.0 2.0 0.0 66.0 2.0 0.0 0.6776379477250725
46 42 39 0.0 0.0 2.0 0.0 25.0 1.0 0.0 0.6910167818361302
46 42 40 0.0 0.0 2.0 0.0 18.0 1.0 0.0 0.6937561942517343
46 42 41 0.0 0.0 0.0 0.0 3.0 0.0 0.0 0.6989515726410384
46 43 38 0.0 0.0 3.0 0.0 28.0 0.0 0.0 0.6893156080748399
46 43 39 0.0 0.0 26.0 0.0 585.0 9.0 1.0 0.5380476556495004
46 43 40 0.0 0.0 0.0 0.0 3.0 0.0 0.0 0.6989515726410384
46 43 43 0.0 0.0 0.0 0.0 1.0 0.0 0.0 0.6996501749125437
46 44 38 0.0 0.0 0.0 0.0 5.0 0.0 0.0 0.6982543640897755
46 44 40 0.0 0.0 0.0 0.0 7.0 0.0 0.0 0.6975585450921773
47 36 42 0.0 0.0 0.0 0.0 1.0 0.0 0.0 0.6996501749125437
