38 38 39 0.0 0.0 0.0 0.0 1.0 0.0 0.0 0.6996501749125437
38 38 40 0.0 0.0 0.0 0.0 1.0 0.0 0.0 0.6996501749125437
38 38 41 0.0 0.0 0.0 0.0 1.0 0.0 0.0 0.6996501749125437
38 39 39 0.0 0.0 7.0 0.0 69.0 1.0 0.0 0.6746987951807227
38 39 40 0.0 0.0 9.0 0.0 243.0 0.0 0.0 0.6216696269982237
38 39 41 0.0 0.0 0.0 0.0 10.0 0.0 0.0 0.6965174129353233
38 39 42 0.0 0.0 0.0 0.0 3.0 0.0 0.0 0.6989515726410384
38 40 39 0.0 0.0 0.0 0.0 11.0 0.0 0.0 0.6961710591745399
38 40 40 0.0 0.0 0.0 0.0 9.0 0.0 0.0 0.6968641114982577
38 40 41 0.0 0.0 0.0 0.0 5.0 0.0 0.0 0.6982543640897755
38 41 39 0.0 0.0 0.0 0.0 4.0 0.0 0.0 0.6986027944111775
38 41 40 0.0 0.0 17.0 0.0 345.0 5.0 1.0 0.593975392448027
38 41 41 0.0 0.0 0.0 0.0 4.0 0.0 0.0 0.6986027944111775
39 39 39 0.0 0.0 35.0 0.0 1052.0 8.0 8.0 0.4546930821695355
39 39 40 0.0 0.0 7.0 1.0 374.0 3.0 0.0 0.5884825556956704
39 39 41 0.0 0.0 62.0 0.0 1737.0 6.0 15.0 0.3690036900369003
39 39 42 0.0 0.0 0.0 0.0 4.0 0.0 0.0 0.6986027944111775
39 40 38 0.0 0.0 0.0 0.0 2.0 0.0 0.0 0.6993006993006992
39 40 39 0.0 0.0 30.0 4.0 704.0 6.0 2.0 0.5124450951683748
39 40 40 0.0 0.0 308.0 0.0 6559.0 23.0 565.0 0.1582278481012658
39 40 41 0.0 0.0 1.0 1.0 108.0 1.0 0.0 0.6641366223908918
39 40 42 0.0 0.0 0.0 0.0 7.0 0.0 0.0 0.6975585450921773
39 41 39 0.0 0.0 0.0 10.0 100.0 0.0 0.0 0.6635071090047392
39 41 40 0.0 0.0 79.0 1.0 1573.0 16.0 8.0 0.3848268279274326
39 41 41 0.0 0.0 1.0 4.0 132.0 0.0 0.0 0.6551240056153486
39 41 42 0.0 0.0 0.0 0.0 1.0 0.0 0.0 0.6996501749125437
39 42 40 0.0 0.0 0.0 0.0 1.0 0.0 0.0 0.6996501749125437
39 42 41 0.0 0.0 0.0 0.0 1.0 0.0 0.0 0.6996501749125437
40 38 38 0.0 0.0 0.0 0.0 1.0 0.0 0.0 0.6996501749125437
40 38 39 0.0 0.0 0.0 0.0 2.0 0.0 0.0 0.6993006993006992
40 38 40 0.0 0.0 0.0 0.0 5.0 0.0 0.0 0.6982543640897755
40 38 41 0.0 0.0 0.0 0.0 2.0 0.0 0.0 0.6993006993006992
40 38 42 0.0 0.0 0.0 0.0 5.0 0.0 0.0 0.6982543640897755
40 39 39 0.0 0.0 44.0 0.0 1065.0 14.0 5.0 0.4523424878836833
40 39 40 0.0 0.0 1.0 0.0 121.0 0.0 0.0 0.6597549481621111
40 39 41 0.0 0.0 13.0 0.0 437.0 3.0 1.0 0.5721291377196566
40 39 42 0.0 0.0 2.0 0.0 67.0 0.0 0.0 0.6766553890768486
40 40 38 0.0 0.0 1.0 0.0 12.0 1.0 0.0 0.6958250497017892
40 40 39 0.0 0.0 42.0 1.0 848.0 8.0 2.0 0.48577376821651624
40 40 40 11.0 19.0 762.0 389.0 11689.0 30.0 5475.0 0.09417462666487286
40 40 41 0.0 0.0 241.0 0.0 4843.0 23.0 217.0 0.19824412347776835
40 40 42 0.0 0.0 0.0 0.0 11.0 0.0 0.0 0.6965174129353233
40 41 39 0.0 0.0 1.0 0.0 96.0 0.0 0.0 0.6676204101096804
40 41 40 0.0 0.0 7.0 0.0 225.0 2.0 0.0 0.6278026905829596
40 41 41 0.0 2.0 0.0 35.0 122.0 1.0 0.0 0.6487488415199257
40 41 42 0.0 0.0 0.0 0.0 11.0 0.0 0.0 0.6961710591745399
40 42 39 0.0 0.0 0.0 0.0 2.0 0.0 0.0 0.6993006993006992
40 42 40 0.0 0.0 0.0 0.0 3.0 0.0 0.0 0.6989515726410384
41 38 38 0.0 0.0 0.0 0.0 2.0 0.0 0.0 0.6993006993006992
41 38 40 0.0 0.0 0.0 0.0 1.0 0.0 0.0 0.6996501749125437
41 39 38 0.0 0.0 0.0 0.0 1.0 0.0 0.0 0.6996501749125437
41 39 39 0.0 0.0 127.0 0.0 2757.0 20.0 49.0 0.2877697841726618
41 39 40 0.0 0.0 3.0 0.0 145.0 0.0 0.0 0.6517690875232773
41 39 41 0.0 0.0 97.0 0.0 1850.0 21.0 15.0 0.35632476457113765
41 39 42 0.0 0.0 0.0 0.0 1.0 0.0 0.0 0.6996501749125437
41 40 38 0.0 0.0 0.0 0.0 3.0 0.0 0.0 0.6989515726410384
41 40 39 0.0 0.0 19.0 1.0 499.0 6.0 0.0 0.5571030640668523
41 40 40 0.0 0.0 2.0 2.0 152.0 0.0 0.0 0.6496519721577725
41 40 41 0.0 0.0 192.0 0.0 5027.0 24.0 280.0 0.19449847179772156
41 40 42 0.0 0.0 0.0 0.0 10.0 0.0 0.0 0.6965174129353233
41 41 39 0.0 0.0 47.0 1.0 1152.0 11.0 9.0 0.43900909375979924
41 41 40 0.0 0.0 73.0 0.0 1946.0 12.0 18.0 0.3493013972055887
41 41 41 0.0 0.0 5.0 0.0 198.0 3.0 0.0 0.6363636363636362
41 41 42 0.0 0.0 0.0 0.0 16.0 0.0 0.0 0.6944444444444444
41 42 41 0.0 0.0 0.0 0.0 3.0 0.0 0.0 0.6989515726410384
42 38 40 0.0 0.0 0.0 0.0 1.0 0.0 0.0 0.6996501749125437
42 39 38 0.0 0.0 0.0 0.0 1.0 0.0 0.0 0.6996501749125437
42 39 40 0.0 0.0 0.0 0.0 3.0 0.0 0.0 0.6993006993006992
42 39 41 0.0 0.0 0.0 0.0 10.0 0.0 0.0 0.6965174129353233
42 40 39 0.0 0.0 0.0 0.0 3.0 0.0 0.0 0.6989515726410384
42 40 40 0.0 0.0 9.0 0.0 114.0 4.0 0.0 0.6606890042472864
42 40 41 0.0 0.0 0.0 0.0 18.0 0.0 0.0 0.6937561942517343
42 40 42 0.0 0.0 0.0 0.0 11.0 0.0 0.0 0.6961710591745399
42 41 40 0.0 0.0 0.0 0.0 7.0 0.0 0.0 0.6975585450921773
42 41 41 0.0 0.0 5.0 0.0 60.0 0.0 0.0 0.6782945736434108
42 41 42 0.0 0.0 0.0 0.0 5.0 0.0 0.0 0.6982543640897755
42 42 39 0.0 0.0 0.0 0.0 2.0 0.0 0.0 0.6993006993006992
42 42 40 0.0 0.0 0.0 0.0 1.0 0.0 0.0 0.6996501749125437
42 42 42 0.0 0.0 0.0 0.0 1.0 0.0 0.0 0.6996501749125437
