35 39 38 0.0 0.0 0.0 0.0 6.0 0.0 0.0 0.6979062811565303
35 39 39 0.0 0.0 0.0 0.0 2.0 0.0 0.0 0.6993006993006992
35 39 40 0.0 0.0 0.0 0.0 2.0 0.0 0.0 0.6993006993006992
35 39 43 0.0 0.0 0.0 0.0 1.0 0.0 0.0 0.6996501749125437
35 40 38 0.0 0.0 1.0 0.0 12.0 1.0 0.0 0.6958250497017892
35 40 39 0.0 0.0 24.0 0.0 607.0 8.0 2.0 0.5337399923751428
35 40 40 0.0 0.0 0.0 0.0 3.0 0.0 0.0 0.6989515726410384
35 41 39 0.0 0.0 16.0 0.0 341.0 5.0 1.0 0.5952380952380951
35 41 40 0.0 0.0 0.0 0.0 3.0 0.0 0.0 0.6989515726410384
35 41 41 0.0 0.0 0.0 0.0 1.0 0.0 0.0 0.6996501749125437
35 42 40 0.0 0.0 0.0 0.0 3.0 0.0 0.0 0.6989515726410384
35 42 41 0.0 0.0 0.0 0.0 1.0 0.0 0.0 0.6996501749125437
35 42 43 0.0 0.0 0.0 0.0 2.0 0.0 0.0 0.6993006993006992
36 36 40 0.0 0.0 0.0 0.0 1.0 0.0 0.0 0.6996501749125437
36 37 38 0.0 0.0 0.0 0.0 16.0 0.0 0.0 0.6944444444444444
36 37 39 0.0 0.0 2.0 0.0 65.0 1.0 0.0 0.6776379477250725
36 37 40 0.0 0.0 2.0 0.0 41.0 0.0 0.0 0.6852667645619186
36 37 41 0.0 0.0 2.0 0.0 48.0 0.0 0.0 0.6829268292682925
36 37 42 0.0 0.0 0.0 0.0 20.0 0.0 0.0 0.6930693069306929
36 38 38 0.0 0.0 0.0 0.0 23.0 0.0 0.0 0.6920415224913494
36 38 39 0.0 0.0 1.0 0.0 43.0 1.0 0.0 0.6852667645619186
36 38 40 0.0 0.0 6.0 0.0 104.0 0.0 0.0 0.6635071090047392
36 38 41 0.0 0.0 0.0 0.0 47.0 0.0 0.0 0.6839276990718123
36 38 42 0.0 0.0 0.0 0.0 42.0 0.0 0.0 0.6859382655560998
36 38 44 0.0 0.0 0.0 0.0 1.0 0.0 0.0 0.6996501749125437
36 39 36 0.0 0.0 0.0 0.0 1.0 0.0 0.0 0.6996501749125437
36 39 37 0.0 0.0 0.0 0.0 1.0 0.0 0.0 0.6996501749125437
36 39 38 0.0 0.0 50.0 0.0 897.0 11.0 5.0 0.4768392370572206
36 39 39 0.0 0.0 23.0 0.0 571.0 10.0 4.0 0.5420054200542004
36 39 40 0.0 0.0 13.0 0.0 277.0 4.0 0.0 0.6124234470691162
36 39 41 0.0 0.0 0.0 0.0 29.0 0.0 0.0 0.690335305719921
36 39 42 0.0 0.0 45.0 0.0 840.0 9.0 3.0 0.4867872044506258
36 39 43 0.0 0.0 0.0 0.0 1.0 0.0 0.0 0.6996501749125437
36 40 37 0.0 0.0 0.0 0.0 1.0 0.0 0.0 0.6996501749125437
36 40 38 0.0 0.0 9.0 0.0 199.0 0.0 0.0 0.6340579710144926
36 40 39 0.0 0.0 144.0 0.0 3653.0 15.0 148.0 0.24208888120352753
36 40 40 0.0 0.0 11.0 0.0 193.0 2.0 0.0 0.6360745115856428
36 40 41 0.0 0.0 0.0 0.0 35.0 0.0 0.0 0.6882989183874139
36 40 42 0.0 0.0 0.0 0.0 38.0 0.0 0.0 0.6869479882237487
36 40 43 0.0 0.0 8.0 0.0 129.0 5.0 0.0 0.6566604127579737
36 40 44 0.0 0.0 0.0 0.0 1.0 0.0 0.0 0.6996501749125437
36 41 37 0.0 0.0 1.0 0.0 7.0 1.0 0.0 0.6975585450921773
36 41 38 0.0 0.0 15.0 0.0 189.0 3.0 0.0 0.6363636363636362
36 41 39 0.0 0.0 57.0 0.0 1737.0 19.0 11.0 0.3708609271523178
36 41 40 0.0 0.0 4.0 0.0 121.0 1.0 0.0 0.6591337099811675
36 41 41 0.0 0.0 104.0 0.0 2015.0 16.0 25.0 0.341296928327645
36 41 42 0.0 0.0 94.0 0.0 1644.0 12.0 9.0 0.37583892617449655
36 41 43 0.0 0.0 1.0 0.0 35.0 0.0 0.0 0.6876227897838899
36 42 37 0.0 0.0 0.0 0.0 1.0 0.0 0.0 0.6996501749125437
36 42 38 0.0 0.0 0.0 0.0 14.0 0.0 0.0 0.6951340615690167
36 42 39 0.0 0.0 0.0 0.0 16.0 0.0 0.0 0.6944444444444444
36 42 40 0.0 0.0 0.0 0.0 44.0 0.0 0.0 0.684931506849315
36 42 41 0.0 0.0 0.0 0.0 32.0 0.0 0.0 0.6889763779527558
36 42 42 0.0 0.0 40.0 0.0 592.0 12.0 1.0 0.5343511450381678
36 42 43 0.0 0.0 0.0 0.0 43.0 0.0 0.0 0.6852667645619186
36 42 44 0.0 0.0 0.0 0.0 4.0 0.0 0.0 0.6986027944111775
36 43 38 0.0 0.0 0.0 0.0 2.0 0.0 0.0 0.6993006993006992
36 43 39 0.0 0.0 0.0 0.0 10.0 0.0 0.0 0.6965174129353233
36 43 40 0.0 0.0 0.0 0.0 4.0 0.0 0.0 0.6986027944111775
36 43 41 0.0 0.0 0.0 0.0 15.0 0.0 0.0 0.694789081885856
36 43 42 0.0 0.0 0.0 0.0 5.0 0.0 0.0 0.6982543640897755
36 43 43 0.0 0.0 0.0 0.0 2.0 0.0 0.0 0.6993006993006992
36 44 41 0.0 0.0 0.0 0.0 2.0 0.0 0.0 0.6993006993006992
37 36 38 0.0 0.0 0.0 0.0 2.0 0.0 0.0 0.6993006993006992
37 36 39 0.0 0.0 12.0 0.0 133.0 4.0 0.0 0.6539000467071461
37 36 40 0.0 0.0 0.0 0.0 13.0 0.0 0.0 0.695479384003974
37 36 41 0.0 0.0 0.0 0.0 2.0 0.0 0.0 0.6993006993006992
37 37 37 0.0 0.0 23.0 0.0 420.0 3.0 0.0 0.5740057400574005
37 37 38 0.0 0.0 18.0 0.0 323.0 6.0 0.0 0.5995717344753746
37 37 39 0.0 0.0 0.0 0.0 115.0 0.0 0.0 0.6619385342789597
37 37 40 0.0 0.0 132.0 0.0 2973.0 19.0 71.0 0.2753737214791503
37 37 41 0.0 0.0 5.0 0.0 111.0 1.0 0.0 0.6619385342789597
37 37 42 0.0 0.0 19.0 0.0 616.0 3.0 3.0 0.5319148936170213
37 37 43 0.0 0.0 0.0 0.0 7.0 0.0 0.0 0.6975585450921773
37 38 37 0.0 0.0 1.0 0.0 74.0 0.0 0.0 0.6746987951807227
37 38 38 0.0 0.0 47.0 0.0 1206.0 12.0 7.0 0.43183220234423186
37 38 39 0.0 0.0 373.0 0.0 8043.0 23.0 1166.0 0.1346153846153846
37 38 40 0.0 0.0 261.0 0.0 5955.0 11.0 424.0 0.1705237515225335
37 38 41 0.0 0.0 471.0 0.0 9138.0 27.0 1621.0 0.12074169900819318
37 38 42 0.0 0.0 28.0 0.0 751.0 2.0 2.0 0.5043227665706052
37 38 43 0.0 0.0 0.0 0.0 6.0 0.0 0.0 0.6979062811565303
37 38 44 0.0 0.0 0.0 0.0 1.0 0.0 0.0 0.6996501749125437
37 39 37 0.0 0.0 4.0 0.0 118.0 0.0 0.0 0.6597549481621111
37 39 38 0.0 0.0 47.0 0.0 1478.0 12.0 20.0 0.398633257403189
37 39 39 0.0 0.0 165.0 0.0 4504.0 11.0 212.0 0.21024177804475142
37 39 40 0.0 0.0 186.0 0.0 4607.0 16.0 210.0 0.206520135713232
37 39 41 0.0 0.0 51.0 0.0 1418.0 10.0 9.0 0.4048582995951417
37 39 42 0.0 0.0 31.0 0.0 784.0 5.0 6.0 0.4982206405693949
37 39 43 0.0 0.0 97.0 0.0 1973.0 16.0 18.0 0.34533793783917116
37 39 44 0.0 0.0 0.0 0.0 1.0 0.0 0.0 0.6996501749125437
37 40 36 0.0 0.0 0.0 0.0 1.0 0.0 0.0 0.6996501749125437
37 40 37 0.0 0.0 0.0 0.0 17.0 0.0 0.0 0.694100148735746
37 40 38 0.0 0.0 85.0 0.0 2065.0 12.0 22.0 0.338245953128775
37 40 39 0.0 0.0 582.0 0.0 10291.0 32.0 2578.0 0.1089578955560744
37 40 40 0.0 0.0 264.0 0.0 6021.0 16.0 459.0 0.16924564796905223
37 40 41 0.0 0.0 213.0 0.0 4912.0 13.0 304.0 0.1968227189652748
37 40 42 0.0 0.0 150.0 0.0 3843.0 19.0 138.0 0.23430962343096232
37 40 43 0.0 0.0 30.0 0.0 841.0 8.0 5.0 0.4889975550122249
37 40 44 0.0 0.0 2.0 0.0 20.0 0.0 0.0 0.6923837784371908
37 41 36 0.0 0.0 0.0 0.0 1.0 0.0 0.0 0.6996501749125437
37 41 37 0.0 0.0 0.0 0.0 19.0 0.0 0.0 0.6934125804853887
37 41 38 0.0 0.0 145.0 0.0 3174.0 16.0 85.0 0.264001508580049
37 41 39 0.0 0.0 279.0 0.0 6032.0 18.0 424.0 0.16877637130801684
37 41 40 0.0 0.0 244.0 0.0 5534.0 16.0 365.0 0.1802729848055627
37 41 41 0.0 0.0 339.0 0.0 7210.0 21.0 772.0 0.14687368862778008
37 41 42 0.0 0.0 546.0 0.0 9968.0 22.0 2555.0 0.11197312644965207
37 41 43 0.0 0.0 4.0 0.0 157.0 0.0 0.0 0.6478482184173993
37 41 44 0.0 0.0 0.0 0.0 2.0 0.0 0.0 0.6993006993006992
37 42 37 0.0 0.0 0.0 0.0 5.0 0.0 0.0 0.6986027944111775
37 42 38 0.0 0.0 71.0 0.0 1817.0 14.0 19.0 0.36129032258064514
37 42 39 0.0 0.0 98.0 0.0 2156.0 11.0 37.0 0.32987747408105556
37 42 40 0.0 0.0 211.0 0.0 4687.0 13.0 213.0 0.2033405954974582
37 42 41 0.0 0.0 33.0 0.0 1140.0 8.0 7.0 0.4424778761061946
37 42 42 0.0 0.0 83.0 0.0 1891.0 15.0 21.0 0.35389282103134473
37 42 43 0.0 0.0 117.0 0.0 2710.0 17.0 49.0 0.2909997921430056
37 42 44 0.0 0.0 0.0 0.0 3.0 0.0 0.0 0.6989515726410384
37 43 38 0.0 0.0 3.0 0.0 54.0 1.0 0.0 0.6809338521400777
37 43 39 0.0 0.0 9.0 0.0 253.0 6.0 0.0 0.6205673758865247
37 43 40 0.0 0.0 0.0 0.0 128.0 0.0 0.0 0.6578947368421051
37 43 41 0.0 0.0 125.0 0.0 2898.0 12.0 53.0 0.27927388789148205
37 43 42 0.0 0.0 0.0 0.0 37.0 0.0 0.0 0.6872852233676975
37 43 43 0.0 0.0 1.0 0.0 14.0 0.0 0.0 0.694789081885856
37 44 38 0.0 0.0 0.0 0.0 2.0 0.0 0.0 0.6993006993006992
37 44 39 0.0 0.0 4.0 0.0 53.0 1.0 0.0 0.6809338521400777
37 44 40 0.0 0.0 0.0 0.0 6.0 0.0 0.0 0.6979062811565303
37 44 41 0.0 0.0 0.0 0.0 1.0 0.0 0.0 0.6996501749125437
37 44 42 0.0 0.0 0.0 0.0 1.0 0.0 0.0 0.6996501749125437
38 35 40 0.0 0.0 0.0 0.0 1.0 0.0 0.0 0.6996501749125437
38 36 36 0.0 0.0 0.0 0.0 1.0 0.0 0.0 0.6996501749125437
38 36 38 0.0 0.0 0.0 0.0 12.0 0.0 0.0 0.6958250497017892
38 36 39 0.0 0.0 0.0 0.0 23.0 0.0 0.0 0.6920415224913494
38 36 40 0.0 0.0 0.0 0.0 33.0 0.0 0.0 0.6886374815543531
38 36 41 0.0 0.0 0.0 0.0 9.0 0.0 0.0 0.697211155378486
38 36 42 0.0 0.0 0.0 0.0 4.0 0.0 0.0 0.6986027944111775
38 37 36 0.0 0.0 0.0 0.0 8.0 0.0 0.0 0.697211155378486
38 37 37 0.0 0.0 4.0 0.0 172.0 1.0 0.0 0.6436781609195401
38 37 38 0.0 0.0 14.0 0.0 606.0 5.0 5.0 0.5353728489483747
38 37 39 0.0 0.0 202.0 0.0 4589.0 23.0 198.0 0.2068557919621749
38 37 40 0.0 0.0 41.0 0.0 1118.0 6.0 9.0 0.4440215667618141
38 37 41 0.0 0.0 37.0 0.0 1633.0 9.0 22.0 0.3824091778202677
38 37 42 0.0 0.0 4.0 0.0 139.0 1.0 0.0 0.65359477124183
38 37 43 0.0 0.0 0.0 0.0 13.0 0.0 0.0 0.695479384003974
38 38 36 0.0 0.0 0.0 0.0 7.0 0.0 0.0 0.6975585450921773
38 38 37 0.0 0.0 4.0 0.0 179.0 0.0 0.0 0.6416131989000916
38 38 38 0.0 0.0 483.0 0.0 9529.0 24.0 2081.0 0.1166375072898442
38 38 39 0.0 0.0 393.0 0.0 8254.0 20.0 1149.0 0.13166556945358784
38 38 40 0.0 0.0 212.0 0.0 4927.0 18.0 254.0 0.19654639898918994
38 38 41 0.0 0.0 518.0 0.0 9722.0 25.0 2011.0 0.11453816575308844
38 38 42 0.0 0.0 213.0 0.0 4724.0 23.0 198.0 0.20242914979757085
38 38 43 0.0 0.0 26.0 0.0 590.0 4.0 3.0 0.5359877488514548
38 38 44 0.0 0.0 0.0 0.0 1.0 0.0 0.0 0.6996501749125437
38 39 36 0.0 0.0 0.0 0.0 15.0 0.0 0.0 0.694789081885856
38 39 37 0.0 0.0 111.0 0.0 2357.0 18.0 30.0 0.31460674157303364
38 39 38 0.0 0.0 219.0 0.0 4980.0 16.0 278.0 0.1949317738791423
38 39 39 0.0 0.0 901.0 0.0 12531.0 28.0 9650.0 0.09076763485477178
38 39 40 0.0 0.0 1062.0 0.0 13086.0 37.0 11306.0 0.08674639073052852
38 39 41 0.0 0.0 341.0 0.0 7936.0 11.0 1261.0 0.1363592091165871
38 39 42 0.0 0.0 148.0 0.0 3664.0 16.0 157.0 0.2415875754961173
38 39 43 0.0 0.0 9.0 0.0 232.0 4.0 1.0 0.6255585344057193
38 39 44 0.0 0.0 4.0 0.0 69.0 3.0 0.0 0.6763285024154588
38 40 36 0.0 0.0 0.0 0.0 7.0 0.0 0.0 0.6975585450921773
38 40 37 0.0 0.0 21.0 0.0 768.0 4.0 3.0 0.5026929982046677
38 40 38 0.0 0.0 296.0 0.0 6362.0 21.0 523.0 0.162037037037037
38 40 39 0.0 0.0 836.0 0.0 12455.0 22.0 6352.0 0.09156910196873569
38 40 40 0.0 0.0 749.0 0.0 12183.0 25.0 6316.0 0.09380863039399624
38 40 41 0.0 0.0 740.0 0.0 12090.0 24.0 5795.0 0.09444144630329196
38 40 42 0.0 0.0 451.0 1.0 8422.0 22.0 1100.0 0.12892531540657517
38 40 43 0.0 0.0 45.0 0.0 1214.0 3.0 4.0 0.4299754299754299
38 40 44 0.0 0.0 0.0 0.0 21.0 0.0 0.0 0.6927263730826323
38 41 36 0.0 0.0 0.0 0.0 7.0 0.0 0.0 0.6975585450921773
38 41 37 0.0 0.0 18.0 0.0 631.0 3.0 4.0 0.5291005291005291
38 41 38 0.0 0.0 100.0 5.0 2355.0 13.0 42.0 0.31481897908702494
38 41 39 0.0 0.0 615.0 0.0 11109.0 25.0 4216.0 0.10210035005834305
38 41 40 0.0 0.0 1011.0 0.0 12746.0 39.0 12047.0 0.08896231810383172
38 41 41 0.0 0.0 575.0 0.0 10605.0 24.0 3089.0 0.10620543164921861
38 41 42 0.0 0.0 363.0 0.0 7424.0 25.0 785.0 0.143310471900911
38 41 43 0.0 0.0 37.0 0.0 1155.0 6.0 6.0 0.4395604395604395
38 41 44 0.0 0.0 0.0 0.0 32.0 0.0 0.0 0.6889763779527558
38 42 36 0.0 0.0 0.0 0.0 10.0 0.0 0.0 0.6965174129353233
38 42 37 0.0 0.0 0.0 0.0 13.0 0.0 0.0 0.695479384003974
38 42 38 0.0 0.0 38.0 1.0 1156.0 10.0 11.0 0.4394224733207784
38 42 39 0.0 0.0 502.0 0.0 9254.0 31.0 1930.0 0.1192910702113156
38 42 40 0.0 0.0 614.0 1.0 10942.0 27.0 3694.0 0.10335154289089028
38 42 41 0.0 0.0 467.0 1.0 9219.0 16.0 1747.0 0.11978097193702941
38 42 42 0.0 0.0 28.0 1.0 865.0 6.0 5.0 0.484764542936288
38 42 43 0.0 0.0 21.0 0.0 507.0 3.0 2.0 0.5542359461599367
38 42 44 0.0 0.0 0.0 0.0 12.0 0.0 0.0 0.6958250497017892
38 43 36 0.0 0.0 0.0 0.0 2.0 0.0 0.0 0.6993006993006992
38 43 37 0.0 0.0 0.0 0.0 6.0 0.0 0.0 0.6979062811565303
38 43 38 0.0 0.0 1.0 0.0 40.0 0.0 0.0 0.6862745098039215
38 43 39 0.0 0.0 239.0 1.0 5531.0 15.0 397.0 0.1803891251127432
38 43 40 0.0 0.0 99.0 0.0 2241.0 21.0 34.0 0.3241491085899513
38 43 41 0.0 0.0 14.0 0.0 407.0 3.0 1.0 0.5792304509722795
38 43 42 0.0 0.0 4.0 0.0 115.0 0.0 0.0 0.6606890042472864
38 43 43 0.0 0.0 0.0 0.0 6.0 0.0 0.0 0.6982543640897755
38 43 44 0.0 0.0 3.0 0.0 66.0 2.0 0.0 0.6776379477250725
38 44 38 0.0 0.0 0.0 0.0 10.0 0.0 0.0 0.6965174129353233
38 44 39 0.0 0.0 0.0 0.0 10.0 0.0 0.0 0.6965174129353233
38 44 40 0.0 0.0 4.0 0.0 60.0 3.0 0.0 0.6792819019893255
38 44 41 0.0 0.0 0.0 0.0 6.0 0.0 0.0 0.6979062811565303
38 44 42 0.0 0.0 0.0 0.0 4.0 0.0 0.0 0.6986027944111775
39 36 35 0.0 0.0 0.0 0.0 1.0 0.0 0.0 0.6996501749125437
39 36 37 0.0 0.0 0.0 0.0 2.0 0.0 0.0 0.6993006993006992
39 36 38 0.0 0.0 0.0 0.0 8.0 0.0 0.0 0.697211155378486
39 36 39 0.0 0.0 2.0 0.0 74.0 1.0 0.0 0.6746987951807227
39 36 40 0.0 0.0 39.0 0.0 903.0 9.0 4.0 0.47732696897374693
39 36 41 0.0 0.0 0.0 0.0 56.0 0.0 0.0 0.6809338521400777
39 36 42 0.0 0.0 0.0 0.0 15.0 0.0 0.0 0.694789081885856
39 37 36 0.0 0.0 8.0 0.0 124.0 3.0 0.0 0.6575857209957726
39 37 37 0.0 0.0 63.0 0.0 1710.0 7.0 23.0 0.3717472118959107
39 37 38 0.0 0.0 94.0 0.0 2291.0 14.0 28.0 0.32021957913998167
39 37 39 0.0 0.0 96.0 0.0 2585.0 9.0 46.0 0.29959340894500314
39 37 40 0.0 0.0 378.0 0.0 7783.0 15.0 924.0 0.13787669883789638
39 37 41 0.0 0.0 321.0 0.0 6680.0 26.0 631.0 0.15597147950089127
39 37 42 0.0 0.0 3.0 0.0 145.0 0.0 0.0 0.6517690875232773
39 37 43 0.0 0.0 18.0 0.0 618.0 5.0 2.0 0.5321170657544659
39 38 36 0.0 0.0 17.0 0.0 318.0 3.0 1.0 0.6003430531732418
39 38 37 0.0 0.0 222.0 0.0 5357.0 25.0 396.0 0.18528321863419794
39 38 38 0.0 0.0 384.0 0.0 7961.0 18.0 1003.0 0.13552758954501448
39 38 39 0.0 0.0 421.0 0.0 8640.0 22.0 1423.0 0.1266509860683915
39 38 40 0.0 0.0 875.0 0.0 12587.0 29.0 7283.0 0.09060315816722753
39 38 41 0.0 0.0 234.0 0.0 5677.0 21.0 410.0 0.17739483020780533
39 38 42 0.0 0.0 360.0 0.0 7468.0 33.0 813.0 0.14287172160424533
39 38 43 0.0 0.0 11.0 0.0 386.0 4.0 2.0 0.5850396991224404
39 38 44 0.0 0.0 5.0 0.0 106.0 0.0 0.0 0.6631927996210326
39 39 36 0.0 0.0 79.0 0.0 1657.0 14.0 14.0 0.3761418592154755
39 39 37 0.0 0.0 182.0 0.0 4589.0 16.0 235.0 0.20713123243083292
39 39 38 0.0 0.0 661.0 0.0 11393.0 34.0 3816.0 0.09979328533751514
39 39 39 2.0 0.0 1121.0 3.0 13099.0 36.0 13628.0 0.08633448445979279
39 39 40 0.0 0.0 1148.0 12.0 13305.0 41.0 12405.0 0.08502368516944005
39 39 41 0.0 1.0 1323.0 0.0 13152.0 38.0 17201.0 0.08500303582270795
39 39 42 0.0 0.0 345.0 1.0 7312.0 22.0 802.0 0.14522821576763484
39 39 43 0.0 0.0 51.0 0.0 1028.0 11.0 7.0 0.45647212259536996
39 39 44 0.0 0.0 0.0 0.0 16.0 1.0 0.0 0.694789081885856
39 40 35 0.0 0.0 0.0 0.0 4.0 1.0 0.0 0.6989515726410384
39 40 36 0.0 0.0 31.0 0.0 696.0 10.0 1.0 0.5150846210448858
39 40 37 0.0 0.0 340.0 0.0 6890.0 20.0 618.0 0.1519262072707542
39 40 38 0.0 0.0 696.0 3.0 11496.0 19.0 4317.0 0.09864712514092445
39 40 39 0.0 0.0 1210.0 9.0 13146.0 30.0 14279.0 0.08554319931565439
39 40 40 0.0 2.0 1949.0 20.0 12227.0 43.0 32927.0 0.08627595982005298
39 40 41 1.0 3.0 924.0 63.0 12916.0 23.0 8031.0 0.08801710046523324
39 40 42 0.0 2.0 246.0 28.0 6346.0 18.0 563.0 0.16273393002441006
39 40 43 0.0 0.0 263.0 0.0 5944.0 19.0 417.0 0.17094017094017094
39 40 44 0.0 0.0 28.0 0.0 721.0 5.0 0.0 0.510204081632653
39 41 35 0.0 0.0 0.0 0.0 2.0 0.0 0.0 0.6993006993006992
39 41 36 0.0 0.0 7.0 0.0 251.0 3.0 0.0 0.6208425720620842
39 41 37 0.0 0.0 133.0 0.0 3084.0 15.0 70.0 0.2691272587466359
39 41 38 0.0 0.0 88.0 0.0 2921.0 11.0 84.0 0.28016810086051624
39 41 39 0.0 0.0 843.0 40.0 12455.0 32.0 6428.0 0.091324200913242
39 41 40 0.0 0.0 1344.0 23.0 13058.0 33.0 17952.0 0.08524630091944223
39 41 41 0.0 0.0 899.0 36.0 12714.0 37.0 7202.0 0.08950834345630074
39 41 42 0.0 0.0 459.0 17.0 9788.0 23.0 2730.0 0.11425773280013056
39 41 43 0.0 0.0 383.0 0.0 7609.0 29.0 824.0 0.14043534958370946
39 41 44 0.0 0.0 0.0 0.0 32.0 0.0 0.0 0.6889763779527558
39 42 36 0.0 0.0 0.0 0.0 14.0 0.0 0.0 0.6951340615690167
39 42 37 0.0 0.0 217.0 0.0 5056.0 20.0 313.0 0.19294377067254684
39 42 38 0.0 0.0 84.0 0.0 2082.0 11.0 23.0 0.3369434416365824
39 42 39 0.0 1.0 143.0 2.0 3492.0 19.0 103.0 0.24924336834609215
39 42 40 0.0 0.0 493.0 37.0 9486.0 27.0 1983.0 0.1167347619444676
39 42 41 0.0 1.0 618.0 27.0 11094.0 25.0 3728.0 0.10195907071589833
39 42 42 0.0 0.0 94.0 16.0 2333.0 5.0 39.0 0.31538634827663886
39 42 43 0.0 0.0 194.0 0.0 4379.0 23.0 187.0 0.21357742181540806
39 42 44 0.0 0.0 15.0 0.0 362.0 3.0 0.0 0.5897219882055602
39 43 36 0.0 0.0 0.0 0.0 3.0 0.0 0.0 0.6989515726410384
39 43 37 0.0 0.0 43.0 0.0 799.0 10.0 2.0 0.49435028248587565
39 43 38 0.0 0.0 13.0 0.0 264.0 6.0 1.0 0.6164685160722148
39 43 39 0.0 0.0 140.0 0.0 3353.0 19.0 100.0 0.2556610664718772
39 43 40 0.0 0.0 20.0 0.0 803.0 4.0 5.0 0.49698260560880364
39 43 41 0.0 0.0 103.0 0.0 2564.0 11.0 52.0 0.3006872852233677
39 43 42 0.0 0.0 4.0 0.0 152.0 1.0 0.0 0.6496519721577725
39 43 43 0.0 0.0 0.0 0.0 23.0 0.0 0.0 0.6920415224913494
39 43 44 0.0 0.0 0.0 0.0 6.0 0.0 0.0 0.6979062811565303
39 44 38 0.0 0.0 0.0 0.0 13.0 0.0 0.0 0.695479384003974
39 44 39 0.0 0.0 0.0 0.0 10.0 0.0 0.0 0.6965174129353233
39 44 40 0.0 0.0 0.0 0.0 13.0 0.0 0.0 0.695479384003974
39 44 41 0.0 0.0 0.0 0.0 11.0 0.0 0.0 0.6961710591745399
39 44 42 0.0 0.0 0.0 0.0 7.0 0.0 0.0 0.6975585450921773
40 36 36 0.0 0.0 1.0 0.0 8.0 1.0 0.0 0.697211155378486
40 36 37 0.0 0.0 0.0 0.0 14.0 0.0 0.0 0.6951340615690167
40 36 38 0.0 0.0 0.0 0.0 54.0 0.0 0.0 0.6815968841285296
40 36 39 0.0 0.0 27.0 0.0 582.0 11.0 0.0 0.5390835579514823
40 36 40 0.0 0.0 0.0 0.0 33.0 0.0 0.0 0.6889763779527558
40 36 41 0.0 0.0 0.0 0.0 19.0 0.0 0.0 0.6934125804853887
40 36 42 0.0 0.0 0.0 0.0 19.0 0.0 0.0 0.6934125804853887
40 37 36 0.0 0.0 28.0 0.0 558.0 7.0 0.0 0.5428460643660332
40 37 37 0.0 0.0 10.0 0.0 339.0 5.0 0.0 0.5972696245733787
40 37 38 0.0 0.0 120.0 0.0 2852.0 18.0 51.0 0.28265697557036135
40 37 39 0.0 0.0 247.0 0.0 5311.0 26.0 275.0 0.18582426333952745
40 37 40 0.0 0.0 151.0 0.0 3393.0 17.0 99.0 0.25339366515837103
40 37 41 0.0 0.0 15.0 0.0 557.0 5.0 3.0 0.5451713395638628
40 37 42 0.0 0.0 5.0 0.0 242.0 5.0 1.0 0.6244424620874218
40 37 43 0.0 0.0 2.0 0.0 124.0 0.0 0.0 0.6585136406396989
40 37 44 0.0 0.0 0.0 0.0 3.0 0.0 0.0 0.6989515726410384
40 38 35 0.0 0.0 0.0 0.0 1.0 0.0 0.0 0.6996501749125437
40 38 36 0.0 0.0 14.0 0.0 159.0 3.0 1.0 0.6451612903225805
40 38 37 0.0 0.0 476.0 0.0 9496.0 17.0 1978.0 0.11701771982614508
40 38 38 0.0 0.0 831.0 0.0 12321.0 30.0 7583.0 0.09245806366398097
40 38 39 0.0 0.0 609.0 0.0 10885.0 18.0 3375.0 0.10380366278638688
40 38 40 0.0 0.0 651.0 0.0 11088.0 26.0 3267.0 0.10203337949129071
40 38 41 0.0 0.0 712.0 2.0 11536.0 28.0 4290.0 0.09828009828009826
40 38 42 0.0 0.0 440.0 1.0 8460.0 19.0 1246.0 0.12852290461764432
40 38 43 0.0 0.0 31.0 0.0 914.0 3.0 4.0 0.4760285617137027
40 38 44 0.0 0.0 0.0 0.0 11.0 0.0 0.0 0.6961710591745399
40 39 35 0.0 0.0 0.0 0.0 4.0 0.0 0.0 0.6986027944111775
40 39 36 0.0 0.0 32.0 0.0 726.0 6.0 2.0 0.508720930232558
40 39 37 0.0 0.0 390.0 0.0 7997.0 21.0 1046.0 0.13496577653523567
40 39 38 0.0 0.0 798.0 0.0 12198.0 21.0 6149.0 0.09333955597039802
40 39 39 0.0 2.0 1238.0 14.0 13066.0 41.0 15811.0 0.08584743684081432
40 39 40 0.0 0.0 1148.0 6.0 13531.0 41.0 11545.0 0.08391776059461727
40 39 41 0.0 2.0 1081.0 54.0 13065.0 37.0 10926.0 0.08641975308641973
40 39 42 0.0 0.0 846.0 1.0 12438.0 23.0 6900.0 0.09162903331369852
40 39 43 0.0 0.0 144.0 0.0 3493.0 13.0 91.0 0.24893314366998576
40 39 44 0.0 0.0 4.0 0.0 91.0 0.0 0.0 0.6682577565632457
40 39 45 0.0 0.0 0.0 0.0 2.0 0.0 0.0 0.6993006993006992
40 40 35 0.0 0.0 0.0 0.0 5.0 0.0 0.0 0.6982543640897755
40 40 36 0.0 0.0 141.0 0.0 3486.0 9.0 92.0 0.2491546538529987
40 40 37 0.0 0.0 352.0 0.0 7718.0 19.0 986.0 0.1392065228199264
40 40 38 0.0 0.0 925.0 0.0 12865.0 22.0 8494.0 0.08866932674646906
40 40 39 0.0 10.0 1358.0 81.0 13192.0 39.0 17491.0 0.08414978662018392
40 40 40 8.0 52.0 2451.0 362.0 9564.0 73.0 56602.0 0.09704699847497572
40 40 41 0.0 3.0 1809.0 37.0 12785.0 42.0 28548.0 0.08406893652795291
40 40 42 0.0 4.0 714.0 36.0 11855.0 24.0 5237.0 0.09585102012871421
40 40 43 0.0 0.0 268.0 0.0 5918.0 31.0 404.0 0.17165277096615986
40 40 44 0.0 0.0 1.0 0.0 42.0 0.0 0.0 0.6852667645619186
40 41 35 0.0 0.0 0.0 0.0 14.0 0.0 0.0 0.6951340615690167
40 41 36 0.0 0.0 2.0 0.0 96.0 0.0 0.0 0.6676204101096804
40 41 37 0.0 0.0 214.0 0.0 5556.0 17.0 393.0 0.18050541516245483
40 41 38 0.0 0.0 536.0 1.0 9610.0 30.0 1799.0 0.11540680900173109
40 41 39 0.0 0.0 892.0 3.0 12641.0 35.0 7047.0 0.0901945625563716
40 41 40 0.0 7.0 1136.0 92.0 13331.0 27.0 12292.0 0.08452064718666988
40 41 41 0.0 354.0 781.0 5311.0 9024.0 23.0 10329.0 0.08009611533840608
40 41 42 0.0 1.0 763.0 18.0 12090.0 31.0 6116.0 0.09418096199125461
40 41 43 0.0 0.0 22.0 0.0 929.0 1.0 6.0 0.47505938242280277
40 41 44 0.0 0.0 12.0 0.0 241.0 4.0 1.0 0.622498888394842
40 42 35 0.0 0.0 0.0 0.0 2.0 0.0 0.0 0.6993006993006992
40 42 36 0.0 0.0 0.0 0.0 56.0 0.0 0.0 0.6809338521400777
40 42 37 0.0 0.0 5.0 0.0 259.0 1.0 0.0 0.618647812638091
40 42 38 0.0 0.0 476.0 0.0 9582.0 25.0 2244.0 0.11619221512158684
40 42 39 0.0 0.0 401.0 1.0 8241.0 26.0 1176.0 0.1317027281279398
40 42 40 0.0 0.0 932.0 14.0 12811.0 28.0 7382.0 0.0888832455082217
40 42 41 0.0 3.0 393.0 45.0 8147.0 18.0 1231.0 0.13245033112582777
40 42 42 0.0 0.0 94.0 64.0 2350.0 10.0 41.0 0.311318656882366
40 42 43 0.0 0.0 298.0 0.0 6454.0 23.0 557.0 0.16029310739638195
40 42 44 0.0 0.0 5.0 0.0 130.0 3.0 0.0 0.6566604127579737
40 43 36 0.0 0.0 0.0 0.0 4.0 0.0 0.0 0.6986027944111775
40 43 37 0.0 0.0 0.0 0.0 51.0 1.0 0.0 0.6829268292682925
40 43 38 0.0 0.0 145.0 0.0 2982.0 17.0 54.0 0.273972602739726
40 43 39 0.0 0.0 75.0 0.0 1855.0 9.0 16.0 0.35696073431922487
40 43 40 0.0 0.0 28.0 5.0 851.0 1.0 10.0 0.48560527228581335
40 43 41 0.0 0.0 270.0 0.0 6030.0 19.0 420.0 0.16902088615236024
40 43 42 0.0 0.0 39.0 0.0 954.0 9.0 4.0 0.4691689008042895
40 43 43 0.0 0.0 0.0 0.0 50.0 0.0 0.0 0.6829268292682925
40 43 44 0.0 0.0 1.0 0.0 27.0 1.0 0.0 0.6906758756783422
40 44 37 0.0 0.0 0.0 0.0 1.0 0.0 0.0 0.6996501749125437
40 44 38 0.0 0.0 0.0 0.0 4.0 0.0 0.0 0.6986027944111775
40 44 40 0.0 0.0 0.0 0.0 12.0 0.0 0.0 0.6958250497017892
40 44 41 0.0 0.0 2.0 0.0 75.0 1.0 0.0 0.6743737957610789
40 44 42 0.0 0.0 0.0 0.0 8.0 0.0 0.0 0.697211155378486
41 36 36 0.0 0.0 0.0 0.0 8.0 0.0 0.0 0.697211155378486
41 36 37 0.0 0.0 0.0 0.0 18.0 0.0 0.0 0.6937561942517343
41 36 38 0.0 0.0 0.0 0.0 56.0 0.0 0.0 0.6809338521400777
41 36 39 0.0 0.0 2.0 0.0 93.0 1.0 0.0 0.6685768863419292
41 36 40 0.0 0.0 1.0 0.0 39.0 0.0 0.0 0.6866110838646394
41 36 41 0.0 0.0 0.0 0.0 9.0 0.0 0.0 0.6968641114982577
41 36 42 0.0 0.0 0.0 0.0 3.0 0.0 0.0 0.6989515726410384
41 36 43 0.0 0.0 0.0 0.0 1.0 0.0 0.0 0.6996501749125437
41 37 36 0.0 0.0 33.0 0.0 715.0 8.0 3.0 0.510948905109489
41 37 37 0.0 0.0 343.0 0.0 7019.0 24.0 699.0 0.14981273408239698
41 37 38 0.0 0.0 152.0 0.0 3522.0 14.0 90.0 0.24734982332155472
41 37 39 0.0 0.0 455.0 0.0 8667.0 24.0 1492.0 0.12603528988116672
41 37 40 0.0 0.0 27.0 0.0 937.0 5.0 6.0 0.4732927653820148
41 37 41 0.0 0.0 126.0 0.0 2856.0 19.0 45.0 0.2820874471086036
41 37 42 0.0 0.0 69.0 0.0 1674.0 11.0 19.0 0.37513397642015
41 37 43 0.0 0.0 0.0 0.0 42.0 0.0 0.0 0.6856023506366307
41 38 36 0.0 0.0 5.0 0.0 216.0 0.0 2.0 0.6306306306306305
41 38 37 0.0 0.0 68.0 0.0 1955.0 13.0 25.0 0.34912718204488774
41 38 38 0.0 0.0 622.0 0.0 11128.0 24.0 4079.0 0.10194422194713464
41 38 39 0.0 0.0 394.0 0.0 8461.0 25.0 1345.0 0.12918704438497736
41 38 40 0.0 0.0 377.0 0.0 8150.0 30.0 1205.0 0.1333079413445058
41 38 41 0.0 5.0 383.0 92.0 7948.0 22.0 1100.0 0.13448607108549468
41 38 42 0.0 0.0 401.0 0.0 8489.0 24.0 1372.0 0.1287119610186632
41 38 43 0.0 0.0 107.0 0.0 2437.0 18.0 34.0 0.3093239063190455
41 38 44 0.0 0.0 0.0 0.0 24.0 0.0 0.0 0.6920415224913494
41 39 35 0.0 0.0 0.0 0.0 2.0 0.0 0.0 0.6993006993006992
41 39 36 0.0 0.0 3.0 0.0 183.0 1.0 0.0 0.6407322654462241
41 39 37 0.0 0.0 200.0 0.0 4169.0 19.0 129.0 0.22040302267002518
41 39 38 0.0 0.0 713.0 0.0 11584.0 28.0 4397.0 0.09801176141136934
41 39 39 0.0 0.0 1491.0 2.0 12857.0 37.0 21980.0 0.08560596795890912
41 39 40 0.0 2.0 1101.0 5.0 13352.0 38.0 11584.0 0.08509086488786238
41 39 41 0.0 0.0 1472.0 4.0 12888.0 44.0 21424.0 0.08559026716390536
41 39 42 0.0 0.0 792.0 0.0 12100.0 30.0 6536.0 0.0940986691759645
41 39 43 0.0 0.0 250.0 0.0 5991.0 17.0 476.0 0.1701713868968032
41 39 44 0.0 0.0 19.0 0.0 447.0 5.0 0.0 0.5688744412840308
41 40 35 0.0 0.0 0.0 0.0 7.0 0.0 0.0 0.6975585450921773
41 40 36 0.0 0.0 96.0 0.0 2248.0 12.0 32.0 0.32325098129762175
41 40 37 0.0 0.0 364.0 0.0 8195.0 29.0 1208.0 0.13287775246772968
41 40 38 0.0 0.0 715.0 0.0 11852.0 28.0 4310.0 0.09615384615384615
41 40 39 0.0 0.0 1221.0 9.0 13258.0 27.0 14673.0 0.08488449645304068
41 40 40 0.0 0.0 958.0 18.0 13013.0 37.0 9341.0 0.08760951188986231
41 40 41 0.0 3.0 1624.0 26.0 12202.0 47.0 26772.0 0.08830022075055186
41 40 42 0.0 1.0 852.0 26.0 12521.0 23.0 6574.0 0.09089138479516977
41 40 43 0.0 0.0 89.0 0.0 2665.0 12.0 44.0 0.29517183217372966
41 40 44 0.0 0.0 15.0 0.0 314.0 2.0 1.0 0.6016330038676406
41 41 35 0.0 0.0 0.0 0.0 9.0 0.0 0.0 0.697211155378486
41 41 36 0.0 0.0 190.0 0.0 4175.0 21.0 144.0 0.22064617809298656
41 41 37 0.0 0.0 538.0 0.0 10039.0 31.0 2454.0 0.1115004778591908
41 41 38 0.0 0.0 763.0 0.0 11905.0 23.0 4786.0 0.09545237608236175
41 41 39 0.0 2.0 1435.0 10.0 13267.0 39.0 18668.0 0.08376712738586728
41 41 40 0.0 2.0 1388.0 24.0 13146.0 48.0 18682.0 0.08458192363460608
41 41 41 0.0 4.0 1036.0 44.0 13126.0 30.0 10042.0 0.08641975308641973
41 41 42 0.0 0.0 307.0 18.0 7022.0 19.0 743.0 0.15002143163309042
41 41 43 0.0 0.0 149.0 0.0 3588.0 10.0 120.0 0.24441340782122903
41 41 44 0.0 0.0 1.0 0.0 22.0 0.0 0.0 0.6920415224913494
41 42 35 0.0 0.0 0.0 0.0 4.0 0.0 0.0 0.6986027944111775
41 42 36 0.0 0.0 0.0 0.0 30.0 0.0 0.0 0.689655172413793
41 42 37 0.0 0.0 32.0 0.0 811.0 7.0 1.0 0.4936530324400563
41 42 38 0.0 0.0 59.0 0.0 1920.0 11.0 35.0 0.3528225806451612
41 42 39 0.0 0.0 363.0 0.0 7889.0 20.0 1037.0 0.13675881605939239
41 42 40 0.0 1.0 604.0 23.0 10631.0 27.0 2594.0 0.10569228446323417
41 42 41 0.0 0.0 321.0 16.0 7080.0 15.0 701.0 0.14885699096225408
41 42 42 0.0 0.0 408.0 8.0 8411.0 23.0 1257.0 0.12955765315565426
41 42 43 0.0 0.0 241.0 0.0 4795.0 29.0 215.0 0.19957234497505344
41 42 44 0.0 0.0 0.0 0.0 16.0 0.0 0.0 0.6944444444444444
41 43 37 0.0 0.0 3.0 0.0 80.0 0.0 0.0 0.6721075372059528
41 43 38 0.0 0.0 3.0 0.0 170.0 1.0 0.0 0.6445672191528544
41 43 39 0.0 0.0 47.0 0.0 1573.0 7.0 22.0 0.3874896208137282
41 43 40 0.0 0.0 72.0 0.0 2021.0 12.0 31.0 0.34313725490196073
41 43 41 0.0 0.0 50.0 0.0 1408.0 13.0 4.0 0.40650406504065034
41 43 42 0.0 0.0 45.0 0.0 989.0 8.0 4.0 0.46280991735537186
41 43 43 0.0 0.0 8.0 0.0 170.0 3.0 0.0 0.6436781609195401
41 43 44 0.0 0.0 0.0 0.0 11.0 0.0 0.0 0.6961710591745399
41 44 37 0.0 0.0 0.0 0.0 2.0 0.0 0.0 0.6993006993006992
41 44 38 0.0 0.0 0.0 0.0 4.0 0.0 0.0 0.6986027944111775
41 44 39 0.0 0.0 0.0 0.0 5.0 0.0 0.0 0.6982543640897755
41 44 40 0.0 0.0 0.0 0.0 14.0 0.0 0.0 0.6951340615690167
41 44 41 0.0 0.0 0.0 0.0 17.0 0.0 0.0 0.694100148735746
41 44 42 0.0 0.0 0.0 0.0 9.0 0.0 0.0 0.6968641114982577
42 36 36 0.0 0.0 0.0 0.0 6.0 0.0 0.0 0.6979062811565303
42 36 37 0.0 0.0 0.0 0.0 15.0 0.0 0.0 0.694789081885856
42 36 38 0.0 0.0 4.0 0.0 103.0 3.0 0.0 0.6653992395437262
42 36 39 0.0 0.0 0.0 0.0 26.0 0.0 0.0 0.6910167818361302
42 36 40 0.0 0.0 6.0 0.0 200.0 1.0 0.0 0.6349206349206349
42 36 42 0.0 0.0 0.0 0.0 2.0 0.0 0.0 0.6993006993006992
42 36 43 0.0 0.0 0.0 0.0 1.0 0.0 0.0 0.6996501749125437
42 37 36 0.0 0.0 1.0 0.0 25.0 0.0 0.0 0.6910167818361302
42 37 37 0.0 0.0 24.0 0.0 615.0 2.0 1.0 0.5309063329541144
42 37 38 0.0 0.0 45.0 0.0 1466.0 7.0 12.0 0.3995433789954337
42 37 39 0.0 0.0 232.0 0.0 5354.0 24.0 316.0 0.18511172815020493
42 37 40 0.0 0.0 81.0 0.0 2202.0 8.0 36.0 0.32748538011695905
42 37 41 0.0 0.0 79.0 0.0 1697.0 25.0 16.0 0.3733333333333333
42 37 42 0.0 0.0 5.0 0.0 114.0 0.0 0.0 0.6606890042472864
42 37 43 0.0 0.0 0.0 0.0 45.0 0.0 0.0 0.6845965770171147
42 37 44 0.0 0.0 0.0 0.0 8.0 0.0 0.0 0.697211155378486
42 38 36 0.0 0.0 2.0 0.0 88.0 0.0 0.0 0.6698564593301434
42 38 37 0.0 0.0 120.0 0.0 2273.0 16.0 30.0 0.31985378112862684
42 38 38 0.0 0.0 603.0 0.0 10755.0 21.0 3436.0 0.10486105909669687
42 38 39 0.0 0.0 772.0 0.0 12188.0 21.0 5591.0 0.09358288770053474
42 38 40 0.0 0.0 414.0 0.0 8350.0 24.0 1280.0 0.13032954757028484
42 38 41 0.0 0.0 420.0 0.0 8041.0 20.0 1079.0 0.13403542364767831
42 38 42 0.0 0.0 140.0 0.0 3445.0 8.0 91.0 0.25107604017216634
42 38 43 0.0 0.0 146.0 0.0 3486.0 13.0 106.0 0.24906600249066
42 38 44 0.0 0.0 2.0 0.0 42.0 0.0 0.0 0.6852667645619186
42 39 36 0.0 0.0 7.0 0.0 219.0 3.0 0.0 0.63006300630063
42 39 37 0.0 0.0 270.0 0.0 5953.0 24.0 449.0 0.17060687301974164
42 39 38 0.0 0.0 375.0 0.0 7811.0 21.0 988.0 0.13765978367748277
42 39 39 0.0 0.0 545.0 1.0 10391.0 33.0 2923.0 0.10840108401084009
42 39 40 0.0 1.0 501.0 9.0 9771.0 29.0 1861.0 0.11408083441981745
42 39 41 0.0 0.0 628.0 0.0 11041.0 30.0 3442.0 0.10254156595620009
42 39 42 0.0 0.0 690.0 0.0 11654.0 31.0 5775.0 0.09769713886950453
42 39 43 0.0 0.0 442.0 0.0 8611.0 21.0 1256.0 0.12684606324182293
42 39 44 0.0 0.0 2.0 0.0 83.0 0.0 0.0 0.6714628297362109
42 40 35 0.0 0.0 0.0 0.0 4.0 0.0 0.0 0.6986027944111775
42 40 36 0.0 0.0 2.0 0.0 103.0 1.0 0.0 0.6653992395437262
42 40 37 0.0 0.0 260.0 0.0 5667.0 25.0 395.0 0.17714791851195746
42 40 38 0.0 0.0 1021.0 0.0 13009.0 36.0 9260.0 0.08740167311774252
42 40 39 0.0 0.0 957.0 0.0 13025.0 31.0 8411.0 0.08755472170106315
42 40 40 0.0 0.0 1015.0 0.0 12886.0 21.0 12104.0 0.08803370433251587
42 40 41 0.0 0.0 665.0 1.0 11353.0 26.0 3834.0 0.09987871869872297
42 40 42 0.0 0.0 582.0 2.0 10659.0 19.0 3244.0 0.1057641459545214
42 40 43 0.0 0.0 179.0 0.0 4233.0 14.0 154.0 0.21871582565224176
42 40 44 0.0 0.0 3.0 0.0 187.0 3.0 0.0 0.6401463191586647
42 41 35 0.0 0.0 0.0 0.0 2.0 0.0 0.0 0.6993006993006992
42 41 36 0.0 0.0 9.0 0.0 235.0 4.0 0.0 0.6252791424743188
42 41 37 0.0 0.0 114.0 0.0 2771.0 14.0 49.0 0.28729735276010665
42 41 38 0.0 0.0 256.0 0.0 5481.0 17.0 285.0 0.18130018130018127
42 41 39 0.0 0.0 662.0 0.0 11255.0 15.0 4096.0 0.10056026432983765
42 41 40 0.0 0.0 512.0 0.0 9584.0 31.0 1972.0 0.11598044901002401
42 41 41 0.0 0.0 943.0 0.0 12745.0 35.0 9320.0 0.08933129147524246
42 41 42 0.0 0.0 475.0 0.0 9623.0 26.0 2233.0 0.11586526524869652
42 41 43 0.0 0.0 33.0 0.0 1187.0 8.0 9.0 0.43586550435865495
42 41 44 0.0 0.0 0.0 0.0 21.0 0.0 0.0 0.6927263730826323
42 42 36 0.0 0.0 9.0 0.0 143.0 1.0 0.0 0.6508600650860064
42 42 37 0.0 0.0 1.0 0.0 98.0 2.0 0.0 0.6679389312977099
42 42 38 0.0 0.0 224.0 0.0 5879.0 17.0 515.0 0.17303176368804846
42 42 39 0.0 0.0 450.0 0.0 8847.0 27.0 1625.0 0.12417952811779315
42 42 40 0.0 0.0 737.0 0.0 11745.0 26.0 5387.0 0.09670511846377011
42 42 41 0.0 0.0 433.0 0.0 8771.0 15.0 1408.0 0.12502232541525268
42 42 42 0.0 0.0 352.0 0.0 7634.0 17.0 936.0 0.1403227423073068
42 42 43 0.0 0.0 22.0 0.0 663.0 7.0 2.0 0.522973477773627
42 42 44 0.0 0.0 0.0 0.0 9.0 0.0 0.0 0.6968641114982577
42 43 37 0.0 0.0 0.0 0.0 12.0 0.0 0.0 0.6958250497017892
42 43 38 0.0 0.0 0.0 0.0 48.0 0.0 0.0 0.6839276990718123
42 43 39 0.0 0.0 148.0 0.0 2909.0 20.0 54.0 0.2779432201707365
42 43 40 0.0 0.0 20.0 1.0 672.0 5.0 2.0 0.5208333333333333
42 43 41 0.0 0.0 108.0 0.0 2329.0 11.0 39.0 0.316312697695436
42 43 42 0.0 0.0 0.0 0.0 63.0 0.0 0.0 0.6786233640329616
42 43 43 0.0 0.0 1.0 0.0 46.0 0.0 0.0 0.6842619745845552
42 43 44 0.0 0.0 0.0 0.0 3.0 0.0 0.0 0.6989515726410384
42 44 39 0.0 0.0 0.0 0.0 2.0 0.0 0.0 0.6993006993006992
42 44 40 0.0 0.0 0.0 0.0 4.0 0.0 0.0 0.6986027944111775
42 44 41 0.0 0.0 0.0 0.0 1.0 0.0 0.0 0.6996501749125437
42 44 42 0.0 0.0 0.0 0.0 1.0 0.0 0.0 0.6996501749125437
43 36 37 0.0 0.0 0.0 0.0 4.0 0.0 0.0 0.6986027944111775
43 36 38 0.0 0.0 0.0 0.0 15.0 0.0 0.0 0.694789081885856
43 36 39 0.0 0.0 2.0 0.0 60.0 0.0 0.0 0.6789524733268669
43 36 40 0.0 0.0 0.0 0.0 7.0 0.0 0.0 0.6975585450921773
43 36 41 0.0 0.0 0.0 0.0 1.0 0.0 0.0 0.6996501749125437
43 37 37 0.0 0.0 0.0 0.0 53.0 1.0 0.0 0.6822612085769979
43 37 38 0.0 0.0 189.0 0.0 4056.0 17.0 133.0 0.22479126525369297
43 37 39 0.0 0.0 31.0 0.0 907.0 9.0 3.0 0.47814207650273216
43 37 40 0.0 0.0 17.0 0.0 515.0 3.0 1.0 0.55357848952155
43 37 41 0.0 0.0 25.0 0.0 599.0 9.0 1.0 0.5353728489483747
43 37 42 0.0 0.0 0.0 0.0 60.0 1.0 0.0 0.6799417192812044
43 37 43 0.0 0.0 0.0 0.0 9.0 0.0 0.0 0.6968641114982577
43 38 36 0.0 0.0 0.0 0.0 3.0 0.0 0.0 0.6989515726410384
43 38 37 0.0 0.0 32.0 0.0 846.0 7.0 4.0 0.487634970393591
43 38 38 0.0 0.0 179.0 0.0 4131.0 11.0 131.0 0.22218695445167427
43 38 39 0.0 0.0 260.0 0.0 5799.0 16.0 388.0 0.17395626242544732
43 38 40 0.0 0.0 99.0 0.0 2385.0 16.0 31.0 0.31319910514541377
43 38 41 0.0 0.0 167.0 0.0 3781.0 18.0 113.0 0.23600809170600134
43 38 42 0.0 0.0 286.0 0.0 6175.0 24.0 465.0 0.16583747927031506
43 38 43 0.0 0.0 8.0 0.0 236.0 2.0 0.0 0.6244424620874218
43 38 44 0.0 0.0 1.0 0.0 23.0 0.0 0.0 0.6916996047430829
43 39 36 0.0 0.0 3.0 0.0 31.0 1.0 0.0 0.6889763779527558
43 39 37 0.0 0.0 49.0 0.0 1433.0 12.0 10.0 0.40345821325648407
43 39 38 0.0 0.0 102.0 0.0 2764.0 7.0 51.0 0.2882437718756434
43 39 39 0.0 0.0 287.0 0.0 6575.0 22.0 595.0 0.1582994120307553
43 39 40 0.0 0.0 476.0 0.0 9245.0 32.0 1668.0 0.11969904240766073
43 39 41 0.0 0.0 220.0 0.0 4771.0 17.0 212.0 0.2006880733944954
43 39 42 0.0 0.0 177.0 0.0 4017.0 20.0 146.0 0.2267206477732793
43 39 43 0.0 0.0 31.0 0.0 1219.0 7.0 13.0 0.4316990440949737
43 39 44 0.0 0.0 1.0 0.0 77.0 0.0 0.0 0.6737247353224253
43 40 36 0.0 0.0 1.0 0.0 26.0 0.0 0.0 0.6906758756783422
43 40 37 0.0 0.0 168.0 0.0 3815.0 12.0 142.0 0.23442732752846618
43 40 38 0.0 0.0 201.0 0.0 4848.0 17.0 276.0 0.19897669130187604
43 40 39 0.0 0.0 271.0 0.0 6011.0 19.0 462.0 0.16936849745947252
43 40 40 0.0 0.0 264.0 0.0 6361.0 19.0 575.0 0.16256386437529027
43 40 41 0.0 0.0 244.0 0.0 5326.0 28.0 320.0 0.18552875695732837
43 40 42 0.0 0.0 142.0 0.0 3720.0 13.0 137.0 0.2392344497607655
43 40 43 0.0 0.0 314.0 0.0 6881.0 23.0 653.0 0.15257192676547515
43 40 44 0.0 0.0 1.0 0.0 41.0 1.0 0.0 0.6859382655560998
43 41 36 0.0 0.0 0.0 0.0 11.0 0.0 0.0 0.6961710591745399
43 41 37 0.0 0.0 9.0 0.0 345.0 3.0 0.0 0.5954912803062525
43 41 38 0.0 0.0 66.0 0.0 1730.0 11.0 26.0 0.3697834125726359
43 41 39 0.0 0.0 345.0 0.0 7545.0 21.0 883.0 0.14178651002633175
43 41 40 0.0 0.0 306.0 0.0 7167.0 17.0 802.0 0.1479133650290544
43 41 41 0.0 0.0 320.0 0.0 6648.0 19.0 581.0 0.15633724176437744
43 41 42 0.0 0.0 95.0 0.0 2572.0 13.0 42.0 0.3009458297506449
43 41 43 0.0 0.0 12.0 0.0 291.0 4.0 0.0 0.609225413402959
43 41 44 0.0 0.0 0.0 0.0 2.0 0.0 0.0 0.6993006993006992
43 42 36 0.0 0.0 0.0 0.0 2.0 0.0 0.0 0.6993006993006992
43 42 37 0.0 0.0 0.0 0.0 16.0 0.0 0.0 0.6944444444444444
43 42 38 0.0 0.0 74.0 0.0 1635.0 19.0 20.0 0.37940379403794033
43 42 39 0.0 0.0 18.0 0.0 623.0 5.0 0.0 0.5315110098709187
43 42 40 0.0 0.0 199.0 0.0 5153.0 17.0 266.0 0.19076168415315436
43 42 41 0.0 0.0 30.0 0.0 989.0 9.0 4.0 0.4651162790697673
43 42 42 0.0 0.0 23.0 0.0 729.0 3.0 1.0 0.5092761004001454
43 42 43 0.0 0.0 9.0 0.0 137.0 2.0 0.0 0.6529850746268656
43 43 37 0.0 0.0 0.0 0.0 7.0 0.0 0.0 0.6975585450921773
43 43 38 0.0 0.0 1.0 0.0 36.0 1.0 0.0 0.6876227897838899
43 43 39 0.0 0.0 15.0 0.0 284.0 5.0 0.0 0.6102877070619005
43 43 40 0.0 0.0 8.0 0.0 278.0 2.0 0.0 0.6129597197898423
43 43 41 0.0 0.0 44.0 0.0 972.0 12.0 5.0 0.46604527296937415
43 43 42 0.0 0.0 9.0 0.0 221.0 3.0 0.0 0.6286484059272563
43 43 43 0.0 0.0 1.0 0.0 38.0 0.0 0.0 0.6866110838646394
43 44 38 0.0 0.0 0.0 0.0 1.0 0.0 0.0 0.6996501749125437
43 44 40 0.0 0.0 7.0 0.0 95.0 2.0 0.0 0.6666666666666665
43 44 41 0.0 0.0 0.0 0.0 1.0 0.0 0.0 0.6996501749125437
44 36 37 0.0 0.0 0.0 0.0 2.0 0.0 0.0 0.6996501749125437
44 36 38 0.0 0.0 0.0 0.0 3.0 0.0 0.0 0.6989515726410384
44 36 39 0.0 0.0 5.0 0.0 89.0 0.0 0.0 0.6685768863419292
44 37 37 0.0 0.0 0.0 0.0 4.0 0.0 0.0 0.6986027944111775
44 37 38 0.0 0.0 6.0 0.0 98.0 3.0 0.0 0.6663493574488338
44 37 39 0.0 0.0 0.0 0.0 23.0 0.0 0.0 0.6920415224913494
44 37 40 0.0 0.0 0.0 0.0 11.0 0.0 0.0 0.6961710591745399
44 37 41 0.0 0.0 0.0 0.0 11.0 0.0 0.0 0.6961710591745399
44 37 42 0.0 0.0 0.0 0.0 10.0 0.0 0.0 0.6965174129353233
44 37 43 0.0 0.0 0.0 0.0 17.0 0.0 0.0 0.694100148735746
44 38 37 0.0 0.0 0.0 0.0 8.0 0.0 0.0 0.697211155378486
44 38 38 0.0 0.0 0.0 0.0 23.0 0.0 0.0 0.6920415224913494
44 38 39 0.0 0.0 0.0 0.0 66.0 0.0 0.0 0.6776379477250725
44 38 40 0.0 0.0 254.0 0.0 5415.0 23.0 309.0 0.1829587036069001
44 38 41 0.0 0.0 0.0 0.0 33.0 0.0 0.0 0.6889763779527558
44 38 42 0.0 0.0 3.0 0.0 109.0 0.0 0.0 0.6628787878787878
44 38 43 0.0 0.0 0.0 0.0 16.0 0.0 0.0 0.6944444444444444
44 38 44 0.0 0.0 0.0 0.0 1.0 0.0 0.0 0.6996501749125437
44 39 36 0.0 0.0 0.0 0.0 1.0 0.0 0.0 0.6996501749125437
44 39 37 0.0 0.0 0.0 0.0 13.0 0.0 0.0 0.695479384003974
44 39 38 0.0 0.0 0.0 0.0 21.0 0.0 0.0 0.6927263730826323
44 39 39 0.0 0.0 17.0 0.0 328.0 3.0 0.0 0.5977796754910332
44 39 40 0.0 0.0 38.0 0.0 918.0 13.0 4.0 0.4757050628610261
44 39 41 0.0 0.0 4.0 0.0 132.0 2.0 0.0 0.6560449859418931
44 39 42 0.0 0.0 17.0 0.0 384.0 5.0 0.0 0.5845511482254696
44 39 43 0.0 0.0 0.0 0.0 20.0 0.0 0.0 0.6930693069306929
44 39 44 0.0 0.0 2.0 0.0 8.0 1.0 0.0 0.6968641114982577
44 40 37 0.0 0.0 1.0 0.0 22.0 0.0 0.0 0.6920415224913494
44 40 38 0.0 0.0 1.0 0.0 54.0 0.0 0.0 0.6815968841285296
44 40 39 0.0 0.0 9.0 0.0 189.0 2.0 0.0 0.6378132118451024
44 40 40 0.0 0.0 191.0 0.0 4282.0 18.0 180.0 0.2168861347792409
44 40 41 0.0 0.0 0.0 0.0 71.0 0.0 0.0 0.6763285024154588
44 40 42 0.0 0.0 3.0 0.0 80.0 1.0 0.0 0.6727534839019701
44 40 43 0.0 0.0 0.0 0.0 21.0 0.0 0.0 0.6927263730826323
44 40 44 0.0 0.0 0.0 0.0 7.0 0.0 0.0 0.6975585450921773
44 41 36 0.0 0.0 0.0 0.0 1.0 0.0 0.0 0.6996501749125437
44 41 37 0.0 0.0 0.0 0.0 4.0 0.0 0.0 0.6986027944111775
44 41 38 0.0 0.0 0.0 0.0 40.0 0.0 0.0 0.6862745098039215
44 41 39 0.0 0.0 19.0 0.0 435.0 2.0 1.0 0.5709624796084828
44 41 40 0.0 0.0 0.0 0.0 41.0 0.0 0.0 0.6859382655560998
44 41 41 0.0 0.0 0.0 0.0 45.0 0.0 0.0 0.6845965770171147
44 41 42 0.0 0.0 10.0 0.0 97.0 1.0 0.0 0.6650831353919239
44 41 43 0.0 0.0 3.0 0.0 61.0 2.0 0.0 0.6789524733268669
44 41 44 0.0 0.0 0.0 0.0 9.0 0.0 0.0 0.6968641114982577
44 42 37 0.0 0.0 0.0 0.0 1.0 0.0 0.0 0.6996501749125437
44 42 38 0.0 0.0 1.0 0.0 20.0 1.0 0.0 0.6930693069306929
44 42 39 0.0 0.0 95.0 0.0 2635.0 8.0 68.0 0.29642176582680496
44 42 40 0.0 0.0 0.0 0.0 34.0 0.0 0.0 0.6882989183874139
44 42 41 0.0 0.0 0.0 0.0 26.0 0.0 0.0 0.6910167818361302
44 42 42 0.0 0.0 0.0 0.0 4.0 0.0 0.0 0.6986027944111775
44 42 43 0.0 0.0 0.0 0.0 2.0 0.0 0.0 0.6993006993006992
44 43 37 0.0 0.0 0.0 0.0 3.0 0.0 0.0 0.6989515726410384
44 43 38 0.0 0.0 0.0 0.0 3.0 0.0 0.0 0.6989515726410384
44 43 39 0.0 0.0 0.0 0.0 6.0 0.0 0.0 0.6979062811565303
44 43 40 0.0 0.0 0.0 0.0 10.0 1.0 0.0 0.6968641114982577
44 43 41 0.0 0.0 0.0 0.0 2.0 0.0 0.0 0.6993006993006992
44 43 42 0.0 0.0 0.0 0.0 1.0 0.0 0.0 0.6996501749125437
45 37 39 0.0 0.0 3.0 0.0 37.0 1.0 0.0 0.6866110838646394
45 37 40 0.0 0.0 0.0 0.0 6.0 0.0 0.0 0.6979062811565303
45 37 41 0.0 0.0 0.0 0.0 6.0 0.0 0.0 0.6979062811565303
45 38 39 0.0 0.0 0.0 0.0 4.0 0.0 0.0 0.6986027944111775
45 38 40 0.0 0.0 0.0 0.0 14.0 0.0 0.0 0.6951340615690167
45 38 41 0.0 0.0 20.0 0.0 595.0 6.0 1.0 0.5366040628593329
45 39 39 0.0 0.0 0.0 0.0 5.0 0.0 0.0 0.6982543640897755
45 39 40 0.0 0.0 0.0 0.0 14.0 0.0 0.0 0.6951340615690167
45 39 41 0.0 0.0 1.0 0.0 19.0 0.0 0.0 0.6930693069306929
45 40 39 0.0 0.0 0.0 0.0 1.0 0.0 0.0 0.6996501749125437
45 40 40 0.0 0.0 0.0 0.0 11.0 0.0 0.0 0.6961710591745399
45 40 41 0.0 0.0 0.0 0.0 6.0 0.0 0.0 0.6979062811565303
45 41 38 0.0 0.0 0.0 0.0 3.0 0.0 0.0 0.6989515726410384
45 41 39 0.0 0.0 5.0 0.0 101.0 4.0 0.0 0.6660323501427211
45 41 40 0.0 0.0 0.0 0.0 3.0 0.0 0.0 0.6989515726410384
45 41 41 0.0 0.0 0.0 0.0 2.0 0.0 0.0 0.6993006993006992
45 42 39 0.0 0.0 0.0 0.0 2.0 0.0 0.0 0.6993006993006992
45 42 40 0.0 0.0 0.0 0.0 1.0 0.0 0.0 0.6996501749125437
45 43 39 0.0 0.0 1.0 0.0 24.0 0.0 0.0 0.6913580246913579
45 43 40 0.0 0.0 0.0 0.0 1.0 0.0 0.0 0.6996501749125437
