38 39 39 0.0 0.0 0.0 0.0 1.0 0.0 0.0 0.6996501749125437
38 39 40 0.0 0.0 4.0 0.0 43.0 0.0 0.0 0.6839276990718123
38 39 41 0.0 0.0 0.0 0.0 8.0 0.0 0.0 0.697211155378486
38 39 42 0.0 0.0 0.0 0.0 1.0 0.0 0.0 0.6996501749125437
38 40 39 0.0 0.0 0.0 0.0 4.0 0.0 0.0 0.6989515726410384
38 40 40 0.0 0.0 0.0 0.0 3.0 0.0 0.0 0.6989515726410384
38 40 41 0.0 0.0 0.0 0.0 2.0 0.0 0.0 0.6993006993006992
38 41 40 0.0 0.0 2.0 0.0 95.0 1.0 0.0 0.6679389312977099
38 41 41 0.0 0.0 0.0 0.0 1.0 0.0 0.0 0.6996501749125437
39 39 39 0.0 0.0 16.0 0.0 475.0 3.0 1.0 0.5629272215520706
39 39 40 0.0 0.0 3.0 0.0 201.0 1.0 0.0 0.6354970494779845
39 39 41 0.0 0.0 32.0 0.0 833.0 11.0 4.0 0.49053959355290816
39 39 42 0.0 0.0 0.0 0.0 2.0 0.0 0.0 0.6993006993006992
39 40 39 0.0 0.0 10.0 4.0 268.0 5.0 0.0 0.6148440931049626
39 40 40 0.0 0.0 238.0 0.0 4981.0 29.0 228.0 0.19466073414905447
39 40 41 0.0 0.0 0.0 1.0 66.0 0.0 0.0 0.6773101112723753
39 40 42 0.0 0.0 0.0 0.0 3.0 0.0 0.0 0.6989515726410384
39 41 39 0.0 0.0 0.0 6.0 72.0 0.0 0.0 0.6737247353224253
39 41 40 0.0 0.0 28.0 0.0 456.0 6.0 1.0 0.5649717514124293
39 41 41 0.0 0.0 0.0 3.0 85.0 0.0 0.0 0.6704980842911876
40 38 38 0.0 0.0 0.0 0.0 1.0 0.0 0.0 0.0
40 38 39 0.0 0.0 0.0 0.0 1.0 0.0 0.0 0.6996501749125437
40 38 40 0.0 0.0 0.0 0.0 1.0 0.0 0.0 0.6996501749125437
40 38 42 0.0 0.0 0.0 0.0 1.0 0.0 0.0 0.6996501749125437
40 39 39 0.0 0.0 23.0 0.0 413.0 3.0 0.0 0.5754212905877516
40 39 40 0.0 0.0 0.0 0.0 75.0 0.0 0.0 0.6746987951807227
40 39 41 0.0 0.0 5.0 0.0 176.0 3.0 0.0 0.6427915518824608
40 39 42 0.0 0.0 1.0 0.0 9.0 1.0 0.0 0.6968641114982577
40 40 39 0.0 0.0 9.0 1.0 249.0 4.0 0.0 0.6208425720620842
40 40 40 11.0 19.0 669.0 334.0 10936.0 30.0 3818.0 0.10029371731499391
40 40 41 0.0 0.0 165.0 0.0 3222.0 26.0 61.0 0.2610966057441253
40 40 42 0.0 0.0 0.0 0.0 3.0 0.0 0.0 0.6989515726410384
40 41 39 0.0 0.0 0.0 0.0 51.0 0.0 0.0 0.68259385665529
40 41 40 0.0 0.0 2.0 0.0 98.0 1.0 0.0 0.6669842782277274
40 41 41 0.0 1.0 0.0 2.0 75.0 0.0 0.0 0.6737247353224253
40 41 42 0.0 0.0 0.0 0.0 3.0 0.0 0.0 0.6989515726410384
40 42 40 0.0 0.0 0.0 0.0 2.0 1.0 0.0 0.6996501749125437
41 39 38 0.0 0.0 0.0 0.0 1.0 0.0 0.0 0.6996501749125437
41 39 39 0.0 0.0 65.0 0.0 1399.0 10.0 8.0 0.4052098408104196
41 39 40 0.0 0.0 0.0 0.0 86.0 0.0 0.0 0.6711409395973154
41 39 41 0.0 0.0 43.0 0.0 708.0 5.0 1.0 0.5098324836125272
41 40 39 0.0 0.0 4.0 1.0 192.0 2.0 0.0 0.6378132118451024
41 40 40 0.0 0.0 0.0 1.0 104.0 0.0 0.0 0.6650831353919239
41 40 41 0.0 0.0 140.0 0.0 3600.0 25.0 114.0 0.24496937882764652
41 40 42 0.0 0.0 0.0 0.0 6.0 0.0 0.0 0.6979062811565303
41 41 39 0.0 0.0 21.0 1.0 461.0 7.0 1.0 0.5654281098546041
41 41 40 0.0 0.0 41.0 0.0 978.0 12.0 2.0 0.4655803126039241
41 41 41 0.0 0.0 1.0 0.0 110.0 0.0 0.0 0.6631927996210326
41 41 42 0.0 0.0 0.0 0.0 8.0 0.0 0.0 0.697211155378486
42 39 40 0.0 0.0 0.0 0.0 1.0 0.0 0.0 0.6996501749125437
42 39 41 0.0 0.0 0.0 0.0 5.0 0.0 0.0 0.6982543640897755
42 40 39 0.0 0.0 0.0 0.0 2.0 0.0 0.0 0.6993006993006992
42 40 40 0.0 0.0 1.0 0.0 36.0 0.0 0.0 0.6872852233676975
42 40 41 0.0 0.0 0.0 0.0 6.0 0.0 0.0 0.6979062811565303
42 40 42 0.0 0.0 0.0 0.0 4.0 0.0 0.0 0.6986027944111775
42 41 40 0.0 0.0 0.0 0.0 2.0 0.0 0.0 0.6993006993006992
42 41 41 0.0 0.0 0.0 0.0 1.0 0.0 0.0 0.6996501749125437
42 41 42 0.0 0.0 0.0 0.0 4.0 0.0 0.0 0.6986027944111775
