36 37 38 0.0 0.0 0.0 0.0 3.0 0.0 0.0 0.6989515726410384
36 37 39 0.0 0.0 0.0 0.0 3.0 0.0 0.0 0.6989515726410384
36 37 40 0.0 0.0 0.0 0.0 6.0 0.0 0.0 0.6979062811565303
36 37 41 0.0 0.0 0.0 0.0 3.0 0.0 0.0 0.6989515726410384
36 38 38 0.0 0.0 0.0 0.0 1.0 0.0 0.0 0.6996501749125437
36 38 39 0.0 0.0 0.0 0.0 4.0 0.0 0.0 0.6986027944111775
36 38 40 0.0 0.0 0.0 0.0 8.0 0.0 0.0 0.697211155378486
36 38 41 0.0 0.0 0.0 0.0 4.0 0.0 0.0 0.6986027944111775
36 38 42 0.0 0.0 0.0 0.0 4.0 0.0 0.0 0.6986027944111775
36 39 38 0.0 0.0 0.0 0.0 4.0 0.0 0.0 0.6986027944111775
36 39 39 0.0 0.0 1.0 0.0 11.0 0.0 0.0 0.6958250497017892
36 39 40 0.0 0.0 0.0 0.0 7.0 0.0 0.0 0.6975585450921773
36 39 41 0.0 0.0 0.0 0.0 1.0 0.0 0.0 0.6996501749125437
36 39 42 0.0 0.0 1.0 0.0 15.0 0.0 0.0 0.6944444444444444
36 40 38 0.0 0.0 0.0 0.0 4.0 0.0 0.0 0.6986027944111775
36 40 39 0.0 0.0 20.0 0.0 514.0 8.0 4.0 0.5542359461599367
36 40 40 0.0 0.0 0.0 0.0 3.0 0.0 0.0 0.6989515726410384
36 40 41 0.0 0.0 0.0 0.0 3.0 0.0 0.0 0.6989515726410384
36 40 42 0.0 0.0 0.0 0.0 3.0 0.0 0.0 0.6989515726410384
36 40 43 0.0 0.0 0.0 0.0 2.0 0.0 0.0 0.6993006993006992
36 41 38 0.0 0.0 0.0 0.0 1.0 0.0 0.0 0.6996501749125437
36 41 39 0.0 0.0 5.0 0.0 129.0 2.0 0.0 0.6566604127579737
36 41 40 0.0 0.0 0.0 0.0 7.0 0.0 0.0 0.6975585450921773
36 41 41 0.0 0.0 2.0 0.0 23.0 0.0 0.0 0.6913580246913579
36 41 42 0.0 0.0 1.0 0.0 12.0 1.0 0.0 0.6961710591745399
36 41 43 0.0 0.0 0.0 0.0 2.0 0.0 0.0 0.6993006993006992
36 42 40 0.0 0.0 0.0 0.0 3.0 0.0 0.0 0.6989515726410384
36 42 41 0.0 0.0 0.0 0.0 1.0 0.0 0.0 0.6996501749125437
36 42 42 0.0 0.0 0.0 0.0 5.0 0.0 0.0 0.6982543640897755
36 42 43 0.0 0.0 0.0 0.0 7.0 0.0 0.0 0.6975585450921773
36 43 40 0.0 0.0 0.0 0.0 1.0 0.0 0.0 0.6996501749125437
37 37 37 0.0 0.0 0.0 0.0 3.0 0.0 0.0 0.6989515726410384
37 37 38 0.0 0.0 0.0 0.0 9.0 0.0 0.0 0.6968641114982577
37 37 39 0.0 0.0 0.0 0.0 7.0 0.0 0.0 0.6975585450921773
37 37 40 0.0 0.0 7.0 0.0 141.0 0.0 0.0 0.6517690875232773
37 37 41 0.0 0.0 0.0 0.0 8.0 0.0 0.0 0.697211155378486
37 37 42 0.0 0.0 1.0 0.0 7.0 0.0 0.0 0.697211155378486
37 38 37 0.0 0.0 0.0 0.0 3.0 0.0 0.0 0.6989515726410384
37 38 38 0.0 0.0 1.0 0.0 52.0 1.0 1.0 0.6822612085769979
37 38 39 0.0 0.0 142.0 0.0 3338.0 12.0 74.0 0.25603511338697876
37 38 40 0.0 0.0 58.0 0.0 1363.0 9.0 11.0 0.41043682204632065
37 38 41 0.0 0.0 207.0 0.0 4110.0 20.0 155.0 0.2222222222222222
37 38 42 0.0 0.0 1.0 0.0 13.0 0.0 0.0 0.6951340615690167
37 39 37 0.0 0.0 0.0 0.0 1.0 0.0 0.0 0.6996501749125437
37 39 38 0.0 0.0 1.0 0.0 154.0 0.0 0.0 0.6496519721577725
37 39 39 0.0 0.0 24.0 0.0 776.0 7.0 4.0 0.5012531328320802
37 39 40 0.0 0.0 27.0 0.0 797.0 8.0 6.0 0.4973357015985789
37 39 41 0.0 0.0 2.0 0.0 144.0 1.0 1.0 0.6526806526806526
37 39 42 0.0 0.0 0.0 0.0 34.0 0.0 0.0 0.6882989183874139
37 39 43 0.0 0.0 1.0 0.0 12.0 2.0 0.0 0.6961710591745399
37 40 37 0.0 0.0 0.0 0.0 1.0 0.0 0.0 0.6996501749125437
37 40 38 0.0 0.0 2.0 0.0 105.0 0.0 0.0 0.6644518272425248
37 40 39 0.0 0.0 279.0 0.0 5532.0 26.0 308.0 0.17978682419416978
37 40 40 0.0 0.0 53.0 0.0 1309.0 11.0 8.0 0.41791044776119396
37 40 41 0.0 0.0 35.0 0.0 939.0 3.0 4.0 0.47122181083810155
37 40 42 0.0 0.0 19.0 0.0 470.0 6.0 0.0 0.5638340716874747
37 40 43 0.0 0.0 1.0 0.0 31.0 0.0 0.0 0.6889763779527558
37 41 37 0.0 0.0 0.0 0.0 1.0 0.0 0.0 0.6996501749125437
37 41 38 0.0 0.0 9.0 0.0 135.0 2.0 0.0 0.65359477124183
37 41 39 0.0 0.0 51.0 0.0 1287.0 12.0 8.0 0.4209260372820204
37 41 40 0.0 0.0 39.0 0.0 1333.0 11.0 7.0 0.41654269562630164
37 41 41 0.0 0.0 110.0 0.0 2501.0 17.0 34.0 0.3047453199825859
37 41 42 0.0 0.0 270.0 0.0 5770.0 24.0 389.0 0.17456359102244387
37 41 43 0.0 0.0 0.0 0.0 14.0 0.0 0.0 0.6951340615690167
37 42 38 0.0 0.0 3.0 0.0 107.0 1.0 1.0 0.6638217164532954
37 42 39 0.0 0.0 2.0 0.0 158.0 0.0 0.0 0.648148148148148
37 42 40 0.0 0.0 27.0 0.0 828.0 3.0 2.0 0.49088359046283303
37 42 41 0.0 0.0 1.0 0.0 92.0 1.0 0.0 0.6692160611854684
37 42 42 0.0 0.0 1.0 0.0 29.0 0.0 0.0 0.689655172413793
37 42 43 0.0 0.0 6.0 0.0 82.0 3.0 0.0 0.6714628297362109
37 43 38 0.0 0.0 0.0 0.0 6.0 0.0 0.0 0.6979062811565303
37 43 39 0.0 0.0 0.0 0.0 8.0 0.0 0.0 0.697211155378486
37 43 40 0.0 0.0 0.0 0.0 25.0 0.0 0.0 0.6913580246913579
37 43 41 0.0 0.0 4.0 0.0 29.0 0.0 0.0 0.6886374815543531
37 43 42 0.0 0.0 0.0 0.0 4.0 0.0 0.0 0.6986027944111775
38 36 39 0.0 0.0 0.0 0.0 1.0 0.0 0.0 0.6996501749125437
38 36 40 0.0 0.0 0.0 0.0 1.0 0.0 0.0 0.6996501749125437
38 36 41 0.0 0.0 0.0 0.0 1.0 0.0 0.0 0.6996501749125437
38 37 37 0.0 0.0 0.0 0.0 5.0 0.0 0.0 0.6982543640897755
38 37 38 0.0 0.0 0.0 0.0 13.0 0.0 0.0 0.695479384003974
38 37 39 0.0 0.0 29.0 0.0 607.0 8.0 0.0 0.5327245053272449
38 37 40 0.0 0.0 0.0 0.0 56.0 0.0 0.0 0.6812652068126519
38 37 41 0.0 0.0 3.0 0.0 280.0 1.0 0.0 0.6134969325153373
38 37 42 0.0 0.0 0.0 0.0 8.0 0.0 0.0 0.697211155378486
38 38 37 0.0 0.0 0.0 0.0 11.0 0.0 0.0 0.6961710591745399
38 38 38 0.0 0.0 223.0 0.0 4942.0 20.0 250.0 0.19591379792891123
38 38 39 0.0 0.0 147.0 0.0 3309.0 23.0 68.0 0.25773195876288657
38 38 40 0.0 0.0 27.0 0.0 900.0 10.0 8.0 0.48010973936899853
38 38 41 0.0 0.0 238.0 0.0 4819.0 27.0 224.0 0.19906156689890514
38 38 42 0.0 0.0 23.0 0.0 615.0 6.0 0.0 0.5319148936170213
38 38 43 0.0 0.0 0.0 0.0 3.0 0.0 0.0 0.6989515726410384
38 39 37 0.0 0.0 2.0 0.0 76.0 2.0 0.0 0.6743737957610789
38 39 38 0.0 0.0 30.0 0.0 848.0 8.0 4.0 0.48780487804878037
38 39 39 0.0 0.0 566.0 0.0 10805.0 28.0 3612.0 0.10475121586232695
38 39 40 0.0 0.0 701.0 0.0 11513.0 19.0 4191.0 0.09848751319029193
38 39 41 0.0 0.0 119.0 0.0 3662.0 12.0 152.0 0.24267637372161552
38 39 42 0.0 0.0 17.0 0.0 629.0 3.0 3.0 0.529701097237987
38 39 43 0.0 0.0 0.0 0.0 11.0 0.0 0.0 0.6961710591745399
38 40 37 0.0 0.0 1.0 0.0 32.0 0.0 0.0 0.6886374815543531
38 40 38 0.0 0.0 57.0 0.0 1688.0 9.0 19.0 0.3748326639892904
38 40 39 0.0 0.0 504.0 0.0 9293.0 21.0 1559.0 0.11879507848960541
38 40 40 0.0 0.0 447.0 0.0 9195.0 18.0 1716.0 0.12037833190025794
38 40 41 0.0 0.0 439.0 0.0 8755.0 22.0 1545.0 0.12517882689556506
38 40 42 0.0 0.0 145.0 1.0 3121.0 23.0 71.0 0.2669717772692601
38 40 43 0.0 0.0 2.0 0.0 41.0 0.0 0.0 0.6852667645619186
38 41 37 0.0 0.0 1.0 0.0 81.0 1.0 0.0 0.6727534839019701
38 41 38 0.0 0.0 4.0 3.0 246.0 3.0 2.0 0.6222222222222221
38 41 39 0.0 0.0 333.0 0.0 7504.0 17.0 1035.0 0.14247913698351308
38 41 40 0.0 0.0 655.0 0.0 11510.0 21.0 4969.0 0.09887005649717513
38 41 41 0.0 0.0 295.0 0.0 6373.0 18.0 479.0 0.16177490177952392
38 41 42 0.0 0.0 98.0 0.0 2247.0 14.0 25.0 0.32332563510392603
38 41 43 0.0 0.0 0.0 0.0 20.0 0.0 0.0 0.6930693069306929
38 41 44 0.0 0.0 0.0 0.0 1.0 0.0 0.0 0.6996501749125437
38 42 38 0.0 0.0 1.0 0.0 61.0 1.0 0.0 0.6792819019893255
38 42 39 0.0 0.0 203.0 0.0 4702.0 24.0 232.0 0.20339968037193082
38 42 40 0.0 0.0 312.0 0.0 7028.0 19.0 774.0 0.15008576329331044
38 42 41 0.0 0.0 211.0 0.0 4325.0 30.0 181.0 0.2151529122483479
38 42 42 0.0 0.0 0.0 0.0 85.0 0.0 0.0 0.6714628297362109
38 42 43 0.0 0.0 0.0 0.0 25.0 0.0 0.0 0.6913580246913579
38 43 38 0.0 0.0 0.0 0.0 3.0 0.0 0.0 0.6989515726410384
38 43 39 0.0 0.0 54.0 1.0 1275.0 6.0 3.0 0.4213060487511284
38 43 40 0.0 0.0 1.0 0.0 115.0 0.0 0.0 0.661625708884688
38 43 41 0.0 0.0 0.0 0.0 25.0 0.0 0.0 0.6913580246913579
38 43 42 0.0 0.0 0.0 0.0 14.0 0.0 0.0 0.6951340615690167
39 36 40 0.0 0.0 0.0 0.0 3.0 0.0 0.0 0.6989515726410384
39 36 41 0.0 0.0 0.0 0.0 5.0 0.0 0.0 0.6982543640897755
39 36 42 0.0 0.0 0.0 0.0 1.0 0.0 0.0 0.6996501749125437
39 37 37 0.0 0.0 4.0 0.0 173.0 3.0 0.0 0.6439742410303587
39 37 38 0.0 0.0 4.0 0.0 106.0 0.0 0.0 0.6635071090047392
39 37 39 0.0 0.0 3.0 0.0 208.0 1.0 0.0 0.6334841628959276
39 37 40 0.0 0.0 121.0 0.0 2739.0 12.0 46.0 0.2887788778877887
39 37 41 0.0 0.0 64.0 0.0 1881.0 11.0 23.0 0.3558718861209964
39 37 42 0.0 0.0 0.0 0.0 18.0 0.0 0.0 0.6937561942517343
39 37 43 0.0 0.0 2.0 0.0 11.0 1.0 0.0 0.6958250497017892
39 38 36 0.0 0.0 0.0 0.0 6.0 0.0 0.0 0.6979062811565303
39 38 37 0.0 0.0 42.0 0.0 1305.0 7.0 7.0 0.4191616766467065
39 38 38 0.0 0.0 133.0 0.0 2764.0 16.0 51.0 0.28682646998565864
39 38 39 0.0 0.0 148.0 0.0 3867.0 16.0 137.0 0.2332944509248458
39 38 40 0.0 0.0 533.0 0.0 9879.0 37.0 2088.0 0.11301259283177269
39 38 41 0.0 0.0 49.0 0.0 1476.0 9.0 17.0 0.39851978366068874
39 38 42 0.0 0.0 104.0 0.0 2541.0 12.0 43.0 0.30237580993520513
39 38 43 0.0 0.0 0.0 0.0 39.0 0.0 1.0 0.6866110838646394
39 39 36 0.0 0.0 2.0 0.0 13.0 0.0 0.0 0.694789081885856
39 39 37 0.0 0.0 26.0 0.0 914.0 3.0 9.0 0.4766768811712631
39 39 38 0.0 0.0 339.0 0.0 7256.0 29.0 764.0 0.14621409921671016
39 39 39 0.0 0.0 694.0 3.0 11679.0 34.0 5898.0 0.0975269940787182
39 39 40 0.0 0.0 682.0 9.0 11667.0 23.0 4759.0 0.09756097560975609
39 39 41 0.0 0.0 887.0 2.0 12452.0 36.0 8023.0 0.09133611691022964
39 39 42 0.0 0.0 93.0 0.0 2405.0 16.0 36.0 0.31243026110243244
39 39 43 0.0 0.0 1.0 0.0 46.0 1.0 0.0 0.6842619745845552
39 40 36 0.0 0.0 0.0 0.0 2.0 0.0 0.0 0.6993006993006992
39 40 37 0.0 0.0 88.0 0.0 1913.0 8.0 14.0 0.3506135737540696
39 40 38 0.0 0.0 365.0 1.0 7545.0 25.0 882.0 0.14157144301749416
39 40 39 0.0 0.0 762.0 10.0 12008.0 23.0 6053.0 0.09480598632085052
39 40 40 0.0 1.0 1434.0 15.0 13163.0 47.0 18957.0 0.08436275986742994
39 40 41 0.0 2.0 552.0 37.0 10052.0 16.0 2432.0 0.11076825698235619
39 40 42 0.0 0.0 70.0 3.0 1964.0 5.0 22.0 0.3471361269526407
39 40 43 0.0 0.0 61.0 0.0 1304.0 7.0 10.0 0.4169148302561048
39 40 44 0.0 0.0 0.0 0.0 1.0 0.0 0.0 0.6996501749125437
39 41 36 0.0 0.0 0.0 0.0 1.0 0.0 0.0 0.6996501749125437
39 41 37 0.0 0.0 11.0 0.0 180.0 3.0 0.0 0.639853747714808
39 41 38 0.0 0.0 8.0 0.0 523.0 4.0 2.0 0.5540166204986148
39 41 39 0.0 0.0 476.0 51.0 9157.0 27.0 1729.0 0.12000685753471625
39 41 40 0.0 0.0 865.0 16.0 12527.0 35.0 8432.0 0.0909386164339071
39 41 41 0.0 0.0 474.0 25.0 9579.0 35.0 2132.0 0.11615365469177796
39 41 42 0.0 0.0 229.0 5.0 5900.0 22.0 500.0 0.17252002464571778
39 41 43 0.0 0.0 119.0 0.0 2578.0 13.0 28.0 0.2988898377455166
39 41 44 0.0 0.0 0.0 0.0 2.0 0.0 0.0 0.6993006993006992
39 42 37 0.0 0.0 37.0 0.0 987.0 4.0 7.0 0.4635761589403972
39 42 38 0.0 0.0 3.0 0.0 115.0 1.0 0.0 0.661625708884688
39 42 39 0.0 0.0 5.0 0.0 470.0 1.0 3.0 0.5658852061438965
39 42 40 0.0 0.0 209.0 29.0 4655.0 19.0 211.0 0.20357714119528864
39 42 41 0.0 1.0 312.0 7.0 7180.0 17.0 746.0 0.14760147601476012
39 42 42 0.0 0.0 6.0 7.0 206.0 3.0 0.0 0.6317689530685919
39 42 43 0.0 0.0 30.0 0.0 623.0 5.0 1.0 0.5287009063444108
39 42 44 0.0 0.0 0.0 0.0 1.0 0.0 0.0 0.6996501749125437
39 43 37 0.0 0.0 0.0 0.0 10.0 0.0 0.0 0.6965174129353233
39 43 38 0.0 0.0 0.0 0.0 10.0 0.0 0.0 0.6965174129353233
39 43 39 0.0 0.0 12.0 0.0 423.0 2.0 0.0 0.5754212905877516
39 43 40 0.0 0.0 0.0 0.0 84.0 0.0 0.0 0.6717850287907868
39 43 41 0.0 0.0 7.0 0.0 138.0 1.0 0.0 0.6529850746268656
39 43 42 0.0 0.0 0.0 0.0 8.0 0.0 0.0 0.697211155378486
40 36 37 0.0 0.0 0.0 0.0 1.0 0.0 0.0 0.6996501749125437
40 36 38 0.0 0.0 0.0 0.0 6.0 0.0 0.0 0.6979062811565303
40 36 39 0.0 0.0 0.0 0.0 4.0 0.0 0.0 0.6986027944111775
40 36 40 0.0 0.0 0.0 0.0 2.0 0.0 0.0 0.6993006993006992
40 36 41 0.0 0.0 0.0 0.0 1.0 0.0 0.0 0.6996501749125437
40 36 42 0.0 0.0 0.0 0.0 2.0 0.0 0.0 0.6993006993006992
40 37 36 0.0 0.0 0.0 0.0 2.0 0.0 0.0 0.6993006993006992
40 37 37 0.0 0.0 0.0 0.0 53.0 0.0 0.0 0.6819288845591815
40 37 38 0.0 0.0 4.0 0.0 190.0 1.0 0.0 0.6386861313868613
40 37 39 0.0 0.0 35.0 0.0 761.0 13.0 3.0 0.5030542579949694
40 37 40 0.0 0.0 9.0 0.0 213.0 2.0 0.0 0.6309148264984226
40 37 41 0.0 0.0 0.0 0.0 78.0 0.0 0.0 0.6743737957610789
40 37 42 0.0 0.0 0.0 0.0 20.0 0.0 0.0 0.6930693069306929
40 37 43 0.0 0.0 0.0 0.0 5.0 0.0 0.0 0.6982543640897755
40 38 36 0.0 0.0 0.0 0.0 4.0 0.0 0.0 0.6989515726410384
40 38 37 0.0 0.0 233.0 0.0 4986.0 21.0 272.0 0.1943364797334814
40 38 38 0.0 0.0 508.0 0.0 9886.0 30.0 2351.0 0.11319534282018111
40 38 39 0.0 0.0 315.0 0.0 6635.0 23.0 585.0 0.15675736199753665
40 38 40 0.0 0.0 307.0 0.0 6607.0 19.0 554.0 0.15730337078651682
40 38 41 0.0 0.0 375.0 0.0 7500.0 15.0 898.0 0.14191586416624427
40 38 42 0.0 0.0 145.0 0.0 3320.0 17.0 85.0 0.25692787667461914
40 38 43 0.0 0.0 0.0 0.0 43.0 0.0 0.0 0.6852667645619186
40 38 44 0.0 0.0 0.0 0.0 1.0 0.0 0.0 0.6996501749125437
40 39 36 0.0 0.0 0.0 0.0 7.0 0.0 0.0 0.6975585450921773
40 39 37 0.0 0.0 121.0 0.0 2993.0 16.0 51.0 0.2745098039215686
40 39 38 0.0 0.0 446.0 0.0 9036.0 32.0 1653.0 0.12213207711768295
40 39 39 0.0 1.0 771.0 5.0 12166.0 34.0 7167.0 0.09373326191751472
40 39 40 0.0 0.0 681.0 4.0 11532.0 26.0 4269.0 0.09850830284266815
40 39 41 0.0 2.0 625.0 51.0 11000.0 32.0 4120.0 0.10246651540657248
40 39 42 0.0 0.0 495.0 1.0 9431.0 18.0 2050.0 0.11749895090222408
40 39 43 0.0 0.0 9.0 0.0 179.0 1.0 0.0 0.6401463191586647
40 40 36 0.0 0.0 16.0 0.0 290.0 5.0 0.0 0.6084311169056931
40 40 37 0.0 0.0 115.0 0.0 2882.0 7.0 63.0 0.2805611222444889
40 40 38 0.0 0.0 558.0 0.0 10448.0 27.0 2734.0 0.10776691555692403
40 40 39 0.0 4.0 867.0 39.0 12694.0 23.0 7900.0 0.08970333824565899
40 40 40 11.0 46.0 1965.0 438.0 10877.0 71.0 39281.0 0.0913420760749005
40 40 41 0.0 4.0 1283.0 25.0 13121.0 38.0 15790.0 0.08522035549062575
40 40 42 0.0 0.0 400.0 6.0 8563.0 20.0 1393.0 0.1277955271565495
40 40 43 0.0 0.0 66.0 0.0 1227.0 8.0 6.0 0.4263093788063337
40 40 44 0.0 0.0 0.0 0.0 1.0 0.0 0.0 0.6996501749125437
40 41 36 0.0 0.0 0.0 0.0 4.0 0.0 0.0 0.6986027944111775
40 41 37 0.0 0.0 53.0 0.0 1472.0 8.0 15.0 0.39784029553850525
40 41 38 0.0 0.0 207.0 1.0 4341.0 22.0 157.0 0.21446078431372545
40 41 39 0.0 0.0 492.0 0.0 9521.0 26.0 2012.0 0.11670556852284093
40 41 40 0.0 3.0 713.0 51.0 11705.0 20.0 4646.0 0.09678534393363289
40 41 41 0.0 238.0 497.0 4299.0 7720.0 31.0 3677.0 0.09499253630071922
40 41 42 0.0 0.0 464.0 11.0 9119.0 28.0 1627.0 0.12086678753345417
40 41 43 0.0 0.0 1.0 0.0 76.0 0.0 0.0 0.6740491092922483
40 41 44 0.0 0.0 0.0 0.0 3.0 0.0 0.0 0.6989515726410384
40 42 36 0.0 0.0 0.0 0.0 2.0 0.0 0.0 0.6993006993006992
40 42 37 0.0 0.0 0.0 0.0 22.0 0.0 0.0 0.6923837784371908
40 42 38 0.0 0.0 210.0 0.0 5395.0 17.0 397.0 0.18440463645943095
40 42 39 0.0 0.0 141.0 0.0 3138.0 20.0 94.0 0.26621030614185204
40 42 40 0.0 0.0 550.0 14.0 9806.0 24.0 2019.0 0.1132411227048451
40 42 41 0.0 1.0 140.0 7.0 3326.0 18.0 91.0 0.25659824046920815
40 42 42 0.0 0.0 4.0 25.0 249.0 3.0 1.0 0.6153846153846153
40 42 43 0.0 0.0 70.0 0.0 1812.0 11.0 20.0 0.3617571059431524
40 42 44 0.0 0.0 0.0 0.0 2.0 0.0 0.0 0.6993006993006992
40 43 37 0.0 0.0 0.0 0.0 2.0 0.0 0.0 0.6993006993006992
40 43 38 0.0 0.0 5.0 0.0 55.0 1.0 0.0 0.6799417192812044
40 43 39 0.0 0.0 2.0 0.0 123.0 1.0 0.0 0.6591337099811675
40 43 40 0.0 0.0 0.0 1.0 76.0 0.0 0.0 0.6743737957610789
40 43 41 0.0 0.0 58.0 0.0 1339.0 7.0 17.0 0.4131012097964001
40 43 42 0.0 0.0 2.0 0.0 45.0 0.0 0.0 0.6842619745845552
40 43 43 0.0 0.0 0.0 0.0 4.0 0.0 0.0 0.6986027944111775
40 43 44 0.0 0.0 0.0 0.0 3.0 0.0 0.0 0.6989515726410384
41 36 36 0.0 0.0 0.0 0.0 1.0 0.0 0.0 0.6996501749125437
41 36 37 0.0 0.0 0.0 0.0 1.0 0.0 0.0 0.6996501749125437
41 36 38 0.0 0.0 0.0 0.0 1.0 0.0 0.0 0.6996501749125437
41 36 39 0.0 0.0 0.0 0.0 3.0 0.0 0.0 0.6989515726410384
41 36 40 0.0 0.0 0.0 0.0 2.0 0.0 0.0 0.6993006993006992
41 37 36 0.0 0.0 0.0 0.0 2.0 0.0 0.0 0.6993006993006992
41 37 37 0.0 0.0 100.0 0.0 1878.0 19.0 22.0 0.3536246526900732
41 37 38 0.0 0.0 11.0 0.0 162.0 0.0 0.0 0.6445672191528544
41 37 39 0.0 0.0 165.0 0.0 3758.0 24.0 119.0 0.23724792408066425
41 37 40 0.0 0.0 0.0 0.0 90.0 0.0 0.0 0.6701771182383915
41 37 41 0.0 0.0 2.0 0.0 94.0 1.0 0.0 0.6682577565632457
41 37 42 0.0 0.0 2.0 0.0 65.0 1.0 0.0 0.6776379477250725
41 37 43 0.0 0.0 0.0 0.0 4.0 0.0 0.0 0.6989515726410384
41 38 36 0.0 0.0 0.0 0.0 17.0 0.0 0.0 0.6944444444444444
41 38 37 0.0 0.0 1.0 0.0 103.0 2.0 0.0 0.6663493574488338
41 38 38 0.0 0.0 341.0 0.0 7483.0 22.0 857.0 0.14268242967794534
41 38 39 0.0 0.0 142.0 0.0 3713.0 15.0 120.0 0.2397260273972602
41 38 40 0.0 0.0 114.0 0.0 3417.0 9.0 109.0 0.25348542458808615
41 38 41 0.0 2.0 121.0 31.0 2977.0 15.0 82.0 0.273704789833822
41 38 42 0.0 0.0 142.0 0.0 3548.0 19.0 118.0 0.2468700405572209
41 38 43 0.0 0.0 3.0 0.0 130.0 0.0 0.0 0.6563525550867322
41 38 44 0.0 0.0 0.0 0.0 2.0 0.0 0.0 0.6993006993006992
41 39 36 0.0 0.0 0.0 0.0 17.0 0.0 0.0 0.694100148735746
41 39 37 0.0 0.0 13.0 0.0 313.0 6.0 0.0 0.6034482758620688
41 39 38 0.0 0.0 367.0 0.0 7614.0 24.0 888.0 0.14054813773717498
41 39 39 0.0 0.0 1062.0 2.0 12910.0 27.0 11200.0 0.08764790584110686
41 39 40 0.0 0.0 697.0 1.0 11490.0 30.0 4359.0 0.09868884816015788
41 39 41 0.0 0.0 1033.0 6.0 13096.0 33.0 10505.0 0.08678403173816017
41 39 42 0.0 0.0 454.0 0.0 9304.0 22.0 1964.0 0.11919965942954447
41 39 43 0.0 0.0 64.0 0.0 1485.0 12.0 16.0 0.3959276018099547
41 39 44 0.0 0.0 0.0 0.0 2.0 0.0 0.0 0.6993006993006992
41 40 36 0.0 0.0 2.0 0.0 41.0 0.0 0.0 0.6852667645619186
41 40 37 0.0 0.0 146.0 0.0 3260.0 13.0 86.0 0.25959577229742253
41 40 38 0.0 0.0 378.0 0.0 7621.0 20.0 813.0 0.14022435897435898
41 40 39 0.0 0.0 813.0 6.0 12322.0 34.0 6247.0 0.0925742246908682
41 40 40 0.0 0.0 563.0 12.0 10487.0 24.0 3067.0 0.10727147345031032
41 40 41 0.0 0.0 1163.0 7.0 12825.0 40.0 14699.0 0.08756019763587465
41 40 42 0.0 0.0 482.0 7.0 9507.0 20.0 1759.0 0.11684192956100815
41 40 43 0.0 0.0 5.0 0.0 258.0 1.0 0.0 0.6189213085764809
41 40 44 0.0 0.0 0.0 0.0 2.0 0.0 0.0 0.6993006993006992
41 41 36 0.0 0.0 22.0 0.0 335.0 7.0 0.0 0.5957446808510637
41 41 37 0.0 0.0 254.0 0.0 5510.0 25.0 345.0 0.1808785529715762
41 41 38 0.0 0.0 403.0 1.0 8030.0 18.0 1133.0 0.13430544896392937
41 41 39 0.0 0.0 1001.0 3.0 12962.0 36.0 8607.0 0.0877302920165434
41 41 40 0.0 0.0 920.0 9.0 12620.0 31.0 8834.0 0.09009588776626551
41 41 41 0.0 1.0 615.0 21.0 10980.0 19.0 3516.0 0.10286554004408523
41 41 42 0.0 0.0 85.0 10.0 2325.0 15.0 35.0 0.3178928247048138
41 41 43 0.0 0.0 13.0 0.0 328.0 4.0 1.0 0.5990586221651689
41 42 36 0.0 0.0 0.0 0.0 3.0 0.0 0.0 0.6989515726410384
41 42 37 0.0 0.0 0.0 0.0 33.0 0.0 0.0 0.6889763779527558
41 42 38 0.0 0.0 5.0 0.0 336.0 1.0 1.0 0.5982905982905982
41 42 39 0.0 0.0 128.0 0.0 2707.0 16.0 51.0 0.2906976744186046
41 42 40 0.0 0.0 269.0 8.0 5569.0 29.0 296.0 0.1790052422963815
41 42 41 0.0 0.0 84.0 11.0 2128.0 14.0 30.0 0.33262057495842234
41 42 42 0.0 0.0 148.0 2.0 3466.0 20.0 102.0 0.25004465083050537
41 42 43 0.0 0.0 33.0 0.0 493.0 9.0 0.0 0.5562177195073499
41 43 37 0.0 0.0 0.0 0.0 4.0 0.0 0.0 0.6986027944111775
41 43 38 0.0 0.0 0.0 0.0 17.0 0.0 0.0 0.694100148735746
41 43 39 0.0 0.0 4.0 0.0 93.0 1.0 0.0 0.6679389312977099
41 43 40 0.0 0.0 5.0 0.0 102.0 1.0 0.0 0.664767331433998
41 43 41 0.0 0.0 0.0 0.0 52.0 0.0 0.0 0.6822612085769979
41 43 42 0.0 0.0 0.0 0.0 5.0 0.0 0.0 0.6982543640897755
41 43 43 0.0 0.0 0.0 0.0 1.0 0.0 0.0 0.6996501749125437
41 44 40 0.0 0.0 0.0 0.0 1.0 0.0 0.0 0.6996501749125437
41 44 42 0.0 0.0 0.0 0.0 1.0 0.0 0.0 0.6996501749125437
42 36 38 0.0 0.0 0.0 0.0 2.0 0.0 0.0 0.6993006993006992
42 36 40 0.0 0.0 0.0 0.0 2.0 0.0 0.0 0.6993006993006992
42 37 37 0.0 0.0 0.0 0.0 19.0 0.0 0.0 0.6934125804853887
42 37 38 0.0 0.0 2.0 0.0 116.0 1.0 0.0 0.6613131790269249
42 37 39 0.0 0.0 39.0 0.0 1132.0 6.0 5.0 0.44233807266982617
42 37 40 0.0 0.0 4.0 0.0 168.0 1.0 0.0 0.64486411791801
42 37 41 0.0 0.0 0.0 0.0 4.0 0.0 0.0 0.6986027944111775
42 37 42 0.0 0.0 0.0 0.0 6.0 0.0 0.0 0.6979062811565303
42 37 43 0.0 0.0 0.0 0.0 4.0 0.0 0.0 0.6986027944111775
42 37 44 0.0 0.0 0.0 0.0 2.0 0.0 0.0 0.6993006993006992
42 38 37 0.0 0.0 4.0 0.0 88.0 1.0 0.0 0.669536107125777
42 38 38 0.0 0.0 323.0 0.0 6680.0 13.0 594.0 0.1556420233463035
42 38 39 0.0 0.0 441.0 0.0 8565.0 27.0 1444.0 0.1273421866472621
42 38 40 0.0 0.0 156.0 0.0 3441.0 21.0 85.0 0.25107604017216634
42 38 41 0.0 0.0 124.0 0.0 2848.0 22.0 60.0 0.28265697557036135
42 38 42 0.0 0.0 9.0 0.0 406.0 4.0 2.0 0.5806719203649937
42 38 43 0.0 0.0 14.0 0.0 314.0 2.0 0.0 0.6021505376344085
42 38 44 0.0 0.0 0.0 0.0 3.0 0.0 0.0 0.6989515726410384
42 39 36 0.0 0.0 0.0 0.0 2.0 0.0 0.0 0.6993006993006992
42 39 37 0.0 0.0 57.0 0.0 1472.0 16.0 14.0 0.39851978366068874
42 39 38 0.0 0.0 119.0 0.0 2770.0 12.0 53.0 0.28712059064807216
42 39 39 0.0 0.0 255.0 1.0 6185.0 18.0 525.0 0.16615238547353428
42 39 40 0.0 0.0 204.0 0.0 4683.0 21.0 221.0 0.20384391380314498
42 39 41 0.0 0.0 312.0 0.0 6732.0 21.0 608.0 0.15505593088935649
42 39 42 0.0 0.0 395.0 0.0 8803.0 19.0 1676.0 0.12516763522574875
42 39 43 0.0 0.0 164.0 0.0 3277.0 25.0 74.0 0.2584933530280649
42 39 44 0.0 0.0 0.0 0.0 2.0 0.0 0.0 0.6993006993006992
42 40 36 0.0 0.0 0.0 0.0 5.0 0.0 0.0 0.6982543640897755
42 40 37 0.0 0.0 53.0 0.0 1211.0 8.0 9.0 0.4299754299754299
42 40 38 0.0 0.0 638.0 0.0 10732.0 32.0 3033.0 0.10479826334306458
42 40 39 0.0 0.0 612.0 0.0 10500.0 21.0 2473.0 0.10681315327687495
42 40 40 0.0 0.0 679.0 0.0 11480.0 29.0 4898.0 0.0989679061218719
42 40 41 0.0 0.0 348.0 0.0 7071.0 19.0 689.0 0.14880952380952378
42 40 42 0.0 0.0 292.0 2.0 6543.0 23.0 573.0 0.15869417365676713
42 40 43 0.0 0.0 21.0 0.0 544.0 2.0 6.0 0.5462348809988293
42 40 44 0.0 0.0 0.0 0.0 1.0 0.0 0.0 0.6996501749125437
42 41 36 0.0 0.0 0.0 0.0 6.0 0.0 0.0 0.6979062811565303
42 41 37 0.0 0.0 5.0 0.0 133.0 1.0 0.0 0.6551240056153486
42 41 38 0.0 0.0 34.0 0.0 789.0 5.0 2.0 0.4968062455642299
42 41 39 0.0 0.0 320.0 0.0 7412.0 24.0 914.0 0.14413672397817356
42 41 40 0.0 0.0 200.0 0.0 4540.0 17.0 184.0 0.20817843866170999
42 41 41 0.0 0.0 597.0 0.0 10643.0 25.0 3309.0 0.1058761249338274
42 41 42 0.0 0.0 227.0 0.0 5240.0 25.0 293.0 0.18796992481203004
42 41 43 0.0 0.0 2.0 0.0 61.0 1.0 0.0 0.6789524733268669
42 41 44 0.0 0.0 0.0 0.0 1.0 0.0 0.0 0.6996501749125437
42 42 36 0.0 0.0 0.0 0.0 3.0 0.0 0.0 0.6989515726410384
42 42 37 0.0 0.0 0.0 0.0 17.0 0.0 0.0 0.694100148735746
42 42 38 0.0 0.0 67.0 0.0 2085.0 12.0 28.0 0.3381642512077294
42 42 39 0.0 0.0 173.0 0.0 4160.0 16.0 149.0 0.2215540433612913
42 42 40 0.0 0.0 414.0 0.0 8345.0 23.0 1402.0 0.13028103480364786
42 42 41 0.0 0.0 171.0 0.0 3872.0 16.0 122.0 0.232249502322495
42 42 42 0.0 0.0 116.0 0.0 2875.0 18.0 62.0 0.28152020912929815
42 42 43 0.0 0.0 0.0 0.0 28.0 0.0 0.0 0.690335305719921
42 42 44 0.0 0.0 0.0 0.0 1.0 0.0 0.0 0.6996501749125437
42 43 37 0.0 0.0 0.0 0.0 1.0 0.0 0.0 0.6996501749125437
42 43 38 0.0 0.0 0.0 0.0 3.0 0.0 0.0 0.6989515726410384
42 43 39 0.0 0.0 5.0 0.0 74.0 0.0 0.0 0.6734006734006733
42 43 40 0.0 0.0 1.0 0.0 75.0 0.0 0.0 0.6746987951807227
42 43 41 0.0 0.0 4.0 0.0 165.0 3.0 0.0 0.6463527239150507
42 43 42 0.0 0.0 0.0 0.0 4.0 0.0 0.0 0.6986027944111775
42 43 43 0.0 0.0 0.0 0.0 3.0 0.0 0.0 0.6989515726410384
43 37 37 0.0 0.0 0.0 0.0 4.0 0.0 0.0 0.6986027944111775
43 37 38 0.0 0.0 13.0 0.0 230.0 4.0 1.0 0.6252791424743188
43 37 39 0.0 0.0 0.0 0.0 16.0 0.0 0.0 0.6944444444444444
43 37 40 0.0 0.0 0.0 0.0 14.0 0.0 0.0 0.6951340615690167
43 37 41 0.0 0.0 0.0 0.0 2.0 0.0 0.0 0.6993006993006992
43 37 42 0.0 0.0 0.0 0.0 4.0 0.0 0.0 0.6986027944111775
43 38 37 0.0 0.0 2.0 0.0 48.0 0.0 0.0 0.6829268292682925
43 38 38 0.0 0.0 15.0 0.0 284.0 5.0 0.0 0.6102877070619005
43 38 39 0.0 0.0 57.0 0.0 1145.0 4.0 5.0 0.4377736085053157
43 38 40 0.0 0.0 3.0 0.0 88.0 0.0 0.0 0.6698564593301434
43 38 41 0.0 0.0 18.0 0.0 311.0 7.0 0.0 0.6029285099052539
43 38 42 0.0 0.0 62.0 0.0 1453.0 8.0 4.0 0.3990877993158494
43 38 43 0.0 0.0 0.0 0.0 15.0 0.0 0.0 0.694789081885856
43 39 37 0.0 0.0 3.0 0.0 118.0 1.0 0.0 0.6603773584905659
43 39 38 0.0 0.0 7.0 0.0 294.0 4.0 1.0 0.6097560975609755
43 39 39 0.0 0.0 69.0 0.0 2031.0 13.0 25.0 0.3426333822809593
43 39 40 0.0 0.0 192.0 0.0 4295.0 21.0 157.0 0.21651716671821833
43 39 41 0.0 0.0 23.0 0.0 519.0 7.0 1.0 0.5522682445759368
43 39 42 0.0 0.0 19.0 0.0 471.0 3.0 2.0 0.5633802816901408
43 39 43 0.0 0.0 3.0 0.0 121.0 0.0 0.0 0.6594441827602449
43 39 44 0.0 0.0 0.0 0.0 6.0 0.0 0.0 0.6979062811565303
43 40 36 0.0 0.0 0.0 0.0 1.0 0.0 0.0 0.6996501749125437
43 40 37 0.0 0.0 23.0 0.0 411.0 10.0 1.0 0.5775577557755774
43 40 38 0.0 0.0 32.0 0.0 1109.0 10.0 18.0 0.44714148834238254
43 40 39 0.0 0.0 61.0 0.0 1487.0 8.0 12.0 0.3955919751342187
43 40 40 0.0 0.0 63.0 0.0 1883.0 12.0 25.0 0.3558718861209964
43 40 41 0.0 0.0 36.0 0.0 947.0 8.0 4.0 0.47058823529411764
43 40 42 0.0 0.0 12.0 0.0 373.0 2.0 0.0 0.5874947545111203
43 40 43 0.0 0.0 87.0 0.0 1910.0 11.0 19.0 0.3512293025589563
43 41 36 0.0 0.0 0.0 0.0 1.0 0.0 0.0 0.6996501749125437
43 41 37 0.0 0.0 1.0 0.0 31.0 2.0 0.0 0.689655172413793
43 41 38 0.0 0.0 4.0 0.0 217.0 1.0 0.0 0.6306306306306305
43 41 39 0.0 0.0 111.0 0.0 2797.0 13.0 60.0 0.28606456885982834
43 41 40 0.0 0.0 101.0 0.0 2462.0 13.0 37.0 0.30769230769230765
43 41 41 0.0 0.0 65.0 0.0 1633.0 7.0 19.0 0.37930100243836357
43 41 42 0.0 0.0 10.0 0.0 249.0 1.0 0.0 0.6200177147918511
43 41 43 0.0 0.0 0.0 0.0 17.0 0.0 0.0 0.6944444444444444
43 42 38 0.0 0.0 0.0 0.0 18.0 0.0 0.0 0.6937561942517343
43 42 39 0.0 0.0 0.0 0.0 42.0 0.0 0.0 0.6856023506366307
43 42 40 0.0 0.0 36.0 0.0 1036.0 9.0 5.0 0.45706823375775374
43 42 41 0.0 0.0 1.0 0.0 65.0 0.0 0.0 0.6776379477250725
43 42 42 0.0 0.0 1.0 0.0 42.0 0.0 0.0 0.6852667645619186
43 42 43 0.0 0.0 0.0 0.0 2.0 0.0 0.0 0.6993006993006992
43 43 37 0.0 0.0 0.0 0.0 1.0 0.0 0.0 0.6996501749125437
43 43 38 0.0 0.0 0.0 0.0 5.0 0.0 0.0 0.6982543640897755
43 43 39 0.0 0.0 0.0 0.0 28.0 0.0 0.0 0.690335305719921
43 43 40 0.0 0.0 0.0 0.0 15.0 0.0 0.0 0.694789081885856
43 43 41 0.0 0.0 1.0 0.0 45.0 0.0 0.0 0.6845965770171147
43 43 42 0.0 0.0 0.0 0.0 1.0 0.0 0.0 0.6996501749125437
43 43 43 0.0 0.0 0.0 0.0 2.0 0.0 0.0 0.6993006993006992
44 37 39 0.0 0.0 0.0 0.0 1.0 0.0 0.0 0.6996501749125437
44 37 42 0.0 0.0 0.0 0.0 1.0 0.0 0.0 0.6996501749125437
44 38 38 0.0 0.0 0.0 0.0 1.0 0.0 0.0 0.6996501749125437
44 38 39 0.0 0.0 0.0 0.0 9.0 0.0 0.0 0.6968641114982577
44 38 40 0.0 0.0 43.0 0.0 903.0 6.0 4.0 0.47619047619047605
44 38 41 0.0 0.0 0.0 0.0 1.0 0.0 0.0 0.6996501749125437
44 39 39 0.0 0.0 0.0 0.0 2.0 0.0 0.0 0.6993006993006992
44 39 40 0.0 0.0 0.0 0.0 7.0 0.0 0.0 0.6975585450921773
44 39 41 0.0 0.0 0.0 0.0 8.0 0.0 0.0 0.697211155378486
44 39 43 0.0 0.0 0.0 0.0 1.0 0.0 0.0 0.6996501749125437
44 40 38 0.0 0.0 0.0 0.0 4.0 0.0 0.0 0.6986027944111775
44 40 39 0.0 0.0 0.0 0.0 3.0 0.0 0.0 0.6989515726410384
44 40 40 0.0 0.0 31.0 0.0 590.0 11.0 1.0 0.5363984674329502
44 40 41 0.0 0.0 0.0 0.0 2.0 0.0 0.0 0.6993006993006992
44 40 43 0.0 0.0 0.0 0.0 2.0 0.0 0.0 0.6993006993006992
44 41 38 0.0 0.0 0.0 0.0 4.0 0.0 0.0 0.6986027944111775
44 41 39 0.0 0.0 0.0 0.0 6.0 0.0 0.0 0.6979062811565303
44 41 40 0.0 0.0 0.0 0.0 1.0 0.0 0.0 0.6996501749125437
44 41 41 0.0 0.0 0.0 0.0 4.0 0.0 0.0 0.6986027944111775
44 41 42 0.0 0.0 0.0 0.0 2.0 0.0 0.0 0.6993006993006992
44 41 44 0.0 0.0 0.0 0.0 1.0 0.0 0.0 0.6996501749125437
44 42 39 0.0 0.0 7.0 0.0 301.0 1.0 1.0 0.6068487212830515
44 42 40 0.0 0.0 0.0 0.0 3.0 0.0 0.0 0.6989515726410384
44 42 41 0.0 0.0 0.0 0.0 2.0 0.0 0.0 0.6993006993006992
45 38 41 0.0 0.0 1.0 0.0 50.0 0.0 0.0 0.68259385665529
