32 43 39 0.0 0.0 0.0 0.0 1.0 0.0 0.0 0.6996501749125437
32 43 41 0.0 0.0 0.0 0.0 1.0 0.0 0.0 0.6996501749125437
32 44 38 0.0 0.0 0.0 0.0 1.0 0.0 0.0 0.6996501749125437
33 39 37 0.0 0.0 0.0 0.0 11.0 0.0 0.0 0.6961710591745399
33 39 38 0.0 0.0 0.0 0.0 6.0 0.0 0.0 0.6979062811565303
33 39 39 0.0 0.0 0.0 0.0 25.0 0.0 0.0 0.6913580246913579
33 39 40 0.0 0.0 0.0 0.0 1.0 0.0 0.0 0.6996501749125437
33 39 41 0.0 0.0 0.0 0.0 1.0 0.0 0.0 0.6996501749125437
33 40 37 0.0 0.0 6.0 0.0 129.0 3.0 0.0 0.6566604127579737
33 40 38 0.0 0.0 0.0 0.0 27.0 1.0 0.0 0.6913580246913579
33 40 39 0.0 0.0 0.0 0.0 4.0 0.0 0.0 0.6986027944111775
33 40 40 0.0 0.0 0.0 0.0 4.0 0.0 0.0 0.6986027944111775
33 40 41 0.0 0.0 0.0 0.0 2.0 0.0 0.0 0.6993006993006992
33 41 37 0.0 0.0 0.0 0.0 10.0 0.0 0.0 0.6965174129353233
33 41 38 0.0 0.0 0.0 0.0 25.0 0.0 0.0 0.6916996047430829
33 41 39 0.0 0.0 0.0 0.0 18.0 0.0 0.0 0.6937561942517343
33 41 40 0.0 0.0 0.0 0.0 9.0 0.0 0.0 0.6968641114982577
33 42 37 0.0 0.0 0.0 0.0 12.0 0.0 0.0 0.6958250497017892
33 42 38 0.0 0.0 26.0 0.0 679.0 3.0 1.0 0.5181347150259067
33 42 39 0.0 0.0 1.0 0.0 35.0 0.0 0.0 0.6876227897838899
33 42 40 0.0 0.0 0.0 0.0 5.0 0.0 0.0 0.6982543640897755
33 43 37 0.0 0.0 0.0 0.0 3.0 0.0 0.0 0.6989515726410384
33 43 38 0.0 0.0 2.0 0.0 53.0 0.0 0.0 0.6812652068126519
33 43 39 0.0 0.0 47.0 0.0 1379.0 6.0 8.0 0.40911747516072466
33 43 40 0.0 0.0 32.0 0.0 694.0 7.0 1.0 0.514895182052225
33 44 39 0.0 0.0 2.0 0.0 16.0 0.0 0.0 0.6937561942517343
34 35 39 0.0 0.0 0.0 0.0 2.0 0.0 0.0 0.6993006993006992
34 35 40 0.0 0.0 0.0 0.0 5.0 0.0 0.0 0.6982543640897755
34 35 41 0.0 0.0 0.0 0.0 1.0 0.0 0.0 0.6996501749125437
34 36 37 0.0 0.0 0.0 0.0 1.0 0.0 0.0 0.6996501749125437
34 36 39 0.0 0.0 0.0 0.0 1.0 0.0 0.0 0.6996501749125437
34 36 40 0.0 0.0 0.0 0.0 1.0 0.0 0.0 0.6996501749125437
34 36 41 0.0 0.0 0.0 0.0 2.0 0.0 0.0 0.6993006993006992
34 37 36 0.0 0.0 4.0 0.0 129.0 2.0 0.0 0.6569685593618019
34 37 37 0.0 0.0 0.0 0.0 8.0 0.0 0.0 0.697211155378486
34 37 38 0.0 0.0 0.0 0.0 11.0 0.0 0.0 0.6961710591745399
34 37 39 0.0 0.0 0.0 0.0 3.0 0.0 0.0 0.6989515726410384
34 37 40 0.0 0.0 0.0 0.0 2.0 0.0 0.0 0.6993006993006992
34 37 41 0.0 0.0 0.0 0.0 3.0 0.0 0.0 0.6989515726410384
34 37 42 0.0 0.0 3.0 0.0 87.0 1.0 0.0 0.6701771182383915
34 37 43 0.0 0.0 0.0 0.0 2.0 0.0 0.0 0.6993006993006992
34 38 36 0.0 0.0 0.0 0.0 19.0 1.0 0.0 0.6937561942517343
34 38 37 0.0 0.0 0.0 0.0 24.0 0.0 0.0 0.6916996047430829
34 38 38 0.0 0.0 39.0 0.0 967.0 9.0 4.0 0.46744574290484137
34 38 39 0.0 0.0 0.0 0.0 13.0 0.0 0.0 0.695479384003974
34 38 40 0.0 0.0 5.0 0.0 192.0 3.0 0.0 0.6381039197812214
34 38 41 0.0 0.0 0.0 0.0 13.0 0.0 0.0 0.695479384003974
34 38 42 0.0 0.0 3.0 0.0 38.0 1.0 0.0 0.6862745098039215
34 38 43 0.0 0.0 0.0 0.0 3.0 0.0 0.0 0.6993006993006992
34 38 44 0.0 0.0 0.0 0.0 2.0 0.0 0.0 0.6993006993006992
34 39 36 0.0 0.0 39.0 0.0 698.0 10.0 0.0 0.5133846718005133
34 39 37 0.0 0.0 10.0 0.0 303.0 5.0 1.0 0.606585788561525
34 39 38 0.0 0.0 5.0 0.0 321.0 3.0 0.0 0.6026689625484287
34 39 39 0.0 0.0 13.0 0.0 466.0 4.0 0.0 0.5656565656565656
34 39 40 0.0 0.0 2.0 0.0 77.0 0.0 0.0 0.6734006734006733
34 39 41 0.0 0.0 0.0 0.0 27.0 1.0 0.0 0.6910167818361302
34 39 42 0.0 0.0 3.0 0.0 81.0 0.0 0.0 0.6717850287907868
34 39 43 0.0 0.0 0.0 0.0 2.0 0.0 0.0 0.6993006993006992
34 40 36 0.0 0.0 1.0 0.0 3.0 0.0 0.0 0.6986027944111775
34 40 37 0.0 0.0 48.0 0.0 982.0 11.0 5.0 0.4640371229698375
34 40 38 0.0 0.0 310.0 0.0 6780.0 31.0 590.0 0.1544401544401544
34 40 39 0.0 0.0 161.0 0.0 3248.0 13.0 92.0 0.2594514455151964
34 40 40 0.0 0.0 50.0 0.0 1157.0 9.0 7.0 0.4377736085053157
34 40 41 0.0 0.0 7.0 0.0 151.0 3.0 0.0 0.6496519721577725
34 40 42 0.0 0.0 5.0 0.0 166.0 3.0 0.0 0.6457564575645756
34 40 43 0.0 0.0 0.0 0.0 10.0 0.0 0.0 0.6965174129353233
34 40 44 0.0 0.0 0.0 0.0 4.0 0.0 0.0 0.6986027944111775
34 41 36 0.0 0.0 0.0 0.0 1.0 0.0 0.0 0.6996501749125437
34 41 37 0.0 0.0 0.0 0.0 37.0 0.0 0.0 0.6872852233676975
34 41 38 0.0 0.0 2.0 0.0 196.0 0.0 1.0 0.6369426751592355
34 41 39 0.0 0.0 139.0 0.0 2677.0 25.0 38.0 0.2922145689835107
34 41 40 0.0 0.0 15.0 0.0 433.0 3.0 1.0 0.5728314238952537
34 41 41 0.0 0.0 0.0 0.0 24.0 0.0 0.0 0.6920415224913494
34 41 42 0.0 0.0 0.0 0.0 20.0 0.0 0.0 0.6930693069306929
34 41 43 0.0 0.0 0.0 0.0 10.0 0.0 0.0 0.6965174129353233
34 41 44 0.0 0.0 0.0 0.0 8.0 0.0 0.0 0.697211155378486
34 41 45 0.0 0.0 0.0 0.0 9.0 0.0 0.0 0.6968641114982577
34 42 37 0.0 0.0 1.0 0.0 21.0 1.0 0.0 0.6927263730826323
34 42 38 0.0 0.0 266.0 0.0 5804.0 22.0 430.0 0.1738698460009935
34 42 39 0.0 0.0 289.0 0.0 6554.0 24.0 575.0 0.15864022662889515
34 42 40 0.0 0.0 20.0 0.0 402.0 5.0 0.0 0.5792304509722795
34 42 41 0.0 0.0 0.0 0.0 31.0 0.0 0.0 0.6893156080748399
34 42 42 0.0 0.0 2.0 0.0 47.0 2.0 0.0 0.6839276990718123
34 42 43 0.0 0.0 1.0 0.0 13.0 0.0 0.0 0.6951340615690167
34 42 44 0.0 0.0 0.0 0.0 6.0 0.0 0.0 0.6979062811565303
34 42 45 0.0 0.0 0.0 0.0 3.0 0.0 0.0 0.6989515726410384
34 43 36 0.0 0.0 0.0 0.0 1.0 0.0 0.0 0.6996501749125437
34 43 37 0.0 0.0 4.0 0.0 53.0 0.0 0.0 0.6806028196402526
34 43 38 0.0 0.0 0.0 0.0 20.0 1.0 0.0 0.6934125804853887
34 43 39 0.0 0.0 0.0 0.0 36.0 0.0 0.0 0.6876227897838899
34 43 40 0.0 0.0 1.0 0.0 57.0 1.0 0.0 0.6806028196402526
34 43 41 0.0 0.0 4.0 0.0 40.0 0.0 0.0 0.684931506849315
34 43 42 0.0 0.0 1.0 0.0 22.0 0.0 0.0 0.6920415224913494
34 43 43 0.0 0.0 3.0 0.0 38.0 1.0 0.0 0.6862745098039215
34 44 39 0.0 0.0 0.0 0.0 4.0 0.0 0.0 0.6986027944111775
34 44 40 0.0 0.0 0.0 0.0 2.0 0.0 0.0 0.6993006993006992
34 44 41 0.0 0.0 2.0 0.0 58.0 0.0 0.0 0.6796116504854368
34 44 42 0.0 0.0 0.0 0.0 9.0 0.0 0.0 0.6968641114982577
34 44 43 0.0 0.0 0.0 0.0 2.0 0.0 0.0 0.6993006993006992
35 35 36 0.0 0.0 0.0 0.0 3.0 0.0 0.0 0.6989515726410384
35 35 37 0.0 0.0 0.0 0.0 8.0 0.0 0.0 0.697211155378486
35 35 38 0.0 0.0 0.0 0.0 3.0 0.0 0.0 0.6989515726410384
35 35 40 0.0 0.0 0.0 0.0 1.0 0.0 0.0 0.6996501749125437
35 35 42 0.0 0.0 0.0 0.0 1.0 0.0 0.0 0.6996501749125437
35 36 36 0.0 0.0 0.0 0.0 21.0 0.0 0.0 0.6927263730826323
35 36 37 0.0 0.0 0.0 0.0 14.0 0.0 0.0 0.6951340615690167
35 36 38 0.0 0.0 1.0 0.0 39.0 1.0 0.0 0.6866110838646394
35 36 39 0.0 0.0 1.0 0.0 52.0 2.0 0.0 0.68259385665529
35 36 40 0.0 0.0 93.0 0.0 2237.0 11.0 26.0 0.3241491085899513
35 36 41 0.0 0.0 2.0 0.0 61.0 0.0 0.0 0.6786233640329616
35 36 42 0.0 0.0 0.0 0.0 32.0 0.0 0.0 0.6889763779527558
35 37 36 0.0 0.0 0.0 0.0 14.0 0.0 0.0 0.6951340615690167
35 37 37 0.0 0.0 0.0 0.0 48.0 0.0 0.0 0.6835937499999999
35 37 38 0.0 0.0 56.0 0.0 1278.0 8.0 10.0 0.4209260372820204
35 37 39 0.0 0.0 17.0 0.0 516.0 6.0 1.0 0.5540166204986148
35 37 40 0.0 0.0 10.0 0.0 321.0 3.0 0.0 0.6013745704467354
35 37 41 0.0 0.0 11.0 0.0 368.0 7.0 0.0 0.5902192242833051
35 37 42 0.0 0.0 1.0 0.0 101.0 1.0 1.0 0.6663493574488338
35 37 43 0.0 0.0 2.0 0.0 40.0 0.0 0.0 0.6856023506366307
35 37 44 0.0 0.0 0.0 0.0 4.0 0.0 0.0 0.6986027944111775
35 38 35 0.0 0.0 0.0 0.0 2.0 0.0 0.0 0.6993006993006992
35 38 36 0.0 0.0 0.0 0.0 27.0 0.0 0.0 0.6906758756783422
35 38 37 0.0 0.0 316.0 0.0 5925.0 21.0 343.0 0.17021276595744678
35 38 38 0.0 0.0 22.0 0.0 664.0 6.0 2.0 0.5223880597014925
35 38 39 0.0 0.0 22.0 0.0 730.0 6.0 9.0 0.5100182149362477
35 38 40 0.0 0.0 89.0 0.0 1745.0 15.0 11.0 0.36658811207122277
35 38 41 0.0 0.0 126.0 0.0 3147.0 20.0 58.0 0.26656511805026656
35 38 42 0.0 0.0 124.0 0.0 2714.0 14.0 48.0 0.2901554404145077
35 38 43 0.0 0.0 81.0 0.0 1686.0 10.0 12.0 0.3726377428799573
35 38 44 0.0 0.0 0.0 0.0 15.0 0.0 0.0 0.694789081885856
35 39 36 0.0 0.0 0.0 0.0 31.0 1.0 0.0 0.6899950714637751
35 39 37 0.0 0.0 199.0 0.0 3816.0 21.0 111.0 0.23348899266177447
35 39 38 0.0 0.0 375.0 0.0 7857.0 21.0 1069.0 0.13699970642920048
35 39 39 0.0 0.0 240.0 0.0 5126.0 23.0 274.0 0.19057990743261632
35 39 40 0.0 0.0 231.0 0.0 5229.0 29.0 297.0 0.1883492533297457
35 39 41 0.0 0.0 106.0 0.0 2560.0 22.0 42.0 0.30146425495262696
35 39 42 0.0 0.0 148.0 0.0 3448.0 19.0 102.0 0.2510310202617894
35 39 43 0.0 0.0 113.0 0.0 2467.0 12.0 31.0 0.30641278179032605
35 39 44 0.0 0.0 17.0 0.0 779.0 4.0 4.0 0.5014326647564469
35 39 45 0.0 0.0 0.0 0.0 1.0 0.0 0.0 0.6996501749125437
35 40 36 0.0 0.0 0.0 0.0 15.0 0.0 0.0 0.694789081885856
35 40 37 0.0 0.0 86.0 0.0 2409.0 14.0 35.0 0.31249999999999994
35 40 38 0.0 0.0 281.0 0.0 6979.0 23.0 794.0 0.15154795410261962
35 40 39 0.0 0.0 644.0 0.0 11247.0 31.0 4183.0 0.10088635872306694
35 40 40 0.0 0.0 190.0 0.0 4819.0 23.0 257.0 0.20040080160320636
35 40 41 0.0 0.0 95.0 0.0 2657.0 11.0 63.0 0.295483326298016
35 40 42 0.0 0.0 161.0 0.0 4166.0 16.0 174.0 0.22176461270394424
35 40 43 0.0 0.0 21.0 0.0 749.0 9.0 5.0 0.5070626584570807
35 40 44 0.0 0.0 26.0 0.0 1031.0 7.0 4.0 0.45901639344262285
35 40 45 0.0 0.0 1.0 0.0 7.0 1.0 0.0 0.6975585450921773
35 41 36 0.0 0.0 8.0 0.0 191.0 3.0 0.0 0.6375227686703095
35 41 37 0.0 0.0 2.0 0.0 204.0 0.0 0.0 0.6346328195829555
35 41 38 0.0 0.0 232.0 0.0 4860.0 18.0 236.0 0.19785189372526849
35 41 39 0.0 0.0 590.0 0.0 10752.0 26.0 3505.0 0.10500262506562663
35 41 40 0.0 0.0 180.0 0.0 4347.0 18.0 153.0 0.21511985248924398
35 41 41 0.0 0.0 186.0 0.0 3509.0 25.0 69.0 0.24682651622002816
35 41 42 0.0 0.0 114.0 0.0 2893.0 10.0 62.0 0.28016810086051624
35 41 43 0.0 0.0 47.0 0.0 1211.0 6.0 8.0 0.43090181594336713
35 41 44 0.0 0.0 233.0 0.0 5421.0 25.0 321.0 0.18336607727570395
35 41 45 0.0 0.0 3.0 0.0 64.0 2.0 0.0 0.6779661016949151
35 42 36 0.0 0.0 1.0 0.0 20.0 0.0 0.0 0.6927263730826323
35 42 37 0.0 0.0 56.0 0.0 1043.0 10.0 3.0 0.4532211071544188
35 42 38 0.0 0.0 54.0 0.0 1149.0 7.0 6.0 0.4380475594493116
35 42 39 0.0 0.0 276.0 0.0 5665.0 15.0 350.0 0.1765002521432173
35 42 40 0.0 0.0 261.0 0.0 5862.0 15.0 395.0 0.1726051041795093
35 42 41 0.0 0.0 206.0 0.0 4827.0 18.0 218.0 0.19940179461615154
35 42 42 0.0 0.0 70.0 0.0 1642.0 10.0 14.0 0.37817396002160986
35 42 43 0.0 0.0 7.0 0.0 338.0 3.0 2.0 0.5985463873450192
35 42 44 0.0 0.0 14.0 0.0 239.0 3.0 0.0 0.6227758007117437
35 42 45 0.0 0.0 0.0 0.0 9.0 1.0 0.0 0.697211155378486
35 43 37 0.0 0.0 2.0 0.0 14.0 1.0 0.0 0.694789081885856
35 43 38 0.0 0.0 16.0 0.0 420.0 3.0 0.0 0.5754212905877516
35 43 39 0.0 0.0 1.0 0.0 101.0 1.0 0.0 0.6663493574488338
35 43 40 0.0 0.0 88.0 0.0 2171.0 19.0 28.0 0.33003300330033
35 43 41 0.0 0.0 165.0 0.0 3658.0 11.0 105.0 0.24075666380051589
35 43 42 0.0 0.0 222.0 0.0 5518.0 19.0 359.0 0.18125323666494042
35 43 43 0.0 0.0 13.0 0.0 395.0 3.0 0.0 0.582120582120582
35 43 44 0.0 0.0 3.0 0.0 96.0 2.0 0.0 0.6676204101096804
35 43 45 0.0 0.0 0.0 0.0 3.0 0.0 0.0 0.6989515726410384
35 44 37 0.0 0.0 0.0 0.0 3.0 0.0 0.0 0.6989515726410384
35 44 38 0.0 0.0 11.0 0.0 242.0 3.0 0.0 0.6222222222222221
35 44 39 0.0 0.0 0.0 0.0 41.0 0.0 0.0 0.6859382655560998
35 44 40 0.0 0.0 0.0 0.0 27.0 0.0 0.0 0.6906758756783422
35 44 41 0.0 0.0 28.0 0.0 495.0 6.0 1.0 0.5564387917329093
35 44 42 0.0 0.0 16.0 0.0 462.0 4.0 1.0 0.5661140315406388
35 44 43 0.0 0.0 0.0 0.0 14.0 0.0 0.0 0.6951340615690167
35 44 44 0.0 0.0 0.0 0.0 6.0 0.0 0.0 0.6979062811565303
35 44 45 0.0 0.0 0.0 0.0 2.0 0.0 0.0 0.6993006993006992
35 45 37 0.0 0.0 0.0 0.0 1.0 0.0 0.0 0.6996501749125437
35 45 40 0.0 0.0 0.0 0.0 5.0 0.0 0.0 0.6982543640897755
35 45 41 0.0 0.0 0.0 0.0 7.0 0.0 0.0 0.6975585450921773
35 45 42 0.0 0.0 0.0 0.0 1.0 0.0 0.0 0.0
35 46 38 0.0 0.0 0.0 0.0 1.0 0.0 0.0 0.6996501749125437
35 46 39 0.0 0.0 1.0 0.0 33.0 0.0 0.0 0.6882989183874139
36 34 37 0.0 0.0 0.0 0.0 1.0 0.0 0.0 0.6996501749125437
36 35 36 0.0 0.0 0.0 0.0 10.0 0.0 0.0 0.6965174129353233
36 35 37 0.0 0.0 0.0 0.0 22.0 0.0 0.0 0.6923837784371908
36 35 38 0.0 0.0 10.0 0.0 270.0 1.0 0.0 0.6143045195261079
36 35 39 0.0 0.0 0.0 0.0 34.0 0.0 0.0 0.6882989183874139
36 35 40 0.0 0.0 0.0 0.0 32.0 0.0 0.0 0.6889763779527558
36 35 41 0.0 0.0 0.0 0.0 23.0 0.0 0.0 0.6920415224913494
36 35 42 0.0 0.0 0.0 0.0 16.0 0.0 0.0 0.6944444444444444
36 35 43 0.0 0.0 0.0 0.0 2.0 0.0 0.0 0.6993006993006992
36 36 36 0.0 0.0 1.0 0.0 39.0 1.0 0.0 0.6866110838646394
36 36 37 0.0 0.0 319.0 0.0 6490.0 34.0 560.0 0.15948963317384365
36 36 38 0.0 0.0 9.0 0.0 410.0 1.0 0.0 0.5794701986754967
36 36 39 0.0 0.0 12.0 0.0 519.0 6.0 2.0 0.5544554455445544
36 36 40 0.0 0.0 119.0 0.0 2584.0 15.0 36.0 0.29863481228668937
36 36 41 0.0 0.0 15.0 0.0 579.0 3.0 1.0 0.5405405405405405
36 36 42 0.0 0.0 18.0 0.0 434.0 5.0 0.0 0.5721291377196566
36 36 43 0.0 0.0 0.0 0.0 39.0 0.0 0.0 0.6866110838646394
36 37 36 0.0 0.0 3.0 0.0 168.0 3.0 0.0 0.6457564575645756
36 37 37 0.0 0.0 235.0 0.0 4701.0 14.0 186.0 0.20219526285384168
36 37 38 0.0 0.0 128.0 0.0 3173.0 11.0 67.0 0.2646002646002646
36 37 39 0.0 0.0 482.0 0.0 8990.0 31.0 1628.0 0.12229210342417889
36 37 40 0.0 0.0 454.0 0.0 8933.0 20.0 1581.0 0.12297962052002809
36 37 41 0.0 0.0 432.0 0.0 8892.0 27.0 1662.0 0.1238499646142958
36 37 42 0.0 0.0 44.0 0.0 1582.0 6.0 19.0 0.38674033149171266
36 37 43 0.0 0.0 1.0 0.0 130.0 0.0 0.0 0.6569685593618019
36 37 44 0.0 0.0 0.0 0.0 13.0 0.0 0.0 0.695479384003974
36 37 45 0.0 0.0 0.0 0.0 1.0 0.0 0.0 0.6996501749125437
36 38 36 0.0 0.0 93.0 0.0 2362.0 12.0 34.0 0.3151024082826918
36 38 37 0.0 0.0 28.0 0.0 976.0 9.0 12.0 0.46744574290484137
36 38 38 0.0 0.0 340.0 0.0 7351.0 17.0 811.0 0.1446430416365327
36 38 39 0.0 0.0 463.0 0.0 9155.0 22.0 1673.0 0.120627261761158
36 38 40 0.0 0.0 597.0 0.0 10660.0 33.0 2969.0 0.10570026425066062
36 38 41 0.0 0.0 361.0 0.0 7703.0 21.0 924.0 0.1392896229230922
36 38 42 0.0 0.0 289.0 0.0 6255.0 20.0 476.0 0.16408813877168307
36 38 43 0.0 0.0 31.0 0.0 1199.0 5.0 8.0 0.4341085271317829
36 38 44 0.0 0.0 63.0 0.0 1706.0 10.0 18.0 0.3724394785847299
36 38 45 0.0 0.0 0.0 0.0 13.0 0.0 0.0 0.695479384003974
36 39 35 0.0 0.0 0.0 0.0 10.0 0.0 0.0 0.6965174129353233
36 39 36 0.0 0.0 9.0 0.0 263.0 2.0 0.0 0.6172839506172839
36 39 37 0.0 0.0 298.0 0.0 6352.0 21.0 495.0 0.16214964095436646
36 39 38 0.0 0.0 619.0 0.0 11247.0 23.0 4444.0 0.10106114199090449
36 39 39 0.0 0.0 696.0 0.0 11602.0 37.0 4323.0 0.09803921568627451
36 39 40 0.0 0.0 526.0 0.0 10098.0 20.0 2616.0 0.11098779134295225
36 39 41 0.0 0.0 379.0 0.0 6944.0 28.0 600.0 0.15055382299171954
36 39 42 0.0 0.0 803.0 0.0 12224.0 29.0 5630.0 0.09319664492078285
36 39 43 0.0 0.0 270.0 0.0 5639.0 24.0 359.0 0.17755231452124284
36 39 44 0.0 0.0 100.0 0.0 2981.0 11.0 69.0 0.2761341222879684
36 39 45 0.0 0.0 11.0 0.0 194.0 4.0 0.0 0.6360745115856428
36 39 46 0.0 0.0 0.0 0.0 2.0 0.0 0.0 0.6993006993006992
36 40 35 0.0 0.0 0.0 0.0 16.0 0.0 0.0 0.6944444444444444
36 40 36 0.0 0.0 1.0 0.0 91.0 0.0 0.0 0.6692160611854684
36 40 37 0.0 0.0 208.0 0.0 4565.0 20.0 215.0 0.20719254106852153
36 40 38 0.0 0.0 555.0 0.0 10592.0 24.0 2978.0 0.10653679324252338
36 40 39 0.0 0.0 891.0 0.0 12612.0 33.0 8889.0 0.09034589571502322
36 40 40 0.0 0.0 693.0 0.0 11485.0 25.0 3925.0 0.09881422924901184
36 40 41 0.0 0.0 421.0 0.0 8914.0 21.0 1670.0 0.12358757062146891
36 40 42 0.0 0.0 262.0 0.0 6004.0 18.0 505.0 0.1697792869269949
36 40 43 0.0 0.0 529.0 0.0 9846.0 28.0 2512.0 0.11325944502871935
36 40 44 0.0 0.0 86.0 0.0 2248.0 12.0 35.0 0.32392410920869963
36 40 45 0.0 0.0 9.0 0.0 359.0 2.0 1.0 0.5917159763313609
36 41 36 0.0 0.0 43.0 0.0 952.0 7.0 4.0 0.46854082998661306
36 41 37 0.0 0.0 192.0 0.0 4843.0 16.0 239.0 0.19948703334283271
36 41 38 0.0 0.0 612.0 0.0 10726.0 29.0 3073.0 0.1051287827588796
36 41 39 0.0 0.0 699.0 0.0 11789.0 22.0 5444.0 0.09664503658704955
36 41 40 0.0 0.0 494.0 0.0 9813.0 22.0 2268.0 0.11389521640091115
36 41 41 0.0 0.0 903.0 0.0 12783.0 41.0 7546.0 0.08939403614073174
36 41 42 0.0 0.0 853.0 0.0 12588.0 28.0 6980.0 0.09068532193289285
36 41 43 0.0 0.0 410.0 0.0 8075.0 19.0 1189.0 0.13370260720084037
36 41 44 0.0 0.0 44.0 0.0 1475.0 4.0 12.0 0.3982930298719772
36 41 45 0.0 0.0 12.0 0.0 221.0 6.0 1.0 0.6286484059272563
36 41 46 0.0 0.0 0.0 0.0 1.0 0.0 0.0 0.6996501749125437
36 42 36 0.0 0.0 7.0 0.0 92.0 0.0 0.0 0.6669842782277274
36 42 37 0.0 0.0 45.0 0.0 1222.0 4.0 10.0 0.4291845493562231
36 42 38 0.0 0.0 137.0 0.0 3405.0 14.0 99.0 0.2532561505065123
36 42 39 0.0 0.0 368.0 0.0 8089.0 27.0 1133.0 0.13421531972006515
36 42 40 0.0 0.0 414.0 0.0 8670.0 13.0 1393.0 0.12633098718642843
36 42 41 0.0 0.0 530.0 0.0 9745.0 22.0 1975.0 0.11421112742698644
36 42 42 0.0 0.0 746.0 0.0 11877.0 26.0 5310.0 0.09580510504345445
36 42 43 0.0 0.0 387.0 0.0 7877.0 27.0 994.0 0.13666536509176103
36 42 44 0.0 0.0 93.0 0.0 2453.0 13.0 33.0 0.30884623869402156
36 42 45 0.0 0.0 2.0 0.0 49.0 0.0 0.0 0.68259385665529
36 43 36 0.0 0.0 0.0 0.0 12.0 0.0 0.0 0.6961710591745399
36 43 37 0.0 0.0 12.0 0.0 279.0 0.0 0.0 0.6113537117903929
36 43 38 0.0 0.0 23.0 0.0 680.0 5.0 0.0 0.5190952910641453
36 43 39 0.0 0.0 290.0 0.0 6653.0 25.0 633.0 0.15691548980049314
36 43 40 0.0 0.0 396.0 0.0 7507.0 24.0 828.0 0.14165739148031972
36 43 41 0.0 0.0 151.0 0.0 3756.0 13.0 149.0 0.23744911804613295
36 43 42 0.0 0.0 180.0 0.0 4317.0 14.0 177.0 0.21588280647648414
36 43 43 0.0 0.0 202.0 0.0 4160.0 15.0 141.0 0.22047244094488186
36 43 44 0.0 0.0 121.0 0.0 3124.0 19.0 88.0 0.2677888293802601
36 43 45 0.0 0.0 25.0 0.0 750.0 2.0 2.0 0.505050505050505
36 44 37 0.0 0.0 0.0 0.0 17.0 0.0 0.0 0.694100148735746
36 44 38 0.0 0.0 126.0 0.0 3121.0 15.0 82.0 0.2675329638830498
36 44 39 0.0 0.0 45.0 0.0 1341.0 9.0 15.0 0.41432376442734536
36 44 40 0.0 0.0 57.0 0.0 1381.0 7.0 14.0 0.4080443019527834
36 44 41 0.0 0.0 238.0 0.0 5173.0 24.0 286.0 0.18944519621109604
36 44 42 0.0 0.0 32.0 0.0 1175.0 5.0 6.0 0.4372267332916926
36 44 43 0.0 0.0 1.0 0.0 77.0 0.0 0.0 0.6737247353224253
36 44 44 0.0 0.0 0.0 0.0 22.0 0.0 0.0 0.6927263730826323
36 44 45 0.0 0.0 0.0 0.0 1.0 0.0 0.0 0.6996501749125437
36 45 37 0.0 0.0 0.0 0.0 2.0 0.0 0.0 0.6993006993006992
36 45 38 0.0 0.0 0.0 0.0 16.0 0.0 0.0 0.6944444444444444
36 45 39 0.0 0.0 108.0 0.0 2196.0 16.0 32.0 0.32641641408253663
36 45 40 0.0 0.0 6.0 0.0 118.0 3.0 0.0 0.66006600660066
36 45 41 0.0 0.0 33.0 0.0 482.0 10.0 1.0 0.558882235528942
36 45 42 0.0 0.0 0.0 0.0 9.0 0.0 0.0 0.6968641114982577
37 34 36 0.0 0.0 0.0 0.0 1.0 0.0 0.0 0.6996501749125437
37 34 38 0.0 0.0 0.0 0.0 2.0 0.0 0.0 0.6993006993006992
37 34 40 0.0 0.0 0.0 0.0 1.0 0.0 0.0 0.6996501749125437
37 35 35 0.0 0.0 0.0 0.0 1.0 0.0 0.0 0.6996501749125437
37 35 36 0.0 0.0 0.0 0.0 18.0 0.0 0.0 0.6937561942517343
37 35 37 0.0 0.0 4.0 0.0 59.0 0.0 0.0 0.6786233640329616
37 35 38 0.0 0.0 0.0 0.0 70.0 1.0 0.0 0.6766553890768486
37 35 39 0.0 0.0 14.0 0.0 344.0 8.0 0.0 0.5957446808510637
37 35 40 0.0 0.0 0.0 0.0 97.0 0.0 0.0 0.6679389312977099
37 35 41 0.0 0.0 15.0 0.0 310.0 4.0 1.0 0.6031882809133993
37 35 42 0.0 0.0 13.0 0.0 300.0 1.0 0.0 0.6055363321799306
37 35 43 0.0 0.0 0.0 0.0 2.0 0.0 0.0 0.6993006993006992
37 36 36 0.0 0.0 8.0 0.0 356.0 2.0 1.0 0.592718035563082
37 36 37 0.0 0.0 43.0 0.0 1291.0 12.0 10.0 0.42143287176399746
37 36 38 0.0 0.0 176.0 0.0 4056.0 15.0 138.0 0.22515278224509486
37 36 39 0.0 0.0 522.0 0.0 10077.0 27.0 2586.0 0.11124354390147
37 36 40 0.0 0.0 312.0 0.0 6577.0 15.0 509.0 0.1576399054160567
37 36 41 0.0 0.0 244.0 0.0 6188.0 18.0 540.0 0.16627078384798097
37 36 42 0.0 0.0 123.0 0.0 2761.0 11.0 40.0 0.28729735276010665
37 36 43 0.0 0.0 40.0 0.0 858.0 8.0 4.0 0.4844290657439445
37 36 44 0.0 0.0 0.0 0.0 18.0 0.0 0.0 0.6937561942517343
37 36 45 0.0 0.0 0.0 0.0 4.0 0.0 0.0 0.6986027944111775
37 37 35 0.0 0.0 8.0 0.0 162.0 1.0 0.0 0.6454587367450437
37 37 36 0.0 0.0 27.0 0.0 732.0 7.0 2.0 0.5089058524173027
37 37 37 0.0 0.0 660.0 0.0 11217.0 24.0 3859.0 0.10097367472051928
37 37 38 0.0 0.0 678.0 0.0 11548.0 34.0 3843.0 0.09851523467736259
37 37 39 0.0 0.0 484.0 0.0 9294.0 27.0 1740.0 0.11899702507437313
37 37 40 0.0 0.0 944.0 0.0 12846.0 31.0 8463.0 0.08866932674646906
37 37 41 0.0 0.0 450.0 0.0 9181.0 29.0 1764.0 0.12060647829083389
37 37 42 0.0 0.0 631.0 0.0 11251.0 32.0 4094.0 0.10095183155465819
37 37 43 0.0 0.0 93.0 0.0 2281.0 17.0 37.0 0.3213957759412305
37 37 44 0.0 0.0 0.0 0.0 118.0 2.0 0.0 0.661625708884688
37 37 45 0.0 0.0 1.0 0.0 9.0 1.0 0.0 0.6968641114982577
37 37 46 0.0 0.0 0.0 0.0 1.0 0.0 0.0 0.6996501749125437
37 38 34 0.0 0.0 0.0 0.0 8.0 0.0 0.0 0.697211155378486
37 38 35 0.0 0.0 3.0 0.0 86.0 1.0 0.0 0.6704980842911876
37 38 36 0.0 0.0 83.0 0.0 2042.0 14.0 23.0 0.3405497445876915
37 38 37 0.0 0.0 426.0 0.0 8635.0 24.0 1406.0 0.12671976828385226
37 38 38 0.0 0.0 790.0 0.0 12203.0 28.0 5259.0 0.09345170549362525
37 38 39 0.0 0.0 1444.0 0.0 13201.0 42.0 18474.0 0.08412450426631413
37 38 40 0.0 0.0 1267.0 0.0 13472.0 31.0 14527.0 0.08357709987463434
37 38 41 0.0 0.0 1555.0 0.0 12973.0 35.0 21937.0 0.08463305525329463
37 38 42 0.0 0.0 653.0 0.0 11287.0 23.0 4070.0 0.10044482709140479
37 38 43 0.0 0.0 187.0 0.0 4667.0 18.0 210.0 0.20473822755191576
37 38 44 0.0 0.0 82.0 0.0 2253.0 10.0 44.0 0.32362459546925565
37 38 45 0.0 0.0 2.0 0.0 85.0 0.0 0.0 0.670819357930043
37 38 46 0.0 0.0 0.0 0.0 1.0 0.0 0.0 0.6996501749125437
37 39 34 0.0 0.0 0.0 0.0 7.0 0.0 0.0 0.6975585450921773
37 39 35 0.0 0.0 9.0 0.0 217.0 0.0 0.0 0.6292134831460673
37 39 36 0.0 0.0 279.0 0.0 5763.0 21.0 387.0 0.17443309244953897
37 39 37 0.0 0.0 503.0 0.0 9820.0 28.0 2193.0 0.11380263371809461
37 39 38 0.0 0.0 739.0 0.0 11963.0 26.0 5384.0 0.09525105456524696
37 39 39 0.0 0.0 1050.0 0.0 13188.0 40.0 10439.0 0.08629191321499012
37 39 40 0.0 0.0 1143.0 0.0 13461.0 24.0 11720.0 0.0842713537591043
37 39 41 0.0 0.0 898.0 0.0 13051.0 36.0 6753.0 0.08784038147822812
37 39 42 0.0 0.0 638.0 0.0 11322.0 20.0 4381.0 0.10032246506628448
37 39 43 0.0 0.0 931.0 0.0 12937.0 33.0 7886.0 0.08831693161746151
37 39 44 0.0 0.0 185.0 0.0 4319.0 13.0 157.0 0.2156168181118127
37 39 45 0.0 0.0 28.0 0.0 622.0 7.0 1.0 0.529701097237987
37 40 34 0.0 0.0 0.0 0.0 13.0 0.0 0.0 0.695479384003974
37 40 35 0.0 0.0 45.0 0.0 843.0 10.0 3.0 0.4864489228630993
37 40 36 0.0 0.0 150.0 0.0 3500.0 16.0 89.0 0.24849130280440182
37 40 37 0.0 0.0 400.0 0.0 7999.0 16.0 971.0 0.1348357892709236
37 40 38 0.0 0.0 910.0 0.0 12734.0 21.0 7150.0 0.08952551477170992
37 40 39 0.0 0.0 1778.0 0.0 12901.0 46.0 26325.0 0.08397312859884835
37 40 40 0.0 0.0 1237.0 0.0 13401.0 46.0 14361.0 0.08421052631578946
37 40 41 0.0 0.0 1217.0 0.0 13665.0 36.0 12515.0 0.08294821661334281
37 40 42 0.0 0.0 970.0 0.0 13034.0 28.0 9863.0 0.08747813046738315
37 40 43 0.0 0.0 594.0 0.0 11058.0 20.0 4139.0 0.10259416678880257
37 40 44 0.0 0.0 487.0 0.0 9747.0 19.0 2273.0 0.11446324912108574
37 40 45 0.0 0.0 10.0 0.0 249.0 1.0 0.0 0.6200177147918511
37 41 34 0.0 0.0 0.0 0.0 4.0 0.0 0.0 0.6986027944111775
37 41 35 0.0 0.0 1.0 0.0 32.0 0.0 0.0 0.6886374815543531
37 41 36 0.0 0.0 96.0 0.0 1922.0 21.0 23.0 0.35026269702276697
37 41 37 0.0 0.0 301.0 0.0 6754.0 21.0 673.0 0.15490152688647932
37 41 38 0.0 0.0 950.0 0.0 12774.0 25.0 9416.0 0.08906418983395889
37 41 39 0.0 0.0 1340.0 0.0 13531.0 34.0 15265.0 0.08296296296296296
37 41 40 0.0 0.0 1222.0 0.0 13402.0 42.0 14099.0 0.08424599831508003
37 41 41 0.0 0.0 1331.0 1.0 13434.0 34.0 17175.0 0.0834824090638044
37 41 42 0.0 0.0 1575.0 0.0 12618.0 31.0 25025.0 0.08641975308641973
37 41 43 0.0 0.0 527.0 0.0 10015.0 28.0 2221.0 0.11180322632167385
37 41 44 0.0 0.0 155.0 0.0 3561.0 16.0 77.0 0.24565713283032106
37 41 45 0.0 0.0 103.0 0.0 2237.0 12.0 33.0 0.3234003234003233
37 41 46 0.0 0.0 0.0 0.0 1.0 0.0 0.0 0.6996501749125437
37 42 34 0.0 0.0 0.0 0.0 1.0 0.0 0.0 0.6996501749125437
37 42 35 0.0 0.0 3.0 0.0 91.0 1.0 0.0 0.668896321070234
37 42 36 0.0 0.0 18.0 0.0 632.0 7.0 3.0 0.529701097237987
37 42 37 0.0 0.0 294.0 0.0 6705.0 22.0 552.0 0.1558152476349471
37 42 38 0.0 0.0 774.0 0.0 12362.0 28.0 6655.0 0.09250693802035151
37 42 39 0.0 0.0 903.0 0.0 12760.0 21.0 7607.0 0.08936550491510276
37 42 40 0.0 0.0 1065.0 0.0 12978.0 37.0 11691.0 0.08729812309035354
37 42 41 0.0 0.0 749.0 0.0 12074.0 26.0 4986.0 0.09446056271506645
37 42 42 0.0 0.0 810.0 0.0 12342.0 26.0 6712.0 0.0924397490921096
37 42 43 0.0 0.0 859.0 0.0 12557.0 23.0 7853.0 0.09080295758204694
37 42 44 0.0 0.0 375.0 0.0 7737.0 19.0 932.0 0.1386138613861386
37 42 45 0.0 0.0 1.0 0.0 81.0 0.0 0.0 0.6724303554274734
37 42 46 0.0 0.0 0.0 0.0 2.0 0.0 0.0 0.6993006993006992
37 43 35 0.0 0.0 0.0 0.0 9.0 0.0 0.0 0.6968641114982577
37 43 36 0.0 0.0 0.0 0.0 28.0 0.0 0.0 0.690335305719921
37 43 37 0.0 0.0 34.0 0.0 1227.0 13.0 7.0 0.4310344827586206
37 43 38 0.0 0.0 438.0 0.0 9096.0 22.0 1780.0 0.12149613815846566
37 43 39 0.0 0.0 689.0 0.0 11303.0 29.0 3327.0 0.10012873694750392
37 43 40 0.0 0.0 524.0 0.0 10008.0 28.0 2324.0 0.11189258312020459
37 43 41 0.0 0.0 857.0 0.0 12600.0 24.0 8085.0 0.09052699644358228
37 43 42 0.0 0.0 309.0 0.0 7406.0 26.0 876.0 0.14444903012794055
37 43 43 0.0 0.0 464.0 0.0 8589.0 28.0 1309.0 0.12693807235470123
37 43 44 0.0 0.0 51.0 0.0 1398.0 12.0 12.0 0.40721349621873176
37 43 45 0.0 0.0 2.0 0.0 102.0 0.0 0.0 0.6653992395437262
37 44 36 0.0 0.0 0.0 0.0 9.0 0.0 0.0 0.6968641114982577
37 44 37 0.0 0.0 0.0 0.0 56.0 0.0 0.0 0.6812652068126519
37 44 38 0.0 0.0 29.0 0.0 835.0 9.0 1.0 0.49053959355290816
37 44 39 0.0 0.0 530.0 0.0 9971.0 19.0 2361.0 0.11204481792717084
37 44 40 0.0 0.0 92.0 0.0 2477.0 11.0 50.0 0.30715225976305394
37 44 41 0.0 0.0 202.0 0.0 4684.0 18.0 218.0 0.20375491194877016
37 44 42 0.0 0.0 26.0 0.0 963.0 7.0 5.0 0.469641060046964
37 44 43 0.0 0.0 50.0 0.0 1254.0 12.0 11.0 0.4251442453689644
37 44 44 0.0 0.0 43.0 0.0 828.0 12.0 2.0 0.48968170689052104
37 44 45 0.0 0.0 14.0 0.0 534.0 6.0 2.0 0.5507474429583004
37 45 36 0.0 0.0 0.0 0.0 2.0 0.0 0.0 0.6993006993006992
37 45 37 0.0 0.0 0.0 0.0 3.0 0.0 0.0 0.6989515726410384
37 45 38 0.0 0.0 0.0 0.0 48.0 0.0 0.0 0.6839276990718123
37 45 39 0.0 0.0 45.0 0.0 1279.0 9.0 8.0 0.42219541616405304
37 45 40 0.0 0.0 29.0 0.0 620.0 6.0 1.0 0.529701097237987
37 45 41 0.0 0.0 0.0 0.0 61.0 0.0 0.0 0.6792819019893255
37 45 42 0.0 0.0 0.0 0.0 21.0 0.0 0.0 0.6934125804853887
37 45 43 0.0 0.0 0.0 0.0 11.0 0.0 0.0 0.6961710591745399
37 45 44 0.0 0.0 0.0 0.0 1.0 0.0 0.0 0.6996501749125437
37 46 39 0.0 0.0 0.0 0.0 1.0 0.0 0.0 0.6996501749125437
37 46 40 0.0 0.0 0.0 0.0 8.0 0.0 0.0 0.697211155378486
38 34 38 0.0 0.0 1.0 0.0 24.0 0.0 0.0 0.6913580246913579
38 34 39 0.0 0.0 0.0 0.0 3.0 0.0 0.0 0.6989515726410384
38 34 40 0.0 0.0 1.0 0.0 9.0 1.0 0.0 0.6968641114982577
38 34 41 0.0 0.0 0.0 0.0 3.0 0.0 0.0 0.6989515726410384
38 34 42 0.0 0.0 0.0 0.0 2.0 0.0 0.0 0.6993006993006992
38 35 34 0.0 0.0 0.0 0.0 1.0 0.0 0.0 0.6996501749125437
38 35 35 0.0 0.0 71.0 0.0 1671.0 10.0 13.0 0.37513397642015
38 35 36 0.0 0.0 1.0 0.0 20.0 0.0 0.0 0.6927263730826323
38 35 37 0.0 0.0 0.0 0.0 43.0 0.0 0.0 0.6856023506366307
38 35 38 0.0 0.0 11.0 0.0 184.0 4.0 0.0 0.6389776357827475
38 35 39 0.0 0.0 88.0 0.0 2424.0 12.0 25.0 0.3110419906687402
38 35 40 0.0 0.0 33.0 0.0 1031.0 14.0 4.0 0.4591669399803214
38 35 41 0.0 0.0 40.0 0.0 1071.0 8.0 4.0 0.4513217279174725
38 35 42 0.0 0.0 29.0 0.0 700.0 5.0 2.0 0.513950073421439
38 35 43 0.0 0.0 0.0 0.0 19.0 0.0 0.0 0.6934125804853887
38 35 44 0.0 0.0 0.0 0.0 1.0 0.0 0.0 0.6996501749125437
38 35 45 0.0 0.0 0.0 0.0 1.0 0.0 0.0 0.6996501749125437
38 36 34 0.0 0.0 0.0 0.0 4.0 0.0 0.0 0.6986027944111775
38 36 35 0.0 0.0 0.0 0.0 41.0 0.0 0.0 0.6859382655560998
38 36 36 0.0 0.0 64.0 0.0 1779.0 8.0 23.0 0.3649635036496349
38 36 37 0.0 0.0 297.0 0.0 6189.0 18.0 492.0 0.16528925619834708
38 36 38 0.0 0.0 159.0 0.0 3556.0 18.0 96.0 0.24578651685393252
38 36 39 0.0 0.0 293.0 0.0 6085.0 24.0 442.0 0.16762452107279693
38 36 40 0.0 0.0 444.0 0.0 8710.0 22.0 1386.0 0.1256394148792964
38 36 41 0.0 0.0 397.0 0.0 8138.0 26.0 1104.0 0.13314312886352828
38 36 42 0.0 0.0 81.0 0.0 2350.0 16.0 42.0 0.31717263253285
38 36 43 0.0 0.0 8.0 0.0 299.0 0.0 0.0 0.6068487212830515
38 36 44 0.0 0.0 28.0 0.0 562.0 3.0 3.0 0.5413766434648105
38 36 45 0.0 0.0 0.0 0.0 3.0 0.0 0.0 0.6989515726410384
38 37 34 0.0 0.0 44.0 0.0 902.0 8.0 4.0 0.47651463580667114
38 37 35 0.0 0.0 9.0 0.0 247.0 1.0 0.0 0.6208425720620842
38 37 36 0.0 0.0 178.0 0.0 4259.0 14.0 188.0 0.21800062285892238
38 37 37 0.0 0.0 418.0 0.0 9143.0 18.0 1870.0 0.12118064571972646
38 37 38 0.0 0.0 600.0 0.0 11008.0 24.0 3518.0 0.10296388909318231
38 37 39 0.0 0.0 1065.0 0.0 13145.0 36.0 11481.0 0.08640908529811134
38 37 40 0.0 0.0 779.0 0.0 12407.0 21.0 5558.0 0.09212950776520136
38 37 41 0.0 0.0 768.0 0.0 12389.0 24.0 5833.0 0.09231174996703151
38 37 42 0.0 0.0 496.0 0.0 9770.0 22.0 2269.0 0.11426705843943843
38 37 43 0.0 0.0 403.0 0.0 8122.0 22.0 1092.0 0.13318112633181123
38 37 44 0.0 0.0 175.0 0.0 4227.0 22.0 158.0 0.21940134775113612
38 37 45 0.0 0.0 31.0 0.0 924.0 7.0 5.0 0.4748982360922659
38 37 46 0.0 0.0 0.0 0.0 1.0 0.0 0.0 0.6996501749125437
38 38 34 0.0 0.0 39.0 0.0 580.0 4.0 0.0 0.5353728489483747
38 38 35 0.0 0.0 18.0 0.0 640.0 7.0 1.0 0.5281026027913994
38 38 36 0.0 0.0 287.0 0.0 6480.0 18.0 515.0 0.159963436928702
38 38 37 0.0 0.0 634.0 0.0 10817.0 26.0 3073.0 0.1042054335690361
38 38 38 0.0 0.0 1549.0 0.0 12807.0 44.0 23353.0 0.08557457212713934
38 38 39 0.0 0.0 1568.0 0.0 13435.0 45.0 20492.0 0.08232872684504557
38 38 40 0.0 0.0 1263.0 0.0 13836.0 43.0 13283.0 0.0819384291232588
38 38 41 0.0 0.0 1624.0 0.0 12994.0 42.0 23915.0 0.08420039694472845
38 38 42 0.0 0.0 1165.0 0.0 13289.0 29.0 11997.0 0.08505467800729039
38 38 43 0.0 0.0 618.0 0.0 10980.0 24.0 3913.0 0.10294117647058822
38 38 44 0.0 0.0 231.0 0.0 4852.0 17.0 268.0 0.1981318992357769
38 38 45 0.0 0.0 47.0 0.0 922.0 13.0 5.0 0.47377326565143824
38 38 46 0.0 0.0 0.0 0.0 1.0 0.0 0.0 0.6996501749125437
38 39 34 0.0 0.0 17.0 0.0 407.0 3.0 0.0 0.5782734407269723
38 39 35 0.0 0.0 158.0 0.0 3704.0 17.0 107.0 0.23943902856165553
38 39 36 0.0 0.0 376.0 0.0 7541.0 24.0 739.0 0.14138557867097554
38 39 37 0.0 1.0 881.0 0.0 12650.0 33.0 7905.0 0.09015971148892322
38 39 38 0.0 0.0 1359.0 0.0 14055.0 47.0 13737.0 0.08044590013216112
38 39 39 0.0 0.0 2322.0 1.0 11268.0 43.0 43905.0 0.08962868117797694
38 39 40 0.0 0.0 2603.0 0.0 11142.0 59.0 48762.0 0.0888719608963372
38 39 41 0.0 0.0 1514.0 0.0 13601.0 40.0 19276.0 0.08180915093788348
38 39 42 0.0 0.0 1166.0 1.0 13455.0 44.0 10934.0 0.08430180044559522
38 39 43 0.0 0.0 540.0 0.0 10558.0 20.0 3012.0 0.1069600427840171
38 39 44 0.0 0.0 547.0 0.0 9924.0 23.0 2045.0 0.11237758869802535
38 39 45 0.0 0.0 51.0 0.0 903.0 12.0 5.0 0.4758667573079537
38 40 34 0.0 0.0 0.0 0.0 27.0 0.0 0.0 0.6906758756783422
38 40 35 0.0 0.0 299.0 0.0 6193.0 22.0 474.0 0.1651917404129793
38 40 36 0.0 0.0 416.0 0.0 8005.0 27.0 937.0 0.13456362937331795
38 40 37 0.0 0.0 590.0 0.0 10819.0 20.0 3258.0 0.10443085185737729
38 40 38 0.0 0.0 1501.0 1.0 13947.0 40.0 16231.0 0.08021083992208089
38 40 39 0.0 0.0 2358.0 1.0 12339.0 56.0 38679.0 0.08391273076000957
38 40 40 0.0 4.0 2343.0 10.0 12355.0 42.0 37294.0 0.08375209380234505
38 40 41 0.0 1.0 2283.0 4.0 12442.0 51.0 36422.0 0.08363201911589008
38 40 42 0.0 0.0 1625.0 3.0 13571.0 51.0 20907.0 0.0813953488372093
38 40 43 0.0 0.0 772.0 1.0 12260.0 23.0 5832.0 0.09314703925482366
38 40 44 0.0 0.0 191.0 0.0 4557.0 19.0 200.0 0.20811654526534856
38 40 45 0.0 0.0 23.0 0.0 726.0 7.0 1.0 0.5105762217359591
38 40 46 0.0 0.0 0.0 0.0 4.0 0.0 0.0 0.6986027944111775
38 41 34 0.0 0.0 0.0 0.0 12.0 0.0 0.0 0.6958250497017892
38 41 35 0.0 0.0 52.0 0.0 1615.0 11.0 15.0 0.3829321663019693
38 41 36 0.0 0.0 231.0 0.0 5715.0 22.0 341.0 0.1765893037336024
38 41 37 0.0 0.0 589.0 0.0 10717.0 23.0 3501.0 0.1053502897132967
38 41 38 0.0 0.0 996.0 6.0 13207.0 34.0 8059.0 0.08641441886303314
38 41 39 0.0 0.0 1973.0 0.0 12701.0 58.0 31015.0 0.08402352658744447
38 41 40 0.0 1.0 2540.0 4.0 11109.0 66.0 49037.0 0.08941116362242942
38 41 41 0.0 0.0 1959.0 5.0 13157.0 56.0 29162.0 0.08179481187193269
38 41 42 0.0 0.0 1444.0 2.0 13635.0 46.0 18277.0 0.08201042704000937
38 41 43 0.0 0.0 727.0 0.0 11766.0 29.0 4757.0 0.09665170866413529
38 41 44 0.0 0.0 319.0 0.0 7521.0 21.0 987.0 0.14258071086668703
38 41 45 0.0 0.0 111.0 0.0 2623.0 9.0 42.0 0.296359017781541
38 41 46 0.0 0.0 0.0 0.0 4.0 0.0 0.0 0.6986027944111775
38 42 34 0.0 0.0 0.0 0.0 4.0 0.0 0.0 0.6986027944111775
38 42 35 0.0 0.0 19.0 0.0 403.0 10.0 1.0 0.5806719203649937
38 42 36 0.0 0.0 219.0 0.0 5169.0 16.0 309.0 0.18985625169514508
38 42 37 0.0 0.0 321.0 0.0 6631.0 33.0 547.0 0.15693307925120498
38 42 38 0.0 0.0 689.0 3.0 11733.0 13.0 5194.0 0.0970873786407767
38 42 39 0.0 0.0 1721.0 0.0 13344.0 41.0 23557.0 0.08208255159474671
38 42 40 0.0 1.0 1855.0 6.0 12508.0 42.0 29492.0 0.08546486783468651
38 42 41 0.0 0.0 1703.0 2.0 13336.0 50.0 23167.0 0.0822126959891949
38 42 42 0.0 0.0 819.0 5.0 12459.0 28.0 5512.0 0.09164702801780569
38 42 43 0.0 0.0 693.0 0.0 11635.0 29.0 3983.0 0.09782684648172733
38 42 44 0.0 0.0 330.0 0.0 7526.0 24.0 1088.0 0.14227642276422764
38 42 45 0.0 0.0 93.0 0.0 2373.0 8.0 40.0 0.3140421713772992
38 42 46 0.0 0.0 2.0 0.0 20.0 0.0 0.0 0.6923837784371908
38 43 34 0.0 0.0 0.0 0.0 1.0 0.0 0.0 0.6996501749125437
38 43 35 0.0 0.0 0.0 0.0 12.0 0.0 0.0 0.6958250497017892
38 43 36 0.0 0.0 31.0 0.0 797.0 3.0 5.0 0.49557522123893794
38 43 37 0.0 0.0 279.0 0.0 5778.0 21.0 338.0 0.1741510138076875
38 43 38 0.0 0.0 363.0 0.0 8011.0 26.0 1062.0 0.13521344407958275
38 43 39 0.0 0.0 1123.0 0.0 12956.0 25.0 13039.0 0.08699975142928162
38 43 40 0.0 0.0 819.0 3.0 12379.0 29.0 7273.0 0.09208103130755063
38 43 41 0.0 3.0 629.0 7.0 11148.0 20.0 3531.0 0.10161126433444621
38 43 42 0.0 0.0 526.0 1.0 10118.0 27.0 2311.0 0.11088230635197212
38 43 43 0.0 0.0 309.0 0.0 6678.0 12.0 605.0 0.15590200445434294
38 43 44 0.0 0.0 440.0 0.0 9245.0 19.0 1975.0 0.11994516792323508
38 43 45 0.0 0.0 22.0 0.0 496.0 9.0 2.0 0.5582137161084528
38 43 46 0.0 0.0 0.0 0.0 1.0 0.0 0.0 0.6996501749125437
38 44 34 0.0 0.0 0.0 0.0 1.0 0.0 0.0 0.6996501749125437
38 44 35 0.0 0.0 0.0 0.0 4.0 0.0 0.0 0.6986027944111775
38 44 36 0.0 0.0 52.0 0.0 1299.0 15.0 5.0 0.41966426858513184
38 44 37 0.0 0.0 169.0 0.0 3762.0 16.0 103.0 0.2366463826910074
38 44 38 0.0 0.0 216.0 0.0 4610.0 18.0 196.0 0.20548950535740493
38 44 39 0.0 0.0 137.0 0.0 3840.0 6.0 136.0 0.23450586264656614
38 44 40 0.0 0.0 560.0 0.0 10142.0 25.0 2405.0 0.11034917632221959
38 44 41 0.0 0.0 190.0 0.0 3768.0 18.0 91.0 0.23569023569023564
38 44 42 0.0 0.0 243.0 0.0 5689.0 21.0 370.0 0.17674536043428857
38 44 43 0.0 0.0 69.0 0.0 1693.0 12.0 27.0 0.3732338043188483
38 44 44 0.0 0.0 7.0 0.0 379.0 1.0 1.0 0.587248322147651
38 44 45 0.0 0.0 4.0 0.0 24.0 2.0 0.0 0.6910167818361302
38 45 36 0.0 0.0 0.0 0.0 2.0 0.0 0.0 0.6993006993006992
38 45 37 0.0 0.0 0.0 0.0 26.0 0.0 0.0 0.6910167818361302
38 45 38 0.0 0.0 27.0 0.0 858.0 11.0 5.0 0.48712595685455806
38 45 39 0.0 0.0 56.0 0.0 1417.0 8.0 10.0 0.404040404040404
38 45 40 0.0 0.0 5.0 0.0 180.0 2.0 0.0 0.6413192853870818
38 45 41 0.0 0.0 46.0 0.0 1137.0 6.0 5.0 0.4406672961913755
38 45 42 0.0 0.0 0.0 0.0 23.0 0.0 0.0 0.6920415224913494
38 45 43 0.0 0.0 0.0 0.0 29.0 0.0 0.0 0.6899950714637751
38 45 44 0.0 0.0 0.0 0.0 5.0 0.0 0.0 0.6982543640897755
38 46 39 0.0 0.0 0.0 0.0 1.0 0.0 0.0 0.6996501749125437
39 34 38 0.0 0.0 0.0 0.0 2.0 0.0 0.0 0.6993006993006992
39 34 39 0.0 0.0 0.0 0.0 5.0 0.0 0.0 0.6982543640897755
39 34 40 0.0 0.0 0.0 0.0 4.0 0.0 0.0 0.6986027944111775
39 34 41 0.0 0.0 1.0 0.0 30.0 0.0 0.0 0.6893156080748399
39 35 34 0.0 0.0 0.0 0.0 2.0 0.0 0.0 0.6993006993006992
39 35 35 0.0 0.0 0.0 0.0 23.0 0.0 0.0 0.6920415224913494
39 35 36 0.0 0.0 0.0 0.0 52.0 0.0 0.0 0.6822612085769979
39 35 37 0.0 0.0 8.0 0.0 236.0 0.0 0.0 0.623885918003565
39 35 38 0.0 0.0 7.0 0.0 272.0 2.0 0.0 0.6148440931049626
39 35 39 0.0 0.0 92.0 0.0 2845.0 11.0 50.0 0.28420625253755577
39 35 40 0.0 0.0 18.0 0.0 530.0 7.0 4.0 0.5513981882630956
39 35 41 0.0 0.0 140.0 0.0 3202.0 13.0 86.0 0.26261489401613203
39 35 42 0.0 0.0 11.0 0.0 199.0 2.0 0.0 0.6340579710144926
39 35 43 0.0 0.0 0.0 0.0 7.0 0.0 0.0 0.6975585450921773
39 35 44 0.0 0.0 0.0 0.0 1.0 0.0 0.0 0.0
39 36 34 0.0 0.0 0.0 0.0 7.0 0.0 0.0 0.6975585450921773
39 36 35 0.0 0.0 36.0 0.0 778.0 4.0 3.0 0.49839800640797427
39 36 36 0.0 0.0 252.0 0.0 5792.0 19.0 410.0 0.17432449259120902
39 36 37 0.0 0.0 184.0 0.0 4426.0 12.0 193.0 0.21208907741251323
39 36 38 0.0 0.0 385.0 0.0 7955.0 20.0 965.0 0.1355407106205828
39 36 39 0.0 0.0 337.0 0.0 7487.0 14.0 879.0 0.14269697278564875
39 36 40 0.0 0.0 680.0 0.0 11519.0 20.0 4993.0 0.09866102889358702
39 36 41 0.0 0.0 349.0 0.0 7771.0 24.0 983.0 0.1386001386001386
39 36 42 0.0 0.0 248.0 0.0 5921.0 16.0 446.0 0.17167381974248924
39 36 43 0.0 0.0 39.0 0.0 1119.0 7.0 5.0 0.44430339574738165
39 36 44 0.0 0.0 31.0 0.0 722.0 5.0 2.0 0.5098324836125272
39 36 45 0.0 0.0 15.0 0.0 276.0 3.0 0.0 0.6118881118881118
39 37 33 0.0 0.0 0.0 0.0 1.0 0.0 0.0 0.6996501749125437
39 37 34 0.0 0.0 0.0 0.0 19.0 0.0 0.0 0.6934125804853887
39 37 35 0.0 0.0 191.0 0.0 4226.0 20.0 148.0 0.21874999999999997
39 37 36 0.0 0.0 483.0 0.0 9763.0 36.0 2178.0 0.11455691023647818
39 37 37 0.0 0.0 732.0 0.0 12002.0 32.0 5826.0 0.0951216197852969
39 37 38 0.0 0.0 832.0 0.0 12651.0 35.0 7509.0 0.09046849757673665
39 37 39 0.0 0.0 916.0 0.0 12970.0 28.0 7813.0 0.08812791136850055
39 37 40 0.0 0.0 1442.0 0.0 13332.0 37.0 18842.0 0.08349236641221373
39 37 41 0.0 0.0 1321.0 0.0 13356.0 36.0 16032.0 0.08399328053755699
39 37 42 0.0 0.0 567.0 0.0 10653.0 19.0 2746.0 0.10598031794095382
39 37 43 0.0 0.0 647.0 0.0 11205.0 24.0 3760.0 0.10115606936416183
39 37 44 0.0 0.0 180.0 0.0 3922.0 13.0 124.0 0.22977186935827998
39 37 45 0.0 0.0 2.0 0.0 90.0 0.0 0.0 0.6692160611854684
39 38 33 0.0 0.0 0.0 0.0 3.0 0.0 0.0 0.6989515726410384
39 38 34 0.0 0.0 0.0 0.0 42.0 0.0 0.0 0.6856023506366307
39 38 35 0.0 0.0 317.0 0.0 6824.0 21.0 665.0 0.15342465753424656
39 38 36 0.0 0.0 610.0 0.0 11046.0 20.0 3701.0 0.10256410256410256
39 38 37 0.0 0.0 1071.0 0.0 12802.0 26.0 12570.0 0.08816676113105358
39 38 38 0.0 0.0 1463.0 0.0 13467.0 36.0 19131.0 0.0826153664581612
39 38 39 0.0 0.0 1654.0 0.0 13514.0 53.0 21262.0 0.08157557394243095
39 38 40 0.0 0.0 2399.0 1.0 11908.0 56.0 40645.0 0.0857948277975242
39 38 41 0.0 0.0 1424.0 1.0 13978.0 43.0 14723.0 0.08051529790660224
39 38 42 0.0 0.0 1420.0 0.0 13571.0 36.0 17735.0 0.082382017182535
39 38 43 0.0 0.0 586.0 0.0 10784.0 26.0 3341.0 0.10482180293501046
39 38 44 0.0 0.0 500.0 0.0 9721.0 18.0 2205.0 0.11466950610205584
39 38 45 0.0 0.0 0.0 0.0 148.0 0.0 0.0 0.6517690875232773
39 38 46 0.0 0.0 2.0 0.0 8.0 0.0 0.0 0.6965174129353233
39 39 34 0.0 0.0 0.0 0.0 75.0 0.0 0.0 0.6746987951807227
39 39 35 0.0 0.0 304.0 0.0 6721.0 22.0 610.0 0.15540015540015537
39 39 36 0.0 0.0 836.0 0.0 12580.0 24.0 6807.0 0.09081473793461338
39 39 37 0.0 0.0 1109.0 0.0 13296.0 25.0 11529.0 0.08529304252467405
39 39 38 0.0 0.0 1993.0 2.0 12726.0 45.0 31425.0 0.08361204013377925
39 39 39 2.0 1.0 2724.0 16.0 10862.0 61.0 53173.0 0.08968609865470852
39 39 40 0.0 4.0 3008.0 32.0 11443.0 62.0 53436.0 0.08488964346349745
39 39 41 0.0 5.0 2992.0 33.0 10285.0 63.0 60054.0 0.09137784739899484
39 39 42 1.0 0.0 1612.0 4.0 13935.0 44.0 18539.0 0.0797766254487435
39 39 43 0.0 0.0 796.0 0.0 12214.0 35.0 5512.0 0.0933831376734258
39 39 44 0.0 0.0 344.0 0.0 7258.0 24.0 831.0 0.1460767946577629
39 39 45 0.0 0.0 27.0 0.0 590.0 8.0 4.0 0.5366040628593329
39 39 46 0.0 0.0 0.0 0.0 11.0 0.0 0.0 0.6961710591745399
39 40 34 0.0 0.0 21.0 0.0 449.0 6.0 0.0 0.5684125050751115
39 40 35 0.0 0.0 182.0 0.0 4238.0 15.0 162.0 0.2186133666458463
39 40 36 0.0 0.0 718.0 0.0 11840.0 20.0 4905.0 0.09617366215566393
39 40 37 0.0 0.0 1406.0 1.0 13530.0 30.0 17059.0 0.08264462809917354
39 40 38 0.0 1.0 2039.0 14.0 12778.0 66.0 32440.0 0.08324909317952071
39 40 39 0.0 1.0 2969.0 6.0 11001.0 70.0 55747.0 0.08770281275449476
39 40 40 0.0 15.0 3273.0 53.0 8072.0 64.0 83501.0 0.1042985919690084
39 40 41 0.0 16.0 2842.0 127.0 12260.0 80.0 45002.0 0.08124891184493063
39 40 42 0.0 14.0 1374.0 136.0 13746.0 29.0 15153.0 0.08106073765271263
39 40 43 0.0 0.0 1181.0 0.0 13403.0 30.0 13773.0 0.08439327265055156
39 40 44 0.0 0.0 635.0 0.0 11173.0 34.0 4169.0 0.10155966630395356
39 40 45 0.0 0.0 35.0 0.0 1027.0 6.0 4.0 0.4582651391162029
39 40 46 0.0 0.0 1.0 0.0 21.0 0.0 0.0 0.6923837784371908
39 41 34 0.0 0.0 0.0 0.0 26.0 0.0 0.0 0.6910167818361302
39 41 35 0.0 0.0 167.0 0.0 3706.0 13.0 107.0 0.2388670875277256
39 41 36 0.0 0.0 439.0 0.0 9399.0 23.0 1959.0 0.11838322340605444
39 41 37 0.0 0.0 855.0 0.0 12578.0 33.0 8223.0 0.09080884737627293
39 41 38 0.0 0.0 1018.0 3.0 13326.0 25.0 9025.0 0.0856269113149847
39 41 39 1.0 2.0 2356.0 15.0 12252.0 62.0 39316.0 0.08419533317296125
39 41 40 1.0 12.0 2988.0 67.0 10344.0 63.0 61217.0 0.09076175040518637
39 41 41 0.0 8.0 2535.0 86.0 12095.0 56.0 41720.0 0.08370702541106127
39 41 42 0.0 15.0 1744.0 107.0 13009.0 43.0 25088.0 0.08298263292039594
39 41 43 0.0 0.0 1388.0 3.0 13230.0 38.0 18451.0 0.08422065812428561
39 41 44 0.0 0.0 337.0 0.0 7532.0 23.0 924.0 0.1421464108031272
39 41 45 0.0 0.0 30.0 0.0 955.0 5.0 1.0 0.4697986577181207
39 41 46 0.0 0.0 0.0 0.0 19.0 0.0 0.0 0.6934125804853887
39 42 34 0.0 0.0 0.0 0.0 4.0 0.0 0.0 0.6986027944111775
39 42 35 0.0 0.0 140.0 0.0 2796.0 16.0 41.0 0.28449502133712656
39 42 36 0.0 0.0 266.0 0.0 5793.0 19.0 388.0 0.1740860482467048
39 42 37 0.0 0.0 1061.0 0.0 12861.0 33.0 12130.0 0.08794522268986744
39 42 38 0.0 0.0 863.0 0.0 12515.0 29.0 7081.0 0.09112803488901906
39 42 39 0.0 14.0 1194.0 161.0 13822.0 32.0 10994.0 0.08146165483533106
39 42 40 0.0 3.0 1813.0 66.0 13619.0 39.0 24605.0 0.0799908581876357
39 42 41 0.0 17.0 1904.0 147.0 12498.0 61.0 29843.0 0.08457170472393379
39 42 42 0.0 4.0 915.0 57.0 12783.0 30.0 7696.0 0.08887760284408329
39 42 43 0.0 0.0 1005.0 0.0 13020.0 30.0 10918.0 0.08740712992445525
39 42 44 0.0 0.0 524.0 0.0 10206.0 24.0 2755.0 0.11009751494180559
39 42 45 0.0 0.0 9.0 0.0 353.0 1.0 0.0 0.5929690808979245
39 43 34 0.0 0.0 0.0 0.0 1.0 0.0 0.0 0.6996501749125437
39 43 35 0.0 0.0 0.0 0.0 40.0 0.0 0.0 0.6862745098039215
39 43 36 0.0 0.0 66.0 0.0 1771.0 10.0 17.0 0.36563071297989025
39 43 37 0.0 0.0 765.0 0.0 12059.0 33.0 5755.0 0.0944478175807866
39 43 38 0.0 0.0 667.0 0.0 11352.0 25.0 3897.0 0.10005717552887364
39 43 39 0.0 0.0 1004.0 5.0 13086.0 31.0 9394.0 0.0869403216791902
39 43 40 0.0 0.0 640.0 2.0 11120.0 18.0 3910.0 0.1017220082830778
39 43 41 0.0 0.0 861.0 0.0 12475.0 37.0 7349.0 0.09140767824497256
39 43 42 0.0 0.0 588.0 2.0 10834.0 16.0 3177.0 0.10429082240762812
39 43 43 0.0 0.0 491.0 0.0 9108.0 38.0 1615.0 0.12106537530266341
39 43 44 0.0 0.0 155.0 0.0 3716.0 13.0 113.0 0.23890784982935148
39 43 45 0.0 0.0 25.0 0.0 669.0 3.0 2.0 0.5202526941657376
39 43 46 0.0 0.0 0.0 0.0 1.0 0.0 0.0 0.6996501749125437
39 44 34 0.0 0.0 0.0 0.0 2.0 0.0 0.0 0.6993006993006992
39 44 35 0.0 0.0 53.0 0.0 957.0 8.0 0.0 0.4663557628247834
39 44 36 0.0 0.0 27.0 0.0 721.0 5.0 0.0 0.5103900838497994
39 44 37 0.0 0.0 193.0 0.0 4228.0 14.0 156.0 0.21847690387016228
39 44 38 0.0 0.0 247.0 0.0 6182.0 17.0 570.0 0.16638935108153075
39 44 39 0.0 0.0 314.0 0.0 6934.0 25.0 666.0 0.1517450682852807
39 44 40 0.0 0.0 369.0 0.0 7317.0 32.0 737.0 0.1448975367418754
39 44 41 0.0 0.0 290.0 0.0 6458.0 22.0 546.0 0.16036655211912942
39 44 42 0.0 0.0 258.0 0.0 5997.0 17.0 450.0 0.1699235344095157
39 44 43 0.0 0.0 222.0 0.0 4650.0 12.0 179.0 0.20405188747995914
39 44 44 0.0 0.0 14.0 0.0 410.0 4.0 1.0 0.5785123966942147
39 44 45 0.0 0.0 0.0 0.0 34.0 0.0 0.0 0.6882989183874139
39 45 35 0.0 0.0 0.0 0.0 2.0 0.0 0.0 0.6993006993006992
39 45 36 0.0 0.0 0.0 0.0 11.0 0.0 0.0 0.6961710591745399
39 45 37 0.0 0.0 1.0 0.0 40.0 1.0 0.0 0.6862745098039215
39 45 38 0.0 0.0 11.0 0.0 278.0 4.0 0.0 0.612691466083151
39 45 39 0.0 0.0 11.0 0.0 289.0 1.0 0.0 0.6089604175728577
39 45 40 0.0 0.0 22.0 0.0 487.0 6.0 1.0 0.5593288054334797
39 45 41 0.0 0.0 37.0 0.0 1084.0 11.0 1.0 0.4503055644901897
39 45 42 0.0 0.0 5.0 0.0 141.0 2.0 0.0 0.6529850746268656
39 45 43 0.0 0.0 0.0 0.0 12.0 0.0 0.0 0.6958250497017892
39 45 44 0.0 0.0 0.0 0.0 8.0 0.0 0.0 0.697211155378486
39 45 45 0.0 0.0 0.0 0.0 1.0 0.0 0.0 0.6996501749125437
39 46 37 0.0 0.0 0.0 0.0 2.0 0.0 0.0 0.6993006993006992
39 46 40 0.0 0.0 0.0 0.0 2.0 0.0 0.0 0.6993006993006992
39 46 41 0.0 0.0 0.0 0.0 1.0 0.0 0.0 0.6996501749125437
39 46 42 0.0 0.0 2.0 0.0 16.0 0.0 0.0 0.6937561942517343
40 34 37 0.0 0.0 0.0 0.0 1.0 0.0 0.0 0.6996501749125437
40 34 38 0.0 0.0 0.0 0.0 3.0 0.0 0.0 0.6989515726410384
40 34 39 0.0 0.0 8.0 0.0 162.0 2.0 0.0 0.6457564575645756
40 34 40 0.0 0.0 4.0 0.0 65.0 1.0 0.0 0.6769825918762088
40 34 41 0.0 0.0 0.0 0.0 16.0 0.0 0.0 0.6944444444444444
40 34 42 0.0 0.0 0.0 0.0 5.0 0.0 0.0 0.6982543640897755
40 35 35 0.0 0.0 1.0 0.0 58.0 0.0 0.0 0.6799417192812044
40 35 36 0.0 0.0 11.0 0.0 232.0 2.0 0.0 0.6247211066488174
40 35 37 0.0 0.0 18.0 0.0 462.0 11.0 2.0 0.5672609400324148
40 35 38 0.0 0.0 90.0 0.0 1705.0 11.0 12.0 0.36997885835095135
40 35 39 0.0 0.0 82.0 0.0 1957.0 8.0 28.0 0.3472222222222222
40 35 40 0.0 0.0 162.0 0.0 3594.0 18.0 101.0 0.24394493814253349
40 35 41 0.0 0.0 2.0 0.0 188.0 0.0 2.0 0.639269406392694
40 35 42 0.0 0.0 13.0 0.0 241.0 2.0 0.0 0.6216696269982237
40 35 43 0.0 0.0 0.0 0.0 7.0 0.0 0.0 0.6975585450921773
40 35 44 0.0 0.0 9.0 0.0 158.0 1.0 0.0 0.6463527239150507
40 36 34 0.0 0.0 0.0 0.0 8.0 0.0 0.0 0.697211155378486
40 36 35 0.0 0.0 51.0 0.0 1232.0 7.0 4.0 0.42735042735042733
40 36 36 0.0 0.0 447.0 0.0 8614.0 32.0 1352.0 0.12684606324182293
40 36 37 0.0 0.0 333.0 0.0 7155.0 17.0 709.0 0.14767932489451477
40 36 38 0.0 0.0 300.0 0.0 6815.0 24.0 706.0 0.1539815222173339
40 36 39 0.0 0.0 640.0 0.0 11396.0 21.0 4216.0 0.09976484001995296
40 36 40 0.0 0.0 306.0 0.0 6587.0 18.0 593.0 0.15771093838008335
40 36 41 0.0 0.0 519.0 0.0 9266.0 30.0 1567.0 0.11901725750233781
40 36 42 0.0 0.0 69.0 0.0 1931.0 12.0 22.0 0.35105315947843524
40 36 43 0.0 0.0 83.0 0.0 2367.0 10.0 40.0 0.31531531531531526
40 36 44 0.0 0.0 35.0 0.0 862.0 3.0 6.0 0.4835924006908462
40 36 45 0.0 0.0 0.0 0.0 6.0 0.0 0.0 0.6979062811565303
40 37 34 0.0 0.0 13.0 0.0 271.0 4.0 0.0 0.6143045195261079
40 37 35 0.0 0.0 68.0 0.0 1826.0 8.0 20.0 0.3603603603603603
40 37 36 0.0 0.0 724.0 0.0 11767.0 23.0 4828.0 0.09661169001449174
40 37 37 0.0 0.0 480.0 0.0 9505.0 24.0 2042.0 0.1169981614574628
40 37 38 0.0 0.0 970.0 0.0 13224.0 24.0 8939.0 0.08640908529811134
40 37 39 0.0 0.0 1194.0 0.0 13557.0 34.0 13516.0 0.0835571471202626
40 37 40 0.0 0.0 1125.0 0.0 13550.0 31.0 10283.0 0.0840134421507441
40 37 41 0.0 0.0 772.0 0.0 11907.0 16.0 4550.0 0.09536135140657992
40 37 42 0.0 0.0 689.0 1.0 11399.0 22.0 3562.0 0.09940357852882702
40 37 43 0.0 0.0 483.0 0.0 9589.0 22.0 2062.0 0.11599966857237548
40 37 44 0.0 0.0 44.0 0.0 1050.0 3.0 11.0 0.45292785506308625
40 37 45 0.0 0.0 46.0 0.0 1286.0 8.0 8.0 0.4213060487511284
40 37 46 0.0 0.0 0.0 0.0 1.0 0.0 0.0 0.6996501749125437
40 38 34 0.0 0.0 24.0 0.0 460.0 4.0 2.0 0.564516129032258
40 38 35 0.0 0.0 169.0 0.0 4168.0 14.0 182.0 0.2213438735177865
40 38 36 0.0 0.0 676.0 0.0 11647.0 22.0 3688.0 0.09779951100244498
40 38 37 0.0 0.0 1537.0 0.0 12853.0 51.0 22783.0 0.08542836221625578
40 38 38 0.0 0.0 2063.0 0.0 11543.0 49.0 39355.0 0.08970333824565899
40 38 39 0.0 1.0 2006.0 7.0 13054.0 46.0 30138.0 0.0819960173363008
40 38 40 0.0 0.0 2198.0 0.0 13411.0 63.0 30576.0 0.07950028392958546
40 38 41 0.0 0.0 2164.0 2.0 12762.0 57.0 33107.0 0.08266414737836561
40 38 42 0.0 0.0 1621.0 1.0 13713.0 39.0 20763.0 0.0807474910600992
40 38 43 0.0 0.0 772.0 1.0 12106.0 21.0 5039.0 0.09408602150537633
40 38 44 0.0 0.0 373.0 0.0 7479.0 28.0 835.0 0.14240667276980976
40 38 45 0.0 0.0 63.0 0.0 1459.0 12.0 12.0 0.39897406668566543
40 38 46 0.0 0.0 1.0 0.0 19.0 0.0 0.0 0.6930693069306929
40 39 34 0.0 0.0 2.0 0.0 96.0 1.0 0.0 0.6676204101096804
40 39 35 0.0 0.0 480.0 0.0 9035.0 26.0 1413.0 0.12178148921363952
40 39 36 0.0 0.0 782.0 0.0 12262.0 35.0 5055.0 0.0931408422593307
40 39 37 0.0 0.0 1462.0 0.0 13399.0 39.0 19223.0 0.08307619273676714
40 39 38 0.0 0.0 2296.0 0.0 12515.0 63.0 37499.0 0.08327880554398905
40 39 39 0.0 6.0 2964.0 29.0 10639.0 58.0 57548.0 0.08945686900958466
40 39 40 0.0 3.0 3081.0 20.0 11645.0 67.0 52402.0 0.0835571471202626
40 39 41 0.0 6.0 3011.0 43.0 11601.0 83.0 50382.0 0.08412450426631413
40 39 42 0.0 2.0 2368.0 7.0 12154.0 54.0 39222.0 0.08473550417624984
40 39 43 0.0 0.0 1177.0 0.0 13723.0 44.0 10557.0 0.0829138288421676
40 39 44 0.0 0.0 526.0 0.0 10179.0 24.0 2310.0 0.1103230890464933
40 39 45 0.0 0.0 245.0 0.0 5516.0 18.0 351.0 0.18069179143004646
40 39 46 0.0 0.0 2.0 0.0 34.0 1.0 0.0 0.6879606879606879
40 40 34 0.0 0.0 7.0 0.0 239.0 2.0 0.0 0.623885918003565
40 40 35 0.0 0.0 334.0 0.0 7324.0 18.0 898.0 0.14521315216263872
40 40 36 0.0 0.0 935.0 0.0 12737.0 30.0 8984.0 0.08938262146459809
40 40 37 0.0 0.0 1371.0 0.0 13231.0 50.0 18098.0 0.08439836026042921
40 40 38 0.0 0.0 2421.0 0.0 11613.0 55.0 43487.0 0.08727635434199861
40 40 39 0.0 19.0 3236.0 108.0 10418.0 69.0 62675.0 0.0887648998224702
40 40 40 6.0 85.0 2715.0 267.0 5580.0 48.0 107238.0 0.13106159895150718
40 40 41 0.0 10.0 3336.0 51.0 8748.0 80.0 77757.0 0.09902390720045268
40 40 42 0.0 18.0 2233.0 144.0 12559.0 45.0 35554.0 0.08248394508925941
40 40 43 0.0 1.0 1218.0 3.0 13361.0 29.0 14487.0 0.08436784379896348
40 40 44 0.0 0.0 289.0 0.0 6996.0 20.0 706.0 0.15102481121898595
40 40 45 0.0 0.0 179.0 0.0 3935.0 10.0 121.0 0.22932022932022927
40 40 46 0.0 0.0 4.0 0.0 97.0 1.0 0.0 0.6666666666666665
40 41 34 0.0 0.0 0.0 0.0 58.0 0.0 0.0 0.6802721088435373
40 41 35 0.0 0.0 314.0 0.0 6173.0 36.0 424.0 0.1655433368806905
40 41 36 0.0 0.0 552.0 0.0 10300.0 23.0 2641.0 0.10900031142946122
40 41 37 0.0 0.0 1096.0 0.0 13052.0 26.0 12463.0 0.08669804310131285
40 41 38 0.0 0.0 1833.0 2.0 13644.0 42.0 24747.0 0.08006405124099279
40 41 39 0.0 5.0 2688.0 27.0 12465.0 47.0 42055.0 0.08137642408742153
40 41 40 0.0 47.0 3013.0 225.0 11176.0 62.0 53203.0 0.08504434455108734
40 41 41 0.0 683.0 2358.0 4537.0 8683.0 36.0 48329.0 0.07659062311942666
40 41 42 0.0 10.0 2145.0 100.0 12125.0 65.0 36260.0 0.08543878921030147
40 41 43 0.0 0.0 754.0 2.0 12080.0 26.0 4485.0 0.09442870632672332
40 41 44 0.0 0.0 587.0 0.0 10831.0 24.0 3702.0 0.10439191708299157
40 41 45 0.0 0.0 64.0 0.0 1758.0 9.0 15.0 0.3671649619722003
40 41 46 0.0 0.0 0.0 0.0 6.0 0.0 0.0 0.6979062811565303
40 42 34 0.0 0.0 17.0 0.0 284.0 5.0 0.0 0.6097560975609755
40 42 35 0.0 0.0 54.0 0.0 1541.0 8.0 12.0 0.3901895206243032
40 42 36 0.0 0.0 230.0 0.0 5776.0 22.0 417.0 0.1753067868770348
40 42 37 0.0 0.0 576.0 0.0 10333.0 27.0 2368.0 0.10859447719515979
40 42 38 0.0 0.0 1653.0 0.0 13006.0 47.0 23607.0 0.08402856971370265
40 42 39 0.0 4.0 1621.0 29.0 13744.0 42.0 20528.0 0.08045052292839902
40 42 40 0.0 7.0 2467.0 45.0 12054.0 53.0 41464.0 0.08444417636769407
40 42 41 0.0 15.0 1623.0 196.0 13489.0 53.0 20533.0 0.08085475021657522
40 42 42 0.0 7.0 1036.0 157.0 13396.0 33.0 8228.0 0.08441362677117877
40 42 43 0.0 0.0 1183.0 0.0 13145.0 35.0 14714.0 0.08571603502112288
40 42 44 0.0 0.0 515.0 0.0 9985.0 29.0 2477.0 0.11212558065032836
40 42 45 0.0 0.0 24.0 0.0 629.0 4.0 1.0 0.5285013212533031
40 42 46 0.0 0.0 0.0 0.0 3.0 1.0 0.0 0.6993006993006992
40 43 34 0.0 0.0 0.0 0.0 3.0 0.0 0.0 0.6989515726410384
40 43 35 0.0 0.0 3.0 0.0 142.0 1.0 0.0 0.65359477124183
40 43 36 0.0 0.0 375.0 0.0 8089.0 26.0 1186.0 0.13398411331227866
40 43 37 0.0 0.0 415.0 0.0 8057.0 23.0 992.0 0.13398411331227866
40 43 38 0.0 0.0 1017.0 0.0 13023.0 33.0 9287.0 0.08729812309035354
40 43 39 0.0 0.0 916.0 0.0 12849.0 28.0 7318.0 0.08884940026654818
40 43 40 0.0 0.0 775.0 9.0 12044.0 28.0 4854.0 0.09450519778587821
40 43 41 0.0 0.0 1161.0 0.0 13235.0 39.0 14277.0 0.08547008547008546
40 43 42 0.0 0.0 772.0 2.0 12154.0 31.0 5533.0 0.09380234505862646
40 43 43 0.0 0.0 421.0 0.0 8482.0 28.0 1287.0 0.12867647058823528
40 43 44 0.0 0.0 463.0 0.0 9148.0 18.0 1700.0 0.12066885019824165
40 43 45 0.0 0.0 6.0 0.0 335.0 2.0 0.0 0.5985463873450192
40 43 46 0.0 0.0 0.0 0.0 2.0 0.0 0.0 0.6993006993006992
40 44 34 0.0 0.0 0.0 0.0 1.0 0.0 0.0 0.6996501749125437
40 44 35 0.0 0.0 0.0 0.0 40.0 0.0 0.0 0.6862745098039215
40 44 36 0.0 0.0 64.0 0.0 1822.0 14.0 22.0 0.36157024793388426
40 44 37 0.0 0.0 21.0 0.0 832.0 8.0 5.0 0.4922644163150492
40 44 38 0.0 0.0 283.0 0.0 5516.0 21.0 291.0 0.1799254594525125
40 44 39 0.0 0.0 289.0 0.0 5829.0 14.0 331.0 0.17271157167530224
40 44 40 0.0 0.0 323.0 0.0 7442.0 26.0 887.0 0.14370765756518167
40 44 41 0.0 0.0 440.0 1.0 8960.0 23.0 1635.0 0.12296881862099251
40 44 42 0.0 0.0 160.0 0.0 3842.0 21.0 129.0 0.23407456946998825
40 44 43 0.0 0.0 146.0 0.0 3157.0 19.0 61.0 0.26485054861899354
40 44 44 0.0 0.0 97.0 0.0 2229.0 8.0 29.0 0.3241491085899513
40 44 45 0.0 0.0 26.0 0.0 775.0 11.0 1.0 0.5017921146953404
40 44 46 0.0 0.0 0.0 0.0 1.0 0.0 0.0 0.6996501749125437
40 45 35 0.0 0.0 0.0 0.0 2.0 0.0 0.0 0.6993006993006992
40 45 36 0.0 0.0 0.0 0.0 11.0 0.0 0.0 0.6961710591745399
40 45 37 0.0 0.0 0.0 0.0 17.0 0.0 0.0 0.694100148735746
40 45 38 0.0 0.0 21.0 0.0 515.0 4.0 2.0 0.5529225908372827
40 45 39 0.0 0.0 8.0 0.0 146.0 3.0 0.0 0.6508600650860064
40 45 40 0.0 0.0 4.0 0.0 162.0 1.0 0.0 0.6466512702078521
40 45 41 0.0 0.0 57.0 0.0 1559.0 13.0 20.0 0.3885650846516791
40 45 42 0.0 0.0 42.0 0.0 1034.0 6.0 3.0 0.4563233376792698
40 45 43 0.0 0.0 4.0 0.0 62.0 0.0 0.0 0.6776379477250725
40 45 44 0.0 0.0 1.0 0.0 44.0 0.0 0.0 0.6845965770171147
40 45 45 0.0 0.0 0.0 0.0 1.0 0.0 0.0 0.6996501749125437
40 45 46 0.0 0.0 1.0 0.0 35.0 0.0 0.0 0.6876227897838899
40 46 38 0.0 0.0 3.0 0.0 80.0 1.0 0.0 0.6724303554274734
40 46 40 0.0 0.0 0.0 0.0 4.0 0.0 0.0 0.6986027944111775
40 46 41 0.0 0.0 0.0 0.0 2.0 0.0 0.0 0.6993006993006992
41 34 37 0.0 0.0 0.0 0.0 6.0 0.0 0.0 0.6979062811565303
41 34 38 0.0 0.0 0.0 0.0 3.0 0.0 0.0 0.6993006993006992
41 34 39 0.0 0.0 0.0 0.0 14.0 0.0 0.0 0.6951340615690167
41 34 40 0.0 0.0 0.0 0.0 16.0 0.0 0.0 0.6944444444444444
41 34 41 0.0 0.0 12.0 0.0 184.0 4.0 0.0 0.6386861313868613
41 35 35 0.0 0.0 1.0 0.0 45.0 0.0 0.0 0.6842619745845552
41 35 36 0.0 0.0 17.0 0.0 351.0 7.0 0.0 0.5929690808979245
41 35 37 0.0 0.0 31.0 0.0 878.0 6.0 3.0 0.4822597313124354
41 35 38 0.0 0.0 76.0 0.0 1776.0 11.0 28.0 0.364488414475397
41 35 39 0.0 0.0 19.0 0.0 671.0 5.0 1.0 0.5214152700186219
41 35 40 0.0 0.0 328.0 0.0 6699.0 23.0 576.0 0.15540015540015537
41 35 41 0.0 0.0 19.0 0.0 359.0 4.0 0.0 0.5899705014749261
41 35 42 0.0 0.0 30.0 0.0 613.0 7.0 2.0 0.5313092979127134
41 35 43 0.0 0.0 0.0 0.0 21.0 0.0 0.0 0.6927263730826323
41 35 44 0.0 0.0 0.0 0.0 20.0 0.0 0.0 0.6934125804853887
41 36 34 0.0 0.0 0.0 0.0 2.0 0.0 0.0 0.6993006993006992
41 36 35 0.0 0.0 15.0 0.0 357.0 5.0 0.0 0.5919661733615221
41 36 36 0.0 0.0 187.0 0.0 4686.0 20.0 262.0 0.20429009193054135
41 36 37 0.0 0.0 456.0 0.0 9252.0 37.0 1838.0 0.1198630136986301
41 36 38 0.0 0.0 268.0 0.0 6172.0 27.0 492.0 0.16631028747921117
41 36 39 0.0 0.0 541.0 0.0 9960.0 24.0 2149.0 0.11200896071685734
41 36 40 0.0 0.0 510.0 0.0 9383.0 23.0 1797.0 0.11789473684210525
41 36 41 0.0 0.0 266.0 0.0 5734.0 18.0 349.0 0.17528483786152496
41 36 42 0.0 0.0 142.0 0.0 3350.0 11.0 77.0 0.2554744525547445
41 36 43 0.0 0.0 247.0 0.0 5952.0 18.0 482.0 0.17108639863130878
41 36 44 0.0 0.0 0.0 0.0 77.0 0.0 0.0 0.6746987951807227
41 36 45 0.0 0.0 0.0 0.0 12.0 0.0 0.0 0.6958250497017892
41 37 33 0.0 0.0 0.0 0.0 2.0 0.0 0.0 0.6993006993006992
41 37 34 0.0 0.0 0.0 0.0 7.0 0.0 0.0 0.6975585450921773
41 37 35 0.0 0.0 55.0 0.0 1680.0 8.0 15.0 0.3757380568974771
41 37 36 0.0 0.0 574.0 0.0 10805.0 21.0 3767.0 0.10465724751439036
41 37 37 0.0 0.0 1258.0 0.0 13116.0 37.0 16410.0 0.08547008547008546
41 37 38 0.0 0.0 1069.0 0.0 13389.0 29.0 10052.0 0.08504951096531194
41 37 39 0.0 0.0 1507.0 0.0 13266.0 44.0 20937.0 0.08345255126371005
41 37 40 0.0 0.0 685.0 0.0 11663.0 18.0 4444.0 0.09763581839737777
41 37 41 0.0 0.0 998.0 1.0 13178.0 29.0 9173.0 0.08651588184402421
41 37 42 0.0 0.0 726.0 1.0 12042.0 23.0 6132.0 0.09478672985781988
41 37 43 0.0 0.0 452.0 0.0 8953.0 21.0 1484.0 0.12286090390522159
41 37 44 0.0 0.0 177.0 0.0 4078.0 21.0 134.0 0.22446689113355778
41 37 45 0.0 0.0 4.0 0.0 76.0 0.0 0.0 0.6730769230769229
41 37 46 0.0 0.0 0.0 0.0 5.0 0.0 0.0 0.6982543640897755
41 38 34 0.0 0.0 36.0 0.0 1088.0 4.0 8.0 0.4485741749439281
41 38 35 0.0 0.0 193.0 0.0 4040.0 20.0 138.0 0.22529771483746378
41 38 36 0.0 0.0 551.0 0.0 10086.0 22.0 2402.0 0.11093502377179079
41 38 37 0.0 0.0 777.0 0.0 12326.0 21.0 6541.0 0.09272137227630968
41 38 38 0.0 0.0 1831.0 0.0 12486.0 44.0 30264.0 0.0858000858000858
41 38 39 0.0 0.0 1571.0 1.0 13492.0 56.0 20671.0 0.08207292765857661
41 38 40 0.0 0.0 1552.0 1.0 13594.0 46.0 20210.0 0.08168981211343213
41 38 41 0.0 17.0 1626.0 219.0 13616.0 35.0 20139.0 0.08010986495765621
41 38 42 0.0 1.0 1548.0 5.0 13408.0 55.0 20445.0 0.08259099758126363
41 38 43 0.0 0.0 952.0 0.0 12876.0 35.0 8251.0 0.08851236011885943
41 38 44 0.0 0.0 277.0 0.0 6075.0 23.0 482.0 0.16798656107511395
41 38 45 0.0 0.0 21.0 0.0 617.0 3.0 1.0 0.5313092979127134
41 38 46 0.0 0.0 0.0 0.0 14.0 0.0 0.0 0.6951340615690167
41 39 34 0.0 0.0 1.0 0.0 69.0 0.0 0.0 0.6763285024154588
41 39 35 0.0 0.0 231.0 0.0 5177.0 15.0 318.0 0.18924033522573666
41 39 36 0.0 0.0 553.0 0.0 10339.0 25.0 2666.0 0.1086787765874864
41 39 37 0.0 0.0 1277.0 0.0 13813.0 38.0 12548.0 0.08191925102399063
41 39 38 0.0 1.0 2100.0 3.0 12769.0 59.0 33134.0 0.08301215535131928
41 39 39 0.0 0.0 2921.0 8.0 9524.0 79.0 66579.0 0.09695290858725761
41 39 40 0.0 3.0 2849.0 26.0 11412.0 66.0 51452.0 0.08593702044073413
41 39 41 0.0 0.0 3039.0 7.0 9674.0 56.0 66400.0 0.09496676163342829
41 39 42 0.0 0.0 2286.0 1.0 12201.0 48.0 37887.0 0.08488964346349745
41 39 43 0.0 0.0 1243.0 0.0 13484.0 33.0 14535.0 0.08367700675392982
41 39 44 0.0 0.0 604.0 0.0 10800.0 24.0 3296.0 0.1045010076882884
41 39 45 0.0 0.0 148.0 0.0 3160.0 10.0 66.0 0.26425066062665153
41 39 46 0.0 0.0 0.0 0.0 17.0 0.0 0.0 0.694100148735746
41 40 33 0.0 0.0 1.0 0.0 11.0 0.0 0.0 0.6958250497017892
41 40 34 0.0 0.0 32.0 0.0 903.0 6.0 5.0 0.4779788323659951
41 40 35 0.0 0.0 309.0 0.0 7209.0 20.0 802.0 0.1473218983478901
41 40 36 0.0 0.0 873.0 0.0 12742.0 39.0 7484.0 0.08976085144579084
41 40 37 0.0 0.0 1497.0 0.0 13365.0 48.0 19364.0 0.0831008488158129
41 40 38 0.0 0.0 2158.0 1.0 12844.0 50.0 33332.0 0.08236747661352002
41 40 39 0.0 0.0 3063.0 6.0 10756.0 65.0 57041.0 0.0884452587023817
41 40 40 0.0 7.0 2924.0 52.0 12069.0 63.0 47018.0 0.08213552361396302
41 40 41 0.0 13.0 3088.0 59.0 9032.0 70.0 73244.0 0.0986262768580486
41 40 42 0.0 5.0 2388.0 46.0 12218.0 51.0 39577.0 0.0840134421507441
41 40 43 0.0 0.0 951.0 1.0 12994.0 31.0 7534.0 0.08779080704834764
41 40 44 0.0 0.0 636.0 0.0 10921.0 23.0 3371.0 0.10335154289089028
41 40 45 0.0 0.0 43.0 0.0 1150.0 10.0 3.0 0.43997485857950963
41 40 46 0.0 0.0 0.0 0.0 4.0 0.0 0.0 0.6989515726410384
41 41 34 0.0 0.0 9.0 0.0 260.0 1.0 2.0 0.6178287731685789
41 41 35 0.0 0.0 288.0 0.0 7018.0 17.0 739.0 0.15065102765522434
41 41 36 0.0 0.0 1102.0 0.0 13257.0 31.0 11457.0 0.0855798031664527
41 41 37 0.0 0.0 1653.0 0.0 12997.0 55.0 25275.0 0.08414472893376607
41 41 38 0.0 0.0 2102.0 0.0 12479.0 51.0 34666.0 0.08444927011702255
41 41 39 0.0 13.0 3087.0 34.0 10168.0 57.0 63461.0 0.09126466753585397
41 41 40 0.0 15.0 3058.0 73.0 10048.0 49.0 63049.0 0.09195402298850575
41 41 41 0.0 26.0 2656.0 155.0 11436.0 68.0 47729.0 0.08609556607834695
41 41 42 0.0 4.0 1540.0 55.0 13786.0 40.0 17960.0 0.08054309055344609
41 41 43 0.0 0.0 1073.0 1.0 13394.0 29.0 10138.0 0.08497208060208788
41 41 44 0.0 0.0 403.0 0.0 8625.0 13.0 1339.0 0.12694958287994196
41 41 45 0.0 0.0 75.0 0.0 1734.0 13.0 18.0 0.3687121411640768
41 41 46 0.0 0.0 4.0 0.0 69.0 1.0 0.0 0.6756756756756755
41 42 34 0.0 0.0 0.0 0.0 26.0 0.0 0.0 0.6910167818361302
41 42 35 0.0 0.0 281.0 0.0 6237.0 30.0 496.0 0.16486104569006121
41 42 36 0.0 0.0 378.0 0.0 7921.0 24.0 1067.0 0.13618677042801555
41 42 37 0.0 0.0 795.0 0.0 12248.0 24.0 5629.0 0.09306654257794322
41 42 38 0.0 0.0 979.0 1.0 13029.0 33.0 6989.0 0.08746719980007496
41 42 39 0.0 0.0 1564.0 2.0 13791.0 50.0 19301.0 0.0807474910600992
41 42 40 0.0 9.0 1960.0 82.0 13178.0 48.0 27915.0 0.08123005512039454
41 42 41 0.0 10.0 1468.0 102.0 13770.0 39.0 17151.0 0.08069164265129682
41 42 42 0.0 7.0 1486.0 62.0 13265.0 34.0 20211.0 0.08319961965888155
41 42 43 0.0 0.0 1174.0 2.0 13333.0 28.0 12379.0 0.08477655322756449
41 42 44 0.0 0.0 197.0 0.0 4454.0 21.0 179.0 0.21119324181626184
41 42 45 0.0 0.0 67.0 0.0 1744.0 8.0 15.0 0.3681304233499868
41 42 46 0.0 0.0 0.0 0.0 4.0 0.0 0.0 0.6986027944111775
41 43 34 0.0 0.0 0.0 0.0 12.0 0.0 0.0 0.6958250497017892
41 43 35 0.0 0.0 90.0 0.0 2352.0 11.0 42.0 0.31595576619273297
41 43 36 0.0 0.0 185.0 0.0 3923.0 24.0 127.0 0.23011176857330698
41 43 37 0.0 0.0 589.0 0.0 10437.0 22.0 2767.0 0.10751862376161583
41 43 38 0.0 0.0 579.0 0.0 10257.0 30.0 2229.0 0.10917030567685589
41 43 39 0.0 0.0 753.0 0.0 11960.0 31.0 5370.0 0.09521218715995647
41 43 40 0.0 0.0 821.0 0.0 12388.0 25.0 6735.0 0.0920568122041031
41 43 41 0.0 0.0 809.0 0.0 12454.0 29.0 5871.0 0.09179124049305007
41 43 42 0.0 0.0 746.0 0.0 11994.0 30.0 5355.0 0.09506348883004004
41 43 43 0.0 0.0 671.0 1.0 11397.0 24.0 3878.0 0.09950956002558815
41 43 44 0.0 0.0 392.0 0.0 8175.0 18.0 1126.0 0.1326134318461684
41 43 45 0.0 0.0 5.0 0.0 135.0 1.0 0.0 0.6548175865294666
41 44 35 0.0 0.0 0.0 0.0 29.0 0.0 0.0 0.6899950714637751
41 44 36 0.0 0.0 24.0 0.0 528.0 8.0 0.0 0.5503144654088049
41 44 37 0.0 0.0 89.0 0.0 2144.0 13.0 27.0 0.3315963998105163
41 44 38 0.0 0.0 65.0 0.0 1810.0 17.0 24.0 0.3628823224468636
41 44 39 0.0 0.0 218.0 0.0 4856.0 22.0 261.0 0.19855339668132177
41 44 40 0.0 0.0 352.0 0.0 7544.0 24.0 863.0 0.14167172637117992
41 44 41 0.0 0.0 143.0 0.0 3545.0 17.0 109.0 0.24673951357067322
41 44 42 0.0 0.0 106.0 0.0 2696.0 14.0 50.0 0.29233660471914796
41 44 43 0.0 0.0 159.0 0.0 4450.0 15.0 212.0 0.21218551076083658
41 44 44 0.0 0.0 3.0 0.0 168.0 2.0 0.0 0.6454587367450437
41 44 45 0.0 0.0 40.0 0.0 1045.0 7.0 3.0 0.4548408057179986
41 45 36 0.0 0.0 0.0 0.0 2.0 0.0 0.0 0.6993006993006992
41 45 37 0.0 0.0 0.0 0.0 1.0 0.0 0.0 0.6996501749125437
41 45 38 0.0 0.0 4.0 0.0 155.0 1.0 0.0 0.6487488415199257
41 45 39 0.0 0.0 172.0 0.0 3821.0 17.0 126.0 0.23427041499330653
41 45 40 0.0 0.0 19.0 0.0 422.0 7.0 0.0 0.5751848808545603
41 45 41 0.0 0.0 4.0 0.0 152.0 0.0 0.0 0.6493506493506492
41 45 42 0.0 0.0 0.0 0.0 38.0 1.0 0.0 0.6876227897838899
41 45 43 0.0 0.0 0.0 0.0 22.0 0.0 0.0 0.6923837784371908
41 45 44 0.0 0.0 0.0 0.0 15.0 0.0 0.0 0.694789081885856
41 46 38 0.0 0.0 0.0 0.0 2.0 0.0 0.0 0.6993006993006992
41 46 39 0.0 0.0 0.0 0.0 3.0 0.0 0.0 0.6989515726410384
41 46 40 0.0 0.0 0.0 0.0 1.0 0.0 0.0 0.6996501749125437
41 46 41 0.0 0.0 0.0 0.0 1.0 0.0 0.0 0.6996501749125437
42 34 37 0.0 0.0 0.0 0.0 5.0 0.0 0.0 0.6982543640897755
42 34 38 0.0 0.0 0.0 0.0 7.0 0.0 0.0 0.6975585450921773
42 34 39 0.0 0.0 42.0 0.0 1306.0 5.0 5.0 0.4187855219862398
42 34 40 0.0 0.0 0.0 0.0 12.0 0.0 0.0 0.6958250497017892
42 34 41 0.0 0.0 0.0 0.0 9.0 0.0 0.0 0.6968641114982577
42 35 35 0.0 0.0 2.0 0.0 21.0 1.0 0.0 0.6923837784371908
42 35 36 0.0 0.0 7.0 0.0 170.0 3.0 0.0 0.6439742410303587
42 35 37 0.0 0.0 121.0 0.0 3140.0 15.0 86.0 0.26686999618757146
42 35 38 0.0 0.0 91.0 0.0 2090.0 17.0 44.0 0.33621517771373677
42 35 39 0.0 0.0 7.0 0.0 304.0 3.0 2.0 0.606585788561525
42 35 40 0.0 0.0 0.0 0.0 143.0 0.0 0.0 0.6539000467071461
42 35 41 0.0 0.0 37.0 0.0 1101.0 3.0 4.0 0.44657097288676234
42 35 42 0.0 0.0 1.0 0.0 68.0 0.0 0.0 0.6766553890768486
42 35 43 0.0 0.0 1.0 0.0 34.0 0.0 0.0 0.6879606879606879
42 35 44 0.0 0.0 0.0 0.0 1.0 0.0 0.0 0.6996501749125437
42 36 34 0.0 0.0 0.0 0.0 6.0 0.0 0.0 0.6982543640897755
42 36 35 0.0 0.0 11.0 0.0 339.0 4.0 0.0 0.5965061780997016
42 36 36 0.0 0.0 281.0 0.0 5586.0 21.0 335.0 0.17829852266938356
42 36 37 0.0 0.0 350.0 0.0 7766.0 21.0 1023.0 0.1386138613861386
42 36 38 0.0 0.0 594.0 0.0 10739.0 23.0 2993.0 0.10510510510510508
42 36 39 0.0 0.0 311.0 0.0 6751.0 19.0 619.0 0.15479876160990708
42 36 40 0.0 0.0 421.0 0.0 9503.0 17.0 2365.0 0.11749895090222408
42 36 41 0.0 0.0 222.0 0.0 4905.0 18.0 231.0 0.1968780762199409
42 36 42 0.0 0.0 199.0 0.0 5050.0 20.0 317.0 0.1935305501797069
42 36 43 0.0 0.0 23.0 0.0 740.0 8.0 1.0 0.5081669691470053
42 36 44 0.0 0.0 10.0 0.0 282.0 3.0 1.0 0.6118881118881118
42 36 45 0.0 0.0 0.0 0.0 4.0 0.0 0.0 0.6989515726410384
42 37 34 0.0 0.0 0.0 0.0 5.0 0.0 0.0 0.6982543640897755
42 37 35 0.0 0.0 74.0 0.0 2078.0 14.0 30.0 0.33832769453842426
42 37 36 0.0 0.0 410.0 0.0 7678.0 19.0 865.0 0.1389578163771712
42 37 37 0.0 0.0 648.0 0.0 11287.0 25.0 4217.0 0.10058916510992959
42 37 38 0.0 0.0 778.0 0.0 12182.0 34.0 5673.0 0.09363922145675872
42 37 39 0.0 0.0 1169.0 0.0 13397.0 30.0 12991.0 0.08452575016603271
42 37 40 0.0 0.0 895.0 1.0 12962.0 28.0 7308.0 0.0882556893399735
42 37 41 0.0 0.0 861.0 0.0 12550.0 30.0 6905.0 0.09088548428979484
42 37 42 0.0 1.0 594.0 4.0 10609.0 20.0 2653.0 0.10609275538041829
42 37 43 0.0 0.0 310.0 0.0 6367.0 20.0 488.0 0.16160683366039474
42 37 44 0.0 0.0 57.0 0.0 1492.0 3.0 9.0 0.3950338600451466
42 37 45 0.0 0.0 3.0 0.0 123.0 0.0 0.0 0.6585136406396989
42 37 46 0.0 0.0 0.0 0.0 12.0 0.0 0.0 0.6958250497017892
42 38 34 0.0 0.0 3.0 0.0 105.0 0.0 0.0 0.6641366223908918
42 38 35 0.0 0.0 147.0 0.0 3680.0 21.0 131.0 0.2411714039621016
42 38 36 0.0 0.0 381.0 0.0 7603.0 18.0 840.0 0.1404212637913741
42 38 37 0.0 0.0 1035.0 0.0 13331.0 32.0 8827.0 0.08555888284544398
42 38 38 0.0 0.0 1723.0 0.0 12421.0 43.0 28464.0 0.08668730650154798
42 38 39 0.0 0.0 1934.0 0.0 11945.0 46.0 35034.0 0.0880890958283521
42 38 40 0.0 0.0 1563.0 0.0 13424.0 45.0 20820.0 0.08244023083264633
42 38 41 0.0 0.0 1585.0 0.0 13657.0 48.0 20627.0 0.08119236791741576
42 38 42 0.0 0.0 1108.0 0.0 13490.0 35.0 9969.0 0.08437292834327728
42 38 43 0.0 0.0 1046.0 0.0 13279.0 19.0 9915.0 0.08569504805043765
42 38 44 0.0 0.0 423.0 0.0 8587.0 18.0 1401.0 0.12726115807653848
42 38 45 0.0 0.0 339.0 0.0 6513.0 15.0 498.0 0.1584068793844761
42 38 46 0.0 0.0 0.0 0.0 15.0 0.0 0.0 0.694789081885856
42 39 34 0.0 0.0 0.0 0.0 60.0 0.0 0.0 0.6799417192812044
42 39 35 0.0 0.0 362.0 0.0 7798.0 30.0 937.0 0.13812154696132595
42 39 36 0.0 0.0 704.0 0.0 11426.0 25.0 3525.0 0.0991641875619776
42 39 37 0.0 0.0 1125.0 0.0 13077.0 33.0 13571.0 0.08641975308641973
42 39 38 0.0 0.0 1651.0 0.0 13886.0 48.0 20157.0 0.07984942679518621
42 39 39 0.0 0.0 1948.0 0.0 13234.0 52.0 27191.0 0.08146165483533106
42 39 40 0.0 7.0 1958.0 34.0 13817.0 42.0 25612.0 0.07861635220125786
42 39 41 0.0 0.0 1878.0 0.0 12722.0 45.0 29727.0 0.08435767654856591
42 39 42 0.0 0.0 1914.0 1.0 12036.0 55.0 33915.0 0.08780732563973907
42 39 43 0.0 0.0 1493.0 0.0 13233.0 47.0 20605.0 0.08374708380690314
42 39 44 0.0 0.0 404.0 0.0 8949.0 17.0 1757.0 0.12341325811001408
42 39 45 0.0 0.0 29.0 0.0 861.0 12.0 3.0 0.4864489228630993
42 39 46 0.0 0.0 0.0 0.0 6.0 0.0 0.0 0.6979062811565303
42 40 34 0.0 0.0 43.0 0.0 1081.0 7.0 3.0 0.44914982354828353
42 40 35 0.0 0.0 247.0 0.0 5192.0 17.0 261.0 0.18855218855218855
42 40 36 0.0 0.0 542.0 0.0 10183.0 23.0 2380.0 0.11014948859166011
42 40 37 0.0 0.0 1210.0 0.0 13542.0 32.0 13532.0 0.08361703398435165
42 40 38 0.0 0.0 2366.0 0.0 11393.0 63.0 45254.0 0.08887760284408329
42 40 39 0.0 0.0 2518.0 1.0 11781.0 54.0 43608.0 0.08586323213738116
42 40 40 0.0 0.0 2569.0 1.0 11303.0 58.0 49250.0 0.08818342151675483
42 40 41 0.0 0.0 2216.0 3.0 13167.0 60.0 32574.0 0.08055699407330685
42 40 42 0.0 2.0 2031.0 16.0 13138.0 43.0 28878.0 0.08141901715615003
42 40 43 0.0 0.0 1051.0 2.0 13232.0 40.0 10801.0 0.0860162202015237
42 40 44 0.0 0.0 487.0 0.0 9425.0 28.0 1823.0 0.11768661735036987
42 40 45 0.0 0.0 102.0 0.0 2053.0 18.0 28.0 0.3384912959381044
42 40 46 0.0 0.0 2.0 0.0 46.0 0.0 0.0 0.6835937499999999
42 41 34 0.0 0.0 0.0 0.0 32.0 0.0 0.0 0.6889763779527558
42 41 35 0.0 0.0 91.0 0.0 1818.0 14.0 15.0 0.3595274781715459
42 41 36 0.0 0.0 607.0 0.0 10954.0 23.0 3324.0 0.10333628579864186
42 41 37 0.0 0.0 910.0 0.0 13006.0 34.0 8371.0 0.0880281690140845
42 41 38 0.0 0.0 1268.0 0.0 13375.0 31.0 14971.0 0.08413967185527976
42 41 39 0.0 0.0 2061.0 1.0 12838.0 55.0 31845.0 0.08284023668639053
42 41 40 0.0 0.0 1976.0 2.0 13720.0 44.0 25590.0 0.07909157674707643
42 41 41 0.0 0.0 2421.0 2.0 11534.0 58.0 44160.0 0.0876753507014028
42 41 42 0.0 0.0 1662.0 1.0 13107.0 51.0 23829.0 0.08351228823669767
42 41 43 0.0 0.0 721.0 1.0 11838.0 34.0 4937.0 0.09628610729023383
42 41 44 0.0 0.0 338.0 0.0 7571.0 23.0 1036.0 0.1414998989286436
42 41 45 0.0 0.0 15.0 0.0 483.0 4.0 2.0 0.5613472333600641
42 41 46 0.0 0.0 0.0 0.0 1.0 0.0 0.0 0.6996501749125437
42 42 34 0.0 0.0 0.0 0.0 26.0 0.0 0.0 0.6910167818361302
42 42 35 0.0 0.0 218.0 0.0 4427.0 20.0 173.0 0.21132075471698109
42 42 36 0.0 0.0 570.0 0.0 10339.0 23.0 2719.0 0.10854396030392308
42 42 37 0.0 0.0 461.0 0.0 9110.0 26.0 1601.0 0.1212121212121212
42 42 38 0.0 0.0 1187.0 0.0 13156.0 29.0 13394.0 0.08565310492505353
42 42 39 0.0 0.0 1635.0 0.0 13543.0 45.0 21924.0 0.081537565521258
42 42 40 0.0 0.0 1998.0 2.0 12068.0 45.0 34511.0 0.08712427655734643
42 42 41 0.0 0.0 1519.0 1.0 13251.0 37.0 20579.0 0.08352723584511663
42 42 42 0.0 0.0 1297.0 1.0 13153.0 32.0 17111.0 0.08511155693355218
42 42 43 0.0 1.0 688.0 3.0 11615.0 22.0 4431.0 0.09791579241852007
42 42 44 0.0 0.0 320.0 0.0 6359.0 24.0 497.0 0.1617188402448885
42 42 45 0.0 0.0 42.0 0.0 1043.0 9.0 4.0 0.45513654096228867
42 43 34 0.0 0.0 0.0 0.0 10.0 0.0 0.0 0.6965174129353233
42 43 35 0.0 0.0 4.0 0.0 92.0 3.0 0.0 0.668896321070234
42 43 36 0.0 0.0 275.0 0.0 5716.0 27.0 369.0 0.1757910597689603
42 43 37 0.0 0.0 78.0 0.0 1772.0 6.0 24.0 0.3643935450286309
42 43 38 0.0 0.0 318.0 0.0 7048.0 19.0 672.0 0.1497005988023952
42 43 39 0.0 0.0 1003.0 0.0 13098.0 34.0 9765.0 0.08698893997763141
42 43 40 0.0 0.0 580.0 1.0 10829.0 23.0 3568.0 0.10443864229765011
42 43 41 0.0 0.0 894.0 1.0 12682.0 29.0 7976.0 0.08988764044943819
42 43 42 0.0 0.0 464.0 1.0 8972.0 22.0 1490.0 0.1225812100516592
42 43 43 0.0 0.0 300.0 0.0 7108.0 15.0 788.0 0.14895201617193318
42 43 44 0.0 0.0 147.0 0.0 3365.0 15.0 84.0 0.2546843732945242
42 43 45 0.0 0.0 0.0 0.0 37.0 0.0 0.0 0.6872852233676975
42 44 34 0.0 0.0 0.0 0.0 1.0 0.0 0.0 0.6996501749125437
42 44 35 0.0 0.0 0.0 0.0 11.0 0.0 0.0 0.6961710591745399
42 44 36 0.0 0.0 11.0 0.0 190.0 2.0 0.0 0.6366530241018644
42 44 37 0.0 0.0 3.0 0.0 203.0 2.0 0.0 0.6352087114337567
42 44 38 0.0 0.0 90.0 0.0 2471.0 12.0 50.0 0.30769230769230765
42 44 39 0.0 0.0 375.0 0.0 7645.0 20.0 886.0 0.13988808952837725
42 44 40 0.0 0.0 309.0 0.0 6292.0 22.0 506.0 0.16309412861136996
42 44 41 0.0 0.0 118.0 0.0 2655.0 20.0 53.0 0.29467480530414647
42 44 42 0.0 0.0 233.0 0.0 5829.0 13.0 339.0 0.1738266699776508
42 44 43 0.0 0.0 227.0 0.0 5153.0 10.0 309.0 0.18977904297139755
42 44 44 0.0 0.0 23.0 0.0 651.0 8.0 2.0 0.5251312828207051
42 44 45 0.0 0.0 0.0 0.0 20.0 0.0 0.0 0.6930693069306929
42 45 37 0.0 0.0 0.0 0.0 2.0 0.0 0.0 0.6996501749125437
42 45 38 0.0 0.0 0.0 0.0 32.0 0.0 0.0 0.689655172413793
42 45 39 0.0 0.0 1.0 0.0 89.0 1.0 0.0 0.6704980842911876
42 45 40 0.0 0.0 0.0 0.0 87.0 0.0 0.0 0.670819357930043
42 45 41 0.0 0.0 3.0 0.0 133.0 1.0 0.0 0.6557377049180326
42 45 42 0.0 0.0 0.0 0.0 13.0 0.0 0.0 0.695479384003974
42 45 43 0.0 0.0 0.0 0.0 18.0 0.0 0.0 0.6937561942517343
42 45 44 0.0 0.0 0.0 0.0 22.0 0.0 0.0 0.6923837784371908
42 46 38 0.0 0.0 0.0 0.0 5.0 0.0 0.0 0.6982543640897755
42 46 39 0.0 0.0 0.0 0.0 4.0 0.0 0.0 0.6986027944111775
42 46 40 0.0 0.0 0.0 0.0 3.0 0.0 0.0 0.6989515726410384
43 34 36 0.0 0.0 0.0 0.0 2.0 0.0 0.0 0.6993006993006992
43 34 37 0.0 0.0 0.0 0.0 1.0 0.0 0.0 0.6996501749125437
43 34 38 0.0 0.0 0.0 0.0 8.0 0.0 0.0 0.697211155378486
43 34 39 0.0 0.0 1.0 0.0 0.0 0.0 0.0 0.6996501749125437
43 35 35 0.0 0.0 0.0 0.0 4.0 0.0 0.0 0.6986027944111775
43 35 36 0.0 0.0 18.0 0.0 414.0 2.0 1.0 0.5761316872427983
43 35 37 0.0 0.0 17.0 0.0 566.0 2.0 0.0 0.5426356589147286
43 35 38 0.0 0.0 46.0 0.0 1193.0 11.0 4.0 0.43370508054522916
43 35 39 0.0 0.0 44.0 0.0 1072.0 7.0 4.0 0.4505954296749275
43 35 40 0.0 0.0 8.0 0.0 364.0 4.0 0.0 0.5912162162162161
43 35 41 0.0 0.0 9.0 0.0 244.0 4.0 0.0 0.622498888394842
43 35 42 0.0 0.0 12.0 0.0 207.0 1.0 0.0 0.6311992786293958
43 35 43 0.0 0.0 2.0 0.0 23.0 1.0 0.0 0.6916996047430829
43 36 35 0.0 0.0 0.0 0.0 25.0 0.0 0.0 0.6913580246913579
43 36 36 0.0 0.0 18.0 0.0 602.0 3.0 1.0 0.5349636988918608
43 36 37 0.0 0.0 69.0 0.0 1800.0 12.0 21.0 0.3629764065335752
43 36 38 0.0 0.0 338.0 0.0 7380.0 24.0 789.0 0.14434477781214558
43 36 39 0.0 0.0 508.0 0.0 9345.0 27.0 1712.0 0.11831319192089916
43 36 40 0.0 0.0 255.0 0.0 5879.0 18.0 415.0 0.17241379310344826
43 36 41 0.0 0.0 248.0 0.0 5617.0 12.0 359.0 0.17825311942959
43 36 42 0.0 0.0 233.0 0.0 5380.0 19.0 327.0 0.18425901553040272
43 36 43 0.0 0.0 15.0 0.0 528.0 6.0 1.0 0.5518328734726053
43 36 44 0.0 0.0 0.0 0.0 33.0 1.0 0.0 0.6889763779527558
43 37 34 0.0 0.0 0.0 0.0 7.0 0.0 0.0 0.6975585450921773
43 37 35 0.0 0.0 0.0 0.0 56.0 0.0 0.0 0.6809338521400777
43 37 36 0.0 0.0 87.0 0.0 2214.0 12.0 33.0 0.32626427406199016
43 37 37 0.0 0.0 447.0 0.0 8657.0 22.0 1392.0 0.1262740146117074
43 37 38 0.0 0.0 1054.0 0.0 13158.0 26.0 10709.0 0.08639308855291576
43 37 39 0.0 0.0 757.0 0.0 11733.0 24.0 4890.0 0.09660502346121998
43 37 40 0.0 0.0 548.0 0.0 10826.0 18.0 3394.0 0.10474337872213077
43 37 41 0.0 0.0 655.0 0.0 11184.0 22.0 3919.0 0.10126582278481011
43 37 42 0.0 0.0 336.0 0.0 7760.0 15.0 992.0 0.1388062661114416
43 37 43 0.0 0.0 388.0 0.0 7740.0 20.0 906.0 0.13844936708860756
43 37 44 0.0 0.0 87.0 0.0 1871.0 10.0 17.0 0.35469977197871794
43 37 45 0.0 0.0 1.0 0.0 79.0 1.0 0.0 0.6734006734006733
43 37 46 0.0 0.0 0.0 0.0 2.0 0.0 0.0 0.6993006993006992
43 38 34 0.0 0.0 0.0 0.0 20.0 0.0 0.0 0.6930693069306929
43 38 35 0.0 0.0 57.0 0.0 1403.0 13.0 14.0 0.40626813697040043
43 38 36 0.0 0.0 324.0 0.0 6948.0 20.0 625.0 0.15125324114088157
43 38 37 0.0 0.0 594.0 0.0 10973.0 31.0 4059.0 0.10336680448907264
43 38 38 0.0 0.0 955.0 0.0 12904.0 34.0 10231.0 0.08834479712248375
43 38 39 0.0 0.0 1271.0 0.0 13336.0 34.0 14460.0 0.08429672447013487
43 38 40 0.0 0.0 882.0 0.0 12751.0 30.0 7837.0 0.08958853266781851
43 38 41 0.0 0.0 1021.0 0.0 13189.0 35.0 10113.0 0.0864250879683931
43 38 42 0.0 0.0 1282.0 0.0 13300.0 32.0 14450.0 0.08441362677117877
43 38 43 0.0 0.0 615.0 0.0 10581.0 27.0 3107.0 0.10620543164921861
43 38 44 0.0 0.0 418.0 0.0 8467.0 20.0 1362.0 0.1287711552612215
43 38 45 0.0 0.0 51.0 0.0 1081.0 11.0 3.0 0.4484304932735425
43 38 46 0.0 0.0 1.0 0.0 16.0 0.0 0.0 0.694100148735746
43 39 34 0.0 0.0 0.0 0.0 21.0 0.0 0.0 0.6927263730826323
43 39 35 0.0 0.0 17.0 0.0 609.0 9.0 4.0 0.5349636988918608
43 39 36 0.0 0.0 503.0 0.0 9912.0 27.0 2290.0 0.1129305477131564
43 39 37 0.0 0.0 789.0 0.0 12097.0 25.0 5572.0 0.09410499428648247
43 39 38 0.0 0.0 968.0 0.0 12946.0 19.0 8394.0 0.08796732642161482
43 39 39 0.0 0.0 1315.0 0.0 13616.0 33.0 15283.0 0.08268855944716791
43 39 40 0.0 0.0 1583.0 1.0 13141.0 46.0 22984.0 0.08369701679918692
43 39 41 0.0 0.0 1232.0 0.0 13787.0 38.0 13091.0 0.08230936562996059
43 39 42 0.0 0.0 1074.0 0.0 13394.0 36.0 10712.0 0.08507535245503159
43 39 43 0.0 0.0 622.0 0.0 11389.0 27.0 4285.0 0.09999999999999999
43 39 44 0.0 0.0 242.0 0.0 5930.0 8.0 465.0 0.1713796058269066
43 39 45 0.0 0.0 22.0 0.0 742.0 4.0 4.0 0.5072463768115941
43 39 46 0.0 0.0 0.0 0.0 8.0 0.0 0.0 0.697211155378486
43 40 34 0.0 0.0 0.0 0.0 11.0 0.0 0.0 0.6961710591745399
43 40 35 0.0 0.0 9.0 0.0 418.0 2.0 0.0 0.5775577557755774
43 40 36 0.0 0.0 469.0 0.0 9226.0 21.0 1840.0 0.11981172443303378
43 40 37 0.0 0.0 1070.0 0.0 13156.0 32.0 10490.0 0.08634513383495744
43 40 38 0.0 0.0 1200.0 0.0 13505.0 37.0 12277.0 0.08385744234800838
43 40 39 0.0 0.0 1258.0 0.0 13603.0 40.0 14594.0 0.08311071534579993
43 40 40 0.0 0.0 1313.0 0.0 13584.0 45.0 14833.0 0.0829138288421676
43 40 41 0.0 0.0 1279.0 0.0 13714.0 17.0 13876.0 0.08230936562996059
43 40 42 0.0 0.0 1017.0 0.0 13005.0 33.0 9905.0 0.08740712992445525
43 40 43 0.0 0.0 1259.0 1.0 13103.0 33.0 15742.0 0.08551184949914488
43 40 44 0.0 0.0 523.0 0.0 9561.0 30.0 1832.0 0.1160573654978032
43 40 45 0.0 0.0 13.0 0.0 329.0 5.0 0.0 0.5993150684931505
43 40 46 0.0 0.0 0.0 0.0 1.0 0.0 0.0 0.6996501749125437
43 41 34 0.0 0.0 3.0 0.0 73.0 2.0 0.0 0.6750241080038573
43 41 35 0.0 0.0 4.0 0.0 257.0 4.0 2.0 0.620292423571112
43 41 36 0.0 0.0 254.0 0.0 5393.0 16.0 304.0 0.18341412288746228
43 41 37 0.0 0.0 454.0 0.0 9379.0 28.0 2128.0 0.11845333784584143
43 41 38 0.0 0.0 887.0 0.0 12765.0 28.0 6961.0 0.08954842011001661
43 41 39 0.0 0.0 1436.0 0.0 13554.0 38.0 17688.0 0.0824353765530236
43 41 40 0.0 0.0 1316.0 0.0 13404.0 40.0 16685.0 0.0837871805613741
43 41 41 0.0 0.0 1302.0 0.0 13405.0 34.0 15839.0 0.08379219535551831
43 41 42 0.0 0.0 884.0 0.0 12636.0 23.0 7583.0 0.09024107257960551
43 41 43 0.0 0.0 619.0 0.0 11042.0 24.0 3605.0 0.10255658926086
43 41 44 0.0 0.0 86.0 0.0 2310.0 15.0 41.0 0.31970769582096364
43 41 45 0.0 0.0 19.0 0.0 619.0 4.0 1.0 0.5315110098709187
43 41 46 0.0 0.0 0.0 0.0 1.0 0.0 0.0 0.6996501749125437
43 42 34 0.0 0.0 2.0 0.0 42.0 0.0 0.0 0.684931506849315
43 42 35 0.0 0.0 5.0 0.0 257.0 4.0 0.0 0.6200177147918511
43 42 36 0.0 0.0 55.0 0.0 1367.0 8.0 11.0 0.41007615700058575
43 42 37 0.0 0.0 333.0 0.0 7254.0 19.0 848.0 0.1462599247806101
43 42 38 0.0 0.0 753.0 0.0 12096.0 18.0 6362.0 0.09423801830910068
43 42 39 0.0 0.0 646.0 0.0 11483.0 32.0 4337.0 0.09919931977609295
43 42 40 0.0 0.0 1099.0 0.0 13182.0 34.0 11677.0 0.08602150537634408
43 42 41 0.0 0.0 811.0 0.0 12338.0 46.0 5452.0 0.09264160931709897
43 42 42 0.0 0.0 684.0 0.0 11567.0 25.0 4275.0 0.0983077031107366
43 42 43 0.0 0.0 541.0 0.0 10319.0 20.0 2548.0 0.1089239866179102
43 42 44 0.0 0.0 21.0 0.0 697.0 7.0 3.0 0.5171776874769116
43 42 45 0.0 0.0 1.0 0.0 23.0 0.0 0.0 0.6916996047430829
43 43 35 0.0 0.0 0.0 0.0 38.0 0.0 0.0 0.6869479882237487
43 43 36 0.0 0.0 5.0 0.0 201.0 4.0 0.0 0.6357856494096276
43 43 37 0.0 0.0 151.0 0.0 4409.0 20.0 226.0 0.21400183430143682
43 43 38 0.0 0.0 417.0 0.0 9134.0 14.0 1644.0 0.12122261667676854
43 43 39 0.0 0.0 716.0 0.0 11591.0 30.0 4149.0 0.09795689896445563
43 43 40 0.0 0.0 472.0 0.0 9901.0 22.0 2661.0 0.11332361988020073
43 43 41 0.0 0.0 777.0 0.0 12134.0 35.0 5449.0 0.09401020682245499
43 43 42 0.0 0.0 593.0 0.0 10570.0 27.0 2818.0 0.10643959552953698
43 43 43 0.0 0.0 394.0 0.0 8151.0 24.0 1048.0 0.1330166270783848
43 43 44 0.0 0.0 0.0 0.0 112.0 0.0 1.0 0.6628787878787878
43 43 45 0.0 0.0 0.0 0.0 10.0 0.0 0.0 0.6965174129353233
43 44 35 0.0 0.0 0.0 0.0 4.0 0.0 0.0 0.6986027944111775
43 44 36 0.0 0.0 0.0 0.0 12.0 0.0 0.0 0.6958250497017892
43 44 37 0.0 0.0 1.0 0.0 68.0 0.0 0.0 0.6766553890768486
43 44 38 0.0 0.0 193.0 0.0 3844.0 21.0 139.0 0.23255813953488366
43 44 39 0.0 0.0 115.0 0.0 2937.0 15.0 65.0 0.2779432201707365
43 44 40 0.0 0.0 570.0 0.0 10149.0 30.0 2470.0 0.11021886317115413
43 44 41 0.0 0.0 29.0 0.0 839.0 7.0 2.0 0.4893393918210415
43 44 42 0.0 0.0 182.0 0.0 3730.0 22.0 124.0 0.23765065353929724
43 44 43 0.0 0.0 3.0 0.0 139.0 1.0 0.0 0.6539000467071461
43 44 44 0.0 0.0 1.0 0.0 68.0 1.0 0.0 0.6769825918762088
43 44 45 0.0 0.0 0.0 0.0 1.0 0.0 0.0 0.6996501749125437
43 45 37 0.0 0.0 0.0 0.0 6.0 0.0 0.0 0.6979062811565303
43 45 38 0.0 0.0 78.0 0.0 2228.0 10.0 31.0 0.3258845437616387
43 45 39 0.0 0.0 8.0 0.0 402.0 3.0 2.0 0.5816368923971748
43 45 40 0.0 0.0 7.0 0.0 148.0 2.0 0.0 0.6502554575011611
43 45 41 0.0 0.0 2.0 0.0 67.0 1.0 0.0 0.6773101112723753
43 45 42 0.0 0.0 15.0 0.0 172.0 4.0 0.0 0.6416131989000916
43 45 43 0.0 0.0 0.0 0.0 11.0 0.0 0.0 0.6961710591745399
43 45 44 0.0 0.0 0.0 0.0 8.0 0.0 0.0 0.697211155378486
44 35 36 0.0 0.0 0.0 0.0 1.0 0.0 0.0 0.6996501749125437
44 35 37 0.0 0.0 10.0 0.0 169.0 3.0 1.0 0.6433823529411764
44 35 38 0.0 0.0 1.0 0.0 83.0 1.0 0.0 0.6721075372059528
44 35 39 0.0 0.0 26.0 0.0 690.0 8.0 2.0 0.5169867060561298
44 35 40 0.0 0.0 7.0 0.0 215.0 0.0 0.0 0.63006300630063
44 35 41 0.0 0.0 4.0 0.0 97.0 0.0 0.0 0.6663493574488338
44 35 42 0.0 0.0 0.0 0.0 6.0 0.0 0.0 0.6979062811565303
44 35 43 0.0 0.0 0.0 0.0 10.0 0.0 0.0 0.6965174129353233
44 36 35 0.0 0.0 0.0 0.0 3.0 0.0 0.0 0.6989515726410384
44 36 36 0.0 0.0 0.0 0.0 22.0 0.0 0.0 0.6923837784371908
44 36 37 0.0 0.0 1.0 0.0 343.0 1.0 1.0 0.5975245411865129
44 36 38 0.0 0.0 409.0 0.0 8161.0 20.0 1102.0 0.1326385599242065
44 36 39 0.0 0.0 493.0 0.0 9419.0 33.0 1830.0 0.11777572137629341
44 36 40 0.0 0.0 348.0 0.0 7038.0 23.0 661.0 0.14942896787277188
44 36 41 0.0 0.0 17.0 0.0 475.0 5.0 0.0 0.5631536604987931
44 36 42 0.0 0.0 4.0 0.0 147.0 3.0 0.0 0.6517690875232773
44 36 43 0.0 0.0 2.0 0.0 111.0 0.0 0.0 0.6625650733554187
44 36 44 0.0 0.0 0.0 0.0 20.0 1.0 0.0 0.6934125804853887
44 36 45 0.0 0.0 0.0 0.0 1.0 0.0 0.0 0.6996501749125437
44 37 34 0.0 0.0 0.0 0.0 4.0 0.0 0.0 0.6986027944111775
44 37 35 0.0 0.0 2.0 0.0 49.0 0.0 0.0 0.68259385665529
44 37 36 0.0 0.0 186.0 0.0 4196.0 22.0 154.0 0.22005658597925176
44 37 37 0.0 0.0 134.0 0.0 3599.0 11.0 114.0 0.24454148471615716
44 37 38 0.0 0.0 483.0 0.0 9404.0 17.0 1912.0 0.11788480970023577
44 37 39 0.0 0.0 308.0 0.0 7130.0 24.0 730.0 0.14866730381225443
44 37 40 0.0 0.0 255.0 0.0 6079.0 25.0 431.0 0.1684717208182912
44 37 41 0.0 0.0 376.0 0.0 7801.0 18.0 1017.0 0.13771394845563642
44 37 42 0.0 0.0 157.0 0.0 3438.0 19.0 75.0 0.2510310202617894
44 37 43 0.0 0.0 315.0 0.0 6857.0 33.0 648.0 0.15308911973756148
44 37 44 0.0 0.0 3.0 0.0 183.0 3.0 0.0 0.6413192853870818
44 37 45 0.0 0.0 0.0 0.0 28.0 0.0 0.0 0.690335305719921
44 37 46 0.0 0.0 0.0 0.0 1.0 0.0 0.0 0.6996501749125437
44 38 34 0.0 0.0 0.0 0.0 1.0 0.0 0.0 0.6996501749125437
44 38 35 0.0 0.0 104.0 0.0 2332.0 18.0 26.0 0.31688546853779986
44 38 36 0.0 0.0 34.0 0.0 932.0 12.0 2.0 0.47377326565143824
44 38 37 0.0 0.0 250.0 0.0 5596.0 24.0 376.0 0.17902813299232734
44 38 38 0.0 0.0 251.0 0.0 5741.0 22.0 388.0 0.17559262510974535
44 38 39 0.0 0.0 525.0 0.0 9879.0 15.0 1939.0 0.11296699749858789
44 38 40 0.0 0.0 1098.0 0.0 12906.0 39.0 12925.0 0.08750546909181822
44 38 41 0.0 0.0 454.0 0.0 9101.0 20.0 1631.0 0.12127512127512126
44 38 42 0.0 0.0 453.0 0.0 9086.0 23.0 1575.0 0.12146451500954362
44 38 43 0.0 0.0 181.0 0.0 4156.0 16.0 170.0 0.2215540433612913
44 38 44 0.0 0.0 134.0 0.0 3641.0 14.0 126.0 0.2430133657351154
44 38 45 0.0 0.0 0.0 0.0 57.0 0.0 0.0 0.6806028196402526
44 38 46 0.0 0.0 0.0 0.0 1.0 0.0 0.0 0.6996501749125437
44 39 35 0.0 0.0 3.0 0.0 173.0 1.0 0.0 0.6436781609195401
44 39 36 0.0 0.0 226.0 0.0 5395.0 15.0 329.0 0.1839684625492772
44 39 37 0.0 0.0 545.0 0.0 9941.0 17.0 2333.0 0.11218847664075646
44 39 38 0.0 0.0 384.0 0.0 8137.0 19.0 1109.0 0.1332191454943382
44 39 39 0.0 0.0 718.0 0.0 11881.0 25.0 4352.0 0.09595613433858806
44 39 40 0.0 0.0 698.0 0.0 11817.0 32.0 4703.0 0.09648518263266712
44 39 41 0.0 0.0 550.0 0.0 10195.0 28.0 2092.0 0.10999371464487744
44 39 42 0.0 0.0 728.0 0.0 11761.0 29.0 4286.0 0.09668508287292817
44 39 43 0.0 0.0 231.0 0.0 5464.0 19.0 367.0 0.18231540565177756
44 39 44 0.0 0.0 506.0 0.0 9636.0 28.0 2123.0 0.11542583889850769
44 39 45 0.0 0.0 73.0 0.0 1524.0 14.0 12.0 0.39073402176946687
44 40 35 0.0 0.0 1.0 0.0 84.0 0.0 0.0 0.6714628297362109
44 40 36 0.0 0.0 292.0 0.0 6570.0 24.0 598.0 0.15828151498021478
44 40 37 0.0 0.0 329.0 0.0 7460.0 26.0 874.0 0.143310471900911
44 40 38 0.0 0.0 399.0 0.0 8492.0 18.0 1336.0 0.12870012870012867
44 40 39 0.0 0.0 650.0 0.0 10931.0 14.0 3260.0 0.10310796877301515
44 40 40 0.0 0.0 942.0 0.0 12684.0 29.0 10390.0 0.08952551477170992
44 40 41 0.0 0.0 436.0 0.0 8322.0 27.0 1219.0 0.13039023935922509
44 40 42 0.0 0.0 506.0 0.0 9670.0 20.0 2288.0 0.11505588428665349
44 40 43 0.0 0.0 393.0 0.0 8162.0 23.0 1086.0 0.13291559859489221
44 40 44 0.0 0.0 65.0 0.0 2062.0 8.0 28.0 0.33997085964060214
44 40 45 0.0 0.0 6.0 0.0 118.0 1.0 0.0 0.6594441827602449
44 41 35 0.0 0.0 1.0 0.0 70.0 0.0 0.0 0.6760019314340897
44 41 36 0.0 0.0 67.0 0.0 1498.0 17.0 4.0 0.39469974626444876
44 41 37 0.0 0.0 289.0 0.0 6523.0 21.0 531.0 0.1591632560254661
44 41 38 0.0 0.0 381.0 0.0 7464.0 20.0 768.0 0.14245014245014243
44 41 39 0.0 0.0 690.0 0.0 11444.0 30.0 4230.0 0.0991641875619776
44 41 40 0.0 0.0 457.0 0.0 9013.0 24.0 1533.0 0.12227074235807858
44 41 41 0.0 0.0 492.0 0.0 9505.0 27.0 1810.0 0.11684192956100815
44 41 42 0.0 0.0 663.0 0.0 11287.0 25.0 3651.0 0.10040880728681056
44 41 43 0.0 0.0 432.0 0.0 9012.0 33.0 1852.0 0.1225168460663341
44 41 44 0.0 0.0 129.0 0.0 3118.0 16.0 71.0 0.26758409785932713
44 41 45 0.0 0.0 0.0 0.0 18.0 0.0 0.0 0.6937561942517343
44 42 35 0.0 0.0 0.0 0.0 8.0 0.0 0.0 0.697211155378486
44 42 36 0.0 0.0 31.0 0.0 566.0 8.0 3.0 0.5407493240633449
44 42 37 0.0 0.0 10.0 0.0 404.0 6.0 2.0 0.5816368923971748
44 42 38 0.0 0.0 374.0 0.0 7819.0 20.0 1107.0 0.13752455795677798
44 42 39 0.0 0.0 822.0 0.0 12369.0 26.0 7243.0 0.09217803529101921
44 42 40 0.0 0.0 221.0 0.0 5502.0 28.0 366.0 0.18191268191268187
44 42 41 0.0 0.0 386.0 0.0 8126.0 22.0 1024.0 0.1333587349971423
44 42 42 0.0 0.0 242.0 0.0 4982.0 9.0 241.0 0.19401330376940132
44 42 43 0.0 0.0 149.0 0.0 3453.0 15.0 86.0 0.25053686471009307
44 42 44 0.0 0.0 4.0 0.0 192.0 1.0 0.0 0.6378132118451024
44 42 45 0.0 0.0 0.0 0.0 3.0 0.0 0.0 0.6989515726410384
44 43 36 0.0 0.0 8.0 0.0 181.0 6.0 0.0 0.6413192853870818
44 43 37 0.0 0.0 41.0 0.0 1102.0 9.0 6.0 0.44671346522016586
44 43 38 0.0 0.0 63.0 0.0 1684.0 8.0 17.0 0.3744316662209146
44 43 39 0.0 0.0 329.0 0.0 7283.0 25.0 757.0 0.14597018037743717
44 43 40 0.0 0.0 178.0 0.0 3947.0 18.0 128.0 0.22928267278087125
44 43 41 0.0 0.0 79.0 0.0 1795.0 19.0 18.0 0.36307053941908707
44 43 42 0.0 0.0 46.0 0.0 1067.0 4.0 2.0 0.4503055644901897
44 43 43 0.0 0.0 125.0 0.0 2741.0 21.0 50.0 0.2889576883384932
44 43 44 0.0 0.0 17.0 0.0 337.0 5.0 0.0 0.5959982971477223
44 44 36 0.0 0.0 0.0 0.0 5.0 0.0 0.0 0.6982543640897755
44 44 37 0.0 0.0 32.0 0.0 794.0 5.0 3.0 0.49627791563275425
44 44 38 0.0 0.0 125.0 0.0 2986.0 20.0 68.0 0.27499508937340394
44 44 39 0.0 0.0 36.0 0.0 868.0 6.0 4.0 0.48309178743961345
44 44 40 0.0 0.0 27.0 0.0 678.0 10.0 2.0 0.5196733481811432
44 44 41 0.0 0.0 77.0 0.0 1779.0 11.0 17.0 0.36420395421435997
44 44 42 0.0 0.0 78.0 0.0 2110.0 11.0 41.0 0.33516878142207324
44 44 43 0.0 0.0 4.0 0.0 94.0 1.0 0.0 0.6676204101096804
44 44 44 0.0 0.0 1.0 0.0 26.0 0.0 0.0 0.6906758756783422
44 45 37 0.0 0.0 0.0 0.0 4.0 0.0 0.0 0.6986027944111775
44 45 38 0.0 0.0 0.0 0.0 11.0 0.0 0.0 0.6961710591745399
44 45 39 0.0 0.0 6.0 0.0 110.0 1.0 0.0 0.6619385342789597
44 45 40 0.0 0.0 0.0 0.0 53.0 1.0 0.0 0.6822612085769979
44 45 41 0.0 0.0 0.0 0.0 26.0 0.0 0.0 0.6910167818361302
44 45 42 0.0 0.0 0.0 0.0 4.0 0.0 0.0 0.6986027944111775
44 45 43 0.0 0.0 0.0 0.0 1.0 0.0 0.0 0.6996501749125437
44 46 38 0.0 0.0 0.0 0.0 1.0 0.0 0.0 0.6996501749125437
45 35 37 0.0 0.0 3.0 0.0 68.0 3.0 0.0 0.6769825918762088
45 35 38 0.0 0.0 9.0 0.0 359.0 4.0 1.0 0.5922165820642977
45 35 39 0.0 0.0 0.0 0.0 54.0 1.0 0.0 0.6819288845591815
45 35 40 0.0 0.0 41.0 0.0 616.0 14.0 1.0 0.529701097237987
45 35 41 0.0 0.0 0.0 0.0 12.0 0.0 0.0 0.6958250497017892
45 36 35 0.0 0.0 1.0 0.0 5.0 0.0 0.0 0.6979062811565303
45 36 36 0.0 0.0 0.0 0.0 6.0 1.0 0.0 0.6982543640897755
45 36 37 0.0 0.0 27.0 0.0 645.0 8.0 1.0 0.5255255255255254
45 36 38 0.0 0.0 1.0 0.0 154.0 1.0 0.0 0.649953574744661
45 36 39 0.0 0.0 118.0 0.0 3055.0 17.0 76.0 0.27137042062415195
45 36 40 0.0 0.0 4.0 0.0 209.0 2.0 0.0 0.6331976481230212
45 36 41 0.0 0.0 3.0 0.0 215.0 2.0 0.0 0.6317689530685919
45 36 42 0.0 0.0 0.0 0.0 39.0 0.0 0.0 0.6866110838646394
45 36 43 0.0 0.0 0.0 0.0 10.0 0.0 0.0 0.6965174129353233
45 36 44 0.0 0.0 1.0 0.0 22.0 1.0 0.0 0.6923837784371908
45 37 35 0.0 0.0 0.0 0.0 2.0 0.0 0.0 0.6993006993006992
45 37 36 0.0 0.0 0.0 0.0 12.0 0.0 0.0 0.6958250497017892
45 37 37 0.0 0.0 36.0 0.0 690.0 7.0 5.0 0.514895182052225
45 37 38 0.0 0.0 10.0 0.0 313.0 2.0 0.0 0.6031882809133993
45 37 39 0.0 0.0 348.0 0.0 7852.0 22.0 1095.0 0.13740308175483362
45 37 40 0.0 0.0 466.0 0.0 8576.0 18.0 1367.0 0.12682308180088775
45 37 41 0.0 0.0 283.0 0.0 6106.0 23.0 492.0 0.16732401099557784
45 37 42 0.0 0.0 43.0 0.0 975.0 10.0 4.0 0.46542553191489355
45 37 43 0.0 0.0 5.0 0.0 110.0 1.0 1.0 0.662251655629139
45 37 44 0.0 0.0 0.0 0.0 14.0 0.0 0.0 0.6951340615690167
45 37 45 0.0 0.0 0.0 0.0 5.0 0.0 0.0 0.6982543640897755
45 38 34 0.0 0.0 0.0 0.0 1.0 0.0 0.0 0.6996501749125437
45 38 35 0.0 0.0 0.0 0.0 6.0 0.0 0.0 0.6979062811565303
45 38 36 0.0 0.0 4.0 0.0 194.0 2.0 1.0 0.6375227686703095
45 38 37 0.0 0.0 80.0 0.0 1724.0 11.0 9.0 0.3691009754811494
45 38 38 0.0 0.0 228.0 0.0 4544.0 24.0 170.0 0.20737668493556508
45 38 39 0.0 0.0 35.0 0.0 1355.0 8.0 15.0 0.41407867494824013
45 38 40 0.0 0.0 268.0 0.0 5827.0 15.0 368.0 0.17326732673267323
45 38 41 0.0 0.0 636.0 0.0 11017.0 24.0 3854.0 0.10255658926086
45 38 42 0.0 0.0 97.0 0.0 2281.0 24.0 32.0 0.32146957520091846
45 38 43 0.0 0.0 50.0 0.0 1449.0 9.0 12.0 0.40114613180515757
45 38 44 0.0 0.0 7.0 0.0 132.0 3.0 0.0 0.6554307116104868
45 38 45 0.0 0.0 1.0 0.0 47.0 1.0 0.0 0.6839276990718123
45 39 35 0.0 0.0 0.0 0.0 14.0 0.0 0.0 0.6951340615690167
45 39 36 0.0 0.0 13.0 0.0 293.0 4.0 0.0 0.6084311169056931
45 39 37 0.0 0.0 86.0 0.0 1998.0 17.0 13.0 0.34423407917383814
45 39 38 0.0 0.0 101.0 0.0 2555.0 14.0 47.0 0.30152918371742404
45 39 39 0.0 0.0 187.0 0.0 3873.0 26.0 119.0 0.23201856148491876
45 39 40 0.0 0.0 182.0 0.0 4062.0 15.0 136.0 0.22468303643074947
45 39 41 0.0 0.0 452.0 0.0 8782.0 26.0 1421.0 0.12486621476988939
45 39 42 0.0 0.0 136.0 0.0 3453.0 22.0 92.0 0.25157232704402516
45 39 43 0.0 0.0 49.0 0.0 803.0 7.0 2.0 0.4920913884007029
45 39 44 0.0 0.0 38.0 0.0 909.0 8.0 4.0 0.47635250085062936
45 39 45 0.0 0.0 20.0 0.0 355.0 9.0 1.0 0.5919661733615221
45 39 46 0.0 0.0 0.0 0.0 1.0 0.0 0.0 0.6996501749125437
45 40 35 0.0 0.0 8.0 0.0 110.0 3.0 0.0 0.6619385342789597
45 40 36 0.0 0.0 2.0 0.0 65.0 5.0 0.0 0.6789524733268669
45 40 37 0.0 0.0 42.0 0.0 1209.0 12.0 11.0 0.4320987654320987
45 40 38 0.0 0.0 100.0 0.0 1948.0 12.0 17.0 0.34687809712586715
45 40 39 0.0 0.0 267.0 0.0 6340.0 19.0 543.0 0.16305613789890516
45 40 40 0.0 0.0 169.0 0.0 4211.0 19.0 173.0 0.22009118063197605
45 40 41 0.0 0.0 283.0 0.0 6110.0 13.0 484.0 0.16702457647339533
45 40 42 0.0 0.0 55.0 0.0 1449.0 5.0 12.0 0.40022870211549455
45 40 43 0.0 0.0 44.0 0.0 1445.0 11.0 14.0 0.4026459591601955
45 40 44 0.0 0.0 0.0 0.0 68.0 0.0 0.0 0.6769825918762088
45 40 45 0.0 0.0 0.0 0.0 36.0 0.0 0.0 0.6876227897838899
45 41 35 0.0 0.0 0.0 0.0 4.0 0.0 0.0 0.6986027944111775
45 41 36 0.0 0.0 1.0 0.0 51.0 1.0 0.0 0.6829268292682925
45 41 37 0.0 0.0 2.0 0.0 145.0 1.0 0.0 0.6523765144454798
45 41 38 0.0 0.0 156.0 0.0 3569.0 14.0 95.0 0.24509803921568624
45 41 39 0.0 0.0 557.0 0.0 10345.0 23.0 2988.0 0.10859447719515979
45 41 40 0.0 0.0 252.0 0.0 5906.0 18.0 420.0 0.17192680830160872
45 41 41 0.0 0.0 176.0 0.0 4288.0 16.0 164.0 0.21708792060784615
45 41 42 0.0 0.0 158.0 0.0 4082.0 10.0 162.0 0.2245749117741418
45 41 43 0.0 0.0 138.0 0.0 2979.0 10.0 65.0 0.27407987470634293
45 41 44 0.0 0.0 10.0 0.0 164.0 1.0 0.0 0.6442705936493326
45 41 45 0.0 0.0 0.0 0.0 3.0 0.0 0.0 0.6989515726410384
45 42 36 0.0 0.0 0.0 0.0 15.0 0.0 0.0 0.694789081885856
45 42 37 0.0 0.0 1.0 0.0 66.0 0.0 0.0 0.6773101112723753
45 42 38 0.0 0.0 149.0 0.0 4086.0 19.0 182.0 0.22515278224509486
45 42 39 0.0 0.0 131.0 0.0 2724.0 17.0 46.0 0.28925619834710736
45 42 40 0.0 0.0 246.0 0.0 5074.0 20.0 259.0 0.1917808219178082
45 42 41 0.0 0.0 1.0 0.0 145.0 1.0 0.0 0.6526806526806526
45 42 42 0.0 0.0 85.0 0.0 2207.0 8.0 35.0 0.326797385620915
45 42 43 0.0 0.0 0.0 0.0 74.0 0.0 0.0 0.6753497346840327
45 42 44 0.0 0.0 0.0 0.0 21.0 0.0 0.0 0.6927263730826323
45 42 45 0.0 0.0 0.0 0.0 1.0 0.0 0.0 0.6996501749125437
45 43 37 0.0 0.0 0.0 0.0 33.0 1.0 0.0 0.6889763779527558
45 43 38 0.0 0.0 93.0 0.0 2320.0 15.0 22.0 0.3183989083465999
45 43 39 0.0 0.0 559.0 0.0 9854.0 25.0 2167.0 0.11287591711682657
45 43 40 0.0 0.0 11.0 0.0 411.0 5.0 0.0 0.5792304509722795
45 43 41 0.0 0.0 17.0 0.0 367.0 0.0 2.0 0.587248322147651
45 43 42 0.0 0.0 0.0 0.0 33.0 0.0 0.0 0.6886374815543531
45 43 43 0.0 0.0 0.0 0.0 14.0 0.0 0.0 0.6951340615690167
45 43 44 0.0 0.0 1.0 0.0 40.0 0.0 0.0 0.6859382655560998
45 44 37 0.0 0.0 0.0 0.0 3.0 0.0 0.0 0.6989515726410384
45 44 38 0.0 0.0 54.0 0.0 1569.0 11.0 18.0 0.3875968992248061
45 44 39 0.0 0.0 3.0 0.0 140.0 0.0 0.0 0.6532897806812878
45 44 40 0.0 0.0 122.0 0.0 2757.0 19.0 62.0 0.28806584362139914
45 44 41 0.0 0.0 0.0 0.0 7.0 0.0 0.0 0.6975585450921773
45 44 42 0.0 0.0 0.0 0.0 6.0 0.0 0.0 0.6979062811565303
45 44 43 0.0 0.0 0.0 0.0 2.0 0.0 0.0 0.6993006993006992
45 44 44 0.0 0.0 0.0 0.0 5.0 0.0 0.0 0.6982543640897755
45 45 37 0.0 0.0 0.0 0.0 4.0 0.0 0.0 0.6986027944111775
45 45 38 0.0 0.0 0.0 0.0 2.0 0.0 0.0 0.6993006993006992
45 45 39 0.0 0.0 0.0 0.0 5.0 0.0 0.0 0.6982543640897755
45 45 40 0.0 0.0 0.0 0.0 2.0 0.0 0.0 0.6993006993006992
45 45 42 0.0 0.0 0.0 0.0 1.0 0.0 0.0 0.6996501749125437
46 35 38 0.0 0.0 0.0 0.0 1.0 0.0 0.0 0.6996501749125437
46 35 39 0.0 0.0 0.0 0.0 1.0 0.0 0.0 0.6996501749125437
46 35 40 0.0 0.0 0.0 0.0 4.0 0.0 0.0 0.6986027944111775
46 36 38 0.0 0.0 0.0 0.0 23.0 0.0 0.0 0.6920415224913494
46 36 39 0.0 0.0 0.0 0.0 24.0 0.0 0.0 0.6916996047430829
46 36 40 0.0 0.0 7.0 0.0 150.0 1.0 0.0 0.6496519721577725
46 36 41 0.0 0.0 17.0 0.0 392.0 4.0 1.0 0.582120582120582
46 36 42 0.0 0.0 6.0 0.0 116.0 2.0 0.0 0.6603773584905659
46 37 37 0.0 0.0 0.0 0.0 1.0 0.0 0.0 0.6996501749125437
46 37 38 0.0 0.0 58.0 0.0 1168.0 9.0 10.0 0.4351880634131178
46 37 39 0.0 0.0 53.0 0.0 1365.0 10.0 18.0 0.4106776180698152
46 37 40 0.0 0.0 165.0 0.0 4093.0 25.0 145.0 0.22453889334402563
46 37 41 0.0 0.0 83.0 0.0 2209.0 14.0 45.0 0.32725572697522204
46 37 42 0.0 0.0 0.0 0.0 81.0 0.0 0.0 0.6727534839019701
46 37 43 0.0 0.0 1.0 0.0 13.0 0.0 0.0 0.6951340615690167
46 38 37 0.0 0.0 0.0 0.0 12.0 0.0 0.0 0.6958250497017892
46 38 38 0.0 0.0 1.0 0.0 24.0 0.0 0.0 0.6913580246913579
46 38 39 0.0 0.0 50.0 0.0 1047.0 11.0 3.0 0.45366169799092676
46 38 40 0.0 0.0 17.0 0.0 481.0 5.0 3.0 0.5615724027276373
46 38 41 0.0 0.0 4.0 0.0 312.0 1.0 1.0 0.6050129645635263
46 38 42 0.0 0.0 2.0 0.0 168.0 0.0 0.0 0.6451612903225805
46 38 43 0.0 0.0 0.0 0.0 3.0 0.0 0.0 0.6989515726410384
46 38 45 0.0 0.0 0.0 0.0 1.0 0.0 0.0 0.6996501749125437
46 39 37 0.0 0.0 0.0 0.0 7.0 0.0 0.0 0.6975585450921773
46 39 38 0.0 0.0 0.0 0.0 8.0 0.0 0.0 0.697211155378486
46 39 39 0.0 0.0 7.0 0.0 158.0 0.0 1.0 0.6466512702078521
46 39 40 0.0 0.0 6.0 0.0 191.0 2.0 0.0 0.6378132118451024
46 39 41 0.0 0.0 33.0 0.0 645.0 7.0 1.0 0.5241482590789965
46 39 42 0.0 0.0 53.0 0.0 1150.0 7.0 4.0 0.4380475594493116
46 39 43 0.0 0.0 0.0 0.0 4.0 0.0 0.0 0.6986027944111775
46 39 44 0.0 0.0 0.0 0.0 2.0 0.0 0.0 0.6993006993006992
46 40 37 0.0 0.0 0.0 0.0 6.0 0.0 0.0 0.6979062811565303
46 40 38 0.0 0.0 30.0 0.0 677.0 5.0 3.0 0.5181347150259067
46 40 39 0.0 0.0 5.0 0.0 104.0 0.0 0.0 0.6638217164532954
46 40 40 0.0 0.0 10.0 0.0 379.0 1.0 2.0 0.5862646566164154
46 40 41 0.0 0.0 7.0 0.0 209.0 1.0 0.0 0.6320541760722347
46 40 42 0.0 0.0 0.0 0.0 34.0 0.0 0.0 0.6882989183874139
46 40 43 0.0 0.0 0.0 0.0 2.0 0.0 0.0 0.6993006993006992
46 41 36 0.0 0.0 0.0 0.0 1.0 0.0 0.0 0.6996501749125437
46 41 37 0.0 0.0 48.0 0.0 1171.0 4.0 8.0 0.43545878693623635
46 41 38 0.0 0.0 0.0 0.0 57.0 0.0 0.0 0.6806028196402526
46 41 39 0.0 0.0 101.0 0.0 2082.0 15.0 25.0 0.3358925143953934
46 41 40 0.0 0.0 3.0 0.0 164.0 0.0 0.0 0.646054453161052
46 41 41 0.0 0.0 7.0 0.0 193.0 2.0 0.0 0.6369426751592355
46 41 42 0.0 0.0 0.0 0.0 28.0 0.0 0.0 0.690335305719921
46 41 43 0.0 0.0 0.0 0.0 5.0 0.0 0.0 0.6982543640897755
46 42 37 0.0 0.0 0.0 0.0 9.0 0.0 0.0 0.6968641114982577
46 42 38 0.0 0.0 12.0 0.0 493.0 1.0 4.0 0.5591054313099041
46 42 39 0.0 0.0 38.0 0.0 871.0 8.0 2.0 0.48259220958290233
46 42 40 0.0 0.0 59.0 0.0 1340.0 19.0 5.0 0.41407867494824013
46 42 41 0.0 0.0 0.0 0.0 21.0 0.0 0.0 0.6927263730826323
46 42 42 0.0 0.0 0.0 0.0 12.0 0.0 0.0 0.6958250497017892
46 42 43 0.0 0.0 0.0 0.0 1.0 0.0 0.0 0.6996501749125437
46 43 37 0.0 0.0 1.0 0.0 24.0 1.0 0.0 0.6916996047430829
46 43 38 0.0 0.0 40.0 0.0 962.0 4.0 1.0 0.46697798532354895
46 43 39 0.0 0.0 140.0 0.0 3452.0 11.0 99.0 0.25080616266571115
46 43 40 0.0 0.0 3.0 0.0 82.0 2.0 0.0 0.6721075372059528
46 43 41 0.0 0.0 0.0 0.0 6.0 0.0 0.0 0.6979062811565303
46 43 43 0.0 0.0 0.0 0.0 2.0 0.0 0.0 0.6993006993006992
46 44 37 0.0 0.0 0.0 0.0 2.0 0.0 0.0 0.6993006993006992
46 44 38 0.0 0.0 28.0 0.0 800.0 7.0 3.0 0.49627791563275425
46 44 39 0.0 0.0 3.0 0.0 142.0 0.0 0.0 0.6526806526806526
46 44 40 0.0 0.0 0.0 0.0 42.0 0.0 0.0 0.6856023506366307
46 44 41 0.0 0.0 0.0 0.0 1.0 0.0 0.0 0.6996501749125437
46 45 37 0.0 0.0 0.0 0.0 1.0 0.0 0.0 0.6996501749125437
46 45 39 0.0 0.0 0.0 0.0 2.0 0.0 0.0 0.6993006993006992
46 45 40 0.0 0.0 0.0 0.0 3.0 0.0 0.0 0.6989515726410384
46 45 41 0.0 0.0 0.0 0.0 1.0 0.0 0.0 0.6996501749125437
47 36 39 0.0 0.0 0.0 0.0 13.0 0.0 0.0 0.695479384003974
47 36 40 0.0 0.0 0.0 0.0 4.0 0.0 0.0 0.6986027944111775
47 36 41 0.0 0.0 0.0 0.0 5.0 0.0 0.0 0.6982543640897755
47 36 42 0.0 0.0 0.0 0.0 2.0 0.0 0.0 0.6993006993006992
47 37 38 0.0 0.0 0.0 0.0 3.0 0.0 0.0 0.6989515726410384
47 37 39 0.0 0.0 0.0 0.0 1.0 0.0 0.0 0.6996501749125437
47 37 40 0.0 0.0 0.0 0.0 9.0 0.0 0.0 0.6968641114982577
47 37 41 0.0 0.0 0.0 0.0 7.0 0.0 0.0 0.6975585450921773
47 38 39 0.0 0.0 0.0 0.0 7.0 0.0 0.0 0.6975585450921773
47 38 40 0.0 0.0 0.0 0.0 8.0 0.0 0.0 0.697211155378486
47 38 41 0.0 0.0 6.0 0.0 222.0 1.0 0.0 0.6286484059272563
47 38 42 0.0 0.0 0.0 0.0 2.0 0.0 0.0 0.6993006993006992
47 39 38 0.0 0.0 0.0 0.0 1.0 0.0 0.0 0.6996501749125437
47 39 40 0.0 0.0 0.0 0.0 1.0 0.0 0.0 0.6996501749125437
47 39 41 0.0 0.0 0.0 0.0 2.0 0.0 0.0 0.6993006993006992
47 40 38 0.0 0.0 0.0 0.0 2.0 0.0 0.0 0.6993006993006992
47 41 40 0.0 0.0 0.0 0.0 2.0 0.0 0.0 0.6996501749125437
47 42 38 0.0 0.0 0.0 0.0 2.0 0.0 0.0 0.6993006993006992
47 42 39 0.0 0.0 0.0 0.0 1.0 0.0 0.0 0.6996501749125437
47 42 40 0.0 0.0 0.0 0.0 1.0 0.0 0.0 0.6996501749125437
47 43 38 0.0 0.0 0.0 0.0 4.0 0.0 0.0 0.6986027944111775
47 43 39 0.0 0.0 0.0 0.0 4.0 0.0 0.0 0.6986027944111775
47 43 40 0.0 0.0 0.0 0.0 1.0 0.0 0.0 0.6996501749125437
47 43 41 0.0 0.0 0.0 0.0 2.0 0.0 0.0 0.6993006993006992
47 44 38 0.0 0.0 0.0 0.0 2.0 0.0 0.0 0.6993006993006992
47 45 38 0.0 0.0 0.0 0.0 1.0 0.0 0.0 0.6996501749125437
