37 38 41 0.0 0.0 0.0 0.0 1.0 0.0 0.0 0.6996501749125437
37 39 38 0.0 0.0 0.0 0.0 2.0 0.0 0.0 0.6993006993006992
37 39 39 0.0 0.0 0.0 0.0 1.0 0.0 0.0 0.6996501749125437
37 40 39 0.0 0.0 0.0 0.0 2.0 0.0 0.0 0.6993006993006992
37 40 40 0.0 0.0 0.0 0.0 1.0 0.0 0.0 0.6996501749125437
37 40 41 0.0 0.0 0.0 0.0 4.0 0.0 0.0 0.6986027944111775
37 41 41 0.0 0.0 0.0 0.0 1.0 0.0 0.0 0.6996501749125437
37 42 39 0.0 0.0 0.0 0.0 1.0 0.0 0.0 0.6996501749125437
37 42 40 0.0 0.0 0.0 0.0 1.0 0.0 0.0 0.6996501749125437
37 42 41 0.0 0.0 0.0 0.0 1.0 0.0 0.0 0.6996501749125437
38 38 38 0.0 0.0 0.0 0.0 6.0 0.0 0.0 0.6979062811565303
38 38 39 0.0 0.0 0.0 0.0 9.0 0.0 0.0 0.6968641114982577
38 38 40 0.0 0.0 0.0 0.0 5.0 0.0 0.0 0.6982543640897755
38 38 41 0.0 0.0 0.0 0.0 5.0 0.0 0.0 0.6982543640897755
38 38 42 0.0 0.0 0.0 0.0 3.0 0.0 0.0 0.6989515726410384
38 39 38 0.0 0.0 0.0 0.0 2.0 0.0 0.0 0.6993006993006992
38 39 39 0.0 0.0 54.0 0.0 1243.0 10.0 8.0 0.4259202920596288
38 39 40 0.0 0.0 54.0 0.0 1488.0 16.0 13.0 0.39705048213272826
38 39 41 0.0 0.0 0.0 0.0 32.0 1.0 0.0 0.6893156080748399
38 39 42 0.0 0.0 0.0 0.0 7.0 0.0 0.0 0.6975585450921773
38 40 38 0.0 0.0 0.0 0.0 1.0 0.0 0.0 0.6996501749125437
38 40 39 0.0 0.0 1.0 0.0 101.0 2.0 1.0 0.6666666666666665
38 40 40 0.0 0.0 9.0 0.0 172.0 4.0 0.0 0.6433823529411764
38 40 41 0.0 0.0 5.0 0.0 113.0 2.0 0.0 0.661625708884688
38 40 42 0.0 0.0 0.0 0.0 4.0 0.0 0.0 0.6986027944111775
38 41 38 0.0 0.0 0.0 1.0 3.0 0.0 0.0 0.6986027944111775
38 41 39 0.0 0.0 5.0 0.0 71.0 1.0 0.0 0.6746987951807227
38 41 40 0.0 0.0 96.0 0.0 2305.0 9.0 35.0 0.3188339785925757
38 41 41 0.0 0.0 1.0 0.0 23.0 1.0 0.0 0.6923837784371908
38 42 39 0.0 0.0 0.0 0.0 3.0 0.0 0.0 0.6989515726410384
38 42 40 0.0 0.0 2.0 0.0 32.0 1.0 0.0 0.6886374815543531
38 42 41 0.0 0.0 0.0 0.0 4.0 0.0 0.0 0.6986027944111775
38 42 42 0.0 0.0 0.0 0.0 1.0 0.0 0.0 0.6996501749125437
39 38 38 0.0 0.0 0.0 0.0 1.0 0.0 0.0 0.6996501749125437
39 38 39 0.0 0.0 0.0 0.0 3.0 0.0 0.0 0.6989515726410384
39 38 40 0.0 0.0 8.0 0.0 129.0 2.0 0.0 0.6557377049180326
39 38 41 0.0 0.0 0.0 0.0 3.0 0.0 0.0 0.6989515726410384
39 38 42 0.0 0.0 0.0 0.0 6.0 0.0 0.0 0.6979062811565303
39 39 38 0.0 0.0 1.0 0.0 16.0 0.0 0.0 0.694100148735746
39 39 39 0.0 0.0 126.0 0.0 3300.0 16.0 103.0 0.2587322121604139
39 39 40 0.0 0.0 64.0 4.0 1762.0 5.0 16.0 0.3659174072138002
39 39 41 0.0 0.0 168.0 0.0 4443.0 16.0 216.0 0.21228203184230476
39 39 42 0.0 0.0 0.0 0.0 31.0 0.0 0.0 0.6893156080748399
39 40 38 0.0 0.0 0.0 0.0 15.0 0.0 0.0 0.694789081885856
39 40 39 0.0 0.0 120.0 8.0 3094.0 10.0 71.0 0.26855937080375974
39 40 40 0.0 0.0 492.0 2.0 9542.0 14.0 2029.0 0.11627906976744186
39 40 41 0.0 0.0 21.0 2.0 623.0 2.0 1.0 0.5295007564296519
39 40 42 0.0 0.0 0.0 0.0 18.0 0.0 0.0 0.6937561942517343
39 41 38 0.0 0.0 0.0 0.0 2.0 0.0 0.0 0.6993006993006992
39 41 39 0.0 0.0 2.0 19.0 239.0 1.0 1.0 0.6197432492253209
39 41 40 0.0 0.0 200.0 1.0 4718.0 17.0 248.0 0.20269292022585778
39 41 41 0.0 0.0 12.0 8.0 555.0 10.0 3.0 0.5460218408736348
39 41 42 0.0 0.0 3.0 0.0 38.0 0.0 0.0 0.6859382655560998
39 42 39 0.0 0.0 0.0 0.0 8.0 0.0 0.0 0.697211155378486
39 42 40 0.0 0.0 0.0 0.0 9.0 0.0 0.0 0.6968641114982577
39 42 41 0.0 0.0 0.0 0.0 12.0 0.0 0.0 0.6958250497017892
40 38 38 0.0 0.0 23.0 0.0 456.0 5.0 0.0 0.5658852061438965
40 38 39 0.0 0.0 0.0 0.0 19.0 0.0 0.0 0.6934125804853887
40 38 40 0.0 0.0 0.0 0.0 18.0 0.0 0.0 0.6937561942517343
40 38 41 0.0 0.0 5.0 0.0 89.0 0.0 0.0 0.6685768863419292
40 38 42 0.0 0.0 0.0 0.0 16.0 0.0 0.0 0.6944444444444444
40 39 38 0.0 0.0 10.0 0.0 223.0 3.0 1.0 0.6278026905829596
40 39 39 0.0 0.0 152.0 0.0 3701.0 15.0 124.0 0.2397260273972602
40 39 40 0.0 0.0 60.0 1.0 1148.0 14.0 6.0 0.4380475594493116
40 39 41 0.0 0.0 65.0 2.0 2057.0 12.0 28.0 0.34046692607003887
40 39 42 0.0 0.0 12.0 0.0 470.0 3.0 1.0 0.5647438483259378
40 40 38 0.0 0.0 28.0 0.0 502.0 7.0 1.0 0.5551149881046787
40 40 39 0.0 0.0 184.0 2.0 3831.0 21.0 123.0 0.23348899266177447
40 40 40 11.0 25.0 1006.0 452.0 12591.0 23.0 10476.0 0.08704843623702044
40 40 41 0.0 0.0 418.0 0.0 8392.0 23.0 1153.0 0.12974976830398516
40 40 42 0.0 0.0 4.0 0.0 87.0 2.0 0.0 0.6701771182383915
40 41 38 0.0 0.0 0.0 0.0 7.0 0.0 0.0 0.6975585450921773
40 41 39 0.0 0.0 9.0 0.0 341.0 4.0 0.0 0.5967604433077578
40 41 40 0.0 0.0 60.0 0.0 1572.0 12.0 13.0 0.38674033149171266
40 41 41 0.0 21.0 31.0 431.0 803.0 21.0 6.0 0.4287901990811638
40 41 42 0.0 0.0 5.0 0.0 126.0 3.0 0.0 0.6578947368421051
40 42 38 0.0 0.0 0.0 0.0 2.0 0.0 0.0 0.6993006993006992
40 42 39 0.0 0.0 0.0 0.0 16.0 0.0 0.0 0.6944444444444444
40 42 40 0.0 0.0 9.0 0.0 132.0 4.0 0.0 0.6551240056153486
40 42 41 0.0 0.0 0.0 0.0 4.0 0.0 0.0 0.6986027944111775
41 38 38 0.0 0.0 0.0 0.0 6.0 0.0 0.0 0.6979062811565303
41 38 39 0.0 0.0 0.0 0.0 8.0 0.0 0.0 0.697211155378486
41 38 40 0.0 0.0 0.0 0.0 17.0 0.0 0.0 0.694100148735746
41 38 41 0.0 0.0 0.0 0.0 5.0 0.0 0.0 0.6982543640897755
41 38 42 0.0 0.0 0.0 0.0 1.0 0.0 0.0 0.6996501749125437
41 39 38 0.0 0.0 0.0 0.0 23.0 0.0 0.0 0.6920415224913494
41 39 39 0.0 0.0 286.0 0.0 6114.0 15.0 448.0 0.1669051025274201
41 39 40 0.0 0.0 59.0 0.0 1263.0 13.0 5.0 0.42308854638863697
41 39 41 0.0 0.0 278.0 0.0 5527.0 25.0 315.0 0.1798330122029544
41 39 42 0.0 0.0 8.0 0.0 86.0 2.0 0.0 0.6692160611854684
41 40 38 0.0 0.0 2.0 0.0 22.0 0.0 0.0 0.6916996047430829
41 40 39 0.0 0.0 118.0 1.0 2729.0 9.0 41.0 0.2893757751136833
41 40 40 0.0 0.0 25.0 4.0 884.0 8.0 6.0 0.4819277108433734
41 40 41 0.0 0.0 358.0 0.0 7919.0 28.0 1203.0 0.13653208503998437
41 40 42 0.0 0.0 3.0 0.0 137.0 1.0 0.0 0.6545114539504441
41 41 38 0.0 0.0 0.0 0.0 6.0 0.0 0.0 0.6979062811565303
41 41 39 0.0 0.0 205.0 1.0 4116.0 19.0 172.0 0.22208121827411162
41 41 40 0.0 0.0 209.0 0.0 4856.0 21.0 265.0 0.19877892943348005
41 41 41 0.0 0.0 49.0 1.0 1277.0 9.0 12.0 0.42194092827004215
41 41 42 0.0 0.0 0.0 0.0 41.0 0.0 0.0 0.6859382655560998
41 42 38 0.0 0.0 0.0 0.0 2.0 0.0 0.0 0.6993006993006992
41 42 39 0.0 0.0 0.0 0.0 7.0 0.0 0.0 0.6975585450921773
41 42 40 0.0 0.0 0.0 0.0 12.0 0.0 0.0 0.6958250497017892
41 42 41 0.0 0.0 0.0 0.0 6.0 0.0 0.0 0.6979062811565303
41 42 42 0.0 0.0 0.0 0.0 2.0 0.0 0.0 0.6993006993006992
42 38 38 0.0 0.0 0.0 0.0 13.0 0.0 0.0 0.6958250497017892
42 38 39 0.0 0.0 6.0 0.0 190.0 3.0 0.0 0.6383948928408572
42 38 40 0.0 0.0 0.0 0.0 8.0 0.0 0.0 0.6975585450921773
42 38 41 0.0 0.0 0.0 0.0 1.0 0.0 0.0 0.6996501749125437
42 38 42 0.0 0.0 0.0 0.0 1.0 0.0 0.0 0.6996501749125437
42 39 38 0.0 0.0 0.0 0.0 12.0 0.0 0.0 0.6958250497017892
42 39 39 0.0 0.0 1.0 0.0 32.0 0.0 0.0 0.6886374815543531
42 39 40 0.0 0.0 0.0 0.0 18.0 0.0 0.0 0.6937561942517343
42 39 41 0.0 0.0 1.0 0.0 53.0 0.0 0.0 0.6815968841285296
42 39 42 0.0 0.0 10.0 0.0 195.0 2.0 0.0 0.6354970494779845
42 40 38 0.0 0.0 22.0 0.0 285.0 6.0 3.0 0.6084311169056931
42 40 39 0.0 0.0 8.0 0.0 144.0 1.0 0.0 0.6508600650860064
42 40 40 0.0 0.0 93.0 0.0 1827.0 11.0 17.0 0.35814786390381165
42 40 41 0.0 0.0 0.0 0.0 55.0 0.0 0.0 0.6812652068126519
42 40 42 0.0 0.0 0.0 0.0 33.0 0.0 0.0 0.6886374815543531
42 41 38 0.0 0.0 0.0 0.0 7.0 0.0 0.0 0.6975585450921773
42 41 39 0.0 0.0 4.0 0.0 14.0 0.0 0.0 0.6937561942517343
42 41 40 0.0 0.0 0.0 0.0 39.0 0.0 0.0 0.6866110838646394
42 41 41 0.0 0.0 44.0 0.0 991.0 11.0 3.0 0.4629629629629629
42 41 42 0.0 0.0 0.0 0.0 23.0 0.0 0.0 0.6920415224913494
42 42 38 0.0 0.0 0.0 0.0 1.0 0.0 0.0 0.6996501749125437
42 42 39 0.0 0.0 0.0 0.0 7.0 0.0 0.0 0.6975585450921773
42 42 40 0.0 0.0 3.0 0.0 70.0 1.0 0.0 0.6756756756756755
42 42 42 0.0 0.0 0.0 0.0 3.0 0.0 0.0 0.6989515726410384
43 39 41 0.0 0.0 0.0 0.0 2.0 0.0 0.0 0.6993006993006992
43 40 41 0.0 0.0 0.0 0.0 2.0 0.0 0.0 0.6993006993006992
43 41 42 0.0 0.0 0.0 0.0 1.0 0.0 0.0 0.6996501749125437
