39 39 39 0.0 0.0 0.0 0.0 5.0 0.0 0.0 0.6982543640897755
39 39 40 0.0 0.0 0.0 0.0 3.0 0.0 0.0 0.6989515726410384
39 39 41 0.0 0.0 0.0 0.0 2.0 0.0 0.0 0.6993006993006992
39 40 39 0.0 0.0 0.0 0.0 2.0 0.0 0.0 0.6996501749125437
39 40 40 0.0 0.0 5.0 0.0 57.0 2.0 0.0 0.6796116504854368
39 40 41 0.0 0.0 0.0 0.0 3.0 0.0 0.0 0.6989515726410384
39 41 39 0.0 0.0 0.0 0.0 3.0 0.0 0.0 0.6989515726410384
39 41 40 0.0 0.0 0.0 0.0 2.0 0.0 0.0 0.6993006993006992
39 41 41 0.0 0.0 0.0 1.0 7.0 0.0 0.0 0.697211155378486
40 39 39 0.0 0.0 0.0 0.0 2.0 0.0 0.0 0.6993006993006992
40 39 40 0.0 0.0 0.0 0.0 2.0 0.0 0.0 0.6993006993006992
40 39 41 0.0 0.0 0.0 0.0 1.0 0.0 0.0 0.6996501749125437
40 40 39 0.0 0.0 0.0 0.0 3.0 0.0 0.0 0.6989515726410384
40 40 40 11.0 6.0 256.0 89.0 4855.0 19.0 200.0 0.1944174420219414
40 40 41 0.0 0.0 1.0 0.0 20.0 1.0 0.0 0.6930693069306929
40 41 39 0.0 0.0 0.0 0.0 6.0 0.0 0.0 0.6979062811565303
40 41 40 0.0 0.0 0.0 0.0 4.0 0.0 0.0 0.6986027944111775
40 41 41 0.0 0.0 0.0 0.0 5.0 0.0 0.0 0.6982543640897755
41 39 39 0.0 0.0 0.0 0.0 3.0 0.0 0.0 0.6989515726410384
41 39 40 0.0 0.0 0.0 0.0 5.0 0.0 0.0 0.6982543640897755
41 39 41 0.0 0.0 0.0 0.0 2.0 0.0 0.0 0.6993006993006992
41 40 39 0.0 0.0 0.0 0.0 1.0 0.0 0.0 0.6996501749125437
41 40 40 0.0 0.0 0.0 0.0 10.0 0.0 0.0 0.6965174129353233
41 40 41 0.0 0.0 3.0 0.0 29.0 0.0 0.0 0.6889763779527558
41 41 39 0.0 0.0 0.0 0.0 2.0 0.0 0.0 0.6993006993006992
41 41 40 0.0 0.0 0.0 0.0 7.0 0.0 0.0 0.6975585450921773
41 41 41 0.0 0.0 0.0 0.0 2.0 0.0 0.0 0.6993006993006992
