35 39 38 0.0 0.0 0.0 0.0 1.0 0.0 0.0 0.6996501749125437
35 40 39 0.0 0.0 2.0 0.0 19.0 0.0 0.0 0.6927263730826323
35 41 39 0.0 0.0 2.0 0.0 8.0 0.0 0.0 0.6965174129353233
36 37 38 0.0 0.0 0.0 0.0 3.0 0.0 0.0 0.6989515726410384
36 37 39 0.0 0.0 0.0 0.0 6.0 0.0 0.0 0.6979062811565303
36 37 40 0.0 0.0 0.0 0.0 7.0 0.0 0.0 0.6975585450921773
36 37 41 0.0 0.0 0.0 0.0 6.0 0.0 0.0 0.6982543640897755
36 37 42 0.0 0.0 0.0 0.0 2.0 0.0 0.0 0.6993006993006992
36 38 38 0.0 0.0 0.0 0.0 4.0 0.0 0.0 0.6986027944111775
36 38 39 0.0 0.0 0.0 0.0 8.0 0.0 0.0 0.697211155378486
36 38 40 0.0 0.0 0.0 0.0 14.0 0.0 0.0 0.6951340615690167
36 38 41 0.0 0.0 0.0 0.0 8.0 0.0 0.0 0.697211155378486
36 38 42 0.0 0.0 0.0 0.0 6.0 0.0 0.0 0.6979062811565303
36 39 38 0.0 0.0 1.0 0.0 10.0 0.0 0.0 0.6961710591745399
36 39 39 0.0 0.0 1.0 0.0 40.0 0.0 0.0 0.6859382655560998
36 39 40 0.0 0.0 0.0 0.0 23.0 0.0 0.0 0.6923837784371908
36 39 41 0.0 0.0 0.0 0.0 4.0 0.0 0.0 0.6986027944111775
36 39 42 0.0 0.0 1.0 0.0 39.0 0.0 0.0 0.6862745098039215
36 40 38 0.0 0.0 0.0 0.0 7.0 0.0 0.0 0.6975585450921773
36 40 39 0.0 0.0 31.0 0.0 1002.0 5.0 6.0 0.4626569729015201
36 40 40 0.0 0.0 0.0 0.0 9.0 0.0 0.0 0.6968641114982577
36 40 41 0.0 0.0 0.0 0.0 7.0 0.0 0.0 0.6975585450921773
36 40 42 0.0 0.0 0.0 0.0 9.0 0.0 0.0 0.6968641114982577
36 40 43 0.0 0.0 0.0 0.0 6.0 0.0 0.0 0.6979062811565303
36 41 38 0.0 0.0 0.0 0.0 4.0 0.0 0.0 0.6986027944111775
36 41 39 0.0 0.0 9.0 0.0 258.0 2.0 1.0 0.6181015452538631
36 41 40 0.0 0.0 0.0 0.0 8.0 0.0 0.0 0.697211155378486
36 41 41 0.0 0.0 11.0 0.0 143.0 5.0 0.0 0.6514657980456026
36 41 42 0.0 0.0 2.0 0.0 46.0 2.0 0.0 0.6842619745845552
36 41 43 0.0 0.0 0.0 0.0 4.0 0.0 0.0 0.6986027944111775
36 42 38 0.0 0.0 0.0 0.0 1.0 0.0 0.0 0.6996501749125437
36 42 39 0.0 0.0 0.0 0.0 2.0 0.0 0.0 0.6993006993006992
36 42 40 0.0 0.0 0.0 0.0 5.0 0.0 0.0 0.6982543640897755
36 42 41 0.0 0.0 0.0 0.0 3.0 0.0 0.0 0.6989515726410384
36 42 42 0.0 0.0 0.0 0.0 8.0 0.0 0.0 0.697211155378486
36 42 43 0.0 0.0 0.0 0.0 11.0 0.0 0.0 0.6961710591745399
36 43 39 0.0 0.0 0.0 0.0 2.0 0.0 0.0 0.6993006993006992
36 43 40 0.0 0.0 0.0 0.0 1.0 0.0 0.0 0.6996501749125437
36 43 41 0.0 0.0 0.0 0.0 1.0 0.0 0.0 0.6996501749125437
37 36 38 0.0 0.0 0.0 0.0 1.0 0.0 0.0 0.6996501749125437
37 37 37 0.0 0.0 0.0 0.0 7.0 0.0 0.0 0.6975585450921773
37 37 38 0.0 0.0 0.0 0.0 20.0 0.0 0.0 0.6930693069306929
37 37 39 0.0 0.0 0.0 0.0 14.0 0.0 0.0 0.6951340615690167
37 37 40 0.0 0.0 25.0 0.0 441.0 6.0 0.0 0.5691056910569106
37 37 41 0.0 0.0 0.0 0.0 18.0 0.0 0.0 0.6937561942517343
37 37 42 0.0 0.0 3.0 0.0 41.0 0.0 0.0 0.684931506849315
37 38 37 0.0 0.0 0.0 0.0 10.0 0.0 0.0 0.6965174129353233
37 38 38 0.0 0.0 3.0 0.0 102.0 1.0 1.0 0.6657156443176413
37 38 39 0.0 0.0 200.0 0.0 4503.0 20.0 201.0 0.2093301435406698
37 38 40 0.0 0.0 97.0 0.0 2303.0 12.0 29.0 0.31919744642042863
37 38 41 0.0 0.0 258.0 0.0 5482.0 20.0 335.0 0.18122977346278316
37 38 42 0.0 0.0 1.0 0.0 43.0 1.0 0.0 0.6852667645619186
37 39 37 0.0 0.0 0.0 0.0 2.0 0.0 0.0 0.6993006993006992
37 39 38 0.0 0.0 2.0 0.0 254.0 2.0 0.0 0.6213936972924988
37 39 39 0.0 0.0 61.0 0.0 1529.0 15.0 10.0 0.39171796306659196
37 39 40 0.0 0.0 55.0 0.0 1474.0 9.0 16.0 0.39784029553850525
37 39 41 0.0 0.0 3.0 0.0 250.0 0.0 1.0 0.6213936972924988
37 39 42 0.0 0.0 1.0 0.0 88.0 1.0 0.0 0.670819357930043
37 39 43 0.0 0.0 9.0 0.0 96.0 4.0 0.0 0.6663493574488338
37 40 37 0.0 0.0 0.0 0.0 2.0 0.0 0.0 0.6996501749125437
37 40 38 0.0 0.0 7.0 0.0 218.0 1.0 0.0 0.6294964028776977
37 40 39 0.0 0.0 352.0 0.0 6933.0 24.0 610.0 0.15112262521588943
37 40 40 0.0 0.0 99.0 0.0 2292.0 16.0 34.0 0.31999999999999995
37 40 41 0.0 0.0 54.0 0.0 1651.0 9.0 11.0 0.3786854206113064
37 40 42 0.0 0.0 40.0 0.0 1054.0 10.0 2.0 0.4539559014267185
37 40 43 0.0 0.0 4.0 0.0 87.0 1.0 0.0 0.6698564593301434
37 41 37 0.0 0.0 0.0 0.0 3.0 0.0 0.0 0.6989515726410384
37 41 38 0.0 0.0 31.0 0.0 465.0 1.0 1.0 0.5613472333600641
37 41 39 0.0 0.0 93.0 0.0 2260.0 20.0 41.0 0.323027226580526
37 41 40 0.0 0.0 72.0 0.0 2057.0 9.0 25.0 0.3398883224083515
37 41 41 0.0 0.0 147.0 0.0 3628.0 9.0 90.0 0.24284475281873372
37 41 42 0.0 0.0 329.0 0.0 6951.0 16.0 698.0 0.15105740181268879
37 41 43 0.0 0.0 0.0 0.0 32.0 0.0 0.0 0.6889763779527558
37 42 38 0.0 0.0 9.0 0.0 232.0 2.0 1.0 0.6252791424743188
37 42 39 0.0 0.0 6.0 0.0 291.0 5.0 0.0 0.6108202443280977
37 42 40 0.0 0.0 51.0 0.0 1434.0 7.0 10.0 0.40253018976423227
37 42 41 0.0 0.0 3.0 0.0 176.0 1.0 0.0 0.6427915518824608
37 42 42 0.0 0.0 8.0 0.0 169.0 1.0 0.0 0.6433823529411764
37 42 43 0.0 0.0 19.0 0.0 296.0 4.0 1.0 0.6057983556901773
37 43 38 0.0 0.0 0.0 0.0 6.0 0.0 0.0 0.6979062811565303
37 43 39 0.0 0.0 1.0 0.0 18.0 1.0 0.0 0.6937561942517343
37 43 40 0.0 0.0 0.0 0.0 41.0 0.0 0.0 0.6859382655560998
37 43 41 0.0 0.0 20.0 0.0 247.0 3.0 0.0 0.6183745583038868
37 43 42 0.0 0.0 0.0 0.0 9.0 0.0 0.0 0.6968641114982577
38 36 39 0.0 0.0 0.0 0.0 5.0 0.0 0.0 0.6982543640897755
38 36 40 0.0 0.0 0.0 0.0 4.0 0.0 0.0 0.6986027944111775
38 36 41 0.0 0.0 0.0 0.0 1.0 0.0 0.0 0.6996501749125437
38 37 37 0.0 0.0 1.0 0.0 28.0 1.0 0.0 0.690335305719921
38 37 38 0.0 0.0 2.0 0.0 58.0 0.0 0.0 0.6796116504854368
38 37 39 0.0 0.0 55.0 0.0 1279.0 7.0 7.0 0.4209260372820204
38 37 40 0.0 0.0 2.0 0.0 93.0 0.0 0.0 0.6685768863419292
38 37 41 0.0 0.0 8.0 0.0 467.0 3.0 0.0 0.5663430420711973
38 37 42 0.0 0.0 0.0 0.0 14.0 1.0 0.0 0.695479384003974
38 38 37 0.0 0.0 0.0 0.0 27.0 0.0 0.0 0.6906758756783422
38 38 38 0.0 0.0 283.0 0.0 6190.0 21.0 487.0 0.16556291390728473
38 38 39 0.0 0.0 203.0 0.0 4556.0 22.0 179.0 0.20780762950868337
38 38 40 0.0 0.0 62.0 0.0 1595.0 10.0 18.0 0.38419319429198673
38 38 41 0.0 0.0 303.0 0.0 6131.0 27.0 449.0 0.16642891107941035
38 38 42 0.0 0.0 52.0 0.0 1244.0 7.0 5.0 0.4256612952265125
38 38 43 0.0 0.0 1.0 0.0 6.0 0.0 0.0 0.6975585450921773
38 39 36 0.0 0.0 0.0 0.0 1.0 0.0 0.0 0.6996501749125437
38 39 37 0.0 0.0 8.0 0.0 210.0 3.0 0.0 0.6320541760722347
38 39 38 0.0 0.0 58.0 0.0 1579.0 20.0 14.0 0.3870611003594138
38 39 39 0.0 0.0 643.0 0.0 11283.0 19.0 4854.0 0.10053138015223322
38 39 40 0.0 0.0 786.0 0.0 12096.0 29.0 5629.0 0.09411764705882351
38 39 41 0.0 0.0 165.0 0.0 4691.0 13.0 288.0 0.20452885317750177
38 39 42 0.0 0.0 33.0 0.0 1090.0 9.0 8.0 0.44958253050738595
38 39 43 0.0 0.0 0.0 0.0 21.0 0.0 0.0 0.6927263730826323
38 39 44 0.0 0.0 0.0 0.0 1.0 0.0 0.0 0.6996501749125437
38 40 37 0.0 0.0 2.0 0.0 74.0 1.0 0.0 0.6746987951807227
38 40 38 0.0 0.0 100.0 0.0 2576.0 19.0 56.0 0.30062271848829714
38 40 39 0.0 0.0 571.0 0.0 10337.0 32.0 2378.0 0.10861975327798898
38 40 40 0.0 0.0 514.0 0.0 10163.0 25.0 2537.0 0.11050595942852633
38 40 41 0.0 0.0 516.0 1.0 9805.0 24.0 2279.0 0.11374715632109197
38 40 42 0.0 0.0 211.0 1.0 4396.0 22.0 174.0 0.21253985122210411
38 40 43 0.0 0.0 3.0 0.0 105.0 0.0 0.0 0.6644518272425248
38 40 44 0.0 0.0 0.0 0.0 1.0 0.0 0.0 0.6996501749125437
38 41 37 0.0 0.0 1.0 0.0 130.0 0.0 0.0 0.6569685593618019
38 41 38 0.0 0.0 6.0 4.0 423.0 3.0 3.0 0.5763688760806915
38 41 39 0.0 0.0 405.0 0.0 8574.0 20.0 1552.0 0.1276207839562443
38 41 40 0.0 0.0 744.0 0.0 12018.0 19.0 6382.0 0.09486380268329041
38 41 41 0.0 0.0 357.0 0.0 7696.0 37.0 832.0 0.1396787389005288
38 41 42 0.0 0.0 156.0 0.0 3432.0 22.0 81.0 0.2514367816091954
38 41 43 0.0 0.0 3.0 0.0 68.0 1.0 0.0 0.6763285024154588
38 41 44 0.0 0.0 0.0 0.0 3.0 0.0 0.0 0.6989515726410384
38 42 37 0.0 0.0 0.0 0.0 1.0 0.0 0.0 0.6996501749125437
38 42 38 0.0 0.0 3.0 0.0 137.0 1.0 0.0 0.6548175865294666
38 42 39 0.0 0.0 260.0 0.0 5894.0 17.0 435.0 0.17190569744597248
38 42 40 0.0 0.0 369.0 0.0 8156.0 26.0 1210.0 0.1333079413445058
38 42 41 0.0 0.0 265.0 1.0 5711.0 21.0 368.0 0.17590149516270887
38 42 42 0.0 0.0 1.0 0.0 134.0 2.0 0.0 0.6563525550867322
38 42 43 0.0 0.0 0.0 0.0 38.0 0.0 0.0 0.6869479882237487
38 43 38 0.0 0.0 0.0 0.0 4.0 0.0 0.0 0.6986027944111775
38 43 39 0.0 0.0 90.0 1.0 2199.0 10.0 24.0 0.32687368666822314
38 43 40 0.0 0.0 7.0 0.0 231.0 0.0 0.0 0.6258381761287437
38 43 41 0.0 0.0 0.0 0.0 39.0 0.0 0.0 0.6866110838646394
38 43 42 0.0 0.0 0.0 0.0 16.0 0.0 0.0 0.6944444444444444
38 44 40 0.0 0.0 0.0 0.0 1.0 0.0 0.0 0.6996501749125437
39 36 38 0.0 0.0 0.0 0.0 2.0 0.0 0.0 0.6993006993006992
39 36 40 0.0 0.0 1.0 0.0 11.0 0.0 0.0 0.6958250497017892
39 36 41 0.0 0.0 0.0 0.0 8.0 1.0 0.0 0.6975585450921773
39 36 42 0.0 0.0 0.0 0.0 3.0 0.0 0.0 0.6989515726410384
39 37 36 0.0 0.0 0.0 0.0 2.0 0.0 0.0 0.6993006993006992
39 37 37 0.0 0.0 9.0 0.0 303.0 2.0 0.0 0.606060606060606
39 37 38 0.0 0.0 16.0 0.0 297.0 5.0 0.0 0.606585788561525
39 37 39 0.0 0.0 12.0 0.0 392.0 2.0 1.0 0.5833333333333333
39 37 40 0.0 0.0 178.0 0.0 3926.0 23.0 121.0 0.23011176857330698
39 37 41 0.0 0.0 116.0 0.0 2845.0 18.0 60.0 0.2831715210355987
39 37 42 0.0 0.0 0.0 0.0 31.0 1.0 0.0 0.689655172413793
39 37 43 0.0 0.0 3.0 0.0 65.0 1.0 1.0 0.6769825918762088
39 38 36 0.0 0.0 0.0 0.0 14.0 0.0 0.0 0.6951340615690167
39 38 37 0.0 0.0 81.0 0.0 2101.0 11.0 32.0 0.3356509230400383
39 38 38 0.0 0.0 206.0 0.0 4107.0 17.0 133.0 0.2222222222222222
39 38 39 0.0 0.0 207.0 0.0 5050.0 14.0 280.0 0.19307681699075985
39 38 40 0.0 0.0 598.0 0.0 10740.0 31.0 2985.0 0.10508932592703797
39 38 41 0.0 0.0 85.0 0.0 2336.0 14.0 42.0 0.31774852473899223
39 38 42 0.0 0.0 146.0 0.0 3677.0 19.0 108.0 0.24121295658166778
39 38 43 0.0 0.0 0.0 0.0 51.0 0.0 1.0 0.68259385665529
39 39 36 0.0 0.0 4.0 0.0 67.0 2.0 0.0 0.6766553890768486
39 39 37 0.0 0.0 54.0 0.0 1511.0 9.0 16.0 0.3938115330520393
39 39 38 0.0 0.0 411.0 0.0 8506.0 15.0 1200.0 0.12838147638697844
39 39 39 0.0 0.0 777.0 3.0 12132.0 26.0 7472.0 0.09391561011605286
39 39 40 0.0 0.0 783.0 10.0 12238.0 25.0 6290.0 0.09322146757224663
39 39 41 0.0 0.0 991.0 2.0 12740.0 34.0 9993.0 0.08902454533892916
39 39 42 0.0 0.0 138.0 1.0 3484.0 13.0 117.0 0.24946543121881679
39 39 43 0.0 0.0 2.0 0.0 97.0 0.0 0.0 0.6669842782277274
39 40 36 0.0 0.0 0.0 0.0 8.0 0.0 0.0 0.697211155378486
39 40 37 0.0 0.0 135.0 0.0 3011.0 15.0 57.0 0.27279812938425557
39 40 38 0.0 0.0 432.0 1.0 8615.0 28.0 1450.0 0.12699564586357037
39 40 39 0.0 0.0 869.0 9.0 12490.0 25.0 7674.0 0.09115176769320918
39 40 40 0.0 1.0 1565.0 15.0 13028.0 39.0 22074.0 0.08422065812428561
39 40 41 1.0 2.0 632.0 41.0 11105.0 30.0 3404.0 0.10171461784365009
39 40 42 0.0 0.0 104.0 4.0 2880.0 11.0 61.0 0.28129395218002806
39 40 43 0.0 0.0 101.0 0.0 2300.0 12.0 37.0 0.31897926634768736
39 40 44 0.0 0.0 1.0 0.0 9.0 1.0 0.0 0.6968641114982577
39 41 36 0.0 0.0 0.0 0.0 2.0 0.0 0.0 0.6993006993006992
39 41 37 0.0 0.0 21.0 0.0 519.0 5.0 1.0 0.5522682445759368
39 41 38 0.0 0.0 19.0 0.0 880.0 5.0 2.0 0.4837595024187975
39 41 39 0.0 0.0 567.0 49.0 10178.0 26.0 2513.0 0.10957188698442512
39 41 40 0.0 0.0 970.0 16.0 12751.0 35.0 10487.0 0.08901322482197355
39 41 41 0.0 0.0 580.0 26.0 10535.0 38.0 3026.0 0.1067317221925745
39 41 42 0.0 0.0 292.0 6.0 6920.0 18.0 840.0 0.1520747338692157
39 41 43 0.0 0.0 172.0 0.0 3757.0 15.0 103.0 0.23660638837248604
39 41 44 0.0 0.0 0.0 0.0 3.0 0.0 0.0 0.6989515726410384
39 42 37 0.0 0.0 68.0 0.0 1747.0 16.0 19.0 0.36851803106080544
39 42 38 0.0 0.0 3.0 0.0 218.0 0.0 0.0 0.6306306306306305
39 42 39 0.0 0.0 22.0 0.0 841.0 6.0 6.0 0.4900245012250612
39 42 40 0.0 0.0 275.0 33.0 5953.0 23.0 417.0 0.16986168405726762
39 42 41 0.0 1.0 386.0 12.0 8194.0 21.0 1232.0 0.1323126358567243
39 42 42 0.0 0.0 11.0 11.0 439.0 5.0 0.0 0.570264765784114
39 42 43 0.0 0.0 60.0 0.0 1305.0 11.0 9.0 0.417412045319022
39 42 44 0.0 0.0 0.0 0.0 2.0 0.0 0.0 0.6993006993006992
39 43 37 0.0 0.0 0.0 0.0 16.0 0.0 0.0 0.6944444444444444
39 43 38 0.0 0.0 0.0 0.0 22.0 0.0 0.0 0.6923837784371908
39 43 39 0.0 0.0 29.0 0.0 799.0 8.0 1.0 0.49645390070921974
39 43 40 0.0 0.0 2.0 0.0 139.0 1.0 0.0 0.6548175865294666
39 43 41 0.0 0.0 17.0 0.0 417.0 4.0 0.0 0.5761316872427983
39 43 42 0.0 0.0 0.0 0.0 12.0 0.0 0.0 0.6958250497017892
39 43 43 0.0 0.0 0.0 0.0 1.0 0.0 0.0 0.6996501749125437
39 44 41 0.0 0.0 0.0 0.0 1.0 0.0 0.0 0.6996501749125437
40 36 37 0.0 0.0 0.0 0.0 2.0 0.0 0.0 0.6993006993006992
40 36 38 0.0 0.0 0.0 0.0 6.0 0.0 0.0 0.6979062811565303
40 36 39 0.0 0.0 0.0 0.0 8.0 0.0 0.0 0.697211155378486
40 36 40 0.0 0.0 0.0 0.0 3.0 0.0 0.0 0.6989515726410384
40 36 41 0.0 0.0 0.0 0.0 2.0 0.0 0.0 0.6993006993006992
40 36 42 0.0 0.0 0.0 0.0 5.0 0.0 0.0 0.6982543640897755
40 37 36 0.0 0.0 1.0 0.0 6.0 0.0 0.0 0.6975585450921773
40 37 37 0.0 0.0 0.0 0.0 73.0 0.0 0.0 0.6753497346840327
40 37 38 0.0 0.0 17.0 0.0 427.0 3.0 3.0 0.5733005733005732
40 37 39 0.0 0.0 69.0 0.0 1557.0 16.0 14.0 0.38781163434903043
40 37 40 0.0 0.0 31.0 0.0 605.0 7.0 2.0 0.5329272934906736
40 37 41 0.0 0.0 0.0 0.0 117.0 0.0 1.0 0.6613131790269249
40 37 42 0.0 0.0 0.0 0.0 41.0 0.0 0.0 0.6859382655560998
40 37 43 0.0 0.0 0.0 0.0 9.0 0.0 0.0 0.6968641114982577
40 38 36 0.0 0.0 0.0 0.0 10.0 0.0 0.0 0.6965174129353233
40 38 37 0.0 0.0 294.0 0.0 6276.0 27.0 478.0 0.1638768582465176
40 38 38 0.0 0.0 568.0 0.0 10695.0 25.0 3319.0 0.10566835232847761
40 38 39 0.0 0.0 383.0 0.0 7859.0 32.0 1027.0 0.13693270735524254
40 38 40 0.0 0.0 381.0 0.0 7869.0 26.0 964.0 0.1369059260707999
40 38 41 0.0 0.0 449.0 0.0 8670.0 26.0 1429.0 0.12610340479192936
40 38 42 0.0 0.0 202.0 0.0 4592.0 19.0 190.0 0.20664206642066418
40 38 43 0.0 0.0 1.0 0.0 85.0 0.0 0.0 0.6711409395973154
40 38 44 0.0 0.0 0.0 0.0 3.0 0.0 0.0 0.6989515726410384
40 39 36 0.0 0.0 2.0 0.0 30.0 0.0 0.0 0.6889763779527558
40 39 37 0.0 0.0 176.0 0.0 4147.0 19.0 140.0 0.2220459952418715
40 39 38 0.0 0.0 525.0 0.0 10070.0 19.0 2434.0 0.11119936457505956
40 39 39 0.0 1.0 877.0 9.0 12451.0 24.0 8967.0 0.09127656800104315
40 39 40 0.0 0.0 771.0 5.0 12182.0 32.0 5683.0 0.09364548494983276
40 39 41 0.0 2.0 729.0 55.0 11634.0 36.0 5450.0 0.09724248107244564
40 39 42 0.0 0.0 585.0 1.0 10420.0 36.0 2936.0 0.10782501540357362
40 39 43 0.0 0.0 31.0 0.0 592.0 6.0 0.0 0.5351681957186544
40 39 44 0.0 0.0 0.0 0.0 4.0 0.0 0.0 0.6986027944111775
40 40 36 0.0 0.0 32.0 0.0 725.0 7.0 3.0 0.5089058524173027
40 40 37 0.0 0.0 175.0 0.0 4095.0 22.0 143.0 0.22399999999999998
40 40 38 0.0 0.0 646.0 0.0 11112.0 23.0 3838.0 0.10184040154215464
40 40 39 0.0 5.0 994.0 55.0 12980.0 40.0 9894.0 0.0873253493013972
40 40 40 10.0 48.0 2127.0 420.0 10481.0 52.0 43395.0 0.09273979862215155
40 40 41 0.0 3.0 1406.0 28.0 13140.0 31.0 18655.0 0.08440853732063185
40 40 42 0.0 1.0 472.0 14.0 9487.0 19.0 2067.0 0.11704706964300642
40 40 43 0.0 0.0 107.0 0.0 2259.0 14.0 31.0 0.3216911764705882
40 40 44 0.0 0.0 0.0 0.0 5.0 0.0 0.0 0.6982543640897755
40 41 35 0.0 0.0 0.0 0.0 1.0 0.0 0.0 0.6996501749125437
40 41 36 0.0 0.0 0.0 0.0 10.0 0.0 0.0 0.6965174129353233
40 41 37 0.0 0.0 90.0 0.0 2395.0 11.0 33.0 0.31284916201117313
40 41 38 0.0 0.0 278.0 1.0 5630.0 21.0 345.0 0.17748478701825557
40 41 39 0.0 0.0 585.0 0.0 10513.0 20.0 2873.0 0.10694370177984874
40 41 40 0.0 4.0 808.0 63.0 12298.0 35.0 6204.0 0.09234828496042215
40 41 41 0.0 259.0 562.0 4609.0 8205.0 23.0 4980.0 0.08955987717502559
40 41 42 0.0 0.0 544.0 12.0 10163.0 26.0 2385.0 0.11018416496143553
40 41 43 0.0 0.0 1.0 0.0 149.0 0.0 0.0 0.6511627906976742
40 41 44 0.0 0.0 0.0 0.0 9.0 0.0 0.0 0.6968641114982577
40 42 36 0.0 0.0 0.0 0.0 8.0 0.0 0.0 0.697211155378486
40 42 37 0.0 0.0 0.0 0.0 47.0 0.0 0.0 0.6839276990718123
40 42 38 0.0 0.0 267.0 0.0 6489.0 8.0 651.0 0.15989036089538602
40 42 39 0.0 0.0 198.0 0.0 4475.0 27.0 198.0 0.21055797864340497
40 42 40 0.0 0.0 650.0 13.0 10745.0 26.0 3028.0 0.1045400238948626
40 42 41 0.0 1.0 191.0 17.0 4454.0 17.0 222.0 0.21055797864340497
40 42 42 0.0 0.0 11.0 40.0 439.0 3.0 3.0 0.5629272215520706
40 42 43 0.0 0.0 118.0 0.0 2814.0 17.0 51.0 0.2848423194303153
40 42 44 0.0 0.0 0.0 0.0 5.0 0.0 0.0 0.6982543640897755
40 43 37 0.0 0.0 0.0 0.0 10.0 0.0 0.0 0.6965174129353233
40 43 38 0.0 0.0 21.0 0.0 263.0 3.0 0.0 0.6140350877192982
40 43 39 0.0 0.0 5.0 0.0 234.0 5.0 1.0 0.6266786034019695
40 43 40 0.0 0.0 2.0 1.0 140.0 2.0 0.0 0.6539000467071461
40 43 41 0.0 0.0 106.0 0.0 2333.0 12.0 32.0 0.3161698283649503
40 43 42 0.0 0.0 2.0 0.0 109.0 1.0 0.0 0.6635071090047392
40 43 43 0.0 0.0 0.0 0.0 12.0 0.0 0.0 0.6958250497017892
40 43 44 0.0 0.0 0.0 0.0 4.0 0.0 0.0 0.6986027944111775
41 36 36 0.0 0.0 0.0 0.0 1.0 0.0 0.0 0.6996501749125437
41 36 37 0.0 0.0 0.0 0.0 2.0 0.0 0.0 0.6993006993006992
41 36 38 0.0 0.0 0.0 0.0 2.0 0.0 0.0 0.6993006993006992
41 36 39 0.0 0.0 0.0 0.0 10.0 0.0 0.0 0.6965174129353233
41 36 40 0.0 0.0 0.0 0.0 6.0 0.0 0.0 0.6979062811565303
41 37 36 0.0 0.0 0.0 0.0 6.0 0.0 0.0 0.6979062811565303
41 37 37 0.0 0.0 150.0 0.0 3139.0 18.0 72.0 0.2656042496679947
41 37 38 0.0 0.0 29.0 0.0 574.0 7.0 1.0 0.5392912172573189
41 37 39 0.0 0.0 235.0 0.0 5031.0 22.0 263.0 0.19318338622878428
41 37 40 0.0 0.0 0.0 0.0 135.0 2.0 1.0 0.6563525550867322
41 37 41 0.0 0.0 15.0 0.0 284.0 6.0 1.0 0.6105538595726122
41 37 42 0.0 0.0 7.0 0.0 172.0 3.0 0.0 0.6433823529411764
41 37 43 0.0 0.0 0.0 0.0 9.0 0.0 0.0 0.6968641114982577
41 38 36 0.0 0.0 0.0 0.0 24.0 0.0 0.0 0.6916996047430829
41 38 37 0.0 0.0 8.0 0.0 234.0 1.0 0.0 0.6247211066488174
41 38 38 0.0 0.0 406.0 0.0 8565.0 20.0 1363.0 0.12776054024457015
41 38 39 0.0 0.0 208.0 0.0 4888.0 14.0 252.0 0.19768426998023156
41 38 40 0.0 0.0 175.0 0.0 4563.0 18.0 239.0 0.2083333333333333
41 38 41 0.0 2.0 174.0 52.0 4174.0 12.0 201.0 0.2189895197872673
41 38 42 0.0 0.0 217.0 0.0 4848.0 16.0 272.0 0.19852524106636413
41 38 43 0.0 0.0 11.0 0.0 340.0 3.0 0.0 0.5962521294718909
41 38 44 0.0 0.0 0.0 0.0 6.0 0.0 0.0 0.6979062811565303
41 39 36 0.0 0.0 0.0 0.0 26.0 0.0 0.0 0.6910167818361302
41 39 37 0.0 0.0 40.0 0.0 821.0 11.0 2.0 0.4912280701754385
41 39 38 0.0 0.0 448.0 0.0 8845.0 25.0 1459.0 0.12414649286157663
41 39 39 0.0 0.0 1174.0 3.0 12996.0 43.0 13524.0 0.08665511265164644
41 39 40 0.0 0.0 780.0 2.0 12102.0 24.0 5795.0 0.09413663259817104
41 39 41 0.0 0.0 1138.0 6.0 13187.0 49.0 12855.0 0.085831647354546
41 39 42 0.0 0.0 530.0 0.0 10246.0 31.0 2781.0 0.1097694840834248
41 39 43 0.0 0.0 100.0 0.0 2395.0 11.0 36.0 0.31208203299152915
41 39 44 0.0 0.0 1.0 0.0 8.0 0.0 0.0 0.6968641114982577
41 40 36 0.0 0.0 13.0 0.0 133.0 4.0 0.0 0.65359477124183
41 40 37 0.0 0.0 203.0 0.0 4528.0 13.0 206.0 0.20827134781315082
41 40 38 0.0 0.0 471.0 0.0 8808.0 31.0 1365.0 0.12440021325750843
41 40 39 0.0 0.0 893.0 8.0 12744.0 26.0 7965.0 0.08951406649616367
41 40 40 0.0 0.0 661.0 15.0 11449.0 30.0 4200.0 0.0992063492063492
41 40 41 0.0 0.0 1262.0 10.0 12824.0 37.0 17351.0 0.08701597364659083
41 40 42 0.0 1.0 561.0 9.0 10427.0 18.0 2630.0 0.10769230769230768
41 40 43 0.0 0.0 12.0 0.0 498.0 4.0 1.0 0.5586592178770949
41 40 44 0.0 0.0 0.0 0.0 6.0 0.0 0.0 0.6979062811565303
41 41 36 0.0 0.0 46.0 0.0 875.0 11.0 3.0 0.4812650395324853
41 41 37 0.0 0.0 323.0 0.0 6711.0 11.0 644.0 0.15509028470145117
41 41 38 0.0 0.0 488.0 1.0 9159.0 32.0 1717.0 0.12044046799724706
41 41 39 0.0 0.0 1101.0 4.0 13257.0 33.0 10744.0 0.08555888284544398
41 41 40 0.0 1.0 1029.0 9.0 12901.0 38.0 10906.0 0.0878679470281805
41 41 41 0.0 1.0 724.0 25.0 11759.0 32.0 4722.0 0.09661169001449174
41 41 42 0.0 0.0 134.0 10.0 3377.0 15.0 92.0 0.254314259763851
41 41 43 0.0 0.0 36.0 0.0 750.0 8.0 6.0 0.5039596832253418
41 42 36 0.0 0.0 0.0 0.0 5.0 0.0 0.0 0.6982543640897755
41 42 37 0.0 0.0 0.0 0.0 62.0 0.0 0.0 0.6789524733268669
41 42 38 0.0 0.0 6.0 0.0 527.0 1.0 1.0 0.5529225908372827
41 42 39 0.0 0.0 183.0 0.0 4007.0 20.0 145.0 0.22690437601296595
41 42 40 0.0 0.0 350.0 12.0 6919.0 28.0 598.0 0.15118790496760254
41 42 41 0.0 0.0 136.0 15.0 3305.0 15.0 72.0 0.2572583608967291
41 42 42 0.0 0.0 224.0 2.0 4675.0 20.0 232.0 0.20345879959308236
41 42 43 0.0 0.0 68.0 0.0 1216.0 9.0 4.0 0.4274809160305343
41 43 37 0.0 0.0 0.0 0.0 9.0 0.0 0.0 0.6968641114982577
41 43 38 0.0 0.0 0.0 0.0 28.0 0.0 0.0 0.690335305719921
41 43 39 0.0 0.0 9.0 0.0 261.0 6.0 0.0 0.6183745583038868
41 43 40 0.0 0.0 14.0 0.0 334.0 4.0 0.0 0.5972696245733787
41 43 41 0.0 0.0 3.0 0.0 86.0 2.0 0.0 0.6714628297362109
41 43 42 0.0 0.0 1.0 0.0 18.0 0.0 0.0 0.6934125804853887
41 43 43 0.0 0.0 0.0 0.0 4.0 1.0 0.0 0.6989515726410384
41 44 40 0.0 0.0 0.0 0.0 1.0 0.0 0.0 0.6996501749125437
41 44 41 0.0 0.0 0.0 0.0 1.0 0.0 0.0 0.6996501749125437
41 44 42 0.0 0.0 0.0 0.0 1.0 0.0 0.0 0.6996501749125437
42 36 36 0.0 0.0 0.0 0.0 1.0 0.0 0.0 0.6996501749125437
42 36 38 0.0 0.0 0.0 0.0 8.0 0.0 0.0 0.697211155378486
42 36 39 0.0 0.0 0.0 0.0 4.0 0.0 0.0 0.6986027944111775
42 36 40 0.0 0.0 0.0 0.0 7.0 0.0 0.0 0.6975585450921773
42 37 36 0.0 0.0 0.0 0.0 1.0 0.0 0.0 0.6996501749125437
42 37 37 0.0 0.0 1.0 0.0 35.0 0.0 0.0 0.6876227897838899
42 37 38 0.0 0.0 5.0 0.0 240.0 2.0 0.0 0.6241640659830583
42 37 39 0.0 0.0 65.0 0.0 1907.0 10.0 16.0 0.3535353535353535
42 37 40 0.0 0.0 12.0 0.0 344.0 3.0 1.0 0.5949851253718657
42 37 41 0.0 0.0 5.0 0.0 62.0 3.0 0.0 0.6782945736434108
42 37 42 0.0 0.0 0.0 0.0 10.0 0.0 0.0 0.6965174129353233
42 37 43 0.0 0.0 0.0 0.0 10.0 0.0 0.0 0.6965174129353233
42 37 44 0.0 0.0 0.0 0.0 3.0 0.0 0.0 0.6989515726410384
42 38 36 0.0 0.0 0.0 0.0 1.0 0.0 0.0 0.6996501749125437
42 38 37 0.0 0.0 9.0 0.0 219.0 1.0 0.0 0.6286484059272563
42 38 38 0.0 0.0 386.0 0.0 7878.0 19.0 1050.0 0.13659869255537122
42 38 39 0.0 0.0 520.0 0.0 9705.0 26.0 2182.0 0.11465072475636719
42 38 40 0.0 0.0 213.0 0.0 4645.0 17.0 223.0 0.20458863071752154
42 38 41 0.0 0.0 186.0 0.0 4076.0 19.0 149.0 0.22421524663677125
42 38 42 0.0 0.0 29.0 0.0 789.0 6.0 4.0 0.49804340092493765
42 38 43 0.0 0.0 26.0 0.0 728.0 8.0 2.0 0.5098324836125272
42 38 44 0.0 0.0 0.0 0.0 5.0 0.0 0.0 0.6982543640897755
42 39 36 0.0 0.0 0.0 0.0 2.0 0.0 0.0 0.6993006993006992
42 39 37 0.0 0.0 93.0 0.0 2330.0 19.0 47.0 0.3178206583427923
42 39 38 0.0 0.0 172.0 0.0 4016.0 13.0 153.0 0.22675736961451246
42 39 39 0.0 0.0 317.0 1.0 7369.0 18.0 869.0 0.14468788755684164
42 39 40 0.0 0.0 281.0 1.0 6027.0 22.0 403.0 0.16887816646562123
42 39 41 0.0 0.0 387.0 0.0 7922.0 24.0 1028.0 0.13602798289933926
42 39 42 0.0 0.0 473.0 0.0 9669.0 27.0 2413.0 0.11551155115511551
42 39 43 0.0 0.0 231.0 0.0 4598.0 18.0 203.0 0.2055196711685261
42 39 44 0.0 0.0 0.0 0.0 10.0 0.0 0.0 0.6965174129353233
42 40 36 0.0 0.0 0.0 0.0 13.0 0.0 0.0 0.695479384003974
42 40 37 0.0 0.0 88.0 0.0 2085.0 20.0 35.0 0.33710570671803514
42 40 38 0.0 0.0 731.0 0.0 11556.0 22.0 4165.0 0.09803921568627451
42 40 39 0.0 0.0 696.0 0.0 11420.0 39.0 3536.0 0.09935419771485345
42 40 40 0.0 0.0 753.0 0.0 12002.0 29.0 6344.0 0.09496676163342829
42 40 41 0.0 0.0 433.0 0.0 8247.0 30.0 1140.0 0.1313567273409645
42 40 42 0.0 0.0 355.0 2.0 7731.0 23.0 970.0 0.13902681231380334
42 40 43 0.0 0.0 52.0 0.0 1140.0 11.0 11.0 0.440251572327044
42 40 44 0.0 0.0 1.0 0.0 21.0 0.0 0.0 0.6923837784371908
42 41 36 0.0 0.0 0.0 0.0 10.0 0.0 0.0 0.6965174129353233
42 41 37 0.0 0.0 13.0 0.0 359.0 2.0 0.0 0.590717299578059
42 41 38 0.0 0.0 83.0 0.0 1626.0 10.0 13.0 0.3784806704514733
42 41 39 0.0 0.0 380.0 0.0 8488.0 25.0 1404.0 0.12906794505393196
42 41 40 0.0 0.0 268.0 0.0 5852.0 17.0 414.0 0.17269026766991488
42 41 41 0.0 0.0 670.0 0.0 11397.0 28.0 4469.0 0.0995874235310855
42 41 42 0.0 0.0 286.0 0.0 6389.0 16.0 552.0 0.1616441519455028
42 41 43 0.0 0.0 3.0 0.0 142.0 1.0 0.0 0.6532897806812878
42 41 44 0.0 0.0 0.0 0.0 1.0 0.0 0.0 0.6996501749125437
42 42 36 0.0 0.0 0.0 0.0 5.0 0.0 0.0 0.6982543640897755
42 42 37 0.0 0.0 0.0 0.0 26.0 0.0 0.0 0.6910167818361302
42 42 38 0.0 0.0 93.0 0.0 2931.0 13.0 81.0 0.2793296089385474
42 42 39 0.0 0.0 236.0 0.0 5419.0 11.0 317.0 0.18307833137177978
42 42 40 0.0 0.0 502.0 0.0 9382.0 22.0 2060.0 0.11790466565605523
42 42 41 0.0 0.0 225.0 0.0 5123.0 20.0 276.0 0.19099590723055931
42 42 42 0.0 0.0 171.0 0.0 4013.0 16.0 169.0 0.2267941033533128
42 42 43 0.0 0.0 1.0 0.0 50.0 0.0 0.0 0.68259385665529
42 42 44 0.0 0.0 0.0 0.0 1.0 0.0 0.0 0.6996501749125437
42 43 37 0.0 0.0 0.0 0.0 3.0 0.0 0.0 0.6989515726410384
42 43 38 0.0 0.0 0.0 0.0 6.0 0.0 0.0 0.6979062811565303
42 43 39 0.0 0.0 17.0 0.0 270.0 4.0 0.0 0.6132282084975909
42 43 40 0.0 0.0 1.0 0.0 121.0 0.0 0.0 0.6597549481621111
42 43 41 0.0 0.0 14.0 0.0 391.0 4.0 0.0 0.5830903790087463
42 43 42 0.0 0.0 0.0 0.0 8.0 0.0 0.0 0.697211155378486
42 43 43 0.0 0.0 0.0 0.0 4.0 0.0 0.0 0.6986027944111775
43 36 40 0.0 0.0 0.0 0.0 2.0 0.0 0.0 0.6993006993006992
43 37 37 0.0 0.0 0.0 0.0 7.0 0.0 0.0 0.6975585450921773
43 37 38 0.0 0.0 41.0 0.0 774.0 12.0 2.0 0.4992867332382311
43 37 39 0.0 0.0 4.0 0.0 72.0 1.0 0.0 0.6746987951807227
43 37 40 0.0 0.0 1.0 0.0 31.0 0.0 0.0 0.6889763779527558
43 37 41 0.0 0.0 1.0 0.0 19.0 0.0 0.0 0.6930693069306929
43 37 42 0.0 0.0 0.0 0.0 8.0 0.0 0.0 0.697211155378486
43 38 37 0.0 0.0 3.0 0.0 120.0 0.0 0.0 0.6594441827602449
43 38 38 0.0 0.0 41.0 0.0 774.0 9.0 0.0 0.499108734402852
43 38 39 0.0 0.0 104.0 0.0 2169.0 19.0 28.0 0.32910202162670427
43 38 40 0.0 0.0 12.0 0.0 275.0 5.0 0.0 0.6134969325153373
43 38 41 0.0 0.0 39.0 0.0 780.0 9.0 3.0 0.4982206405693949
43 38 42 0.0 0.0 121.0 0.0 2488.0 16.0 29.0 0.3048116699325059
43 38 43 0.0 0.0 0.0 0.0 22.0 0.0 0.0 0.6923837784371908
43 38 44 0.0 0.0 0.0 0.0 1.0 0.0 0.0 0.6996501749125437
43 39 36 0.0 0.0 0.0 0.0 2.0 0.0 0.0 0.6993006993006992
43 39 37 0.0 0.0 4.0 0.0 217.0 1.0 1.0 0.6306306306306305
43 39 38 0.0 0.0 15.0 0.0 543.0 3.0 2.0 0.547945205479452
43 39 39 0.0 0.0 105.0 0.0 2939.0 13.0 77.0 0.2782193958664546
43 39 40 0.0 0.0 264.0 0.0 5576.0 24.0 359.0 0.17902813299232734
43 39 41 0.0 0.0 65.0 0.0 1227.0 11.0 6.0 0.42682926829268286
43 39 42 0.0 0.0 35.0 0.0 986.0 13.0 10.0 0.46542553191489355
43 39 43 0.0 0.0 5.0 0.0 220.0 1.0 0.0 0.6294964028776977
43 39 44 0.0 0.0 0.0 0.0 8.0 0.0 0.0 0.697211155378486
43 40 36 0.0 0.0 0.0 0.0 3.0 0.0 0.0 0.6989515726410384
43 40 37 0.0 0.0 47.0 0.0 955.0 11.0 5.0 0.4680708793045803
43 40 38 0.0 0.0 61.0 0.0 1720.0 5.0 36.0 0.3707627118644067
43 40 39 0.0 0.0 104.0 0.0 2459.0 14.0 42.0 0.30762469786860025
43 40 40 0.0 0.0 110.0 0.0 2821.0 15.0 79.0 0.28472645922310347
43 40 41 0.0 0.0 82.0 0.0 1830.0 10.0 19.0 0.3586984370996669
43 40 42 0.0 0.0 27.0 0.0 800.0 6.0 3.0 0.49627791563275425
43 40 43 0.0 0.0 132.0 0.0 3058.0 12.0 63.0 0.27037466203167243
43 40 44 0.0 0.0 0.0 0.0 2.0 0.0 0.0 0.6993006993006992
43 41 36 0.0 0.0 0.0 0.0 5.0 0.0 0.0 0.6982543640897755
43 41 37 0.0 0.0 1.0 0.0 54.0 1.0 0.0 0.6815968841285296
43 41 38 0.0 0.0 6.0 0.0 363.0 1.0 2.0 0.5912162162162161
43 41 39 0.0 0.0 152.0 0.0 3919.0 16.0 135.0 0.23117569352708053
43 41 40 0.0 0.0 147.0 0.0 3538.0 14.0 109.0 0.24691358024691357
43 41 41 0.0 0.0 130.0 0.0 2681.0 16.0 53.0 0.29197080291970795
43 41 42 0.0 0.0 15.0 0.0 540.0 4.0 1.0 0.5488043904351234
43 41 43 0.0 0.0 0.0 0.0 32.0 1.0 0.0 0.689655172413793
43 42 37 0.0 0.0 0.0 0.0 1.0 0.0 0.0 0.6996501749125437
43 42 38 0.0 0.0 7.0 0.0 72.0 4.0 0.0 0.6746987951807227
43 42 39 0.0 0.0 0.0 0.0 78.0 0.0 0.0 0.6740491092922483
43 42 40 0.0 0.0 73.0 0.0 1798.0 14.0 13.0 0.3628823224468636
43 42 41 0.0 0.0 4.0 0.0 151.0 2.0 0.0 0.6502554575011611
43 42 42 0.0 0.0 1.0 0.0 89.0 0.0 0.0 0.6704980842911876
43 42 43 0.0 0.0 0.0 0.0 3.0 0.0 0.0 0.6989515726410384
43 43 37 0.0 0.0 0.0 0.0 1.0 0.0 0.0 0.6996501749125437
43 43 38 0.0 0.0 0.0 0.0 6.0 0.0 0.0 0.6979062811565303
43 43 39 0.0 0.0 0.0 0.0 43.0 0.0 0.0 0.6852667645619186
43 43 40 0.0 0.0 0.0 0.0 20.0 0.0 0.0 0.6934125804853887
43 43 41 0.0 0.0 2.0 0.0 102.0 0.0 0.0 0.6653992395437262
43 43 42 0.0 0.0 0.0 0.0 6.0 0.0 0.0 0.6979062811565303
43 43 43 0.0 0.0 0.0 0.0 5.0 0.0 0.0 0.6982543640897755
44 36 39 0.0 0.0 0.0 0.0 1.0 0.0 0.0 0.6996501749125437
44 37 39 0.0 0.0 0.0 0.0 4.0 0.0 0.0 0.6986027944111775
44 37 40 0.0 0.0 0.0 0.0 1.0 0.0 0.0 0.6996501749125437
44 37 42 0.0 0.0 0.0 0.0 3.0 0.0 0.0 0.6989515726410384
44 38 38 0.0 0.0 0.0 0.0 3.0 0.0 0.0 0.6989515726410384
44 38 39 0.0 0.0 0.0 0.0 13.0 0.0 0.0 0.695479384003974
44 38 40 0.0 0.0 81.0 0.0 1764.0 12.0 14.0 0.36524915210018255
44 38 41 0.0 0.0 0.0 0.0 1.0 0.0 0.0 0.6996501749125437
44 38 42 0.0 0.0 0.0 0.0 2.0 0.0 0.0 0.6993006993006992
44 39 37 0.0 0.0 0.0 0.0 1.0 0.0 0.0 0.6996501749125437
44 39 38 0.0 0.0 0.0 0.0 1.0 0.0 0.0 0.6996501749125437
44 39 39 0.0 0.0 0.0 0.0 3.0 0.0 0.0 0.6989515726410384
44 39 40 0.0 0.0 2.0 0.0 44.0 0.0 0.0 0.6842619745845552
44 39 41 0.0 0.0 0.0 0.0 13.0 0.0 0.0 0.695479384003974
44 39 42 0.0 0.0 0.0 0.0 3.0 0.0 0.0 0.6989515726410384
44 39 43 0.0 0.0 0.0 0.0 4.0 0.0 0.0 0.6986027944111775
44 39 44 0.0 0.0 0.0 0.0 1.0 0.0 0.0 0.6996501749125437
44 40 38 0.0 0.0 0.0 0.0 12.0 0.0 0.0 0.6961710591745399
44 40 39 0.0 0.0 0.0 0.0 8.0 0.0 0.0 0.697211155378486
44 40 40 0.0 0.0 53.0 0.0 1247.0 6.0 5.0 0.4250151791135397
44 40 41 0.0 0.0 0.0 0.0 8.0 0.0 0.0 0.697211155378486
44 40 42 0.0 0.0 0.0 0.0 1.0 0.0 0.0 0.6996501749125437
44 40 43 0.0 0.0 0.0 0.0 6.0 0.0 0.0 0.6979062811565303
44 40 44 0.0 0.0 0.0 0.0 1.0 0.0 0.0 0.6996501749125437
44 41 36 0.0 0.0 0.0 0.0 1.0 0.0 0.0 0.6996501749125437
44 41 37 0.0 0.0 0.0 0.0 1.0 0.0 0.0 0.6996501749125437
44 41 38 0.0 0.0 0.0 0.0 10.0 0.0 0.0 0.6965174129353233
44 41 39 0.0 0.0 0.0 0.0 12.0 0.0 0.0 0.6958250497017892
44 41 40 0.0 0.0 0.0 0.0 2.0 0.0 0.0 0.6993006993006992
44 41 41 0.0 0.0 0.0 0.0 9.0 0.0 0.0 0.6968641114982577
44 41 42 0.0 0.0 0.0 0.0 3.0 0.0 0.0 0.6989515726410384
44 41 44 0.0 0.0 0.0 0.0 1.0 0.0 0.0 0.6996501749125437
44 42 39 0.0 0.0 19.0 0.0 584.0 3.0 2.0 0.5384615384615384
44 42 40 0.0 0.0 0.0 0.0 4.0 0.0 0.0 0.6986027944111775
44 42 41 0.0 0.0 0.0 0.0 4.0 0.0 0.0 0.6986027944111775
44 43 39 0.0 0.0 0.0 0.0 1.0 0.0 0.0 0.6996501749125437
44 43 40 0.0 0.0 0.0 0.0 1.0 0.0 0.0 0.6996501749125437
44 43 41 0.0 0.0 0.0 0.0 1.0 0.0 0.0 0.6996501749125437
45 37 40 0.0 0.0 0.0 0.0 1.0 0.0 0.0 0.6996501749125437
45 38 41 0.0 0.0 2.0 0.0 103.0 1.0 0.0 0.6653992395437262
45 39 40 0.0 0.0 0.0 0.0 1.0 0.0 0.0 0.6996501749125437
45 39 41 0.0 0.0 0.0 0.0 1.0 0.0 0.0 0.6996501749125437
45 40 41 0.0 0.0 0.0 0.0 1.0 0.0 0.0 0.6996501749125437
