33 40 38 0.0 0.0 0.0 0.0 6.0 0.0 0.0 0.6979062811565303
33 41 37 0.0 0.0 0.0 0.0 2.0 0.0 0.0 0.6993006993006992
33 41 38 0.0 0.0 0.0 0.0 1.0 0.0 0.0 0.6996501749125437
33 42 37 0.0 0.0 0.0 0.0 1.0 0.0 0.0 0.6996501749125437
33 42 38 0.0 0.0 2.0 0.0 5.0 0.0 0.0 0.6975585450921773
33 43 38 0.0 0.0 0.0 0.0 1.0 0.0 0.0 0.6996501749125437
33 43 39 0.0 0.0 2.0 0.0 40.0 0.0 0.0 0.6856023506366307
34 38 36 0.0 0.0 0.0 0.0 2.0 0.0 0.0 0.6993006993006992
34 38 37 0.0 0.0 0.0 0.0 6.0 0.0 0.0 0.6979062811565303
34 38 38 0.0 0.0 1.0 0.0 28.0 0.0 0.0 0.6899950714637751
34 38 41 0.0 0.0 0.0 0.0 1.0 0.0 0.0 0.6996501749125437
34 39 37 0.0 0.0 1.0 0.0 5.0 0.0 0.0 0.6979062811565303
34 39 38 0.0 0.0 1.0 0.0 23.0 0.0 0.0 0.6916996047430829
34 39 39 0.0 0.0 1.0 0.0 33.0 0.0 0.0 0.6882989183874139
34 39 40 0.0 0.0 0.0 0.0 9.0 0.0 0.0 0.697211155378486
34 39 41 0.0 0.0 0.0 0.0 1.0 0.0 0.0 0.6996501749125437
34 39 42 0.0 0.0 0.0 0.0 3.0 0.0 0.0 0.6989515726410384
34 40 37 0.0 0.0 0.0 0.0 4.0 0.0 0.0 0.6986027944111775
34 40 38 0.0 0.0 106.0 0.0 2427.0 13.0 30.0 0.30973451327433627
34 40 39 0.0 0.0 17.0 0.0 372.0 7.0 0.0 0.5877413937867337
34 40 40 0.0 0.0 0.0 0.0 40.0 0.0 0.0 0.6862745098039215
34 40 42 0.0 0.0 1.0 0.0 28.0 0.0 0.0 0.6899950714637751
34 41 37 0.0 0.0 0.0 0.0 2.0 0.0 0.0 0.6993006993006992
34 41 38 0.0 0.0 0.0 0.0 35.0 0.0 0.0 0.6879606879606879
34 41 39 0.0 0.0 6.0 0.0 77.0 0.0 0.0 0.6727534839019701
34 41 40 0.0 0.0 0.0 0.0 16.0 0.0 0.0 0.6944444444444444
34 41 41 0.0 0.0 0.0 0.0 1.0 0.0 0.0 0.6996501749125437
34 41 43 0.0 0.0 0.0 0.0 2.0 0.0 0.0 0.6993006993006992
34 42 37 0.0 0.0 0.0 0.0 2.0 0.0 0.0 0.6993006993006992
34 42 38 0.0 0.0 74.0 0.0 1637.0 13.0 9.0 0.37858301784748505
34 42 39 0.0 0.0 108.0 0.0 2283.0 16.0 30.0 0.31999999999999995
34 42 40 0.0 0.0 0.0 0.0 11.0 0.0 0.0 0.6961710591745399
34 42 42 0.0 0.0 0.0 0.0 2.0 0.0 0.0 0.6993006993006992
34 43 38 0.0 0.0 0.0 0.0 1.0 0.0 0.0 0.6996501749125437
34 43 39 0.0 0.0 0.0 0.0 2.0 0.0 0.0 0.6993006993006992
34 43 40 0.0 0.0 0.0 0.0 1.0 0.0 0.0 0.6996501749125437
34 43 41 0.0 0.0 0.0 0.0 2.0 0.0 0.0 0.6993006993006992
34 43 42 0.0 0.0 0.0 0.0 1.0 0.0 0.0 0.6996501749125437
35 35 37 0.0 0.0 0.0 0.0 2.0 0.0 0.0 0.6993006993006992
35 36 36 0.0 0.0 0.0 0.0 2.0 0.0 0.0 0.6993006993006992
35 36 38 0.0 0.0 0.0 0.0 7.0 0.0 0.0 0.6975585450921773
35 36 39 0.0 0.0 0.0 0.0 8.0 0.0 0.0 0.697211155378486
35 36 40 0.0 0.0 8.0 0.0 146.0 2.0 0.0 0.6505576208178437
35 36 41 0.0 0.0 0.0 0.0 12.0 0.0 0.0 0.6958250497017892
35 36 42 0.0 0.0 0.0 0.0 6.0 0.0 0.0 0.6979062811565303
35 37 37 0.0 0.0 0.0 0.0 5.0 0.0 0.0 0.6982543640897755
35 37 38 0.0 0.0 5.0 0.0 44.0 3.0 0.0 0.6842619745845552
35 37 39 0.0 0.0 0.0 0.0 19.0 0.0 0.0 0.6934125804853887
35 37 40 0.0 0.0 0.0 0.0 25.0 1.0 0.0 0.6916996047430829
35 37 41 0.0 0.0 0.0 0.0 18.0 0.0 0.0 0.6937561942517343
35 37 42 0.0 0.0 0.0 0.0 14.0 0.0 0.0 0.6951340615690167
35 38 36 0.0 0.0 0.0 0.0 2.0 0.0 0.0 0.6993006993006992
35 38 37 0.0 0.0 74.0 0.0 1211.0 12.0 3.0 0.427742132600061
35 38 38 0.0 0.0 0.0 0.0 62.0 1.0 0.0 0.6792819019893255
35 38 39 0.0 0.0 1.0 0.0 76.0 1.0 0.0 0.6743737957610789
35 38 40 0.0 0.0 1.0 0.0 81.0 0.0 0.0 0.6724303554274734
35 38 41 0.0 0.0 15.0 0.0 253.0 4.0 0.0 0.6183745583038868
35 38 42 0.0 0.0 7.0 0.0 186.0 1.0 0.0 0.6386861313868613
35 38 43 0.0 0.0 3.0 0.0 57.0 1.0 1.0 0.6799417192812044
35 39 36 0.0 0.0 0.0 0.0 4.0 0.0 0.0 0.6986027944111775
35 39 37 0.0 0.0 22.0 0.0 432.0 6.0 1.0 0.5718954248366012
35 39 38 0.0 0.0 167.0 0.0 3652.0 17.0 112.0 0.241254523522316
35 39 39 0.0 0.0 45.0 0.0 1022.0 9.0 4.0 0.4578155657292347
35 39 40 0.0 0.0 57.0 0.0 1371.0 10.0 9.0 0.4095962551199532
35 39 41 0.0 0.0 9.0 0.0 194.0 4.0 0.0 0.6366530241018644
35 39 42 0.0 0.0 23.0 0.0 516.0 8.0 0.0 0.5531410509679968
35 39 43 0.0 0.0 7.0 0.0 151.0 0.0 0.0 0.6487488415199257
35 39 44 0.0 0.0 3.0 0.0 95.0 0.0 0.0 0.6673021925643469
35 40 37 0.0 0.0 13.0 0.0 295.0 3.0 0.0 0.6073752711496745
35 40 38 0.0 0.0 123.0 0.0 3192.0 14.0 90.0 0.26410111299754757
35 40 39 0.0 0.0 380.0 0.0 8004.0 25.0 1168.0 0.13504388926401079
35 40 40 0.0 0.0 54.0 0.0 1163.0 11.0 8.0 0.43668122270742354
35 40 41 0.0 0.0 9.0 0.0 414.0 2.0 0.0 0.5782734407269723
35 40 42 0.0 0.0 31.0 0.0 985.0 2.0 4.0 0.46449900464499
35 40 43 0.0 0.0 1.0 0.0 67.0 0.0 0.0 0.6773101112723753
35 40 44 0.0 0.0 2.0 0.0 183.0 2.0 0.0 0.6413192853870818
35 40 45 0.0 0.0 0.0 0.0 1.0 0.0 0.0 0.6996501749125437
35 41 37 0.0 0.0 0.0 0.0 20.0 0.0 0.0 0.6930693069306929
35 41 38 0.0 0.0 46.0 0.0 1001.0 11.0 2.0 0.4611330698287219
35 41 39 0.0 0.0 357.0 0.0 7452.0 17.0 884.0 0.14284256708499132
35 41 40 0.0 0.0 35.0 0.0 690.0 9.0 2.0 0.5154639175257731
35 41 41 0.0 0.0 9.0 0.0 276.0 1.0 0.0 0.6129597197898423
35 41 42 0.0 0.0 10.0 0.0 185.0 3.0 0.0 0.6386861313868613
35 41 43 0.0 0.0 2.0 0.0 82.0 2.0 0.0 0.6724303554274734
35 41 44 0.0 0.0 65.0 0.0 1294.0 10.0 12.0 0.4180352343983278
35 41 45 0.0 0.0 0.0 0.0 2.0 0.0 0.0 0.6993006993006992
35 42 36 0.0 0.0 0.0 0.0 1.0 0.0 0.0 0.6996501749125437
35 42 37 0.0 0.0 0.0 0.0 9.0 0.0 0.0 0.6968641114982577
35 42 38 0.0 0.0 0.0 0.0 49.0 0.0 0.0 0.6832601268911663
35 42 39 0.0 0.0 61.0 0.0 1304.0 8.0 6.0 0.41703902293714623
35 42 40 0.0 0.0 77.0 0.0 1778.0 19.0 18.0 0.3649635036496349
35 42 41 0.0 0.0 49.0 0.0 871.0 8.0 4.0 0.48076923076923067
35 42 42 0.0 0.0 2.0 0.0 105.0 1.0 0.0 0.6650831353919239
35 42 43 0.0 0.0 0.0 0.0 44.0 0.0 0.0 0.6852667645619186
35 42 44 0.0 0.0 0.0 0.0 3.0 0.0 0.0 0.6989515726410384
35 43 38 0.0 0.0 0.0 0.0 4.0 0.0 0.0 0.6986027944111775
35 43 39 0.0 0.0 0.0 0.0 14.0 0.0 0.0 0.695479384003974
35 43 40 0.0 0.0 5.0 0.0 105.0 2.0 0.0 0.6641366223908918
35 43 41 0.0 0.0 24.0 0.0 431.0 4.0 0.0 0.5711954304365564
35 43 42 0.0 0.0 63.0 0.0 1929.0 14.0 17.0 0.35184719778838897
35 43 43 0.0 0.0 1.0 0.0 68.0 0.0 0.0 0.6766553890768486
35 43 44 0.0 0.0 0.0 0.0 5.0 0.0 0.0 0.6982543640897755
35 44 39 0.0 0.0 0.0 0.0 4.0 0.0 0.0 0.6986027944111775
35 44 40 0.0 0.0 0.0 0.0 3.0 0.0 0.0 0.6989515726410384
35 44 41 0.0 0.0 0.0 0.0 1.0 0.0 0.0 0.6996501749125437
35 44 42 0.0 0.0 1.0 0.0 14.0 0.0 0.0 0.694789081885856
36 35 38 0.0 0.0 0.0 0.0 14.0 0.0 0.0 0.6951340615690167
36 35 39 0.0 0.0 0.0 0.0 7.0 0.0 0.0 0.6975585450921773
36 35 40 0.0 0.0 0.0 0.0 3.0 0.0 0.0 0.6989515726410384
36 35 41 0.0 0.0 0.0 0.0 2.0 0.0 0.0 0.6993006993006992
36 35 42 0.0 0.0 0.0 0.0 6.0 0.0 0.0 0.6979062811565303
36 36 36 0.0 0.0 0.0 0.0 6.0 0.0 0.0 0.6979062811565303
36 36 37 0.0 0.0 106.0 0.0 2067.0 16.0 21.0 0.3367003367003366
36 36 38 0.0 0.0 0.0 0.0 70.0 0.0 0.0 0.6763285024154588
36 36 39 0.0 0.0 1.0 0.0 79.0 0.0 0.0 0.6730769230769229
36 36 40 0.0 0.0 4.0 0.0 142.0 1.0 0.0 0.6526806526806526
36 36 41 0.0 0.0 2.0 0.0 67.0 1.0 0.0 0.6769825918762088
36 36 42 0.0 0.0 0.0 0.0 22.0 0.0 0.0 0.6923837784371908
36 36 43 0.0 0.0 0.0 0.0 12.0 0.0 0.0 0.6958250497017892
36 37 36 0.0 0.0 0.0 0.0 37.0 0.0 0.0 0.6872852233676975
36 37 37 0.0 0.0 30.0 0.0 691.0 5.0 0.0 0.5154639175257731
36 37 38 0.0 0.0 17.0 0.0 400.0 6.0 1.0 0.5806719203649937
36 37 39 0.0 0.0 203.0 0.0 4696.0 15.0 220.0 0.2032815449397415
36 37 40 0.0 0.0 207.0 0.0 4587.0 11.0 203.0 0.20636792452830183
36 37 41 0.0 0.0 212.0 0.0 4939.0 24.0 254.0 0.196408529741863
36 37 42 0.0 0.0 3.0 0.0 218.0 1.0 2.0 0.6306306306306305
36 37 43 0.0 0.0 0.0 0.0 29.0 0.0 0.0 0.6899950714637751
36 37 44 0.0 0.0 0.0 0.0 1.0 0.0 0.0 0.6996501749125437
36 38 36 0.0 0.0 11.0 0.0 262.0 3.0 2.0 0.6164685160722148
36 38 37 0.0 0.0 3.0 0.0 143.0 0.0 1.0 0.6523765144454798
36 38 38 0.0 0.0 120.0 0.0 2983.0 10.0 78.0 0.27488709994109556
36 38 39 0.0 0.0 217.0 0.0 4844.0 21.0 248.0 0.19883539269990058
36 38 40 0.0 0.0 323.0 0.0 6766.0 17.0 573.0 0.15418502202643167
36 38 41 0.0 0.0 134.0 0.0 3255.0 14.0 84.0 0.26051358392259016
36 38 42 0.0 0.0 73.0 0.0 1987.0 6.0 28.0 0.34533793783917116
36 38 43 0.0 0.0 3.0 0.0 226.0 1.0 0.0 0.6283662477558347
36 38 44 0.0 0.0 5.0 0.0 74.0 1.0 0.0 0.6737247353224253
36 39 36 0.0 0.0 0.0 0.0 31.0 0.0 0.0 0.6893156080748399
36 39 37 0.0 0.0 84.0 0.0 1981.0 13.0 25.0 0.3454231433506045
36 39 38 0.0 0.0 389.0 0.0 8302.0 28.0 1273.0 0.13123359580052493
36 39 39 0.0 0.0 411.0 0.0 8122.0 18.0 1184.0 0.13295346628679958
36 39 40 0.0 0.0 260.0 0.0 6356.0 23.0 596.0 0.16280962902663096
36 39 41 0.0 0.0 92.0 0.0 2025.0 14.0 25.0 0.3410475030450669
36 39 42 0.0 0.0 492.0 0.0 9369.0 36.0 1817.0 0.11830319418624302
36 39 43 0.0 0.0 65.0 0.0 1285.0 12.0 7.0 0.4195385076415942
36 39 44 0.0 0.0 20.0 0.0 491.0 9.0 0.0 0.559552358113509
36 39 45 0.0 0.0 0.0 0.0 2.0 0.0 0.0 0.6993006993006992
36 40 35 0.0 0.0 0.0 0.0 1.0 0.0 0.0 0.6996501749125437
36 40 36 0.0 0.0 0.0 0.0 9.0 0.0 0.0 0.6968641114982577
36 40 37 0.0 0.0 36.0 0.0 866.0 4.0 6.0 0.48309178743961345
36 40 38 0.0 0.0 302.0 0.0 6823.0 25.0 646.0 0.1537954520487751
36 40 39 0.0 0.0 576.0 0.0 10862.0 23.0 3569.0 0.10422094841063054
36 40 40 0.0 0.0 396.0 0.0 7970.0 21.0 913.0 0.13521344407958275
36 40 41 0.0 0.0 200.0 0.0 4908.0 27.0 245.0 0.1976563602993082
36 40 42 0.0 0.0 72.0 0.0 2053.0 9.0 27.0 0.33997085964060214
36 40 43 0.0 0.0 255.0 0.0 6041.0 26.0 531.0 0.16924564796905223
36 40 44 0.0 0.0 9.0 0.0 247.0 4.0 0.0 0.6216696269982237
36 40 45 0.0 0.0 0.0 0.0 9.0 0.0 0.0 0.6968641114982577
36 41 36 0.0 0.0 1.0 0.0 4.0 0.0 0.0 0.6982543640897755
36 41 37 0.0 0.0 44.0 0.0 1248.0 6.0 7.0 0.42604990870359094
36 41 38 0.0 0.0 314.0 0.0 6969.0 19.0 738.0 0.15104110475779478
36 41 39 0.0 0.0 418.0 0.0 9033.0 13.0 1820.0 0.12224938875305623
36 41 40 0.0 0.0 235.0 0.0 5840.0 17.0 425.0 0.1735895846249225
36 41 41 0.0 0.0 577.0 0.0 10448.0 25.0 2640.0 0.10758472296933835
36 41 42 0.0 0.0 534.0 0.0 10202.0 31.0 2365.0 0.11007154650522838
36 41 43 0.0 0.0 169.0 0.0 3942.0 15.0 139.0 0.22962112514351318
36 41 44 0.0 0.0 1.0 0.0 125.0 0.0 0.0 0.6585136406396989
36 41 45 0.0 0.0 0.0 0.0 2.0 0.0 0.0 0.6993006993006992
36 42 37 0.0 0.0 2.0 0.0 118.0 0.0 0.0 0.6603773584905659
36 42 38 0.0 0.0 16.0 0.0 493.0 10.0 1.0 0.5604483586869494
36 42 39 0.0 0.0 174.0 0.0 3872.0 16.0 120.0 0.23209549071618035
36 42 40 0.0 0.0 185.0 0.0 4545.0 16.0 195.0 0.20842638082477297
36 42 41 0.0 0.0 250.0 0.0 5384.0 19.0 301.0 0.18367882445552347
36 42 42 0.0 0.0 474.0 0.0 9084.0 19.0 1558.0 0.12120162756471299
36 42 43 0.0 0.0 163.0 0.0 3439.0 16.0 104.0 0.2506265664160401
36 42 44 0.0 0.0 9.0 0.0 305.0 3.0 1.0 0.606060606060606
36 42 45 0.0 0.0 0.0 0.0 1.0 0.0 0.0 0.6996501749125437
36 43 37 0.0 0.0 0.0 0.0 25.0 0.0 0.0 0.6913580246913579
36 43 38 0.0 0.0 0.0 0.0 98.0 0.0 0.0 0.6673021925643469
36 43 39 0.0 0.0 106.0 0.0 2628.0 8.0 53.0 0.29610829103214886
36 43 40 0.0 0.0 122.0 0.0 2834.0 17.0 63.0 0.28340080971659914
36 43 41 0.0 0.0 22.0 0.0 922.0 9.0 3.0 0.47732696897374693
36 43 42 0.0 0.0 30.0 0.0 775.0 9.0 3.0 0.5008944543828264
36 43 43 0.0 0.0 20.0 0.0 503.0 4.0 0.0 0.5557761016276299
36 43 44 0.0 0.0 21.0 0.0 495.0 5.0 2.0 0.5575467941059339
36 43 45 0.0 0.0 2.0 0.0 11.0 0.0 0.0 0.695479384003974
36 44 37 0.0 0.0 0.0 0.0 3.0 0.0 0.0 0.6989515726410384
36 44 38 0.0 0.0 18.0 0.0 365.0 2.0 0.0 0.5879882402351952
36 44 39 0.0 0.0 4.0 0.0 96.0 1.0 0.0 0.6669842782277274
36 44 40 0.0 0.0 1.0 0.0 60.0 0.0 0.0 0.6792819019893255
36 44 41 0.0 0.0 55.0 0.0 1148.0 16.0 6.0 0.439146800501882
36 44 42 0.0 0.0 3.0 0.0 55.0 0.0 0.0 0.6802721088435373
36 44 43 0.0 0.0 0.0 0.0 7.0 0.0 0.0 0.6975585450921773
36 44 44 0.0 0.0 0.0 0.0 1.0 0.0 0.0 0.6996501749125437
36 44 45 0.0 0.0 0.0 0.0 1.0 0.0 0.0 0.6996501749125437
36 45 38 0.0 0.0 0.0 0.0 3.0 0.0 0.0 0.6989515726410384
36 45 39 0.0 0.0 5.0 0.0 117.0 1.0 0.0 0.66006600660066
36 45 40 0.0 0.0 0.0 0.0 6.0 0.0 0.0 0.6982543640897755
37 35 36 0.0 0.0 0.0 0.0 1.0 0.0 0.0 0.6996501749125437
37 35 37 0.0 0.0 0.0 0.0 3.0 0.0 0.0 0.6989515726410384
37 35 38 0.0 0.0 0.0 0.0 14.0 0.0 0.0 0.6951340615690167
37 35 39 0.0 0.0 0.0 0.0 22.0 0.0 0.0 0.6923837784371908
37 35 40 0.0 0.0 0.0 0.0 13.0 0.0 0.0 0.695479384003974
37 35 41 0.0 0.0 0.0 0.0 6.0 0.0 0.0 0.6979062811565303
37 35 42 0.0 0.0 0.0 0.0 2.0 0.0 0.0 0.6993006993006992
37 36 36 0.0 0.0 0.0 0.0 29.0 0.0 0.0 0.690335305719921
37 36 37 0.0 0.0 1.0 0.0 70.0 1.0 0.0 0.6763285024154588
37 36 38 0.0 0.0 30.0 0.0 694.0 7.0 4.0 0.5152741994847257
37 36 39 0.0 0.0 292.0 0.0 6450.0 25.0 558.0 0.16053204907694069
37 36 40 0.0 0.0 94.0 0.0 2193.0 13.0 23.0 0.3275620028076743
37 36 41 0.0 0.0 89.0 0.0 2374.0 12.0 41.0 0.314536059312514
37 36 42 0.0 0.0 8.0 0.0 192.0 1.0 0.0 0.6369426751592355
37 36 43 0.0 0.0 0.0 0.0 20.0 0.0 0.0 0.6930693069306929
37 36 44 0.0 0.0 0.0 0.0 3.0 0.0 0.0 0.6989515726410384
37 37 36 0.0 0.0 0.0 0.0 52.0 0.0 0.0 0.6822612085769979
37 37 37 0.0 0.0 379.0 0.0 7968.0 30.0 1007.0 0.13561949045820013
37 37 38 0.0 0.0 389.0 0.0 7786.0 23.0 953.0 0.13776815587482777
37 37 39 0.0 0.0 212.0 0.0 4939.0 20.0 251.0 0.1963534361851332
37 37 40 0.0 0.0 606.0 0.0 10854.0 26.0 3294.0 0.10407374368123698
37 37 41 0.0 0.0 198.0 0.0 4982.0 19.0 269.0 0.19539427773900903
37 37 42 0.0 0.0 385.0 0.0 8219.0 19.0 1131.0 0.13215027373985272
37 37 43 0.0 0.0 7.0 0.0 314.0 1.0 1.0 0.6034482758620688
37 37 44 0.0 0.0 0.0 0.0 15.0 0.0 0.0 0.694789081885856
37 38 35 0.0 0.0 0.0 0.0 2.0 0.0 0.0 0.6993006993006992
37 38 36 0.0 0.0 6.0 0.0 155.0 1.0 0.0 0.6484483557202407
37 38 37 0.0 0.0 192.0 0.0 4395.0 14.0 188.0 0.21289537712895376
37 38 38 0.0 0.0 443.0 0.0 8990.0 22.0 1574.0 0.12263489838822704
37 38 39 0.0 0.0 974.0 0.0 12712.0 35.0 9699.0 0.08933699189585859
37 38 40 0.0 0.0 849.0 0.0 12536.0 28.0 6842.0 0.09103914683313824
37 38 41 0.0 0.0 1109.0 0.0 13196.0 36.0 12094.0 0.08590011044299914
37 38 42 0.0 0.0 369.0 0.0 7919.0 23.0 1099.0 0.13630610456625447
37 38 43 0.0 0.0 44.0 0.0 1119.0 10.0 5.0 0.4440215667618141
37 38 44 0.0 0.0 9.0 0.0 290.0 4.0 0.0 0.6100217864923746
37 38 45 0.0 0.0 0.0 0.0 4.0 0.0 0.0 0.6986027944111775
37 39 34 0.0 0.0 0.0 0.0 1.0 0.0 0.0 0.6996501749125437
37 39 36 0.0 0.0 62.0 0.0 1504.0 9.0 8.0 0.3934794828555368
37 39 37 0.0 0.0 255.0 0.0 5827.0 21.0 410.0 0.17365418010419248
37 39 38 0.0 0.0 421.0 0.0 9026.0 28.0 1769.0 0.12253829321663018
37 39 39 0.0 0.0 664.0 0.0 11482.0 27.0 4338.0 0.09905894006934125
37 39 40 0.0 0.0 734.0 0.0 11948.0 23.0 5037.0 0.09540684203352867
37 39 41 0.0 0.0 547.0 0.0 10137.0 18.0 2165.0 0.11042751222590312
37 39 42 0.0 0.0 380.0 0.0 8332.0 28.0 1199.0 0.1309022907900888
37 39 43 0.0 0.0 623.0 0.0 10540.0 21.0 2773.0 0.10639914880680953
37 39 44 0.0 0.0 28.0 0.0 658.0 6.0 3.0 0.5223880597014925
37 39 45 0.0 0.0 1.0 0.0 29.0 0.0 0.0 0.689655172413793
37 40 35 0.0 0.0 0.0 0.0 3.0 0.0 0.0 0.6989515726410384
37 40 36 0.0 0.0 20.0 0.0 420.0 6.0 0.0 0.5751848808545603
37 40 37 0.0 0.0 151.0 0.0 3191.0 16.0 73.0 0.2629107981220657
37 40 38 0.0 0.0 544.0 0.0 10114.0 31.0 2488.0 0.11076825698235619
37 40 39 0.0 0.0 1278.0 0.0 13373.0 32.0 15241.0 0.08407398510689405
37 40 40 0.0 0.0 814.0 0.0 12375.0 38.0 6798.0 0.09229957805907173
37 40 41 0.0 0.0 771.0 0.0 12062.0 30.0 5465.0 0.09448606330566241
37 40 42 0.0 0.0 630.0 0.0 11287.0 34.0 4009.0 0.10069769114579585
37 40 43 0.0 0.0 344.0 0.0 7898.0 21.0 1210.0 0.1369059260707999
37 40 44 0.0 0.0 277.0 0.0 5941.0 22.0 373.0 0.17079419299743806
37 40 45 0.0 0.0 0.0 0.0 19.0 0.0 0.0 0.6934125804853887
37 41 35 0.0 0.0 0.0 0.0 2.0 0.0 0.0 0.6993006993006992
37 41 36 0.0 0.0 2.0 0.0 46.0 1.0 0.0 0.6839276990718123
37 41 37 0.0 0.0 107.0 0.0 2583.0 17.0 45.0 0.29959340894500314
37 41 38 0.0 0.0 613.0 0.0 11087.0 33.0 3822.0 0.10232422160502849
37 41 39 0.0 0.0 873.0 0.0 12624.0 25.0 7156.0 0.09040423608420509
37 41 40 0.0 0.0 808.0 0.0 12515.0 19.0 6512.0 0.09134803601722562
37 41 41 0.0 0.0 939.0 1.0 12925.0 44.0 8621.0 0.08838383838383837
37 41 42 0.0 0.0 1206.0 0.0 12956.0 40.0 14558.0 0.0866497493346537
37 41 43 0.0 0.0 267.0 0.0 5818.0 11.0 386.0 0.17326732673267323
37 41 44 0.0 0.0 13.0 0.0 306.0 4.0 0.0 0.6050129645635263
37 41 45 0.0 0.0 4.0 0.0 111.0 1.0 0.0 0.662251655629139
37 42 35 0.0 0.0 0.0 0.0 3.0 0.0 0.0 0.6989515726410384
37 42 36 0.0 0.0 3.0 0.0 45.0 1.0 0.0 0.6839276990718123
37 42 37 0.0 0.0 104.0 0.0 2437.0 15.0 32.0 0.3092555776452396
37 42 38 0.0 0.0 512.0 0.0 9907.0 26.0 2303.0 0.11284862163469289
37 42 39 0.0 0.0 568.0 0.0 10320.0 35.0 2771.0 0.10881392818280738
37 42 40 0.0 0.0 684.0 0.0 11659.0 17.0 5230.0 0.09758817788930711
37 42 41 0.0 0.0 415.0 0.0 8673.0 17.0 1394.0 0.12643366747945453
37 42 42 0.0 0.0 497.0 0.0 9651.0 20.0 2320.0 0.11534025374855823
37 42 43 0.0 0.0 573.0 0.0 10394.0 37.0 3021.0 0.10813315826060091
37 42 44 0.0 0.0 142.0 0.0 3280.0 20.0 91.0 0.25906735751295334
37 42 45 0.0 0.0 0.0 0.0 13.0 0.0 0.0 0.695479384003974
37 43 36 0.0 0.0 0.0 0.0 2.0 0.0 0.0 0.6993006993006992
37 43 37 0.0 0.0 2.0 0.0 125.0 1.0 0.0 0.6585136406396989
37 43 38 0.0 0.0 234.0 0.0 5262.0 17.0 268.0 0.1871657754010695
37 43 39 0.0 0.0 372.0 0.0 7205.0 20.0 719.0 0.14644351464435146
37 43 40 0.0 0.0 269.0 0.0 5945.0 18.0 383.0 0.17075253079643857
37 43 41 0.0 0.0 566.0 0.0 10682.0 18.0 3104.0 0.10574816829065638
37 43 42 0.0 0.0 130.0 0.0 3345.0 13.0 92.0 0.2561756633119853
37 43 43 0.0 0.0 184.0 0.0 4091.0 28.0 133.0 0.22407170294494236
37 43 44 0.0 0.0 1.0 0.0 73.0 0.0 0.0 0.6750241080038573
37 43 45 0.0 0.0 0.0 0.0 13.0 0.0 0.0 0.695479384003974
37 44 37 0.0 0.0 0.0 0.0 9.0 1.0 0.0 0.697211155378486
37 44 38 0.0 0.0 1.0 0.0 91.0 0.0 0.0 0.669536107125777
37 44 39 0.0 0.0 276.0 0.0 6048.0 18.0 422.0 0.16853256289876006
37 44 40 0.0 0.0 14.0 0.0 436.0 3.0 0.0 0.5721291377196566
37 44 41 0.0 0.0 48.0 0.0 865.0 9.0 1.0 0.4820936639118457
37 44 42 0.0 0.0 2.0 0.0 125.0 3.0 0.0 0.6591337099811675
37 44 43 0.0 0.0 3.0 0.0 60.0 2.0 0.0 0.6792819019893255
37 44 44 0.0 0.0 0.0 0.0 5.0 0.0 0.0 0.6982543640897755
37 44 45 0.0 0.0 2.0 0.0 54.0 0.0 0.0 0.6809338521400777
37 45 38 0.0 0.0 0.0 0.0 8.0 0.0 0.0 0.697211155378486
37 45 39 0.0 0.0 4.0 0.0 69.0 2.0 0.0 0.6760019314340897
37 45 40 0.0 0.0 1.0 0.0 47.0 1.0 0.0 0.6839276990718123
37 45 41 0.0 0.0 0.0 0.0 14.0 0.0 0.0 0.6951340615690167
37 46 39 0.0 0.0 0.0 0.0 1.0 0.0 0.0 0.6996501749125437
38 35 35 0.0 0.0 5.0 0.0 50.0 0.0 0.0 0.6812652068126519
38 35 36 0.0 0.0 0.0 0.0 2.0 0.0 0.0 0.6993006993006992
38 35 37 0.0 0.0 0.0 0.0 1.0 0.0 0.0 0.6996501749125437
38 35 38 0.0 0.0 0.0 0.0 13.0 0.0 0.0 0.695479384003974
38 35 39 0.0 0.0 5.0 0.0 172.0 4.0 0.0 0.6442705936493326
38 35 40 0.0 0.0 3.0 0.0 108.0 0.0 0.0 0.6631927996210326
38 35 41 0.0 0.0 1.0 0.0 43.0 0.0 0.0 0.684931506849315
38 35 42 0.0 0.0 0.0 0.0 4.0 0.0 0.0 0.6986027944111775
38 36 35 0.0 0.0 0.0 0.0 6.0 0.0 0.0 0.6979062811565303
38 36 36 0.0 0.0 9.0 0.0 157.0 2.0 0.0 0.6469500924214416
38 36 37 0.0 0.0 85.0 0.0 1883.0 13.0 22.0 0.35389282103134473
38 36 38 0.0 0.0 11.0 0.0 432.0 4.0 3.0 0.5740057400574005
38 36 39 0.0 0.0 74.0 0.0 1900.0 16.0 22.0 0.3534460994698308
38 36 40 0.0 0.0 189.0 0.0 4366.0 15.0 174.0 0.21403455129185137
38 36 41 0.0 0.0 153.0 0.0 3838.0 10.0 132.0 0.2339963229149256
38 36 42 0.0 0.0 10.0 0.0 373.0 4.0 0.0 0.5884825556956704
38 36 43 0.0 0.0 0.0 0.0 38.0 0.0 0.0 0.6876227897838899
38 36 44 0.0 0.0 1.0 0.0 49.0 0.0 0.0 0.6829268292682925
38 37 34 0.0 0.0 2.0 0.0 13.0 0.0 0.0 0.694789081885856
38 37 35 0.0 0.0 0.0 0.0 19.0 0.0 0.0 0.6934125804853887
38 37 36 0.0 0.0 32.0 0.0 773.0 4.0 6.0 0.49982149232416984
38 37 37 0.0 0.0 212.0 0.0 5333.0 20.0 316.0 0.1860217911241031
38 37 38 0.0 0.0 328.0 0.0 7608.0 15.0 888.0 0.14102951546287898
38 37 39 0.0 0.0 719.0 0.0 11793.0 27.0 5012.0 0.09651844191658047
38 37 40 0.0 0.0 475.0 0.0 9140.0 33.0 1689.0 0.12083549110996028
38 37 41 0.0 0.0 473.0 0.0 9409.0 26.0 1870.0 0.11799410029498522
38 37 42 0.0 0.0 254.0 0.0 5832.0 26.0 400.0 0.17365418010419248
38 37 43 0.0 0.0 177.0 0.0 3543.0 22.0 100.0 0.24565713283032106
38 37 44 0.0 0.0 38.0 0.0 837.0 12.0 4.0 0.4889975550122249
38 37 45 0.0 0.0 3.0 0.0 53.0 2.0 0.0 0.6815968841285296
38 38 34 0.0 0.0 0.0 0.0 2.0 0.0 0.0 0.6993006993006992
38 38 35 0.0 0.0 0.0 0.0 43.0 1.0 0.0 0.6856023506366307
38 38 36 0.0 0.0 97.0 0.0 2157.0 13.0 28.0 0.33018867924528295
38 38 37 0.0 0.0 324.0 0.0 6809.0 18.0 621.0 0.1534751151063363
38 38 38 0.0 0.0 1140.0 0.0 13033.0 23.0 13260.0 0.08653192409914084
38 38 39 0.0 0.0 1097.0 0.0 13250.0 22.0 10617.0 0.08556934172727827
38 38 40 0.0 0.0 784.0 0.0 12467.0 31.0 6014.0 0.09183338799606428
38 38 41 0.0 0.0 1169.0 0.0 13225.0 34.0 13450.0 0.08539188777066178
38 38 42 0.0 0.0 762.0 0.0 11932.0 38.0 5303.0 0.0953483620513519
38 38 43 0.0 0.0 360.0 0.0 7788.0 19.0 988.0 0.13820335636722603
38 38 44 0.0 0.0 46.0 0.0 999.0 9.0 3.0 0.46128500823723223
38 38 45 0.0 0.0 0.0 0.0 22.0 0.0 0.0 0.6923837784371908
38 39 34 0.0 0.0 0.0 0.0 2.0 0.0 0.0 0.6993006993006992
38 39 35 0.0 0.0 24.0 0.0 472.0 6.0 1.0 0.5624748895138609
38 39 36 0.0 0.0 123.0 0.0 2854.0 14.0 53.0 0.2820874471086036
38 39 37 0.0 0.0 563.0 0.0 10549.0 27.0 2931.0 0.10689470871191874
38 39 38 0.0 0.0 874.0 0.0 12546.0 22.0 5972.0 0.0907205806117159
38 39 39 0.0 0.0 1748.0 0.0 12154.0 47.0 29632.0 0.0880281690140845
38 39 40 0.0 0.0 2013.0 0.0 12208.0 58.0 33429.0 0.08635578583765112
38 39 41 0.0 0.0 988.0 0.0 13042.0 35.0 9979.0 0.08742350443362058
38 39 42 0.0 0.0 715.0 0.0 11711.0 23.0 4440.0 0.09704027171276078
38 39 43 0.0 0.0 307.0 1.0 6931.0 30.0 672.0 0.1519591881037664
38 39 44 0.0 0.0 262.0 0.0 5439.0 23.0 300.0 0.18229166666666666
38 39 45 0.0 0.0 1.0 0.0 34.0 0.0 0.0 0.6879606879606879
38 40 34 0.0 0.0 0.0 0.0 1.0 0.0 0.0 0.6996501749125437
38 40 35 0.0 0.0 88.0 0.0 1840.0 10.0 14.0 0.3573251659009698
38 40 36 0.0 0.0 149.0 0.0 3083.0 19.0 54.0 0.26840490797546007
38 40 37 0.0 0.0 279.0 0.0 7042.0 20.0 849.0 0.1504729148753224
38 40 38 0.0 0.0 961.0 0.0 12991.0 30.0 7668.0 0.08780732563973907
38 40 39 0.0 0.0 1712.0 2.0 13111.0 43.0 24632.0 0.08316502316739931
38 40 40 0.0 1.0 1590.0 1.0 12925.0 44.0 23781.0 0.08476115517345764
38 40 41 0.0 0.0 1630.0 2.0 13176.0 52.0 22925.0 0.0832738520104687
38 40 42 0.0 0.0 1129.0 1.0 13622.0 37.0 10820.0 0.08357709987463434
38 40 43 0.0 0.0 490.0 0.0 9283.0 20.0 1780.0 0.11897679952409278
38 40 44 0.0 0.0 37.0 0.0 1024.0 5.0 5.0 0.4582651391162029
38 40 45 0.0 0.0 1.0 0.0 54.0 0.0 0.0 0.6812652068126519
38 41 35 0.0 0.0 8.0 0.0 243.0 3.0 0.0 0.6227758007117437
38 41 36 0.0 0.0 77.0 0.0 1712.0 16.0 15.0 0.3711558854718982
38 41 37 0.0 0.0 319.0 0.0 7250.0 21.0 937.0 0.14642819788725028
38 41 38 0.0 0.0 607.0 8.0 10744.0 18.0 2858.0 0.10489248520266725
38 41 39 0.0 0.0 1407.0 0.0 13289.0 51.0 18906.0 0.08389764487325461
38 41 40 0.0 0.0 1966.0 0.0 12085.0 54.0 33726.0 0.08727635434199861
38 41 41 0.0 0.0 1401.0 2.0 13672.0 29.0 16953.0 0.08196721311475409
38 41 42 0.0 0.0 1037.0 0.0 13338.0 31.0 9128.0 0.08551184949914488
38 41 43 0.0 0.0 406.0 0.0 8421.0 23.0 1391.0 0.1294618087664139
38 41 44 0.0 0.0 135.0 0.0 3677.0 14.0 116.0 0.2415042263239606
38 41 45 0.0 0.0 12.0 0.0 265.0 3.0 0.0 0.6161971830985915
38 42 35 0.0 0.0 0.0 0.0 9.0 0.0 0.0 0.6968641114982577
38 42 36 0.0 0.0 51.0 0.0 1335.0 10.0 14.0 0.41456914421083796
38 42 37 0.0 0.0 82.0 0.0 2077.0 7.0 34.0 0.33726812816188867
38 42 38 0.0 0.0 413.0 3.0 8804.0 21.0 1709.0 0.12489963422249976
38 42 39 0.0 0.0 1209.0 0.0 13426.0 39.0 12956.0 0.0841902700102231
38 42 40 0.0 0.0 1362.0 2.0 13184.0 39.0 17651.0 0.0846228239845261
38 42 41 0.0 0.0 1201.0 2.0 13416.0 34.0 12808.0 0.08422572494284682
38 42 42 0.0 0.0 488.0 2.0 9134.0 24.0 1543.0 0.12064805239572558
38 42 43 0.0 0.0 397.0 0.0 8016.0 29.0 1014.0 0.1347708894878706
38 42 44 0.0 0.0 141.0 0.0 3550.0 16.0 114.0 0.2466525722339675
38 42 45 0.0 0.0 11.0 0.0 250.0 3.0 1.0 0.6200177147918511
38 43 36 0.0 0.0 1.0 0.0 85.0 0.0 0.0 0.6711409395973154
38 43 37 0.0 0.0 60.0 0.0 1326.0 12.0 7.0 0.4151838671411624
38 43 38 0.0 0.0 156.0 0.0 3695.0 7.0 100.0 0.2395209580838323
38 43 39 0.0 0.0 770.0 0.0 11924.0 32.0 6086.0 0.09536784741144413
38 43 40 0.0 0.0 534.0 1.0 10212.0 20.0 2624.0 0.10989873616453409
38 43 41 0.0 0.0 350.0 0.0 7503.0 18.0 867.0 0.1422908832198394
38 43 42 0.0 0.0 278.0 0.0 6061.0 23.0 425.0 0.16828945786753213
38 43 43 0.0 0.0 101.0 0.0 2394.0 14.0 44.0 0.31249999999999994
38 43 44 0.0 0.0 249.0 0.0 5583.0 21.0 355.0 0.17918853193395617
38 43 45 0.0 0.0 0.0 0.0 19.0 1.0 0.0 0.6937561942517343
38 44 36 0.0 0.0 5.0 0.0 94.0 1.0 0.0 0.6673021925643469
38 44 37 0.0 0.0 29.0 0.0 491.0 7.0 2.0 0.5571030640668523
38 44 38 0.0 0.0 36.0 0.0 768.0 3.0 1.0 0.4999999999999999
38 44 39 0.0 0.0 21.0 0.0 874.0 4.0 5.0 0.48426150121065364
38 44 40 0.0 0.0 313.0 0.0 6297.0 25.0 466.0 0.16303714917899148
38 44 41 0.0 0.0 15.0 0.0 527.0 3.0 0.0 0.5513981882630956
38 44 42 0.0 0.0 73.0 0.0 1807.0 18.0 19.0 0.36250647332988084
38 44 43 0.0 0.0 1.0 0.0 38.0 0.0 0.0 0.6866110838646394
38 44 44 0.0 0.0 0.0 0.0 12.0 0.0 0.0 0.6958250497017892
38 44 45 0.0 0.0 0.0 0.0 4.0 0.0 0.0 0.6986027944111775
38 45 37 0.0 0.0 0.0 0.0 3.0 0.0 0.0 0.6989515726410384
38 45 38 0.0 0.0 0.0 0.0 5.0 0.0 0.0 0.6982543640897755
38 45 39 0.0 0.0 3.0 0.0 78.0 1.0 0.0 0.6730769230769229
38 45 40 0.0 0.0 0.0 0.0 22.0 0.0 0.0 0.6923837784371908
38 45 41 0.0 0.0 2.0 0.0 40.0 2.0 0.0 0.6862745098039215
38 45 42 0.0 0.0 0.0 0.0 3.0 0.0 0.0 0.6989515726410384
38 45 43 0.0 0.0 0.0 0.0 2.0 0.0 0.0 0.6993006993006992
39 34 41 0.0 0.0 0.0 0.0 1.0 0.0 0.0 0.6996501749125437
39 35 35 0.0 0.0 0.0 0.0 3.0 0.0 0.0 0.6989515726410384
39 35 36 0.0 0.0 0.0 0.0 6.0 0.0 0.0 0.6979062811565303
39 35 37 0.0 0.0 0.0 0.0 7.0 0.0 0.0 0.6975585450921773
39 35 38 0.0 0.0 0.0 0.0 28.0 0.0 0.0 0.690335305719921
39 35 39 0.0 0.0 13.0 0.0 394.0 1.0 1.0 0.5818786367414795
39 35 40 0.0 0.0 0.0 0.0 62.0 0.0 0.0 0.6789524733268669
39 35 41 0.0 0.0 18.0 0.0 522.0 6.0 0.0 0.5527043031977891
39 35 42 0.0 0.0 0.0 0.0 2.0 0.0 0.0 0.6993006993006992
39 36 35 0.0 0.0 2.0 0.0 45.0 0.0 0.0 0.6839276990718123
39 36 36 0.0 0.0 75.0 0.0 1727.0 13.0 16.0 0.36949063077329103
39 36 37 0.0 0.0 36.0 0.0 897.0 5.0 4.0 0.47814207650273216
39 36 38 0.0 0.0 153.0 0.0 3299.0 10.0 85.0 0.2572110968216057
39 36 39 0.0 0.0 121.0 0.0 3428.0 15.0 102.0 0.2530272908006506
39 36 40 0.0 0.0 407.0 0.0 8692.0 20.0 1535.0 0.12626262626262624
39 36 41 0.0 0.0 132.0 0.0 3283.0 19.0 104.0 0.2594514455151964
39 36 42 0.0 0.0 75.0 0.0 2041.0 15.0 28.0 0.341130604288499
39 36 43 0.0 0.0 0.0 0.0 69.0 1.0 0.0 0.6769825918762088
39 36 44 0.0 0.0 0.0 0.0 35.0 0.0 0.0 0.6879606879606879
39 37 34 0.0 0.0 0.0 0.0 2.0 0.0 0.0 0.6993006993006992
39 37 35 0.0 0.0 35.0 0.0 673.0 9.0 0.0 0.5187106335679881
39 37 36 0.0 0.0 248.0 0.0 5766.0 21.0 382.0 0.1750875437718859
39 37 37 0.0 0.0 450.0 0.0 9195.0 21.0 1990.0 0.12031625988312133
39 37 38 0.0 0.0 542.0 0.0 10343.0 18.0 2717.0 0.10874631039304021
39 37 39 0.0 0.0 551.0 0.0 10425.0 16.0 2856.0 0.10793308148947652
39 37 40 0.0 0.0 1029.0 0.0 13180.0 29.0 9597.0 0.08633448445979279
39 37 41 0.0 0.0 910.0 0.0 12696.0 32.0 7844.0 0.08977811978966267
39 37 42 0.0 0.0 311.0 0.0 6667.0 21.0 518.0 0.1561977016623898
39 37 43 0.0 0.0 383.0 0.0 7757.0 24.0 999.0 0.1383125864453665
39 37 44 0.0 0.0 34.0 0.0 534.0 13.0 0.0 0.547945205479452
39 37 45 0.0 0.0 0.0 0.0 14.0 0.0 0.0 0.6951340615690167
39 38 34 0.0 0.0 0.0 0.0 6.0 0.0 0.0 0.6982543640897755
39 38 35 0.0 0.0 101.0 0.0 2598.0 10.0 30.0 0.2982530890498508
39 38 36 0.0 0.0 351.0 0.0 7537.0 26.0 884.0 0.14184397163120566
39 38 37 0.0 0.0 694.0 0.0 11719.0 33.0 5835.0 0.09723572718433116
39 38 38 0.0 0.0 1014.0 0.0 13199.0 45.0 9972.0 0.0864410965670536
39 38 39 0.0 0.0 1090.0 0.0 13280.0 27.0 11346.0 0.08555888284544398
39 38 40 0.0 0.0 1796.0 0.0 13064.0 58.0 26158.0 0.08307619273676714
39 38 41 0.0 0.0 847.0 0.0 12700.0 28.0 6690.0 0.09005531969638492
39 38 42 0.0 0.0 998.0 0.0 12982.0 39.0 8966.0 0.08769182586908862
39 38 43 0.0 0.0 317.0 0.0 7275.0 14.0 830.0 0.14604631754642183
39 38 44 0.0 0.0 260.0 0.0 5886.0 23.0 412.0 0.17218054359857335
39 38 45 0.0 0.0 0.0 0.0 30.0 0.0 0.0 0.689655172413793
39 39 34 0.0 0.0 0.0 0.0 10.0 0.0 0.0 0.6965174129353233
39 39 35 0.0 0.0 107.0 0.0 2485.0 7.0 44.0 0.3052103771528232
39 39 36 0.0 0.0 534.0 0.0 9892.0 18.0 2344.0 0.11278498348505597
39 39 37 0.0 0.0 731.0 0.0 11812.0 30.0 4929.0 0.09639217846323327
39 39 38 0.0 0.0 1418.0 0.0 13471.0 39.0 18932.0 0.08295804693055225
39 39 39 2.0 1.0 2090.0 17.0 11875.0 55.0 37201.0 0.0875821082264623
39 39 40 0.0 4.0 2331.0 35.0 12533.0 61.0 36462.0 0.082805938368723
39 39 41 0.0 3.0 2345.0 25.0 11387.0 65.0 43239.0 0.08886067914947635
39 39 42 0.0 0.0 1041.0 4.0 13387.0 29.0 9182.0 0.08522035549062575
39 39 43 0.0 0.0 466.0 0.0 9017.0 22.0 1664.0 0.12213207711768295
39 39 44 0.0 0.0 123.0 0.0 2981.0 13.0 84.0 0.27494108405341705
39 39 45 0.0 0.0 0.0 0.0 38.0 0.0 0.0 0.6869479882237487
39 40 34 0.0 0.0 0.0 0.0 8.0 0.0 0.0 0.6975585450921773
39 40 35 0.0 0.0 34.0 0.0 694.0 12.0 2.0 0.5154639175257731
39 40 36 0.0 0.0 434.0 0.0 8756.0 24.0 1440.0 0.1253020674841135
39 40 37 0.0 0.0 965.0 0.0 13078.0 21.0 8380.0 0.08719481813652216
39 40 38 0.0 1.0 1504.0 9.0 13380.0 47.0 19778.0 0.08284513876560742
39 40 39 0.0 0.0 2328.0 4.0 12318.0 60.0 38742.0 0.08409923709977772
39 40 40 0.0 9.0 2885.0 50.0 9401.0 61.0 65186.0 0.09745231797299177
39 40 41 0.0 10.0 2092.0 94.0 13274.0 54.0 29022.0 0.08013737836290782
39 40 42 0.0 7.0 852.0 96.0 12573.0 25.0 7162.0 0.09017132551848511
39 40 43 0.0 0.0 773.0 0.0 12240.0 28.0 6508.0 0.09329601492736238
39 40 44 0.0 0.0 359.0 0.0 8004.0 26.0 1173.0 0.13538342520065755
39 40 45 0.0 0.0 2.0 0.0 54.0 1.0 0.0 0.6812652068126519
39 41 35 0.0 0.0 17.0 0.0 421.0 5.0 3.0 0.575657894736842
39 41 36 0.0 0.0 238.0 0.0 5631.0 18.0 378.0 0.1781850579101438
39 41 37 0.0 0.0 533.0 0.0 10494.0 17.0 3234.0 0.10753514094784544
39 41 38 0.0 0.0 607.0 1.0 10985.0 27.0 3341.0 0.10313075506445672
39 41 39 0.0 0.0 1715.0 24.0 13245.0 39.0 25005.0 0.08233841086867023
39 41 40 1.0 5.0 2434.0 41.0 11540.0 59.0 44150.0 0.08748359682559519
39 41 41 0.0 3.0 1876.0 55.0 13173.0 48.0 26753.0 0.08182349503214494
39 41 42 0.0 7.0 1177.0 59.0 13057.0 31.0 14369.0 0.08590011044299914
39 41 43 0.0 0.0 1023.0 1.0 13094.0 35.0 9569.0 0.08686480114165165
39 41 44 0.0 0.0 125.0 0.0 3285.0 11.0 74.0 0.25921125717459725
39 41 45 0.0 0.0 0.0 0.0 41.0 0.0 0.0 0.6859382655560998
39 42 35 0.0 0.0 7.0 0.0 138.0 2.0 0.0 0.6532897806812878
39 42 36 0.0 0.0 69.0 0.0 1450.0 12.0 7.0 0.39920159680638717
39 42 37 0.0 0.0 760.0 0.0 11756.0 22.0 5376.0 0.09644530173601543
39 42 38 0.0 0.0 520.0 0.0 10048.0 25.0 2489.0 0.11154489682097042
39 42 39 0.0 10.0 750.0 87.0 11823.0 24.0 4263.0 0.09549143987449696
39 42 40 0.0 3.0 1266.0 66.0 13484.0 43.0 13588.0 0.0832887143792016
39 42 41 0.0 13.0 1357.0 104.0 13004.0 38.0 17990.0 0.08499787505312366
39 42 42 0.0 1.0 546.0 38.0 10255.0 19.0 2768.0 0.10908524232507401
39 42 43 0.0 0.0 693.0 0.0 11650.0 28.0 4867.0 0.09769032168027351
39 42 44 0.0 0.0 298.0 0.0 6678.0 17.0 648.0 0.1561977016623898
39 42 45 0.0 0.0 0.0 0.0 32.0 0.0 0.0 0.6893156080748399
39 43 35 0.0 0.0 0.0 0.0 4.0 0.0 0.0 0.6986027944111775
39 43 36 0.0 0.0 2.0 0.0 149.0 0.0 0.0 0.6508600650860064
39 43 37 0.0 0.0 487.0 0.0 9302.0 21.0 1786.0 0.11890606420927466
39 43 38 0.0 0.0 381.0 0.0 7930.0 27.0 924.0 0.13609409934869252
39 43 39 0.0 0.0 640.0 3.0 11046.0 30.0 3763.0 0.10240655401945724
39 43 40 0.0 0.0 334.0 1.0 7758.0 18.0 1024.0 0.1388337961126537
39 43 41 0.0 0.0 501.0 0.0 10083.0 20.0 2734.0 0.11130545396724438
39 43 42 0.0 0.0 336.0 1.0 7083.0 18.0 679.0 0.14882534282980756
39 43 43 0.0 0.0 199.0 0.0 4566.0 16.0 190.0 0.20737668493556508
39 43 44 0.0 0.0 19.0 0.0 414.0 5.0 1.0 0.5768438401318499
39 43 45 0.0 0.0 0.0 0.0 32.0 1.0 0.0 0.6893156080748399
39 44 35 0.0 0.0 0.0 0.0 3.0 0.0 0.0 0.6989515726410384
39 44 36 0.0 0.0 1.0 0.0 33.0 1.0 0.0 0.6886374815543531
39 44 37 0.0 0.0 32.0 0.0 708.0 5.0 0.0 0.5118829981718463
39 44 38 0.0 0.0 88.0 0.0 2443.0 16.0 38.0 0.3100775193798449
39 44 39 0.0 0.0 108.0 0.0 2725.0 13.0 36.0 0.29051670471052077
39 44 40 0.0 0.0 121.0 0.0 2639.0 22.0 43.0 0.295483326298016
39 44 41 0.0 0.0 95.0 0.0 2351.0 19.0 35.0 0.3161698283649503
39 44 42 0.0 0.0 77.0 0.0 1847.0 6.0 21.0 0.3573251659009698
39 44 43 0.0 0.0 37.0 0.0 574.0 6.0 0.0 0.5374280230326295
39 44 44 0.0 0.0 1.0 0.0 27.0 0.0 0.0 0.6906758756783422
39 44 45 0.0 0.0 0.0 0.0 5.0 0.0 0.0 0.6982543640897755
39 45 37 0.0 0.0 0.0 0.0 3.0 0.0 0.0 0.6989515726410384
39 45 38 0.0 0.0 0.0 0.0 4.0 0.0 0.0 0.6986027944111775
39 45 39 0.0 0.0 0.0 0.0 10.0 0.0 0.0 0.6968641114982577
39 45 40 0.0 0.0 1.0 0.0 14.0 1.0 0.0 0.6951340615690167
39 45 41 0.0 0.0 2.0 0.0 19.0 2.0 0.0 0.6934125804853887
39 45 42 0.0 0.0 0.0 0.0 2.0 0.0 0.0 0.6993006993006992
40 34 41 0.0 0.0 0.0 0.0 1.0 0.0 0.0 0.6996501749125437
40 35 35 0.0 0.0 0.0 0.0 2.0 0.0 0.0 0.6993006993006992
40 35 36 0.0 0.0 0.0 0.0 12.0 0.0 0.0 0.6958250497017892
40 35 37 0.0 0.0 0.0 0.0 18.0 0.0 0.0 0.6937561942517343
40 35 38 0.0 0.0 4.0 0.0 69.0 2.0 0.0 0.6760019314340897
40 35 39 0.0 0.0 4.0 0.0 162.0 0.0 0.0 0.6463527239150507
40 35 40 0.0 0.0 19.0 0.0 323.0 6.0 1.0 0.5993150684931505
40 35 41 0.0 0.0 0.0 0.0 36.0 0.0 0.0 0.6876227897838899
40 35 42 0.0 0.0 0.0 0.0 8.0 0.0 0.0 0.697211155378486
40 36 35 0.0 0.0 3.0 0.0 75.0 0.0 0.0 0.6737247353224253
40 36 36 0.0 0.0 196.0 0.0 4208.0 25.0 152.0 0.21943573667711597
40 36 37 0.0 0.0 114.0 0.0 2740.0 17.0 50.0 0.2893159743748708
40 36 38 0.0 0.0 97.0 0.0 2677.0 17.0 49.0 0.2942412778478352
40 36 39 0.0 0.0 368.0 0.0 8073.0 24.0 1167.0 0.13430544896392937
40 36 40 0.0 0.0 89.0 0.0 2548.0 15.0 58.0 0.3029647262497295
40 36 41 0.0 0.0 233.0 0.0 4467.0 20.0 165.0 0.20951810835079315
40 36 42 0.0 0.0 1.0 0.0 297.0 1.0 1.0 0.6094906399651718
40 36 43 0.0 0.0 9.0 0.0 366.0 3.0 0.0 0.5902192242833051
40 36 44 0.0 0.0 1.0 0.0 38.0 1.0 0.0 0.6869479882237487
40 37 34 0.0 0.0 0.0 0.0 3.0 0.0 0.0 0.6989515726410384
40 37 35 0.0 0.0 4.0 0.0 173.0 1.0 0.0 0.6433823529411764
40 37 36 0.0 0.0 430.0 0.0 8679.0 24.0 1361.0 0.12616022348382444
40 37 37 0.0 0.0 197.0 0.0 5488.0 21.0 399.0 0.1827199164708953
40 37 38 0.0 0.0 624.0 0.0 11137.0 30.0 3415.0 0.10180337405468294
40 37 39 0.0 0.0 843.0 0.0 12547.0 32.0 6010.0 0.09102139002665625
40 37 40 0.0 0.0 720.0 0.0 11628.0 34.0 4015.0 0.0977039570102589
40 37 41 0.0 0.0 425.0 0.0 8362.0 23.0 1090.0 0.1300631735414344
40 37 42 0.0 0.0 385.0 1.0 7334.0 31.0 774.0 0.14432989690721648
40 37 43 0.0 0.0 247.0 0.0 5644.0 26.0 352.0 0.17789072426937733
40 37 44 0.0 0.0 2.0 0.0 145.0 0.0 0.0 0.6526806526806526
40 37 45 0.0 0.0 3.0 0.0 19.0 1.0 0.0 0.6927263730826323
40 38 34 0.0 0.0 0.0 0.0 10.0 0.0 0.0 0.6965174129353233
40 38 35 0.0 0.0 35.0 0.0 1010.0 8.0 2.0 0.4611330698287219
40 38 36 0.0 0.0 405.0 0.0 7743.0 24.0 816.0 0.13820335636722603
40 38 37 0.0 0.0 1074.0 0.0 12963.0 29.0 12879.0 0.0872437215678943
40 38 38 0.0 0.0 1615.0 0.0 12618.0 49.0 25941.0 0.08619628124615193
40 38 39 0.0 0.0 1450.0 0.0 13667.0 37.0 17712.0 0.08180915093788348
40 38 40 0.0 0.0 1528.0 3.0 13764.0 50.0 17780.0 0.08101383021815867
40 38 41 0.0 0.0 1554.0 3.0 13544.0 36.0 20060.0 0.0818282775147583
40 38 42 0.0 0.0 1125.0 1.0 13449.0 37.0 10929.0 0.08447474808423339
40 38 43 0.0 0.0 449.0 0.0 8693.0 19.0 1432.0 0.12574097359439554
40 38 44 0.0 0.0 122.0 0.0 2896.0 14.0 61.0 0.2796085480327541
40 38 45 0.0 0.0 2.0 0.0 38.0 3.0 0.0 0.6872852233676975
40 39 34 0.0 0.0 0.0 0.0 9.0 0.0 0.0 0.6968641114982577
40 39 35 0.0 0.0 219.0 0.0 4366.0 20.0 124.0 0.2132196162046908
40 39 36 0.0 0.0 449.0 0.0 8985.0 25.0 1409.0 0.1226026797442858
40 39 37 0.0 0.0 1013.0 0.0 13197.0 31.0 9844.0 0.08639842014317452
40 39 38 0.0 0.0 1643.0 0.0 13147.0 46.0 23696.0 0.0833134967864794
40 39 39 0.0 2.0 2285.0 23.0 11931.0 50.0 40646.0 0.08611674970781817
40 39 40 0.0 2.0 2295.0 8.0 12751.0 63.0 35432.0 0.08206811653672548
40 39 41 1.0 5.0 2261.0 48.0 12953.0 54.0 33655.0 0.08105604446503009
40 39 42 0.0 2.0 1716.0 2.0 13041.0 41.0 25262.0 0.08348738744111156
40 39 43 0.0 0.0 765.0 0.0 11708.0 18.0 4102.0 0.09669176048069618
40 39 44 0.0 0.0 272.0 0.0 6054.0 22.0 463.0 0.16853256289876006
40 39 45 0.0 0.0 73.0 0.0 1483.0 11.0 9.0 0.3949224259520451
40 40 34 0.0 0.0 0.0 0.0 11.0 0.0 0.0 0.6961710591745399
40 40 35 0.0 0.0 130.0 0.0 3081.0 15.0 80.0 0.2694898941289701
40 40 36 0.0 0.0 581.0 0.0 10801.0 28.0 3569.0 0.10470421060504076
40 40 37 0.0 0.0 899.0 0.0 12781.0 39.0 9393.0 0.08934839491990554
40 40 38 0.0 0.0 1810.0 1.0 12823.0 59.0 28802.0 0.08429164910590642
40 40 39 0.0 17.0 2551.0 130.0 11861.0 59.0 44419.0 0.08460748171874055
40 40 40 7.0 76.0 2786.0 302.0 6881.0 57.0 90584.0 0.11599005799502898
40 40 41 0.0 5.0 2794.0 45.0 10065.0 72.0 59439.0 0.09395973154362415
40 40 42 0.0 12.0 1602.0 120.0 13388.0 50.0 21959.0 0.08172796263864564
40 40 43 0.0 0.0 829.0 0.0 12462.0 32.0 6793.0 0.09161704076958313
40 40 44 0.0 0.0 109.0 0.0 2928.0 12.0 49.0 0.2786624203821656
40 40 45 0.0 0.0 27.0 0.0 487.0 7.0 0.0 0.5584363781412045
40 41 34 0.0 0.0 0.0 0.0 5.0 0.0 0.0 0.6982543640897755
40 41 35 0.0 0.0 71.0 0.0 1575.0 9.0 11.0 0.38493263678856193
40 41 36 0.0 0.0 290.0 0.0 6311.0 17.0 514.0 0.1630181648812296
40 41 37 0.0 0.0 685.0 0.0 11580.0 26.0 5818.0 0.09828009828009826
40 41 38 0.0 0.0 1267.0 2.0 13784.0 37.0 13684.0 0.08207773934455062
40 41 39 0.0 3.0 1955.0 18.0 13437.0 57.0 26583.0 0.0803904679873672
40 41 40 0.0 21.0 2247.0 158.0 12501.0 51.0 36200.0 0.0826739104759655
40 41 41 0.0 574.0 1770.0 5332.0 9266.0 50.0 32202.0 0.07386303682599978
40 41 42 0.0 5.0 1549.0 67.0 12803.0 44.0 23229.0 0.08522035549062575
40 41 43 0.0 0.0 403.0 0.0 8220.0 22.0 1210.0 0.1320007542900245
40 41 44 0.0 0.0 344.0 0.0 7771.0 19.0 926.0 0.13862758688979104
40 41 45 0.0 0.0 6.0 0.0 155.0 0.0 0.0 0.6478482184173993
40 42 34 0.0 0.0 0.0 0.0 1.0 0.0 0.0 0.6996501749125437
40 42 35 0.0 0.0 5.0 0.0 125.0 2.0 0.0 0.6578947368421051
40 42 36 0.0 0.0 62.0 0.0 2034.0 10.0 34.0 0.3426333822809593
40 42 37 0.0 0.0 272.0 0.0 5827.0 21.0 371.0 0.17326732673267323
40 42 38 0.0 0.0 1159.0 0.0 13163.0 23.0 13379.0 0.08573178199632576
40 42 39 0.0 2.0 1093.0 16.0 13422.0 27.0 10496.0 0.08464328899637243
40 42 40 0.0 3.0 1841.0 31.0 13063.0 38.0 26896.0 0.08263974971961513
40 42 41 0.0 9.0 1092.0 155.0 13257.0 34.0 10629.0 0.08480736612551489
40 42 42 0.0 3.0 605.0 128.0 10750.0 21.0 2961.0 0.10391152675721814
40 42 43 0.0 0.0 821.0 0.0 12468.0 30.0 7155.0 0.0916350307631889
40 42 44 0.0 0.0 264.0 0.0 6137.0 27.0 496.0 0.16706443914081143
40 42 45 0.0 0.0 0.0 0.0 50.0 0.0 0.0 0.6829268292682925
40 43 35 0.0 0.0 0.0 0.0 7.0 0.0 0.0 0.6975585450921773
40 43 36 0.0 0.0 165.0 0.0 4001.0 16.0 127.0 0.22753128555176336
40 43 37 0.0 0.0 147.0 0.0 3199.0 12.0 81.0 0.2624671916010498
40 43 38 0.0 0.0 666.0 0.0 11176.0 32.0 3570.0 0.10122921185827909
40 43 39 0.0 0.0 577.0 0.0 10288.0 32.0 2444.0 0.10894941634241245
40 43 40 0.0 0.0 420.0 8.0 8530.0 17.0 1385.0 0.12790060295998537
40 43 41 0.0 0.0 842.0 0.0 12498.0 33.0 6677.0 0.09127656800104315
40 43 42 0.0 0.0 457.0 0.0 9162.0 30.0 1698.0 0.12074169900819318
40 43 43 0.0 0.0 180.0 0.0 4190.0 19.0 167.0 0.22043772634230827
40 43 44 0.0 0.0 243.0 0.0 5041.0 24.0 224.0 0.19270474879559527
40 43 45 0.0 0.0 1.0 0.0 39.0 0.0 0.0 0.6862745098039215
40 44 35 0.0 0.0 0.0 0.0 4.0 0.0 0.0 0.6986027944111775
40 44 36 0.0 0.0 7.0 0.0 98.0 3.0 0.0 0.6660323501427211
40 44 37 0.0 0.0 0.0 0.0 109.0 0.0 0.0 0.6638217164532954
40 44 38 0.0 0.0 59.0 0.0 1326.0 19.0 11.0 0.41592394533571
40 44 39 0.0 0.0 55.0 0.0 1365.0 9.0 7.0 0.4107981220657277
40 44 40 0.0 0.0 123.0 0.0 3225.0 19.0 71.0 0.26266416510318946
40 44 41 0.0 0.0 200.0 1.0 4877.0 16.0 245.0 0.19821605550049554
40 44 42 0.0 0.0 22.0 0.0 687.0 5.0 4.0 0.5177514792899407
40 44 43 0.0 0.0 11.0 0.0 268.0 3.0 0.0 0.6151142355008786
40 44 44 0.0 0.0 5.0 0.0 102.0 2.0 0.0 0.6650831353919239
40 44 45 0.0 0.0 4.0 0.0 40.0 1.0 0.0 0.6852667645619186
40 45 36 0.0 0.0 0.0 0.0 1.0 0.0 0.0 0.6996501749125437
40 45 38 0.0 0.0 2.0 0.0 18.0 0.0 0.0 0.6930693069306929
40 45 39 0.0 0.0 0.0 0.0 2.0 0.0 0.0 0.6993006993006992
40 45 40 0.0 0.0 0.0 0.0 22.0 0.0 0.0 0.6923837784371908
40 45 41 0.0 0.0 6.0 0.0 152.0 2.0 0.0 0.6493506493506492
40 45 42 0.0 0.0 2.0 0.0 53.0 0.0 0.0 0.6812652068126519
41 34 39 0.0 0.0 0.0 0.0 1.0 0.0 0.0 0.6996501749125437
41 34 40 0.0 0.0 0.0 0.0 2.0 0.0 0.0 0.6993006993006992
41 34 41 0.0 0.0 0.0 0.0 1.0 0.0 0.0 0.6996501749125437
41 35 35 0.0 0.0 0.0 0.0 2.0 0.0 0.0 0.6993006993006992
41 35 36 0.0 0.0 0.0 0.0 15.0 0.0 0.0 0.694789081885856
41 35 37 0.0 0.0 2.0 0.0 36.0 0.0 0.0 0.6872852233676975
41 35 38 0.0 0.0 7.0 0.0 87.0 2.0 0.0 0.669536107125777
41 35 39 0.0 0.0 1.0 0.0 74.0 0.0 0.0 0.6746987951807227
41 35 40 0.0 0.0 105.0 0.0 2225.0 13.0 33.0 0.3244495944380069
41 35 41 0.0 0.0 0.0 0.0 16.0 0.0 0.0 0.6944444444444444
41 35 42 0.0 0.0 0.0 0.0 7.0 0.0 0.0 0.6975585450921773
41 35 43 0.0 0.0 0.0 0.0 1.0 0.0 0.0 0.6996501749125437
41 36 35 0.0 0.0 0.0 0.0 32.0 0.0 0.0 0.6889763779527558
41 36 36 0.0 0.0 46.0 0.0 1237.0 7.0 10.0 0.42735042735042733
41 36 37 0.0 0.0 229.0 0.0 5214.0 18.0 277.0 0.18850141376060314
41 36 38 0.0 0.0 70.0 0.0 2038.0 10.0 29.0 0.3416300634455831
41 36 39 0.0 0.0 245.0 0.0 5585.0 21.0 351.0 0.17921146953405012
41 36 40 0.0 0.0 223.0 0.0 4970.0 20.0 248.0 0.1950947603121516
41 36 41 0.0 0.0 69.0 0.0 1475.0 15.0 7.0 0.3968253968253968
41 36 42 0.0 0.0 11.0 0.0 377.0 2.0 1.0 0.5867560771165129
41 36 43 0.0 0.0 83.0 0.0 2018.0 14.0 29.0 0.3423820004891171
41 36 44 0.0 0.0 0.0 0.0 13.0 0.0 0.0 0.6958250497017892
41 37 35 0.0 0.0 5.0 0.0 161.0 1.0 0.0 0.6472491909385112
41 37 36 0.0 0.0 324.0 0.0 7672.0 17.0 1109.0 0.14023840528899129
41 37 37 0.0 0.0 888.0 0.0 12664.0 38.0 8336.0 0.09013068949977465
41 37 38 0.0 0.0 682.0 0.0 11520.0 28.0 3980.0 0.09869580542826928
41 37 39 0.0 0.0 1077.0 0.0 12932.0 42.0 11578.0 0.08754377188594296
41 37 40 0.0 0.0 373.0 0.0 8342.0 15.0 1230.0 0.13079222720478323
41 37 41 0.0 0.0 669.0 1.0 11319.0 20.0 3443.0 0.10015739018457576
41 37 42 0.0 0.0 472.0 0.0 9459.0 22.0 2094.0 0.11748909029875797
41 37 43 0.0 0.0 202.0 0.0 4483.0 23.0 174.0 0.21008403361344533
41 37 44 0.0 0.0 34.0 0.0 468.0 10.0 0.0 0.5620232838217583
41 37 45 0.0 0.0 0.0 0.0 6.0 0.0 0.0 0.6982543640897755
41 38 34 0.0 0.0 3.0 0.0 55.0 0.0 0.0 0.6802721088435373
41 38 35 0.0 0.0 21.0 0.0 461.0 5.0 0.0 0.5656565656565656
41 38 36 0.0 0.0 280.0 0.0 6007.0 22.0 417.0 0.16932752781809385
41 38 37 0.0 0.0 477.0 0.0 9748.0 23.0 2238.0 0.11467889908256879
41 38 38 0.0 0.0 1325.0 0.0 12958.0 38.0 18539.0 0.08597924215439413
41 38 39 0.0 0.0 1040.0 0.0 13188.0 43.0 10850.0 0.08635045950780237
41 38 40 0.0 0.0 1025.0 1.0 13450.0 30.0 10361.0 0.08498239650358139
41 38 41 0.0 12.0 1089.0 202.0 13269.0 36.0 10416.0 0.08456148828219376
41 38 42 0.0 0.0 1076.0 2.0 13050.0 33.0 11008.0 0.08690254500310365
41 38 43 0.0 0.0 588.0 0.0 10560.0 19.0 3066.0 0.10658545869813474
41 38 44 0.0 0.0 61.0 0.0 1917.0 15.0 29.0 0.35326772646984606
41 38 45 0.0 0.0 0.0 0.0 32.0 0.0 0.0 0.6889763779527558
41 38 46 0.0 0.0 0.0 0.0 1.0 0.0 0.0 0.6996501749125437
41 39 34 0.0 0.0 0.0 0.0 5.0 0.0 0.0 0.6982543640897755
41 39 35 0.0 0.0 47.0 0.0 1305.0 10.0 12.0 0.4190362167015863
41 39 36 0.0 0.0 288.0 0.0 6321.0 28.0 509.0 0.1631891828884485
41 39 37 0.0 0.0 815.0 0.0 12363.0 32.0 5217.0 0.09232392508572936
41 39 38 0.0 0.0 1518.0 2.0 13389.0 44.0 20044.0 0.08278635207852876
41 39 39 0.0 0.0 2437.0 5.0 10846.0 51.0 49532.0 0.09155113784985612
41 39 40 0.0 3.0 2148.0 17.0 12667.0 56.0 34766.0 0.08318973201022044
41 39 41 0.0 0.0 2509.0 5.0 10873.0 57.0 49013.0 0.09086188992731048
41 39 42 0.0 0.0 1671.0 1.0 12998.0 43.0 24220.0 0.08396305625524768
41 39 43 0.0 0.0 848.0 0.0 12683.0 25.0 6768.0 0.0901481004507405
41 39 44 0.0 0.0 306.0 0.0 7151.0 22.0 767.0 0.1482579688658265
41 39 45 0.0 0.0 13.0 0.0 190.0 3.0 0.0 0.6363636363636362
41 39 46 0.0 0.0 0.0 0.0 1.0 0.0 0.0 0.6996501749125437
41 40 34 0.0 0.0 1.0 0.0 14.0 0.0 0.0 0.694789081885856
41 40 35 0.0 0.0 130.0 0.0 2967.0 16.0 48.0 0.2756448119708604
41 40 36 0.0 0.0 540.0 0.0 10415.0 29.0 2780.0 0.10816657652785289
41 40 37 0.0 0.0 1034.0 0.0 13105.0 32.0 10140.0 0.08674639073052852
41 40 38 0.0 0.0 1529.0 0.0 13495.0 48.0 20156.0 0.08228034087569791
41 40 39 0.0 0.0 2322.0 6.0 11935.0 64.0 39981.0 0.08603207767467584
41 40 40 0.0 2.0 2069.0 39.0 13151.0 62.0 30805.0 0.08113120074177096
41 40 41 0.0 5.0 2583.0 39.0 10205.0 74.0 55678.0 0.09441596978688965
41 40 42 0.0 2.0 1802.0 38.0 13222.0 54.0 25266.0 0.0821307051507685
41 40 43 0.0 0.0 532.0 0.0 10159.0 22.0 2680.0 0.11035787482263912
41 40 44 0.0 0.0 347.0 0.0 7204.0 24.0 741.0 0.14691992863889178
41 40 45 0.0 0.0 1.0 0.0 53.0 1.0 0.0 0.6819288845591815
41 41 34 0.0 0.0 0.0 0.0 6.0 0.0 0.0 0.6979062811565303
41 41 35 0.0 0.0 107.0 0.0 2961.0 10.0 55.0 0.27684397864346444
41 41 36 0.0 0.0 751.0 0.0 11941.0 19.0 4876.0 0.09522513943681131
41 41 37 0.0 0.0 1215.0 0.0 13261.0 46.0 14635.0 0.08505467800729039
41 41 38 0.0 0.0 1562.0 1.0 13211.0 43.0 21603.0 0.08344260340922637
41 41 39 0.0 6.0 2504.0 22.0 11430.0 78.0 46068.0 0.08782385044852893
41 41 40 0.0 9.0 2446.0 54.0 11395.0 56.0 45645.0 0.08797838245459687
41 41 41 0.0 12.0 2031.0 135.0 12634.0 54.0 31858.0 0.08325404376784014
41 41 42 0.0 0.0 985.0 52.0 13306.0 37.0 8819.0 0.08571078731480347
41 41 43 0.0 0.0 682.0 1.0 11505.0 28.0 3991.0 0.09873756964525002
41 41 44 0.0 0.0 179.0 0.0 4405.0 26.0 171.0 0.21347971942665442
41 41 45 0.0 0.0 4.0 0.0 107.0 1.0 0.0 0.6635071090047392
41 42 35 0.0 0.0 79.0 0.0 2121.0 9.0 24.0 0.33396946564885494
41 42 36 0.0 0.0 148.0 0.0 3523.0 14.0 113.0 0.24752475247524747
41 42 37 0.0 0.0 482.0 0.0 9321.0 25.0 1718.0 0.1187044259793115
41 42 38 0.0 0.0 548.0 0.0 10089.0 26.0 2246.0 0.11097899326198968
41 42 39 0.0 0.0 1043.0 1.0 13142.0 29.0 10066.0 0.08650519031141868
41 42 40 0.0 8.0 1361.0 71.0 13469.0 37.0 16053.0 0.08278145695364238
41 42 41 0.0 7.0 924.0 61.0 12907.0 37.0 8405.0 0.08808355354221718
41 42 42 0.0 3.0 1039.0 36.0 13167.0 42.0 10787.0 0.08631851532153645
41 42 43 0.0 0.0 790.0 1.0 12153.0 28.0 5480.0 0.09371443871745096
41 42 44 0.0 0.0 28.0 0.0 922.0 9.0 5.0 0.47619047619047605
41 42 45 0.0 0.0 5.0 0.0 115.0 1.0 0.0 0.6610009442870631
41 43 34 0.0 0.0 0.0 0.0 2.0 0.0 0.0 0.6993006993006992
41 43 35 0.0 0.0 9.0 0.0 403.0 6.0 1.0 0.5818786367414795
41 43 36 0.0 0.0 18.0 0.0 377.0 5.0 0.0 0.5857740585774057
41 43 37 0.0 0.0 327.0 0.0 6529.0 18.0 525.0 0.15835312747426758
41 43 38 0.0 0.0 267.0 0.0 5640.0 25.0 354.0 0.1775297996449404
41 43 39 0.0 0.0 420.0 0.0 8818.0 27.0 1707.0 0.12481055540697153
41 43 40 0.0 0.0 490.0 0.0 9831.0 22.0 2287.0 0.11371020142949965
41 43 41 0.0 0.0 476.0 0.0 9518.0 23.0 1794.0 0.11681268251981641
41 43 42 0.0 0.0 445.0 0.0 9040.0 22.0 1572.0 0.12206818379980816
41 43 43 0.0 0.0 383.0 1.0 7753.0 29.0 905.0 0.13840830449826988
41 43 44 0.0 0.0 162.0 0.0 3797.0 20.0 110.0 0.23569023569023564
41 43 45 0.0 0.0 0.0 0.0 10.0 0.0 0.0 0.6965174129353233
41 44 35 0.0 0.0 0.0 0.0 4.0 0.0 0.0 0.6986027944111775
41 44 36 0.0 0.0 0.0 0.0 8.0 0.0 0.0 0.697211155378486
41 44 37 0.0 0.0 6.0 0.0 212.0 1.0 0.0 0.6314839873703202
41 44 38 0.0 0.0 4.0 0.0 264.0 2.0 1.0 0.6181015452538631
41 44 39 0.0 0.0 38.0 0.0 1186.0 6.0 10.0 0.4350528278433809
41 44 40 0.0 0.0 141.0 0.0 3012.0 20.0 62.0 0.27269185820023367
41 44 41 0.0 0.0 17.0 0.0 642.0 2.0 1.0 0.527306967984934
41 44 42 0.0 0.0 13.0 0.0 408.0 3.0 0.0 0.5792304509722795
41 44 43 0.0 0.0 37.0 0.0 1153.0 11.0 7.0 0.44039005976722234
41 44 44 0.0 0.0 0.0 0.0 23.0 0.0 0.0 0.6923837784371908
41 44 45 0.0 0.0 2.0 0.0 42.0 0.0 0.0 0.684931506849315
41 45 38 0.0 0.0 0.0 0.0 1.0 0.0 0.0 0.6996501749125437
41 45 39 0.0 0.0 28.0 0.0 399.0 8.0 0.0 0.5787515502273666
41 45 40 0.0 0.0 1.0 0.0 10.0 0.0 0.0 0.6961710591745399
41 45 41 0.0 0.0 0.0 0.0 11.0 0.0 0.0 0.6961710591745399
41 45 42 0.0 0.0 0.0 0.0 5.0 0.0 0.0 0.6982543640897755
41 45 44 0.0 0.0 0.0 0.0 1.0 0.0 0.0 0.6996501749125437
42 34 39 0.0 0.0 3.0 0.0 7.0 0.0 0.0 0.6965174129353233
42 34 40 0.0 0.0 0.0 0.0 1.0 0.0 0.0 0.6996501749125437
42 35 36 0.0 0.0 0.0 0.0 6.0 0.0 0.0 0.6979062811565303
42 35 37 0.0 0.0 18.0 0.0 428.0 3.0 1.0 0.5730659025787964
42 35 38 0.0 0.0 10.0 0.0 179.0 3.0 0.0 0.6404391582799633
42 35 39 0.0 0.0 0.0 0.0 39.0 0.0 0.0 0.6866110838646394
42 35 40 0.0 0.0 0.0 0.0 16.0 0.0 0.0 0.694789081885856
42 35 41 0.0 0.0 4.0 0.0 103.0 0.0 0.0 0.6644518272425248
42 35 42 0.0 0.0 0.0 0.0 1.0 0.0 0.0 0.6996501749125437
42 36 35 0.0 0.0 1.0 0.0 27.0 0.0 0.0 0.690335305719921
42 36 36 0.0 0.0 46.0 0.0 1312.0 7.0 12.0 0.41791044776119396
42 36 37 0.0 0.0 150.0 0.0 3714.0 16.0 108.0 0.23939808481532146
42 36 38 0.0 0.0 352.0 0.0 6879.0 22.0 625.0 0.1519097222222222
42 36 39 0.0 0.0 96.0 0.0 2332.0 15.0 29.0 0.31717263253285
42 36 40 0.0 0.0 234.0 0.0 6018.0 13.0 524.0 0.16988229583788372
42 36 41 0.0 0.0 45.0 0.0 958.0 10.0 3.0 0.4677581022385566
42 36 42 0.0 0.0 47.0 0.0 1578.0 10.0 22.0 0.3872752420470262
42 36 43 0.0 0.0 0.0 0.0 44.0 0.0 0.0 0.684931506849315
42 36 44 0.0 0.0 0.0 0.0 9.0 0.0 0.0 0.6968641114982577
42 37 35 0.0 0.0 8.0 0.0 319.0 0.0 1.0 0.6016330038676406
42 37 36 0.0 0.0 137.0 0.0 3088.0 19.0 67.0 0.2688172043010752
42 37 37 0.0 0.0 389.0 0.0 7984.0 20.0 1071.0 0.13510905230650452
42 37 38 0.0 0.0 431.0 0.0 9157.0 22.0 1689.0 0.12099213551119176
42 37 39 0.0 0.0 784.0 0.0 12332.0 26.0 5880.0 0.09259871684635226
42 37 40 0.0 0.0 563.0 0.0 10383.0 36.0 2559.0 0.10839269123567666
42 37 41 0.0 0.0 519.0 0.0 9826.0 27.0 2373.0 0.11349817592217266
42 37 42 0.0 0.0 308.0 0.0 6353.0 24.0 520.0 0.1620557934946174
42 37 43 0.0 0.0 77.0 0.0 1988.0 13.0 28.0 0.34559368057269807
42 37 44 0.0 0.0 2.0 0.0 186.0 1.0 1.0 0.6401463191586647
42 37 45 0.0 0.0 0.0 0.0 12.0 0.0 0.0 0.6958250497017892
42 38 34 0.0 0.0 0.0 0.0 1.0 0.0 0.0 0.6996501749125437
42 38 35 0.0 0.0 30.0 0.0 642.0 9.0 4.0 0.5259203606311044
42 38 36 0.0 0.0 126.0 0.0 2797.0 20.0 67.0 0.28571428571428564
42 38 37 0.0 0.0 664.0 0.0 10879.0 41.0 3260.0 0.10358860525342212
42 38 38 0.0 0.0 1299.0 0.0 13172.0 39.0 17026.0 0.08500819721901753
42 38 39 0.0 0.0 1474.0 0.0 12763.0 33.0 22483.0 0.08621751447222563
42 38 40 0.0 0.0 1082.0 1.0 13364.0 38.0 10908.0 0.08517887563884156
42 38 41 0.0 0.0 1143.0 0.0 13619.0 36.0 10627.0 0.08356712230645257
42 38 42 0.0 0.0 693.0 0.0 11360.0 28.0 3974.0 0.09971509971509972
42 38 43 0.0 0.0 691.0 0.0 11327.0 30.0 4071.0 0.09987871869872297
42 38 44 0.0 0.0 184.0 0.0 4415.0 24.0 193.0 0.21286300745020525
42 38 45 0.0 0.0 102.0 0.0 1892.0 16.0 23.0 0.351935646053293
42 38 46 0.0 0.0 0.0 0.0 2.0 0.0 0.0 0.6993006993006992
42 39 34 0.0 0.0 0.0 0.0 4.0 0.0 0.0 0.6986027944111775
42 39 35 0.0 0.0 163.0 0.0 3307.0 15.0 75.0 0.2566452795600366
42 39 36 0.0 0.0 390.0 0.0 7510.0 20.0 746.0 0.14161440420797083
42 39 37 0.0 0.0 766.0 0.0 12220.0 34.0 6406.0 0.0934766642184683
42 39 38 0.0 0.0 1121.0 0.0 13525.0 38.0 10195.0 0.08411439557798604
42 39 39 0.0 0.0 1298.0 1.0 13360.0 40.0 15835.0 0.08403361344537814
42 39 40 0.0 2.0 1321.0 20.0 13885.0 42.0 14098.0 0.08128665157057423
42 39 41 0.0 0.0 1364.0 0.0 13416.0 38.0 17557.0 0.08341774414586187
42 39 42 0.0 0.0 1374.0 0.0 12636.0 35.0 21698.0 0.08740167311774252
42 39 43 0.0 0.0 1102.0 0.0 13259.0 39.0 11050.0 0.08566882878472645
42 39 44 0.0 0.0 215.0 0.0 5087.0 17.0 295.0 0.19209659714599336
42 39 45 0.0 0.0 2.0 0.0 63.0 1.0 0.0 0.6782945736434108
42 40 34 0.0 0.0 0.0 0.0 6.0 0.0 0.0 0.6979062811565303
42 40 35 0.0 0.0 44.0 0.0 1055.0 13.0 3.0 0.45366169799092676
42 40 36 0.0 0.0 256.0 0.0 5877.0 19.0 401.0 0.17241379310344826
42 40 37 0.0 0.0 810.0 0.0 12244.0 26.0 6308.0 0.09302325581395347
42 40 38 0.0 0.0 1919.0 0.0 12719.0 41.0 30348.0 0.08406893652795291
42 40 39 0.0 0.0 1873.0 1.0 12820.0 46.0 28814.0 0.08386748936680044
42 40 40 0.0 0.0 1975.0 0.0 12254.0 59.0 33918.0 0.08635045950780237
42 40 41 0.0 0.0 1579.0 1.0 13561.0 33.0 19404.0 0.08166598611678236
42 40 42 0.0 2.0 1421.0 9.0 13700.0 49.0 16803.0 0.08177570093457943
42 40 43 0.0 0.0 679.0 1.0 11619.0 22.0 4623.0 0.09792264111352031
42 40 44 0.0 0.0 216.0 0.0 5124.0 18.0 261.0 0.19112627986348124
42 40 45 0.0 0.0 7.0 0.0 149.0 2.0 0.0 0.649953574744661
42 41 34 0.0 0.0 0.0 0.0 1.0 0.0 0.0 0.6996501749125437
42 41 35 0.0 0.0 0.0 0.0 111.0 0.0 0.0 0.6631927996210326
42 41 36 0.0 0.0 342.0 0.0 7402.0 19.0 785.0 0.1439144736842105
42 41 37 0.0 0.0 581.0 0.0 10733.0 27.0 3082.0 0.10527107301300848
42 41 38 0.0 0.0 870.0 0.0 12710.0 27.0 6793.0 0.0899396119748169
42 41 39 0.0 0.0 1476.0 0.0 13460.0 47.0 19282.0 0.0826739104759655
42 41 40 0.0 0.0 1359.0 2.0 14151.0 33.0 13932.0 0.07994974587402202
42 41 41 0.0 0.0 1814.0 2.0 12444.0 47.0 29620.0 0.08613794376422813
42 41 42 0.0 0.0 1149.0 0.0 13042.0 38.0 13482.0 0.08652122860144612
42 41 43 0.0 0.0 409.0 1.0 8599.0 19.0 1449.0 0.12733060482037287
42 41 44 0.0 0.0 147.0 0.0 3603.0 13.0 119.0 0.24398745207389327
42 41 45 0.0 0.0 0.0 0.0 29.0 0.0 0.0 0.690335305719921
42 42 34 0.0 0.0 0.0 0.0 1.0 0.0 0.0 0.6996501749125437
42 42 35 0.0 0.0 26.0 0.0 568.0 5.0 1.0 0.5407493240633449
42 42 36 0.0 0.0 279.0 0.0 6460.0 23.0 577.0 0.16051364365971105
42 42 37 0.0 0.0 194.0 0.0 4768.0 9.0 237.0 0.20132297958009776
42 42 38 0.0 0.0 771.0 0.0 12044.0 28.0 6299.0 0.09453072248480755
42 42 39 0.0 0.0 1134.0 0.0 13424.0 38.0 11961.0 0.08458703401607152
42 42 40 0.0 0.0 1485.0 0.0 13071.0 48.0 21536.0 0.0846228239845261
42 42 41 0.0 0.0 1016.0 1.0 12951.0 36.0 11126.0 0.08769182586908862
42 42 42 0.0 0.0 905.0 0.0 12732.0 22.0 8701.0 0.08951406649616367
42 42 43 0.0 0.0 410.0 0.0 8228.0 23.0 1211.0 0.13181433010074378
42 42 44 0.0 0.0 80.0 0.0 1783.0 12.0 18.0 0.3636363636363636
42 42 45 0.0 0.0 1.0 0.0 14.0 0.0 0.0 0.694789081885856
42 43 35 0.0 0.0 0.0 0.0 14.0 0.0 0.0 0.6951340615690167
42 43 36 0.0 0.0 73.0 0.0 1498.0 16.0 15.0 0.393922341024198
42 43 37 0.0 0.0 3.0 0.0 254.0 0.0 0.0 0.620292423571112
42 43 38 0.0 0.0 102.0 0.0 2585.0 15.0 45.0 0.29959340894500314
42 43 39 0.0 0.0 696.0 1.0 11465.0 24.0 3776.0 0.09893293760158292
42 43 40 0.0 0.0 294.0 1.0 7446.0 17.0 950.0 0.14379622021364008
42 43 41 0.0 0.0 595.0 0.0 10687.0 25.0 2900.0 0.10545344983428742
42 43 42 0.0 0.0 206.0 0.0 4447.0 16.0 182.0 0.21090689966857484
42 43 43 0.0 0.0 103.0 0.0 2904.0 10.0 70.0 0.28005601120224044
42 43 44 0.0 0.0 15.0 0.0 251.0 6.0 0.0 0.6197432492253209
42 43 45 0.0 0.0 0.0 0.0 3.0 0.0 0.0 0.6989515726410384
42 44 35 0.0 0.0 0.0 0.0 1.0 0.0 0.0 0.6996501749125437
42 44 36 0.0 0.0 0.0 0.0 10.0 0.0 0.0 0.6965174129353233
42 44 37 0.0 0.0 0.0 0.0 36.0 0.0 0.0 0.6876227897838899
42 44 38 0.0 0.0 8.0 0.0 389.0 0.0 1.0 0.5840634125990821
42 44 39 0.0 0.0 135.0 0.0 3013.0 15.0 67.0 0.2727449834404831
42 44 40 0.0 0.0 80.0 0.0 1920.0 21.0 20.0 0.3517587939698492
42 44 41 0.0 0.0 8.0 0.0 323.0 2.0 0.0 0.6011163589523401
42 44 42 0.0 0.0 77.0 0.0 1635.0 12.0 9.0 0.37837837837837834
42 44 43 0.0 0.0 52.0 0.0 1570.0 14.0 16.0 0.38802660753880264
42 44 44 0.0 0.0 2.0 0.0 25.0 0.0 0.0 0.6906758756783422
42 44 45 0.0 0.0 0.0 0.0 3.0 0.0 0.0 0.6989515726410384
42 45 38 0.0 0.0 0.0 0.0 2.0 0.0 0.0 0.6993006993006992
42 45 39 0.0 0.0 0.0 0.0 4.0 0.0 0.0 0.6986027944111775
42 45 40 0.0 0.0 0.0 0.0 12.0 0.0 0.0 0.6958250497017892
42 45 41 0.0 0.0 0.0 0.0 10.0 0.0 0.0 0.6968641114982577
42 45 42 0.0 0.0 0.0 0.0 1.0 0.0 0.0 0.6996501749125437
42 45 43 0.0 0.0 0.0 0.0 3.0 0.0 0.0 0.6989515726410384
42 45 44 0.0 0.0 0.0 0.0 1.0 0.0 0.0 0.6996501749125437
43 34 38 0.0 0.0 0.0 0.0 1.0 0.0 0.0 0.6996501749125437
43 35 36 0.0 0.0 0.0 0.0 2.0 0.0 0.0 0.6993006993006992
43 35 37 0.0 0.0 0.0 0.0 10.0 0.0 0.0 0.6965174129353233
43 35 38 0.0 0.0 1.0 0.0 34.0 0.0 0.0 0.6882989183874139
43 35 39 0.0 0.0 1.0 0.0 51.0 0.0 0.0 0.6822612085769979
43 35 40 0.0 0.0 0.0 0.0 33.0 0.0 0.0 0.6886374815543531
43 35 41 0.0 0.0 0.0 0.0 8.0 0.0 0.0 0.697211155378486
43 35 43 0.0 0.0 0.0 0.0 1.0 0.0 0.0 0.6996501749125437
43 36 35 0.0 0.0 0.0 0.0 2.0 0.0 0.0 0.6993006993006992
43 36 36 0.0 0.0 1.0 0.0 27.0 0.0 0.0 0.690335305719921
43 36 37 0.0 0.0 4.0 0.0 226.0 1.0 0.0 0.6280843427545983
43 36 38 0.0 0.0 123.0 0.0 2889.0 19.0 62.0 0.28039254956939713
43 36 39 0.0 0.0 230.0 0.0 4845.0 20.0 222.0 0.19835647492207423
43 36 40 0.0 0.0 66.0 0.0 1783.0 13.0 20.0 0.3648683867604899
43 36 41 0.0 0.0 71.0 0.0 1546.0 14.0 17.0 0.3885650846516791
43 36 42 0.0 0.0 63.0 0.0 1465.0 8.0 11.0 0.3977272727272727
43 36 43 0.0 0.0 1.0 0.0 23.0 0.0 0.0 0.6916996047430829
43 36 44 0.0 0.0 0.0 0.0 3.0 0.0 0.0 0.6989515726410384
43 37 35 0.0 0.0 0.0 0.0 4.0 0.0 0.0 0.6986027944111775
43 37 36 0.0 0.0 5.0 0.0 116.0 2.0 0.0 0.6606890042472864
43 37 37 0.0 0.0 198.0 0.0 4255.0 24.0 169.0 0.21779713752333538
43 37 38 0.0 0.0 731.0 0.0 11631.0 31.0 4525.0 0.09757457485363812
43 37 39 0.0 0.0 432.0 0.0 8539.0 30.0 1408.0 0.12783053323593863
43 37 40 0.0 0.0 311.0 0.0 7385.0 24.0 859.0 0.14465798718743542
43 37 41 0.0 0.0 380.0 0.0 7835.0 20.0 942.0 0.13728181996469893
43 37 42 0.0 0.0 147.0 0.0 3701.0 19.0 109.0 0.24013722126929674
43 37 43 0.0 0.0 161.0 0.0 3112.0 19.0 62.0 0.26651437273938694
43 37 44 0.0 0.0 4.0 0.0 135.0 1.0 0.0 0.6548175865294666
43 37 45 0.0 0.0 0.0 0.0 11.0 0.0 0.0 0.6961710591745399
43 38 34 0.0 0.0 0.0 0.0 2.0 0.0 0.0 0.6993006993006992
43 38 35 0.0 0.0 1.0 0.0 19.0 0.0 0.0 0.6930693069306929
43 38 36 0.0 0.0 101.0 0.0 2565.0 14.0 37.0 0.3009458297506449
43 38 37 0.0 0.0 343.0 0.0 7936.0 21.0 1208.0 0.1364389435727512
43 38 38 0.0 0.0 619.0 0.0 11393.0 28.0 4382.0 0.10002143316424948
43 38 39 0.0 0.0 857.0 0.0 12653.0 30.0 6682.0 0.09031092762224228
43 38 40 0.0 0.0 570.0 0.0 10466.0 20.0 2798.0 0.1075268817204301
43 38 41 0.0 0.0 672.0 0.0 11296.0 28.0 4257.0 0.10031527658354829
43 38 42 0.0 0.0 829.0 0.0 12283.0 35.0 6967.0 0.09274594236502151
43 38 43 0.0 0.0 300.0 0.0 6907.0 16.0 678.0 0.1522235511579863
43 38 44 0.0 0.0 182.0 0.0 4345.0 17.0 185.0 0.21495470597267002
43 38 45 0.0 0.0 1.0 0.0 34.0 0.0 0.0 0.6882989183874139
43 39 34 0.0 0.0 0.0 0.0 2.0 0.0 0.0 0.6993006993006992
43 39 35 0.0 0.0 0.0 0.0 30.0 0.0 0.0 0.689655172413793
43 39 36 0.0 0.0 271.0 0.0 5825.0 21.0 417.0 0.17337461300309592
43 39 37 0.0 0.0 467.0 0.0 9127.0 26.0 1683.0 0.12095032397408206
43 39 38 0.0 0.0 596.0 0.0 10819.0 27.0 3080.0 0.1044698156853966
43 39 39 0.0 0.0 860.0 0.0 12618.0 28.0 7467.0 0.09048603929679419
43 39 40 0.0 0.0 1164.0 1.0 13321.0 34.0 12792.0 0.08496692359045942
43 39 41 0.0 0.0 810.0 0.0 12433.0 32.0 5776.0 0.09196006305832895
43 39 42 0.0 0.0 711.0 0.0 11553.0 17.0 4538.0 0.09808729769494849
43 39 43 0.0 0.0 361.0 0.0 8106.0 17.0 1240.0 0.13380483608907578
43 39 44 0.0 0.0 70.0 0.0 2119.0 8.0 21.0 0.33484812245874185
43 39 45 0.0 0.0 0.0 0.0 31.0 0.0 0.0 0.689655172413793
43 39 46 0.0 0.0 0.0 0.0 1.0 0.0 0.0 0.6996501749125437
43 40 34 0.0 0.0 0.0 0.0 2.0 0.0 0.0 0.6993006993006992
43 40 35 0.0 0.0 0.0 0.0 33.0 0.0 0.0 0.6889763779527558
43 40 36 0.0 0.0 228.0 0.0 5194.0 17.0 309.0 0.1890103955717564
43 40 37 0.0 0.0 708.0 0.0 11658.0 23.0 4329.0 0.09749303621169916
43 40 38 0.0 0.0 769.0 0.0 11969.0 30.0 5475.0 0.0950570342205323
43 40 39 0.0 0.0 822.0 0.0 12466.0 34.0 6852.0 0.09164102899783988
43 40 40 0.0 0.0 827.0 0.0 12280.0 28.0 7154.0 0.09269067796610168
43 40 41 0.0 0.0 884.0 0.0 12639.0 19.0 6217.0 0.0901248873438908
43 40 42 0.0 0.0 639.0 0.0 11215.0 25.0 4100.0 0.1010757346039997
43 40 43 0.0 0.0 875.0 0.0 12344.0 36.0 7964.0 0.0920507594187652
43 40 44 0.0 0.0 254.0 0.0 5092.0 18.0 238.0 0.19102196752626546
43 40 45 0.0 0.0 0.0 0.0 32.0 0.0 0.0 0.6889763779527558
43 41 34 0.0 0.0 0.0 0.0 1.0 0.0 0.0 0.6996501749125437
43 41 35 0.0 0.0 0.0 0.0 43.0 0.0 0.0 0.6852667645619186
43 41 36 0.0 0.0 56.0 0.0 1328.0 12.0 12.0 0.4153070305547315
43 41 37 0.0 0.0 223.0 0.0 5661.0 15.0 402.0 0.1779133307917143
43 41 38 0.0 0.0 519.0 0.0 9990.0 21.0 2362.0 0.11195521791283486
43 41 39 0.0 0.0 979.0 0.0 12940.0 39.0 8988.0 0.08799497171590194
43 41 40 0.0 0.0 879.0 0.0 12694.0 28.0 8471.0 0.0899165061014772
43 41 41 0.0 0.0 882.0 0.0 12716.0 19.0 7683.0 0.08976085144579084
43 41 42 0.0 0.0 533.0 0.0 10211.0 30.0 2769.0 0.1100282929896259
43 41 43 0.0 0.0 347.0 0.0 7484.0 20.0 861.0 0.14263881813550686
43 41 44 0.0 0.0 6.0 0.0 387.0 2.0 0.0 0.5855290673358426
43 41 45 0.0 0.0 0.0 0.0 3.0 0.0 0.0 0.6989515726410384
43 42 35 0.0 0.0 0.0 0.0 29.0 0.0 0.0 0.6899950714637751
43 42 36 0.0 0.0 3.0 0.0 114.0 1.0 0.0 0.6619385342789597
43 42 37 0.0 0.0 122.0 0.0 3192.0 11.0 77.0 0.26380252496702467
43 42 38 0.0 0.0 484.0 0.0 9627.0 24.0 2205.0 0.11570247933884296
43 42 39 0.0 0.0 369.0 0.0 8145.0 25.0 1175.0 0.13344771709083975
43 42 40 0.0 0.0 717.0 0.0 11884.0 27.0 5086.0 0.09594955794667945
43 42 41 0.0 0.0 489.0 0.0 9270.0 32.0 1672.0 0.11928090653488965
43 42 42 0.0 0.0 377.0 0.0 8193.0 18.0 1130.0 0.1326134318461684
43 42 43 0.0 0.0 297.0 0.0 6330.0 14.0 491.0 0.162526120269329
43 42 44 0.0 0.0 0.0 0.0 58.0 0.0 0.0 0.6802721088435373
43 42 45 0.0 0.0 0.0 0.0 2.0 0.0 0.0 0.6993006993006992
43 43 35 0.0 0.0 0.0 0.0 7.0 0.0 0.0 0.6975585450921773
43 43 36 0.0 0.0 0.0 0.0 20.0 0.0 0.0 0.6930693069306929
43 43 37 0.0 0.0 41.0 0.0 1264.0 10.0 10.0 0.42488619119878596
43 43 38 0.0 0.0 207.0 0.0 4901.0 21.0 241.0 0.1974890675694738
43 43 39 0.0 0.0 403.0 0.0 7949.0 22.0 1044.0 0.1354227123234668
43 43 40 0.0 0.0 249.0 0.0 6436.0 22.0 604.0 0.16147635524798154
43 43 41 0.0 0.0 475.0 0.0 9007.0 21.0 1590.0 0.12201499041310788
43 43 42 0.0 0.0 325.0 0.0 6546.0 17.0 590.0 0.15801354401805864
43 43 43 0.0 0.0 165.0 0.0 3742.0 21.0 97.0 0.23781212841854932
43 43 44 0.0 0.0 0.0 0.0 19.0 0.0 0.0 0.6934125804853887
43 43 45 0.0 0.0 0.0 0.0 1.0 0.0 0.0 0.6996501749125437
43 44 37 0.0 0.0 0.0 0.0 8.0 0.0 0.0 0.697211155378486
43 44 38 0.0 0.0 22.0 0.0 440.0 8.0 1.0 0.5704971475142624
43 44 39 0.0 0.0 14.0 0.0 274.0 5.0 0.0 0.6132282084975909
43 44 40 0.0 0.0 299.0 0.0 6078.0 19.0 451.0 0.16748414882162935
43 44 41 0.0 0.0 1.0 0.0 124.0 2.0 0.0 0.6594441827602449
43 44 42 0.0 0.0 21.0 0.0 456.0 8.0 0.0 0.5672609400324148
43 44 43 0.0 0.0 0.0 0.0 17.0 0.0 0.0 0.694100148735746
43 44 44 0.0 0.0 0.0 0.0 3.0 0.0 0.0 0.6989515726410384
43 45 38 0.0 0.0 10.0 0.0 245.0 2.0 0.0 0.6213936972924988
43 45 39 0.0 0.0 1.0 0.0 11.0 1.0 0.0 0.6965174129353233
43 45 40 0.0 0.0 0.0 0.0 18.0 0.0 0.0 0.6937561942517343
43 45 41 0.0 0.0 0.0 0.0 6.0 0.0 0.0 0.6979062811565303
43 45 43 0.0 0.0 0.0 0.0 1.0 0.0 0.0 0.6996501749125437
43 45 44 0.0 0.0 0.0 0.0 1.0 0.0 0.0 0.6996501749125437
44 35 37 0.0 0.0 0.0 0.0 3.0 0.0 0.0 0.6989515726410384
44 35 38 0.0 0.0 0.0 0.0 8.0 0.0 0.0 0.697211155378486
44 35 39 0.0 0.0 1.0 0.0 40.0 0.0 0.0 0.6859382655560998
44 35 40 0.0 0.0 0.0 0.0 7.0 0.0 0.0 0.6975585450921773
44 35 41 0.0 0.0 0.0 0.0 2.0 0.0 0.0 0.6993006993006992
44 36 37 0.0 0.0 0.0 0.0 95.0 0.0 0.0 0.6682577565632457
44 36 38 0.0 0.0 157.0 0.0 3872.0 20.0 141.0 0.23282887077997666
44 36 39 0.0 0.0 241.0 0.0 5149.0 16.0 294.0 0.18975332068311193
44 36 40 0.0 0.0 110.0 0.0 2616.0 19.0 44.0 0.2973661852166524
44 36 41 0.0 0.0 0.0 0.0 29.0 0.0 0.0 0.690335305719921
44 36 42 0.0 0.0 0.0 0.0 23.0 1.0 0.0 0.6923837784371908
44 36 43 0.0 0.0 0.0 0.0 2.0 0.0 0.0 0.6993006993006992
44 36 44 0.0 0.0 0.0 0.0 2.0 0.0 0.0 0.6993006993006992
44 37 36 0.0 0.0 29.0 0.0 814.0 7.0 6.0 0.4936530324400563
44 37 37 0.0 0.0 23.0 0.0 582.0 5.0 1.0 0.5384615384615384
44 37 38 0.0 0.0 229.0 0.0 5335.0 16.0 352.0 0.1854304635761589
44 37 39 0.0 0.0 115.0 0.0 2776.0 14.0 47.0 0.28712059064807216
44 37 40 0.0 0.0 75.0 0.0 1913.0 9.0 20.0 0.3517587939698492
44 37 41 0.0 0.0 165.0 0.0 3382.0 17.0 82.0 0.2531187850298318
44 37 42 0.0 0.0 13.0 0.0 400.0 2.0 0.0 0.5809128630705394
44 37 43 0.0 0.0 113.0 0.0 2482.0 20.0 43.0 0.3060109289617486
44 37 44 0.0 0.0 0.0 0.0 6.0 0.0 0.0 0.6979062811565303
44 38 35 0.0 0.0 8.0 0.0 172.0 3.0 0.0 0.6430868167202571
44 38 36 0.0 0.0 2.0 0.0 80.0 1.0 0.0 0.6727534839019701
44 38 37 0.0 0.0 69.0 0.0 1768.0 9.0 17.0 0.36572622779519326
44 38 38 0.0 0.0 57.0 0.0 1706.0 12.0 22.0 0.3732338043188483
44 38 39 0.0 0.0 248.0 0.0 5473.0 14.0 304.0 0.18160591516409386
44 38 40 0.0 0.0 768.0 0.0 12108.0 32.0 6029.0 0.09417462666487286
44 38 41 0.0 0.0 214.0 0.0 4751.0 11.0 209.0 0.20129403306973398
44 38 42 0.0 0.0 216.0 0.0 4666.0 20.0 199.0 0.20396270396270394
44 38 43 0.0 0.0 29.0 0.0 734.0 3.0 4.0 0.5072463768115941
44 38 44 0.0 0.0 23.0 0.0 707.0 6.0 0.0 0.513950073421439
44 38 45 0.0 0.0 0.0 0.0 8.0 0.0 0.0 0.697211155378486
44 39 35 0.0 0.0 0.0 0.0 15.0 0.0 0.0 0.694789081885856
44 39 36 0.0 0.0 62.0 0.0 1587.0 12.0 14.0 0.38493263678856193
44 39 37 0.0 0.0 275.0 0.0 5926.0 23.0 391.0 0.17114914425427868
44 39 38 0.0 0.0 154.0 0.0 3771.0 14.0 138.0 0.23692672194956843
44 39 39 0.0 0.0 430.0 0.0 8216.0 19.0 1155.0 0.13166556945358784
44 39 40 0.0 0.0 407.0 0.0 8717.0 17.0 1358.0 0.126012601260126
44 39 41 0.0 0.0 259.0 0.0 5711.0 25.0 358.0 0.17616710708443437
44 39 42 0.0 0.0 453.0 0.0 8104.0 30.0 1096.0 0.13285253368760674
44 39 43 0.0 0.0 52.0 0.0 1843.0 9.0 26.0 0.3602676273803396
44 39 44 0.0 0.0 272.0 0.0 5608.0 23.0 335.0 0.17813971243160703
44 39 45 0.0 0.0 0.0 0.0 20.0 0.0 0.0 0.6930693069306929
44 40 35 0.0 0.0 0.0 0.0 19.0 0.0 0.0 0.6934125804853887
44 40 36 0.0 0.0 100.0 0.0 2469.0 15.0 44.0 0.30748956731825167
44 40 37 0.0 0.0 135.0 0.0 3296.0 19.0 92.0 0.25858884373845575
44 40 38 0.0 0.0 184.0 0.0 4138.0 20.0 138.0 0.22211645248294457
44 40 39 0.0 0.0 336.0 0.0 7089.0 25.0 645.0 0.14885699096225408
44 40 40 0.0 0.0 645.0 0.0 11375.0 30.0 4596.0 0.09995002498750623
44 40 41 0.0 0.0 153.0 0.0 3864.0 16.0 133.0 0.23325558147284234
44 40 42 0.0 0.0 248.0 0.0 5803.0 17.0 408.0 0.174194351126042
44 40 43 0.0 0.0 163.0 0.0 3757.0 12.0 102.0 0.23696682464454974
44 40 44 0.0 0.0 6.0 0.0 275.0 2.0 0.0 0.6143045195261079
44 40 45 0.0 0.0 0.0 0.0 12.0 0.0 0.0 0.6958250497017892
44 41 35 0.0 0.0 0.0 0.0 10.0 0.0 0.0 0.6965174129353233
44 41 36 0.0 0.0 1.0 0.0 105.0 1.0 0.0 0.6650831353919239
44 41 37 0.0 0.0 87.0 0.0 2149.0 11.0 27.0 0.3313609467455621
44 41 38 0.0 0.0 123.0 0.0 2714.0 21.0 45.0 0.2907580477673935
44 41 39 0.0 0.0 387.0 0.0 8213.0 28.0 1118.0 0.13237518910741297
44 41 40 0.0 0.0 203.0 0.0 4572.0 16.0 186.0 0.20700872393908026
44 41 41 0.0 0.0 245.0 0.0 5091.0 16.0 264.0 0.19120458891013384
44 41 42 0.0 0.0 388.0 0.0 7560.0 23.0 803.0 0.1410579345088161
44 41 43 0.0 0.0 223.0 0.0 5129.0 20.0 330.0 0.19083969465648853
44 41 44 0.0 0.0 10.0 0.0 312.0 3.0 0.0 0.6037084950409658
44 42 36 0.0 0.0 0.0 0.0 16.0 0.0 0.0 0.6944444444444444
44 42 37 0.0 0.0 0.0 0.0 59.0 0.0 0.0 0.6799417192812044
44 42 38 0.0 0.0 156.0 0.0 3600.0 13.0 124.0 0.24373259052924787
44 42 39 0.0 0.0 516.0 0.0 10083.0 23.0 2737.0 0.11119936457505956
44 42 40 0.0 0.0 53.0 0.0 1759.0 11.0 25.0 0.3687121411640768
44 42 41 0.0 0.0 176.0 0.0 3560.0 23.0 74.0 0.2450551374059163
44 42 42 0.0 0.0 38.0 0.0 909.0 10.0 3.0 0.4766768811712631
44 42 43 0.0 0.0 21.0 0.0 393.0 4.0 1.0 0.5809128630705394
44 42 44 0.0 0.0 0.0 0.0 22.0 0.0 0.0 0.6923837784371908
44 43 36 0.0 0.0 0.0 0.0 1.0 0.0 0.0 0.6996501749125437
44 43 37 0.0 0.0 2.0 0.0 62.0 0.0 0.0 0.6782945736434108
44 43 38 0.0 0.0 2.0 0.0 180.0 1.0 0.0 0.6419073819348922
44 43 39 0.0 0.0 125.0 0.0 2774.0 16.0 61.0 0.28659160696008185
44 43 40 0.0 0.0 19.0 0.0 506.0 1.0 0.0 0.5546751188589539
44 43 41 0.0 0.0 2.0 0.0 207.0 1.0 1.0 0.6340579710144926
44 43 42 0.0 0.0 0.0 0.0 85.0 0.0 0.0 0.6717850287907868
44 43 43 0.0 0.0 9.0 0.0 158.0 2.0 0.0 0.6469500924214416
44 43 44 0.0 0.0 0.0 0.0 11.0 0.0 0.0 0.6961710591745399
44 44 37 0.0 0.0 1.0 0.0 43.0 0.0 0.0 0.684931506849315
44 44 38 0.0 0.0 17.0 0.0 343.0 2.0 0.0 0.5937234944868531
44 44 39 0.0 0.0 0.0 0.0 31.0 0.0 0.0 0.6893156080748399
44 44 40 0.0 0.0 0.0 0.0 56.0 0.0 0.0 0.6812652068126519
44 44 41 0.0 0.0 4.0 0.0 88.0 2.0 0.0 0.6698564593301434
44 44 42 0.0 0.0 9.0 0.0 157.0 1.0 0.0 0.6466512702078521
44 44 43 0.0 0.0 0.0 0.0 1.0 0.0 0.0 0.6996501749125437
44 44 44 0.0 0.0 0.0 0.0 1.0 0.0 0.0 0.6996501749125437
44 45 37 0.0 0.0 0.0 0.0 1.0 0.0 0.0 0.6996501749125437
44 45 39 0.0 0.0 0.0 0.0 7.0 0.0 0.0 0.6975585450921773
44 45 40 0.0 0.0 0.0 0.0 11.0 0.0 0.0 0.6961710591745399
44 45 41 0.0 0.0 0.0 0.0 2.0 0.0 0.0 0.6993006993006992
45 35 37 0.0 0.0 0.0 0.0 2.0 0.0 0.0 0.6993006993006992
45 35 38 0.0 0.0 0.0 0.0 7.0 0.0 0.0 0.6975585450921773
45 35 39 0.0 0.0 0.0 0.0 8.0 0.0 0.0 0.697211155378486
45 35 40 0.0 0.0 0.0 0.0 2.0 0.0 0.0 0.6993006993006992
45 36 37 0.0 0.0 0.0 0.0 6.0 0.0 0.0 0.6979062811565303
45 36 38 0.0 0.0 0.0 0.0 18.0 0.0 0.0 0.6937561942517343
45 36 39 0.0 0.0 20.0 0.0 361.0 3.0 0.0 0.5887300252312867
45 36 40 0.0 0.0 0.0 0.0 12.0 0.0 0.0 0.6958250497017892
45 36 41 0.0 0.0 1.0 0.0 11.0 1.0 0.0 0.6961710591745399
45 36 44 0.0 0.0 0.0 0.0 3.0 0.0 0.0 0.6989515726410384
45 37 36 0.0 0.0 0.0 0.0 1.0 0.0 0.0 0.6996501749125437
45 37 37 0.0 0.0 0.0 0.0 15.0 0.0 0.0 0.694789081885856
45 37 38 0.0 0.0 0.0 0.0 31.0 0.0 0.0 0.6893156080748399
45 37 39 0.0 0.0 146.0 0.0 4015.0 16.0 148.0 0.2278275020341741
45 37 40 0.0 0.0 190.0 0.0 4095.0 8.0 156.0 0.22292993630573243
45 37 41 0.0 0.0 74.0 0.0 1920.0 10.0 35.0 0.35140562248995977
45 37 42 0.0 0.0 1.0 0.0 50.0 1.0 0.0 0.6829268292682925
45 37 43 0.0 0.0 0.0 0.0 14.0 0.0 0.0 0.6951340615690167
45 37 44 0.0 0.0 0.0 0.0 1.0 0.0 0.0 0.6996501749125437
45 38 36 0.0 0.0 0.0 0.0 4.0 0.0 0.0 0.6986027944111775
45 38 37 0.0 0.0 4.0 0.0 62.0 3.0 0.0 0.6786233640329616
45 38 38 0.0 0.0 38.0 0.0 610.0 10.0 1.0 0.5307050796057619
45 38 39 0.0 0.0 2.0 0.0 180.0 0.0 0.0 0.6419073819348922
45 38 40 0.0 0.0 75.0 0.0 1635.0 11.0 12.0 0.37858301784748505
45 38 41 0.0 0.0 392.0 0.0 7700.0 32.0 1007.0 0.13908205841446453
45 38 42 0.0 0.0 8.0 0.0 200.0 2.0 0.0 0.6349206349206349
45 38 43 0.0 0.0 3.0 0.0 53.0 0.0 0.0 0.6809338521400777
45 38 44 0.0 0.0 0.0 0.0 9.0 0.0 0.0 0.6968641114982577
45 38 45 0.0 0.0 0.0 0.0 4.0 0.0 0.0 0.6986027944111775
45 39 35 0.0 0.0 0.0 0.0 1.0 0.0 0.0 0.6996501749125437
45 39 36 0.0 0.0 0.0 0.0 10.0 0.0 0.0 0.6965174129353233
45 39 37 0.0 0.0 6.0 0.0 81.0 2.0 0.0 0.6714628297362109
45 39 38 0.0 0.0 7.0 0.0 123.0 3.0 0.0 0.6582040432534085
45 39 39 0.0 0.0 22.0 0.0 471.0 8.0 0.0 0.5633802816901408
45 39 40 0.0 0.0 29.0 0.0 674.0 5.0 2.0 0.5189028910303928
45 39 41 0.0 0.0 192.0 0.0 4387.0 16.0 184.0 0.21308980213089798
45 39 42 0.0 0.0 19.0 0.0 611.0 7.0 0.0 0.5337399923751428
45 39 43 0.0 0.0 0.0 0.0 36.0 0.0 0.0 0.6876227897838899
45 39 44 0.0 0.0 0.0 0.0 15.0 0.0 0.0 0.694789081885856
45 39 45 0.0 0.0 0.0 0.0 8.0 1.0 0.0 0.6975585450921773
45 40 35 0.0 0.0 0.0 0.0 1.0 0.0 0.0 0.6996501749125437
45 40 36 0.0 0.0 0.0 0.0 5.0 0.0 0.0 0.6982543640897755
45 40 37 0.0 0.0 4.0 0.0 92.0 2.0 0.0 0.6685768863419292
45 40 38 0.0 0.0 3.0 0.0 138.0 2.0 1.0 0.6545114539504441
45 40 39 0.0 0.0 90.0 0.0 2280.0 13.0 40.0 0.3212482790270766
45 40 40 0.0 0.0 31.0 0.0 998.0 3.0 2.0 0.4626569729015201
45 40 41 0.0 0.0 88.0 0.0 2003.0 16.0 33.0 0.3435582822085889
45 40 42 0.0 0.0 2.0 0.0 137.0 1.0 0.0 0.6548175865294666
45 40 43 0.0 0.0 4.0 0.0 112.0 0.0 0.0 0.662251655629139
45 40 44 0.0 0.0 0.0 0.0 5.0 0.0 0.0 0.6982543640897755
45 40 45 0.0 0.0 0.0 0.0 4.0 0.0 0.0 0.6986027944111775
45 41 35 0.0 0.0 0.0 0.0 1.0 0.0 0.0 0.6996501749125437
45 41 36 0.0 0.0 0.0 0.0 6.0 0.0 0.0 0.6979062811565303
45 41 37 0.0 0.0 0.0 0.0 16.0 0.0 0.0 0.6944444444444444
45 41 38 0.0 0.0 23.0 0.0 500.0 7.0 2.0 0.5566600397614313
45 41 39 0.0 0.0 318.0 0.0 6850.0 17.0 650.0 0.1528885006006334
45 41 40 0.0 0.0 84.0 0.0 1757.0 16.0 14.0 0.3661087866108786
45 41 41 0.0 0.0 33.0 0.0 813.0 13.0 3.0 0.49400141143260407
45 41 42 0.0 0.0 32.0 0.0 898.0 9.0 6.0 0.47928791509756924
45 41 43 0.0 0.0 11.0 0.0 229.0 2.0 0.0 0.6255585344057193
45 41 44 0.0 0.0 0.0 0.0 4.0 0.0 0.0 0.6986027944111775
45 42 37 0.0 0.0 0.0 0.0 3.0 0.0 0.0 0.6989515726410384
45 42 38 0.0 0.0 32.0 0.0 854.0 11.0 5.0 0.48695652173913034
45 42 39 0.0 0.0 5.0 0.0 254.0 1.0 2.0 0.6200177147918511
45 42 40 0.0 0.0 40.0 0.0 1092.0 9.0 3.0 0.44828690361831564
45 42 41 0.0 0.0 0.0 0.0 25.0 0.0 0.0 0.6913580246913579
45 42 42 0.0 0.0 12.0 0.0 309.0 5.0 0.0 0.6042296072507551
45 42 43 0.0 0.0 0.0 0.0 10.0 0.0 0.0 0.6965174129353233
45 42 44 0.0 0.0 0.0 0.0 3.0 0.0 0.0 0.6989515726410384
45 43 37 0.0 0.0 0.0 0.0 4.0 0.0 0.0 0.6986027944111775
45 43 38 0.0 0.0 8.0 0.0 194.0 1.0 0.0 0.6360745115856428
45 43 39 0.0 0.0 300.0 0.0 5767.0 16.0 327.0 0.17374038222884086
45 43 40 0.0 0.0 0.0 0.0 54.0 0.0 0.0 0.6815968841285296
45 43 41 0.0 0.0 0.0 0.0 6.0 0.0 0.0 0.6979062811565303
45 43 42 0.0 0.0 0.0 0.0 2.0 0.0 0.0 0.6993006993006992
45 43 43 0.0 0.0 0.0 0.0 1.0 0.0 0.0 0.6996501749125437
45 44 38 0.0 0.0 3.0 0.0 111.0 3.0 0.0 0.6631927996210326
45 44 39 0.0 0.0 0.0 0.0 11.0 0.0 0.0 0.6961710591745399
45 44 40 0.0 0.0 11.0 0.0 231.0 3.0 0.0 0.6252791424743188
46 36 38 0.0 0.0 0.0 0.0 4.0 0.0 0.0 0.6986027944111775
46 36 39 0.0 0.0 0.0 0.0 3.0 0.0 0.0 0.6989515726410384
46 36 40 0.0 0.0 0.0 0.0 5.0 0.0 0.0 0.6982543640897755
46 36 41 0.0 0.0 0.0 0.0 2.0 0.0 0.0 0.6993006993006992
46 37 38 0.0 0.0 1.0 0.0 17.0 0.0 0.0 0.6937561942517343
46 37 39 0.0 0.0 5.0 0.0 34.0 1.0 0.0 0.6869479882237487
46 37 40 0.0 0.0 32.0 0.0 790.0 11.0 3.0 0.49804340092493765
46 37 41 0.0 0.0 8.0 0.0 312.0 2.0 1.0 0.6039689387402932
46 37 42 0.0 0.0 0.0 0.0 20.0 1.0 0.0 0.6934125804853887
46 38 38 0.0 0.0 0.0 0.0 1.0 0.0 0.0 0.6996501749125437
46 38 39 0.0 0.0 2.0 0.0 41.0 1.0 0.0 0.6856023506366307
46 38 40 0.0 0.0 0.0 0.0 27.0 0.0 0.0 0.6906758756783422
46 38 41 0.0 0.0 0.0 0.0 39.0 0.0 0.0 0.6866110838646394
46 38 42 0.0 0.0 0.0 0.0 21.0 0.0 0.0 0.6927263730826323
46 39 40 0.0 0.0 0.0 0.0 10.0 0.0 0.0 0.6965174129353233
46 39 41 0.0 0.0 0.0 0.0 29.0 0.0 0.0 0.6899950714637751
46 39 42 0.0 0.0 2.0 0.0 38.0 1.0 0.0 0.6866110838646394
46 40 38 0.0 0.0 0.0 0.0 8.0 0.0 0.0 0.697211155378486
46 40 39 0.0 0.0 0.0 0.0 11.0 0.0 0.0 0.6961710591745399
46 40 40 0.0 0.0 0.0 0.0 11.0 0.0 0.0 0.6961710591745399
46 40 41 0.0 0.0 0.0 0.0 4.0 0.0 0.0 0.6986027944111775
46 40 42 0.0 0.0 0.0 0.0 6.0 0.0 0.0 0.6979062811565303
46 41 37 0.0 0.0 1.0 0.0 3.0 0.0 0.0 0.6986027944111775
46 41 38 0.0 0.0 0.0 0.0 19.0 0.0 0.0 0.6934125804853887
46 41 39 0.0 0.0 3.0 0.0 144.0 1.0 1.0 0.6523765144454798
46 41 40 0.0 0.0 0.0 0.0 16.0 0.0 0.0 0.6944444444444444
46 41 42 0.0 0.0 0.0 0.0 2.0 0.0 0.0 0.6993006993006992
46 42 38 0.0 0.0 1.0 0.0 51.0 0.0 0.0 0.6822612085769979
46 42 39 0.0 0.0 1.0 0.0 15.0 1.0 0.0 0.6951340615690167
46 42 40 0.0 0.0 1.0 0.0 11.0 0.0 0.0 0.6958250497017892
46 42 41 0.0 0.0 0.0 0.0 3.0 0.0 0.0 0.6989515726410384
46 43 38 0.0 0.0 2.0 0.0 15.0 0.0 0.0 0.694100148735746
46 43 39 0.0 0.0 22.0 0.0 467.0 7.0 0.0 0.56406124093473
46 43 40 0.0 0.0 0.0 0.0 2.0 0.0 0.0 0.6993006993006992
46 43 43 0.0 0.0 0.0 0.0 1.0 0.0 0.0 0.0
46 44 38 0.0 0.0 0.0 0.0 4.0 1.0 0.0 0.6989515726410384
46 44 40 0.0 0.0 0.0 0.0 4.0 0.0 0.0 0.6986027944111775
