35 39 38 0.0 0.0 0.0 0.0 5.0 0.0 0.0 0.6982543640897755
35 39 39 0.0 0.0 0.0 0.0 1.0 0.0 0.0 0.6996501749125437
35 39 40 0.0 0.0 0.0 0.0 2.0 0.0 0.0 0.6993006993006992
35 39 43 0.0 0.0 0.0 0.0 1.0 0.0 0.0 0.6996501749125437
35 40 38 0.0 0.0 0.0 0.0 3.0 0.0 0.0 0.6989515726410384
35 40 39 0.0 0.0 17.0 0.0 394.0 3.0 2.0 0.5813953488372092
35 40 40 0.0 0.0 0.0 0.0 2.0 0.0 0.0 0.6993006993006992
35 41 39 0.0 0.0 8.0 0.0 217.0 2.0 1.0 0.6297795771479981
35 41 40 0.0 0.0 0.0 0.0 1.0 0.0 0.0 0.6996501749125437
35 42 40 0.0 0.0 0.0 0.0 3.0 0.0 0.0 0.6989515726410384
35 42 41 0.0 0.0 0.0 0.0 1.0 0.0 0.0 0.6996501749125437
36 36 40 0.0 0.0 0.0 0.0 1.0 0.0 0.0 0.6996501749125437
36 37 38 0.0 0.0 0.0 0.0 11.0 0.0 0.0 0.6961710591745399
36 37 39 0.0 0.0 2.0 0.0 43.0 0.0 0.0 0.6845965770171147
36 37 40 0.0 0.0 1.0 0.0 26.0 0.0 0.0 0.6910167818361302
36 37 41 0.0 0.0 1.0 0.0 32.0 0.0 0.0 0.6886374815543531
36 37 42 0.0 0.0 0.0 0.0 15.0 0.0 0.0 0.694789081885856
36 38 38 0.0 0.0 0.0 0.0 19.0 0.0 0.0 0.6934125804853887
36 38 39 0.0 0.0 0.0 0.0 37.0 0.0 0.0 0.6872852233676975
36 38 40 0.0 0.0 2.0 0.0 69.0 1.0 0.0 0.6763285024154588
36 38 41 0.0 0.0 0.0 0.0 33.0 0.0 0.0 0.6886374815543531
36 38 42 0.0 0.0 0.0 0.0 31.0 1.0 0.0 0.689655172413793
36 39 36 0.0 0.0 0.0 0.0 1.0 0.0 0.0 0.6996501749125437
36 39 38 0.0 0.0 29.0 0.0 565.0 8.0 1.0 0.541586073500967
36 39 39 0.0 0.0 16.0 0.0 366.0 6.0 2.0 0.5894736842105263
36 39 40 0.0 0.0 7.0 0.0 179.0 1.0 0.0 0.6407322654462241
36 39 41 0.0 0.0 0.0 0.0 22.0 0.0 0.0 0.6923837784371908
36 39 42 0.0 0.0 25.0 0.0 553.0 6.0 1.0 0.5443234836702955
36 39 43 0.0 0.0 0.0 0.0 1.0 0.0 0.0 0.6996501749125437
36 40 38 0.0 0.0 5.0 0.0 119.0 0.0 0.0 0.6594441827602449
36 40 39 0.0 0.0 122.0 0.0 3143.0 23.0 93.0 0.26707363601678746
36 40 40 0.0 0.0 6.0 0.0 92.0 3.0 0.0 0.6682577565632457
36 40 41 0.0 0.0 0.0 0.0 24.0 0.0 0.0 0.6916996047430829
36 40 42 0.0 0.0 0.0 0.0 33.0 0.0 0.0 0.6886374815543531
36 40 43 0.0 0.0 5.0 0.0 74.0 3.0 0.0 0.6743737957610789
36 40 44 0.0 0.0 0.0 0.0 1.0 0.0 0.0 0.6996501749125437
36 41 37 0.0 0.0 0.0 0.0 3.0 0.0 0.0 0.6989515726410384
36 41 38 0.0 0.0 7.0 0.0 73.0 2.0 0.0 0.6737247353224253
36 41 39 0.0 0.0 46.0 0.0 1366.0 7.0 6.0 0.41116005873715117
36 41 40 0.0 0.0 3.0 0.0 73.0 0.0 0.0 0.6743737957610789
36 41 41 0.0 0.0 75.0 0.0 1505.0 9.0 12.0 0.39193729003359457
36 41 42 0.0 0.0 59.0 0.0 1177.0 9.0 2.0 0.4338394793926247
36 41 43 0.0 0.0 0.0 0.0 25.0 0.0 0.0 0.6913580246913579
36 42 38 0.0 0.0 0.0 0.0 8.0 0.0 0.0 0.697211155378486
36 42 39 0.0 0.0 0.0 0.0 13.0 0.0 0.0 0.695479384003974
36 42 40 0.0 0.0 0.0 0.0 34.0 0.0 0.0 0.6886374815543531
36 42 41 0.0 0.0 0.0 0.0 22.0 0.0 0.0 0.6923837784371908
36 42 42 0.0 0.0 21.0 0.0 310.0 5.0 0.0 0.6018916595012896
36 42 43 0.0 0.0 0.0 0.0 34.0 0.0 0.0 0.6886374815543531
36 42 44 0.0 0.0 0.0 0.0 2.0 0.0 0.0 0.6993006993006992
36 43 39 0.0 0.0 0.0 0.0 9.0 0.0 0.0 0.6968641114982577
36 43 40 0.0 0.0 0.0 0.0 4.0 0.0 0.0 0.6986027944111775
36 43 41 0.0 0.0 0.0 0.0 9.0 0.0 0.0 0.697211155378486
36 43 42 0.0 0.0 0.0 0.0 2.0 0.0 0.0 0.6993006993006992
36 43 43 0.0 0.0 0.0 0.0 1.0 0.0 0.0 0.6996501749125437
36 44 41 0.0 0.0 0.0 0.0 1.0 0.0 0.0 0.6996501749125437
37 36 38 0.0 0.0 0.0 0.0 2.0 0.0 0.0 0.6993006993006992
37 36 39 0.0 0.0 4.0 0.0 47.0 1.0 0.0 0.6829268292682925
37 36 40 0.0 0.0 0.0 0.0 5.0 0.0 0.0 0.6982543640897755
37 36 41 0.0 0.0 0.0 0.0 2.0 0.0 0.0 0.6993006993006992
37 37 37 0.0 0.0 18.0 0.0 212.0 6.0 0.0 0.6294964028776977
37 37 38 0.0 0.0 11.0 0.0 177.0 2.0 0.0 0.6404391582799633
37 37 39 0.0 0.0 0.0 0.0 84.0 1.0 0.0 0.6721075372059528
37 37 40 0.0 0.0 104.0 0.0 2429.0 15.0 39.0 0.3098030537729586
37 37 41 0.0 0.0 1.0 0.0 75.0 1.0 0.0 0.6746987951807227
37 37 42 0.0 0.0 12.0 0.0 474.0 5.0 2.0 0.5642885933091495
37 37 43 0.0 0.0 0.0 0.0 4.0 0.0 0.0 0.6986027944111775
37 38 37 0.0 0.0 1.0 0.0 55.0 1.0 0.0 0.6812652068126519
37 38 38 0.0 0.0 38.0 0.0 871.0 12.0 4.0 0.48325854332067647
37 38 39 0.0 0.0 344.0 0.0 7513.0 16.0 924.0 0.14213197969543145
37 38 40 0.0 0.0 226.0 0.0 5297.0 22.0 301.0 0.18659202985472476
37 38 41 0.0 0.0 428.0 0.0 8553.0 22.0 1313.0 0.12766733540032826
37 38 42 0.0 0.0 23.0 0.0 490.0 2.0 0.0 0.5573248407643311
37 38 43 0.0 0.0 0.0 0.0 6.0 0.0 0.0 0.6979062811565303
37 39 37 0.0 0.0 3.0 0.0 72.0 0.0 0.0 0.6746987951807227
37 39 38 0.0 0.0 35.0 0.0 1166.0 10.0 12.0 0.43887147335423193
37 39 39 0.0 0.0 136.0 0.0 3966.0 13.0 139.0 0.22980958634274457
37 39 40 0.0 0.0 161.0 0.0 4005.0 15.0 148.0 0.22760526743618922
37 39 41 0.0 0.0 32.0 0.0 1077.0 11.0 4.0 0.45205037132709064
37 39 42 0.0 0.0 19.0 0.0 548.0 7.0 4.0 0.5468749999999999
37 39 43 0.0 0.0 72.0 0.0 1475.0 15.0 11.0 0.3962637984715538
37 40 36 0.0 0.0 0.0 0.0 1.0 0.0 0.0 0.6996501749125437
37 40 37 0.0 0.0 0.0 0.0 13.0 0.0 0.0 0.695479384003974
37 40 38 0.0 0.0 73.0 0.0 1530.0 16.0 6.0 0.39040713887339645
37 40 39 0.0 0.0 537.0 0.0 9824.0 40.0 2109.0 0.11355341065779867
37 40 40 0.0 0.0 229.0 0.0 5389.0 24.0 354.0 0.18430753027909422
37 40 41 0.0 0.0 184.0 0.0 4324.0 15.0 204.0 0.21555042340261737
37 40 42 0.0 0.0 126.0 0.0 3263.0 17.0 95.0 0.2604651162790697
37 40 43 0.0 0.0 17.0 0.0 625.0 7.0 1.0 0.5313092979127134
37 40 44 0.0 0.0 1.0 0.0 9.0 0.0 0.0 0.6965174129353233
37 41 36 0.0 0.0 0.0 0.0 1.0 0.0 0.0 0.6996501749125437
37 41 37 0.0 0.0 0.0 0.0 14.0 0.0 0.0 0.6951340615690167
37 41 38 0.0 0.0 117.0 0.0 2600.0 14.0 52.0 0.29768233042738673
37 41 39 0.0 0.0 255.0 0.0 5402.0 20.0 306.0 0.1832700615263778
37 41 40 0.0 0.0 216.0 0.0 4887.0 15.0 251.0 0.19743336623889435
37 41 41 0.0 0.0 312.0 0.0 6597.0 23.0 575.0 0.157533475863621
37 41 42 0.0 0.0 500.0 0.0 9495.0 27.0 2139.0 0.11691022964509393
37 41 43 0.0 0.0 3.0 0.0 102.0 1.0 0.0 0.6653992395437262
37 41 44 0.0 0.0 0.0 0.0 2.0 0.0 0.0 0.6993006993006992
37 42 38 0.0 0.0 51.0 0.0 1394.0 7.0 12.0 0.40721349621873176
37 42 39 0.0 0.0 75.0 0.0 1658.0 11.0 15.0 0.37604082728981997
37 42 40 0.0 0.0 178.0 0.0 4048.0 24.0 139.0 0.22573363431151236
37 42 41 0.0 0.0 25.0 0.0 853.0 6.0 2.0 0.48746518105849573
37 42 42 0.0 0.0 62.0 0.0 1426.0 11.0 9.0 0.4026459591601955
37 42 43 0.0 0.0 98.0 0.0 2169.0 15.0 27.0 0.32910202162670427
37 42 44 0.0 0.0 0.0 0.0 1.0 0.0 0.0 0.6996501749125437
37 43 38 0.0 0.0 0.0 0.0 26.0 0.0 0.0 0.6910167818361302
37 43 39 0.0 0.0 7.0 0.0 146.0 2.0 0.0 0.6508600650860064
37 43 40 0.0 0.0 0.0 0.0 106.0 0.0 0.0 0.664767331433998
37 43 41 0.0 0.0 107.0 0.0 2323.0 11.0 25.0 0.31674208144796373
37 43 42 0.0 0.0 0.0 0.0 30.0 0.0 0.0 0.689655172413793
37 43 43 0.0 0.0 0.0 0.0 1.0 0.0 0.0 0.6996501749125437
37 44 38 0.0 0.0 0.0 0.0 1.0 0.0 0.0 0.6996501749125437
37 44 39 0.0 0.0 2.0 0.0 31.0 2.0 0.0 0.6893156080748399
37 44 40 0.0 0.0 0.0 0.0 3.0 0.0 0.0 0.6989515726410384
37 44 41 0.0 0.0 0.0 0.0 1.0 0.0 0.0 0.6996501749125437
38 36 36 0.0 0.0 0.0 0.0 1.0 0.0 0.0 0.6996501749125437
38 36 38 0.0 0.0 0.0 0.0 10.0 0.0 0.0 0.6965174129353233
38 36 39 0.0 0.0 0.0 0.0 16.0 0.0 0.0 0.6944444444444444
38 36 40 0.0 0.0 0.0 0.0 25.0 0.0 0.0 0.6913580246913579
38 36 41 0.0 0.0 0.0 0.0 8.0 0.0 0.0 0.697211155378486
38 36 42 0.0 0.0 0.0 0.0 3.0 0.0 0.0 0.6989515726410384
38 37 36 0.0 0.0 0.0 0.0 3.0 0.0 0.0 0.6989515726410384
38 37 37 0.0 0.0 2.0 0.0 130.0 1.0 0.0 0.6569685593618019
38 37 38 0.0 0.0 14.0 0.0 449.0 5.0 4.0 0.5693371289141926
38 37 39 0.0 0.0 169.0 0.0 3934.0 23.0 151.0 0.23022529189278074
38 37 40 0.0 0.0 27.0 0.0 821.0 8.0 4.0 0.49295774647887314
38 37 41 0.0 0.0 26.0 0.0 1376.0 5.0 14.0 0.41212834854283187
38 37 42 0.0 0.0 3.0 0.0 91.0 1.0 0.0 0.668896321070234
38 37 43 0.0 0.0 0.0 0.0 11.0 0.0 0.0 0.6961710591745399
38 38 36 0.0 0.0 0.0 0.0 6.0 0.0 0.0 0.6979062811565303
38 38 37 0.0 0.0 1.0 0.0 131.0 1.0 0.0 0.6569685593618019
38 38 38 0.0 0.0 447.0 0.0 9027.0 22.0 1706.0 0.12210012210012208
38 38 39 0.0 0.0 356.0 0.0 7703.0 23.0 898.0 0.1394283437904591
38 38 40 0.0 0.0 177.0 0.0 4339.0 7.0 172.0 0.21511985248924398
38 38 41 0.0 0.0 477.0 0.0 9233.0 22.0 1634.0 0.11965811965811964
38 38 42 0.0 0.0 185.0 0.0 4054.0 25.0 129.0 0.22529771483746378
38 38 43 0.0 0.0 20.0 0.0 401.0 2.0 1.0 0.5787515502273666
38 38 44 0.0 0.0 0.0 0.0 1.0 0.0 0.0 0.6996501749125437
38 39 36 0.0 0.0 0.0 0.0 12.0 0.0 0.0 0.6958250497017892
38 39 37 0.0 0.0 90.0 0.0 1807.0 20.0 15.0 0.36119711042311653
38 39 38 0.0 0.0 188.0 0.0 4342.0 16.0 195.0 0.21485573971761815
38 39 39 0.0 0.0 859.0 0.0 12415.0 32.0 8703.0 0.09171907756813416
38 39 40 0.0 0.0 1021.0 0.0 13051.0 31.0 10149.0 0.08711885500933415
38 39 41 0.0 0.0 309.0 0.0 7380.0 14.0 1021.0 0.14461315979754158
38 39 42 0.0 0.0 121.0 0.0 3149.0 16.0 104.0 0.2664636467453368
38 39 43 0.0 0.0 5.0 0.0 145.0 2.0 0.0 0.6517690875232773
38 39 44 0.0 0.0 2.0 0.0 40.0 0.0 0.0 0.6856023506366307
38 40 36 0.0 0.0 0.0 0.0 6.0 0.0 0.0 0.6979062811565303
38 40 37 0.0 0.0 16.0 0.0 577.0 4.0 2.0 0.5407493240633449
38 40 38 0.0 0.0 259.0 0.0 5710.0 28.0 405.0 0.17621145374449337
38 40 39 0.0 0.0 792.0 0.0 12254.0 35.0 5476.0 0.09318423855165069
38 40 40 0.0 0.0 700.0 0.0 12020.0 26.0 5500.0 0.0951798218777619
38 40 41 0.0 0.0 703.0 0.0 11768.0 24.0 5032.0 0.09681881051175656
38 40 42 0.0 0.0 415.0 1.0 7777.0 19.0 862.0 0.137497544686702
38 40 43 0.0 0.0 29.0 0.0 912.0 5.0 1.0 0.4768392370572206
38 40 44 0.0 0.0 0.0 0.0 18.0 0.0 0.0 0.6937561942517343
38 41 36 0.0 0.0 0.0 0.0 5.0 0.0 0.0 0.6982543640897755
38 41 37 0.0 0.0 13.0 0.0 482.0 4.0 2.0 0.5620232838217583
38 41 38 0.0 0.0 72.0 5.0 1800.0 10.0 20.0 0.3622250970245795
38 41 39 0.0 0.0 584.0 0.0 10788.0 25.0 3636.0 0.10481395522946768
38 41 40 0.0 0.0 967.0 0.0 12640.0 30.0 11010.0 0.08972058446552166
38 41 41 0.0 0.0 531.0 0.0 10211.0 23.0 2566.0 0.1099850734543169
38 41 42 0.0 0.0 324.0 0.0 6756.0 20.0 594.0 0.15438906043228934
38 41 43 0.0 0.0 31.0 0.0 882.0 4.0 2.0 0.4814305364511691
38 41 44 0.0 0.0 0.0 0.0 26.0 0.0 0.0 0.6910167818361302
38 42 36 0.0 0.0 0.0 0.0 5.0 0.0 0.0 0.6982543640897755
38 42 37 0.0 0.0 0.0 0.0 6.0 0.0 0.0 0.6979062811565303
38 42 38 0.0 0.0 27.0 1.0 846.0 6.0 6.0 0.4884856943475226
38 42 39 0.0 0.0 462.0 0.0 8720.0 25.0 1558.0 0.1254255509765275
38 42 40 0.0 0.0 572.0 1.0 10569.0 27.0 3124.0 0.10666666666666666
38 42 41 0.0 0.0 432.0 1.0 8688.0 20.0 1385.0 0.12609204719445194
38 42 42 0.0 0.0 17.0 0.0 633.0 2.0 2.0 0.5291005291005291
38 42 43 0.0 0.0 14.0 0.0 322.0 3.0 1.0 0.6003430531732418
38 42 44 0.0 0.0 0.0 0.0 5.0 0.0 0.0 0.6982543640897755
38 43 37 0.0 0.0 0.0 0.0 3.0 0.0 0.0 0.6989515726410384
38 43 38 0.0 0.0 0.0 0.0 29.0 0.0 0.0 0.6899950714637751
38 43 39 0.0 0.0 206.0 1.0 4941.0 17.0 282.0 0.1961333706920706
38 43 40 0.0 0.0 83.0 0.0 1706.0 12.0 20.0 0.3706645485835318
38 43 41 0.0 0.0 7.0 0.0 276.0 3.0 0.0 0.6140350877192982
38 43 42 0.0 0.0 1.0 0.0 91.0 0.0 0.0 0.6692160611854684
38 43 43 0.0 0.0 0.0 0.0 4.0 0.0 0.0 0.6986027944111775
38 43 44 0.0 0.0 2.0 0.0 32.0 0.0 0.0 0.6882989183874139
38 44 38 0.0 0.0 0.0 0.0 9.0 0.0 0.0 0.6968641114982577
38 44 39 0.0 0.0 0.0 0.0 9.0 0.0 0.0 0.6968641114982577
38 44 40 0.0 0.0 3.0 0.0 18.0 0.0 0.0 0.6930693069306929
38 44 41 0.0 0.0 0.0 0.0 3.0 0.0 0.0 0.6989515726410384
38 44 42 0.0 0.0 0.0 0.0 2.0 0.0 0.0 0.6993006993006992
39 36 35 0.0 0.0 0.0 0.0 1.0 0.0 0.0 0.6996501749125437
39 36 38 0.0 0.0 0.0 0.0 6.0 0.0 0.0 0.6979062811565303
39 36 39 0.0 0.0 2.0 0.0 44.0 0.0 0.0 0.6842619745845552
39 36 40 0.0 0.0 25.0 0.0 635.0 6.0 2.0 0.5275056518462696
39 36 41 0.0 0.0 0.0 0.0 42.0 0.0 0.0 0.6856023506366307
39 36 42 0.0 0.0 0.0 0.0 14.0 0.0 0.0 0.6951340615690167
39 37 36 0.0 0.0 3.0 0.0 56.0 0.0 0.0 0.6799417192812044
39 37 37 0.0 0.0 46.0 0.0 1323.0 9.0 12.0 0.4167907115212861
39 37 38 0.0 0.0 75.0 0.0 1810.0 8.0 14.0 0.36110394635027077
39 37 39 0.0 0.0 78.0 0.0 2101.0 12.0 23.0 0.3358925143953934
39 37 40 0.0 0.0 338.0 0.0 7212.0 25.0 708.0 0.1469507714915503
39 37 41 0.0 0.0 284.0 0.0 6016.0 15.0 478.0 0.1688985402340451
39 37 42 0.0 0.0 1.0 0.0 107.0 0.0 0.0 0.6641366223908918
39 37 43 0.0 0.0 14.0 0.0 446.0 7.0 2.0 0.5709624796084828
39 38 36 0.0 0.0 10.0 0.0 176.0 2.0 0.0 0.641025641025641
39 38 37 0.0 0.0 192.0 0.0 4839.0 15.0 274.0 0.19948703334283271
39 38 38 0.0 0.0 347.0 0.0 7379.0 22.0 771.0 0.14425553838227714
39 38 39 0.0 0.0 380.0 0.0 8094.0 14.0 1140.0 0.13372814977552774
39 38 40 0.0 0.0 819.0 0.0 12355.0 26.0 6419.0 0.09233001384950207
39 38 41 0.0 0.0 202.0 0.0 5115.0 15.0 313.0 0.1916233232959211
39 38 42 0.0 0.0 316.0 0.0 6814.0 19.0 618.0 0.15354244351831542
39 38 43 0.0 0.0 7.0 0.0 265.0 2.0 1.0 0.6167400881057268
39 38 44 0.0 0.0 3.0 0.0 53.0 2.0 0.0 0.6815968841285296
39 39 36 0.0 0.0 59.0 0.0 1172.0 19.0 4.0 0.43586550435865495
39 39 37 0.0 0.0 148.0 0.0 4017.0 20.0 170.0 0.22793878215564958
39 39 38 0.0 0.0 623.0 0.0 10997.0 26.0 3251.0 0.10287309868469394
39 39 39 2.0 0.0 1069.0 3.0 13038.0 34.0 12439.0 0.08690254500310365
39 39 40 0.0 0.0 1073.0 12.0 13233.0 33.0 11189.0 0.08577380223011885
39 39 41 0.0 0.0 1262.0 1.0 13119.0 29.0 15802.0 0.08542314967356153
39 39 42 0.0 0.0 308.0 1.0 6702.0 12.0 605.0 0.15548645046645931
39 39 43 0.0 0.0 31.0 0.0 688.0 4.0 4.0 0.5158437730287397
39 39 44 0.0 0.0 0.0 0.0 8.0 0.0 0.0 0.697211155378486
39 40 35 0.0 0.0 0.0 0.0 1.0 0.0 0.0 0.6996501749125437
39 40 36 0.0 0.0 19.0 0.0 475.0 7.0 0.0 0.5629272215520706
39 40 37 0.0 0.0 298.0 0.0 6191.0 25.0 457.0 0.16530877317274764
39 40 38 0.0 0.0 655.0 2.0 11140.0 20.0 3654.0 0.1015007612557094
39 40 39 0.0 0.0 1143.0 9.0 13081.0 38.0 13065.0 0.08626001232285889
39 40 40 0.0 2.0 1872.0 20.0 12297.0 39.0 30956.0 0.08637709772951628
39 40 41 1.0 3.0 862.0 59.0 12662.0 36.0 7135.0 0.0898703299524971
39 40 42 0.0 2.0 220.0 21.0 5727.0 21.0 426.0 0.17605633802816897
39 40 43 0.0 0.0 234.0 0.0 5266.0 21.0 303.0 0.18719080090921245
39 40 44 0.0 0.0 19.0 0.0 482.0 8.0 0.0 0.5615724027276373
39 41 35 0.0 0.0 0.0 0.0 1.0 0.0 0.0 0.6996501749125437
39 41 36 0.0 0.0 6.0 0.0 166.0 0.0 0.0 0.64486411791801
39 41 37 0.0 0.0 105.0 0.0 2540.0 13.0 38.0 0.3022452504317789
39 41 38 0.0 0.0 73.0 0.0 2448.0 12.0 64.0 0.31035247173575703
39 41 39 0.0 0.0 803.0 43.0 12245.0 26.0 5583.0 0.0928012727031685
39 41 40 0.0 0.0 1282.0 23.0 13120.0 33.0 16502.0 0.08526187576126673
39 41 41 0.0 0.0 827.0 35.0 12418.0 26.0 6357.0 0.09167103195390255
39 41 42 0.0 0.0 426.0 16.0 9406.0 29.0 2285.0 0.11835319976329359
39 41 43 0.0 0.0 336.0 0.0 6979.0 27.0 637.0 0.1505700150570015
39 41 44 0.0 0.0 0.0 0.0 23.0 0.0 0.0 0.6920415224913494
39 42 36 0.0 0.0 0.0 0.0 8.0 0.0 0.0 0.697211155378486
39 42 37 0.0 0.0 194.0 0.0 4430.0 12.0 224.0 0.21164021164021163
39 42 38 0.0 0.0 64.0 0.0 1616.0 19.0 10.0 0.3824091778202677
39 42 39 0.0 0.0 118.0 0.0 2914.0 21.0 71.0 0.2793853522251047
39 42 40 0.0 0.0 457.0 35.0 8942.0 21.0 1618.0 0.1225812100516592
39 42 41 0.0 1.0 580.0 23.0 10716.0 32.0 3141.0 0.1052473312283867
39 42 42 0.0 0.0 69.0 14.0 1871.0 8.0 24.0 0.3548795944233206
39 42 43 0.0 0.0 156.0 0.0 3774.0 10.0 141.0 0.23640661938534274
39 42 44 0.0 0.0 11.0 0.0 209.0 3.0 0.0 0.6314839873703202
39 43 37 0.0 0.0 30.0 0.0 481.0 5.0 2.0 0.5586592178770949
39 43 38 0.0 0.0 4.0 0.0 177.0 0.0 0.0 0.6422018348623851
39 43 39 0.0 0.0 117.0 0.0 2775.0 19.0 61.0 0.28741531513036334
39 43 40 0.0 0.0 15.0 0.0 611.0 6.0 4.0 0.5341472720335749
39 43 41 0.0 0.0 82.0 0.0 2068.0 9.0 33.0 0.33800096571704485
39 43 42 0.0 0.0 2.0 0.0 104.0 0.0 0.0 0.664767331433998
39 43 43 0.0 0.0 0.0 0.0 14.0 0.0 0.0 0.6951340615690167
39 43 44 0.0 0.0 0.0 0.0 4.0 0.0 0.0 0.6986027944111775
39 44 38 0.0 0.0 0.0 0.0 9.0 0.0 0.0 0.6968641114982577
39 44 39 0.0 0.0 0.0 0.0 8.0 0.0 0.0 0.697211155378486
39 44 40 0.0 0.0 0.0 0.0 8.0 0.0 0.0 0.697211155378486
39 44 41 0.0 0.0 0.0 0.0 7.0 0.0 0.0 0.6975585450921773
39 44 42 0.0 0.0 0.0 0.0 6.0 0.0 0.0 0.6979062811565303
40 36 36 0.0 0.0 0.0 0.0 2.0 0.0 0.0 0.6993006993006992
40 36 37 0.0 0.0 0.0 0.0 8.0 0.0 0.0 0.697211155378486
40 36 38 0.0 0.0 0.0 0.0 40.0 0.0 0.0 0.6862745098039215
40 36 39 0.0 0.0 16.0 0.0 368.0 5.0 0.0 0.5884825556956704
40 36 40 0.0 0.0 0.0 0.0 25.0 0.0 0.0 0.6913580246913579
40 36 41 0.0 0.0 0.0 0.0 15.0 1.0 0.0 0.6951340615690167
40 36 42 0.0 0.0 0.0 0.0 18.0 0.0 0.0 0.6937561942517343
40 37 36 0.0 0.0 19.0 0.0 307.0 2.0 0.0 0.6024096385542168
40 37 37 0.0 0.0 5.0 0.0 231.0 1.0 0.0 0.6263982102908277
40 37 38 0.0 0.0 94.0 0.0 2308.0 13.0 32.0 0.31897926634768736
40 37 39 0.0 0.0 216.0 0.0 4547.0 32.0 195.0 0.20790020790020788
40 37 40 0.0 0.0 121.0 0.0 2791.0 19.0 65.0 0.28606456885982834
40 37 41 0.0 0.0 7.0 0.0 398.0 2.0 2.0 0.5830903790087463
40 37 42 0.0 0.0 2.0 0.0 168.0 1.0 0.0 0.6454587367450437
40 37 43 0.0 0.0 2.0 0.0 86.0 0.0 0.0 0.670819357930043
40 37 44 0.0 0.0 0.0 0.0 2.0 0.0 0.0 0.6993006993006992
40 38 36 0.0 0.0 3.0 0.0 77.0 2.0 1.0 0.6737247353224253
40 38 37 0.0 0.0 434.0 0.0 9066.0 28.0 1633.0 0.12200435729847493
40 38 38 0.0 0.0 771.0 0.0 11991.0 33.0 6762.0 0.09485737516091876
40 38 39 0.0 0.0 574.0 0.0 10450.0 30.0 2857.0 0.10767574219350867
40 38 40 0.0 0.0 609.0 1.0 10643.0 19.0 2744.0 0.10569228446323417
40 38 41 0.0 0.0 679.0 1.0 11145.0 30.0 3660.0 0.10140518615094885
40 38 42 0.0 0.0 405.0 1.0 7853.0 19.0 968.0 0.1366253537620767
40 38 43 0.0 0.0 22.0 0.0 638.0 5.0 2.0 0.5271084337349397
40 38 44 0.0 0.0 0.0 0.0 7.0 0.0 0.0 0.6975585450921773
40 39 35 0.0 0.0 0.0 0.0 2.0 0.0 0.0 0.6993006993006992
40 39 36 0.0 0.0 22.0 0.0 462.0 5.0 1.0 0.5647438483259378
40 39 37 0.0 0.0 363.0 0.0 7392.0 17.0 803.0 0.14375192524899885
40 39 38 0.0 0.0 749.0 0.0 11903.0 26.0 5375.0 0.09560882332855289
40 39 39 0.0 2.0 1175.0 11.0 12990.0 49.0 14543.0 0.08656402646385951
40 39 40 0.0 0.0 1095.0 6.0 13349.0 27.0 10403.0 0.08509603695599319
40 39 41 0.0 2.0 1018.0 54.0 12916.0 31.0 9829.0 0.08755472170106315
40 39 42 0.0 0.0 795.0 1.0 12220.0 33.0 6075.0 0.09330845107971207
40 39 43 0.0 0.0 120.0 0.0 2915.0 13.0 52.0 0.27882891854212305
40 39 44 0.0 0.0 3.0 0.0 44.0 1.0 0.0 0.6842619745845552
40 39 45 0.0 0.0 0.0 0.0 1.0 0.0 0.0 0.6996501749125437
40 40 35 0.0 0.0 0.0 0.0 3.0 0.0 0.0 0.6989515726410384
40 40 36 0.0 0.0 116.0 0.0 2961.0 17.0 66.0 0.276625172890733
40 40 37 0.0 0.0 314.0 0.0 7201.0 18.0 751.0 0.1473374026520732
40 40 38 0.0 0.0 878.0 0.0 12558.0 24.0 7593.0 0.0907088246728003
40 40 39 0.0 8.0 1298.0 72.0 13131.0 43.0 16132.0 0.08479709267110841
40 40 40 8.0 54.0 2409.0 386.0 9675.0 68.0 54383.0 0.09628610729023383
40 40 41 0.0 3.0 1736.0 40.0 12894.0 50.0 26734.0 0.08393285371702637
40 40 42 0.0 3.0 662.0 30.0 11468.0 32.0 4604.0 0.09898190045248867
40 40 43 0.0 0.0 235.0 0.0 5280.0 21.0 295.0 0.18679119412941958
40 40 44 0.0 0.0 1.0 0.0 22.0 0.0 0.0 0.6920415224913494
40 41 35 0.0 0.0 0.0 0.0 12.0 0.0 0.0 0.6958250497017892
40 41 36 0.0 0.0 1.0 0.0 67.0 0.0 0.0 0.6769825918762088
40 41 37 0.0 0.0 196.0 0.0 5016.0 15.0 290.0 0.1943364797334814
40 41 38 0.0 0.0 490.0 1.0 8968.0 25.0 1451.0 0.1224311324879755
40 41 39 0.0 0.0 839.0 3.0 12392.0 35.0 6228.0 0.09199027531375253
40 41 40 0.0 8.0 1071.0 89.0 13174.0 38.0 11120.0 0.08566882878472645
40 41 41 0.0 343.0 738.0 5234.0 8945.0 36.0 9250.0 0.0811782442305462
40 41 42 0.0 0.0 723.0 18.0 11881.0 24.0 5350.0 0.0957657842533689
40 41 43 0.0 0.0 20.0 0.0 690.0 5.0 4.0 0.5173688100517368
40 41 44 0.0 0.0 6.0 0.0 149.0 3.0 0.0 0.6505576208178437
40 42 35 0.0 0.0 0.0 0.0 2.0 0.0 0.0 0.6993006993006992
40 42 36 0.0 0.0 0.0 0.0 37.0 0.0 0.0 0.6872852233676975
40 42 37 0.0 0.0 3.0 0.0 188.0 3.0 0.0 0.639853747714808
40 42 38 0.0 0.0 449.0 0.0 9097.0 13.0 1848.0 0.12132767137533579
40 42 39 0.0 0.0 361.0 1.0 7596.0 18.0 944.0 0.1407884151246983
40 42 40 0.0 0.0 892.0 14.0 12557.0 26.0 6540.0 0.09050943884147918
40 42 41 0.0 2.0 362.0 42.0 7615.0 22.0 959.0 0.13987411329803173
40 42 42 0.0 0.0 74.0 59.0 1820.0 12.0 29.0 0.35532994923857864
40 42 43 0.0 0.0 271.0 0.0 5842.0 19.0 390.0 0.17277551524126863
40 42 44 0.0 0.0 4.0 0.0 72.0 1.0 0.0 0.6746987951807227
40 43 36 0.0 0.0 0.0 0.0 3.0 0.0 0.0 0.6989515726410384
40 43 37 0.0 0.0 0.0 0.0 32.0 0.0 0.0 0.6893156080748399
40 43 38 0.0 0.0 120.0 0.0 2394.0 17.0 30.0 0.311318656882366
40 43 39 0.0 0.0 56.0 0.0 1446.0 8.0 12.0 0.4008016032064127
40 43 40 0.0 0.0 19.0 5.0 639.0 8.0 5.0 0.527306967984934
40 43 41 0.0 0.0 238.0 0.0 5400.0 17.0 325.0 0.18365472910927455
40 43 42 0.0 0.0 26.0 0.0 656.0 7.0 3.0 0.5235602094240837
40 43 43 0.0 0.0 0.0 0.0 39.0 0.0 0.0 0.6866110838646394
40 43 44 0.0 0.0 0.0 0.0 9.0 0.0 0.0 0.6968641114982577
40 44 37 0.0 0.0 0.0 0.0 1.0 0.0 0.0 0.6996501749125437
40 44 38 0.0 0.0 0.0 0.0 1.0 0.0 0.0 0.6996501749125437
40 44 40 0.0 0.0 0.0 0.0 11.0 0.0 0.0 0.6961710591745399
40 44 41 0.0 0.0 2.0 0.0 42.0 0.0 0.0 0.684931506849315
40 44 42 0.0 0.0 0.0 0.0 6.0 0.0 0.0 0.6979062811565303
41 36 36 0.0 0.0 0.0 0.0 7.0 0.0 0.0 0.6975585450921773
41 36 37 0.0 0.0 0.0 0.0 11.0 0.0 0.0 0.6961710591745399
41 36 38 0.0 0.0 0.0 0.0 41.0 0.0 0.0 0.6859382655560998
41 36 39 0.0 0.0 1.0 0.0 67.0 0.0 0.0 0.6769825918762088
41 36 40 0.0 0.0 0.0 0.0 21.0 0.0 0.0 0.6927263730826323
41 36 41 0.0 0.0 0.0 0.0 8.0 0.0 0.0 0.697211155378486
41 36 42 0.0 0.0 0.0 0.0 1.0 0.0 0.0 0.6996501749125437
41 36 43 0.0 0.0 0.0 0.0 1.0 0.0 0.0 0.6996501749125437
41 37 36 0.0 0.0 24.0 0.0 433.0 6.0 0.0 0.5711954304365564
41 37 37 0.0 0.0 313.0 0.0 6429.0 19.0 510.0 0.16044006417602566
41 37 38 0.0 0.0 135.0 0.0 2901.0 16.0 56.0 0.27894002789400274
41 37 39 0.0 0.0 414.0 0.0 8121.0 25.0 1194.0 0.13311780926119612
41 37 40 0.0 0.0 18.0 0.0 692.0 5.0 4.0 0.5177514792899407
41 37 41 0.0 0.0 99.0 0.0 2233.0 14.0 28.0 0.32422417786012037
41 37 42 0.0 0.0 54.0 0.0 1261.0 10.0 9.0 0.42360060514372155
41 37 43 0.0 0.0 0.0 0.0 30.0 0.0 0.0 0.689655172413793
41 38 36 0.0 0.0 4.0 0.0 150.0 2.0 1.0 0.6505576208178437
41 38 37 0.0 0.0 59.0 0.0 1505.0 13.0 13.0 0.3940332113706726
41 38 38 0.0 0.0 591.0 0.0 10766.0 21.0 3529.0 0.10493179433368309
41 38 39 0.0 0.0 354.0 0.0 7940.0 15.0 1055.0 0.1361602801011476
41 38 40 0.0 0.0 342.0 0.0 7570.0 18.0 946.0 0.1414141414141414
41 38 41 0.0 5.0 350.0 83.0 7294.0 25.0 859.0 0.14410705095213586
41 38 42 0.0 0.0 372.0 0.0 7908.0 28.0 1088.0 0.13646554245053122
41 38 43 0.0 0.0 82.0 0.0 1928.0 10.0 24.0 0.35008752188047004
41 38 44 0.0 0.0 0.0 0.0 19.0 0.0 0.0 0.6934125804853887
41 39 36 0.0 0.0 2.0 0.0 134.0 0.0 0.0 0.6557377049180326
41 39 37 0.0 0.0 175.0 0.0 3507.0 25.0 84.0 0.24748099699487355
41 39 38 0.0 0.0 663.0 0.0 11185.0 34.0 3750.0 0.10125117523685541
41 39 39 0.0 0.0 1438.0 3.0 12950.0 50.0 20401.0 0.08547008547008546
41 39 40 0.0 1.0 1044.0 3.0 13244.0 38.0 10420.0 0.08598452278589852
41 39 41 0.0 0.0 1404.0 5.0 12997.0 35.0 19823.0 0.08531903223840574
41 39 42 0.0 0.0 738.0 0.0 11885.0 30.0 5739.0 0.09579199452617174
41 39 43 0.0 0.0 227.0 0.0 5374.0 12.0 340.0 0.1844289289948623
41 39 44 0.0 0.0 11.0 0.0 286.0 3.0 0.0 0.6102877070619005
41 40 35 0.0 0.0 0.0 0.0 5.0 0.0 0.0 0.6982543640897755
41 40 36 0.0 0.0 77.0 0.0 1727.0 13.0 13.0 0.3693931398416886
41 40 37 0.0 0.0 339.0 0.0 7671.0 17.0 935.0 0.13995801259622112
41 40 38 0.0 0.0 682.0 0.0 11429.0 24.0 3660.0 0.09927669834066088
41 40 39 0.0 0.0 1144.0 11.0 13188.0 26.0 13414.0 0.08563214875527554
41 40 40 0.0 0.0 885.0 18.0 12859.0 39.0 8316.0 0.08886631966484702
41 40 41 0.0 2.0 1550.0 22.0 12387.0 38.0 25001.0 0.0877412885434946
41 40 42 0.0 1.0 806.0 18.0 12197.0 35.0 5759.0 0.09324630345011321
41 40 43 0.0 0.0 69.0 0.0 2149.0 13.0 30.0 0.3329369797859691
41 40 44 0.0 0.0 11.0 0.0 194.0 5.0 0.0 0.6363636363636362
41 41 35 0.0 0.0 0.0 0.0 7.0 0.0 0.0 0.6975585450921773
41 41 36 0.0 0.0 165.0 0.0 3496.0 18.0 90.0 0.24813895781637713
41 41 37 0.0 0.0 502.0 0.0 9507.0 19.0 2037.0 0.11666666666666665
41 41 38 0.0 0.0 720.0 1.0 11506.0 33.0 4132.0 0.09854990848937067
41 41 39 0.0 1.0 1379.0 10.0 13413.0 37.0 17116.0 0.0832738520104687
41 41 40 0.0 2.0 1320.0 15.0 13197.0 45.0 17173.0 0.08474063313358754
41 41 41 0.0 3.0 970.0 41.0 12976.0 27.0 8974.0 0.08759306763436149
41 41 42 0.0 0.0 277.0 16.0 6444.0 21.0 564.0 0.16062413951353827
41 41 43 0.0 0.0 118.0 0.0 3041.0 13.0 66.0 0.2719502719502719
41 41 44 0.0 0.0 0.0 0.0 15.0 0.0 0.0 0.694789081885856
41 42 35 0.0 0.0 0.0 0.0 3.0 0.0 0.0 0.6989515726410384
41 42 36 0.0 0.0 0.0 0.0 25.0 0.0 0.0 0.6913580246913579
41 42 37 0.0 0.0 21.0 0.0 545.0 6.0 0.0 0.5468749999999999
41 42 38 0.0 0.0 41.0 0.0 1530.0 6.0 20.0 0.3927068723702664
41 42 39 0.0 0.0 335.0 0.0 7326.0 25.0 801.0 0.14527342533983603
41 42 40 0.0 1.0 566.0 22.0 10156.0 32.0 2111.0 0.10997643362136685
41 42 41 0.0 0.0 294.0 17.0 6516.0 20.0 517.0 0.15887426236949612
41 42 42 0.0 0.0 380.0 7.0 7847.0 21.0 1004.0 0.13706677109849225
41 42 43 0.0 0.0 207.0 0.0 4154.0 30.0 140.0 0.22109917877447882
41 42 44 0.0 0.0 0.0 0.0 12.0 0.0 0.0 0.6958250497017892
41 43 37 0.0 0.0 2.0 0.0 50.0 1.0 0.0 0.68259385665529
41 43 38 0.0 0.0 1.0 0.0 121.0 0.0 0.0 0.6597549481621111
41 43 39 0.0 0.0 40.0 0.0 1247.0 10.0 15.0 0.42722001830942935
41 43 40 0.0 0.0 53.0 0.0 1607.0 9.0 19.0 0.38335158817086523
41 43 41 0.0 0.0 43.0 0.0 1053.0 8.0 3.0 0.4532211071544188
41 43 42 0.0 0.0 31.0 0.0 675.0 8.0 0.0 0.5189028910303928
41 43 43 0.0 0.0 5.0 0.0 86.0 3.0 0.0 0.6704980842911876
41 43 44 0.0 0.0 0.0 0.0 9.0 0.0 0.0 0.6968641114982577
41 44 37 0.0 0.0 0.0 0.0 2.0 0.0 0.0 0.6993006993006992
41 44 38 0.0 0.0 0.0 0.0 1.0 0.0 0.0 0.6996501749125437
41 44 39 0.0 0.0 0.0 0.0 5.0 0.0 0.0 0.6982543640897755
41 44 40 0.0 0.0 0.0 0.0 13.0 0.0 0.0 0.695479384003974
41 44 41 0.0 0.0 0.0 0.0 13.0 0.0 0.0 0.6961710591745399
41 44 42 0.0 0.0 0.0 0.0 6.0 0.0 0.0 0.6979062811565303
42 36 36 0.0 0.0 0.0 0.0 5.0 0.0 0.0 0.6982543640897755
42 36 37 0.0 0.0 0.0 0.0 9.0 0.0 0.0 0.6968641114982577
42 36 38 0.0 0.0 2.0 0.0 52.0 0.0 0.0 0.6815968841285296
42 36 39 0.0 0.0 0.0 0.0 19.0 0.0 0.0 0.6934125804853887
42 36 40 0.0 0.0 4.0 0.0 136.0 2.0 0.0 0.6548175865294666
42 36 42 0.0 0.0 0.0 0.0 2.0 0.0 0.0 0.6993006993006992
42 37 36 0.0 0.0 1.0 0.0 7.0 0.0 0.0 0.697211155378486
42 37 37 0.0 0.0 15.0 0.0 420.0 2.0 1.0 0.5754212905877516
42 37 38 0.0 0.0 34.0 0.0 1122.0 6.0 8.0 0.4444444444444444
42 37 39 0.0 0.0 206.0 0.0 4722.0 19.0 224.0 0.20254629629629625
42 37 40 0.0 0.0 62.0 0.0 1791.0 7.0 23.0 0.36391993761372493
42 37 41 0.0 0.0 55.0 0.0 1226.0 10.0 5.0 0.42800366860287364
42 37 42 0.0 0.0 4.0 0.0 50.0 2.0 0.0 0.68259385665529
42 37 43 0.0 0.0 0.0 0.0 35.0 1.0 0.0 0.6882989183874139
42 37 44 0.0 0.0 0.0 0.0 7.0 0.0 0.0 0.6975585450921773
42 38 36 0.0 0.0 2.0 0.0 56.0 1.0 0.0 0.6806028196402526
42 38 37 0.0 0.0 85.0 0.0 1665.0 14.0 20.0 0.37463205780037456
42 38 38 0.0 0.0 560.0 0.0 10281.0 21.0 2928.0 0.10906824555936427
42 38 39 0.0 0.0 737.0 0.0 11853.0 37.0 4868.0 0.09608125729188112
42 38 40 0.0 0.0 369.0 0.0 7737.0 28.0 1011.0 0.13884756520876723
42 38 41 0.0 0.0 374.0 0.0 7385.0 17.0 845.0 0.14360447225356443
42 38 42 0.0 0.0 112.0 0.0 2903.0 15.0 55.0 0.2799440111977604
42 38 43 0.0 0.0 121.0 0.0 2884.0 15.0 58.0 0.28050490883590457
42 38 44 0.0 0.0 0.0 0.0 29.0 0.0 0.0 0.690335305719921
42 39 36 0.0 0.0 4.0 0.0 128.0 1.0 0.0 0.6569685593618019
42 39 37 0.0 0.0 245.0 0.0 5334.0 21.0 334.0 0.18518518518518517
42 39 38 0.0 0.0 341.0 0.0 7183.0 17.0 765.0 0.14718250630782168
42 39 39 0.0 0.0 498.0 1.0 9887.0 29.0 2471.0 0.11323196376577159
42 39 40 0.0 1.0 450.0 6.0 9153.0 19.0 1531.0 0.12063765618267985
42 39 41 0.0 0.0 580.0 0.0 10583.0 30.0 2904.0 0.10645578283020302
42 39 42 0.0 0.0 652.0 0.0 11402.0 23.0 5081.0 0.09966540898412471
42 39 43 0.0 0.0 412.0 0.0 7961.0 28.0 995.0 0.1352787708957387
42 39 44 0.0 0.0 2.0 0.0 54.0 0.0 0.0 0.6809338521400777
42 40 35 0.0 0.0 0.0 0.0 3.0 0.0 0.0 0.6989515726410384
42 40 36 0.0 0.0 1.0 0.0 70.0 1.0 0.0 0.6766553890768486
42 40 37 0.0 0.0 225.0 0.0 5020.0 21.0 271.0 0.1937716262975778
42 40 38 0.0 0.0 972.0 0.0 12818.0 29.0 8257.0 0.0886580963840162
42 40 39 0.0 0.0 907.0 0.0 12877.0 29.0 7442.0 0.08874239350912777
42 40 40 0.0 0.0 988.0 0.0 12744.0 27.0 11061.0 0.08900756564307966
42 40 41 0.0 0.0 629.0 1.0 10921.0 31.0 3237.0 0.10348141030379185
42 40 42 0.0 0.0 548.0 2.0 10255.0 20.0 2744.0 0.10941774130519732
42 40 43 0.0 0.0 153.0 0.0 3616.0 17.0 101.0 0.24330900243308998
42 40 44 0.0 0.0 2.0 0.0 132.0 0.0 0.0 0.6560449859418931
42 41 35 0.0 0.0 0.0 0.0 1.0 0.0 0.0 0.6996501749125437
42 41 36 0.0 0.0 5.0 0.0 151.0 1.0 0.0 0.6496519721577725
42 41 37 0.0 0.0 96.0 0.0 2209.0 16.0 20.0 0.32641641408253663
42 41 38 0.0 0.0 225.0 0.0 4807.0 16.0 214.0 0.19951546244833973
42 41 39 0.0 0.0 622.0 0.0 10861.0 24.0 3481.0 0.10388839418224992
42 41 40 0.0 0.0 460.0 0.0 9007.0 24.0 1592.0 0.12218537266538661
42 41 41 0.0 0.0 899.0 0.0 12587.0 31.0 8348.0 0.09048019130097587
42 41 42 0.0 0.0 439.0 0.0 9192.0 27.0 1826.0 0.12057531651020582
42 41 43 0.0 0.0 24.0 0.0 947.0 3.0 4.0 0.47217537942664417
42 41 44 0.0 0.0 0.0 0.0 14.0 0.0 0.0 0.6951340615690167
42 42 36 0.0 0.0 4.0 0.0 75.0 2.0 0.0 0.6740491092922483
42 42 37 0.0 0.0 0.0 0.0 66.0 0.0 0.0 0.6776379477250725
42 42 38 0.0 0.0 198.0 0.0 5355.0 20.0 385.0 0.18582426333952745
42 42 39 0.0 0.0 406.0 0.0 8302.0 23.0 1293.0 0.13095126742119537
42 42 40 0.0 0.0 696.0 0.0 11444.0 32.0 4646.0 0.09912908022374847
42 42 41 0.0 0.0 401.0 0.0 8231.0 24.0 1124.0 0.13183915622940012
42 42 42 0.0 0.0 319.0 0.0 7071.0 19.0 738.0 0.1492378211278115
42 42 43 0.0 0.0 16.0 0.0 438.0 5.0 2.0 0.5716619028174764
42 42 44 0.0 0.0 0.0 0.0 6.0 0.0 0.0 0.6979062811565303
42 43 37 0.0 0.0 0.0 0.0 9.0 0.0 0.0 0.6968641114982577
42 43 38 0.0 0.0 0.0 0.0 38.0 0.0 0.0 0.6869479882237487
42 43 39 0.0 0.0 120.0 0.0 2261.0 18.0 32.0 0.3208065994500458
42 43 40 0.0 0.0 10.0 1.0 489.0 3.0 0.0 0.5606728073688425
42 43 41 0.0 0.0 76.0 0.0 1836.0 12.0 21.0 0.3588823378620866
42 43 42 0.0 0.0 0.0 0.0 52.0 0.0 0.0 0.6822612085769979
42 43 43 0.0 0.0 0.0 0.0 21.0 1.0 0.0 0.6930693069306929
42 43 44 0.0 0.0 0.0 0.0 2.0 0.0 0.0 0.6993006993006992
42 44 39 0.0 0.0 0.0 0.0 1.0 0.0 0.0 0.6996501749125437
42 44 40 0.0 0.0 0.0 0.0 3.0 0.0 0.0 0.6989515726410384
42 44 41 0.0 0.0 0.0 0.0 1.0 0.0 0.0 0.6996501749125437
43 36 37 0.0 0.0 0.0 0.0 1.0 0.0 0.0 0.6996501749125437
43 36 38 0.0 0.0 0.0 0.0 10.0 0.0 0.0 0.6965174129353233
43 36 39 0.0 0.0 1.0 0.0 35.0 0.0 0.0 0.6876227897838899
43 36 40 0.0 0.0 0.0 0.0 6.0 0.0 0.0 0.6979062811565303
43 37 37 0.0 0.0 0.0 0.0 39.0 0.0 0.0 0.6866110838646394
43 37 38 0.0 0.0 161.0 0.0 3370.0 16.0 82.0 0.25376110204821456
43 37 39 0.0 0.0 20.0 0.0 669.0 7.0 1.0 0.5219985085756897
43 37 40 0.0 0.0 11.0 0.0 359.0 1.0 0.0 0.590717299578059
43 37 41 0.0 0.0 15.0 0.0 403.0 4.0 1.0 0.579950289975145
43 37 42 0.0 0.0 0.0 0.0 49.0 0.0 0.0 0.6832601268911663
43 37 43 0.0 0.0 0.0 0.0 7.0 0.0 0.0 0.6975585450921773
43 38 36 0.0 0.0 0.0 0.0 1.0 0.0 0.0 0.6996501749125437
43 38 37 0.0 0.0 20.0 0.0 617.0 3.0 3.0 0.5315110098709187
43 38 38 0.0 0.0 152.0 0.0 3494.0 12.0 73.0 0.24849130280440182
43 38 39 0.0 0.0 227.0 0.0 5152.0 23.0 254.0 0.19034670292318148
43 38 40 0.0 0.0 84.0 0.0 1845.0 22.0 19.0 0.3582395087001023
43 38 41 0.0 0.0 135.0 0.0 3170.0 15.0 64.0 0.2646502835538752
43 38 42 0.0 0.0 246.0 0.0 5556.0 19.0 321.0 0.17980991523246853
43 38 43 0.0 0.0 6.0 0.0 152.0 2.0 0.0 0.6493506493506492
43 38 44 0.0 0.0 1.0 0.0 9.0 0.0 0.0 0.6965174129353233
43 39 36 0.0 0.0 0.0 0.0 10.0 0.0 0.0 0.6968641114982577
43 39 37 0.0 0.0 37.0 0.0 1085.0 6.0 4.0 0.44943820224719094
43 39 38 0.0 0.0 84.0 0.0 2239.0 14.0 29.0 0.3249013692271988
43 39 39 0.0 0.0 259.0 0.0 5913.0 25.0 450.0 0.17180022088599828
43 39 40 0.0 0.0 429.0 0.0 8680.0 22.0 1361.0 0.12617159336697906
43 39 41 0.0 0.0 187.0 0.0 4141.0 12.0 143.0 0.22151898734177214
43 39 42 0.0 0.0 145.0 0.0 3412.0 16.0 92.0 0.25275320454955763
43 39 43 0.0 0.0 25.0 0.0 962.0 5.0 7.0 0.46948356807511726
43 39 44 0.0 0.0 1.0 0.0 57.0 1.0 0.0 0.6806028196402526
43 40 36 0.0 0.0 0.0 0.0 11.0 0.0 0.0 0.6961710591745399
43 40 37 0.0 0.0 144.0 0.0 3247.0 12.0 100.0 0.26017468871956884
43 40 38 0.0 0.0 177.0 0.0 4233.0 16.0 219.0 0.21888680425265786
43 40 39 0.0 0.0 227.0 0.0 5397.0 14.0 344.0 0.18392012611665787
43 40 40 0.0 0.0 234.0 0.0 5725.0 14.0 426.0 0.17607848069425225
43 40 41 0.0 0.0 200.0 0.0 4638.0 14.0 224.0 0.20512820512820507
43 40 42 0.0 0.0 125.0 0.0 3182.0 17.0 77.0 0.2646002646002646
43 40 43 0.0 0.0 292.0 0.0 6235.0 26.0 505.0 0.16460905349794236
43 40 44 0.0 0.0 1.0 0.0 24.0 0.0 0.0 0.6913580246913579
43 41 36 0.0 0.0 0.0 0.0 8.0 0.0 0.0 0.697211155378486
43 41 37 0.0 0.0 5.0 0.0 243.0 2.0 0.0 0.6233303650934995
43 41 38 0.0 0.0 46.0 0.0 1358.0 8.0 17.0 0.41224970553592455
43 41 39 0.0 0.0 317.0 0.0 6950.0 27.0 696.0 0.1514168288989833
43 41 40 0.0 0.0 279.0 0.0 6535.0 25.0 631.0 0.1591270743350761
43 41 41 0.0 0.0 287.0 0.0 5988.0 19.0 425.0 0.16953257447323802
43 41 42 0.0 0.0 65.0 0.0 2091.0 6.0 23.0 0.33743070619426363
43 41 43 0.0 0.0 5.0 0.0 198.0 1.0 0.0 0.6357856494096276
43 41 44 0.0 0.0 0.0 0.0 2.0 0.0 0.0 0.6993006993006992
43 42 36 0.0 0.0 0.0 0.0 2.0 0.0 0.0 0.6993006993006992
43 42 37 0.0 0.0 0.0 0.0 11.0 0.0 0.0 0.6961710591745399
43 42 38 0.0 0.0 49.0 0.0 1213.0 7.0 11.0 0.42984341418483263
43 42 39 0.0 0.0 12.0 0.0 444.0 2.0 0.0 0.5704971475142624
43 42 40 0.0 0.0 178.0 0.0 4539.0 13.0 183.0 0.208768267223382
43 42 41 0.0 0.0 20.0 0.0 716.0 5.0 2.0 0.5126327352618087
43 42 42 0.0 0.0 19.0 0.0 531.0 4.0 0.0 0.5500982318271119
43 42 43 0.0 0.0 4.0 0.0 78.0 1.0 0.0 0.6727534839019701
43 43 37 0.0 0.0 0.0 0.0 7.0 0.0 0.0 0.6975585450921773
43 43 38 0.0 0.0 1.0 0.0 24.0 0.0 0.0 0.6913580246913579
43 43 39 0.0 0.0 7.0 0.0 158.0 4.0 0.0 0.648148148148148
43 43 40 0.0 0.0 5.0 0.0 201.0 2.0 0.0 0.6352087114337567
43 43 41 0.0 0.0 29.0 0.0 662.0 6.0 1.0 0.5214152700186219
43 43 42 0.0 0.0 6.0 0.0 141.0 1.0 0.0 0.6523765144454798
43 43 43 0.0 0.0 1.0 0.0 20.0 0.0 0.0 0.6927263730826323
43 44 38 0.0 0.0 0.0 0.0 1.0 0.0 0.0 0.6996501749125437
43 44 40 0.0 0.0 4.0 0.0 36.0 2.0 0.0 0.6869479882237487
44 36 37 0.0 0.0 0.0 0.0 1.0 0.0 0.0 0.6996501749125437
44 36 38 0.0 0.0 0.0 0.0 3.0 0.0 0.0 0.6989515726410384
44 36 39 0.0 0.0 3.0 0.0 43.0 0.0 0.0 0.6842619745845552
44 37 37 0.0 0.0 0.0 0.0 2.0 0.0 0.0 0.6993006993006992
44 37 38 0.0 0.0 3.0 0.0 27.0 1.0 0.0 0.6899950714637751
44 37 39 0.0 0.0 0.0 0.0 19.0 0.0 0.0 0.6934125804853887
44 37 40 0.0 0.0 0.0 0.0 9.0 0.0 0.0 0.6968641114982577
44 37 41 0.0 0.0 0.0 0.0 6.0 0.0 0.0 0.6979062811565303
44 37 42 0.0 0.0 0.0 0.0 7.0 0.0 0.0 0.6975585450921773
44 37 43 0.0 0.0 0.0 0.0 12.0 0.0 0.0 0.6958250497017892
44 38 37 0.0 0.0 0.0 0.0 5.0 0.0 0.0 0.6982543640897755
44 38 38 0.0 0.0 0.0 0.0 18.0 0.0 0.0 0.6937561942517343
44 38 39 0.0 0.0 0.0 0.0 56.0 0.0 0.0 0.6809338521400777
44 38 40 0.0 0.0 227.0 0.0 4771.0 18.0 210.0 0.20051561157261527
44 38 41 0.0 0.0 0.0 0.0 21.0 0.0 0.0 0.6927263730826323
44 38 42 0.0 0.0 3.0 0.0 68.0 0.0 0.0 0.6760019314340897
44 38 43 0.0 0.0 0.0 0.0 9.0 0.0 0.0 0.6968641114982577
44 38 44 0.0 0.0 0.0 0.0 1.0 0.0 0.0 0.6996501749125437
44 39 36 0.0 0.0 0.0 0.0 1.0 0.0 0.0 0.6996501749125437
44 39 37 0.0 0.0 0.0 0.0 11.0 0.0 0.0 0.6965174129353233
44 39 38 0.0 0.0 0.0 0.0 14.0 0.0 0.0 0.6951340615690167
44 39 39 0.0 0.0 10.0 0.0 205.0 3.0 0.0 0.6329113924050632
44 39 40 0.0 0.0 25.0 0.0 650.0 5.0 1.0 0.5241482590789965
44 39 41 0.0 0.0 3.0 0.0 64.0 2.0 0.0 0.6782945736434108
44 39 42 0.0 0.0 14.0 0.0 227.0 2.0 0.0 0.6252791424743188
44 39 43 0.0 0.0 0.0 0.0 14.0 0.0 0.0 0.6951340615690167
44 39 44 0.0 0.0 1.0 0.0 1.0 0.0 0.0 0.6993006993006992
44 40 37 0.0 0.0 0.0 0.0 11.0 0.0 0.0 0.6961710591745399
44 40 38 0.0 0.0 0.0 0.0 46.0 0.0 0.0 0.6842619745845552
44 40 39 0.0 0.0 5.0 0.0 115.0 2.0 0.0 0.661625708884688
44 40 40 0.0 0.0 161.0 0.0 3668.0 20.0 125.0 0.24096385542168675
44 40 41 0.0 0.0 0.0 0.0 50.0 0.0 0.0 0.6829268292682925
44 40 42 0.0 0.0 1.0 0.0 49.0 1.0 0.0 0.6832601268911663
44 40 43 0.0 0.0 0.0 0.0 20.0 1.0 0.0 0.6934125804853887
44 40 44 0.0 0.0 0.0 0.0 5.0 0.0 0.0 0.6982543640897755
44 41 36 0.0 0.0 0.0 0.0 1.0 0.0 0.0 0.6996501749125437
44 41 37 0.0 0.0 0.0 0.0 3.0 0.0 0.0 0.6989515726410384
44 41 38 0.0 0.0 0.0 0.0 29.0 0.0 0.0 0.6899950714637751
44 41 39 0.0 0.0 11.0 0.0 288.0 1.0 0.0 0.609225413402959
44 41 40 0.0 0.0 0.0 0.0 27.0 0.0 0.0 0.6906758756783422
44 41 41 0.0 0.0 0.0 0.0 36.0 0.0 0.0 0.6879606879606879
44 41 42 0.0 0.0 2.0 0.0 35.0 1.0 0.0 0.6876227897838899
44 41 43 0.0 0.0 3.0 0.0 25.0 0.0 0.0 0.690335305719921
44 41 44 0.0 0.0 0.0 0.0 7.0 0.0 0.0 0.6975585450921773
44 42 38 0.0 0.0 0.0 0.0 7.0 0.0 0.0 0.6975585450921773
44 42 39 0.0 0.0 77.0 0.0 2174.0 14.0 45.0 0.33042246872787345
44 42 40 0.0 0.0 0.0 0.0 26.0 0.0 0.0 0.6910167818361302
44 42 41 0.0 0.0 0.0 0.0 16.0 0.0 0.0 0.6944444444444444
44 42 42 0.0 0.0 0.0 0.0 2.0 0.0 0.0 0.6993006993006992
44 42 43 0.0 0.0 0.0 0.0 1.0 0.0 0.0 0.6996501749125437
44 43 37 0.0 0.0 0.0 0.0 1.0 0.0 0.0 0.6996501749125437
44 43 38 0.0 0.0 0.0 0.0 1.0 0.0 0.0 0.6996501749125437
44 43 39 0.0 0.0 0.0 0.0 5.0 0.0 0.0 0.6982543640897755
44 43 40 0.0 0.0 0.0 0.0 7.0 0.0 0.0 0.6975585450921773
44 43 41 0.0 0.0 0.0 0.0 2.0 0.0 0.0 0.6993006993006992
44 43 42 0.0 0.0 0.0 0.0 1.0 0.0 0.0 0.6996501749125437
45 37 39 0.0 0.0 2.0 0.0 10.0 0.0 0.0 0.6958250497017892
45 37 40 0.0 0.0 0.0 0.0 6.0 0.0 0.0 0.6982543640897755
45 37 41 0.0 0.0 0.0 0.0 5.0 0.0 0.0 0.6982543640897755
45 38 39 0.0 0.0 0.0 0.0 3.0 0.0 0.0 0.6993006993006992
45 38 40 0.0 0.0 0.0 0.0 8.0 0.0 0.0 0.697211155378486
45 38 41 0.0 0.0 12.0 0.0 414.0 3.0 1.0 0.5777961205117622
45 39 39 0.0 0.0 0.0 0.0 4.0 0.0 0.0 0.6986027944111775
45 39 40 0.0 0.0 0.0 0.0 11.0 0.0 0.0 0.6961710591745399
45 39 41 0.0 0.0 0.0 0.0 10.0 0.0 0.0 0.6965174129353233
45 40 39 0.0 0.0 0.0 0.0 1.0 0.0 0.0 0.6996501749125437
45 40 40 0.0 0.0 0.0 0.0 7.0 0.0 0.0 0.6975585450921773
45 40 41 0.0 0.0 0.0 0.0 5.0 0.0 0.0 0.6982543640897755
45 41 38 0.0 0.0 0.0 0.0 2.0 0.0 0.0 0.6993006993006992
45 41 39 0.0 0.0 4.0 0.0 37.0 1.0 0.0 0.6862745098039215
45 41 40 0.0 0.0 0.0 0.0 2.0 0.0 0.0 0.6993006993006992
45 41 41 0.0 0.0 0.0 0.0 2.0 0.0 0.0 0.6993006993006992
45 42 39 0.0 0.0 0.0 0.0 2.0 0.0 0.0 0.6993006993006992
45 42 40 0.0 0.0 0.0 0.0 1.0 0.0 0.0 0.6996501749125437
45 43 39 0.0 0.0 1.0 0.0 15.0 0.0 0.0 0.6944444444444444
45 43 40 0.0 0.0 0.0 0.0 1.0 0.0 0.0 0.6996501749125437
