35 39 38 0.0 0.0 0.0 0.0 4.0 0.0 0.0 0.6986027944111775
35 39 39 0.0 0.0 0.0 0.0 1.0 0.0 0.0 0.6996501749125437
35 39 40 0.0 0.0 0.0 0.0 2.0 0.0 0.0 0.6993006993006992
35 39 43 0.0 0.0 0.0 0.0 1.0 0.0 0.0 0.6996501749125437
35 40 38 0.0 0.0 0.0 0.0 3.0 0.0 0.0 0.6989515726410384
35 40 39 0.0 0.0 16.0 0.0 322.0 5.0 1.0 0.6000857265323617
35 40 40 0.0 0.0 0.0 0.0 2.0 0.0 0.0 0.6993006993006992
35 41 39 0.0 0.0 7.0 0.0 172.0 0.0 0.0 0.6424965580541532
35 41 40 0.0 0.0 0.0 0.0 1.0 0.0 0.0 0.6996501749125437
35 42 40 0.0 0.0 0.0 0.0 2.0 0.0 0.0 0.6993006993006992
35 42 41 0.0 0.0 0.0 0.0 1.0 0.0 0.0 0.6996501749125437
36 36 40 0.0 0.0 0.0 0.0 1.0 0.0 0.0 0.6996501749125437
36 37 38 0.0 0.0 0.0 0.0 10.0 0.0 0.0 0.6965174129353233
36 37 39 0.0 0.0 2.0 0.0 27.0 1.0 0.0 0.690335305719921
36 37 40 0.0 0.0 0.0 0.0 21.0 0.0 0.0 0.6927263730826323
36 37 41 0.0 0.0 1.0 0.0 25.0 1.0 0.0 0.6913580246913579
36 37 42 0.0 0.0 0.0 0.0 15.0 0.0 0.0 0.6951340615690167
36 38 38 0.0 0.0 0.0 0.0 17.0 0.0 0.0 0.694100148735746
36 38 39 0.0 0.0 0.0 0.0 35.0 0.0 0.0 0.6879606879606879
36 38 40 0.0 0.0 2.0 0.0 51.0 0.0 0.0 0.6819288845591815
36 38 41 0.0 0.0 0.0 0.0 29.0 0.0 0.0 0.6899950714637751
36 38 42 0.0 0.0 0.0 0.0 27.0 0.0 0.0 0.6906758756783422
36 39 36 0.0 0.0 0.0 0.0 1.0 0.0 0.0 0.0
36 39 38 0.0 0.0 25.0 0.0 447.0 4.0 1.0 0.5672609400324148
36 39 39 0.0 0.0 12.0 0.0 293.0 2.0 0.0 0.6081668114682883
36 39 40 0.0 0.0 5.0 0.0 147.0 0.0 0.0 0.6505576208178437
36 39 41 0.0 0.0 0.0 0.0 17.0 0.0 0.0 0.694100148735746
36 39 42 0.0 0.0 21.0 0.0 454.0 5.0 0.0 0.5668016194331983
36 40 38 0.0 0.0 4.0 0.0 97.0 1.0 0.0 0.6666666666666665
36 40 39 0.0 0.0 107.0 0.0 2852.0 20.0 72.0 0.2832861189801699
36 40 40 0.0 0.0 2.0 0.0 65.0 1.0 0.0 0.6776379477250725
36 40 41 0.0 0.0 0.0 0.0 22.0 0.0 0.0 0.6923837784371908
36 40 42 0.0 0.0 0.0 0.0 31.0 0.0 0.0 0.6893156080748399
36 40 43 0.0 0.0 4.0 0.0 51.0 2.0 0.0 0.6819288845591815
36 40 44 0.0 0.0 0.0 0.0 1.0 0.0 0.0 0.6996501749125437
36 41 37 0.0 0.0 0.0 0.0 2.0 0.0 0.0 0.6993006993006992
36 41 38 0.0 0.0 4.0 0.0 42.0 2.0 0.0 0.684931506849315
36 41 39 0.0 0.0 41.0 0.0 1181.0 9.0 5.0 0.43559427504667075
36 41 40 0.0 0.0 2.0 0.0 56.0 1.0 0.0 0.6806028196402526
36 41 41 0.0 0.0 61.0 0.0 1277.0 14.0 6.0 0.4213060487511284
36 41 42 0.0 0.0 53.0 0.0 959.0 7.0 1.0 0.46589018302828616
36 41 43 0.0 0.0 0.0 0.0 23.0 0.0 0.0 0.6920415224913494
36 42 38 0.0 0.0 0.0 0.0 7.0 0.0 0.0 0.6975585450921773
36 42 39 0.0 0.0 0.0 0.0 12.0 0.0 0.0 0.6958250497017892
36 42 40 0.0 0.0 0.0 0.0 30.0 0.0 0.0 0.689655172413793
36 42 41 0.0 0.0 0.0 0.0 19.0 0.0 0.0 0.6934125804853887
36 42 42 0.0 0.0 18.0 0.0 218.0 6.0 0.0 0.6278026905829596
36 42 43 0.0 0.0 0.0 0.0 31.0 0.0 0.0 0.6893156080748399
36 42 44 0.0 0.0 0.0 0.0 2.0 0.0 0.0 0.6993006993006992
36 43 39 0.0 0.0 0.0 0.0 7.0 0.0 0.0 0.6975585450921773
36 43 40 0.0 0.0 0.0 0.0 4.0 0.0 0.0 0.6986027944111775
36 43 41 0.0 0.0 0.0 0.0 7.0 0.0 0.0 0.6975585450921773
36 43 42 0.0 0.0 0.0 0.0 1.0 0.0 0.0 0.6996501749125437
36 43 43 0.0 0.0 0.0 0.0 1.0 0.0 0.0 0.6996501749125437
36 44 41 0.0 0.0 0.0 0.0 1.0 0.0 0.0 0.6996501749125437
37 36 38 0.0 0.0 0.0 0.0 2.0 0.0 0.0 0.6993006993006992
37 36 39 0.0 0.0 4.0 0.0 28.0 0.0 0.0 0.6889763779527558
37 36 40 0.0 0.0 0.0 0.0 5.0 0.0 0.0 0.6982543640897755
37 36 41 0.0 0.0 0.0 0.0 2.0 0.0 0.0 0.6993006993006992
37 37 37 0.0 0.0 12.0 0.0 126.0 1.0 0.0 0.6551240056153486
37 37 38 0.0 0.0 5.0 0.0 140.0 1.0 0.0 0.6529850746268656
37 37 39 0.0 0.0 0.0 0.0 72.0 0.0 0.0 0.6760019314340897
37 37 40 0.0 0.0 98.0 0.0 2161.0 12.0 28.0 0.32956685499058375
37 37 41 0.0 0.0 1.0 0.0 62.0 1.0 0.0 0.6789524733268669
37 37 42 0.0 0.0 11.0 0.0 401.0 3.0 2.0 0.58115400581154
37 37 43 0.0 0.0 0.0 0.0 3.0 0.0 0.0 0.6989515726410384
37 38 37 0.0 0.0 1.0 0.0 45.0 0.0 0.0 0.6842619745845552
37 38 38 0.0 0.0 33.0 0.0 703.0 7.0 1.0 0.5130084279956026
37 38 39 0.0 0.0 333.0 0.0 7221.0 36.0 825.0 0.14705882352941177
37 38 40 0.0 0.0 211.0 0.0 4985.0 23.0 249.0 0.1950675769820259
37 38 41 0.0 0.0 406.0 0.0 8266.0 21.0 1165.0 0.1313444037902242
37 38 42 0.0 0.0 18.0 0.0 382.0 4.0 0.0 0.5843071786310516
37 38 43 0.0 0.0 0.0 0.0 6.0 0.0 0.0 0.6979062811565303
37 39 37 0.0 0.0 3.0 0.0 57.0 1.0 0.0 0.6796116504854368
37 39 38 0.0 0.0 32.0 0.0 1011.0 8.0 12.0 0.46128500823723223
37 39 39 0.0 0.0 125.0 0.0 3714.0 13.0 114.0 0.24021962937542896
37 39 40 0.0 0.0 146.0 0.0 3704.0 21.0 124.0 0.24013722126929674
37 39 41 0.0 0.0 29.0 0.0 923.0 9.0 1.0 0.4758667573079537
37 39 42 0.0 0.0 15.0 0.0 456.0 3.0 2.0 0.5672609400324148
37 39 43 0.0 0.0 62.0 0.0 1243.0 17.0 7.0 0.4257907542579075
37 40 36 0.0 0.0 0.0 0.0 1.0 0.0 0.0 0.6996501749125437
37 40 37 0.0 0.0 0.0 0.0 12.0 0.0 0.0 0.6958250497017892
37 40 38 0.0 0.0 58.0 0.0 1276.0 15.0 6.0 0.42194092827004215
37 40 39 0.0 0.0 519.0 0.0 9573.0 24.0 1913.0 0.11590363440682175
37 40 40 0.0 0.0 217.0 0.0 5034.0 20.0 301.0 0.19355730678833122
37 40 41 0.0 0.0 170.0 0.0 4008.0 18.0 168.0 0.2272727272727272
37 40 42 0.0 0.0 112.0 0.0 3000.0 17.0 72.0 0.27477919528949946
37 40 43 0.0 0.0 12.0 0.0 529.0 9.0 1.0 0.5529225908372827
37 40 44 0.0 0.0 1.0 0.0 2.0 0.0 0.0 0.6989515726410384
37 41 37 0.0 0.0 0.0 0.0 11.0 0.0 0.0 0.6961710591745399
37 41 38 0.0 0.0 103.0 0.0 2341.0 13.0 33.0 0.31581321903902543
37 41 39 0.0 0.0 237.0 0.0 5062.0 28.0 256.0 0.19251925192519248
37 41 40 0.0 0.0 195.0 0.0 4576.0 19.0 214.0 0.20725388601036268
37 41 41 0.0 0.0 289.0 0.0 6270.0 23.0 518.0 0.16391523240838307
37 41 42 0.0 0.0 485.0 0.0 9214.0 22.0 1966.0 0.11977072461288389
37 41 43 0.0 0.0 2.0 0.0 80.0 0.0 0.0 0.6724303554274734
37 41 44 0.0 0.0 0.0 0.0 2.0 0.0 0.0 0.6993006993006992
37 42 38 0.0 0.0 43.0 0.0 1202.0 13.0 10.0 0.43316831683168305
37 42 39 0.0 0.0 59.0 0.0 1430.0 9.0 9.0 0.40253018976423227
37 42 40 0.0 0.0 167.0 0.0 3734.0 27.0 116.0 0.2382978723404255
37 42 41 0.0 0.0 24.0 0.0 723.0 6.0 2.0 0.5107624954396205
37 42 42 0.0 0.0 55.0 0.0 1216.0 9.0 6.0 0.4291845493562231
37 42 43 0.0 0.0 90.0 0.0 1896.0 15.0 21.0 0.3525560312263913
37 43 38 0.0 0.0 0.0 0.0 22.0 0.0 0.0 0.6923837784371908
37 43 39 0.0 0.0 5.0 0.0 109.0 0.0 0.0 0.6625650733554187
37 43 40 0.0 0.0 0.0 0.0 99.0 0.0 0.0 0.6669842782277274
37 43 41 0.0 0.0 95.0 0.0 2044.0 18.0 20.0 0.33972336811453524
37 43 42 0.0 0.0 0.0 0.0 27.0 0.0 0.0 0.6906758756783422
37 43 43 0.0 0.0 0.0 0.0 1.0 0.0 0.0 0.6996501749125437
37 44 38 0.0 0.0 0.0 0.0 1.0 0.0 0.0 0.6996501749125437
37 44 39 0.0 0.0 1.0 0.0 23.0 1.0 0.0 0.6920415224913494
37 44 40 0.0 0.0 0.0 0.0 3.0 0.0 0.0 0.6989515726410384
37 44 41 0.0 0.0 0.0 0.0 1.0 0.0 0.0 0.6996501749125437
38 36 38 0.0 0.0 0.0 0.0 9.0 0.0 0.0 0.6968641114982577
38 36 39 0.0 0.0 0.0 0.0 14.0 0.0 0.0 0.6951340615690167
38 36 40 0.0 0.0 0.0 0.0 22.0 0.0 0.0 0.6923837784371908
38 36 41 0.0 0.0 0.0 0.0 5.0 0.0 0.0 0.6982543640897755
38 36 42 0.0 0.0 0.0 0.0 3.0 0.0 0.0 0.6989515726410384
38 37 36 0.0 0.0 0.0 0.0 2.0 0.0 0.0 0.6993006993006992
38 37 37 0.0 0.0 1.0 0.0 117.0 1.0 0.0 0.6613131790269249
38 37 38 0.0 0.0 12.0 0.0 376.0 3.0 2.0 0.587248322147651
38 37 39 0.0 0.0 156.0 0.0 3631.0 21.0 121.0 0.24271844660194172
38 37 40 0.0 0.0 22.0 0.0 682.0 8.0 4.0 0.5190952910641453
38 37 41 0.0 0.0 24.0 0.0 1246.0 5.0 10.0 0.4287901990811638
38 37 42 0.0 0.0 2.0 0.0 75.0 1.0 0.0 0.6743737957610789
38 37 43 0.0 0.0 0.0 0.0 11.0 0.0 0.0 0.6961710591745399
38 38 36 0.0 0.0 0.0 0.0 6.0 0.0 0.0 0.6979062811565303
38 38 37 0.0 0.0 1.0 0.0 116.0 0.0 0.0 0.6613131790269249
38 38 38 0.0 0.0 432.0 0.0 8782.0 15.0 1526.0 0.12487735260012486
38 38 39 0.0 0.0 333.0 0.0 7399.0 19.0 803.0 0.14406256431364478
38 38 40 0.0 0.0 161.0 0.0 4046.0 20.0 141.0 0.22628091158881522
38 38 41 0.0 0.0 455.0 0.0 8969.0 23.0 1472.0 0.12269938650306747
38 38 42 0.0 0.0 172.0 0.0 3716.0 17.0 105.0 0.2382978723404255
38 38 43 0.0 0.0 15.0 0.0 317.0 4.0 1.0 0.6013745704467354
38 38 44 0.0 0.0 0.0 0.0 1.0 0.0 0.0 0.6996501749125437
38 39 36 0.0 0.0 0.0 0.0 10.0 0.0 0.0 0.6965174129353233
38 39 37 0.0 0.0 76.0 0.0 1535.0 13.0 11.0 0.3889969435954431
38 39 38 0.0 0.0 170.0 0.0 4048.0 22.0 163.0 0.22580645161290316
38 39 39 0.0 0.0 831.0 0.0 12344.0 28.0 8258.0 0.09223268990052044
38 39 40 0.0 0.0 1010.0 0.0 12991.0 31.0 9589.0 0.08748906386701662
38 39 41 0.0 0.0 294.0 0.0 7138.0 14.0 911.0 0.14852535539995754
38 39 42 0.0 0.0 103.0 0.0 2887.0 18.0 87.0 0.28163347415007034
38 39 43 0.0 0.0 3.0 0.0 123.0 1.0 0.0 0.6588235294117646
38 39 44 0.0 0.0 2.0 0.0 20.0 1.0 0.0 0.6927263730826323
38 40 36 0.0 0.0 0.0 0.0 5.0 0.0 0.0 0.6982543640897755
38 40 37 0.0 0.0 14.0 0.0 498.0 7.0 2.0 0.5591054313099041
38 40 38 0.0 0.0 243.0 0.0 5411.0 13.0 338.0 0.18322209134929981
38 40 39 0.0 0.0 769.0 0.0 12089.0 18.0 5105.0 0.09425705244731702
38 40 40 0.0 0.0 683.0 0.0 11818.0 24.0 5189.0 0.09655172413793103
38 40 41 0.0 0.0 680.0 0.0 11580.0 24.0 4683.0 0.09820426487093153
38 40 42 0.0 0.0 395.0 1.0 7469.0 23.0 752.0 0.14217528181171926
38 40 43 0.0 0.0 25.0 0.0 783.0 8.0 1.0 0.4999999999999999
38 40 44 0.0 0.0 0.0 0.0 14.0 0.0 0.0 0.6951340615690167
38 41 36 0.0 0.0 0.0 0.0 5.0 0.0 0.0 0.6982543640897755
38 41 37 0.0 0.0 10.0 0.0 414.0 1.0 2.0 0.5777961205117622
38 41 38 0.0 0.0 61.0 5.0 1582.0 8.0 16.0 0.3846153846153846
38 41 39 0.0 0.0 561.0 0.0 10593.0 25.0 3364.0 0.10654490106544899
38 41 40 0.0 0.0 938.0 0.0 12660.0 35.0 10476.0 0.08981843844229165
38 41 41 0.0 0.0 513.0 0.0 10008.0 14.0 2313.0 0.1119194180190263
38 41 42 0.0 0.0 307.0 0.0 6446.0 29.0 484.0 0.16045845272206302
38 41 43 0.0 0.0 27.0 0.0 762.0 5.0 1.0 0.5028735632183908
38 41 44 0.0 0.0 0.0 0.0 21.0 0.0 0.0 0.6927263730826323
38 42 36 0.0 0.0 0.0 0.0 5.0 0.0 0.0 0.6982543640897755
38 42 37 0.0 0.0 0.0 0.0 6.0 0.0 0.0 0.6979062811565303
38 42 38 0.0 0.0 23.0 1.0 714.0 7.0 4.0 0.5126327352618087
38 42 39 0.0 0.0 444.0 0.0 8447.0 20.0 1419.0 0.12868829855685263
38 42 40 0.0 0.0 557.0 1.0 10361.0 21.0 2872.0 0.10846827303013867
38 42 41 0.0 0.0 411.0 1.0 8439.0 29.0 1235.0 0.12927054478301014
38 42 42 0.0 0.0 16.0 0.0 537.0 4.0 1.0 0.5492349941153393
38 42 43 0.0 0.0 8.0 0.0 257.0 1.0 1.0 0.6183745583038868
38 42 44 0.0 0.0 0.0 0.0 4.0 0.0 0.0 0.6989515726410384
38 43 37 0.0 0.0 0.0 0.0 1.0 0.0 0.0 0.6996501749125437
38 43 38 0.0 0.0 0.0 0.0 29.0 0.0 0.0 0.6899950714637751
38 43 39 0.0 0.0 189.0 1.0 4628.0 13.0 236.0 0.20570085218924472
38 43 40 0.0 0.0 70.0 0.0 1457.0 6.0 14.0 0.39761431411530807
38 43 41 0.0 0.0 7.0 0.0 228.0 1.0 0.0 0.6266786034019695
38 43 42 0.0 0.0 1.0 0.0 80.0 1.0 0.0 0.6730769230769229
38 43 43 0.0 0.0 0.0 0.0 2.0 0.0 0.0 0.6993006993006992
38 43 44 0.0 0.0 1.0 0.0 22.0 0.0 0.0 0.6920415224913494
38 44 38 0.0 0.0 0.0 0.0 8.0 0.0 0.0 0.697211155378486
38 44 39 0.0 0.0 0.0 0.0 6.0 0.0 0.0 0.6979062811565303
38 44 40 0.0 0.0 2.0 0.0 7.0 0.0 0.0 0.6968641114982577
38 44 41 0.0 0.0 0.0 0.0 3.0 0.0 0.0 0.6989515726410384
38 44 42 0.0 0.0 0.0 0.0 2.0 0.0 0.0 0.6993006993006992
39 36 35 0.0 0.0 0.0 0.0 1.0 0.0 0.0 0.6996501749125437
39 36 38 0.0 0.0 0.0 0.0 5.0 0.0 0.0 0.6982543640897755
39 36 39 0.0 0.0 2.0 0.0 31.0 1.0 0.0 0.6889763779527558
39 36 40 0.0 0.0 19.0 0.0 513.0 2.0 1.0 0.5533596837944663
39 36 41 0.0 0.0 0.0 0.0 40.0 0.0 0.0 0.6862745098039215
39 36 42 0.0 0.0 0.0 0.0 11.0 0.0 0.0 0.6961710591745399
39 37 36 0.0 0.0 2.0 0.0 44.0 2.0 0.0 0.684931506849315
39 37 37 0.0 0.0 39.0 0.0 1141.0 8.0 8.0 0.44150110375275925
39 37 38 0.0 0.0 58.0 0.0 1595.0 9.0 12.0 0.38419319429198673
39 37 39 0.0 0.0 72.0 0.0 1854.0 19.0 17.0 0.35833120040952127
39 37 40 0.0 0.0 320.0 0.0 6930.0 21.0 608.0 0.15164644714038125
39 37 41 0.0 0.0 268.0 0.0 5691.0 23.0 395.0 0.17630021407883137
39 37 42 0.0 0.0 1.0 0.0 93.0 0.0 0.0 0.6685768863419292
39 37 43 0.0 0.0 12.0 0.0 362.0 4.0 2.0 0.590717299578059
39 38 36 0.0 0.0 8.0 0.0 114.0 2.0 0.0 0.6603773584905659
39 38 37 0.0 0.0 178.0 0.0 4531.0 13.0 230.0 0.20901761719916392
39 38 38 0.0 0.0 325.0 0.0 7115.0 20.0 665.0 0.14847809948032661
39 38 39 0.0 0.0 361.0 0.0 7804.0 22.0 1005.0 0.13799901429275505
39 38 40 0.0 0.0 801.0 0.0 12214.0 32.0 6025.0 0.09330223258913695
39 38 41 0.0 0.0 185.0 0.0 4812.0 20.0 260.0 0.20077441560304027
39 38 42 0.0 0.0 296.0 0.0 6512.0 25.0 546.0 0.1593806921675774
39 38 43 0.0 0.0 7.0 0.0 209.0 3.0 1.0 0.632625395390872
39 38 44 0.0 0.0 2.0 0.0 39.0 0.0 0.0 0.6859382655560998
39 39 36 0.0 0.0 51.0 0.0 950.0 10.0 2.0 0.4680708793045803
39 39 37 0.0 0.0 141.0 0.0 3732.0 12.0 144.0 0.2388670875277256
39 39 38 0.0 0.0 606.0 0.0 10745.0 24.0 3024.0 0.10502625656414102
39 39 39 1.0 0.0 1042.0 3.0 12960.0 25.0 11848.0 0.0873689465801298
39 39 40 0.0 0.0 1040.0 12.0 13164.0 22.0 10628.0 0.08633980881899475
39 39 41 0.0 0.0 1239.0 2.0 13147.0 33.0 15163.0 0.08536585365853656
39 39 42 0.0 0.0 298.0 1.0 6366.0 26.0 529.0 0.16199953714417956
39 39 43 0.0 0.0 24.0 0.0 551.0 6.0 2.0 0.544959128065395
39 39 44 0.0 0.0 0.0 0.0 6.0 0.0 0.0 0.6979062811565303
39 40 36 0.0 0.0 17.0 0.0 373.0 2.0 0.0 0.5862646566164154
39 40 37 0.0 0.0 278.0 0.0 5902.0 21.0 383.0 0.17146356399265153
39 40 38 0.0 0.0 631.0 2.0 10929.0 26.0 3379.0 0.10336680448907264
39 40 39 0.0 0.0 1116.0 9.0 13065.0 34.0 12438.0 0.08648915796626921
39 40 40 0.0 2.0 1839.0 19.0 12354.0 50.0 30049.0 0.08633448445979279
39 40 41 1.0 3.0 844.0 61.0 12503.0 28.0 6687.0 0.09090318810466852
39 40 42 0.0 2.0 201.0 19.0 5444.0 21.0 361.0 0.18310227569971227
39 40 43 0.0 0.0 211.0 0.0 4961.0 23.0 261.0 0.19577681443154799
39 40 44 0.0 0.0 17.0 0.0 388.0 5.0 0.0 0.5835764902042517
39 41 35 0.0 0.0 0.0 0.0 1.0 0.0 0.0 0.6996501749125437
39 41 36 0.0 0.0 5.0 0.0 123.0 2.0 0.0 0.6585136406396989
39 41 37 0.0 0.0 90.0 0.0 2268.0 10.0 31.0 0.32198712051517936
39 41 38 0.0 0.0 68.0 0.0 2250.0 12.0 50.0 0.32527881040892187
39 41 39 0.0 0.0 791.0 43.0 12087.0 24.0 5226.0 0.09389671361502346
39 41 40 0.0 0.0 1232.0 23.0 13171.0 45.0 15818.0 0.08527745629530364
39 41 41 0.0 0.0 804.0 34.0 12286.0 32.0 5947.0 0.09264160931709897
39 41 42 0.0 0.0 411.0 16.0 9163.0 16.0 2097.0 0.12089810017271155
39 41 43 0.0 0.0 314.0 0.0 6694.0 22.0 551.0 0.15560742469712124
39 41 44 0.0 0.0 0.0 0.0 21.0 0.0 0.0 0.6934125804853887
39 42 36 0.0 0.0 0.0 0.0 5.0 0.0 0.0 0.6982543640897755
39 42 37 0.0 0.0 179.0 0.0 4156.0 20.0 183.0 0.2215540433612913
39 42 38 0.0 0.0 57.0 0.0 1391.0 12.0 8.0 0.40745052386495917
39 42 39 0.0 0.0 105.0 0.0 2623.0 13.0 55.0 0.2970507107999151
39 42 40 0.0 0.0 431.0 35.0 8667.0 11.0 1447.0 0.1257974660796118
39 42 41 0.0 1.0 553.0 23.0 10457.0 19.0 2916.0 0.10741962710043734
39 42 42 0.0 0.0 60.0 14.0 1661.0 18.0 18.0 0.37644528098951324
39 42 43 0.0 0.0 142.0 0.0 3497.0 18.0 117.0 0.24897741419171257
39 42 44 0.0 0.0 8.0 0.0 168.0 2.0 0.0 0.6439742410303587
39 43 37 0.0 0.0 25.0 0.0 355.0 8.0 1.0 0.5902192242833051
39 43 38 0.0 0.0 3.0 0.0 145.0 1.0 0.0 0.6520726595249184
39 43 39 0.0 0.0 96.0 0.0 2515.0 9.0 50.0 0.3041494677384314
39 43 40 0.0 0.0 12.0 0.0 528.0 3.0 2.0 0.5518328734726053
39 43 41 0.0 0.0 72.0 0.0 1834.0 14.0 26.0 0.3597122302158273
39 43 42 0.0 0.0 2.0 0.0 84.0 1.0 0.0 0.6714628297362109
39 43 43 0.0 0.0 0.0 0.0 13.0 0.0 0.0 0.695479384003974
39 43 44 0.0 0.0 0.0 0.0 3.0 0.0 0.0 0.6989515726410384
39 44 38 0.0 0.0 0.0 0.0 6.0 0.0 0.0 0.6979062811565303
39 44 39 0.0 0.0 0.0 0.0 6.0 0.0 0.0 0.6979062811565303
39 44 40 0.0 0.0 0.0 0.0 5.0 0.0 0.0 0.6982543640897755
39 44 41 0.0 0.0 0.0 0.0 5.0 0.0 0.0 0.6982543640897755
39 44 42 0.0 0.0 0.0 0.0 5.0 0.0 0.0 0.6982543640897755
40 36 37 0.0 0.0 0.0 0.0 6.0 0.0 0.0 0.6979062811565303
40 36 38 0.0 0.0 0.0 0.0 38.0 0.0 0.0 0.6869479882237487
40 36 39 0.0 0.0 15.0 0.0 285.0 3.0 0.0 0.6094906399651718
40 36 40 0.0 0.0 0.0 0.0 21.0 0.0 0.0 0.6927263730826323
40 36 41 0.0 0.0 0.0 0.0 14.0 0.0 0.0 0.6951340615690167
40 36 42 0.0 0.0 0.0 0.0 17.0 0.0 0.0 0.694100148735746
40 37 36 0.0 0.0 15.0 0.0 226.0 5.0 0.0 0.626118067978533
40 37 37 0.0 0.0 5.0 0.0 193.0 0.0 0.0 0.6372325898953117
40 37 38 0.0 0.0 84.0 0.0 2045.0 13.0 26.0 0.34013605442176864
40 37 39 0.0 0.0 198.0 0.0 4208.0 17.0 149.0 0.21916092673763302
40 37 40 0.0 0.0 111.0 0.0 2494.0 15.0 50.0 0.3049444565454149
40 37 41 0.0 0.0 6.0 0.0 341.0 4.0 2.0 0.5975245411865129
40 37 42 0.0 0.0 2.0 0.0 137.0 0.0 0.0 0.6545114539504441
40 37 43 0.0 0.0 2.0 0.0 70.0 1.0 0.0 0.6760019314340897
40 37 44 0.0 0.0 0.0 0.0 1.0 0.0 0.0 0.6996501749125437
40 38 36 0.0 0.0 2.0 0.0 63.0 0.0 0.0 0.6779661016949151
40 38 37 0.0 0.0 415.0 0.0 8773.0 25.0 1476.0 0.12525722465777933
40 38 38 0.0 0.0 744.0 0.0 11874.0 25.0 6364.0 0.09582477754962353
40 38 39 0.0 0.0 549.0 0.0 10177.0 23.0 2637.0 0.11013215859030835
40 38 40 0.0 0.0 584.0 1.0 10387.0 26.0 2512.0 0.10805804260574249
40 38 41 0.0 0.0 657.0 1.0 10884.0 31.0 3377.0 0.10349671028313742
40 38 42 0.0 0.0 381.0 1.0 7538.0 32.0 844.0 0.1414998989286436
40 38 43 0.0 0.0 19.0 0.0 530.0 4.0 2.0 0.5500982318271119
40 38 44 0.0 0.0 0.0 0.0 7.0 0.0 0.0 0.6975585450921773
40 39 35 0.0 0.0 0.0 0.0 2.0 0.0 0.0 0.6993006993006992
40 39 36 0.0 0.0 16.0 0.0 363.0 4.0 1.0 0.5894736842105263
40 39 37 0.0 0.0 347.0 0.0 7099.0 22.0 689.0 0.14843087362171328
40 39 38 0.0 0.0 735.0 0.0 11779.0 28.0 4981.0 0.09647188533627342
40 39 39 0.0 2.0 1122.0 10.0 12963.0 35.0 13947.0 0.08692412765429032
40 39 40 0.0 0.0 1059.0 5.0 13254.0 28.0 9854.0 0.085831647354546
40 39 41 0.0 2.0 988.0 56.0 12832.0 27.0 9304.0 0.08821676118462507
40 39 42 0.0 0.0 769.0 1.0 12111.0 35.0 5674.0 0.09419363520150709
40 39 43 0.0 0.0 109.0 0.0 2627.0 18.0 35.0 0.29686174724342657
40 39 44 0.0 0.0 2.0 0.0 32.0 1.0 0.0 0.6886374815543531
40 39 45 0.0 0.0 0.0 0.0 1.0 0.0 0.0 0.6996501749125437
40 40 35 0.0 0.0 0.0 0.0 1.0 0.0 0.0 0.6996501749125437
40 40 36 0.0 0.0 107.0 0.0 2697.0 14.0 51.0 0.2922755741127348
40 40 37 0.0 0.0 301.0 0.0 6917.0 14.0 644.0 0.15210777922642327
40 40 38 0.0 0.0 843.0 0.0 12466.0 41.0 7135.0 0.09154515137644673
40 40 39 0.0 8.0 1260.0 72.0 13126.0 41.0 15431.0 0.08509086488786238
40 40 40 9.0 55.0 2376.0 381.0 9749.0 69.0 53299.0 0.09616705591427394
40 40 41 0.0 3.0 1691.0 40.0 12959.0 44.0 25855.0 0.08383735553027127
40 40 42 0.0 3.0 639.0 26.0 11287.0 23.0 4290.0 0.10043762106320396
40 40 43 0.0 0.0 221.0 0.0 4978.0 14.0 248.0 0.19479615973285094
40 40 44 0.0 0.0 1.0 0.0 18.0 0.0 0.0 0.6934125804853887
40 41 35 0.0 0.0 0.0 0.0 12.0 0.0 0.0 0.6958250497017892
40 41 36 0.0 0.0 1.0 0.0 54.0 1.0 0.0 0.6815968841285296
40 41 37 0.0 0.0 182.0 0.0 4732.0 18.0 240.0 0.2030456852791878
40 41 38 0.0 0.0 471.0 1.0 8683.0 24.0 1276.0 0.12576356449874235
40 41 39 0.0 0.0 805.0 3.0 12240.0 30.0 5814.0 0.09312225621923638
40 41 40 0.0 8.0 1043.0 87.0 13094.0 26.0 10551.0 0.08626001232285889
40 41 41 0.0 332.0 719.0 5184.0 8919.0 29.0 8760.0 0.0816516971888487
40 41 42 0.0 0.0 694.0 17.0 11780.0 28.0 4938.0 0.0966984390109131
40 41 43 0.0 0.0 15.0 0.0 590.0 0.0 2.0 0.5376344086021504
40 41 44 0.0 0.0 4.0 0.0 118.0 1.0 0.0 0.66006600660066
40 42 35 0.0 0.0 0.0 0.0 2.0 0.0 0.0 0.6993006993006992
40 42 36 0.0 0.0 0.0 0.0 33.0 0.0 0.0 0.6889763779527558
40 42 37 0.0 0.0 2.0 0.0 159.0 0.0 0.0 0.6478482184173993
40 42 38 0.0 0.0 422.0 0.0 8838.0 31.0 1687.0 0.12457732692649935
40 42 39 0.0 0.0 341.0 0.0 7328.0 23.0 826.0 0.14507772020725385
40 42 40 0.0 0.0 864.0 12.0 12416.0 21.0 6142.0 0.09153916568588988
40 42 41 0.0 2.0 346.0 38.0 7271.0 22.0 844.0 0.14527342533983603
40 42 42 0.0 0.0 63.0 57.0 1576.0 9.0 25.0 0.37971250339029017
40 42 43 0.0 0.0 246.0 0.0 5549.0 15.0 325.0 0.17985611510791366
40 42 44 0.0 0.0 3.0 0.0 51.0 0.0 0.0 0.6815968841285296
40 43 36 0.0 0.0 0.0 0.0 2.0 0.0 0.0 0.6993006993006992
40 43 37 0.0 0.0 0.0 0.0 29.0 0.0 0.0 0.6899950714637751
40 43 38 0.0 0.0 111.0 0.0 2082.0 14.0 21.0 0.3349282296650717
40 43 39 0.0 0.0 50.0 0.0 1252.0 12.0 7.0 0.4257907542579075
40 43 40 0.0 0.0 15.0 5.0 553.0 2.0 2.0 0.5447470817120622
40 43 41 0.0 0.0 226.0 0.0 5086.0 13.0 269.0 0.19164955509924708
40 43 42 0.0 0.0 21.0 0.0 536.0 7.0 3.0 0.5490196078431372
40 43 43 0.0 0.0 0.0 0.0 35.0 0.0 0.0 0.6879606879606879
40 43 44 0.0 0.0 0.0 0.0 9.0 0.0 0.0 0.6968641114982577
40 44 38 0.0 0.0 0.0 0.0 1.0 0.0 0.0 0.6996501749125437
40 44 40 0.0 0.0 0.0 0.0 9.0 0.0 0.0 0.6968641114982577
40 44 41 0.0 0.0 2.0 0.0 32.0 0.0 0.0 0.6886374815543531
40 44 42 0.0 0.0 0.0 0.0 4.0 0.0 0.0 0.6986027944111775
41 36 36 0.0 0.0 0.0 0.0 6.0 0.0 0.0 0.6979062811565303
41 36 37 0.0 0.0 0.0 0.0 8.0 0.0 0.0 0.697211155378486
41 36 38 0.0 0.0 0.0 0.0 33.0 0.0 0.0 0.6886374815543531
41 36 39 0.0 0.0 1.0 0.0 59.0 1.0 0.0 0.6799417192812044
41 36 40 0.0 0.0 0.0 0.0 20.0 0.0 0.0 0.6930693069306929
41 36 41 0.0 0.0 0.0 0.0 6.0 0.0 0.0 0.6979062811565303
41 36 42 0.0 0.0 0.0 0.0 1.0 0.0 0.0 0.6996501749125437
41 36 43 0.0 0.0 0.0 0.0 1.0 0.0 0.0 0.6996501749125437
41 37 36 0.0 0.0 22.0 0.0 324.0 6.0 0.0 0.5982905982905982
41 37 37 0.0 0.0 296.0 0.0 6091.0 27.0 436.0 0.1673040152963671
41 37 38 0.0 0.0 116.0 0.0 2607.0 14.0 42.0 0.2973661852166524
41 37 39 0.0 0.0 396.0 0.0 7825.0 17.0 1042.0 0.1370936153544849
41 37 40 0.0 0.0 16.0 0.0 578.0 3.0 4.0 0.5407493240633449
41 37 41 0.0 0.0 83.0 0.0 1944.0 15.0 25.0 0.34895314057826515
41 37 42 0.0 0.0 42.0 0.0 1068.0 6.0 6.0 0.45117628101836926
41 37 43 0.0 0.0 0.0 0.0 28.0 0.0 0.0 0.690335305719921
41 38 36 0.0 0.0 4.0 0.0 119.0 2.0 0.0 0.66006600660066
41 38 37 0.0 0.0 49.0 0.0 1294.0 9.0 10.0 0.41979010494752617
41 38 38 0.0 0.0 570.0 0.0 10591.0 28.0 3275.0 0.10648817220658705
41 38 39 0.0 0.0 340.0 0.0 7668.0 17.0 943.0 0.14007003501750873
41 38 40 0.0 0.0 323.0 0.0 7267.0 24.0 827.0 0.1462599247806101
41 38 41 0.0 4.0 335.0 81.0 6951.0 21.0 764.0 0.1495406964323862
41 38 42 0.0 0.0 349.0 0.0 7657.0 24.0 944.0 0.14014014014014012
41 38 43 0.0 0.0 72.0 0.0 1692.0 14.0 14.0 0.3731343283582089
41 38 44 0.0 0.0 0.0 0.0 13.0 0.0 0.0 0.695479384003974
41 39 36 0.0 0.0 2.0 0.0 114.0 0.0 0.0 0.661625708884688
41 39 37 0.0 0.0 155.0 0.0 3154.0 13.0 70.0 0.2643504531722054
41 39 38 0.0 0.0 633.0 0.0 11033.0 28.0 3425.0 0.10251903925014645
41 39 39 0.0 0.0 1414.0 3.0 12927.0 36.0 19665.0 0.08570554025099479
41 39 40 0.0 0.0 1014.0 3.0 13260.0 39.0 9855.0 0.08607439286812173
41 39 41 0.0 0.0 1382.0 6.0 13002.0 43.0 19102.0 0.08543878921030147
41 39 42 0.0 0.0 711.0 0.0 11751.0 37.0 5393.0 0.0969394820661958
41 39 43 0.0 0.0 212.0 0.0 5077.0 13.0 291.0 0.19236053860950808
41 39 44 0.0 0.0 10.0 0.0 226.0 3.0 0.0 0.6269592476489028
41 40 35 0.0 0.0 0.0 0.0 4.0 0.0 0.0 0.6986027944111775
41 40 36 0.0 0.0 64.0 0.0 1497.0 12.0 10.0 0.39469974626444876
41 40 37 0.0 0.0 324.0 0.0 7374.0 17.0 838.0 0.14455343314403712
41 40 38 0.0 0.0 659.0 0.0 11200.0 27.0 3391.0 0.10109033143187232
41 40 39 0.0 0.0 1122.0 12.0 13120.0 27.0 12819.0 0.08607439286812173
41 40 40 0.0 0.0 868.0 18.0 12739.0 19.0 7825.0 0.08956560680698611
41 40 41 0.0 1.0 1517.0 19.0 12495.0 40.0 24152.0 0.08733624454148471
41 40 42 0.0 1.0 791.0 17.0 12014.0 28.0 5375.0 0.0944924406047516
41 40 43 0.0 0.0 60.0 0.0 1935.0 13.0 21.0 0.3517587939698492
41 40 44 0.0 0.0 8.0 0.0 140.0 3.0 0.0 0.6526806526806526
41 41 35 0.0 0.0 0.0 0.0 7.0 0.0 0.0 0.6975585450921773
41 41 36 0.0 0.0 149.0 0.0 3176.0 11.0 76.0 0.2634054562558795
41 41 37 0.0 0.0 467.0 0.0 9271.0 27.0 1839.0 0.11940298507462685
41 41 38 0.0 0.0 698.0 1.0 11377.0 30.0 3811.0 0.09951663349445548
41 41 39 0.0 1.0 1340.0 9.0 13438.0 47.0 16391.0 0.08344757703999522
41 41 40 0.0 1.0 1284.0 14.0 13186.0 32.0 16501.0 0.08492053863884506
41 41 41 0.0 3.0 942.0 40.0 12899.0 34.0 8477.0 0.08822788001008318
41 41 42 0.0 0.0 265.0 14.0 6104.0 19.0 481.0 0.1673040152963671
41 41 43 0.0 0.0 109.0 0.0 2755.0 17.0 51.0 0.2886597938144329
41 41 44 0.0 0.0 0.0 0.0 10.0 0.0 0.0 0.6965174129353233
41 42 35 0.0 0.0 0.0 0.0 2.0 0.0 0.0 0.6993006993006992
41 42 36 0.0 0.0 0.0 0.0 22.0 0.0 0.0 0.6927263730826323
41 42 37 0.0 0.0 19.0 0.0 436.0 6.0 0.0 0.5718954248366012
41 42 38 0.0 0.0 34.0 0.0 1380.0 8.0 17.0 0.4110393423370522
41 42 39 0.0 0.0 315.0 0.0 6981.0 16.0 707.0 0.15069967707212054
41 42 40 0.0 1.0 552.0 20.0 9838.0 24.0 1904.0 0.11294876966518756
41 42 41 0.0 0.0 283.0 17.0 6207.0 26.0 442.0 0.16495817132084362
41 42 42 0.0 0.0 359.0 7.0 7553.0 33.0 899.0 0.14148559878726627
41 42 43 0.0 0.0 188.0 0.0 3815.0 18.0 108.0 0.23395721925133686
41 42 44 0.0 0.0 0.0 0.0 10.0 0.0 0.0 0.6965174129353233
41 43 37 0.0 0.0 2.0 0.0 44.0 0.0 0.0 0.6842619745845552
41 43 38 0.0 0.0 1.0 0.0 108.0 2.0 0.0 0.664767331433998
41 43 39 0.0 0.0 33.0 0.0 1091.0 9.0 11.0 0.44943820224719094
41 43 40 0.0 0.0 45.0 0.0 1451.0 6.0 13.0 0.40091638029782356
41 43 41 0.0 0.0 41.0 0.0 870.0 16.0 1.0 0.4835924006908462
41 43 42 0.0 0.0 27.0 0.0 538.0 7.0 0.0 0.5473025801407349
41 43 43 0.0 0.0 4.0 0.0 52.0 1.0 0.0 0.6815968841285296
41 43 44 0.0 0.0 0.0 0.0 8.0 0.0 0.0 0.697211155378486
41 44 37 0.0 0.0 0.0 0.0 2.0 0.0 0.0 0.6996501749125437
41 44 39 0.0 0.0 0.0 0.0 3.0 0.0 0.0 0.6989515726410384
41 44 40 0.0 0.0 0.0 0.0 9.0 0.0 0.0 0.6968641114982577
41 44 41 0.0 0.0 0.0 0.0 8.0 0.0 0.0 0.697211155378486
41 44 42 0.0 0.0 0.0 0.0 5.0 1.0 0.0 0.6986027944111775
42 36 36 0.0 0.0 0.0 0.0 4.0 0.0 0.0 0.6986027944111775
42 36 37 0.0 0.0 0.0 0.0 6.0 0.0 0.0 0.6979062811565303
42 36 38 0.0 0.0 1.0 0.0 47.0 0.0 0.0 0.6835937499999999
42 36 39 0.0 0.0 0.0 0.0 15.0 0.0 0.0 0.694789081885856
42 36 40 0.0 0.0 4.0 0.0 111.0 2.0 0.0 0.6625650733554187
42 37 36 0.0 0.0 0.0 0.0 6.0 0.0 0.0 0.6979062811565303
42 37 37 0.0 0.0 14.0 0.0 339.0 4.0 0.0 0.5959982971477223
42 37 38 0.0 0.0 30.0 0.0 974.0 7.0 4.0 0.4672897196261681
42 37 39 0.0 0.0 189.0 0.0 4368.0 27.0 185.0 0.21436227224008572
42 37 40 0.0 0.0 54.0 0.0 1607.0 10.0 15.0 0.38335158817086523
42 37 41 0.0 0.0 49.0 0.0 1012.0 9.0 4.0 0.45871559633027514
42 37 42 0.0 0.0 1.0 0.0 40.0 1.0 0.0 0.6862745098039215
42 37 43 0.0 0.0 0.0 0.0 31.0 1.0 0.0 0.689655172413793
42 37 44 0.0 0.0 0.0 0.0 6.0 0.0 0.0 0.6979062811565303
42 38 36 0.0 0.0 2.0 0.0 40.0 1.0 0.0 0.6859382655560998
42 38 37 0.0 0.0 73.0 0.0 1410.0 5.0 15.0 0.40253018976423227
42 38 38 0.0 0.0 544.0 0.0 10097.0 20.0 2694.0 0.11087352498614081
42 38 39 0.0 0.0 712.0 0.0 11650.0 24.0 4564.0 0.09751340809361286
42 38 40 0.0 0.0 345.0 0.0 7433.0 18.0 899.0 0.1433691756272401
42 38 41 0.0 0.0 351.0 0.0 7095.0 18.0 726.0 0.14841513834411107
42 38 42 0.0 0.0 102.0 0.0 2638.0 15.0 42.0 0.29623360135421073
42 38 43 0.0 0.0 112.0 0.0 2585.0 13.0 45.0 0.2988260405549626
42 38 44 0.0 0.0 0.0 0.0 24.0 0.0 0.0 0.6916996047430829
42 39 36 0.0 0.0 3.0 0.0 102.0 0.0 0.0 0.6650831353919239
42 39 37 0.0 0.0 228.0 0.0 5012.0 25.0 277.0 0.19390581717451522
42 39 38 0.0 0.0 321.0 0.0 6838.0 22.0 667.0 0.15307238136890441
42 39 39 0.0 0.0 473.0 1.0 9624.0 25.0 2280.0 0.11582692148589391
42 39 40 0.0 1.0 432.0 3.0 8825.0 27.0 1389.0 0.12449977767896842
42 39 41 0.0 0.0 561.0 0.0 10360.0 24.0 2661.0 0.10845146796808428
42 39 42 0.0 0.0 631.0 0.0 11235.0 26.0 4797.0 0.10106843777071901
42 39 43 0.0 0.0 397.0 0.0 7626.0 24.0 883.0 0.13987411329803173
42 39 44 0.0 0.0 0.0 0.0 42.0 0.0 0.0 0.6859382655560998
42 40 35 0.0 0.0 0.0 0.0 2.0 0.0 0.0 0.6993006993006992
42 40 36 0.0 0.0 0.0 0.0 58.0 0.0 0.0 0.6802721088435373
42 40 37 0.0 0.0 205.0 0.0 4715.0 20.0 219.0 0.20289855072463764
42 40 38 0.0 0.0 947.0 0.0 12795.0 25.0 7771.0 0.0889679715302491
42 40 39 0.0 0.0 894.0 0.0 12805.0 23.0 6983.0 0.08917765462768328
42 40 40 0.0 0.0 963.0 0.0 12670.0 30.0 10542.0 0.08962868117797694
42 40 41 0.0 0.0 599.0 1.0 10675.0 23.0 2972.0 0.10552498680937664
42 40 42 0.0 0.0 520.0 2.0 10015.0 24.0 2533.0 0.11174076143347433
42 40 43 0.0 0.0 136.0 0.0 3330.0 15.0 79.0 0.25673940949935814
42 40 44 0.0 0.0 2.0 0.0 109.0 0.0 0.0 0.6631927996210326
42 41 35 0.0 0.0 0.0 0.0 1.0 0.0 0.0 0.6996501749125437
42 41 36 0.0 0.0 5.0 0.0 117.0 2.0 0.0 0.6603773584905659
42 41 37 0.0 0.0 87.0 0.0 1936.0 12.0 15.0 0.34921426789723115
42 41 38 0.0 0.0 211.0 0.0 4491.0 19.0 169.0 0.20954946864241877
42 41 39 0.0 0.0 596.0 0.0 10653.0 30.0 3234.0 0.10574816829065638
42 41 40 0.0 0.0 444.0 0.0 8764.0 26.0 1401.0 0.12506700017866715
42 41 41 0.0 0.0 870.0 0.0 12530.0 37.0 7885.0 0.09099772505687358
42 41 42 0.0 0.0 421.0 0.0 8898.0 21.0 1669.0 0.1238609218791471
42 41 43 0.0 0.0 24.0 0.0 819.0 3.0 2.0 0.4933051444679351
42 41 44 0.0 0.0 0.0 0.0 11.0 0.0 0.0 0.6965174129353233
42 42 36 0.0 0.0 3.0 0.0 50.0 1.0 0.0 0.6822612085769979
42 42 37 0.0 0.0 0.0 0.0 59.0 0.0 0.0 0.6799417192812044
42 42 38 0.0 0.0 185.0 0.0 5038.0 11.0 339.0 0.19404019404019401
42 42 39 0.0 0.0 388.0 0.0 8026.0 26.0 1140.0 0.13466717968449401
42 42 40 0.0 0.0 676.0 0.0 11261.0 25.0 4332.0 0.10052416170029438
42 42 41 0.0 0.0 387.0 0.0 7892.0 24.0 1000.0 0.1364522417153996
42 42 42 0.0 0.0 308.0 0.0 6775.0 19.0 638.0 0.15430397883831146
42 42 43 0.0 0.0 14.0 0.0 363.0 3.0 1.0 0.5897219882055602
42 42 44 0.0 0.0 0.0 0.0 4.0 0.0 0.0 0.6986027944111775
42 43 37 0.0 0.0 0.0 0.0 6.0 0.0 0.0 0.6979062811565303
42 43 38 0.0 0.0 0.0 0.0 32.0 0.0 0.0 0.6889763779527558
42 43 39 0.0 0.0 104.0 0.0 1963.0 15.0 18.0 0.3454231433506045
42 43 40 0.0 0.0 8.0 1.0 419.0 3.0 0.0 0.5775577557755774
42 43 41 0.0 0.0 60.0 0.0 1608.0 9.0 19.0 0.38272279934390374
42 43 42 0.0 0.0 0.0 0.0 40.0 1.0 0.0 0.6866110838646394
42 43 43 0.0 0.0 0.0 0.0 19.0 0.0 0.0 0.6934125804853887
42 43 44 0.0 0.0 0.0 0.0 1.0 0.0 0.0 0.6996501749125437
42 44 40 0.0 0.0 0.0 0.0 2.0 0.0 0.0 0.6993006993006992
43 36 37 0.0 0.0 0.0 0.0 1.0 0.0 0.0 0.6996501749125437
43 36 38 0.0 0.0 0.0 0.0 10.0 0.0 0.0 0.6965174129353233
43 36 39 0.0 0.0 1.0 0.0 27.0 0.0 0.0 0.690335305719921
43 36 40 0.0 0.0 0.0 0.0 6.0 0.0 0.0 0.6979062811565303
43 37 37 0.0 0.0 0.0 0.0 34.0 0.0 0.0 0.6882989183874139
43 37 38 0.0 0.0 143.0 0.0 3045.0 14.0 60.0 0.2705314009661835
43 37 39 0.0 0.0 20.0 0.0 571.0 6.0 1.0 0.541586073500967
43 37 40 0.0 0.0 10.0 0.0 307.0 2.0 0.0 0.6047516198704103
43 37 41 0.0 0.0 13.0 0.0 309.0 3.0 0.0 0.6039689387402932
43 37 42 0.0 0.0 0.0 0.0 37.0 0.0 0.0 0.6876227897838899
43 37 43 0.0 0.0 0.0 0.0 4.0 0.0 0.0 0.6986027944111775
43 38 37 0.0 0.0 16.0 0.0 524.0 5.0 2.0 0.5522682445759368
43 38 38 0.0 0.0 143.0 0.0 3181.0 14.0 58.0 0.2636038410845415
43 38 39 0.0 0.0 215.0 0.0 4803.0 18.0 228.0 0.20002857551078723
43 38 40 0.0 0.0 73.0 0.0 1587.0 14.0 7.0 0.3839824465167306
43 38 41 0.0 0.0 126.0 0.0 2872.0 14.0 50.0 0.28089887640449435
43 38 42 0.0 0.0 234.0 0.0 5262.0 16.0 262.0 0.18704074816299265
43 38 43 0.0 0.0 5.0 0.0 123.0 4.0 0.0 0.6591337099811675
43 38 44 0.0 0.0 1.0 0.0 7.0 0.0 0.0 0.697211155378486
43 39 36 0.0 0.0 0.0 0.0 9.0 0.0 0.0 0.6968641114982577
43 39 37 0.0 0.0 30.0 0.0 963.0 5.0 2.0 0.46854082998661306
43 39 38 0.0 0.0 73.0 0.0 2013.0 12.0 23.0 0.3436426116838488
43 39 39 0.0 0.0 242.0 0.0 5605.0 20.0 395.0 0.17884517118037813
43 39 40 0.0 0.0 410.0 0.0 8371.0 21.0 1225.0 0.13005109150023222
43 39 41 0.0 0.0 176.0 0.0 3808.0 17.0 111.0 0.23458445040214476
43 39 42 0.0 0.0 135.0 0.0 3112.0 18.0 74.0 0.26773761713520744
43 39 43 0.0 0.0 22.0 0.0 862.0 3.0 4.0 0.48577376821651624
43 39 44 0.0 0.0 1.0 0.0 46.0 1.0 0.0 0.6842619745845552
43 40 36 0.0 0.0 0.0 0.0 9.0 0.0 0.0 0.6968641114982577
43 40 37 0.0 0.0 133.0 0.0 2953.0 25.0 75.0 0.2765705254839984
43 40 38 0.0 0.0 165.0 0.0 3941.0 17.0 179.0 0.22984731571170577
43 40 39 0.0 0.0 214.0 0.0 5106.0 12.0 288.0 0.19154467095361877
43 40 40 0.0 0.0 222.0 0.0 5429.0 18.0 363.0 0.18336607727570395
43 40 41 0.0 0.0 191.0 0.0 4345.0 23.0 182.0 0.21495470597267002
43 40 42 0.0 0.0 118.0 0.0 2894.0 8.0 55.0 0.2798880447820872
43 40 43 0.0 0.0 276.0 0.0 5935.0 27.0 426.0 0.17094017094017094
43 40 44 0.0 0.0 0.0 0.0 18.0 0.0 0.0 0.6937561942517343
43 41 36 0.0 0.0 0.0 0.0 8.0 0.0 0.0 0.697211155378486
43 41 37 0.0 0.0 3.0 0.0 206.0 2.0 0.0 0.6343452650657
43 41 38 0.0 0.0 42.0 0.0 1197.0 5.0 12.0 0.43290043290043284
43 41 39 0.0 0.0 299.0 0.0 6646.0 23.0 609.0 0.15684517140936588
43 41 40 0.0 0.0 262.0 0.0 6207.0 23.0 538.0 0.16566086853626788
43 41 41 0.0 0.0 269.0 0.0 5616.0 17.0 373.0 0.17786812349129713
43 41 42 0.0 0.0 61.0 0.0 1891.0 13.0 18.0 0.3554201574003554
43 41 43 0.0 0.0 3.0 0.0 169.0 2.0 0.0 0.6451612903225805
43 41 44 0.0 0.0 0.0 0.0 2.0 0.0 0.0 0.6993006993006992
43 42 36 0.0 0.0 0.0 0.0 2.0 0.0 0.0 0.6993006993006992
43 42 37 0.0 0.0 0.0 0.0 9.0 0.0 0.0 0.6968641114982577
43 42 38 0.0 0.0 45.0 0.0 1031.0 7.0 8.0 0.4561746497230368
43 42 39 0.0 0.0 11.0 0.0 379.0 3.0 0.0 0.5867560771165129
43 42 40 0.0 0.0 167.0 0.0 4235.0 17.0 144.0 0.21916092673763302
43 42 41 0.0 0.0 19.0 0.0 607.0 5.0 2.0 0.5341472720335749
43 42 42 0.0 0.0 14.0 0.0 440.0 4.0 0.0 0.5714285714285713
43 42 43 0.0 0.0 3.0 0.0 54.0 0.0 0.0 0.6806028196402526
43 43 37 0.0 0.0 0.0 0.0 6.0 0.0 0.0 0.6979062811565303
43 43 38 0.0 0.0 0.0 0.0 20.0 0.0 0.0 0.6930693069306929
43 43 39 0.0 0.0 5.0 0.0 117.0 3.0 0.0 0.6606890042472864
43 43 40 0.0 0.0 5.0 0.0 166.0 1.0 0.0 0.6451612903225805
43 43 41 0.0 0.0 24.0 0.0 538.0 5.0 1.0 0.5475166210402814
43 43 42 0.0 0.0 4.0 0.0 105.0 0.0 0.0 0.6641366223908918
43 43 43 0.0 0.0 0.0 0.0 18.0 0.0 0.0 0.6937561942517343
43 44 38 0.0 0.0 0.0 0.0 1.0 0.0 0.0 0.6996501749125437
43 44 40 0.0 0.0 2.0 0.0 25.0 0.0 0.0 0.6906758756783422
44 36 37 0.0 0.0 0.0 0.0 1.0 0.0 0.0 0.6996501749125437
44 36 38 0.0 0.0 0.0 0.0 3.0 0.0 0.0 0.6989515726410384
44 36 39 0.0 0.0 2.0 0.0 32.0 0.0 0.0 0.6882989183874139
44 37 37 0.0 0.0 0.0 0.0 1.0 0.0 0.0 0.6996501749125437
44 37 38 0.0 0.0 3.0 0.0 11.0 2.0 0.0 0.6958250497017892
44 37 39 0.0 0.0 0.0 0.0 16.0 0.0 0.0 0.6944444444444444
44 37 40 0.0 0.0 0.0 0.0 9.0 0.0 0.0 0.6968641114982577
44 37 41 0.0 0.0 0.0 0.0 5.0 0.0 0.0 0.6982543640897755
44 37 42 0.0 0.0 0.0 0.0 7.0 0.0 0.0 0.6975585450921773
44 37 43 0.0 0.0 0.0 0.0 9.0 0.0 0.0 0.6968641114982577
44 38 37 0.0 0.0 0.0 0.0 5.0 0.0 0.0 0.6982543640897755
44 38 38 0.0 0.0 0.0 0.0 16.0 0.0 0.0 0.6944444444444444
44 38 39 0.0 0.0 0.0 0.0 49.0 1.0 0.0 0.6835937499999999
44 38 40 0.0 0.0 216.0 0.0 4417.0 24.0 171.0 0.2117362371445856
44 38 41 0.0 0.0 0.0 0.0 17.0 0.0 0.0 0.694100148735746
44 38 42 0.0 0.0 3.0 0.0 51.0 0.0 0.0 0.6815968841285296
44 38 43 0.0 0.0 0.0 0.0 9.0 0.0 0.0 0.6968641114982577
44 39 36 0.0 0.0 0.0 0.0 1.0 0.0 0.0 0.6996501749125437
44 39 37 0.0 0.0 0.0 0.0 8.0 0.0 0.0 0.697211155378486
44 39 38 0.0 0.0 0.0 0.0 13.0 0.0 0.0 0.695479384003974
44 39 39 0.0 0.0 8.0 0.0 156.0 2.0 0.0 0.6478482184173993
44 39 40 0.0 0.0 23.0 0.0 522.0 6.0 0.0 0.5513981882630956
44 39 41 0.0 0.0 1.0 0.0 47.0 0.0 0.0 0.6835937499999999
44 39 42 0.0 0.0 11.0 0.0 163.0 5.0 0.0 0.6454587367450437
44 39 43 0.0 0.0 0.0 0.0 12.0 0.0 0.0 0.6958250497017892
44 39 44 0.0 0.0 0.0 0.0 1.0 0.0 0.0 0.6996501749125437
44 40 37 0.0 0.0 0.0 0.0 8.0 0.0 0.0 0.697211155378486
44 40 38 0.0 0.0 0.0 0.0 42.0 0.0 0.0 0.6856023506366307
44 40 39 0.0 0.0 4.0 0.0 91.0 2.0 0.0 0.668896321070234
44 40 40 0.0 0.0 146.0 0.0 3383.0 15.0 100.0 0.2538991657598839
44 40 41 0.0 0.0 0.0 0.0 46.0 0.0 0.0 0.6842619745845552
44 40 42 0.0 0.0 1.0 0.0 34.0 0.0 0.0 0.6882989183874139
44 40 43 0.0 0.0 0.0 0.0 19.0 0.0 0.0 0.6934125804853887
44 40 44 0.0 0.0 0.0 0.0 5.0 0.0 0.0 0.6982543640897755
44 41 36 0.0 0.0 0.0 0.0 1.0 0.0 0.0 0.6996501749125437
44 41 37 0.0 0.0 0.0 0.0 3.0 0.0 0.0 0.6989515726410384
44 41 38 0.0 0.0 0.0 0.0 27.0 1.0 0.0 0.6910167818361302
44 41 39 0.0 0.0 7.0 0.0 229.0 3.0 0.0 0.6269592476489028
44 41 40 0.0 0.0 0.0 0.0 20.0 0.0 0.0 0.6937561942517343
44 41 41 0.0 0.0 0.0 0.0 30.0 0.0 0.0 0.689655172413793
44 41 42 0.0 0.0 1.0 0.0 25.0 0.0 0.0 0.6913580246913579
44 41 43 0.0 0.0 2.0 0.0 11.0 0.0 0.0 0.695479384003974
44 41 44 0.0 0.0 0.0 0.0 5.0 0.0 0.0 0.6982543640897755
44 42 38 0.0 0.0 0.0 0.0 6.0 0.0 0.0 0.6979062811565303
44 42 39 0.0 0.0 69.0 0.0 1958.0 13.0 35.0 0.34877927254608865
44 42 40 0.0 0.0 0.0 0.0 23.0 0.0 0.0 0.6920415224913494
44 42 41 0.0 0.0 0.0 0.0 14.0 0.0 0.0 0.6951340615690167
44 42 42 0.0 0.0 0.0 0.0 2.0 0.0 0.0 0.6993006993006992
44 42 43 0.0 0.0 0.0 0.0 1.0 0.0 0.0 0.6996501749125437
44 43 37 0.0 0.0 0.0 0.0 1.0 0.0 0.0 0.6996501749125437
44 43 38 0.0 0.0 0.0 0.0 1.0 0.0 0.0 0.6996501749125437
44 43 39 0.0 0.0 0.0 0.0 5.0 0.0 0.0 0.6982543640897755
44 43 40 0.0 0.0 0.0 0.0 6.0 0.0 0.0 0.6979062811565303
44 43 41 0.0 0.0 0.0 0.0 2.0 0.0 0.0 0.6993006993006992
45 37 40 0.0 0.0 0.0 0.0 5.0 0.0 0.0 0.6982543640897755
45 37 41 0.0 0.0 0.0 0.0 4.0 0.0 0.0 0.6986027944111775
45 38 39 0.0 0.0 0.0 0.0 1.0 0.0 0.0 0.6996501749125437
45 38 40 0.0 0.0 0.0 0.0 8.0 0.0 0.0 0.697211155378486
45 38 41 0.0 0.0 8.0 0.0 361.0 1.0 1.0 0.5912162162162161
45 39 39 0.0 0.0 0.0 0.0 3.0 0.0 0.0 0.6989515726410384
45 39 40 0.0 0.0 0.0 0.0 9.0 0.0 0.0 0.6968641114982577
45 39 41 0.0 0.0 0.0 0.0 10.0 0.0 0.0 0.6965174129353233
45 40 39 0.0 0.0 0.0 0.0 1.0 0.0 0.0 0.6996501749125437
45 40 40 0.0 0.0 0.0 0.0 3.0 0.0 0.0 0.6989515726410384
45 40 41 0.0 0.0 0.0 0.0 4.0 0.0 0.0 0.6986027944111775
45 41 38 0.0 0.0 0.0 0.0 2.0 0.0 0.0 0.6993006993006992
45 41 39 0.0 0.0 3.0 0.0 15.0 0.0 0.0 0.6937561942517343
45 41 40 0.0 0.0 0.0 0.0 2.0 0.0 0.0 0.6993006993006992
45 41 41 0.0 0.0 0.0 0.0 1.0 0.0 0.0 0.6996501749125437
45 42 39 0.0 0.0 0.0 0.0 1.0 0.0 0.0 0.6996501749125437
45 42 40 0.0 0.0 0.0 0.0 1.0 0.0 0.0 0.6996501749125437
45 43 39 0.0 0.0 1.0 0.0 11.0 0.0 0.0 0.6958250497017892
45 43 40 0.0 0.0 0.0 0.0 1.0 0.0 0.0 0.6996501749125437
