38 40 40 0.0 0.0 0.0 0.0 1.0 0.0 0.0 0.6996501749125437
39 39 39 0.0 0.0 1.0 0.0 40.0 0.0 0.0 0.6859382655560998
39 39 40 0.0 0.0 1.0 0.0 25.0 1.0 0.0 0.6913580246913579
39 39 41 0.0 0.0 2.0 0.0 54.0 1.0 0.0 0.6812652068126519
39 40 39 0.0 0.0 0.0 1.0 15.0 0.0 0.0 0.6944444444444444
39 40 40 0.0 0.0 62.0 0.0 1378.0 10.0 8.0 0.40816326530612235
39 40 41 0.0 0.0 0.0 1.0 19.0 0.0 0.0 0.6930693069306929
39 41 39 0.0 0.0 0.0 0.0 17.0 0.0 0.0 0.694100148735746
39 41 40 0.0 0.0 0.0 0.0 12.0 0.0 0.0 0.6958250497017892
39 41 41 0.0 0.0 0.0 1.0 25.0 0.0 0.0 0.6910167818361302
40 39 39 0.0 0.0 1.0 0.0 15.0 0.0 0.0 0.6944444444444444
40 39 40 0.0 0.0 0.0 0.0 17.0 0.0 0.0 0.694100148735746
40 39 41 0.0 0.0 0.0 0.0 11.0 0.0 0.0 0.6961710591745399
40 40 39 0.0 0.0 0.0 0.0 22.0 0.0 0.0 0.6923837784371908
40 40 40 11.0 13.0 430.0 224.0 8250.0 31.0 1251.0 0.12838147638697844
40 40 41 0.0 0.0 17.0 0.0 296.0 4.0 0.0 0.6063230835859679
40 41 39 0.0 0.0 0.0 0.0 13.0 0.0 0.0 0.695479384003974
40 41 40 0.0 0.0 0.0 0.0 23.0 0.0 0.0 0.6920415224913494
40 41 41 0.0 0.0 0.0 0.0 29.0 0.0 0.0 0.6899950714637751
41 39 39 0.0 0.0 5.0 0.0 84.0 0.0 0.0 0.6701771182383915
41 39 40 0.0 0.0 0.0 0.0 31.0 0.0 0.0 0.6893156080748399
41 39 41 0.0 0.0 0.0 0.0 6.0 0.0 0.0 0.6979062811565303
41 40 39 0.0 0.0 1.0 0.0 30.0 0.0 0.0 0.6893156080748399
41 40 40 0.0 0.0 0.0 0.0 35.0 0.0 0.0 0.6879606879606879
41 40 41 0.0 0.0 36.0 0.0 818.0 7.0 0.0 0.4917456972251492
41 41 39 0.0 0.0 1.0 0.0 13.0 0.0 0.0 0.6951340615690167
41 41 40 0.0 0.0 1.0 0.0 81.0 1.0 0.0 0.6727534839019701
41 41 41 0.0 0.0 0.0 0.0 17.0 0.0 0.0 0.694100148735746
