36 41 39 0.0 0.0 0.0 0.0 1.0 0.0 0.0 0.6996501749125437
36 42 43 0.0 0.0 0.0 0.0 2.0 0.0 0.0 0.6993006993006992
37 37 40 0.0 0.0 0.0 0.0 2.0 0.0 0.0 0.6993006993006992
37 38 38 0.0 0.0 0.0 0.0 8.0 0.0 0.0 0.697211155378486
37 38 39 0.0 0.0 16.0 0.0 229.0 2.0 0.0 0.6241640659830583
37 38 40 0.0 0.0 0.0 0.0 31.0 0.0 0.0 0.6893156080748399
37 38 41 0.0 0.0 16.0 0.0 301.0 5.0 0.0 0.6055363321799306
37 39 38 0.0 0.0 0.0 0.0 17.0 0.0 0.0 0.694100148735746
37 39 39 0.0 0.0 1.0 0.0 56.0 3.0 0.0 0.6815968841285296
37 39 40 0.0 0.0 0.0 0.0 43.0 0.0 0.0 0.6852667645619186
37 39 41 0.0 0.0 0.0 0.0 29.0 0.0 0.0 0.6899950714637751
37 39 42 0.0 0.0 0.0 0.0 3.0 0.0 0.0 0.6989515726410384
37 40 38 0.0 0.0 0.0 0.0 20.0 0.0 0.0 0.6930693069306929
37 40 39 0.0 0.0 42.0 0.0 862.0 9.0 3.0 0.4835924006908462
37 40 40 0.0 0.0 0.0 0.0 58.0 0.0 1.0 0.6802721088435373
37 40 41 0.0 0.0 1.0 0.0 82.0 0.0 0.0 0.6721075372059528
37 41 38 0.0 0.0 0.0 0.0 8.0 0.0 0.0 0.697211155378486
37 41 39 0.0 0.0 1.0 0.0 36.0 0.0 0.0 0.6872852233676975
37 41 40 0.0 0.0 1.0 0.0 103.0 1.0 0.0 0.6657156443176413
37 41 41 0.0 0.0 4.0 0.0 57.0 0.0 0.0 0.6792819019893255
37 41 42 0.0 0.0 53.0 0.0 1208.0 10.0 8.0 0.4306367271608735
37 42 38 0.0 0.0 0.0 0.0 1.0 0.0 0.0 0.6996501749125437
37 42 39 0.0 0.0 0.0 0.0 21.0 0.0 0.0 0.6927263730826323
37 42 40 0.0 0.0 2.0 0.0 26.0 0.0 0.0 0.690335305719921
37 42 41 0.0 0.0 0.0 0.0 12.0 0.0 0.0 0.6958250497017892
37 43 39 0.0 0.0 0.0 0.0 1.0 0.0 0.0 0.6996501749125437
37 43 40 0.0 0.0 0.0 0.0 3.0 0.0 0.0 0.6989515726410384
38 37 39 0.0 0.0 0.0 0.0 1.0 0.0 0.0 0.6996501749125437
38 37 40 0.0 0.0 0.0 0.0 2.0 0.0 0.0 0.6993006993006992
38 37 41 0.0 0.0 1.0 0.0 19.0 0.0 0.0 0.6930693069306929
38 38 37 0.0 0.0 0.0 0.0 1.0 0.0 0.0 0.6996501749125437
38 38 38 0.0 0.0 34.0 0.0 830.0 4.0 3.0 0.4895104895104894
38 38 39 0.0 0.0 8.0 0.0 269.0 4.0 0.0 0.6159260888693356
38 38 40 0.0 0.0 0.0 0.0 149.0 0.0 0.0 0.6514657980456026
38 38 41 0.0 0.0 20.0 0.0 509.0 6.0 3.0 0.5548949663099484
38 38 42 0.0 0.0 0.0 0.0 37.0 0.0 0.0 0.6872852233676975
38 39 37 0.0 0.0 0.0 0.0 1.0 0.0 0.0 0.6996501749125437
38 39 38 0.0 0.0 0.0 0.0 108.0 0.0 0.0 0.6641366223908918
38 39 39 0.0 0.0 316.0 0.0 7032.0 20.0 734.0 0.14997321906802355
38 39 40 0.0 0.0 373.0 0.0 7500.0 34.0 813.0 0.14224751066856328
38 39 41 0.0 0.0 21.0 0.0 783.0 6.0 6.0 0.5003573981415296
38 39 42 0.0 0.0 0.0 0.0 58.0 0.0 0.0 0.6802721088435373
38 40 37 0.0 0.0 0.0 0.0 2.0 0.0 0.0 0.6993006993006992
38 40 38 0.0 0.0 2.0 0.0 65.0 0.0 0.0 0.6773101112723753
38 40 39 0.0 0.0 202.0 0.0 3894.0 22.0 112.0 0.23049061573921628
38 40 40 0.0 0.0 192.0 0.0 4351.0 17.0 155.0 0.21452650934722645
38 40 41 0.0 0.0 175.0 0.0 4126.0 16.0 151.0 0.2226817241927787
38 40 42 0.0 0.0 4.0 0.0 77.0 2.0 0.0 0.6734006734006733
38 40 43 0.0 0.0 0.0 0.0 2.0 0.0 0.0 0.6993006993006992
38 41 38 0.0 0.0 0.0 3.0 37.0 0.0 0.0 0.6862745098039215
38 41 39 0.0 0.0 112.0 0.0 3041.0 9.0 88.0 0.27210884353741494
38 41 40 0.0 0.0 384.0 0.0 8208.0 14.0 1306.0 0.13220018885741264
38 41 41 0.0 0.0 69.0 0.0 1457.0 13.0 14.0 0.39840637450199196
38 41 42 0.0 0.0 6.0 0.0 111.0 2.0 0.0 0.6619385342789597
38 41 43 0.0 0.0 0.0 0.0 1.0 0.0 0.0 0.6996501749125437
38 42 38 0.0 0.0 0.0 0.0 10.0 0.0 0.0 0.6965174129353233
38 42 39 0.0 0.0 36.0 0.0 659.0 8.0 1.0 0.5212211466865226
38 42 40 0.0 0.0 101.0 0.0 2475.0 10.0 39.0 0.3065469673746441
38 42 41 0.0 0.0 24.0 0.0 469.0 4.0 0.0 0.5624748895138609
38 42 42 0.0 0.0 0.0 0.0 18.0 1.0 0.0 0.694100148735746
38 43 39 0.0 0.0 1.0 0.0 28.0 0.0 0.0 0.6899950714637751
38 43 40 0.0 0.0 0.0 0.0 5.0 0.0 0.0 0.6982543640897755
38 43 41 0.0 0.0 0.0 0.0 2.0 0.0 0.0 0.6993006993006992
39 37 37 0.0 0.0 0.0 0.0 2.0 0.0 0.0 0.6993006993006992
39 37 38 0.0 0.0 0.0 0.0 10.0 0.0 0.0 0.6965174129353233
39 37 39 0.0 0.0 0.0 0.0 13.0 0.0 0.0 0.695479384003974
39 37 40 0.0 0.0 7.0 0.0 120.0 2.0 0.0 0.6588235294117646
39 37 41 0.0 0.0 7.0 0.0 67.0 1.0 0.0 0.6753497346840327
39 37 42 0.0 0.0 0.0 0.0 1.0 0.0 0.0 0.6996501749125437
39 38 37 0.0 0.0 3.0 0.0 58.0 2.0 0.0 0.6799417192812044
39 38 38 0.0 0.0 6.0 0.0 163.0 3.0 0.0 0.6463527239150507
39 38 39 0.0 0.0 22.0 0.0 623.0 5.0 1.0 0.5299015897047691
39 38 40 0.0 0.0 224.0 0.0 4905.0 19.0 207.0 0.1968227189652748
39 38 41 0.0 0.0 3.0 0.0 203.0 1.0 0.0 0.6349206349206349
39 38 42 0.0 0.0 6.0 0.0 222.0 0.0 0.0 0.6283662477558347
39 38 43 0.0 0.0 0.0 0.0 9.0 0.0 0.0 0.6968641114982577
39 39 36 0.0 0.0 0.0 0.0 2.0 0.0 0.0 0.6993006993006992
39 39 37 0.0 0.0 1.0 0.0 21.0 1.0 0.0 0.6927263730826323
39 39 38 0.0 0.0 115.0 0.0 2361.0 12.0 38.0 0.31354983202687564
39 39 39 0.0 0.0 386.0 3.0 8753.0 21.0 1715.0 0.12582007728947603
39 39 40 0.0 0.0 373.0 8.0 7926.0 22.0 1086.0 0.13605442176870744
39 39 41 0.0 0.0 514.0 2.0 9821.0 23.0 2633.0 0.11359948068808828
39 39 42 0.0 0.0 4.0 0.0 259.0 0.0 0.0 0.618647812638091
39 39 43 0.0 0.0 0.0 0.0 2.0 0.0 0.0 0.6993006993006992
39 40 37 0.0 0.0 2.0 0.0 39.0 0.0 0.0 0.6859382655560998
39 40 38 0.0 0.0 106.0 1.0 2547.0 12.0 46.0 0.3015941404566997
39 40 39 0.0 0.0 422.0 9.0 8949.0 18.0 1685.0 0.12314187703403992
39 40 40 0.0 1.0 982.0 10.0 12630.0 26.0 9185.0 0.08958853266781851
39 40 41 0.0 0.0 230.0 9.0 5451.0 14.0 326.0 0.18231540565177756
39 40 42 0.0 0.0 2.0 1.0 180.0 2.0 0.0 0.6424965580541532
39 40 43 0.0 0.0 0.0 0.0 6.0 0.0 0.0 0.6979062811565303
39 41 37 0.0 0.0 0.0 0.0 2.0 0.0 0.0 0.6993006993006992
39 41 38 0.0 0.0 0.0 0.0 71.0 0.0 1.0 0.6760019314340897
39 41 39 0.0 0.0 199.0 41.0 4174.0 21.0 170.0 0.21892103205629398
39 41 40 0.0 0.0 512.0 5.0 10183.0 21.0 2949.0 0.1103230890464933
39 41 41 0.0 0.0 214.0 17.0 5088.0 21.0 318.0 0.1917808219178082
39 41 42 0.0 0.0 64.0 0.0 1893.0 8.0 22.0 0.3546099290780141
39 41 43 0.0 0.0 4.0 0.0 42.0 1.0 0.0 0.684931506849315
39 42 38 0.0 0.0 0.0 0.0 4.0 0.0 0.0 0.6986027944111775
39 42 39 0.0 0.0 0.0 0.0 106.0 1.0 0.0 0.6653992395437262
39 42 40 0.0 0.0 26.0 16.0 679.0 6.0 0.0 0.5156537753222835
39 42 41 0.0 0.0 103.0 1.0 2273.0 9.0 28.0 0.32043945983062483
39 42 42 0.0 0.0 0.0 2.0 25.0 0.0 0.0 0.6906758756783422
39 42 43 0.0 0.0 0.0 0.0 1.0 0.0 0.0 0.0
39 43 37 0.0 0.0 0.0 0.0 2.0 0.0 0.0 0.6993006993006992
39 43 39 0.0 0.0 0.0 0.0 2.0 0.0 0.0 0.6993006993006992
39 43 40 0.0 0.0 0.0 0.0 11.0 0.0 0.0 0.6961710591745399
39 43 41 0.0 0.0 0.0 0.0 2.0 0.0 0.0 0.6993006993006992
40 37 37 0.0 0.0 0.0 0.0 2.0 0.0 0.0 0.6993006993006992
40 37 38 0.0 0.0 0.0 0.0 14.0 0.0 0.0 0.695479384003974
40 37 39 0.0 0.0 0.0 0.0 11.0 0.0 0.0 0.6961710591745399
40 37 40 0.0 0.0 0.0 0.0 9.0 0.0 0.0 0.6968641114982577
40 37 41 0.0 0.0 0.0 0.0 12.0 0.0 0.0 0.6958250497017892
40 37 42 0.0 0.0 0.0 0.0 3.0 1.0 0.0 0.6993006993006992
40 38 37 0.0 0.0 37.0 0.0 854.0 7.0 6.0 0.48526863084922
40 38 38 0.0 0.0 228.0 0.0 5553.0 11.0 346.0 0.1800874710573707
40 38 39 0.0 0.0 76.0 0.0 1650.0 13.0 16.0 0.3770535954753568
40 38 40 0.0 0.0 78.0 0.0 1612.0 21.0 9.0 0.3815753611338239
40 38 41 0.0 0.0 98.0 0.0 2659.0 13.0 70.0 0.29517183217372966
40 38 42 0.0 0.0 12.0 0.0 298.0 3.0 0.0 0.6068487212830515
40 38 43 0.0 0.0 0.0 0.0 3.0 0.0 0.0 0.6989515726410384
40 39 37 0.0 0.0 10.0 0.0 101.0 4.0 0.0 0.6644518272425248
40 39 38 0.0 0.0 180.0 0.0 4237.0 12.0 155.0 0.2185110035898236
40 39 39 0.0 0.0 482.0 3.0 9590.0 17.0 2219.0 0.11595163160510186
40 39 40 0.0 0.0 353.0 4.0 7520.0 20.0 863.0 0.14204545454545453
40 39 41 0.0 2.0 306.0 14.0 7532.0 20.0 967.0 0.14227642276422764
40 39 42 0.0 0.0 200.0 1.0 4834.0 21.0 299.0 0.1995438996579247
40 39 43 0.0 0.0 0.0 0.0 15.0 0.0 0.0 0.694789081885856
40 40 37 0.0 0.0 12.0 0.0 453.0 7.0 2.0 0.5695687550854353
40 40 38 0.0 0.0 277.0 0.0 5997.0 21.0 444.0 0.16955310645512894
40 40 39 0.0 2.0 542.0 17.0 10106.0 19.0 2444.0 0.11061072924073634
40 40 40 11.0 35.0 1538.0 493.0 12025.0 44.0 24702.0 0.08695112104838207
40 40 41 0.0 0.0 844.0 5.0 12493.0 20.0 7023.0 0.09124682265528253
40 40 42 0.0 0.0 161.0 0.0 3829.0 20.0 106.0 0.23442732752846618
40 40 43 0.0 0.0 0.0 0.0 16.0 0.0 0.0 0.6944444444444444
40 41 37 0.0 0.0 4.0 0.0 127.0 1.0 0.0 0.6572769953051641
40 41 38 0.0 0.0 19.0 1.0 443.0 4.0 0.0 0.5693371289141926
40 41 39 0.0 0.0 205.0 0.0 4860.0 14.0 242.0 0.19849709343541752
40 41 40 0.0 2.0 393.0 16.0 7996.0 19.0 1025.0 0.13468013468013465
40 41 41 0.0 119.0 245.0 2726.0 4775.0 20.0 740.0 0.14210312626877789
40 41 42 0.0 0.0 179.0 1.0 4036.0 18.0 148.0 0.2258793159083575
40 41 43 0.0 0.0 0.0 0.0 3.0 0.0 0.0 0.6989515726410384
40 42 37 0.0 0.0 0.0 0.0 1.0 0.0 0.0 0.6996501749125437
40 42 38 0.0 0.0 51.0 0.0 1376.0 8.0 7.0 0.4094764551038315
40 42 39 0.0 0.0 7.0 0.0 380.0 4.0 1.0 0.5874947545111203
40 42 40 0.0 0.0 233.0 6.0 4792.0 22.0 226.0 0.199657729606389
40 42 41 0.0 0.0 17.0 0.0 469.0 5.0 0.0 0.5642885933091495
40 42 42 0.0 0.0 0.0 7.0 20.0 0.0 0.0 0.6906758756783422
40 42 43 0.0 0.0 4.0 0.0 28.0 2.0 0.0 0.689655172413793
40 43 39 0.0 0.0 0.0 0.0 8.0 0.0 0.0 0.697211155378486
40 43 40 0.0 0.0 0.0 0.0 7.0 0.0 0.0 0.6975585450921773
40 43 41 0.0 0.0 1.0 0.0 16.0 0.0 0.0 0.694100148735746
40 43 42 0.0 0.0 0.0 0.0 1.0 0.0 0.0 0.6996501749125437
41 37 37 0.0 0.0 1.0 0.0 26.0 1.0 0.0 0.6910167818361302
41 37 38 0.0 0.0 0.0 0.0 8.0 0.0 0.0 0.697211155378486
41 37 39 0.0 0.0 18.0 0.0 383.0 4.0 0.0 0.5840634125990821
41 37 40 0.0 0.0 0.0 0.0 12.0 0.0 0.0 0.6958250497017892
41 37 41 0.0 0.0 0.0 0.0 7.0 0.0 0.0 0.6975585450921773
41 37 42 0.0 0.0 0.0 0.0 1.0 0.0 0.0 0.6996501749125437
41 38 37 0.0 0.0 0.0 0.0 11.0 0.0 0.0 0.6961710591745399
41 38 38 0.0 0.0 117.0 0.0 2690.0 17.0 56.0 0.2921535893155258
41 38 39 0.0 0.0 15.0 0.0 350.0 2.0 0.0 0.5924672027084215
41 38 40 0.0 0.0 11.0 0.0 533.0 3.0 0.0 0.5511811023622046
41 38 41 0.0 0.0 4.0 0.0 193.0 2.0 1.0 0.6378132118451024
41 38 42 0.0 0.0 15.0 0.0 396.0 3.0 0.0 0.5816368923971748
41 38 43 0.0 0.0 0.0 0.0 6.0 0.0 0.0 0.6979062811565303
41 39 37 0.0 0.0 0.0 0.0 24.0 0.0 0.0 0.6916996047430829
41 39 38 0.0 0.0 117.0 0.0 2575.0 13.0 31.0 0.29920923274203887
41 39 39 0.0 0.0 682.0 0.0 11342.0 28.0 4276.0 0.09991435912075362
41 39 40 0.0 0.0 365.0 2.0 7554.0 20.0 825.0 0.14135702746365103
41 39 41 0.0 1.0 679.0 5.0 11276.0 32.0 3869.0 0.10035842293906809
41 39 42 0.0 0.0 214.0 0.0 4834.0 19.0 250.0 0.19908987485779292
41 39 43 0.0 0.0 1.0 0.0 14.0 0.0 0.0 0.694789081885856
41 40 36 0.0 0.0 0.0 0.0 1.0 0.0 0.0 0.6996501749125437
41 40 37 0.0 0.0 12.0 0.0 207.0 2.0 0.0 0.6320541760722347
41 40 38 0.0 0.0 101.0 0.0 2265.0 16.0 36.0 0.32183908045977005
41 40 39 0.0 0.0 474.0 4.0 9140.0 24.0 1671.0 0.12063765618267985
41 40 40 0.0 0.0 263.0 9.0 6243.0 17.0 514.0 0.16464777137480888
41 40 41 0.0 0.0 769.0 1.0 12017.0 30.0 6371.0 0.094684160692547
41 40 42 0.0 0.0 220.0 0.0 4208.0 17.0 160.0 0.21830656479026975
41 40 43 0.0 0.0 0.0 0.0 15.0 0.0 0.0 0.694789081885856
41 41 36 0.0 0.0 0.0 0.0 3.0 0.0 0.0 0.6989515726410384
41 41 37 0.0 0.0 47.0 0.0 1023.0 11.0 2.0 0.45766590389016015
41 41 38 0.0 0.0 133.0 0.0 2877.0 18.0 49.0 0.28039254956939713
41 41 39 0.0 0.0 622.0 2.0 10475.0 21.0 2669.0 0.10693553315001528
41 41 40 0.0 0.0 569.0 2.0 10404.0 24.0 3026.0 0.10796637618570216
41 41 41 0.0 0.0 306.0 6.0 6854.0 17.0 719.0 0.1529051987767584
41 41 42 0.0 0.0 1.0 3.0 272.0 1.0 0.0 0.6153846153846153
41 41 43 0.0 0.0 0.0 0.0 10.0 0.0 0.0 0.6965174129353233
41 42 37 0.0 0.0 0.0 0.0 2.0 0.0 0.0 0.6993006993006992
41 42 38 0.0 0.0 0.0 0.0 42.0 0.0 0.0 0.6856023506366307
41 42 39 0.0 0.0 1.0 0.0 145.0 1.0 0.0 0.6529850746268656
41 42 40 0.0 0.0 37.0 2.0 775.0 8.0 1.0 0.49893086243763357
41 42 41 0.0 0.0 3.0 4.0 132.0 2.0 0.0 0.6551240056153486
41 42 42 0.0 0.0 16.0 1.0 332.0 3.0 1.0 0.5967604433077578
41 42 43 0.0 0.0 0.0 0.0 1.0 0.0 0.0 0.6996501749125437
41 43 38 0.0 0.0 0.0 0.0 1.0 0.0 0.0 0.6996501749125437
41 43 39 0.0 0.0 0.0 0.0 8.0 0.0 0.0 0.697211155378486
41 43 40 0.0 0.0 0.0 0.0 9.0 0.0 0.0 0.6968641114982577
41 43 41 0.0 0.0 0.0 0.0 9.0 0.0 0.0 0.6968641114982577
41 43 42 0.0 0.0 0.0 0.0 1.0 0.0 0.0 0.6996501749125437
42 37 37 0.0 0.0 0.0 0.0 2.0 0.0 0.0 0.6993006993006992
42 37 38 0.0 0.0 0.0 0.0 6.0 0.0 0.0 0.6979062811565303
42 37 39 0.0 0.0 3.0 0.0 22.0 1.0 0.0 0.6916996047430829
42 37 40 0.0 0.0 0.0 0.0 3.0 0.0 0.0 0.6989515726410384
42 38 37 0.0 0.0 0.0 0.0 2.0 0.0 0.0 0.6993006993006992
42 38 38 0.0 0.0 81.0 0.0 1706.0 11.0 23.0 0.3707627118644067
42 38 39 0.0 0.0 170.0 0.0 3939.0 14.0 130.0 0.22962112514351318
42 38 40 0.0 0.0 9.0 0.0 384.0 1.0 1.0 0.5852842809364547
42 38 41 0.0 0.0 8.0 0.0 186.0 1.0 0.0 0.6383948928408572
42 38 42 0.0 0.0 0.0 0.0 36.0 1.0 0.0 0.6879606879606879
42 38 43 0.0 0.0 1.0 0.0 10.0 0.0 0.0 0.6961710591745399
42 39 37 0.0 0.0 2.0 0.0 39.0 0.0 0.0 0.6859382655560998
42 39 38 0.0 0.0 5.0 0.0 230.0 1.0 0.0 0.6266786034019695
42 39 39 0.0 0.0 64.0 0.0 1670.0 11.0 20.0 0.37604082728981997
42 39 40 0.0 0.0 32.0 0.0 645.0 7.0 1.0 0.5243445692883895
42 39 41 0.0 0.0 74.0 0.0 1739.0 11.0 15.0 0.3683241252302025
42 39 42 0.0 0.0 190.0 0.0 4556.0 21.0 222.0 0.20805468866101942
42 39 43 0.0 0.0 6.0 0.0 84.0 1.0 0.0 0.6701771182383915
42 40 37 0.0 0.0 1.0 0.0 38.0 0.0 0.0 0.6866110838646394
42 40 38 0.0 0.0 306.0 0.0 6111.0 28.0 429.0 0.1667659321024419
42 40 39 0.0 0.0 281.0 0.0 5386.0 22.0 289.0 0.18312622629169392
42 40 40 0.0 0.0 384.0 0.0 8344.0 23.0 1174.0 0.130718954248366
42 40 41 0.0 0.0 84.0 0.0 1738.0 10.0 16.0 0.36726128016789084
42 40 42 0.0 0.0 74.0 1.0 1925.0 8.0 23.0 0.3507014028056112
42 40 43 0.0 0.0 0.0 0.0 9.0 0.0 0.0 0.6968641114982577
42 41 37 0.0 0.0 0.0 0.0 11.0 0.0 0.0 0.6961710591745399
42 41 38 0.0 0.0 0.0 0.0 70.0 0.0 0.0 0.6763285024154588
42 41 39 0.0 0.0 103.0 0.0 3011.0 13.0 60.0 0.27445598902176044
42 41 40 0.0 0.0 15.0 0.0 491.0 3.0 0.0 0.5599999999999999
42 41 41 0.0 0.0 304.0 0.0 6686.0 24.0 608.0 0.15611061552185546
42 41 42 0.0 0.0 38.0 0.0 884.0 5.0 5.0 0.4799451491258141
42 41 43 0.0 0.0 0.0 0.0 8.0 0.0 0.0 0.697211155378486
42 42 38 0.0 0.0 8.0 0.0 331.0 2.0 2.0 0.5990586221651689
42 42 39 0.0 0.0 22.0 0.0 651.0 4.0 0.0 0.5245410266017234
42 42 40 0.0 0.0 159.0 0.0 3812.0 14.0 133.0 0.23497818059751588
42 42 41 0.0 0.0 13.0 0.0 260.0 3.0 1.0 0.6167400881057268
42 42 42 0.0 0.0 10.0 0.0 228.0 5.0 0.0 0.6272401433691756
42 43 39 0.0 0.0 0.0 0.0 1.0 0.0 0.0 0.6996501749125437
42 43 40 0.0 0.0 0.0 0.0 7.0 0.0 0.0 0.6975585450921773
42 43 41 0.0 0.0 0.0 0.0 2.0 0.0 0.0 0.6993006993006992
43 37 38 0.0 0.0 0.0 0.0 3.0 0.0 0.0 0.6989515726410384
43 37 39 0.0 0.0 0.0 0.0 2.0 0.0 0.0 0.6993006993006992
43 37 40 0.0 0.0 0.0 0.0 2.0 0.0 0.0 0.6993006993006992
43 38 37 0.0 0.0 0.0 0.0 1.0 0.0 0.0 0.6996501749125437
43 38 38 0.0 0.0 0.0 0.0 1.0 0.0 0.0 0.6996501749125437
43 38 39 0.0 0.0 1.0 0.0 6.0 0.0 0.0 0.6975585450921773
43 38 40 0.0 0.0 0.0 0.0 9.0 0.0 0.0 0.6968641114982577
43 38 41 0.0 0.0 0.0 0.0 3.0 0.0 0.0 0.6989515726410384
43 38 42 0.0 0.0 0.0 0.0 14.0 0.0 0.0 0.6951340615690167
43 38 43 0.0 0.0 0.0 0.0 3.0 0.0 0.0 0.6989515726410384
43 39 37 0.0 0.0 0.0 0.0 8.0 0.0 0.0 0.697211155378486
43 39 38 0.0 0.0 0.0 0.0 11.0 0.0 0.0 0.6961710591745399
43 39 39 0.0 0.0 6.0 0.0 126.0 1.0 0.0 0.6572769953051641
43 39 40 0.0 0.0 19.0 0.0 817.0 6.0 5.0 0.4945249028611797
43 39 41 0.0 0.0 0.0 0.0 32.0 0.0 0.0 0.6889763779527558
43 39 42 0.0 0.0 1.0 0.0 16.0 1.0 0.0 0.6944444444444444
43 39 43 0.0 0.0 0.0 0.0 5.0 0.0 0.0 0.6982543640897755
43 40 37 0.0 0.0 0.0 0.0 3.0 0.0 0.0 0.6989515726410384
43 40 38 0.0 0.0 4.0 0.0 54.0 2.0 0.0 0.6809338521400777
43 40 39 0.0 0.0 3.0 0.0 52.0 1.0 0.0 0.6815968841285296
43 40 40 0.0 0.0 5.0 0.0 110.0 0.0 0.0 0.662251655629139
43 40 41 0.0 0.0 0.0 0.0 60.0 0.0 0.0 0.6796116504854368
43 40 42 0.0 0.0 0.0 0.0 18.0 0.0 0.0 0.6937561942517343
43 40 43 0.0 0.0 1.0 0.0 4.0 0.0 0.0 0.6982543640897755
43 41 37 0.0 0.0 0.0 0.0 1.0 0.0 0.0 0.6996501749125437
43 41 38 0.0 0.0 0.0 0.0 6.0 0.0 0.0 0.6979062811565303
43 41 39 0.0 0.0 11.0 0.0 272.0 5.0 0.0 0.6145741878841088
43 41 40 0.0 0.0 5.0 0.0 129.0 1.0 0.0 0.6563525550867322
43 41 41 0.0 0.0 1.0 0.0 38.0 0.0 0.0 0.6866110838646394
43 41 42 0.0 0.0 0.0 0.0 15.0 0.0 0.0 0.694789081885856
43 41 43 0.0 0.0 0.0 0.0 1.0 0.0 0.0 0.6996501749125437
43 42 38 0.0 0.0 0.0 0.0 3.0 0.0 0.0 0.6989515726410384
43 42 39 0.0 0.0 0.0 0.0 6.0 0.0 0.0 0.6979062811565303
43 42 40 0.0 0.0 3.0 0.0 83.0 1.0 0.0 0.6714628297362109
43 42 41 0.0 0.0 0.0 0.0 3.0 0.0 0.0 0.6989515726410384
43 42 42 0.0 0.0 0.0 0.0 9.0 0.0 0.0 0.6968641114982577
43 43 37 0.0 0.0 0.0 0.0 1.0 0.0 0.0 0.6996501749125437
43 43 39 0.0 0.0 0.0 0.0 3.0 0.0 0.0 0.6989515726410384
43 43 40 0.0 0.0 0.0 0.0 1.0 0.0 0.0 0.6996501749125437
43 43 41 0.0 0.0 0.0 0.0 1.0 0.0 0.0 0.6996501749125437
44 38 40 0.0 0.0 2.0 0.0 43.0 1.0 0.0 0.684931506849315
44 42 39 0.0 0.0 1.0 0.0 9.0 1.0 0.0 0.6968641114982577
