33 39 37 0.0 0.0 0.0 0.0 1.0 0.0 0.0 0.6996501749125437
33 39 38 0.0 0.0 0.0 0.0 1.0 0.0 0.0 0.6996501749125437
33 39 39 0.0 0.0 0.0 0.0 3.0 0.0 0.0 0.6989515726410384
33 40 37 0.0 0.0 1.0 0.0 17.0 1.0 0.0 0.694100148735746
33 40 38 0.0 0.0 0.0 0.0 8.0 0.0 0.0 0.697211155378486
33 41 37 0.0 0.0 0.0 0.0 3.0 0.0 0.0 0.6989515726410384
33 41 38 0.0 0.0 0.0 0.0 5.0 0.0 0.0 0.6982543640897755
33 41 39 0.0 0.0 0.0 0.0 4.0 0.0 0.0 0.6986027944111775
33 42 37 0.0 0.0 0.0 0.0 1.0 0.0 0.0 0.6996501749125437
33 42 38 0.0 0.0 3.0 0.0 68.0 1.0 0.0 0.6763285024154588
33 42 39 0.0 0.0 0.0 0.0 2.0 0.0 0.0 0.6993006993006992
33 43 37 0.0 0.0 0.0 0.0 1.0 0.0 0.0 0.6996501749125437
33 43 38 0.0 0.0 0.0 0.0 3.0 0.0 0.0 0.6989515726410384
33 43 39 0.0 0.0 8.0 0.0 151.0 2.0 0.0 0.6490496059341677
33 43 40 0.0 0.0 4.0 0.0 27.0 2.0 0.0 0.6899950714637751
34 37 36 0.0 0.0 1.0 0.0 12.0 0.0 0.0 0.695479384003974
34 37 38 0.0 0.0 0.0 0.0 2.0 0.0 0.0 0.6993006993006992
34 38 36 0.0 0.0 0.0 0.0 4.0 0.0 0.0 0.6986027944111775
34 38 37 0.0 0.0 0.0 0.0 9.0 0.0 0.0 0.6968641114982577
34 38 38 0.0 0.0 3.0 0.0 75.0 1.0 0.0 0.6740491092922483
34 38 39 0.0 0.0 0.0 0.0 2.0 0.0 0.0 0.6993006993006992
34 38 40 0.0 0.0 0.0 0.0 4.0 0.0 0.0 0.6986027944111775
34 38 41 0.0 0.0 0.0 0.0 2.0 0.0 0.0 0.6993006993006992
34 39 36 0.0 0.0 1.0 0.0 2.0 0.0 0.0 0.6989515726410384
34 39 37 0.0 0.0 2.0 0.0 44.0 2.0 0.0 0.684931506849315
34 39 38 0.0 0.0 1.0 0.0 67.0 0.0 0.0 0.6773101112723753
34 39 39 0.0 0.0 2.0 0.0 64.0 0.0 0.0 0.6776379477250725
34 39 40 0.0 0.0 0.0 0.0 19.0 0.0 0.0 0.6934125804853887
34 39 41 0.0 0.0 0.0 0.0 2.0 0.0 0.0 0.6993006993006992
34 39 42 0.0 0.0 0.0 0.0 5.0 0.0 0.0 0.6982543640897755
34 40 37 0.0 0.0 3.0 0.0 31.0 2.0 0.0 0.6889763779527558
34 40 38 0.0 0.0 155.0 0.0 3528.0 13.0 95.0 0.24695713529723054
34 40 39 0.0 0.0 36.0 0.0 834.0 7.0 3.0 0.4889975550122249
34 40 40 0.0 0.0 3.0 0.0 105.0 1.0 0.0 0.6644518272425248
34 40 41 0.0 0.0 0.0 0.0 2.0 0.0 0.0 0.6993006993006992
34 40 42 0.0 0.0 1.0 0.0 49.0 0.0 0.0 0.6829268292682925
34 40 43 0.0 0.0 0.0 0.0 2.0 0.0 0.0 0.6993006993006992
34 41 37 0.0 0.0 0.0 0.0 7.0 0.0 0.0 0.6975585450921773
34 41 38 0.0 0.0 0.0 0.0 59.0 0.0 0.0 0.6799417192812044
34 41 39 0.0 0.0 24.0 0.0 307.0 10.0 0.0 0.6034482758620688
34 41 40 0.0 0.0 2.0 0.0 34.0 0.0 0.0 0.6876227897838899
34 41 41 0.0 0.0 0.0 0.0 5.0 0.0 0.0 0.6982543640897755
34 41 42 0.0 0.0 0.0 0.0 2.0 0.0 0.0 0.6993006993006992
34 41 43 0.0 0.0 0.0 0.0 4.0 0.0 0.0 0.6986027944111775
34 41 45 0.0 0.0 0.0 0.0 2.0 0.0 0.0 0.6993006993006992
34 42 37 0.0 0.0 0.0 0.0 4.0 0.0 0.0 0.6986027944111775
34 42 38 0.0 0.0 132.0 0.0 2698.0 18.0 40.0 0.29087886972782045
34 42 39 0.0 0.0 159.0 0.0 3516.0 18.0 97.0 0.24752475247524747
34 42 40 0.0 0.0 0.0 0.0 18.0 0.0 0.0 0.6937561942517343
34 42 41 0.0 0.0 0.0 0.0 1.0 0.0 0.0 0.6996501749125437
34 42 42 0.0 0.0 0.0 0.0 4.0 0.0 0.0 0.6986027944111775
34 42 43 0.0 0.0 0.0 0.0 3.0 0.0 0.0 0.6989515726410384
34 42 44 0.0 0.0 0.0 0.0 1.0 0.0 0.0 0.6996501749125437
34 43 37 0.0 0.0 0.0 0.0 1.0 0.0 0.0 0.6996501749125437
34 43 38 0.0 0.0 0.0 0.0 3.0 0.0 0.0 0.6989515726410384
34 43 39 0.0 0.0 0.0 0.0 10.0 0.0 0.0 0.6965174129353233
34 43 40 0.0 0.0 0.0 0.0 3.0 0.0 0.0 0.6989515726410384
34 43 41 0.0 0.0 0.0 0.0 5.0 0.0 0.0 0.6982543640897755
34 43 42 0.0 0.0 0.0 0.0 2.0 0.0 0.0 0.6993006993006992
34 44 42 0.0 0.0 0.0 0.0 4.0 0.0 0.0 0.6986027944111775
35 35 36 0.0 0.0 0.0 0.0 1.0 0.0 0.0 0.6996501749125437
35 35 37 0.0 0.0 0.0 0.0 4.0 0.0 0.0 0.6986027944111775
35 36 36 0.0 0.0 0.0 0.0 4.0 0.0 0.0 0.6986027944111775
35 36 37 0.0 0.0 0.0 0.0 2.0 0.0 0.0 0.6993006993006992
35 36 38 0.0 0.0 0.0 0.0 10.0 0.0 0.0 0.6965174129353233
35 36 39 0.0 0.0 0.0 0.0 15.0 0.0 0.0 0.6951340615690167
35 36 40 0.0 0.0 15.0 0.0 402.0 3.0 0.0 0.579950289975145
35 36 41 0.0 0.0 0.0 0.0 18.0 0.0 0.0 0.694100148735746
35 36 42 0.0 0.0 0.0 0.0 9.0 0.0 0.0 0.6968641114982577
35 37 36 0.0 0.0 0.0 0.0 1.0 0.0 0.0 0.6996501749125437
35 37 37 0.0 0.0 0.0 0.0 8.0 0.0 0.0 0.697211155378486
35 37 38 0.0 0.0 7.0 0.0 166.0 3.0 0.0 0.6451612903225805
35 37 39 0.0 0.0 1.0 0.0 48.0 0.0 0.0 0.6832601268911663
35 37 40 0.0 0.0 1.0 0.0 48.0 1.0 0.0 0.6835937499999999
35 37 41 0.0 0.0 1.0 0.0 37.0 0.0 0.0 0.6869479882237487
35 37 42 0.0 0.0 0.0 0.0 27.0 0.0 0.0 0.6906758756783422
35 38 36 0.0 0.0 0.0 0.0 3.0 0.0 0.0 0.6989515726410384
35 38 37 0.0 0.0 136.0 0.0 2409.0 18.0 29.0 0.3092555776452396
35 38 38 0.0 0.0 1.0 0.0 86.0 0.0 0.0 0.670819357930043
35 38 39 0.0 0.0 3.0 0.0 167.0 1.0 0.0 0.6457564575645756
35 38 40 0.0 0.0 10.0 0.0 221.0 6.0 0.0 0.6292134831460673
35 38 41 0.0 0.0 37.0 0.0 724.0 9.0 3.0 0.5089058524173027
35 38 42 0.0 0.0 30.0 0.0 517.0 10.0 0.0 0.5518328734726053
35 38 43 0.0 0.0 13.0 0.0 209.0 1.0 1.0 0.6303466906798738
35 38 44 0.0 0.0 0.0 0.0 3.0 0.0 0.0 0.6989515726410384
35 39 36 0.0 0.0 0.0 0.0 6.0 0.0 0.0 0.6979062811565303
35 39 37 0.0 0.0 52.0 0.0 979.0 10.0 5.0 0.4634227077126778
35 39 38 0.0 0.0 215.0 0.0 4870.0 18.0 253.0 0.19804781440090533
35 39 39 0.0 0.0 94.0 0.0 1961.0 9.0 23.0 0.34610630407910997
35 39 40 0.0 0.0 96.0 0.0 2353.0 13.0 32.0 0.3155996393146979
35 39 41 0.0 0.0 22.0 0.0 499.0 4.0 1.0 0.5562177195073499
35 39 42 0.0 0.0 38.0 0.0 1000.0 6.0 9.0 0.46158918562479384
35 39 43 0.0 0.0 21.0 0.0 458.0 3.0 0.0 0.5654281098546041
35 39 44 0.0 0.0 5.0 0.0 194.0 2.0 0.0 0.6372325898953117
35 40 36 0.0 0.0 0.0 0.0 1.0 0.0 0.0 0.6996501749125437
35 40 37 0.0 0.0 22.0 0.0 617.0 2.0 0.0 0.5309063329541144
35 40 38 0.0 0.0 156.0 0.0 4260.0 14.0 191.0 0.2186133666458463
35 40 39 0.0 0.0 453.0 0.0 9088.0 25.0 1803.0 0.1214750542299349
35 40 40 0.0 0.0 91.0 0.0 2056.0 10.0 23.0 0.33840947546531297
35 40 41 0.0 0.0 24.0 0.0 776.0 6.0 2.0 0.5010737294201861
35 40 42 0.0 0.0 64.0 0.0 1662.0 11.0 16.0 0.376850605652759
35 40 43 0.0 0.0 2.0 0.0 134.0 1.0 0.0 0.6557377049180326
35 40 44 0.0 0.0 4.0 0.0 283.0 3.0 0.0 0.6129597197898423
35 40 45 0.0 0.0 0.0 0.0 1.0 0.0 0.0 0.6996501749125437
35 41 36 0.0 0.0 0.0 0.0 2.0 0.0 0.0 0.6993006993006992
35 41 37 0.0 0.0 0.0 0.0 44.0 0.0 0.0 0.684931506849315
35 41 38 0.0 0.0 84.0 0.0 1850.0 11.0 22.0 0.35696073431922487
35 41 39 0.0 0.0 412.0 0.0 8588.0 27.0 1421.0 0.1274233184672795
35 41 40 0.0 0.0 63.0 0.0 1470.0 12.0 9.0 0.39761431411530807
35 41 41 0.0 0.0 27.0 0.0 641.0 7.0 0.0 0.5261180007515971
35 41 42 0.0 0.0 31.0 0.0 560.0 6.0 1.0 0.5417956656346749
35 41 43 0.0 0.0 6.0 0.0 207.0 3.0 0.0 0.6334841628959276
35 41 44 0.0 0.0 101.0 0.0 2288.0 16.0 28.0 0.32014635261833974
35 41 45 0.0 0.0 0.0 0.0 3.0 0.0 0.0 0.6989515726410384
35 42 36 0.0 0.0 0.0 0.0 2.0 0.0 0.0 0.6993006993006992
35 42 37 0.0 0.0 3.0 0.0 17.0 1.0 0.0 0.6934125804853887
35 42 38 0.0 0.0 2.0 0.0 80.0 0.0 0.0 0.6724303554274734
35 42 39 0.0 0.0 107.0 0.0 2301.0 12.0 31.0 0.3183989083465999
35 42 40 0.0 0.0 126.0 0.0 2846.0 12.0 52.0 0.28225806451612895
35 42 41 0.0 0.0 83.0 0.0 1795.0 12.0 15.0 0.3621314019658561
35 42 42 0.0 0.0 5.0 0.0 195.0 0.0 0.0 0.6363636363636362
35 42 43 0.0 0.0 0.0 0.0 82.0 0.0 0.0 0.6724303554274734
35 42 44 0.0 0.0 0.0 0.0 7.0 0.0 0.0 0.6979062811565303
35 43 37 0.0 0.0 0.0 0.0 1.0 0.0 0.0 0.6996501749125437
35 43 38 0.0 0.0 0.0 0.0 8.0 1.0 0.0 0.6975585450921773
35 43 39 0.0 0.0 0.0 0.0 26.0 0.0 0.0 0.6910167818361302
35 43 40 0.0 0.0 18.0 0.0 369.0 5.0 0.0 0.5877413937867337
35 43 41 0.0 0.0 54.0 0.0 1046.0 10.0 4.0 0.4530744336569579
35 43 42 0.0 0.0 101.0 0.0 2822.0 16.0 52.0 0.28519046649012014
35 43 43 0.0 0.0 1.0 0.0 105.0 0.0 0.0 0.664767331433998
35 43 44 0.0 0.0 0.0 0.0 8.0 0.0 0.0 0.697211155378486
35 44 38 0.0 0.0 2.0 0.0 22.0 0.0 0.0 0.6920415224913494
35 44 39 0.0 0.0 0.0 0.0 12.0 0.0 0.0 0.6958250497017892
35 44 40 0.0 0.0 0.0 0.0 4.0 0.0 0.0 0.6986027944111775
35 44 41 0.0 0.0 1.0 0.0 11.0 0.0 0.0 0.6958250497017892
35 44 42 0.0 0.0 3.0 0.0 45.0 0.0 0.0 0.6835937499999999
35 44 43 0.0 0.0 0.0 0.0 2.0 0.0 0.0 0.6993006993006992
35 45 41 0.0 0.0 0.0 0.0 1.0 0.0 0.0 0.6996501749125437
36 35 36 0.0 0.0 0.0 0.0 2.0 0.0 0.0 0.6993006993006992
36 35 37 0.0 0.0 0.0 0.0 2.0 0.0 0.0 0.6993006993006992
36 35 38 0.0 0.0 1.0 0.0 31.0 1.0 0.0 0.6893156080748399
36 35 39 0.0 0.0 0.0 0.0 12.0 0.0 0.0 0.6958250497017892
36 35 40 0.0 0.0 0.0 0.0 5.0 0.0 0.0 0.6982543640897755
36 35 41 0.0 0.0 0.0 0.0 6.0 0.0 0.0 0.6979062811565303
36 35 42 0.0 0.0 0.0 0.0 9.0 0.0 0.0 0.6968641114982577
36 36 36 0.0 0.0 0.0 0.0 11.0 0.0 0.0 0.6961710591745399
36 36 37 0.0 0.0 156.0 0.0 3254.0 18.0 75.0 0.25949953660797026
36 36 38 0.0 0.0 1.0 0.0 124.0 2.0 0.0 0.6597549481621111
36 36 39 0.0 0.0 1.0 0.0 145.0 0.0 0.0 0.6526806526806526
36 36 40 0.0 0.0 21.0 0.0 385.0 7.0 0.0 0.5838198498748957
36 36 41 0.0 0.0 2.0 0.0 135.0 2.0 0.0 0.6557377049180326
36 36 42 0.0 0.0 2.0 0.0 50.0 1.0 0.0 0.68259385665529
36 36 43 0.0 0.0 0.0 0.0 14.0 0.0 0.0 0.6951340615690167
36 37 36 0.0 0.0 0.0 0.0 46.0 0.0 0.0 0.6842619745845552
36 37 37 0.0 0.0 68.0 0.0 1475.0 12.0 11.0 0.3964882469555366
36 37 38 0.0 0.0 40.0 0.0 929.0 8.0 4.0 0.47265361242403775
36 37 39 0.0 0.0 270.0 0.0 5918.0 23.0 467.0 0.17144256674014205
36 37 40 0.0 0.0 274.0 0.0 5850.0 9.0 412.0 0.17239256249230386
36 37 41 0.0 0.0 273.0 0.0 6184.0 15.0 496.0 0.16573931573339645
36 37 42 0.0 0.0 11.0 0.0 408.0 3.0 3.0 0.5797101449275361
36 37 43 0.0 0.0 0.0 0.0 44.0 0.0 0.0 0.684931506849315
36 37 44 0.0 0.0 0.0 0.0 2.0 0.0 0.0 0.6993006993006992
36 38 36 0.0 0.0 21.0 0.0 632.0 6.0 4.0 0.528900642236494
36 38 37 0.0 0.0 4.0 0.0 263.0 2.0 1.0 0.6181015452538631
36 38 38 0.0 0.0 180.0 0.0 4121.0 14.0 150.0 0.22264631043256994
36 38 39 0.0 0.0 281.0 0.0 6043.0 16.0 474.0 0.16849199663016007
36 38 40 0.0 0.0 395.0 0.0 7969.0 18.0 1037.0 0.13520038628681794
36 38 41 0.0 0.0 198.0 0.0 4547.0 20.0 196.0 0.20817843866170999
36 38 42 0.0 0.0 129.0 0.0 3060.0 18.0 76.0 0.2707406691162251
36 38 43 0.0 0.0 4.0 0.0 376.0 1.0 1.0 0.5884825556956704
36 38 44 0.0 0.0 14.0 0.0 272.0 5.0 0.0 0.6140350877192982
36 39 35 0.0 0.0 0.0 0.0 1.0 0.0 0.0 0.6996501749125437
36 39 36 0.0 0.0 0.0 0.0 47.0 1.0 0.0 0.6842619745845552
36 39 37 0.0 0.0 143.0 0.0 3038.0 16.0 76.0 0.27100271002710025
36 39 38 0.0 0.0 446.0 0.0 9346.0 25.0 1914.0 0.11885559045759402
36 39 39 0.0 0.0 480.0 0.0 9288.0 21.0 1802.0 0.11914893617021274
36 39 40 0.0 0.0 312.0 0.0 7495.0 18.0 964.0 0.1429738562091503
36 39 41 0.0 0.0 156.0 0.0 3229.0 13.0 76.0 0.2606105733432613
36 39 42 0.0 0.0 570.0 0.0 10303.0 27.0 2641.0 0.10888163011354797
36 39 43 0.0 0.0 118.0 0.0 2392.0 17.0 34.0 0.31173458027165435
36 39 44 0.0 0.0 31.0 0.0 938.0 4.0 5.0 0.47217537942664417
36 39 45 0.0 0.0 0.0 0.0 5.0 0.0 0.0 0.6982543640897755
36 40 35 0.0 0.0 0.0 0.0 2.0 0.0 0.0 0.6993006993006992
36 40 36 0.0 0.0 0.0 0.0 18.0 0.0 0.0 0.6937561942517343
36 40 37 0.0 0.0 69.0 0.0 1698.0 7.0 13.0 0.37224142515288483
36 40 38 0.0 0.0 373.0 0.0 7948.0 18.0 1089.0 0.13573783207291057
36 40 39 0.0 0.0 659.0 0.0 11466.0 29.0 4797.0 0.0992063492063492
36 40 40 0.0 0.0 475.0 0.0 9156.0 23.0 1526.0 0.12054417082831065
36 40 41 0.0 0.0 251.0 0.0 6107.0 12.0 495.0 0.1677249311129747
36 40 42 0.0 0.0 109.0 0.0 3040.0 12.0 82.0 0.2725856697819314
36 40 43 0.0 0.0 332.0 0.0 7222.0 20.0 878.0 0.1467351430667645
36 40 44 0.0 0.0 16.0 0.0 503.0 5.0 4.0 0.5566600397614313
36 40 45 0.0 0.0 2.0 0.0 43.0 1.0 0.0 0.684931506849315
36 41 36 0.0 0.0 4.0 0.0 48.0 1.0 0.0 0.68259385665529
36 41 37 0.0 0.0 80.0 0.0 2042.0 10.0 18.0 0.3405497445876915
36 41 38 0.0 0.0 391.0 0.0 8121.0 18.0 1186.0 0.13326987148976677
36 41 39 0.0 0.0 501.0 0.0 9988.0 26.0 2591.0 0.1122874558870709
36 41 40 0.0 0.0 309.0 0.0 7073.0 16.0 718.0 0.1494130202774813
36 41 41 0.0 0.0 654.0 0.0 11277.0 30.0 3725.0 0.10058916510992959
36 41 42 0.0 0.0 634.0 0.0 11044.0 17.0 3354.0 0.10239157463614422
36 41 43 0.0 0.0 220.0 0.0 5099.0 25.0 307.0 0.19183337900794736
36 41 44 0.0 0.0 9.0 0.0 253.0 2.0 0.0 0.6194690265486725
36 41 45 0.0 0.0 1.0 0.0 15.0 0.0 0.0 0.6944444444444444
36 42 37 0.0 0.0 6.0 0.0 246.0 2.0 1.0 0.6222222222222221
36 42 38 0.0 0.0 37.0 0.0 990.0 9.0 4.0 0.4640371229698375
36 42 39 0.0 0.0 217.0 0.0 5191.0 20.0 261.0 0.18949648077964262
36 42 40 0.0 0.0 239.0 0.0 5754.0 27.0 377.0 0.17565872020075282
36 42 41 0.0 0.0 312.0 0.0 6679.0 17.0 590.0 0.15593673423925147
36 42 42 0.0 0.0 545.0 0.0 10054.0 26.0 2364.0 0.11129660545353365
36 42 43 0.0 0.0 210.0 0.0 4655.0 17.0 238.0 0.20440940283253026
36 42 44 0.0 0.0 22.0 0.0 610.0 5.0 2.0 0.5331302361005331
36 42 45 0.0 0.0 0.0 0.0 3.0 0.0 0.0 0.6989515726410384
36 43 36 0.0 0.0 0.0 0.0 1.0 0.0 0.0 0.6996501749125437
36 43 37 0.0 0.0 1.0 0.0 45.0 0.0 0.0 0.6842619745845552
36 43 38 0.0 0.0 1.0 0.0 139.0 0.0 0.0 0.6542056074766354
36 43 39 0.0 0.0 153.0 0.0 3762.0 19.0 120.0 0.23736859952526274
36 43 40 0.0 0.0 192.0 0.0 4088.0 17.0 160.0 0.22342802425789973
36 43 41 0.0 0.0 37.0 0.0 1441.0 11.0 16.0 0.40380732621863275
36 43 42 0.0 0.0 68.0 0.0 1491.0 12.0 15.0 0.3948110547095318
36 43 43 0.0 0.0 54.0 0.0 1150.0 6.0 5.0 0.4377736085053157
36 43 44 0.0 0.0 37.0 0.0 996.0 9.0 8.0 0.46280991735537186
36 43 45 0.0 0.0 6.0 0.0 79.0 1.0 0.0 0.6717850287907868
36 44 37 0.0 0.0 0.0 0.0 5.0 0.0 0.0 0.6982543640897755
36 44 38 0.0 0.0 37.0 0.0 868.0 12.0 3.0 0.4839267196681645
36 44 39 0.0 0.0 6.0 0.0 209.0 3.0 0.0 0.6329113924050632
36 44 40 0.0 0.0 6.0 0.0 162.0 3.0 0.0 0.6466512702078521
36 44 41 0.0 0.0 102.0 0.0 2129.0 12.0 21.0 0.3317535545023696
36 44 42 0.0 0.0 9.0 0.0 194.0 1.0 0.0 0.6357856494096276
36 44 43 0.0 0.0 0.0 0.0 13.0 0.0 0.0 0.695479384003974
36 44 44 0.0 0.0 0.0 0.0 4.0 0.0 0.0 0.6986027944111775
36 44 45 0.0 0.0 0.0 0.0 1.0 0.0 0.0 0.6996501749125437
36 45 38 0.0 0.0 0.0 0.0 4.0 0.0 0.0 0.6986027944111775
36 45 39 0.0 0.0 20.0 0.0 343.0 3.0 0.0 0.5934718100890207
36 45 40 0.0 0.0 0.0 0.0 11.0 0.0 0.0 0.6961710591745399
36 45 41 0.0 0.0 2.0 0.0 16.0 0.0 0.0 0.6937561942517343
36 45 42 0.0 0.0 0.0 0.0 1.0 0.0 0.0 0.6996501749125437
37 35 36 0.0 0.0 0.0 0.0 3.0 0.0 0.0 0.6989515726410384
37 35 37 0.0 0.0 0.0 0.0 5.0 0.0 0.0 0.6982543640897755
37 35 38 0.0 0.0 0.0 0.0 23.0 0.0 0.0 0.6920415224913494
37 35 39 0.0 0.0 0.0 0.0 36.0 0.0 0.0 0.6876227897838899
37 35 40 0.0 0.0 0.0 0.0 28.0 0.0 0.0 0.690335305719921
37 35 41 0.0 0.0 1.0 0.0 20.0 0.0 0.0 0.6927263730826323
37 35 42 0.0 0.0 0.0 0.0 7.0 0.0 0.0 0.6979062811565303
37 36 36 0.0 0.0 2.0 0.0 56.0 1.0 0.0 0.6806028196402526
37 36 37 0.0 0.0 9.0 0.0 203.0 2.0 0.0 0.6340579710144926
37 36 38 0.0 0.0 54.0 0.0 1366.0 12.0 7.0 0.4107981220657277
37 36 39 0.0 0.0 354.0 0.0 7591.0 18.0 920.0 0.14091595369904375
37 36 40 0.0 0.0 146.0 0.0 3285.0 19.0 76.0 0.2587322121604139
37 36 41 0.0 0.0 124.0 0.0 3414.0 18.0 103.0 0.25357725049809815
37 36 42 0.0 0.0 27.0 0.0 513.0 8.0 0.0 0.5529225908372827
37 36 43 0.0 0.0 0.0 0.0 41.0 0.0 0.0 0.6859382655560998
37 36 44 0.0 0.0 0.0 0.0 5.0 0.0 0.0 0.6982543640897755
37 37 35 0.0 0.0 0.0 0.0 1.0 0.0 0.0 0.6996501749125437
37 37 36 0.0 0.0 2.0 0.0 103.0 1.0 0.0 0.6653992395437262
37 37 37 0.0 0.0 450.0 0.0 8949.0 18.0 1557.0 0.1229256299938537
37 37 38 0.0 0.0 489.0 0.0 9001.0 26.0 1526.0 0.1220362622036262
37 37 39 0.0 0.0 267.0 0.0 6217.0 27.0 476.0 0.16552376448332937
37 37 40 0.0 0.0 700.0 0.0 11564.0 25.0 4507.0 0.09816983381249561
37 37 41 0.0 0.0 261.0 0.0 6189.0 20.0 484.0 0.1659554291133238
37 37 42 0.0 0.0 448.0 0.0 9306.0 18.0 1713.0 0.11918951132300355
37 37 43 0.0 0.0 19.0 0.0 560.0 5.0 4.0 0.544111931597357
37 37 44 0.0 0.0 0.0 0.0 38.0 0.0 0.0 0.6869479882237487
37 38 35 0.0 0.0 0.0 0.0 4.0 0.0 0.0 0.6986027944111775
37 38 36 0.0 0.0 14.0 0.0 374.0 4.0 1.0 0.587248322147651
37 38 37 0.0 0.0 246.0 0.0 5605.0 19.0 390.0 0.1786625829504849
37 38 38 0.0 0.0 535.0 0.0 10045.0 28.0 2340.0 0.11146496815286623
37 38 39 0.0 0.0 1080.0 0.0 12919.0 23.0 11868.0 0.0874617354907228
37 38 40 0.0 0.0 958.0 0.0 12845.0 21.0 8701.0 0.08852915138484886
37 38 41 0.0 0.0 1218.0 0.0 13212.0 45.0 14589.0 0.08521516829995739
37 38 42 0.0 0.0 447.0 0.0 9003.0 21.0 1695.0 0.1223883206574001
37 38 43 0.0 0.0 76.0 0.0 1950.0 11.0 18.0 0.348605577689243
37 38 44 0.0 0.0 18.0 0.0 596.0 5.0 3.0 0.5368098159509201
37 38 45 0.0 0.0 0.0 0.0 6.0 0.0 0.0 0.6979062811565303
37 39 34 0.0 0.0 0.0 0.0 2.0 0.0 0.0 0.6993006993006992
37 39 35 0.0 0.0 0.0 0.0 5.0 0.0 0.0 0.6982543640897755
37 39 36 0.0 0.0 110.0 0.0 2571.0 9.0 37.0 0.29959340894500314
37 39 37 0.0 0.0 310.0 0.0 7044.0 22.0 749.0 0.14989293361884368
37 39 38 0.0 0.0 497.0 0.0 9966.0 30.0 2513.0 0.11252210255585918
37 39 39 0.0 0.0 757.0 0.0 12211.0 28.0 5696.0 0.09362669698388282
37 39 40 0.0 0.0 847.0 0.0 12439.0 23.0 6650.0 0.09161104567464991
37 39 41 0.0 0.0 635.0 0.0 11121.0 25.0 3134.0 0.10187004293094665
37 39 42 0.0 0.0 439.0 0.0 9301.0 19.0 1847.0 0.11931140276120673
37 39 43 0.0 0.0 711.0 0.0 11417.0 22.0 3903.0 0.0991150442477876
37 39 44 0.0 0.0 65.0 0.0 1397.0 8.0 11.0 0.40532715691951354
37 39 45 0.0 0.0 3.0 0.0 88.0 0.0 0.0 0.669536107125777
37 40 34 0.0 0.0 0.0 0.0 1.0 0.0 0.0 0.6996501749125437
37 40 35 0.0 0.0 2.0 0.0 27.0 0.0 0.0 0.6899950714637751
37 40 36 0.0 0.0 49.0 0.0 1008.0 10.0 4.0 0.4594683295044305
37 40 37 0.0 0.0 216.0 0.0 4571.0 21.0 180.0 0.20679468242245197
37 40 38 0.0 0.0 643.0 0.0 11056.0 41.0 3472.0 0.10246651540657248
37 40 39 0.0 0.0 1401.0 0.0 13256.0 41.0 18068.0 0.08411439557798604
37 40 40 0.0 0.0 910.0 0.0 12839.0 35.0 8604.0 0.0889171165449349
37 40 41 0.0 0.0 895.0 0.0 12606.0 28.0 7107.0 0.09032840828440543
37 40 42 0.0 0.0 725.0 0.0 11993.0 31.0 5365.0 0.09516688192509005
37 40 43 0.0 0.0 416.0 0.0 8954.0 21.0 1820.0 0.12323943661971828
37 40 44 0.0 0.0 338.0 0.0 7132.0 20.0 697.0 0.14806980433632996
37 40 45 0.0 0.0 0.0 0.0 29.0 1.0 0.0 0.690335305719921
37 41 35 0.0 0.0 0.0 0.0 3.0 0.0 0.0 0.6989515726410384
37 41 36 0.0 0.0 12.0 0.0 175.0 4.0 0.0 0.6413192853870818
37 41 37 0.0 0.0 159.0 0.0 3673.0 20.0 136.0 0.24083949767761909
37 41 38 0.0 0.0 687.0 0.0 11581.0 32.0 5146.0 0.09825250894799634
37 41 39 0.0 0.0 1001.0 0.0 13056.0 29.0 9068.0 0.08722741433021806
37 41 40 0.0 0.0 906.0 0.0 12850.0 40.0 8437.0 0.08892276422764227
37 41 41 0.0 0.0 1051.0 1.0 13284.0 37.0 10689.0 0.08577905765578088
37 41 42 0.0 0.0 1291.0 0.0 12927.0 34.0 17240.0 0.08629191321499012
37 41 43 0.0 0.0 324.0 0.0 7183.0 16.0 701.0 0.14747708838091222
37 41 44 0.0 0.0 45.0 0.0 837.0 13.0 2.0 0.48797490414778655
37 41 45 0.0 0.0 15.0 0.0 347.0 7.0 0.0 0.5944798301486198
37 42 35 0.0 0.0 0.0 0.0 4.0 0.0 0.0 0.6986027944111775
37 42 36 0.0 0.0 4.0 0.0 136.0 0.0 0.0 0.6542056074766354
37 42 37 0.0 0.0 144.0 0.0 3515.0 9.0 83.0 0.24778761061946902
37 42 38 0.0 0.0 595.0 0.0 10775.0 25.0 3263.0 0.10479041916167663
37 42 39 0.0 0.0 652.0 0.0 11250.0 29.0 3818.0 0.10078468072852925
37 42 40 0.0 0.0 779.0 0.0 12191.0 18.0 6724.0 0.09350788137857333
37 42 41 0.0 0.0 511.0 0.0 9816.0 26.0 2085.0 0.11375639879743235
37 42 42 0.0 0.0 599.0 0.0 10635.0 31.0 3240.0 0.10593220338983049
37 42 43 0.0 0.0 646.0 0.0 11153.0 24.0 4121.0 0.1015228426395939
37 42 44 0.0 0.0 209.0 0.0 4449.0 22.0 223.0 0.21093867711315353
37 42 45 0.0 0.0 0.0 0.0 25.0 0.0 0.0 0.6913580246913579
37 43 36 0.0 0.0 0.0 0.0 5.0 0.0 0.0 0.6982543640897755
37 43 37 0.0 0.0 6.0 0.0 252.0 2.0 0.0 0.6205673758865247
37 43 38 0.0 0.0 286.0 0.0 6483.0 16.0 554.0 0.15989036089538602
37 43 39 0.0 0.0 460.0 0.0 8481.0 26.0 1202.0 0.128228613299139
37 43 40 0.0 0.0 326.0 0.0 7223.0 24.0 712.0 0.14688909873045847
37 43 41 0.0 0.0 641.0 0.0 11400.0 32.0 4190.0 0.0998288648031945
37 43 42 0.0 0.0 168.0 0.0 4500.0 18.0 199.0 0.2104630186410102
37 43 43 0.0 0.0 257.0 0.0 5391.0 22.0 288.0 0.18348623853211005
37 43 44 0.0 0.0 8.0 0.0 172.0 5.0 0.0 0.6439742410303587
37 43 45 0.0 0.0 0.0 0.0 25.0 0.0 0.0 0.6913580246913579
37 44 36 0.0 0.0 0.0 0.0 1.0 0.0 0.0 0.6996501749125437
37 44 37 0.0 0.0 0.0 0.0 19.0 0.0 0.0 0.6934125804853887
37 44 38 0.0 0.0 2.0 0.0 154.0 1.0 0.0 0.6496519721577725
37 44 39 0.0 0.0 343.0 0.0 7299.0 18.0 743.0 0.14533374857261494
37 44 40 0.0 0.0 20.0 0.0 845.0 9.0 1.0 0.4901960784313725
37 44 41 0.0 0.0 90.0 0.0 1784.0 13.0 14.0 0.36269430051813467
37 44 42 0.0 0.0 5.0 0.0 253.0 4.0 0.0 0.6211180124223601
37 44 43 0.0 0.0 6.0 0.0 189.0 2.0 0.0 0.6383948928408572
37 44 44 0.0 0.0 2.0 0.0 14.0 0.0 0.0 0.6944444444444444
37 44 45 0.0 0.0 3.0 0.0 115.0 2.0 0.0 0.661625708884688
37 45 38 0.0 0.0 0.0 0.0 11.0 0.0 0.0 0.6961710591745399
37 45 39 0.0 0.0 9.0 0.0 227.0 2.0 1.0 0.6266786034019695
37 45 40 0.0 0.0 1.0 0.0 89.0 1.0 0.0 0.6701771182383915
37 45 41 0.0 0.0 0.0 0.0 20.0 0.0 0.0 0.6930693069306929
37 45 42 0.0 0.0 0.0 0.0 1.0 0.0 0.0 0.6996501749125437
37 46 39 0.0 0.0 0.0 0.0 1.0 0.0 0.0 0.6996501749125437
38 35 35 0.0 0.0 17.0 0.0 271.0 4.0 1.0 0.6129597197898423
38 35 36 0.0 0.0 0.0 0.0 4.0 0.0 0.0 0.6986027944111775
38 35 37 0.0 0.0 0.0 0.0 3.0 0.0 0.0 0.6989515726410384
38 35 38 0.0 0.0 0.0 0.0 21.0 0.0 0.0 0.6927263730826323
38 35 39 0.0 0.0 24.0 0.0 460.0 7.0 2.0 0.5651998385143318
38 35 40 0.0 0.0 3.0 0.0 209.0 2.0 0.0 0.6334841628959276
38 35 41 0.0 0.0 6.0 0.0 119.0 0.0 1.0 0.6588235294117646
38 35 42 0.0 0.0 1.0 0.0 31.0 0.0 0.0 0.6889763779527558
38 35 43 0.0 0.0 0.0 0.0 2.0 0.0 0.0 0.6993006993006992
38 36 35 0.0 0.0 0.0 0.0 11.0 1.0 0.0 0.6965174129353233
38 36 36 0.0 0.0 13.0 0.0 409.0 2.0 2.0 0.5785123966942147
38 36 37 0.0 0.0 131.0 0.0 3017.0 12.0 70.0 0.2725856697819314
38 36 38 0.0 0.0 51.0 0.0 944.0 12.0 7.0 0.4693261816962789
38 36 39 0.0 0.0 122.0 0.0 2938.0 9.0 63.0 0.2772277227722772
38 36 40 0.0 0.0 246.0 0.0 5603.0 17.0 347.0 0.17873100983020548
38 36 41 0.0 0.0 208.0 0.0 4980.0 22.0 303.0 0.19539427773900903
38 36 42 0.0 0.0 15.0 0.0 706.0 2.0 3.0 0.5147058823529411
38 36 43 0.0 0.0 0.0 0.0 69.0 0.0 0.0 0.6766553890768486
38 36 44 0.0 0.0 1.0 0.0 93.0 1.0 0.0 0.668896321070234
38 37 34 0.0 0.0 5.0 0.0 59.0 0.0 0.0 0.6782945736434108
38 37 35 0.0 0.0 0.0 0.0 30.0 0.0 0.0 0.689655172413793
38 37 36 0.0 0.0 64.0 0.0 1554.0 11.0 16.0 0.38834951456310673
38 37 37 0.0 0.0 270.0 0.0 6477.0 27.0 576.0 0.16047684548372304
38 37 38 0.0 0.0 396.0 0.0 8663.0 16.0 1406.0 0.12671976828385226
38 37 39 0.0 0.0 805.0 0.0 12371.0 26.0 6570.0 0.09226308158692499
38 37 40 0.0 0.0 549.0 0.0 10266.0 24.0 2469.0 0.10934083099031551
38 37 41 0.0 0.0 553.0 0.0 10437.0 23.0 2702.0 0.10792476102374345
38 37 42 0.0 0.0 322.0 0.0 7100.0 15.0 720.0 0.14873047912461487
38 37 43 0.0 0.0 230.0 0.0 4892.0 20.0 232.0 0.19701660568533627
38 37 44 0.0 0.0 64.0 0.0 1538.0 10.0 17.0 0.3896465349290286
38 37 45 0.0 0.0 6.0 0.0 142.0 1.0 0.0 0.6520726595249184
38 38 34 0.0 0.0 0.0 0.0 2.0 0.0 0.0 0.6993006993006992
38 38 35 0.0 0.0 2.0 0.0 81.0 1.0 0.0 0.6730769230769229
38 38 36 0.0 0.0 145.0 0.0 3328.0 18.0 88.0 0.2565512186182884
38 38 37 0.0 0.0 399.0 0.0 8064.0 20.0 1074.0 0.13404825737265413
38 38 38 0.0 0.0 1257.0 0.0 13163.0 26.0 15798.0 0.08518405841192576
38 38 39 0.0 0.0 1223.0 0.0 13473.0 34.0 13064.0 0.08383735553027127
38 38 40 0.0 0.0 916.0 0.0 13008.0 27.0 7738.0 0.08798944126704794
38 38 41 0.0 0.0 1284.0 0.0 13292.0 38.0 16108.0 0.08445436448090728
38 38 42 0.0 0.0 859.0 0.0 12476.0 32.0 6889.0 0.09135399673735725
38 38 43 0.0 0.0 421.0 0.0 8822.0 19.0 1566.0 0.1246660730186999
38 38 44 0.0 0.0 79.0 0.0 1878.0 14.0 19.0 0.3550595992898808
38 38 45 0.0 0.0 4.0 0.0 56.0 0.0 0.0 0.6796116504854368
38 39 34 0.0 0.0 1.0 0.0 9.0 0.0 0.0 0.6965174129353233
38 39 35 0.0 0.0 48.0 0.0 1120.0 8.0 5.0 0.4430379746835443
38 39 36 0.0 0.0 186.0 0.0 4149.0 17.0 135.0 0.2215540433612913
38 39 37 0.0 0.0 654.0 0.0 11228.0 27.0 4087.0 0.10095183155465819
38 39 38 0.0 0.0 1010.0 0.0 13136.0 22.0 7797.0 0.08668193919881122
38 39 39 0.0 0.0 1885.0 0.0 11889.0 49.0 33383.0 0.08871989860583016
38 39 40 0.0 0.0 2176.0 0.0 11970.0 54.0 37538.0 0.08676789587852494
38 39 41 0.0 0.0 1112.0 0.0 13384.0 34.0 12194.0 0.08492053863884506
38 39 42 0.0 0.0 840.0 0.0 12260.0 26.0 5988.0 0.09276437847866417
38 39 43 0.0 0.0 366.0 1.0 8113.0 26.0 1116.0 0.13377926421404682
38 39 44 0.0 0.0 348.0 0.0 6824.0 24.0 585.0 0.1530054644808743
38 39 45 0.0 0.0 1.0 0.0 68.0 0.0 0.0 0.6769825918762088
38 40 34 0.0 0.0 0.0 0.0 6.0 0.0 0.0 0.6979062811565303
38 40 35 0.0 0.0 143.0 0.0 2931.0 18.0 58.0 0.2768987341772151
38 40 36 0.0 0.0 226.0 0.0 4469.0 21.0 169.0 0.2097064110245656
38 40 37 0.0 0.0 359.0 0.0 8212.0 25.0 1322.0 0.13273916753579215
38 40 38 0.0 0.0 1121.0 0.0 13489.0 38.0 9705.0 0.08433734939759036
38 40 39 0.0 0.0 1896.0 3.0 12855.0 45.0 28322.0 0.08353720389044691
38 40 40 0.0 1.0 1819.0 2.0 12838.0 57.0 27310.0 0.08407903429223469
38 40 41 0.0 0.0 1798.0 2.0 12930.0 40.0 26515.0 0.08363701535336639
38 40 42 0.0 0.0 1260.0 1.0 13717.0 35.0 13305.0 0.08245965366945458
38 40 43 0.0 0.0 579.0 0.0 10243.0 19.0 2684.0 0.10922140739584957
38 40 44 0.0 0.0 65.0 0.0 1824.0 11.0 23.0 0.36101083032490966
38 40 45 0.0 0.0 3.0 0.0 136.0 1.0 1.0 0.6548175865294666
38 41 35 0.0 0.0 13.0 0.0 490.0 3.0 0.0 0.5599999999999999
38 41 36 0.0 0.0 112.0 0.0 2784.0 14.0 44.0 0.2867677181482998
38 41 37 0.0 0.0 393.0 0.0 8283.0 19.0 1485.0 0.13129513270186624
38 41 38 0.0 0.0 725.0 7.0 11561.0 26.0 4020.0 0.09794319294809009
38 41 39 0.0 0.0 1561.0 0.0 13133.0 46.0 22174.0 0.08389261744966442
38 41 40 0.0 0.0 2118.0 0.0 11908.0 51.0 37763.0 0.08741258741258741
38 41 41 0.0 0.0 1576.0 2.0 13624.0 52.0 20106.0 0.08141901715615003
38 41 42 0.0 0.0 1153.0 0.0 13543.0 43.0 11405.0 0.08387753879336168
38 41 43 0.0 0.0 486.0 0.0 9511.0 20.0 2100.0 0.11676396997497913
38 41 44 0.0 0.0 173.0 0.0 4733.0 20.0 248.0 0.2033110659308742
38 41 45 0.0 0.0 26.0 0.0 662.0 4.0 0.0 0.5216095380029805
38 41 46 0.0 0.0 0.0 0.0 2.0 0.0 0.0 0.6993006993006992
38 42 35 0.0 0.0 1.0 0.0 15.0 0.0 0.0 0.6944444444444444
38 42 36 0.0 0.0 93.0 0.0 2251.0 17.0 29.0 0.3235498035590478
38 42 37 0.0 0.0 149.0 0.0 3197.0 16.0 84.0 0.26261489401613203
38 42 38 0.0 0.0 480.0 3.0 9784.0 28.0 2451.0 0.1142763856011754
38 42 39 0.0 0.0 1336.0 0.0 13534.0 32.0 15551.0 0.08308605341246289
38 42 40 0.0 1.0 1472.0 2.0 13027.0 38.0 20710.0 0.08485877076009213
38 42 41 0.0 0.0 1344.0 3.0 13510.0 40.0 15430.0 0.08310578178796152
38 42 42 0.0 0.0 570.0 2.0 10252.0 27.0 2347.0 0.10924697619976588
38 42 43 0.0 0.0 475.0 0.0 9153.0 21.0 1615.0 0.12052341597796143
38 42 44 0.0 0.0 194.0 0.0 4698.0 18.0 232.0 0.20351795319087077
38 42 45 0.0 0.0 21.0 0.0 594.0 5.0 2.0 0.5363984674329502
38 43 35 0.0 0.0 0.0 0.0 1.0 0.0 0.0 0.6996501749125437
38 43 36 0.0 0.0 2.0 0.0 134.0 0.0 0.0 0.6554307116104868
38 43 37 0.0 0.0 107.0 0.0 2336.0 21.0 30.0 0.316670436552816
38 43 38 0.0 0.0 210.0 0.0 4898.0 14.0 245.0 0.19726645061293502
38 43 39 0.0 0.0 848.0 0.0 12409.0 29.0 7723.0 0.09177920545430705
38 43 40 0.0 0.0 611.0 3.0 11120.0 24.0 3643.0 0.1019739238109112
38 43 41 0.0 0.0 421.0 0.0 8686.0 27.0 1390.0 0.12629679747406403
38 43 42 0.0 0.0 347.0 0.0 7310.0 21.0 758.0 0.14518303432541738
38 43 43 0.0 0.0 144.0 0.0 3448.0 18.0 98.0 0.25116612845353425
38 43 44 0.0 0.0 302.0 0.0 6763.0 21.0 617.0 0.15471322798099235
38 43 45 0.0 0.0 2.0 0.0 48.0 0.0 0.0 0.6829268292682925
38 44 36 0.0 0.0 8.0 0.0 246.0 3.0 0.0 0.6219458018658373
38 44 37 0.0 0.0 52.0 0.0 1153.0 8.0 4.0 0.4377736085053157
38 44 38 0.0 0.0 71.0 0.0 1542.0 16.0 9.0 0.38932146829810893
38 44 39 0.0 0.0 48.0 0.0 1515.0 8.0 13.0 0.3938115330520393
38 44 40 0.0 0.0 379.0 0.0 7503.0 23.0 849.0 0.14190147982971818
38 44 41 0.0 0.0 37.0 0.0 1019.0 12.0 2.0 0.45992115637319314
38 44 42 0.0 0.0 110.0 0.0 2812.0 15.0 54.0 0.2853067047075606
38 44 43 0.0 0.0 11.0 0.0 166.0 1.0 0.0 0.6436781609195401
38 44 44 0.0 0.0 1.0 0.0 45.0 0.0 0.0 0.6842619745845552
38 44 45 0.0 0.0 0.0 0.0 6.0 0.0 0.0 0.6979062811565303
38 45 36 0.0 0.0 0.0 0.0 1.0 0.0 0.0 0.6996501749125437
38 45 37 0.0 0.0 0.0 0.0 6.0 0.0 0.0 0.6979062811565303
38 45 38 0.0 0.0 4.0 0.0 41.0 2.0 0.0 0.6859382655560998
38 45 39 0.0 0.0 9.0 0.0 190.0 2.0 0.0 0.6372325898953117
38 45 40 0.0 0.0 0.0 0.0 38.0 0.0 0.0 0.6872852233676975
38 45 41 0.0 0.0 4.0 0.0 117.0 0.0 0.0 0.66006600660066
38 45 42 0.0 0.0 0.0 0.0 4.0 0.0 0.0 0.6986027944111775
38 45 43 0.0 0.0 0.0 0.0 4.0 0.0 0.0 0.6986027944111775
39 34 41 0.0 0.0 0.0 0.0 2.0 0.0 0.0 0.6993006993006992
39 35 35 0.0 0.0 0.0 0.0 6.0 0.0 0.0 0.6979062811565303
39 35 36 0.0 0.0 0.0 0.0 11.0 0.0 0.0 0.6961710591745399
39 35 37 0.0 0.0 1.0 0.0 19.0 0.0 0.0 0.6930693069306929
39 35 38 0.0 0.0 1.0 0.0 40.0 0.0 0.0 0.6859382655560998
39 35 39 0.0 0.0 30.0 0.0 790.0 7.0 5.0 0.4978662873399715
39 35 40 0.0 0.0 1.0 0.0 99.0 0.0 0.0 0.6666666666666665
39 35 41 0.0 0.0 34.0 0.0 1002.0 8.0 2.0 0.46235138705416107
39 35 42 0.0 0.0 0.0 0.0 11.0 0.0 0.0 0.6961710591745399
39 36 35 0.0 0.0 3.0 0.0 138.0 0.0 0.0 0.6539000467071461
39 36 36 0.0 0.0 119.0 0.0 2786.0 24.0 46.0 0.28670899037476955
39 36 37 0.0 0.0 60.0 0.0 1593.0 10.0 14.0 0.3842986549547076
39 36 38 0.0 0.0 215.0 0.0 4624.0 15.0 199.0 0.2050981541166129
39 36 39 0.0 0.0 163.0 0.0 4492.0 23.0 200.0 0.21109770808202652
39 36 40 0.0 0.0 480.0 0.0 9589.0 20.0 2270.0 0.11608623548922055
39 36 41 0.0 0.0 206.0 0.0 4509.0 29.0 220.0 0.2093927609931199
39 36 42 0.0 0.0 116.0 0.0 3000.0 14.0 79.0 0.27445598902176044
39 36 43 0.0 0.0 3.0 0.0 117.0 0.0 0.0 0.6603773584905659
39 36 44 0.0 0.0 0.0 0.0 54.0 0.0 0.0 0.6815968841285296
39 37 34 0.0 0.0 0.0 0.0 3.0 0.0 0.0 0.6989515726410384
39 37 35 0.0 0.0 70.0 0.0 1437.0 14.0 7.0 0.4006868918145391
39 37 36 0.0 0.0 313.0 0.0 6981.0 13.0 697.0 0.15073212747631348
39 37 37 0.0 0.0 520.0 0.0 10184.0 34.0 2814.0 0.11041009463722397
39 37 38 0.0 0.0 615.0 0.0 11160.0 20.0 3744.0 0.10161126433444621
39 37 39 0.0 0.0 645.0 0.0 11243.0 21.0 3967.0 0.10088635872306694
39 37 40 0.0 0.0 1160.0 0.0 13449.0 29.0 11790.0 0.08430687703239792
39 37 41 0.0 0.0 1025.0 0.0 12879.0 32.0 9929.0 0.08807801195344447
39 37 42 0.0 0.0 380.0 0.0 7915.0 16.0 949.0 0.13614703880190604
39 37 43 0.0 0.0 453.0 0.0 8897.0 35.0 1543.0 0.12368583797155223
39 37 44 0.0 0.0 57.0 0.0 1259.0 5.0 4.0 0.42308854638863697
39 37 45 0.0 0.0 0.0 0.0 18.0 0.0 0.0 0.6937561942517343
39 38 34 0.0 0.0 0.0 0.0 12.0 0.0 0.0 0.6958250497017892
39 38 35 0.0 0.0 165.0 0.0 3798.0 20.0 107.0 0.23561090541905078
39 38 36 0.0 0.0 421.0 0.0 8662.0 18.0 1437.0 0.12642225031605558
39 38 37 0.0 0.0 775.0 0.0 12102.0 27.0 7425.0 0.09409234491565292
39 38 38 0.0 0.0 1137.0 0.0 13466.0 27.0 12244.0 0.08433226914041321
39 38 39 0.0 0.0 1241.0 0.0 13395.0 46.0 13795.0 0.08425613866153105
39 38 40 0.0 0.0 1942.0 1.0 12825.0 59.0 30025.0 0.0835571471202626
39 38 41 0.0 0.0 1002.0 0.0 13177.0 37.0 8611.0 0.08658008658008658
39 38 42 0.0 0.0 1110.0 0.0 13326.0 41.0 11125.0 0.08528784648187633
39 38 43 0.0 0.0 390.0 0.0 8399.0 25.0 1306.0 0.12997864636523998
39 38 44 0.0 0.0 324.0 0.0 7093.0 25.0 717.0 0.14895201617193318
39 38 45 0.0 0.0 0.0 0.0 54.0 0.0 0.0 0.6815968841285296
39 38 46 0.0 0.0 0.0 0.0 1.0 0.0 0.0 0.6996501749125437
39 39 34 0.0 0.0 0.0 0.0 23.0 0.0 0.0 0.6920415224913494
39 39 35 0.0 0.0 154.0 0.0 3701.0 15.0 93.0 0.23964395754878462
39 39 36 0.0 0.0 638.0 0.0 10829.0 23.0 3292.0 0.10395782282616765
39 39 37 0.0 0.0 832.0 0.0 12572.0 28.0 6396.0 0.0909445238404573
39 39 38 0.0 0.0 1551.0 0.0 13313.0 44.0 22214.0 0.08297771455666192
39 39 39 2.0 1.0 2261.0 17.0 11604.0 66.0 41467.0 0.0881778673552938
39 39 40 0.0 3.0 2545.0 34.0 12291.0 60.0 41128.0 0.08296787957804906
39 39 41 0.0 3.0 2527.0 22.0 11134.0 65.0 47714.0 0.08933129147524246
39 39 42 1.0 0.0 1180.0 4.0 13718.0 36.0 11425.0 0.08288437629506837
39 39 43 0.0 0.0 541.0 0.0 10177.0 20.0 2447.0 0.11018416496143553
39 39 44 0.0 0.0 174.0 0.0 4207.0 16.0 170.0 0.21998742928975482
39 39 45 0.0 0.0 1.0 0.0 83.0 0.0 0.0 0.6717850287907868
39 39 46 0.0 0.0 0.0 0.0 3.0 0.0 0.0 0.6989515726410384
39 40 34 0.0 0.0 1.0 0.0 31.0 0.0 0.0 0.6889763779527558
39 40 35 0.0 0.0 66.0 0.0 1463.0 11.0 11.0 0.39817974971558584
39 40 36 0.0 0.0 500.0 0.0 9865.0 18.0 2135.0 0.11327777328262803
39 40 37 0.0 0.0 1077.0 0.0 13454.0 42.0 10408.0 0.08475602373168664
39 40 38 0.0 1.0 1644.0 12.0 13172.0 40.0 23089.0 0.08316996376165864
39 40 39 0.0 0.0 2489.0 4.0 12036.0 75.0 43259.0 0.08477655322756449
39 40 40 0.0 9.0 2994.0 54.0 9215.0 76.0 70240.0 0.09816295049782639
39 40 41 0.0 12.0 2287.0 100.0 13084.0 58.0 33196.0 0.08009611533840608
39 40 42 0.0 9.0 972.0 114.0 13064.0 31.0 9063.0 0.08667120658701169
39 40 43 0.0 0.0 879.0 0.0 12614.0 26.0 8282.0 0.09032840828440543
39 40 44 0.0 0.0 433.0 0.0 8966.0 23.0 1804.0 0.1229364243062873
39 40 45 0.0 0.0 4.0 0.0 143.0 1.0 0.0 0.6523765144454798
39 41 34 0.0 0.0 0.0 0.0 4.0 0.0 0.0 0.6986027944111775
39 41 35 0.0 0.0 43.0 0.0 986.0 12.0 6.0 0.46419098143236065
39 41 36 0.0 0.0 278.0 0.0 6731.0 16.0 648.0 0.15562472209871053
39 41 37 0.0 0.0 620.0 0.0 11288.0 29.0 4305.0 0.10079919360645113
39 41 38 0.0 0.0 721.0 2.0 11879.0 21.0 4627.0 0.09594298245614034
39 41 39 0.0 0.0 1894.0 23.0 13158.0 54.0 28724.0 0.08199121522693996
39 41 40 1.0 5.0 2588.0 44.0 11238.0 59.0 48796.0 0.08821120282275849
39 41 41 0.0 4.0 2026.0 59.0 12887.0 58.0 30687.0 0.08249366566495786
39 41 42 0.0 11.0 1331.0 69.0 13206.0 40.0 17039.0 0.08427642667950878
39 41 43 0.0 0.0 1105.0 2.0 13319.0 34.0 11773.0 0.08525668351501126
39 41 44 0.0 0.0 180.0 0.0 4490.0 19.0 193.0 0.21036814425244177
39 41 45 0.0 0.0 4.0 0.0 138.0 2.0 0.0 0.6542056074766354
39 41 46 0.0 0.0 0.0 0.0 1.0 0.0 0.0 0.6996501749125437
39 42 35 0.0 0.0 24.0 0.0 463.0 2.0 1.0 0.5633802816901408
39 42 36 0.0 0.0 120.0 0.0 2582.0 20.0 39.0 0.29901751388295594
39 42 37 0.0 0.0 832.0 0.0 12253.0 38.0 6975.0 0.09293063391968137
39 42 38 0.0 0.0 597.0 0.0 10942.0 31.0 3495.0 0.10354263737889208
39 42 39 0.0 11.0 872.0 108.0 12604.0 44.0 5814.0 0.08990495761623427
39 42 40 0.0 2.0 1445.0 63.0 13579.0 37.0 16473.0 0.08191925102399063
39 42 41 0.0 15.0 1490.0 113.0 13093.0 50.0 20938.0 0.08381727833323353
39 42 42 0.0 2.0 644.0 43.0 11105.0 22.0 3929.0 0.10148604566872055
39 42 43 0.0 0.0 776.0 1.0 12182.0 24.0 6293.0 0.09365801445009364
39 42 44 0.0 0.0 349.0 0.0 7830.0 23.0 1026.0 0.13778171439818915
39 42 45 0.0 0.0 0.0 0.0 64.0 0.0 0.0 0.6782945736434108
39 43 35 0.0 0.0 0.0 0.0 8.0 0.0 0.0 0.697211155378486
39 43 36 0.0 0.0 6.0 0.0 276.0 3.0 1.0 0.6143045195261079
39 43 37 0.0 0.0 556.0 0.0 10240.0 24.0 2648.0 0.10950332420805631
39 43 38 0.0 0.0 453.0 0.0 9094.0 22.0 1453.0 0.12129613585167213
39 43 39 0.0 0.0 716.0 2.0 11745.0 21.0 5032.0 0.09684560044272274
39 43 40 0.0 0.0 392.0 1.0 8845.0 20.0 1599.0 0.12472160356347436
39 43 41 0.0 0.0 599.0 0.0 10823.0 25.0 3796.0 0.10439191708299157
39 43 42 0.0 0.0 408.0 2.0 8221.0 20.0 1163.0 0.1318267419962335
39 43 43 0.0 0.0 291.0 0.0 5940.0 25.0 403.0 0.1705860850493481
39 43 44 0.0 0.0 48.0 0.0 967.0 5.0 5.0 0.4651162790697673
39 43 45 0.0 0.0 0.0 0.0 63.0 2.0 0.0 0.6792819019893255
39 44 35 0.0 0.0 5.0 0.0 44.0 1.0 0.0 0.6835937499999999
39 44 36 0.0 0.0 5.0 0.0 91.0 1.0 0.0 0.6682577565632457
39 44 37 0.0 0.0 69.0 0.0 1444.0 9.0 8.0 0.3995433789954337
39 44 38 0.0 0.0 126.0 0.0 3452.0 15.0 102.0 0.25161754133716746
39 44 39 0.0 0.0 161.0 0.0 3905.0 13.0 116.0 0.23129026928795637
39 44 40 0.0 0.0 191.0 0.0 3875.0 20.0 142.0 0.2315580549123387
39 44 41 0.0 0.0 138.0 0.0 3381.0 20.0 94.0 0.2546380502000727
39 44 42 0.0 0.0 135.0 0.0 2962.0 11.0 63.0 0.27526543452615015
39 44 43 0.0 0.0 77.0 0.0 1454.0 9.0 6.0 0.39750141964792723
39 44 44 0.0 0.0 2.0 0.0 57.0 1.0 0.0 0.6802721088435373
39 44 45 0.0 0.0 0.0 0.0 9.0 1.0 0.0 0.697211155378486
39 45 36 0.0 0.0 0.0 0.0 1.0 0.0 0.0 0.6996501749125437
39 45 37 0.0 0.0 0.0 0.0 6.0 0.0 0.0 0.6979062811565303
39 45 38 0.0 0.0 0.0 0.0 6.0 0.0 0.0 0.6979062811565303
39 45 39 0.0 0.0 0.0 0.0 17.0 0.0 0.0 0.694100148735746
39 45 40 0.0 0.0 2.0 0.0 58.0 0.0 0.0 0.6796116504854368
39 45 41 0.0 0.0 7.0 0.0 116.0 4.0 0.0 0.6606890042472864
39 45 42 0.0 0.0 0.0 0.0 6.0 0.0 0.0 0.6979062811565303
39 45 43 0.0 0.0 0.0 0.0 1.0 0.0 0.0 0.6996501749125437
40 34 40 0.0 0.0 0.0 0.0 1.0 0.0 0.0 0.6996501749125437
40 34 41 0.0 0.0 0.0 0.0 2.0 0.0 0.0 0.6993006993006992
40 35 35 0.0 0.0 0.0 0.0 5.0 0.0 0.0 0.6986027944111775
40 35 36 0.0 0.0 0.0 0.0 21.0 0.0 0.0 0.6927263730826323
40 35 37 0.0 0.0 3.0 0.0 39.0 1.0 0.0 0.6866110838646394
40 35 38 0.0 0.0 8.0 0.0 197.0 2.0 0.0 0.6354970494779845
40 35 39 0.0 0.0 11.0 0.0 396.0 3.0 0.0 0.5823627287853577
40 35 40 0.0 0.0 47.0 0.0 891.0 10.0 6.0 0.47814207650273216
40 35 41 0.0 0.0 0.0 0.0 54.0 0.0 0.0 0.6815968841285296
40 35 42 0.0 0.0 0.0 0.0 14.0 0.0 0.0 0.6951340615690167
40 35 43 0.0 0.0 0.0 0.0 2.0 0.0 0.0 0.6993006993006992
40 35 44 0.0 0.0 1.0 0.0 2.0 0.0 0.0 0.6989515726410384
40 36 35 0.0 0.0 7.0 0.0 196.0 3.0 0.0 0.6363636363636362
40 36 36 0.0 0.0 258.0 0.0 5526.0 12.0 331.0 0.1799948572897917
40 36 37 0.0 0.0 160.0 0.0 3938.0 18.0 138.0 0.2301874383426504
40 36 38 0.0 0.0 146.0 0.0 3776.0 17.0 125.0 0.23700694091755542
40 36 39 0.0 0.0 451.0 0.0 9147.0 21.0 1783.0 0.12086678753345417
40 36 40 0.0 0.0 128.0 0.0 3596.0 12.0 126.0 0.2450122506125306
40 36 41 0.0 0.0 301.0 0.0 5878.0 26.0 386.0 0.17158965559504838
40 36 42 0.0 0.0 12.0 0.0 506.0 1.0 1.0 0.5562177195073499
40 36 43 0.0 0.0 16.0 0.0 636.0 3.0 1.0 0.5285013212533031
40 36 44 0.0 0.0 4.0 0.0 123.0 4.0 0.0 0.6597549481621111
40 37 34 0.0 0.0 0.0 0.0 5.0 0.0 0.0 0.6982543640897755
40 37 35 0.0 0.0 11.0 0.0 359.0 6.0 0.0 0.5922165820642977
40 37 36 0.0 0.0 520.0 0.0 9681.0 21.0 2091.0 0.11484823625922885
40 37 37 0.0 0.0 267.0 0.0 6630.0 25.0 687.0 0.15776425512733827
40 37 38 0.0 0.0 717.0 0.0 11962.0 28.0 4628.0 0.09542635130529614
40 37 39 0.0 0.0 937.0 0.0 13008.0 40.0 7804.0 0.08785140562248994
40 37 40 0.0 0.0 818.0 0.0 12285.0 22.0 5470.0 0.09269681520227768
40 37 41 0.0 0.0 502.0 0.0 9557.0 33.0 1786.0 0.11635638297872339
40 37 42 0.0 0.0 463.0 1.0 8727.0 33.0 1268.0 0.1253357206803939
40 37 43 0.0 0.0 300.0 0.0 6850.0 22.0 655.0 0.15327348368732208
40 37 44 0.0 0.0 3.0 0.0 266.0 5.0 0.0 0.6183745583038868
40 37 45 0.0 0.0 9.0 0.0 174.0 1.0 0.0 0.6416131989000916
40 38 34 0.0 0.0 0.0 0.0 26.0 0.0 0.0 0.6916996047430829
40 38 35 0.0 0.0 50.0 0.0 1698.0 9.0 17.0 0.3745318352059924
40 38 36 0.0 0.0 489.0 0.0 9110.0 26.0 1368.0 0.12089810017271155
40 38 37 0.0 0.0 1186.0 0.0 12978.0 40.0 15391.0 0.08657473254591552
40 38 38 0.0 0.0 1714.0 0.0 12326.0 53.0 29561.0 0.08730901153726224
40 38 39 0.0 1.0 1593.0 0.0 13570.0 43.0 20959.0 0.08154706430568498
40 38 40 0.0 0.0 1711.0 2.0 13848.0 42.0 21038.0 0.07975390224450267
40 38 41 0.0 0.0 1715.0 3.0 13418.0 33.0 23404.0 0.08166122258516098
40 38 42 0.0 0.0 1248.0 1.0 13659.0 34.0 13337.0 0.08279124778237729
40 38 43 0.0 0.0 550.0 0.0 9860.0 27.0 2144.0 0.11294876966518756
40 38 44 0.0 0.0 187.0 0.0 4127.0 17.0 157.0 0.2222222222222222
40 38 45 0.0 0.0 11.0 0.0 172.0 4.0 0.0 0.6424965580541532
40 38 46 0.0 0.0 0.0 0.0 1.0 0.0 0.0 0.6996501749125437
40 39 34 0.0 0.0 0.0 0.0 19.0 0.0 0.0 0.6934125804853887
40 39 35 0.0 0.0 283.0 0.0 5757.0 23.0 322.0 0.17447657028913258
40 39 36 0.0 0.0 533.0 0.0 10036.0 25.0 2235.0 0.11146496815286623
40 39 37 0.0 0.0 1144.0 0.0 13426.0 36.0 12139.0 0.08455127430849135
40 39 38 0.0 0.0 1818.0 0.0 13097.0 39.0 27220.0 0.0826934435912581
40 39 39 0.0 3.0 2488.0 21.0 11604.0 52.0 45214.0 0.08681632146843606
40 39 40 0.0 3.0 2485.0 14.0 12448.0 57.0 39879.0 0.08259099758126363
40 39 41 0.0 5.0 2471.0 53.0 12613.0 55.0 38071.0 0.08166122258516098
40 39 42 0.0 2.0 1878.0 8.0 12827.0 49.0 28936.0 0.08370702541106127
40 39 43 0.0 0.0 874.0 0.0 12483.0 31.0 5563.0 0.09127061738053327
40 39 44 0.0 0.0 341.0 0.0 7316.0 18.0 772.0 0.14521315216263872
40 39 45 0.0 0.0 107.0 0.0 2475.0 13.0 28.0 0.3063457330415755
40 39 46 0.0 0.0 0.0 0.0 1.0 0.0 0.0 0.6996501749125437
40 40 34 0.0 0.0 0.0 0.0 30.0 0.0 0.0 0.689655172413793
40 40 35 0.0 0.0 186.0 0.0 4300.0 14.0 183.0 0.21631644004944373
40 40 36 0.0 0.0 692.0 0.0 11523.0 23.0 4759.0 0.09852910127384051
40 40 37 0.0 0.0 1033.0 0.0 12929.0 28.0 11589.0 0.08771380239333373
40 40 38 0.0 0.0 1959.0 1.0 12590.0 47.0 32671.0 0.08456148828219376
40 40 39 0.0 18.0 2747.0 119.0 11374.0 62.0 49412.0 0.08617505847593253
40 40 40 7.0 82.0 2814.0 295.0 6566.0 77.0 95353.0 0.11921996082772714
40 40 41 0.0 7.0 2942.0 44.0 9598.0 79.0 64533.0 0.09595613433858806
40 40 42 0.0 15.0 1743.0 133.0 13107.0 36.0 25451.0 0.08229968843689377
40 40 43 0.0 0.0 941.0 1.0 12991.0 26.0 8587.0 0.08785691873235017
40 40 44 0.0 0.0 147.0 0.0 4058.0 14.0 132.0 0.22602518566354537
40 40 45 0.0 0.0 52.0 0.0 1102.0 7.0 7.0 0.44486812837623124
40 40 46 0.0 0.0 0.0 0.0 1.0 0.0 0.0 0.6996501749125437
40 41 34 0.0 0.0 0.0 0.0 9.0 0.0 0.0 0.6968641114982577
40 41 35 0.0 0.0 127.0 0.0 2738.0 19.0 54.0 0.2888980602558811
40 41 36 0.0 0.0 343.0 0.0 7593.0 16.0 875.0 0.14102951546287898
40 41 37 0.0 0.0 806.0 0.0 12239.0 26.0 7326.0 0.09310986964618248
40 41 38 0.0 0.0 1424.0 2.0 13915.0 46.0 16471.0 0.08085008085008084
40 41 39 0.0 3.0 2162.0 19.0 13228.0 54.0 30687.0 0.08040431886055592
40 41 40 0.0 28.0 2478.0 178.0 12014.0 56.0 40779.0 0.08381226053639845
40 41 41 0.0 611.0 1905.0 5178.0 9156.0 56.0 36386.0 0.07427449732081276
40 41 42 0.0 6.0 1702.0 79.0 12604.0 51.0 26688.0 0.08544921874999999
40 41 43 0.0 0.0 504.0 1.0 9490.0 20.0 1819.0 0.11687119125135653
40 41 44 0.0 0.0 399.0 0.0 8780.0 19.0 1534.0 0.1252684323550465
40 41 45 0.0 0.0 12.0 0.0 366.0 4.0 0.0 0.5902192242833051
40 42 34 0.0 0.0 0.0 0.0 4.0 0.0 0.0 0.6986027944111775
40 42 35 0.0 0.0 11.0 0.0 304.0 4.0 0.0 0.6057983556901773
40 42 36 0.0 0.0 104.0 0.0 2982.0 12.0 72.0 0.2758077226162332
40 42 37 0.0 0.0 352.0 0.0 7190.0 22.0 700.0 0.14696619777451184
40 42 38 0.0 0.0 1278.0 0.0 13062.0 38.0 16075.0 0.0856898029134533
40 42 39 0.0 2.0 1248.0 18.0 13649.0 46.0 12984.0 0.08281573498964802
40 42 40 0.0 5.0 2010.0 32.0 12799.0 40.0 30738.0 0.0831008488158129
40 42 41 0.0 11.0 1214.0 172.0 13498.0 43.0 13055.0 0.08293347550500563
40 42 42 0.0 4.0 722.0 130.0 11695.0 23.0 4130.0 0.09627948559246269
40 42 43 0.0 0.0 901.0 0.0 12760.0 20.0 9037.0 0.08938262146459809
40 42 44 0.0 0.0 335.0 0.0 7252.0 17.0 859.0 0.14619883040935672
40 42 45 0.0 0.0 2.0 0.0 103.0 1.0 0.0 0.6653992395437262
40 43 35 0.0 0.0 0.0 0.0 17.0 0.0 0.0 0.694100148735746
40 43 36 0.0 0.0 227.0 0.0 5153.0 18.0 289.0 0.19013988863235093
40 43 37 0.0 0.0 220.0 0.0 4497.0 19.0 207.0 0.20895522388059698
40 43 38 0.0 0.0 764.0 0.0 11981.0 23.0 4861.0 0.09499253630071922
40 43 39 0.0 0.0 679.0 0.0 11289.0 30.0 3489.0 0.10033684512291263
40 43 40 0.0 0.0 515.0 9.0 9622.0 16.0 2094.0 0.11534975694158357
40 43 41 0.0 0.0 939.0 0.0 12898.0 21.0 8480.0 0.0883894185238967
40 43 42 0.0 0.0 551.0 0.0 10151.0 15.0 2512.0 0.11021018657010154
40 43 43 0.0 0.0 239.0 0.0 5479.0 16.0 342.0 0.1817709685795897
40 43 44 0.0 0.0 293.0 0.0 6285.0 15.0 486.0 0.1633986928104575
40 43 45 0.0 0.0 1.0 0.0 76.0 1.0 0.0 0.6743737957610789
40 44 35 0.0 0.0 0.0 0.0 11.0 0.0 0.0 0.6961710591745399
40 44 36 0.0 0.0 16.0 0.0 318.0 4.0 0.0 0.6008583690987124
40 44 37 0.0 0.0 2.0 0.0 182.0 1.0 0.0 0.6413192853870818
40 44 38 0.0 0.0 97.0 0.0 2277.0 15.0 30.0 0.3212482790270766
40 44 39 0.0 0.0 113.0 0.0 2361.0 11.0 24.0 0.31376064545047055
40 44 40 0.0 0.0 178.0 0.0 4426.0 19.0 188.0 0.21253985122210411
40 44 41 0.0 0.0 267.0 1.0 6092.0 17.0 473.0 0.16780534579887327
40 44 42 0.0 0.0 46.0 0.0 1244.0 10.0 14.0 0.42669917708015836
40 44 43 0.0 0.0 32.0 0.0 651.0 8.0 1.0 0.5233644859813084
40 44 44 0.0 0.0 20.0 0.0 359.0 2.0 2.0 0.5889777029869583
40 44 45 0.0 0.0 6.0 0.0 152.0 3.0 0.0 0.6496519721577725
40 45 36 0.0 0.0 0.0 0.0 2.0 0.0 0.0 0.6993006993006992
40 45 37 0.0 0.0 0.0 0.0 3.0 0.0 0.0 0.6989515726410384
40 45 38 0.0 0.0 2.0 0.0 68.0 1.0 0.0 0.6766553890768486
40 45 39 0.0 0.0 0.0 0.0 13.0 0.0 0.0 0.695479384003974
40 45 40 0.0 0.0 0.0 0.0 35.0 0.0 0.0 0.6879606879606879
40 45 41 0.0 0.0 14.0 0.0 379.0 3.0 1.0 0.5857740585774057
40 45 42 0.0 0.0 4.0 0.0 137.0 2.0 0.0 0.6548175865294666
40 45 43 0.0 0.0 0.0 0.0 1.0 0.0 0.0 0.6996501749125437
41 34 37 0.0 0.0 0.0 0.0 2.0 0.0 0.0 0.6993006993006992
41 34 39 0.0 0.0 0.0 0.0 2.0 0.0 0.0 0.6993006993006992
41 34 40 0.0 0.0 0.0 0.0 3.0 0.0 0.0 0.6989515726410384
41 34 41 0.0 0.0 0.0 0.0 2.0 0.0 0.0 0.6993006993006992
41 35 35 0.0 0.0 0.0 0.0 7.0 0.0 0.0 0.6975585450921773
41 35 36 0.0 0.0 0.0 0.0 25.0 0.0 0.0 0.6913580246913579
41 35 37 0.0 0.0 5.0 0.0 108.0 2.0 0.0 0.6631927996210326
41 35 38 0.0 0.0 13.0 0.0 309.0 7.0 0.0 0.6047516198704103
41 35 39 0.0 0.0 3.0 0.0 147.0 1.0 0.0 0.6514657980456026
41 35 40 0.0 0.0 160.0 0.0 3427.0 16.0 83.0 0.25121119684191634
41 35 41 0.0 0.0 0.0 0.0 35.0 0.0 0.0 0.6882989183874139
41 35 42 0.0 0.0 0.0 0.0 17.0 0.0 0.0 0.694100148735746
41 35 43 0.0 0.0 0.0 0.0 2.0 0.0 0.0 0.6993006993006992
41 35 44 0.0 0.0 0.0 0.0 3.0 0.0 0.0 0.6989515726410384
41 36 34 0.0 0.0 0.0 0.0 1.0 0.0 0.0 0.6996501749125437
41 36 35 0.0 0.0 1.0 0.0 68.0 0.0 0.0 0.6773101112723753
41 36 36 0.0 0.0 78.0 0.0 2046.0 10.0 31.0 0.34030140982012635
41 36 37 0.0 0.0 285.0 0.0 6451.0 23.0 541.0 0.16056887257713037
41 36 38 0.0 0.0 118.0 0.0 3116.0 15.0 70.0 0.26814786439379423
41 36 39 0.0 0.0 344.0 0.0 6938.0 21.0 652.0 0.1511063140852671
41 36 40 0.0 0.0 307.0 0.0 6272.0 27.0 508.0 0.16355140186915884
41 36 41 0.0 0.0 110.0 0.0 2540.0 16.0 31.0 0.30211480362537757
41 36 42 0.0 0.0 33.0 0.0 880.0 5.0 4.0 0.4814305364511691
41 36 43 0.0 0.0 130.0 0.0 3098.0 16.0 81.0 0.26855937080375974
41 36 44 0.0 0.0 0.0 0.0 19.0 0.0 0.0 0.6934125804853887
41 37 34 0.0 0.0 0.0 0.0 1.0 0.0 0.0 0.6996501749125437
41 37 35 0.0 0.0 12.0 0.0 372.0 3.0 0.0 0.5879882402351952
41 37 36 0.0 0.0 390.0 0.0 8661.0 25.0 1679.0 0.12686905301313997
41 37 37 0.0 0.0 981.0 0.0 12886.0 33.0 10372.0 0.08827238335435056
41 37 38 0.0 0.0 795.0 0.0 12248.0 37.0 5371.0 0.09320284934425137
41 37 39 0.0 0.0 1179.0 0.0 12977.0 45.0 13999.0 0.08668730650154798
41 37 40 0.0 0.0 445.0 0.0 9448.0 14.0 1897.0 0.11781536648994359
41 37 41 0.0 0.0 753.0 1.0 12032.0 27.0 4763.0 0.09476748121573139
41 37 42 0.0 0.0 544.0 0.0 10412.0 26.0 2983.0 0.10820001545714505
41 37 43 0.0 0.0 259.0 0.0 5777.0 17.0 402.0 0.17445482866043613
41 37 44 0.0 0.0 60.0 0.0 1301.0 16.0 6.0 0.4186602870813396
41 37 45 0.0 0.0 0.0 0.0 13.0 0.0 0.0 0.6958250497017892
41 38 34 0.0 0.0 8.0 0.0 152.0 1.0 0.0 0.6484483557202407
41 38 35 0.0 0.0 54.0 0.0 1060.0 14.0 1.0 0.4516129032258064
41 38 36 0.0 0.0 344.0 0.0 7359.0 24.0 766.0 0.14455343314403712
41 38 37 0.0 0.0 556.0 0.0 10711.0 27.0 3149.0 0.10566835232847761
41 38 38 0.0 0.0 1458.0 0.0 12857.0 41.0 21598.0 0.08581060373889059
41 38 39 0.0 0.0 1192.0 0.0 13418.0 41.0 13267.0 0.0843221104619647
41 38 40 0.0 0.0 1166.0 1.0 13603.0 44.0 12796.0 0.08353221957040573
41 38 41 0.0 13.0 1248.0 208.0 13599.0 40.0 12770.0 0.08210662131253298
41 38 42 0.0 0.0 1199.0 2.0 13278.0 42.0 13337.0 0.08498239650358139
41 38 43 0.0 0.0 694.0 0.0 11446.0 25.0 4187.0 0.0991150442477876
41 38 44 0.0 0.0 115.0 0.0 2910.0 11.0 64.0 0.2791625124626121
41 38 45 0.0 0.0 2.0 0.0 82.0 0.0 0.0 0.6717850287907868
41 38 46 0.0 0.0 0.0 0.0 1.0 0.0 0.0 0.6996501749125437
41 39 34 0.0 0.0 0.0 0.0 13.0 0.0 0.0 0.695479384003974
41 39 35 0.0 0.0 85.0 0.0 2184.0 15.0 42.0 0.3290246768507638
41 39 36 0.0 0.0 357.0 0.0 7534.0 25.0 935.0 0.14178651002633175
41 39 37 0.0 0.0 923.0 0.0 12965.0 35.0 6901.0 0.08821676118462507
41 39 38 0.0 0.0 1704.0 2.0 13269.0 43.0 23483.0 0.08243052284503061
41 39 39 0.0 0.0 2545.0 9.0 10406.0 60.0 54275.0 0.09357037829167222
41 39 40 0.0 4.0 2368.0 24.0 12398.0 62.0 39203.0 0.0833134967864794
41 39 41 0.0 0.0 2678.0 6.0 10631.0 68.0 53694.0 0.09152719665271965
41 39 42 0.0 0.0 1818.0 1.0 12839.0 45.0 27812.0 0.08400336013440536
41 39 43 0.0 0.0 933.0 0.0 12958.0 31.0 8745.0 0.08809463881198086
41 39 44 0.0 0.0 388.0 0.0 8240.0 17.0 1270.0 0.1318639917114062
41 39 45 0.0 0.0 39.0 0.0 644.0 9.0 0.0 0.5235602094240837
41 39 46 0.0 0.0 0.0 0.0 3.0 0.0 0.0 0.6989515726410384
41 40 34 0.0 0.0 8.0 0.0 118.0 3.0 0.0 0.6594441827602449
41 40 35 0.0 0.0 185.0 0.0 4262.0 23.0 133.0 0.21789883268482485
41 40 36 0.0 0.0 612.0 0.0 11196.0 34.0 3833.0 0.10154493363313265
41 40 37 0.0 0.0 1157.0 0.0 13352.0 29.0 12418.0 0.08481764206955045
41 40 38 0.0 0.0 1699.0 0.0 13378.0 51.0 23632.0 0.08197201241290474
41 40 39 0.0 0.0 2572.0 6.0 11714.0 47.0 44531.0 0.08591592513040809
41 40 40 0.0 2.0 2287.0 38.0 12988.0 52.0 34994.0 0.08088277774568142
41 40 41 0.0 5.0 2743.0 40.0 9993.0 64.0 60502.0 0.09471618970299708
41 40 42 0.0 3.0 1939.0 45.0 12949.0 43.0 29028.0 0.08260561718196836
41 40 43 0.0 0.0 644.0 0.0 11150.0 28.0 3714.0 0.10164077246987076
41 40 44 0.0 0.0 419.0 0.0 8374.0 23.0 1216.0 0.1299062818966317
41 40 45 0.0 0.0 6.0 0.0 144.0 3.0 0.0 0.6520726595249184
41 41 34 0.0 0.0 1.0 0.0 26.0 1.0 0.0 0.6910167818361302
41 41 35 0.0 0.0 150.0 0.0 4068.0 18.0 151.0 0.22580645161290316
41 41 36 0.0 0.0 851.0 0.0 12514.0 29.0 6420.0 0.09119927040583675
41 41 37 0.0 0.0 1333.0 0.0 13162.0 41.0 17424.0 0.08485877076009213
41 41 38 0.0 0.0 1698.0 1.0 12962.0 48.0 25036.0 0.08411439557798604
41 41 39 0.0 9.0 2660.0 25.0 10924.0 55.0 50903.0 0.08953696597595291
41 41 40 0.0 10.0 2635.0 62.0 10942.0 61.0 50372.0 0.0893712097031599
41 41 41 0.0 19.0 2188.0 131.0 12255.0 56.0 36153.0 0.08434243026688354
41 41 42 0.0 1.0 1129.0 54.0 13539.0 29.0 11077.0 0.08373706561397212
41 41 43 0.0 0.0 784.0 1.0 12144.0 29.0 5384.0 0.09376465072667603
41 41 44 0.0 0.0 243.0 0.0 5638.0 24.0 352.0 0.17816238228556883
41 41 45 0.0 0.0 12.0 0.0 313.0 3.0 0.0 0.6029285099052539
41 42 34 0.0 0.0 0.0 0.0 1.0 0.0 0.0 0.6996501749125437
41 42 35 0.0 0.0 129.0 0.0 3127.0 11.0 68.0 0.26681913474366303
41 42 36 0.0 0.0 203.0 0.0 4739.0 16.0 231.0 0.20210769452865593
41 42 37 0.0 0.0 563.0 0.0 10285.0 32.0 2515.0 0.10917030567685589
41 42 38 0.0 0.0 651.0 0.0 10997.0 23.0 3267.0 0.10261672652642378
41 42 39 0.0 0.0 1178.0 2.0 13483.0 28.0 12297.0 0.08398320335932813
41 42 40 0.0 7.0 1541.0 75.0 13487.0 39.0 19069.0 0.08176614881439084
41 42 41 0.0 7.0 1055.0 70.0 13189.0 30.0 10576.0 0.0857948277975242
41 42 42 0.0 4.0 1141.0 42.0 13284.0 28.0 13222.0 0.0849514563106796
41 42 43 0.0 0.0 902.0 2.0 12692.0 37.0 7097.0 0.08984149393569915
41 42 44 0.0 0.0 62.0 0.0 1605.0 13.0 21.0 0.3831417624521072
41 42 45 0.0 0.0 10.0 0.0 283.0 5.0 0.0 0.6118881118881118
41 43 34 0.0 0.0 0.0 0.0 3.0 0.0 0.0 0.6989515726410384
41 43 35 0.0 0.0 17.0 0.0 711.0 5.0 2.0 0.5141388174807198
41 43 36 0.0 0.0 52.0 0.0 945.0 9.0 5.0 0.46885465505693225
41 43 37 0.0 0.0 393.0 0.0 7806.0 21.0 921.0 0.13751104999508887
41 43 38 0.0 0.0 353.0 0.0 7073.0 29.0 630.0 0.14893617021276595
41 43 39 0.0 0.0 508.0 0.0 9770.0 19.0 2503.0 0.11411803064884249
41 43 40 0.0 0.0 587.0 0.0 10783.0 32.0 3238.0 0.10484535310417134
41 43 41 0.0 0.0 559.0 0.0 10557.0 30.0 2677.0 0.10689470871191874
41 43 42 0.0 0.0 523.0 0.0 10005.0 35.0 2441.0 0.11199999999999999
41 43 43 0.0 0.0 459.0 1.0 8980.0 24.0 1506.0 0.12248468941382326
41 43 44 0.0 0.0 229.0 0.0 5077.0 25.0 254.0 0.19225487503433122
41 43 45 0.0 0.0 0.0 0.0 16.0 0.0 0.0 0.6944444444444444
41 44 35 0.0 0.0 0.0 0.0 7.0 0.0 0.0 0.6975585450921773
41 44 36 0.0 0.0 3.0 0.0 29.0 0.0 0.0 0.6889763779527558
41 44 37 0.0 0.0 15.0 0.0 422.0 3.0 3.0 0.5751848808545603
41 44 38 0.0 0.0 11.0 0.0 489.0 2.0 3.0 0.5604483586869494
41 44 39 0.0 0.0 75.0 0.0 1962.0 7.0 26.0 0.3474807644576817
41 44 40 0.0 0.0 196.0 0.0 4369.0 19.0 153.0 0.21383839926683973
41 44 41 0.0 0.0 41.0 0.0 1187.0 12.0 11.0 0.4353233830845771
41 44 42 0.0 0.0 21.0 0.0 770.0 5.0 2.0 0.5025125628140703
41 44 43 0.0 0.0 67.0 0.0 1944.0 12.0 25.0 0.3499999999999999
41 44 44 0.0 0.0 0.0 0.0 36.0 0.0 0.0 0.6876227897838899
41 44 45 0.0 0.0 6.0 0.0 142.0 3.0 0.0 0.6526806526806526
41 45 38 0.0 0.0 0.0 0.0 2.0 0.0 0.0 0.6993006993006992
41 45 39 0.0 0.0 60.0 0.0 1128.0 9.0 5.0 0.44039005976722234
41 45 40 0.0 0.0 1.0 0.0 51.0 1.0 0.0 0.68259385665529
41 45 41 0.0 0.0 0.0 0.0 18.0 0.0 0.0 0.6937561942517343
41 45 42 0.0 0.0 0.0 0.0 12.0 0.0 0.0 0.6958250497017892
41 45 43 0.0 0.0 0.0 0.0 1.0 0.0 0.0 0.6996501749125437
41 45 44 0.0 0.0 0.0 0.0 1.0 0.0 0.0 0.6996501749125437
42 34 37 0.0 0.0 0.0 0.0 1.0 0.0 0.0 0.6996501749125437
42 34 39 0.0 0.0 10.0 0.0 115.0 1.0 0.0 0.6591337099811675
42 34 40 0.0 0.0 0.0 0.0 2.0 0.0 0.0 0.6993006993006992
42 35 35 0.0 0.0 0.0 0.0 2.0 0.0 0.0 0.6993006993006992
42 35 36 0.0 0.0 1.0 0.0 11.0 0.0 0.0 0.6958250497017892
42 35 37 0.0 0.0 34.0 0.0 918.0 7.0 7.0 0.4752206381534283
42 35 38 0.0 0.0 19.0 0.0 469.0 7.0 0.0 0.564516129032258
42 35 39 0.0 0.0 1.0 0.0 72.0 1.0 0.0 0.6756756756756755
42 35 40 0.0 0.0 0.0 0.0 45.0 0.0 0.0 0.684931506849315
42 35 41 0.0 0.0 5.0 0.0 212.0 1.0 0.0 0.6317689530685919
42 35 42 0.0 0.0 0.0 0.0 7.0 0.0 0.0 0.6975585450921773
42 35 43 0.0 0.0 0.0 0.0 2.0 0.0 0.0 0.6993006993006992
42 36 35 0.0 0.0 1.0 0.0 61.0 0.0 0.0 0.6789524733268669
42 36 36 0.0 0.0 106.0 0.0 2268.0 12.0 36.0 0.3209536909674461
42 36 37 0.0 0.0 189.0 0.0 4935.0 13.0 240.0 0.1967397414277684
42 36 38 0.0 0.0 422.0 0.0 8127.0 19.0 1078.0 0.13289036544850497
42 36 39 0.0 0.0 151.0 0.0 3504.0 14.0 100.0 0.24813895781637713
42 36 40 0.0 0.0 287.0 0.0 7114.0 18.0 868.0 0.1491265445249254
42 36 41 0.0 0.0 80.0 0.0 1853.0 15.0 21.0 0.35723398826231173
42 36 42 0.0 0.0 88.0 0.0 2344.0 14.0 50.0 0.31695721077654515
42 36 43 0.0 0.0 2.0 0.0 96.0 1.0 0.0 0.6676204101096804
42 36 44 0.0 0.0 1.0 0.0 34.0 0.0 0.0 0.6879606879606879
42 37 35 0.0 0.0 15.0 0.0 591.0 2.0 1.0 0.5376344086021504
42 37 36 0.0 0.0 204.0 0.0 4368.0 16.0 169.0 0.21354484441732763
42 37 37 0.0 0.0 461.0 0.0 9089.0 18.0 1698.0 0.12132767137533579
42 37 38 0.0 0.0 532.0 0.0 10158.0 28.0 2548.0 0.11044493531082358
42 37 39 0.0 0.0 879.0 0.0 12788.0 28.0 7588.0 0.08939974457215835
42 37 40 0.0 0.0 635.0 1.0 11239.0 22.0 3587.0 0.10097367472051928
42 37 41 0.0 0.0 610.0 0.0 10873.0 34.0 3318.0 0.1040118870728083
42 37 42 0.0 0.0 380.0 0.0 7734.0 21.0 907.0 0.13864131511190333
42 37 43 0.0 0.0 130.0 0.0 3048.0 17.0 64.0 0.2713178294573643
42 37 44 0.0 0.0 7.0 0.0 299.0 3.0 1.0 0.6081668114682883
42 37 45 0.0 0.0 0.0 0.0 22.0 0.0 0.0 0.6923837784371908
42 37 46 0.0 0.0 0.0 0.0 3.0 0.0 0.0 0.6989515726410384
42 38 34 0.0 0.0 1.0 0.0 5.0 1.0 0.0 0.6982543640897755
42 38 35 0.0 0.0 55.0 0.0 1341.0 14.0 9.0 0.4139562389118863
42 38 36 0.0 0.0 182.0 0.0 4066.0 23.0 150.0 0.22489959839357426
42 38 37 0.0 0.0 764.0 0.0 11762.0 22.0 4486.0 0.09631922944616442
42 38 38 0.0 0.0 1403.0 0.0 12976.0 36.0 20006.0 0.08548574219942602
42 38 39 0.0 0.0 1600.0 0.0 12592.0 46.0 25835.0 0.0864250879683931
42 38 40 0.0 0.0 1202.0 1.0 13568.0 45.0 13359.0 0.08352723584511663
42 38 41 0.0 0.0 1256.0 0.0 13754.0 36.0 13104.0 0.08229485069362802
42 38 42 0.0 0.0 804.0 0.0 12119.0 28.0 5346.0 0.09389671361502346
42 38 43 0.0 0.0 784.0 0.0 11956.0 29.0 5450.0 0.0950312245452077
42 38 44 0.0 0.0 243.0 0.0 5627.0 25.0 379.0 0.1783893985728848
42 38 45 0.0 0.0 157.0 0.0 3131.0 20.0 73.0 0.26575550493545935
42 38 46 0.0 0.0 0.0 0.0 3.0 0.0 0.0 0.6989515726410384
42 39 34 0.0 0.0 0.0 0.0 12.0 0.0 0.0 0.6958250497017892
42 39 35 0.0 0.0 221.0 0.0 4693.0 21.0 188.0 0.2030456852791878
42 39 36 0.0 0.0 472.0 0.0 8816.0 28.0 1268.0 0.12424565140220091
42 39 37 0.0 0.0 849.0 0.0 12605.0 30.0 8128.0 0.09059729502361999
42 39 38 0.0 0.0 1257.0 0.0 13854.0 38.0 12625.0 0.08186655751125664
42 39 39 0.0 0.0 1475.0 0.0 13424.0 42.0 18720.0 0.08287946957139473
42 39 40 0.0 3.0 1491.0 22.0 13900.0 44.0 17045.0 0.08033972225410306
42 39 41 0.0 0.0 1525.0 0.0 13448.0 49.0 20629.0 0.08245479710230284
42 39 42 0.0 0.0 1512.0 0.0 12380.0 49.0 24972.0 0.08815565770417479
42 39 43 0.0 0.0 1214.0 0.0 13415.0 45.0 13412.0 0.08429672447013487
42 39 44 0.0 0.0 265.0 0.0 6332.0 11.0 531.0 0.1629802095459837
42 39 45 0.0 0.0 5.0 0.0 179.0 2.0 0.0 0.6416131989000916
42 40 34 0.0 0.0 6.0 0.0 87.0 1.0 0.0 0.6692160611854684
42 40 35 0.0 0.0 91.0 0.0 1967.0 11.0 18.0 0.3460207612456747
42 40 36 0.0 0.0 351.0 0.0 7206.0 17.0 713.0 0.14656616415410384
42 40 37 0.0 0.0 922.0 0.0 12752.0 36.0 8026.0 0.08941687424155328
42 40 38 0.0 0.0 2026.0 0.0 12322.0 41.0 34424.0 0.0855327468230694
42 40 39 0.0 0.0 2044.0 1.0 12506.0 47.0 32727.0 0.08451044307618012
42 40 40 0.0 0.0 2165.0 0.0 12024.0 57.0 38020.0 0.0865533230293663
42 40 41 0.0 0.0 1737.0 2.0 13646.0 59.0 22756.0 0.08059873344847437
42 40 42 0.0 2.0 1577.0 11.0 13575.0 36.0 19885.0 0.08149010477299184
42 40 43 0.0 0.0 760.0 1.0 12170.0 33.0 6100.0 0.0938337801608579
42 40 44 0.0 0.0 300.0 0.0 6404.0 26.0 520.0 0.16125316747293247
42 40 45 0.0 0.0 14.0 0.0 374.0 3.0 0.0 0.5870020964360586
42 41 34 0.0 0.0 0.0 0.0 3.0 0.0 0.0 0.6989515726410384
42 41 35 0.0 0.0 3.0 0.0 198.0 1.0 1.0 0.6372325898953117
42 41 36 0.0 0.0 413.0 0.0 8439.0 25.0 1326.0 0.1291989664082687
42 41 37 0.0 0.0 674.0 0.0 11576.0 35.0 4281.0 0.09842519685039368
42 41 38 0.0 0.0 962.0 0.0 13101.0 39.0 8781.0 0.08719481813652216
42 41 39 0.0 0.0 1635.0 0.0 13262.0 41.0 22603.0 0.08275699001004906
42 41 40 0.0 0.0 1494.0 0.0 14018.0 28.0 16885.0 0.0799725808294299
42 41 41 0.0 0.0 1960.0 1.0 12261.0 48.0 33343.0 0.08622282441337685
42 41 42 0.0 0.0 1279.0 1.0 13106.0 43.0 16065.0 0.08549096238397655
42 41 43 0.0 0.0 499.0 1.0 9601.0 16.0 2159.0 0.1157886030932098
42 41 44 0.0 0.0 187.0 0.0 4792.0 19.0 267.0 0.2011205286596753
42 41 45 0.0 0.0 1.0 0.0 69.0 1.0 0.0 0.6766553890768486
42 42 34 0.0 0.0 0.0 0.0 5.0 0.0 0.0 0.6982543640897755
42 42 35 0.0 0.0 67.0 0.0 1305.0 13.0 7.0 0.4169148302561048
42 42 36 0.0 0.0 358.0 0.0 7613.0 21.0 1007.0 0.14056224899598393
42 42 37 0.0 0.0 275.0 0.0 6030.0 13.0 447.0 0.16867469879518068
42 42 38 0.0 0.0 884.0 0.0 12546.0 42.0 7964.0 0.0908265213442325
42 42 39 0.0 0.0 1281.0 0.0 13510.0 39.0 14478.0 0.08339289969025493
42 42 40 0.0 0.0 1649.0 0.0 12979.0 32.0 24886.0 0.08410934214478821
42 42 41 0.0 0.0 1161.0 1.0 13168.0 34.0 13420.0 0.08575278696557637
42 42 42 0.0 0.0 998.0 1.0 12983.0 30.0 10783.0 0.08757662955085699
42 42 43 0.0 0.0 487.0 0.0 9312.0 22.0 1876.0 0.11876484560570069
42 42 44 0.0 0.0 142.0 0.0 2918.0 10.0 55.0 0.27733755942947697
42 42 45 0.0 0.0 4.0 0.0 79.0 1.0 0.0 0.6724303554274734
42 43 34 0.0 0.0 0.0 0.0 2.0 0.0 0.0 0.6993006993006992
42 43 35 0.0 0.0 0.0 0.0 23.0 1.0 0.0 0.6923837784371908
42 43 36 0.0 0.0 119.0 0.0 2498.0 9.0 47.0 0.3038853917950944
42 43 37 0.0 0.0 7.0 0.0 443.0 3.0 0.0 0.5723630417007358
42 43 38 0.0 0.0 158.0 0.0 3774.0 20.0 124.0 0.2368064952638701
42 43 39 0.0 0.0 786.0 0.0 12101.0 36.0 5160.0 0.09413030323404827
42 43 40 0.0 0.0 358.0 1.0 8457.0 20.0 1467.0 0.12960562858729863
42 43 41 0.0 0.0 652.0 0.0 11538.0 23.0 4025.0 0.0987097229077064
42 43 42 0.0 0.0 267.0 1.0 5762.0 21.0 376.0 0.17473789316025956
42 43 43 0.0 0.0 168.0 0.0 4002.0 17.0 161.0 0.22756827048114434
42 43 44 0.0 0.0 35.0 0.0 685.0 15.0 1.0 0.5175600739371533
42 43 45 0.0 0.0 0.0 0.0 7.0 0.0 0.0 0.6975585450921773
42 44 35 0.0 0.0 0.0 0.0 2.0 0.0 0.0 0.6993006993006992
42 44 36 0.0 0.0 0.0 0.0 13.0 0.0 0.0 0.695479384003974
42 44 37 0.0 0.0 0.0 0.0 53.0 0.0 0.0 0.6819288845591815
42 44 38 0.0 0.0 18.0 0.0 672.0 1.0 3.0 0.520639642989959
42 44 39 0.0 0.0 194.0 0.0 4301.0 17.0 174.0 0.2160827288161753
42 44 40 0.0 0.0 129.0 0.0 2992.0 11.0 63.0 0.27381185214159975
42 44 41 0.0 0.0 19.0 0.0 614.0 8.0 0.0 0.5333333333333332
42 44 42 0.0 0.0 121.0 0.0 2739.0 16.0 51.0 0.2889576883384932
42 44 43 0.0 0.0 88.0 0.0 2419.0 12.0 49.0 0.31145717463848716
42 44 44 0.0 0.0 2.0 0.0 90.0 0.0 0.0 0.669536107125777
42 44 45 0.0 0.0 0.0 0.0 6.0 0.0 0.0 0.6979062811565303
42 45 38 0.0 0.0 0.0 0.0 4.0 0.0 0.0 0.6986027944111775
42 45 39 0.0 0.0 0.0 0.0 7.0 0.0 0.0 0.6975585450921773
42 45 40 0.0 0.0 0.0 0.0 30.0 0.0 0.0 0.689655172413793
42 45 41 0.0 0.0 1.0 0.0 17.0 1.0 0.0 0.694100148735746
42 45 42 0.0 0.0 0.0 0.0 3.0 0.0 0.0 0.6989515726410384
42 45 43 0.0 0.0 0.0 0.0 3.0 0.0 0.0 0.6989515726410384
42 45 44 0.0 0.0 0.0 0.0 2.0 0.0 0.0 0.6993006993006992
43 34 38 0.0 0.0 0.0 0.0 1.0 0.0 0.0 0.6996501749125437
43 35 35 0.0 0.0 0.0 0.0 1.0 0.0 0.0 0.6996501749125437
43 35 36 0.0 0.0 1.0 0.0 5.0 1.0 0.0 0.6982543640897755
43 35 37 0.0 0.0 3.0 0.0 47.0 0.0 0.0 0.6829268292682925
43 35 38 0.0 0.0 6.0 0.0 115.0 2.0 0.0 0.6606890042472864
43 35 39 0.0 0.0 3.0 0.0 118.0 1.0 0.0 0.6603773584905659
43 35 40 0.0 0.0 1.0 0.0 57.0 0.0 0.0 0.6802721088435373
43 35 41 0.0 0.0 1.0 0.0 30.0 0.0 0.0 0.6893156080748399
43 35 43 0.0 0.0 0.0 0.0 6.0 0.0 0.0 0.6979062811565303
43 36 35 0.0 0.0 0.0 0.0 3.0 0.0 0.0 0.6989515726410384
43 36 36 0.0 0.0 3.0 0.0 83.0 2.0 0.0 0.6724303554274734
43 36 37 0.0 0.0 7.0 0.0 403.0 3.0 1.0 0.5816368923971748
43 36 38 0.0 0.0 179.0 0.0 4093.0 20.0 159.0 0.22399999999999998
43 36 39 0.0 0.0 308.0 0.0 6187.0 19.0 447.0 0.16511381059087152
43 36 40 0.0 0.0 113.0 0.0 2813.0 17.0 64.0 0.2852485737571312
43 36 41 0.0 0.0 111.0 0.0 2560.0 21.0 44.0 0.3009458297506449
43 36 42 0.0 0.0 101.0 0.0 2418.0 19.0 36.0 0.31111111111111106
43 36 43 0.0 0.0 2.0 0.0 70.0 0.0 0.0 0.6756756756756755
43 36 44 0.0 0.0 0.0 0.0 7.0 0.0 0.0 0.6975585450921773
43 37 35 0.0 0.0 0.0 0.0 11.0 0.0 0.0 0.6961710591745399
43 37 36 0.0 0.0 15.0 0.0 386.0 4.0 1.0 0.5843071786310516
43 37 37 0.0 0.0 255.0 0.0 5486.0 20.0 371.0 0.18118286527759803
43 37 38 0.0 0.0 822.0 0.0 12243.0 29.0 6016.0 0.09294914354003452
43 37 39 0.0 0.0 521.0 0.0 9667.0 21.0 2095.0 0.1150086256469235
43 37 40 0.0 0.0 389.0 0.0 8522.0 26.0 1345.0 0.12847572726438466
43 37 41 0.0 0.0 447.0 0.0 8972.0 26.0 1517.0 0.12280701754385963
43 37 42 0.0 0.0 201.0 0.0 4938.0 26.0 223.0 0.19676739283204495
43 37 43 0.0 0.0 209.0 0.0 4499.0 19.0 174.0 0.20920502092050206
43 37 44 0.0 0.0 12.0 0.0 349.0 6.0 0.0 0.594732370433305
43 37 45 0.0 0.0 0.0 0.0 21.0 0.0 0.0 0.6927263730826323
43 38 34 0.0 0.0 0.0 0.0 3.0 0.0 0.0 0.6989515726410384
43 38 35 0.0 0.0 11.0 0.0 140.0 0.0 1.0 0.6508600650860064
43 38 36 0.0 0.0 159.0 0.0 3776.0 21.0 92.0 0.23672641190395668
43 38 37 0.0 0.0 398.0 0.0 8983.0 20.0 1808.0 0.12316354359109702
43 38 38 0.0 0.0 707.0 0.0 11854.0 17.0 5745.0 0.09614724263443444
43 38 39 0.0 0.0 963.0 0.0 12919.0 35.0 8578.0 0.08818342151675483
43 38 40 0.0 0.0 663.0 0.0 11321.0 30.0 3955.0 0.10021474588403721
43 38 41 0.0 0.0 765.0 0.0 12111.0 37.0 5576.0 0.09423167530457023
43 38 42 0.0 0.0 946.0 0.0 12646.0 26.0 8835.0 0.08972058446552166
43 38 43 0.0 0.0 389.0 0.0 8025.0 30.0 1134.0 0.13475791702762535
43 38 44 0.0 0.0 250.0 0.0 5496.0 23.0 367.0 0.18118286527759803
43 38 45 0.0 0.0 3.0 0.0 79.0 1.0 0.0 0.6734006734006733
43 39 34 0.0 0.0 0.0 0.0 4.0 0.0 0.0 0.6986027944111775
43 39 35 0.0 0.0 3.0 0.0 77.0 2.0 0.0 0.6740491092922483
43 39 36 0.0 0.0 334.0 0.0 7098.0 21.0 749.0 0.1486988847583643
43 39 37 0.0 0.0 550.0 0.0 10231.0 28.0 2515.0 0.10964053567233142
43 39 38 0.0 0.0 704.0 0.0 11594.0 27.0 4278.0 0.09795004547680682
43 39 39 0.0 0.0 981.0 0.0 12957.0 24.0 9307.0 0.08785140562248994
43 39 40 0.0 0.0 1278.0 1.0 13415.0 38.0 15362.0 0.08388759062855772
43 39 41 0.0 0.0 920.0 0.0 12847.0 35.0 7485.0 0.08887760284408329
43 39 42 0.0 0.0 799.0 0.0 12206.0 25.0 5995.0 0.09333955597039802
43 39 43 0.0 0.0 422.0 0.0 9190.0 28.0 1870.0 0.1208042108896367
43 39 44 0.0 0.0 114.0 0.0 3128.0 16.0 63.0 0.26784006122058535
43 39 45 0.0 0.0 4.0 0.0 95.0 0.0 0.0 0.6673021925643469
43 39 46 0.0 0.0 0.0 0.0 2.0 0.0 0.0 0.6993006993006992
43 40 34 0.0 0.0 0.0 0.0 2.0 0.0 0.0 0.6993006993006992
43 40 35 0.0 0.0 3.0 0.0 64.0 1.0 0.0 0.6776379477250725
43 40 36 0.0 0.0 279.0 0.0 6428.0 24.0 578.0 0.1611232592933594
43 40 37 0.0 0.0 807.0 0.0 12293.0 34.0 5771.0 0.0928012727031685
43 40 38 0.0 0.0 888.0 0.0 12590.0 28.0 7045.0 0.09055041717870771
43 40 39 0.0 0.0 953.0 0.0 12892.0 32.0 8744.0 0.08840058091810316
43 40 40 0.0 0.0 954.0 0.0 12780.0 33.0 8971.0 0.08904153151434203
43 40 41 0.0 0.0 975.0 0.0 13061.0 24.0 8073.0 0.08727091385114075
43 40 42 0.0 0.0 745.0 0.0 11876.0 32.0 5448.0 0.09584445813650988
43 40 43 0.0 0.0 982.0 0.0 12701.0 26.0 9840.0 0.08922880815806246
43 40 44 0.0 0.0 333.0 0.0 6487.0 26.0 500.0 0.1591270743350761
43 40 45 0.0 0.0 1.0 0.0 54.0 0.0 0.0 0.6812652068126519
43 41 34 0.0 0.0 0.0 0.0 1.0 0.0 0.0 0.6996501749125437
43 41 35 0.0 0.0 0.0 0.0 76.0 1.0 0.0 0.6750241080038573
43 41 36 0.0 0.0 96.0 0.0 2251.0 19.0 34.0 0.3235498035590478
43 41 37 0.0 0.0 284.0 0.0 6802.0 17.0 730.0 0.15423598105100803
43 41 38 0.0 0.0 623.0 0.0 10959.0 23.0 3414.0 0.10313075506445672
43 41 39 0.0 0.0 1093.0 0.0 13229.0 36.0 11106.0 0.08577380223011885
43 41 40 0.0 0.0 987.0 0.0 12905.0 24.0 10515.0 0.08807801195344447
43 41 41 0.0 0.0 1002.0 0.0 13077.0 30.0 9603.0 0.08706467661691542
43 41 42 0.0 0.0 605.0 0.0 11123.0 18.0 3820.0 0.10203337949129071
43 41 43 0.0 0.0 425.0 0.0 8607.0 18.0 1427.0 0.12705327162174423
43 41 44 0.0 0.0 10.0 0.0 630.0 3.0 4.0 0.5309063329541144
43 41 45 0.0 0.0 3.0 0.0 14.0 1.0 0.0 0.6944444444444444
43 42 35 0.0 0.0 1.0 0.0 51.0 1.0 0.0 0.68259385665529
43 42 36 0.0 0.0 6.0 0.0 273.0 3.0 0.0 0.6151142355008786
43 42 37 0.0 0.0 165.0 0.0 4295.0 13.0 195.0 0.21702061695861105
43 42 38 0.0 0.0 563.0 0.0 10503.0 25.0 3121.0 0.10720575848074124
43 42 39 0.0 0.0 446.0 0.0 9230.0 25.0 1860.0 0.12005831403824713
43 42 40 0.0 0.0 816.0 0.0 12451.0 37.0 6641.0 0.09173109684182937
43 42 41 0.0 0.0 559.0 0.0 10335.0 33.0 2456.0 0.10878010878010877
43 42 42 0.0 0.0 463.0 0.0 9276.0 28.0 1754.0 0.11948450968677989
43 42 43 0.0 0.0 360.0 0.0 7584.0 20.0 845.0 0.1409443269908386
43 42 44 0.0 0.0 1.0 0.0 111.0 1.0 0.0 0.6631927996210326
43 42 45 0.0 0.0 0.0 0.0 3.0 0.0 0.0 0.6989515726410384
43 43 35 0.0 0.0 0.0 0.0 12.0 0.0 0.0 0.6958250497017892
43 43 36 0.0 0.0 0.0 0.0 32.0 0.0 0.0 0.6889763779527558
43 43 37 0.0 0.0 69.0 0.0 2010.0 12.0 30.0 0.34414945919370693
43 43 38 0.0 0.0 264.0 0.0 6149.0 12.0 491.0 0.1665675193337299
43 43 39 0.0 0.0 494.0 0.0 9146.0 17.0 1639.0 0.12028524787352862
43 43 40 0.0 0.0 306.0 0.0 7519.0 23.0 983.0 0.14276973281664285
43 43 41 0.0 0.0 558.0 0.0 10077.0 27.0 2401.0 0.11097899326198968
43 43 42 0.0 0.0 403.0 0.0 7820.0 20.0 974.0 0.13708019191226864
43 43 43 0.0 0.0 234.0 0.0 5005.0 20.0 248.0 0.19382528035442337
43 43 44 0.0 0.0 0.0 0.0 34.0 0.0 0.0 0.6882989183874139
43 43 45 0.0 0.0 0.0 0.0 2.0 0.0 0.0 0.6993006993006992
43 44 37 0.0 0.0 0.0 0.0 14.0 0.0 0.0 0.695479384003974
43 44 38 0.0 0.0 53.0 0.0 1014.0 12.0 4.0 0.4582651391162029
43 44 39 0.0 0.0 32.0 0.0 720.0 7.0 3.0 0.510204081632653
43 44 40 0.0 0.0 361.0 0.0 7374.0 14.0 827.0 0.1438553226469379
43 44 41 0.0 0.0 1.0 0.0 210.0 2.0 1.0 0.6340579710144926
43 44 42 0.0 0.0 44.0 0.0 1064.0 9.0 3.0 0.451758631816715
43 44 43 0.0 0.0 0.0 0.0 33.0 0.0 0.0 0.6886374815543531
43 44 44 0.0 0.0 0.0 0.0 6.0 0.0 0.0 0.6979062811565303
43 45 38 0.0 0.0 20.0 0.0 560.0 9.0 5.0 0.5445352003111629
43 45 39 0.0 0.0 2.0 0.0 57.0 1.0 0.0 0.6802721088435373
43 45 40 0.0 0.0 0.0 0.0 23.0 0.0 0.0 0.6920415224913494
43 45 41 0.0 0.0 0.0 0.0 9.0 0.0 0.0 0.6968641114982577
43 45 42 0.0 0.0 0.0 0.0 3.0 0.0 0.0 0.6989515726410384
43 45 43 0.0 0.0 0.0 0.0 2.0 0.0 0.0 0.6993006993006992
43 45 44 0.0 0.0 0.0 0.0 3.0 0.0 0.0 0.6989515726410384
44 35 37 0.0 0.0 0.0 0.0 6.0 0.0 0.0 0.6979062811565303
44 35 38 0.0 0.0 0.0 0.0 19.0 0.0 0.0 0.6934125804853887
44 35 39 0.0 0.0 4.0 0.0 95.0 0.0 0.0 0.6669842782277274
44 35 40 0.0 0.0 1.0 0.0 17.0 0.0 0.0 0.6937561942517343
44 35 41 0.0 0.0 0.0 0.0 4.0 0.0 0.0 0.6986027944111775
44 35 43 0.0 0.0 0.0 0.0 4.0 0.0 0.0 0.6986027944111775
44 36 36 0.0 0.0 0.0 0.0 3.0 0.0 0.0 0.6989515726410384
44 36 37 0.0 0.0 0.0 0.0 133.0 0.0 0.0 0.6563525550867322
44 36 38 0.0 0.0 221.0 0.0 5064.0 17.0 277.0 0.19257221458046764
44 36 39 0.0 0.0 307.0 0.0 6468.0 23.0 558.0 0.1599086236436322
44 36 40 0.0 0.0 167.0 0.0 3823.0 22.0 116.0 0.2345451499413637
44 36 41 0.0 0.0 0.0 0.0 50.0 1.0 0.0 0.6832601268911663
44 36 42 0.0 0.0 0.0 0.0 35.0 0.0 0.0 0.6882989183874139
44 36 43 0.0 0.0 0.0 0.0 6.0 0.0 0.0 0.6979062811565303
44 36 44 0.0 0.0 0.0 0.0 5.0 0.0 0.0 0.6982543640897755
44 37 36 0.0 0.0 65.0 0.0 1495.0 14.0 16.0 0.3948110547095318
44 37 37 0.0 0.0 44.0 0.0 1160.0 15.0 5.0 0.43900909375979924
44 37 38 0.0 0.0 287.0 0.0 6596.0 11.0 616.0 0.1576931741383194
44 37 39 0.0 0.0 169.0 0.0 3936.0 10.0 148.0 0.2296964725184577
44 37 40 0.0 0.0 127.0 0.0 2999.0 18.0 57.0 0.27407987470634293
44 37 41 0.0 0.0 223.0 0.0 4724.0 18.0 211.0 0.2019619157530294
44 37 42 0.0 0.0 37.0 0.0 847.0 10.0 3.0 0.48729550991994425
44 37 43 0.0 0.0 165.0 0.0 3747.0 9.0 103.0 0.23708721422523282
44 37 44 0.0 0.0 1.0 0.0 13.0 0.0 0.0 0.6951340615690167
44 37 45 0.0 0.0 0.0 0.0 4.0 0.0 0.0 0.6986027944111775
44 38 35 0.0 0.0 21.0 0.0 433.0 7.0 0.0 0.5721291377196566
44 38 36 0.0 0.0 5.0 0.0 172.0 2.0 0.0 0.6436781609195401
44 38 37 0.0 0.0 101.0 0.0 2758.0 17.0 58.0 0.28919644701507946
44 38 38 0.0 0.0 106.0 0.0 2689.0 18.0 50.0 0.2930709650408206
44 38 39 0.0 0.0 317.0 0.0 6803.0 27.0 596.0 0.15393073117097306
44 38 40 0.0 0.0 861.0 0.0 12514.0 30.0 7687.0 0.09110431444003383
44 38 41 0.0 0.0 272.0 0.0 6090.0 18.0 424.0 0.16774502755811166
44 38 42 0.0 0.0 272.0 0.0 5983.0 20.0 401.0 0.1699235344095157
44 38 43 0.0 0.0 56.0 0.0 1423.0 12.0 8.0 0.40380732621863275
44 38 44 0.0 0.0 51.0 0.0 1292.0 16.0 11.0 0.42079951908626384
44 38 45 0.0 0.0 0.0 0.0 17.0 0.0 0.0 0.694100148735746
44 39 35 0.0 0.0 1.0 0.0 33.0 0.0 0.0 0.6882989183874139
44 39 36 0.0 0.0 99.0 0.0 2514.0 11.0 41.0 0.30421555845284654
44 39 37 0.0 0.0 344.0 0.0 7173.0 14.0 751.0 0.14718250630782168
44 39 38 0.0 0.0 215.0 0.0 5041.0 20.0 268.0 0.1933968780218262
44 39 39 0.0 0.0 512.0 0.0 9419.0 34.0 1825.0 0.11755814929884958
44 39 40 0.0 0.0 480.0 0.0 9719.0 21.0 2026.0 0.11483881551964562
44 39 41 0.0 0.0 336.0 0.0 7063.0 18.0 663.0 0.1491265445249254
44 39 42 0.0 0.0 527.0 0.0 9304.0 21.0 1774.0 0.11839323467230442
44 39 43 0.0 0.0 85.0 0.0 2635.0 10.0 66.0 0.2971768202080237
44 39 44 0.0 0.0 347.0 0.0 6935.0 22.0 616.0 0.15118790496760254
44 39 45 0.0 0.0 10.0 0.0 127.0 3.0 0.0 0.6560449859418931
44 40 35 0.0 0.0 0.0 0.0 28.0 0.0 0.0 0.6906758756783422
44 40 36 0.0 0.0 152.0 0.0 3555.0 19.0 112.0 0.24595924104005618
44 40 37 0.0 0.0 173.0 0.0 4477.0 16.0 195.0 0.21103406692794693
44 40 38 0.0 0.0 250.0 0.0 5482.0 15.0 307.0 0.18132366273798728
44 40 39 0.0 0.0 432.0 0.0 8321.0 28.0 1145.0 0.13040238450074512
44 40 40 0.0 0.0 725.0 0.0 11991.0 21.0 5938.0 0.0951216197852969
44 40 41 0.0 0.0 204.0 0.0 5104.0 22.0 294.0 0.19214932747735378
44 40 42 0.0 0.0 313.0 0.0 6936.0 20.0 771.0 0.15158077089649197
44 40 43 0.0 0.0 226.0 0.0 5014.0 25.0 239.0 0.19393267765618505
44 40 44 0.0 0.0 17.0 0.0 556.0 4.0 0.0 0.544959128065395
44 40 45 0.0 0.0 0.0 0.0 20.0 0.0 0.0 0.6930693069306929
44 41 35 0.0 0.0 0.0 0.0 23.0 0.0 0.0 0.6920415224913494
44 41 36 0.0 0.0 4.0 0.0 193.0 1.0 0.0 0.6375227686703095
44 41 37 0.0 0.0 145.0 0.0 3270.0 18.0 82.0 0.25935531678399404
44 41 38 0.0 0.0 181.0 0.0 4056.0 24.0 137.0 0.2253339771446966
44 41 39 0.0 0.0 477.0 0.0 9274.0 14.0 1719.0 0.11921996082772714
44 41 40 0.0 0.0 261.0 0.0 5901.0 20.0 386.0 0.17201130359995082
44 41 41 0.0 0.0 314.0 0.0 6414.0 24.0 527.0 0.16079016882967725
44 41 42 0.0 0.0 463.0 0.0 8786.0 21.0 1331.0 0.12458841327756516
44 41 43 0.0 0.0 270.0 0.0 6277.0 25.0 616.0 0.16424213984045047
44 41 44 0.0 0.0 30.0 0.0 731.0 6.0 0.0 0.5081669691470053
44 41 45 0.0 0.0 0.0 0.0 1.0 0.0 0.0 0.6996501749125437
44 42 35 0.0 0.0 0.0 0.0 2.0 0.0 0.0 0.6993006993006992
44 42 36 0.0 0.0 0.0 0.0 21.0 0.0 0.0 0.6930693069306929
44 42 37 0.0 0.0 0.0 0.0 93.0 0.0 0.0 0.668896321070234
44 42 38 0.0 0.0 207.0 0.0 4795.0 19.0 274.0 0.20045819014891178
44 42 39 0.0 0.0 600.0 0.0 10916.0 34.0 3739.0 0.10373443983402489
44 42 40 0.0 0.0 83.0 0.0 2646.0 16.0 57.0 0.29711375212224106
44 42 41 0.0 0.0 234.0 0.0 4930.0 20.0 210.0 0.19594121763470954
44 42 42 0.0 0.0 79.0 0.0 1740.0 17.0 18.0 0.3681304233499868
44 42 43 0.0 0.0 35.0 0.0 895.0 2.0 2.0 0.4783054321831226
44 42 44 0.0 0.0 0.0 0.0 34.0 0.0 0.0 0.6882989183874139
44 43 36 0.0 0.0 1.0 0.0 29.0 0.0 0.0 0.689655172413793
44 43 37 0.0 0.0 4.0 0.0 130.0 0.0 0.0 0.6560449859418931
44 43 38 0.0 0.0 8.0 0.0 348.0 1.0 0.0 0.5944798301486198
44 43 39 0.0 0.0 186.0 0.0 4073.0 23.0 146.0 0.22446689113355778
44 43 40 0.0 0.0 47.0 0.0 1093.0 7.0 7.0 0.44685604851579946
44 43 41 0.0 0.0 11.0 0.0 360.0 4.0 1.0 0.5917159763313609
44 43 42 0.0 0.0 3.0 0.0 181.0 1.0 0.0 0.6416131989000916
44 43 43 0.0 0.0 29.0 0.0 547.0 5.0 3.0 0.5445352003111629
44 43 44 0.0 0.0 0.0 0.0 21.0 0.0 0.0 0.6927263730826323
44 44 37 0.0 0.0 2.0 0.0 90.0 1.0 0.0 0.669536107125777
44 44 38 0.0 0.0 33.0 0.0 771.0 14.0 4.0 0.5017921146953404
44 44 39 0.0 0.0 2.0 0.0 68.0 1.0 0.0 0.6769825918762088
44 44 40 0.0 0.0 1.0 0.0 83.0 1.0 0.0 0.6721075372059528
44 44 41 0.0 0.0 13.0 0.0 256.0 4.0 1.0 0.6181015452538631
44 44 42 0.0 0.0 20.0 0.0 418.0 7.0 2.0 0.5758946935417523
44 44 43 0.0 0.0 0.0 0.0 7.0 0.0 0.0 0.6975585450921773
44 44 44 0.0 0.0 0.0 0.0 2.0 0.0 0.0 0.6993006993006992
44 45 37 0.0 0.0 0.0 0.0 1.0 0.0 0.0 0.6996501749125437
44 45 38 0.0 0.0 0.0 0.0 1.0 0.0 0.0 0.6996501749125437
44 45 39 0.0 0.0 0.0 0.0 10.0 0.0 0.0 0.6965174129353233
44 45 40 0.0 0.0 0.0 0.0 19.0 0.0 0.0 0.6934125804853887
44 45 41 0.0 0.0 0.0 0.0 9.0 0.0 0.0 0.6968641114982577
45 35 37 0.0 0.0 0.0 0.0 6.0 0.0 0.0 0.6979062811565303
45 35 38 0.0 0.0 2.0 0.0 43.0 0.0 0.0 0.6845965770171147
45 35 39 0.0 0.0 0.0 0.0 22.0 0.0 0.0 0.6927263730826323
45 35 40 0.0 0.0 0.0 0.0 7.0 0.0 0.0 0.6975585450921773
45 36 37 0.0 0.0 1.0 0.0 23.0 0.0 0.0 0.6916996047430829
45 36 38 0.0 0.0 0.0 0.0 35.0 0.0 0.0 0.6879606879606879
45 36 39 0.0 0.0 42.0 0.0 873.0 4.0 3.0 0.48093438680865674
45 36 40 0.0 0.0 0.0 0.0 26.0 0.0 0.0 0.6910167818361302
45 36 41 0.0 0.0 1.0 0.0 36.0 0.0 0.0 0.6872852233676975
45 36 42 0.0 0.0 0.0 0.0 7.0 0.0 0.0 0.6975585450921773
45 36 43 0.0 0.0 0.0 0.0 1.0 0.0 0.0 0.6996501749125437
45 36 44 0.0 0.0 0.0 0.0 5.0 0.0 0.0 0.6982543640897755
45 37 36 0.0 0.0 0.0 0.0 2.0 0.0 0.0 0.6993006993006992
45 37 37 0.0 0.0 2.0 0.0 37.0 0.0 0.0 0.6866110838646394
45 37 38 0.0 0.0 0.0 0.0 51.0 0.0 0.0 0.68259385665529
45 37 39 0.0 0.0 195.0 0.0 5189.0 20.0 289.0 0.19008825526137135
45 37 40 0.0 0.0 261.0 0.0 5433.0 24.0 334.0 0.18243419338024494
45 37 41 0.0 0.0 122.0 0.0 2952.0 15.0 69.0 0.27673453251630753
45 37 42 0.0 0.0 3.0 0.0 103.0 1.0 0.0 0.6650831353919239
45 37 43 0.0 0.0 0.0 0.0 19.0 0.0 0.0 0.6934125804853887
45 37 44 0.0 0.0 0.0 0.0 2.0 0.0 0.0 0.6993006993006992
45 38 36 0.0 0.0 0.0 0.0 12.0 0.0 0.0 0.6958250497017892
45 38 37 0.0 0.0 14.0 0.0 241.0 4.0 0.0 0.6219458018658373
45 38 38 0.0 0.0 70.0 0.0 1474.0 14.0 3.0 0.39660056657223797
45 38 39 0.0 0.0 8.0 0.0 326.0 1.0 0.0 0.6000857265323617
45 38 40 0.0 0.0 116.0 0.0 2714.0 18.0 34.0 0.2909997921430056
45 38 41 0.0 0.0 460.0 0.0 8881.0 18.0 1553.0 0.12355484952784396
45 38 42 0.0 0.0 18.0 0.0 512.0 4.0 1.0 0.5542359461599367
45 38 43 0.0 0.0 9.0 0.0 196.0 4.0 0.0 0.6360745115856428
45 38 44 0.0 0.0 0.0 0.0 16.0 0.0 0.0 0.6944444444444444
45 38 45 0.0 0.0 0.0 0.0 5.0 0.0 0.0 0.6982543640897755
45 39 35 0.0 0.0 0.0 0.0 2.0 0.0 0.0 0.6993006993006992
45 39 36 0.0 0.0 0.0 0.0 18.0 0.0 0.0 0.6937561942517343
45 39 37 0.0 0.0 14.0 0.0 329.0 7.0 0.0 0.5993150684931505
45 39 38 0.0 0.0 26.0 0.0 455.0 9.0 2.0 0.5663430420711973
45 39 39 0.0 0.0 54.0 0.0 1093.0 6.0 3.0 0.44571792422795276
45 39 40 0.0 0.0 51.0 0.0 1364.0 7.0 9.0 0.41091869680070436
45 39 41 0.0 0.0 256.0 0.0 5667.0 19.0 367.0 0.17712550607287447
45 39 42 0.0 0.0 30.0 0.0 1062.0 11.0 2.0 0.454397922752353
45 39 43 0.0 0.0 0.0 0.0 70.0 0.0 0.0 0.6766553890768486
45 39 44 0.0 0.0 5.0 0.0 77.0 3.0 0.0 0.6734006734006733
45 39 45 0.0 0.0 0.0 0.0 16.0 0.0 0.0 0.6944444444444444
45 40 35 0.0 0.0 0.0 0.0 3.0 0.0 0.0 0.6989515726410384
45 40 36 0.0 0.0 0.0 0.0 12.0 0.0 0.0 0.6958250497017892
45 40 37 0.0 0.0 8.0 0.0 226.0 1.0 0.0 0.6269592476489028
45 40 38 0.0 0.0 11.0 0.0 292.0 3.0 1.0 0.609225413402959
45 40 39 0.0 0.0 131.0 0.0 3362.0 17.0 92.0 0.2556610664718772
45 40 40 0.0 0.0 59.0 0.0 1713.0 3.0 15.0 0.371451313345715
45 40 41 0.0 0.0 125.0 0.0 3015.0 9.0 86.0 0.2727449834404831
45 40 42 0.0 0.0 7.0 0.0 261.0 2.0 0.0 0.6178287731685789
45 40 43 0.0 0.0 10.0 0.0 289.0 3.0 0.0 0.6102877070619005
45 40 44 0.0 0.0 0.0 0.0 13.0 0.0 0.0 0.695479384003974
45 40 45 0.0 0.0 0.0 0.0 12.0 0.0 0.0 0.6958250497017892
45 41 35 0.0 0.0 0.0 0.0 2.0 0.0 0.0 0.6993006993006992
45 41 36 0.0 0.0 0.0 0.0 9.0 0.0 0.0 0.6968641114982577
45 41 37 0.0 0.0 0.0 0.0 26.0 0.0 0.0 0.6910167818361302
45 41 38 0.0 0.0 44.0 0.0 1065.0 9.0 10.0 0.4514672686230247
45 41 39 0.0 0.0 373.0 0.0 7984.0 22.0 1093.0 0.13539651837524175
45 41 40 0.0 0.0 124.0 0.0 2878.0 13.0 63.0 0.2806173581880136
45 41 41 0.0 0.0 56.0 0.0 1525.0 6.0 11.0 0.3916083916083915
45 41 42 0.0 0.0 55.0 0.0 1532.0 8.0 22.0 0.3911707180776753
45 41 43 0.0 0.0 25.0 0.0 568.0 6.0 1.0 0.5411673753382295
45 41 44 0.0 0.0 0.0 0.0 7.0 0.0 0.0 0.6975585450921773
45 42 36 0.0 0.0 0.0 0.0 3.0 0.0 0.0 0.6989515726410384
45 42 37 0.0 0.0 0.0 0.0 7.0 0.0 0.0 0.6975585450921773
45 42 38 0.0 0.0 63.0 0.0 1612.0 14.0 15.0 0.3824091778202677
45 42 39 0.0 0.0 24.0 0.0 557.0 7.0 5.0 0.5439005439005438
45 42 40 0.0 0.0 86.0 0.0 1989.0 14.0 19.0 0.34474267421817284
45 42 41 0.0 0.0 0.0 0.0 41.0 0.0 0.0 0.6859382655560998
45 42 42 0.0 0.0 20.0 0.0 656.0 7.0 0.0 0.5245410266017234
45 42 43 0.0 0.0 0.0 0.0 19.0 0.0 0.0 0.6934125804853887
45 42 44 0.0 0.0 0.0 0.0 5.0 0.0 0.0 0.6982543640897755
45 43 37 0.0 0.0 0.0 0.0 10.0 0.0 0.0 0.6965174129353233
45 43 38 0.0 0.0 20.0 0.0 444.0 7.0 1.0 0.5698005698005697
45 43 39 0.0 0.0 352.0 0.0 7090.0 30.0 645.0 0.14866730381225443
45 43 40 0.0 0.0 1.0 0.0 74.0 1.0 0.0 0.6753497346840327
45 43 41 0.0 0.0 1.0 0.0 23.0 0.0 0.0 0.6916996047430829
45 43 42 0.0 0.0 0.0 0.0 6.0 0.0 0.0 0.6979062811565303
45 43 43 0.0 0.0 0.0 0.0 1.0 0.0 0.0 0.6996501749125437
45 44 38 0.0 0.0 10.0 0.0 271.0 2.0 0.0 0.6143045195261079
45 44 39 0.0 0.0 0.0 0.0 20.0 0.0 0.0 0.6930693069306929
45 44 40 0.0 0.0 24.0 0.0 538.0 6.0 1.0 0.5477308294209702
45 44 41 0.0 0.0 0.0 0.0 1.0 0.0 0.0 0.6996501749125437
46 36 38 0.0 0.0 0.0 0.0 8.0 0.0 0.0 0.697211155378486
46 36 39 0.0 0.0 0.0 0.0 5.0 0.0 0.0 0.6982543640897755
46 36 40 0.0 0.0 0.0 0.0 8.0 0.0 0.0 0.697211155378486
46 36 41 0.0 0.0 0.0 0.0 4.0 0.0 0.0 0.6986027944111775
46 37 38 0.0 0.0 7.0 0.0 98.0 0.0 0.0 0.6650831353919239
46 37 39 0.0 0.0 14.0 0.0 193.0 4.0 0.0 0.6354970494779845
46 37 40 0.0 0.0 62.0 0.0 1524.0 11.0 7.0 0.3916083916083915
46 37 41 0.0 0.0 19.0 0.0 588.0 6.0 2.0 0.5382545174932718
46 37 42 0.0 0.0 0.0 0.0 34.0 0.0 0.0 0.6882989183874139
46 38 38 0.0 0.0 0.0 0.0 2.0 0.0 0.0 0.6993006993006992
46 38 39 0.0 0.0 5.0 0.0 114.0 3.0 0.0 0.661625708884688
46 38 40 0.0 0.0 0.0 0.0 47.0 0.0 0.0 0.6839276990718123
46 38 41 0.0 0.0 1.0 0.0 64.0 1.0 0.0 0.6782945736434108
46 38 42 0.0 0.0 0.0 0.0 30.0 0.0 0.0 0.689655172413793
46 39 39 0.0 0.0 0.0 0.0 1.0 0.0 0.0 0.6996501749125437
46 39 40 0.0 0.0 0.0 0.0 25.0 0.0 0.0 0.6913580246913579
46 39 41 0.0 0.0 3.0 0.0 68.0 0.0 0.0 0.6760019314340897
46 39 42 0.0 0.0 6.0 0.0 129.0 0.0 0.0 0.6557377049180326
46 40 37 0.0 0.0 0.0 0.0 1.0 0.0 0.0 0.6996501749125437
46 40 38 0.0 0.0 1.0 0.0 18.0 0.0 0.0 0.6937561942517343
46 40 39 0.0 0.0 0.0 0.0 17.0 0.0 0.0 0.694100148735746
46 40 40 0.0 0.0 2.0 0.0 31.0 0.0 0.0 0.6886374815543531
46 40 41 0.0 0.0 0.0 0.0 9.0 0.0 0.0 0.6968641114982577
46 40 42 0.0 0.0 0.0 0.0 12.0 0.0 0.0 0.6958250497017892
46 41 37 0.0 0.0 6.0 0.0 52.0 1.0 0.0 0.6806028196402526
46 41 38 0.0 0.0 0.0 0.0 21.0 0.0 0.0 0.6927263730826323
46 41 39 0.0 0.0 12.0 0.0 312.0 3.0 1.0 0.6031882809133993
46 41 40 0.0 0.0 0.0 0.0 25.0 0.0 0.0 0.6913580246913579
46 41 41 0.0 0.0 0.0 0.0 1.0 0.0 0.0 0.6996501749125437
46 41 42 0.0 0.0 0.0 0.0 4.0 0.0 0.0 0.6986027944111775
46 42 37 0.0 0.0 0.0 0.0 1.0 0.0 0.0 0.6996501749125437
46 42 38 0.0 0.0 2.0 0.0 110.0 0.0 0.0 0.6631927996210326
46 42 39 0.0 0.0 5.0 0.0 93.0 5.0 0.0 0.668896321070234
46 42 40 0.0 0.0 8.0 0.0 83.0 1.0 0.0 0.6701771182383915
46 42 41 0.0 0.0 0.0 0.0 5.0 0.0 0.0 0.6982543640897755
46 43 38 0.0 0.0 5.0 0.0 81.0 2.0 0.0 0.6717850287907868
46 43 39 0.0 0.0 43.0 0.0 1029.0 8.0 4.0 0.4569190600522193
46 43 40 0.0 0.0 0.0 0.0 5.0 0.0 0.0 0.6982543640897755
46 43 43 0.0 0.0 0.0 0.0 1.0 0.0 0.0 0.6996501749125437
46 44 38 0.0 0.0 5.0 0.0 58.0 1.0 0.0 0.6789524733268669
46 44 39 0.0 0.0 1.0 0.0 4.0 0.0 0.0 0.6982543640897755
46 44 40 0.0 0.0 0.0 0.0 10.0 0.0 0.0 0.6965174129353233
47 36 39 0.0 0.0 0.0 0.0 2.0 0.0 0.0 0.6993006993006992
47 36 42 0.0 0.0 0.0 0.0 1.0 0.0 0.0 0.6996501749125437
47 37 41 0.0 0.0 0.0 0.0 1.0 0.0 0.0 0.6996501749125437
