39 39 39 0.0 0.0 0.0 0.0 3.0 0.0 0.0 0.6989515726410384
39 39 40 0.0 0.0 0.0 0.0 1.0 0.0 0.0 0.6996501749125437
39 40 40 0.0 0.0 1.0 0.0 5.0 1.0 0.0 0.6982543640897755
39 40 41 0.0 0.0 0.0 0.0 1.0 0.0 0.0 0.6996501749125437
39 41 39 0.0 0.0 0.0 0.0 1.0 0.0 0.0 0.6996501749125437
39 41 40 0.0 0.0 0.0 0.0 1.0 0.0 0.0 0.6996501749125437
39 41 41 0.0 0.0 0.0 1.0 6.0 2.0 0.0 0.6982543640897755
40 39 41 0.0 0.0 0.0 0.0 1.0 0.0 0.0 0.6996501749125437
40 40 39 0.0 0.0 0.0 0.0 2.0 0.0 0.0 0.6993006993006992
40 40 40 11.0 4.0 192.0 58.0 3436.0 28.0 74.0 0.2467830072272166
40 41 39 0.0 0.0 0.0 0.0 2.0 0.0 0.0 0.6993006993006992
40 41 40 0.0 0.0 0.0 0.0 1.0 0.0 0.0 0.6996501749125437
40 41 41 0.0 0.0 0.0 0.0 5.0 0.0 0.0 0.6982543640897755
41 39 39 0.0 0.0 0.0 0.0 2.0 0.0 0.0 0.6993006993006992
41 39 41 0.0 0.0 0.0 0.0 1.0 0.0 0.0 0.6996501749125437
41 40 40 0.0 0.0 0.0 0.0 6.0 0.0 0.0 0.6979062811565303
41 40 41 0.0 0.0 0.0 0.0 3.0 0.0 0.0 0.6989515726410384
41 41 39 0.0 0.0 0.0 0.0 2.0 0.0 0.0 0.6993006993006992
41 41 40 0.0 0.0 0.0 0.0 1.0 0.0 0.0 0.6996501749125437
41 41 41 0.0 0.0 0.0 0.0 2.0 0.0 0.0 0.6993006993006992
