33 40 38 0.0 0.0 0.0 0.0 1.0 0.0 0.0 0.6996501749125437
34 38 37 0.0 0.0 0.0 0.0 1.0 0.0 0.0 0.0
34 38 38 0.0 0.0 0.0 0.0 1.0 0.0 0.0 0.6996501749125437
34 39 38 0.0 0.0 0.0 0.0 7.0 0.0 0.0 0.6975585450921773
34 39 39 0.0 0.0 0.0 0.0 7.0 0.0 0.0 0.6975585450921773
34 39 40 0.0 0.0 0.0 0.0 2.0 0.0 0.0 0.6993006993006992
34 39 42 0.0 0.0 0.0 0.0 1.0 0.0 0.0 0.6996501749125437
34 40 38 0.0 0.0 38.0 0.0 847.0 10.0 4.0 0.48695652173913034
34 40 39 0.0 0.0 2.0 0.0 87.0 1.0 0.0 0.6704980842911876
34 40 40 0.0 0.0 0.0 0.0 16.0 0.0 0.0 0.6944444444444444
34 41 38 0.0 0.0 0.0 0.0 7.0 0.0 0.0 0.6975585450921773
34 41 39 0.0 0.0 0.0 0.0 15.0 0.0 0.0 0.694789081885856
34 41 40 0.0 0.0 0.0 0.0 5.0 0.0 0.0 0.6982543640897755
34 42 38 0.0 0.0 17.0 0.0 453.0 2.0 1.0 0.5670311867152693
34 42 39 0.0 0.0 43.0 0.0 573.0 8.0 3.0 0.5368098159509201
34 42 40 0.0 0.0 0.0 0.0 3.0 0.0 0.0 0.6989515726410384
35 36 38 0.0 0.0 0.0 0.0 2.0 0.0 0.0 0.6993006993006992
35 36 39 0.0 0.0 0.0 0.0 3.0 0.0 0.0 0.6989515726410384
35 36 40 0.0 0.0 1.0 0.0 1.0 0.0 0.0 0.6993006993006992
35 36 41 0.0 0.0 0.0 0.0 4.0 0.0 0.0 0.6986027944111775
35 36 42 0.0 0.0 0.0 0.0 1.0 0.0 0.0 0.6996501749125437
35 37 38 0.0 0.0 0.0 0.0 1.0 0.0 0.0 0.6996501749125437
35 37 39 0.0 0.0 0.0 0.0 4.0 0.0 0.0 0.6986027944111775
35 37 40 0.0 0.0 0.0 0.0 5.0 0.0 0.0 0.6982543640897755
35 37 41 0.0 0.0 0.0 0.0 7.0 0.0 0.0 0.6975585450921773
35 37 42 0.0 0.0 0.0 0.0 7.0 0.0 0.0 0.6975585450921773
35 38 37 0.0 0.0 12.0 0.0 161.0 5.0 0.0 0.6457564575645756
35 38 38 0.0 0.0 0.0 0.0 20.0 0.0 0.0 0.6934125804853887
35 38 39 0.0 0.0 0.0 0.0 20.0 0.0 0.0 0.6930693069306929
35 38 40 0.0 0.0 0.0 0.0 27.0 0.0 0.0 0.6906758756783422
35 38 41 0.0 0.0 3.0 0.0 30.0 0.0 0.0 0.6886374815543531
35 38 42 0.0 0.0 0.0 0.0 9.0 0.0 0.0 0.697211155378486
35 38 43 0.0 0.0 0.0 0.0 8.0 0.0 0.0 0.697211155378486
35 39 37 0.0 0.0 3.0 0.0 53.0 1.0 0.0 0.6812652068126519
35 39 38 0.0 0.0 80.0 0.0 1682.0 11.0 9.0 0.3730349054090061
35 39 39 0.0 0.0 10.0 0.0 190.0 5.0 0.0 0.6378132118451024
35 39 40 0.0 0.0 19.0 0.0 341.0 4.0 0.0 0.5944798301486198
35 39 41 0.0 0.0 0.0 0.0 23.0 1.0 0.0 0.6923837784371908
35 39 42 0.0 0.0 4.0 0.0 63.0 0.0 0.0 0.6773101112723753
35 39 43 0.0 0.0 0.0 0.0 26.0 0.0 0.0 0.6913580246913579
35 39 44 0.0 0.0 1.0 0.0 17.0 1.0 0.0 0.694100148735746
35 40 37 0.0 0.0 1.0 0.0 63.0 0.0 0.0 0.6782945736434108
35 40 38 0.0 0.0 53.0 0.0 1494.0 10.0 17.0 0.3959276018099547
35 40 39 0.0 0.0 273.0 0.0 5982.0 21.0 473.0 0.1699235344095157
35 40 40 0.0 0.0 12.0 0.0 245.0 6.0 0.0 0.6219458018658373
35 40 41 0.0 0.0 3.0 0.0 126.0 2.0 0.0 0.6585136406396989
35 40 42 0.0 0.0 9.0 0.0 329.0 4.0 1.0 0.5998286203941731
35 40 43 0.0 0.0 0.0 0.0 22.0 0.0 0.0 0.6923837784371908
35 40 44 0.0 0.0 1.0 0.0 93.0 2.0 0.0 0.6692160611854684
35 41 37 0.0 0.0 0.0 0.0 10.0 0.0 0.0 0.6965174129353233
35 41 38 0.0 0.0 8.0 0.0 213.0 1.0 0.0 0.6309148264984226
35 41 39 0.0 0.0 249.0 0.0 5248.0 21.0 306.0 0.1872158331104573
35 41 40 0.0 0.0 5.0 0.0 131.0 2.0 1.0 0.6560449859418931
35 41 41 0.0 0.0 1.0 0.0 71.0 1.0 0.0 0.6760019314340897
35 41 42 0.0 0.0 0.0 0.0 58.0 1.0 0.0 0.6806028196402526
35 41 43 0.0 0.0 0.0 0.0 35.0 0.0 0.0 0.6879606879606879
35 41 44 0.0 0.0 16.0 0.0 215.0 5.0 0.0 0.6289308176100628
35 42 36 0.0 0.0 0.0 0.0 1.0 0.0 0.0 0.6996501749125437
35 42 38 0.0 0.0 0.0 0.0 19.0 0.0 0.0 0.6934125804853887
35 42 39 0.0 0.0 15.0 0.0 271.0 4.0 0.0 0.6134969325153373
35 42 40 0.0 0.0 23.0 0.0 445.0 6.0 1.0 0.5688744412840308
35 42 41 0.0 0.0 5.0 0.0 60.0 1.0 0.0 0.6782945736434108
35 42 42 0.0 0.0 0.0 0.0 34.0 1.0 0.0 0.6889763779527558
35 42 43 0.0 0.0 0.0 0.0 22.0 0.0 0.0 0.6923837784371908
35 43 39 0.0 0.0 0.0 0.0 1.0 0.0 0.0 0.6996501749125437
35 43 40 0.0 0.0 0.0 0.0 2.0 0.0 0.0 0.6993006993006992
35 43 41 0.0 0.0 2.0 0.0 23.0 0.0 0.0 0.6913580246913579
35 43 42 0.0 0.0 32.0 0.0 703.0 10.0 2.0 0.5137614678899082
35 43 43 0.0 0.0 1.0 0.0 15.0 1.0 0.0 0.694789081885856
36 35 38 0.0 0.0 0.0 0.0 10.0 0.0 0.0 0.6965174129353233
36 35 39 0.0 0.0 0.0 0.0 3.0 0.0 0.0 0.6989515726410384
36 35 40 0.0 0.0 0.0 0.0 1.0 0.0 0.0 0.6996501749125437
36 35 42 0.0 0.0 0.0 0.0 1.0 0.0 0.0 0.6996501749125437
36 36 36 0.0 0.0 0.0 0.0 3.0 0.0 0.0 0.6989515726410384
36 36 37 0.0 0.0 30.0 0.0 544.0 7.0 1.0 0.5453837164004673
36 36 38 0.0 0.0 0.0 0.0 27.0 0.0 0.0 0.6906758756783422
36 36 39 0.0 0.0 0.0 0.0 19.0 0.0 0.0 0.6937561942517343
36 36 40 0.0 0.0 0.0 0.0 33.0 0.0 0.0 0.6886374815543531
36 36 41 0.0 0.0 0.0 0.0 25.0 0.0 0.0 0.6913580246913579
36 36 42 0.0 0.0 0.0 0.0 10.0 0.0 0.0 0.6965174129353233
36 36 43 0.0 0.0 0.0 0.0 3.0 0.0 0.0 0.6989515726410384
36 37 36 0.0 0.0 0.0 0.0 20.0 0.0 0.0 0.6930693069306929
36 37 37 0.0 0.0 6.0 0.0 99.0 3.0 0.0 0.6660323501427211
36 37 38 0.0 0.0 0.0 0.0 122.0 0.0 0.0 0.6597549481621111
36 37 39 0.0 0.0 114.0 0.0 2691.0 11.0 48.0 0.29197080291970795
36 37 40 0.0 0.0 114.0 0.0 2418.0 17.0 24.0 0.3100775193798449
36 37 41 0.0 0.0 121.0 0.0 2804.0 13.0 63.0 0.2848423194303153
36 37 42 0.0 0.0 0.0 0.0 123.0 0.0 0.0 0.6597549481621111
36 37 43 0.0 0.0 0.0 0.0 10.0 0.0 0.0 0.6965174129353233
36 38 36 0.0 0.0 3.0 0.0 42.0 0.0 0.0 0.6845965770171147
36 38 37 0.0 0.0 0.0 0.0 44.0 0.0 0.0 0.684931506849315
36 38 38 0.0 0.0 56.0 0.0 1302.0 9.0 17.0 0.4180352343983278
36 38 39 0.0 0.0 105.0 0.0 2704.0 15.0 47.0 0.29203170629954106
36 38 40 0.0 0.0 197.0 0.0 4410.0 17.0 186.0 0.21224984839296543
36 38 41 0.0 0.0 56.0 0.0 1497.0 13.0 12.0 0.39548022598870053
36 38 42 0.0 0.0 27.0 0.0 698.0 2.0 5.0 0.5145167217934582
36 38 43 0.0 0.0 2.0 0.0 78.0 0.0 0.0 0.6730769230769229
36 38 44 0.0 0.0 0.0 0.0 25.0 0.0 0.0 0.6913580246913579
36 39 36 0.0 0.0 0.0 0.0 13.0 0.0 0.0 0.695479384003974
36 39 37 0.0 0.0 20.0 0.0 715.0 6.0 1.0 0.5130084279956026
36 39 38 0.0 0.0 283.0 0.0 6335.0 24.0 543.0 0.1628285647825075
36 39 39 0.0 0.0 281.0 0.0 5949.0 17.0 465.0 0.17029558447877385
36 39 40 0.0 0.0 162.0 0.0 4236.0 21.0 192.0 0.2195389681668496
36 39 41 0.0 0.0 27.0 0.0 688.0 4.0 2.0 0.5164146071560309
36 39 42 0.0 0.0 377.0 0.0 7378.0 21.0 770.0 0.14375192524899885
36 39 43 0.0 0.0 10.0 0.0 269.0 3.0 1.0 0.6151142355008786
36 39 44 0.0 0.0 3.0 0.0 53.0 0.0 0.0 0.6809338521400777
36 40 36 0.0 0.0 0.0 0.0 1.0 0.0 0.0 0.6996501749125437
36 40 37 0.0 0.0 8.0 0.0 204.0 2.0 0.0 0.6334841628959276
36 40 38 0.0 0.0 181.0 0.0 4671.0 11.0 232.0 0.20467836257309938
36 40 39 0.0 0.0 456.0 0.0 9363.0 33.0 2053.0 0.1187044259793115
36 40 40 0.0 0.0 273.0 0.0 5614.0 23.0 324.0 0.1779585610779204
36 40 41 0.0 0.0 109.0 0.0 2851.0 13.0 48.0 0.28294260307194824
36 40 42 0.0 0.0 17.0 0.0 899.0 3.0 6.0 0.48093438680865674
36 40 43 0.0 0.0 162.0 0.0 4072.0 16.0 158.0 0.22500803600128572
36 40 44 0.0 0.0 1.0 0.0 53.0 1.0 0.0 0.6822612085769979
36 40 45 0.0 0.0 0.0 0.0 2.0 0.0 0.0 0.6993006993006992
36 41 37 0.0 0.0 9.0 0.0 483.0 0.0 1.0 0.5617977528089887
36 41 38 0.0 0.0 221.0 0.0 4853.0 19.0 230.0 0.1984126984126984
36 41 39 0.0 0.0 302.0 0.0 7257.0 23.0 881.0 0.1467197652483756
36 41 40 0.0 0.0 153.0 0.0 3703.0 15.0 114.0 0.23956194387405882
36 41 41 0.0 0.0 436.0 0.0 8664.0 16.0 1333.0 0.12620571531596503
36 41 42 0.0 0.0 396.0 0.0 8359.0 18.0 1092.0 0.13036595586181207
36 41 43 0.0 0.0 73.0 0.0 2071.0 12.0 24.0 0.33898305084745756
36 41 44 0.0 0.0 1.0 0.0 40.0 1.0 0.0 0.6862745098039215
36 42 37 0.0 0.0 0.0 0.0 54.0 0.0 0.0 0.6815968841285296
36 42 38 0.0 0.0 2.0 0.0 166.0 0.0 0.0 0.646054453161052
36 42 39 0.0 0.0 71.0 0.0 1956.0 12.0 15.0 0.348692403486924
36 42 40 0.0 0.0 97.0 0.0 2509.0 15.0 46.0 0.3050108932461873
36 42 41 0.0 0.0 154.0 0.0 3084.0 16.0 68.0 0.2679938744257274
36 42 42 0.0 0.0 362.0 0.0 6986.0 18.0 626.0 0.14992503748125935
36 42 43 0.0 0.0 66.0 0.0 1477.0 10.0 14.0 0.3962637984715538
36 42 44 0.0 0.0 2.0 0.0 100.0 1.0 0.0 0.6663493574488338
36 43 37 0.0 0.0 0.0 0.0 14.0 0.0 0.0 0.6951340615690167
36 43 38 0.0 0.0 0.0 0.0 46.0 0.0 0.0 0.6842619745845552
36 43 39 0.0 0.0 38.0 0.0 1047.0 11.0 8.0 0.4554326610279765
36 43 40 0.0 0.0 47.0 0.0 1225.0 8.0 11.0 0.4289215686274509
36 43 41 0.0 0.0 6.0 0.0 296.0 0.0 0.0 0.6081668114682883
36 43 42 0.0 0.0 5.0 0.0 160.0 1.0 1.0 0.6469500924214416
36 43 43 0.0 0.0 4.0 0.0 88.0 2.0 0.0 0.6698564593301434
36 43 44 0.0 0.0 5.0 0.0 101.0 0.0 0.0 0.664767331433998
36 43 45 0.0 0.0 0.0 0.0 1.0 0.0 0.0 0.6996501749125437
36 44 37 0.0 0.0 0.0 0.0 1.0 0.0 0.0 0.6996501749125437
36 44 38 0.0 0.0 3.0 0.0 36.0 2.0 0.0 0.6872852233676975
36 44 39 0.0 0.0 0.0 0.0 11.0 0.0 0.0 0.6961710591745399
36 44 40 0.0 0.0 0.0 0.0 18.0 0.0 0.0 0.694100148735746
36 44 41 0.0 0.0 7.0 0.0 292.0 2.0 0.0 0.6094906399651718
36 44 42 0.0 0.0 0.0 0.0 14.0 0.0 0.0 0.6951340615690167
36 45 38 0.0 0.0 0.0 0.0 2.0 0.0 0.0 0.6993006993006992
36 45 39 0.0 0.0 1.0 0.0 18.0 1.0 0.0 0.6937561942517343
36 45 40 0.0 0.0 0.0 0.0 2.0 0.0 0.0 0.6993006993006992
37 35 38 0.0 0.0 0.0 0.0 5.0 0.0 0.0 0.6982543640897755
37 35 39 0.0 0.0 0.0 0.0 7.0 0.0 0.0 0.6975585450921773
37 35 40 0.0 0.0 0.0 0.0 6.0 0.0 0.0 0.6979062811565303
37 36 36 0.0 0.0 0.0 0.0 12.0 0.0 0.0 0.6958250497017892
37 36 37 0.0 0.0 0.0 0.0 21.0 0.0 0.0 0.6927263730826323
37 36 38 0.0 0.0 7.0 0.0 139.0 2.0 1.0 0.6529850746268656
37 36 39 0.0 0.0 185.0 0.0 4312.0 11.0 159.0 0.21578298397040688
37 36 40 0.0 0.0 36.0 0.0 672.0 9.0 1.0 0.5189028910303928
37 36 41 0.0 0.0 34.0 0.0 1049.0 12.0 6.0 0.45587756431129917
37 36 42 0.0 0.0 0.0 0.0 30.0 0.0 0.0 0.689655172413793
37 36 43 0.0 0.0 0.0 0.0 9.0 0.0 0.0 0.6968641114982577
37 37 36 0.0 0.0 0.0 0.0 24.0 0.0 0.0 0.6916996047430829
37 37 37 0.0 0.0 262.0 0.0 5837.0 14.0 388.0 0.17316017316017315
37 37 38 0.0 0.0 257.0 0.0 5553.0 19.0 332.0 0.17962535283551445
37 37 39 0.0 0.0 118.0 0.0 2760.0 13.0 48.0 0.2877697841726618
37 37 40 0.0 0.0 466.0 0.0 9196.0 22.0 1724.0 0.12022327179046799
37 37 41 0.0 0.0 109.0 0.0 2994.0 21.0 66.0 0.2753737214791503
37 37 42 0.0 0.0 271.0 0.0 6205.0 23.0 453.0 0.16552376448332937
37 37 43 0.0 0.0 1.0 0.0 129.0 1.0 0.0 0.6582040432534085
37 37 44 0.0 0.0 0.0 0.0 3.0 0.0 0.0 0.6989515726410384
37 38 36 0.0 0.0 1.0 0.0 34.0 1.0 0.0 0.6882989183874139
37 38 37 0.0 0.0 95.0 0.0 2378.0 17.0 37.0 0.3141126318151223
37 38 38 0.0 0.0 306.0 0.0 6996.0 21.0 698.0 0.15074835791967264
37 38 39 0.0 0.0 792.0 0.0 12010.0 25.0 6567.0 0.09458181326847723
37 38 40 0.0 0.0 697.0 0.0 11587.0 27.0 4224.0 0.09812167087188112
37 38 41 0.0 0.0 936.0 0.0 12778.0 25.0 8342.0 0.08909819894354992
37 38 42 0.0 0.0 247.0 0.0 5785.0 21.0 462.0 0.17465069860279436
37 38 43 0.0 0.0 11.0 0.0 313.0 1.0 0.0 0.6029285099052539
37 38 44 0.0 0.0 2.0 0.0 44.0 1.0 0.0 0.6845965770171147
37 38 45 0.0 0.0 0.0 0.0 1.0 0.0 0.0 0.6996501749125437
37 39 36 0.0 0.0 22.0 0.0 397.0 4.0 0.0 0.5797101449275361
37 39 37 0.0 0.0 152.0 0.0 3652.0 12.0 100.0 0.2417127071823204
37 39 38 0.0 0.0 319.0 0.0 7128.0 20.0 790.0 0.14841513834411107
37 39 39 0.0 0.0 511.0 0.0 9963.0 22.0 2528.0 0.1123505336650349
37 39 40 0.0 0.0 572.0 0.0 10534.0 20.0 2924.0 0.10691103474608628
37 39 41 0.0 0.0 396.0 0.0 8101.0 29.0 949.0 0.13365155131264914
37 39 42 0.0 0.0 261.0 0.0 6186.0 14.0 488.0 0.16583747927031506
37 39 43 0.0 0.0 472.0 0.0 8603.0 20.0 1320.0 0.12654795263490914
37 39 44 0.0 0.0 5.0 0.0 140.0 5.0 0.0 0.6545114539504441
37 39 45 0.0 0.0 0.0 0.0 5.0 0.0 0.0 0.6982543640897755
37 40 36 0.0 0.0 3.0 0.0 83.0 2.0 0.0 0.6717850287907868
37 40 37 0.0 0.0 51.0 0.0 1211.0 7.0 8.0 0.4299754299754299
37 40 38 0.0 0.0 388.0 0.0 8244.0 18.0 1193.0 0.13183915622940012
37 40 39 0.0 0.0 1072.0 0.0 13163.0 33.0 10904.0 0.08631319358816275
37 40 40 0.0 0.0 636.0 0.0 11350.0 18.0 4198.0 0.100150225338007
37 40 41 0.0 0.0 593.0 0.0 10644.0 33.0 3224.0 0.1059402194475974
37 40 42 0.0 0.0 490.0 0.0 9723.0 29.0 2272.0 0.11479173499508034
37 40 43 0.0 0.0 241.0 0.0 6079.0 21.0 506.0 0.16863406408094433
37 40 44 0.0 0.0 174.0 0.0 3672.0 17.0 103.0 0.2400137150694325
37 40 45 0.0 0.0 0.0 0.0 5.0 0.0 0.0 0.6982543640897755
37 41 36 0.0 0.0 0.0 0.0 16.0 0.0 0.0 0.6944444444444444
37 41 37 0.0 0.0 43.0 0.0 1003.0 9.0 4.0 0.46098123147843256
37 41 38 0.0 0.0 494.0 0.0 9583.0 20.0 2079.0 0.11598044901002401
37 41 39 0.0 0.0 697.0 0.0 11663.0 27.0 4420.0 0.09762900976290097
37 41 40 0.0 0.0 656.0 0.0 11366.0 26.0 4008.0 0.09995716121662143
37 41 41 0.0 0.0 749.0 1.0 12279.0 20.0 5505.0 0.09319664492078285
37 41 42 0.0 0.0 1012.0 0.0 12916.0 36.0 10364.0 0.08798391151332327
37 41 43 0.0 0.0 162.0 0.0 3601.0 22.0 90.0 0.24390243902439018
37 41 44 0.0 0.0 0.0 0.0 63.0 0.0 0.0 0.6786233640329616
37 41 45 0.0 0.0 1.0 0.0 3.0 0.0 0.0 0.6986027944111775
37 42 35 0.0 0.0 0.0 0.0 1.0 0.0 0.0 0.6996501749125437
37 42 36 0.0 0.0 0.0 0.0 3.0 0.0 0.0 0.6989515726410384
37 42 37 0.0 0.0 35.0 0.0 833.0 9.0 2.0 0.48985304408677394
37 42 38 0.0 0.0 384.0 0.0 8007.0 27.0 1123.0 0.13497878904743538
37 42 39 0.0 0.0 424.0 0.0 8457.0 25.0 1348.0 0.12885411872986652
37 42 40 0.0 0.0 543.0 0.0 10488.0 19.0 3147.0 0.10750211164862165
37 42 41 0.0 0.0 284.0 0.0 6583.0 20.0 623.0 0.158156348847718
37 42 42 0.0 0.0 357.0 0.0 7955.0 32.0 1148.0 0.13613380007779072
37 42 43 0.0 0.0 429.0 0.0 8807.0 20.0 1581.0 0.12472160356347436
37 42 44 0.0 0.0 60.0 0.0 1440.0 5.0 14.0 0.4005722460658082
37 42 45 0.0 0.0 0.0 0.0 4.0 0.0 0.0 0.6986027944111775
37 43 36 0.0 0.0 0.0 0.0 1.0 0.0 0.0 0.6996501749125437
37 43 37 0.0 0.0 1.0 0.0 36.0 0.0 0.0 0.6872852233676975
37 43 38 0.0 0.0 135.0 0.0 3068.0 18.0 64.0 0.26990553306342774
37 43 39 0.0 0.0 242.0 0.0 4806.0 20.0 232.0 0.19908987485779292
37 43 40 0.0 0.0 165.0 0.0 3584.0 22.0 97.0 0.24441340782122903
37 43 41 0.0 0.0 438.0 0.0 9086.0 24.0 1687.0 0.12153832797985933
37 43 42 0.0 0.0 59.0 0.0 1544.0 14.0 14.0 0.39008080245193644
37 43 43 0.0 0.0 88.0 0.0 1907.0 12.0 21.0 0.35149384885764495
37 43 44 0.0 0.0 0.0 0.0 28.0 0.0 0.0 0.690335305719921
37 43 45 0.0 0.0 0.0 0.0 2.0 0.0 0.0 0.6993006993006992
37 44 37 0.0 0.0 0.0 0.0 2.0 0.0 0.0 0.6993006993006992
37 44 38 0.0 0.0 0.0 0.0 44.0 0.0 0.0 0.684931506849315
37 44 39 0.0 0.0 173.0 0.0 3827.0 16.0 119.0 0.23383998663771502
37 44 40 0.0 0.0 2.0 0.0 120.0 2.0 0.0 0.6603773584905659
37 44 41 0.0 0.0 7.0 0.0 126.0 2.0 0.0 0.6569685593618019
37 44 42 0.0 0.0 0.0 0.0 30.0 0.0 0.0 0.689655172413793
37 44 43 0.0 0.0 0.0 0.0 6.0 0.0 0.0 0.6979062811565303
37 44 44 0.0 0.0 0.0 0.0 1.0 0.0 0.0 0.6996501749125437
37 45 38 0.0 0.0 0.0 0.0 2.0 0.0 0.0 0.6993006993006992
37 45 39 0.0 0.0 0.0 0.0 7.0 0.0 0.0 0.6979062811565303
37 45 40 0.0 0.0 0.0 0.0 5.0 0.0 0.0 0.6982543640897755
37 45 41 0.0 0.0 0.0 0.0 5.0 0.0 0.0 0.6982543640897755
38 35 38 0.0 0.0 0.0 0.0 1.0 0.0 0.0 0.6996501749125437
38 35 39 0.0 0.0 1.0 0.0 46.0 0.0 0.0 0.6839276990718123
38 35 40 0.0 0.0 1.0 0.0 39.0 0.0 0.0 0.6862745098039215
38 35 41 0.0 0.0 0.0 0.0 9.0 0.0 0.0 0.6968641114982577
38 36 35 0.0 0.0 0.0 0.0 3.0 0.0 0.0 0.6989515726410384
38 36 36 0.0 0.0 0.0 0.0 28.0 0.0 0.0 0.690335305719921
38 36 37 0.0 0.0 26.0 0.0 539.0 8.0 1.0 0.5475166210402814
38 36 38 0.0 0.0 2.0 0.0 192.0 1.0 0.0 0.6383948928408572
38 36 39 0.0 0.0 17.0 0.0 619.0 3.0 1.0 0.5317128750474742
38 36 40 0.0 0.0 94.0 0.0 2262.0 15.0 33.0 0.322432058959005
38 36 41 0.0 0.0 82.0 0.0 1928.0 12.0 21.0 0.3501750875437718
38 36 42 0.0 0.0 1.0 0.0 88.0 0.0 0.0 0.6701771182383915
38 36 43 0.0 0.0 0.0 0.0 13.0 0.0 0.0 0.695479384003974
38 36 44 0.0 0.0 0.0 0.0 7.0 0.0 0.0 0.6975585450921773
38 37 34 0.0 0.0 0.0 0.0 1.0 0.0 0.0 0.6996501749125437
38 37 35 0.0 0.0 0.0 0.0 8.0 0.0 0.0 0.6975585450921773
38 37 36 0.0 0.0 5.0 0.0 134.0 1.0 0.0 0.6548175865294666
38 37 37 0.0 0.0 126.0 0.0 3263.0 17.0 83.0 0.2606105733432613
38 37 38 0.0 0.0 228.0 0.0 5501.0 16.0 336.0 0.18134715025906734
38 37 39 0.0 0.0 586.0 0.0 10442.0 28.0 2926.0 0.10755992624462199
38 37 40 0.0 0.0 330.0 0.0 7024.0 21.0 718.0 0.1500053573341905
38 37 41 0.0 0.0 351.0 0.0 7353.0 22.0 851.0 0.14452358831423553
38 37 42 0.0 0.0 152.0 0.0 3653.0 16.0 100.0 0.2417127071823204
38 37 43 0.0 0.0 69.0 0.0 1613.0 15.0 15.0 0.38178347422961545
38 37 44 0.0 0.0 9.0 0.0 175.0 1.0 0.0 0.6413192853870818
38 38 35 0.0 0.0 0.0 0.0 17.0 0.0 0.0 0.694100148735746
38 38 36 0.0 0.0 25.0 0.0 717.0 7.0 2.0 0.5118829981718463
38 38 37 0.0 0.0 211.0 0.0 4433.0 33.0 170.0 0.21176826501285734
38 38 38 0.0 0.0 951.0 0.0 12818.0 35.0 9192.0 0.0888832455082217
38 38 39 0.0 0.0 874.0 0.0 12754.0 33.0 7007.0 0.08965738072366312
38 38 40 0.0 0.0 624.0 0.0 11196.0 31.0 3512.0 0.10144192449822474
38 38 41 0.0 0.0 969.0 0.0 12967.0 32.0 9390.0 0.08784589320449268
38 38 42 0.0 0.0 596.0 0.0 10768.0 26.0 3089.0 0.1048767697954903
38 38 43 0.0 0.0 249.0 0.0 5735.0 16.0 376.0 0.17561465127947812
38 38 44 0.0 0.0 7.0 0.0 174.0 0.0 0.0 0.6419073819348922
38 38 45 0.0 0.0 0.0 0.0 5.0 0.0 0.0 0.6982543640897755
38 39 35 0.0 0.0 3.0 0.0 85.0 0.0 0.0 0.6704980842911876
38 39 36 0.0 0.0 52.0 0.0 1173.0 8.0 5.0 0.4353233830845771
38 39 37 0.0 0.0 428.0 0.0 8900.0 19.0 1477.0 0.12377331800901775
38 39 38 0.0 0.0 699.0 0.0 11254.0 23.0 3475.0 0.10041600918089225
38 39 39 0.0 0.0 1498.0 1.0 12590.0 42.0 23549.0 0.08701056556867619
38 39 40 0.0 0.0 1720.0 0.0 12638.0 41.0 26795.0 0.0855327468230694
38 39 41 0.0 0.0 789.0 0.0 12275.0 29.0 6655.0 0.09294297284737435
38 39 42 0.0 0.0 561.0 0.0 10245.0 27.0 2376.0 0.10938354558949917
38 39 43 0.0 0.0 197.0 0.0 4845.0 20.0 214.0 0.199345009255304
38 39 44 0.0 0.0 155.0 0.0 3240.0 17.0 72.0 0.2603198214949795
38 39 45 0.0 0.0 0.0 0.0 12.0 0.0 0.0 0.6961710591745399
38 40 35 0.0 0.0 27.0 0.0 506.0 8.0 0.0 0.5544554455445544
38 40 36 0.0 0.0 46.0 0.0 1189.0 12.0 5.0 0.4343779087806391
38 40 37 0.0 0.0 183.0 0.0 5158.0 13.0 347.0 0.19094380796508453
38 40 38 0.0 0.0 761.0 0.0 12021.0 24.0 4722.0 0.09467775748968688
38 40 39 0.0 0.0 1457.0 3.0 13371.0 40.0 18816.0 0.08319961965888155
38 40 40 0.0 1.0 1309.0 0.0 13136.0 33.0 18144.0 0.08517887563884156
38 40 41 0.0 0.0 1374.0 2.0 13352.0 40.0 17391.0 0.08372704981759464
38 40 42 0.0 0.0 930.0 0.0 13002.0 26.0 7238.0 0.08791760864104495
38 40 43 0.0 0.0 345.0 0.0 7277.0 27.0 779.0 0.14577259475218654
38 40 44 0.0 0.0 10.0 0.0 326.0 5.0 1.0 0.6006006006006005
38 40 45 0.0 0.0 0.0 0.0 19.0 0.0 0.0 0.6934125804853887
38 41 35 0.0 0.0 2.0 0.0 55.0 0.0 0.0 0.6806028196402526
38 41 36 0.0 0.0 17.0 0.0 568.0 7.0 1.0 0.543056633048875
38 41 37 0.0 0.0 206.0 0.0 5298.0 20.0 360.0 0.18711574445335472
38 41 38 0.0 0.0 441.0 6.0 8814.0 30.0 1457.0 0.1246216841730461
38 41 39 0.0 0.0 1189.0 0.0 13294.0 40.0 14006.0 0.08499271491015055
38 41 40 0.0 0.0 1674.0 0.0 12479.0 43.0 27186.0 0.08663902469212202
38 41 41 0.0 0.0 1181.0 2.0 13548.0 40.0 12153.0 0.08375209380234505
38 41 42 0.0 0.0 844.0 0.0 12426.0 28.0 5934.0 0.091767173571054
38 41 43 0.0 0.0 267.0 0.0 6407.0 22.0 603.0 0.1618684240952711
38 41 44 0.0 0.0 71.0 0.0 1805.0 7.0 17.0 0.3618506073920909
38 41 45 0.0 0.0 1.0 0.0 18.0 0.0 0.0 0.6934125804853887
38 42 35 0.0 0.0 0.0 0.0 3.0 0.0 0.0 0.6989515726410384
38 42 36 0.0 0.0 14.0 0.0 380.0 4.0 0.0 0.5857740585774057
38 42 37 0.0 0.0 30.0 0.0 750.0 4.0 4.0 0.5043227665706052
38 42 38 0.0 0.0 296.0 3.0 6962.0 13.0 772.0 0.15131863380890617
38 42 39 0.0 0.0 971.0 0.0 12956.0 33.0 9035.0 0.08796732642161482
38 42 40 0.0 0.0 1143.0 3.0 13081.0 44.0 12999.0 0.08633980881899475
38 42 41 0.0 0.0 982.0 2.0 12995.0 32.0 8778.0 0.08765888172312315
38 42 42 0.0 0.0 333.0 1.0 6916.0 23.0 619.0 0.1515971846237141
38 42 43 0.0 0.0 280.0 0.0 5758.0 13.0 387.0 0.17438963627304432
38 42 44 0.0 0.0 66.0 0.0 1781.0 8.0 16.0 0.3645833333333333
38 42 45 0.0 0.0 2.0 0.0 60.0 1.0 0.0 0.6792819019893255
38 43 36 0.0 0.0 0.0 0.0 41.0 0.0 0.0 0.6859382655560998
38 43 37 0.0 0.0 17.0 0.0 333.0 2.0 1.0 0.5962521294718909
38 43 38 0.0 0.0 72.0 0.0 1823.0 17.0 16.0 0.36101083032490966
38 43 39 0.0 0.0 617.0 1.0 10844.0 25.0 3826.0 0.10407374368123698
38 43 40 0.0 0.0 392.0 1.0 8445.0 18.0 1358.0 0.12928248222365868
38 43 41 0.0 0.0 229.0 0.0 5193.0 18.0 292.0 0.18908698001080496
38 43 42 0.0 0.0 168.0 0.0 3769.0 15.0 104.0 0.23624704691191356
38 43 43 0.0 0.0 36.0 0.0 797.0 7.0 8.0 0.4953998584571832
38 43 44 0.0 0.0 148.0 0.0 3429.0 19.0 92.0 0.251889168765743
38 43 45 0.0 0.0 0.0 0.0 7.0 0.0 0.0 0.6975585450921773
38 44 36 0.0 0.0 0.0 0.0 10.0 0.0 0.0 0.6965174129353233
38 44 37 0.0 0.0 3.0 0.0 53.0 2.0 0.0 0.6815968841285296
38 44 38 0.0 0.0 5.0 0.0 141.0 1.0 0.0 0.6526806526806526
38 44 39 0.0 0.0 7.0 0.0 298.0 0.0 0.0 0.6073752711496745
38 44 40 0.0 0.0 194.0 0.0 3984.0 24.0 120.0 0.22753128555176336
38 44 41 0.0 0.0 3.0 0.0 103.0 2.0 0.0 0.6653992395437262
38 44 42 0.0 0.0 25.0 0.0 566.0 9.0 1.0 0.5422153369481022
38 44 43 0.0 0.0 0.0 0.0 9.0 0.0 0.0 0.6968641114982577
38 44 44 0.0 0.0 0.0 0.0 7.0 0.0 0.0 0.6975585450921773
38 44 45 0.0 0.0 0.0 0.0 1.0 0.0 0.0 0.6996501749125437
38 45 37 0.0 0.0 0.0 0.0 1.0 0.0 0.0 0.6996501749125437
38 45 39 0.0 0.0 0.0 0.0 7.0 0.0 0.0 0.6975585450921773
38 45 40 0.0 0.0 0.0 0.0 4.0 0.0 0.0 0.6986027944111775
38 45 42 0.0 0.0 0.0 0.0 2.0 0.0 0.0 0.6993006993006992
39 35 36 0.0 0.0 0.0 0.0 3.0 0.0 0.0 0.6989515726410384
39 35 37 0.0 0.0 0.0 0.0 2.0 0.0 0.0 0.6993006993006992
39 35 38 0.0 0.0 0.0 0.0 9.0 0.0 0.0 0.6968641114982577
39 35 39 0.0 0.0 3.0 0.0 87.0 1.0 0.0 0.6701771182383915
39 35 40 0.0 0.0 0.0 0.0 25.0 0.0 0.0 0.6913580246913579
39 35 41 0.0 0.0 5.0 0.0 91.0 3.0 0.0 0.668896321070234
39 36 35 0.0 0.0 0.0 0.0 18.0 0.0 0.0 0.6937561942517343
39 36 36 0.0 0.0 27.0 0.0 400.0 6.0 1.0 0.5782734407269723
39 36 37 0.0 0.0 7.0 0.0 209.0 3.0 0.0 0.632625395390872
39 36 38 0.0 0.0 67.0 0.0 1435.0 8.0 8.0 0.4008016032064127
39 36 39 0.0 0.0 59.0 0.0 1766.0 9.0 22.0 0.3668763102725366
39 36 40 0.0 0.0 301.0 0.0 6756.0 13.0 658.0 0.1547645368118505
39 36 41 0.0 0.0 57.0 0.0 1666.0 4.0 18.0 0.37654653039268415
39 36 42 0.0 0.0 23.0 0.0 909.0 4.0 6.0 0.4783054321831226
39 36 43 0.0 0.0 0.0 0.0 22.0 0.0 0.0 0.6923837784371908
39 36 44 0.0 0.0 0.0 0.0 20.0 0.0 0.0 0.6930693069306929
39 37 35 0.0 0.0 6.0 0.0 46.0 2.0 0.0 0.6829268292682925
39 37 36 0.0 0.0 157.0 0.0 3559.0 15.0 99.0 0.24544179523141652
39 37 37 0.0 0.0 324.0 0.0 7494.0 24.0 914.0 0.1428863033272096
39 37 38 0.0 0.0 410.0 0.0 8588.0 21.0 1340.0 0.12748133309051174
39 37 39 0.0 0.0 406.0 0.0 8685.0 23.0 1502.0 0.1264450867052023
39 37 40 0.0 0.0 828.0 0.0 12410.0 28.0 6277.0 0.09194194522886977
39 37 41 0.0 0.0 757.0 0.0 11782.0 24.0 5033.0 0.09637227232050663
39 37 42 0.0 0.0 194.0 0.0 4324.0 18.0 167.0 0.21525215252152516
39 37 43 0.0 0.0 257.0 0.0 5512.0 23.0 373.0 0.18066847335140013
39 37 44 0.0 0.0 2.0 0.0 54.0 0.0 0.0 0.6809338521400777
39 37 45 0.0 0.0 0.0 0.0 2.0 0.0 0.0 0.6993006993006992
39 38 35 0.0 0.0 45.0 0.0 1083.0 12.0 5.0 0.44914982354828353
39 38 36 0.0 0.0 230.0 0.0 5338.0 21.0 328.0 0.18547959724430307
39 38 37 0.0 0.0 555.0 0.0 10594.0 22.0 3615.0 0.10655301012253594
39 38 38 0.0 0.0 821.0 0.0 12451.0 25.0 6568.0 0.09172508681124286
39 38 39 0.0 0.0 884.0 0.0 12744.0 25.0 7745.0 0.08962294347352921
39 38 40 0.0 0.0 1533.0 0.0 13339.0 56.0 20151.0 0.0830614061109463
39 38 41 0.0 0.0 666.0 0.0 11354.0 28.0 4171.0 0.09989297181591152
39 38 42 0.0 0.0 799.0 0.0 12211.0 32.0 5784.0 0.09337068160597571
39 38 43 0.0 0.0 223.0 0.0 5245.0 22.0 277.0 0.18799516583859266
39 38 44 0.0 0.0 158.0 0.0 3640.0 18.0 128.0 0.2420470262793914
39 38 45 0.0 0.0 0.0 0.0 7.0 0.0 0.0 0.6975585450921773
39 39 35 0.0 0.0 37.0 0.0 920.0 10.0 5.0 0.4748982360922659
39 39 36 0.0 0.0 381.0 0.0 7961.0 15.0 1148.0 0.1354227123234668
39 39 37 0.0 0.0 554.0 0.0 10295.0 24.0 2926.0 0.10905974916257691
39 39 38 0.0 0.0 1236.0 0.0 13533.0 34.0 13905.0 0.08347245409015024
39 39 39 2.0 1.0 1792.0 15.0 12557.0 47.0 30071.0 0.08549096238397655
39 39 40 0.0 4.0 1994.0 25.0 12951.0 57.0 29163.0 0.08248394508925941
39 39 41 0.0 4.0 2068.0 22.0 12112.0 50.0 35621.0 0.08632916075723006
39 39 42 0.0 0.0 858.0 4.0 12486.0 27.0 5837.0 0.09122898475172683
39 39 43 0.0 0.0 316.0 0.0 7023.0 11.0 699.0 0.1500375093773443
39 39 44 0.0 0.0 50.0 0.0 1359.0 10.0 13.0 0.41176470588235287
39 39 45 0.0 0.0 0.0 0.0 10.0 0.0 0.0 0.6968641114982577
39 40 34 0.0 0.0 0.0 0.0 1.0 0.0 0.0 0.6996501749125437
39 40 35 0.0 0.0 5.0 0.0 147.0 2.0 0.0 0.6511627906976742
39 40 36 0.0 0.0 308.0 0.0 6728.0 18.0 565.0 0.15519343753464135
39 40 37 0.0 0.0 784.0 0.0 12178.0 34.0 5281.0 0.09371443871745096
39 40 38 0.0 1.0 1265.0 5.0 13335.0 34.0 14709.0 0.08426120975022569
39 40 39 0.0 0.0 1998.0 5.0 12803.0 55.0 31373.0 0.0832639467110741
39 40 40 0.0 7.0 2655.0 46.0 10108.0 60.0 56433.0 0.0944924406047516
39 40 41 0.0 7.0 1719.0 72.0 13605.0 63.0 22376.0 0.08058481551833303
39 40 42 0.0 5.0 653.0 89.0 11573.0 26.0 4401.0 0.0978131768322504
39 40 43 0.0 0.0 630.0 0.0 11264.0 25.0 4079.0 0.10085728693898133
39 40 44 0.0 0.0 254.0 0.0 6110.0 20.0 509.0 0.16760445348976416
39 40 45 0.0 0.0 0.0 0.0 17.0 0.0 0.0 0.694100148735746
39 41 35 0.0 0.0 3.0 0.0 101.0 1.0 0.0 0.6657156443176413
39 41 36 0.0 0.0 143.0 0.0 3473.0 21.0 108.0 0.2501786990707648
39 41 37 0.0 0.0 405.0 0.0 9082.0 30.0 1692.0 0.12214273250741578
39 41 38 0.0 0.0 458.0 0.0 9208.0 22.0 1791.0 0.12014073629108382
39 41 39 0.0 0.0 1493.0 22.0 13522.0 47.0 19109.0 0.08216926869350862
39 41 40 1.0 4.0 2125.0 40.0 11879.0 56.0 36640.0 0.08715682002116665
39 41 41 0.0 1.0 1578.0 54.0 13518.0 34.0 20487.0 0.08155656530350691
39 41 42 0.0 3.0 956.0 47.0 12689.0 33.0 10291.0 0.08923449550640576
39 41 43 0.0 0.0 848.0 1.0 12380.0 37.0 6216.0 0.0920326058374967
39 41 44 0.0 0.0 59.0 0.0 1587.0 9.0 11.0 0.38493263678856193
39 41 45 0.0 0.0 0.0 0.0 15.0 0.0 0.0 0.694789081885856
39 42 35 0.0 0.0 1.0 0.0 10.0 1.0 0.0 0.6965174129353233
39 42 36 0.0 0.0 13.0 0.0 357.0 1.0 1.0 0.590966652596032
39 42 37 0.0 0.0 593.0 0.0 10578.0 26.0 3199.0 0.10635065329687024
39 42 38 0.0 0.0 371.0 0.0 8192.0 19.0 1245.0 0.13270142180094782
39 42 39 0.0 6.0 559.0 54.0 10016.0 30.0 2252.0 0.11095260738627356
39 42 40 0.0 2.0 1036.0 58.0 13063.0 39.0 9374.0 0.08669267446900736
39 42 41 0.0 10.0 1161.0 76.0 13029.0 28.0 13203.0 0.08605851979345955
39 42 42 0.0 0.0 381.0 25.0 8580.0 23.0 1422.0 0.1276091513991432
39 42 43 0.0 0.0 552.0 1.0 10255.0 20.0 2868.0 0.10937499999999999
39 42 44 0.0 0.0 181.0 0.0 4537.0 9.0 244.0 0.20855057351407713
39 42 45 0.0 0.0 0.0 0.0 15.0 0.0 0.0 0.694789081885856
39 43 36 0.0 0.0 0.0 0.0 65.0 0.0 0.0 0.6779661016949151
39 43 37 0.0 0.0 355.0 0.0 7307.0 26.0 758.0 0.1451679800912484
39 43 38 0.0 0.0 252.0 0.0 5657.0 23.0 323.0 0.17739483020780533
39 43 39 0.0 0.0 466.0 1.0 9600.0 31.0 2074.0 0.11623080116230801
39 43 40 0.0 0.0 223.0 0.0 5591.0 25.0 411.0 0.17969451931716077
39 43 41 0.0 0.0 375.0 0.0 8419.0 22.0 1423.0 0.12985808366570817
39 43 42 0.0 0.0 217.0 1.0 4785.0 17.0 213.0 0.20040080160320636
39 43 43 0.0 0.0 109.0 0.0 2495.0 9.0 30.0 0.3046789989118607
39 43 44 0.0 0.0 2.0 0.0 110.0 1.0 0.0 0.6635071090047392
39 43 45 0.0 0.0 0.0 0.0 10.0 0.0 0.0 0.6965174129353233
39 44 35 0.0 0.0 0.0 0.0 1.0 0.0 0.0 0.6996501749125437
39 44 36 0.0 0.0 0.0 0.0 13.0 1.0 0.0 0.6958250497017892
39 44 37 0.0 0.0 3.0 0.0 184.0 0.0 0.0 0.6401463191586647
39 44 38 0.0 0.0 38.0 0.0 1060.0 10.0 4.0 0.45351473922902485
39 44 39 0.0 0.0 45.0 0.0 1010.0 14.0 0.0 0.46052631578947356
39 44 40 0.0 0.0 40.0 0.0 913.0 6.0 3.0 0.47505938242280277
39 44 41 0.0 0.0 37.0 0.0 738.0 12.0 1.0 0.5065123010130245
39 44 42 0.0 0.0 23.0 0.0 553.0 8.0 0.0 0.5451713395638628
39 44 43 0.0 0.0 5.0 0.0 54.0 0.0 0.0 0.6799417192812044
39 44 44 0.0 0.0 0.0 0.0 3.0 0.0 0.0 0.6989515726410384
39 45 39 0.0 0.0 0.0 0.0 2.0 0.0 0.0 0.6993006993006992
39 45 40 0.0 0.0 0.0 0.0 2.0 0.0 0.0 0.6993006993006992
39 45 41 0.0 0.0 0.0 0.0 4.0 0.0 0.0 0.6986027944111775
40 35 37 0.0 0.0 0.0 0.0 2.0 0.0 0.0 0.6993006993006992
40 35 38 0.0 0.0 0.0 0.0 16.0 0.0 0.0 0.6944444444444444
40 35 39 0.0 0.0 1.0 0.0 32.0 1.0 0.0 0.6889763779527558
40 35 40 0.0 0.0 3.0 0.0 45.0 1.0 0.0 0.6839276990718123
40 35 41 0.0 0.0 0.0 0.0 13.0 0.0 0.0 0.695479384003974
40 35 42 0.0 0.0 0.0 0.0 1.0 0.0 0.0 0.6996501749125437
40 36 35 0.0 0.0 0.0 0.0 15.0 0.0 0.0 0.694789081885856
40 36 36 0.0 0.0 91.0 0.0 2104.0 16.0 29.0 0.3349282296650717
40 36 37 0.0 0.0 52.0 0.0 920.0 8.0 6.0 0.4724940938238271
40 36 38 0.0 0.0 40.0 0.0 1204.0 10.0 7.0 0.43290043290043284
40 36 39 0.0 0.0 253.0 0.0 6098.0 14.0 453.0 0.16792611251049536
40 36 40 0.0 0.0 32.0 0.0 1003.0 7.0 6.0 0.46250412950115616
40 36 41 0.0 0.0 106.0 0.0 2223.0 13.0 31.0 0.32429928190873286
40 36 42 0.0 0.0 0.0 0.0 162.0 3.0 0.0 0.6484483557202407
40 36 43 0.0 0.0 4.0 0.0 56.0 2.0 0.0 0.6806028196402526
40 36 44 0.0 0.0 0.0 0.0 6.0 0.0 0.0 0.6979062811565303
40 37 34 0.0 0.0 0.0 0.0 1.0 0.0 0.0 0.0
40 37 35 0.0 0.0 0.0 0.0 49.0 0.0 0.0 0.6832601268911663
40 37 36 0.0 0.0 318.0 0.0 6460.0 28.0 553.0 0.1599086236436322
40 37 37 0.0 0.0 114.0 0.0 3479.0 17.0 139.0 0.2509860164933667
40 37 38 0.0 0.0 476.0 0.0 9397.0 22.0 1781.0 0.11807371173146664
40 37 39 0.0 0.0 660.0 0.0 11274.0 36.0 3613.0 0.10063254744105807
40 37 40 0.0 0.0 549.0 0.0 9962.0 21.0 2164.0 0.11198208286674131
40 37 41 0.0 0.0 282.0 0.0 6062.0 14.0 427.0 0.1680672268907563
40 37 42 0.0 0.0 235.0 0.0 4903.0 27.0 236.0 0.19679505201012085
40 37 43 0.0 0.0 153.0 0.0 3451.0 23.0 89.0 0.250851101953055
40 37 44 0.0 0.0 0.0 0.0 66.0 1.0 0.0 0.6779661016949151
40 38 34 0.0 0.0 0.0 0.0 2.0 0.0 0.0 0.6993006993006992
40 38 35 0.0 0.0 10.0 0.0 266.0 2.0 0.0 0.615655233069481
40 38 36 0.0 0.0 264.0 0.0 5312.0 22.0 267.0 0.18525870054254331
40 38 37 0.0 0.0 905.0 0.0 12725.0 29.0 8997.0 0.0895942659669781
40 38 38 0.0 0.0 1392.0 0.0 13068.0 35.0 20144.0 0.0850391787645022
40 38 39 0.0 0.0 1201.0 0.0 13544.0 25.0 12756.0 0.08360704687966555
40 38 40 0.0 0.0 1243.0 2.0 13580.0 40.0 12863.0 0.0832639467110741
40 38 41 0.0 0.0 1295.0 3.0 13512.0 44.0 14946.0 0.08332837331111242
40 38 42 0.0 0.0 944.0 1.0 12711.0 36.0 7358.0 0.08951979026791992
40 38 43 0.0 0.0 316.0 0.0 6604.0 17.0 590.0 0.15719739501459687
40 38 44 0.0 0.0 47.0 0.0 1194.0 11.0 7.0 0.4333023831631074
40 38 45 0.0 0.0 0.0 0.0 4.0 0.0 0.0 0.6986027944111775
40 39 35 0.0 0.0 101.0 0.0 1985.0 18.0 19.0 0.34414945919370693
40 39 36 0.0 0.0 320.0 0.0 6809.0 22.0 552.0 0.15366041049281087
40 39 37 0.0 0.0 814.0 0.0 12538.0 36.0 6535.0 0.09123492994460736
40 39 38 0.0 0.0 1375.0 0.0 13220.0 37.0 18186.0 0.08442889880593413
40 39 39 0.0 2.0 1995.0 24.0 12308.0 64.0 33287.0 0.08575278696557637
40 39 40 0.0 1.0 1935.0 12.0 13310.0 49.0 28144.0 0.08113590263691682
40 39 41 1.0 3.0 1914.0 44.0 13159.0 37.0 26687.0 0.08173750583839326
40 39 42 0.0 0.0 1435.0 1.0 13409.0 50.0 19346.0 0.08317984671142534
40 39 43 0.0 0.0 554.0 1.0 10010.0 17.0 2192.0 0.11153601019757806
40 39 44 0.0 0.0 150.0 0.0 3925.0 14.0 123.0 0.23087071240105536
40 39 45 0.0 0.0 17.0 0.0 349.0 5.0 0.0 0.5929690808979245
40 40 34 0.0 0.0 0.0 0.0 2.0 0.0 0.0 0.6993006993006992
40 40 35 0.0 0.0 61.0 0.0 1234.0 6.0 11.0 0.4256612952265125
40 40 36 0.0 0.0 445.0 0.0 9338.0 19.0 1966.0 0.11893636904256222
40 40 37 0.0 0.0 740.0 0.0 12147.0 23.0 6224.0 0.09409234491565292
40 40 38 0.0 0.0 1560.0 0.0 13000.0 43.0 22489.0 0.08456659619450316
40 40 39 0.0 14.0 2238.0 125.0 12370.0 61.0 36400.0 0.08366700531883105
40 40 40 7.0 70.0 2797.0 312.0 7517.0 61.0 82057.0 0.11018416496143553
40 40 41 0.0 3.0 2543.0 51.0 10724.0 53.0 50874.0 0.09128847157016169
40 40 42 0.0 10.0 1358.0 99.0 13396.0 39.0 16543.0 0.08299247139723752
40 40 43 0.0 0.0 673.0 0.0 11395.0 32.0 4170.0 0.09961576775295289
40 40 44 0.0 0.0 41.0 0.0 1360.0 7.0 7.0 0.4126142057176539
40 40 45 0.0 0.0 3.0 0.0 49.0 1.0 0.0 0.68259385665529
40 41 35 0.0 0.0 21.0 0.0 421.0 7.0 0.0 0.5749486652977411
40 41 36 0.0 0.0 175.0 0.0 3956.0 20.0 143.0 0.22905759162303663
40 41 37 0.0 0.0 541.0 0.0 10566.0 18.0 3555.0 0.10683760683760683
40 41 38 0.0 0.0 1039.0 3.0 13416.0 38.0 9481.0 0.08509603695599319
40 41 39 0.0 1.0 1599.0 14.0 13602.0 42.0 20323.0 0.08133387555917039
40 41 40 0.0 18.0 1905.0 146.0 12962.0 43.0 28922.0 0.08218856404837382
40 41 41 0.0 529.0 1475.0 5544.0 9305.0 48.0 25392.0 0.07428237915848675
40 41 42 0.0 4.0 1308.0 53.0 13070.0 42.0 17811.0 0.08520479581279289
40 41 43 0.0 0.0 268.0 1.0 6067.0 11.0 503.0 0.1680067202688107
40 41 44 0.0 0.0 238.0 0.0 5684.0 21.0 330.0 0.17714791851195746
40 41 45 0.0 0.0 0.0 0.0 24.0 0.0 0.0 0.6916996047430829
40 42 35 0.0 0.0 0.0 0.0 38.0 0.0 0.0 0.6872852233676975
40 42 36 0.0 0.0 18.0 0.0 957.0 10.0 9.0 0.47217537942664417
40 42 37 0.0 0.0 154.0 0.0 3444.0 15.0 99.0 0.25071633237822344
40 42 38 0.0 0.0 960.0 0.0 12838.0 29.0 9423.0 0.08857956342929452
40 42 39 0.0 2.0 881.0 8.0 12698.0 23.0 6960.0 0.08986456126837408
40 42 40 0.0 1.0 1580.0 21.0 13460.0 56.0 20741.0 0.08214516223669541
40 42 41 0.0 7.0 853.0 119.0 12460.0 26.0 7137.0 0.09062661833247021
40 42 42 0.0 3.0 458.0 116.0 8947.0 18.0 1437.0 0.12164393083673646
40 42 43 0.0 0.0 676.0 0.0 11536.0 21.0 4543.0 0.0985637848493382
40 42 44 0.0 0.0 166.0 0.0 3929.0 23.0 155.0 0.2304526748971193
40 42 45 0.0 0.0 0.0 0.0 18.0 0.0 0.0 0.6937561942517343
40 43 36 0.0 0.0 97.0 0.0 2000.0 19.0 22.0 0.3433055419323197
40 43 37 0.0 0.0 62.0 0.0 1298.0 9.0 9.0 0.417785735601313
40 43 38 0.0 0.0 520.0 0.0 9572.0 17.0 1860.0 0.11581733951025809
40 43 39 0.0 0.0 407.0 0.0 8226.0 12.0 1203.0 0.13176470588235292
40 43 40 0.0 0.0 292.0 10.0 6404.0 27.0 595.0 0.16129032258064513
40 43 41 0.0 0.0 667.0 0.0 11482.0 22.0 4086.0 0.09900289937062443
40 43 42 0.0 0.0 338.0 0.0 7162.0 24.0 734.0 0.14755480607082627
40 43 43 0.0 0.0 86.0 0.0 2119.0 11.0 36.0 0.3338102050548402
40 43 44 0.0 0.0 137.0 0.0 2654.0 7.0 43.0 0.29264214046822734
40 43 45 0.0 0.0 0.0 0.0 7.0 0.0 0.0 0.6975585450921773
40 44 35 0.0 0.0 0.0 0.0 2.0 0.0 0.0 0.6993006993006992
40 44 36 0.0 0.0 0.0 0.0 4.0 0.0 0.0 0.6986027944111775
40 44 37 0.0 0.0 0.0 0.0 51.0 0.0 0.0 0.6829268292682925
40 44 38 0.0 0.0 13.0 0.0 334.0 3.0 1.0 0.5972696245733787
40 44 39 0.0 0.0 14.0 0.0 324.0 4.0 1.0 0.6000857265323617
40 44 40 0.0 0.0 66.0 0.0 1446.0 15.0 9.0 0.40034315127251924
40 44 41 0.0 0.0 119.0 0.0 2873.0 16.0 58.0 0.28129395218002806
40 44 42 0.0 0.0 5.0 0.0 206.0 1.0 0.0 0.6334841628959276
40 44 43 0.0 0.0 2.0 0.0 27.0 1.0 0.0 0.690335305719921
40 44 44 0.0 0.0 1.0 0.0 9.0 1.0 0.0 0.6968641114982577
40 44 45 0.0 0.0 0.0 0.0 2.0 0.0 0.0 0.6993006993006992
40 45 38 0.0 0.0 0.0 0.0 1.0 0.0 0.0 0.6996501749125437
40 45 40 0.0 0.0 0.0 0.0 5.0 0.0 0.0 0.6982543640897755
40 45 41 0.0 0.0 0.0 0.0 2.0 0.0 0.0 0.6993006993006992
40 45 42 0.0 0.0 0.0 0.0 1.0 0.0 0.0 0.6996501749125437
41 34 41 0.0 0.0 0.0 0.0 1.0 0.0 0.0 0.6996501749125437
41 35 36 0.0 0.0 0.0 0.0 2.0 0.0 0.0 0.6993006993006992
41 35 37 0.0 0.0 0.0 0.0 3.0 0.0 0.0 0.6989515726410384
41 35 38 0.0 0.0 0.0 0.0 14.0 0.0 0.0 0.6951340615690167
41 35 39 0.0 0.0 0.0 0.0 22.0 0.0 0.0 0.6923837784371908
41 35 40 0.0 0.0 35.0 0.0 716.0 9.0 2.0 0.5105762217359591
41 35 41 0.0 0.0 0.0 0.0 5.0 0.0 0.0 0.6982543640897755
41 35 42 0.0 0.0 0.0 0.0 3.0 0.0 0.0 0.6989515726410384
41 36 35 0.0 0.0 0.0 0.0 14.0 0.0 0.0 0.6951340615690167
41 36 36 0.0 0.0 10.0 0.0 447.0 4.0 2.0 0.5707297187117814
41 36 37 0.0 0.0 140.0 0.0 3029.0 21.0 72.0 0.2718974558166634
41 36 38 0.0 0.0 22.0 0.0 806.0 7.0 1.0 0.49627791563275425
41 36 39 0.0 0.0 148.0 0.0 3358.0 10.0 76.0 0.2546380502000727
41 36 40 0.0 0.0 124.0 0.0 2815.0 18.0 49.0 0.2844372206420154
41 36 41 0.0 0.0 16.0 0.0 300.0 3.0 0.0 0.6052745352356247
41 36 42 0.0 0.0 3.0 0.0 134.0 2.0 1.0 0.6557377049180326
41 36 43 0.0 0.0 27.0 0.0 654.0 6.0 1.0 0.5233644859813084
41 36 44 0.0 0.0 0.0 0.0 3.0 0.0 0.0 0.6989515726410384
41 37 35 0.0 0.0 0.0 0.0 21.0 0.0 0.0 0.6927263730826323
41 37 36 0.0 0.0 220.0 0.0 5856.0 16.0 481.0 0.17367572261506015
41 37 37 0.0 0.0 752.0 0.0 12067.0 34.0 5347.0 0.09460098655314547
41 37 38 0.0 0.0 519.0 0.0 9899.0 28.0 2173.0 0.1128850185453959
41 37 39 0.0 0.0 888.0 0.0 12553.0 24.0 7914.0 0.09062075215224286
41 37 40 0.0 0.0 252.0 0.0 6281.0 20.0 505.0 0.1642806852851443
41 37 41 0.0 0.0 524.0 1.0 9472.0 31.0 1797.0 0.11692975862356968
41 37 42 0.0 0.0 335.0 0.0 7715.0 23.0 980.0 0.1395673412421493
41 37 43 0.0 0.0 95.0 0.0 2419.0 15.0 28.0 0.31111111111111106
41 37 44 0.0 0.0 0.0 0.0 35.0 0.0 0.0 0.6879606879606879
41 37 45 0.0 0.0 0.0 0.0 3.0 0.0 0.0 0.6989515726410384
41 38 35 0.0 0.0 1.0 0.0 54.0 0.0 0.0 0.6815968841285296
41 38 36 0.0 0.0 153.0 0.0 3637.0 16.0 118.0 0.24255024255024252
41 38 37 0.0 0.0 350.0 0.0 8020.0 15.0 1045.0 0.13506994693680655
41 38 38 0.0 0.0 1120.0 0.0 12988.0 40.0 13843.0 0.08692412765429032
41 38 39 0.0 0.0 826.0 0.0 12490.0 34.0 7317.0 0.09152719665271965
41 38 40 0.0 0.0 830.0 1.0 12712.0 21.0 6873.0 0.09009009009009007
41 38 41 0.0 10.0 877.0 196.0 12636.0 24.0 6908.0 0.0890925289550719
41 38 42 0.0 0.0 871.0 0.0 12510.0 23.0 7403.0 0.09102730819245773
41 38 43 0.0 0.0 463.0 0.0 8965.0 23.0 1520.0 0.12268863377442817
41 38 44 0.0 0.0 20.0 0.0 777.0 6.0 7.0 0.5016123253314223
41 38 45 0.0 0.0 0.0 0.0 14.0 0.0 0.0 0.6951340615690167
41 39 35 0.0 0.0 13.0 0.0 425.0 6.0 1.0 0.575657894736842
41 39 36 0.0 0.0 179.0 0.0 4072.0 18.0 146.0 0.22446689113355778
41 39 37 0.0 0.0 627.0 0.0 10878.0 23.0 2957.0 0.10374212671359763
41 39 38 0.0 0.0 1285.0 2.0 13559.0 35.0 14815.0 0.0831353919239905
41 39 39 0.0 0.0 2199.0 3.0 11472.0 61.0 41770.0 0.089354097523615
41 39 40 0.0 2.0 1809.0 13.0 13030.0 49.0 27729.0 0.0830515512843329
41 39 41 0.0 0.0 2236.0 5.0 11471.0 50.0 41064.0 0.08904153151434203
41 39 42 0.0 0.0 1428.0 1.0 13384.0 47.0 18479.0 0.0832738520104687
41 39 43 0.0 0.0 689.0 0.0 11439.0 32.0 4175.0 0.09915014164305949
41 39 44 0.0 0.0 206.0 0.0 5083.0 19.0 262.0 0.19251925192519248
41 39 45 0.0 0.0 0.0 0.0 16.0 0.0 0.0 0.6944444444444444
41 40 35 0.0 0.0 57.0 0.0 1194.0 16.0 7.0 0.43276661514683146
41 40 36 0.0 0.0 417.0 0.0 8619.0 21.0 1430.0 0.12704174228675133
41 40 37 0.0 0.0 848.0 0.0 12415.0 32.0 6839.0 0.091767173571054
41 40 38 0.0 0.0 1272.0 0.0 13377.0 37.0 15110.0 0.08416496332812311
41 40 39 0.0 0.0 2018.0 5.0 12632.0 57.0 32451.0 0.08408408408408408
41 40 40 0.0 2.0 1741.0 33.0 13549.0 48.0 24090.0 0.08082674210495928
41 40 41 0.0 4.0 2335.0 41.0 10773.0 47.0 47558.0 0.09234828496042215
41 40 42 0.0 2.0 1507.0 47.0 13483.0 45.0 19359.0 0.08217891523831884
41 40 43 0.0 0.0 365.0 0.0 8340.0 19.0 1388.0 0.13091453151299792
41 40 44 0.0 0.0 227.0 0.0 4941.0 17.0 259.0 0.19564002235885966
41 40 45 0.0 0.0 0.0 0.0 13.0 0.0 0.0 0.695479384003974
41 41 34 0.0 0.0 0.0 0.0 1.0 0.0 0.0 0.6996501749125437
41 41 35 0.0 0.0 57.0 0.0 1344.0 10.0 11.0 0.4128575641403715
41 41 36 0.0 0.0 608.0 0.0 10603.0 28.0 2762.0 0.10608471622338408
41 41 37 0.0 0.0 1030.0 0.0 13020.0 29.0 10413.0 0.08720024914356897
41 41 38 0.0 0.0 1324.0 1.0 13617.0 34.0 16068.0 0.08263974971961513
41 41 39 0.0 3.0 2208.0 23.0 12123.0 56.0 38096.0 0.0856269113149847
41 41 40 0.0 5.0 2162.0 57.0 11877.0 50.0 37919.0 0.08690793966105903
41 41 41 0.0 10.0 1749.0 113.0 12888.0 40.0 25198.0 0.08345255126371005
41 41 42 0.0 0.0 803.0 39.0 12398.0 28.0 5623.0 0.09186954524575103
41 41 43 0.0 0.0 505.0 1.0 9904.0 32.0 2139.0 0.11300347082088948
41 41 44 0.0 0.0 98.0 0.0 2374.0 15.0 29.0 0.3141126318151223
41 41 45 0.0 0.0 0.0 0.0 17.0 0.0 0.0 0.694100148735746
41 42 35 0.0 0.0 30.0 0.0 765.0 6.0 3.0 0.5019720329867334
41 42 36 0.0 0.0 72.0 0.0 1568.0 22.0 16.0 0.3870611003594138
41 42 37 0.0 0.0 343.0 0.0 7264.0 28.0 725.0 0.1460615545122587
41 42 38 0.0 0.0 394.0 0.0 8074.0 23.0 1052.0 0.133945656333716
41 42 39 0.0 0.0 832.0 0.0 12427.0 28.0 6617.0 0.09190573097879602
41 42 40 0.0 4.0 1109.0 76.0 13391.0 28.0 11366.0 0.08450024142926121
41 42 41 0.0 3.0 725.0 42.0 12043.0 31.0 5440.0 0.09458820349976352
41 42 42 0.0 1.0 858.0 24.0 12625.0 35.0 7243.0 0.090351726363343
41 42 43 0.0 0.0 636.0 1.0 10818.0 17.0 3220.0 0.104089219330855
41 42 44 0.0 0.0 7.0 0.0 266.0 3.0 1.0 0.6170118995152049
41 42 45 0.0 0.0 0.0 0.0 10.0 0.0 0.0 0.6965174129353233
41 43 34 0.0 0.0 0.0 0.0 1.0 0.0 0.0 0.6996501749125437
41 43 35 0.0 0.0 3.0 0.0 131.0 1.0 0.0 0.6563525550867322
41 43 36 0.0 0.0 2.0 0.0 54.0 0.0 0.0 0.6809338521400777
41 43 37 0.0 0.0 207.0 0.0 4113.0 18.0 134.0 0.22215169787369082
41 43 38 0.0 0.0 136.0 0.0 3318.0 13.0 88.0 0.2573056423451571
41 43 39 0.0 0.0 285.0 0.0 6965.0 12.0 807.0 0.1514823631248647
41 43 40 0.0 0.0 362.0 0.0 7968.0 22.0 1100.0 0.1357773251866938
41 43 41 0.0 0.0 336.0 0.0 7429.0 25.0 789.0 0.14364867638005333
41 43 42 0.0 0.0 312.0 0.0 7060.0 25.0 662.0 0.14966859097712207
41 43 43 0.0 0.0 269.0 1.0 5494.0 21.0 309.0 0.18076178179470626
41 43 44 0.0 0.0 86.0 0.0 1842.0 17.0 18.0 0.3579647149066734
41 44 35 0.0 0.0 0.0 0.0 1.0 0.0 0.0 0.6996501749125437
41 44 36 0.0 0.0 0.0 0.0 3.0 0.0 0.0 0.6989515726410384
41 44 37 0.0 0.0 1.0 0.0 45.0 0.0 0.0 0.6842619745845552
41 44 38 0.0 0.0 1.0 0.0 86.0 2.0 0.0 0.6714628297362109
41 44 39 0.0 0.0 10.0 0.0 340.0 4.0 0.0 0.5970149253731343
41 44 40 0.0 0.0 46.0 0.0 1222.0 12.0 6.0 0.4299754299754299
41 44 41 0.0 0.0 3.0 0.0 209.0 5.0 0.0 0.6346328195829555
41 44 42 0.0 0.0 1.0 0.0 136.0 2.0 0.0 0.6557377049180326
41 44 43 0.0 0.0 17.0 0.0 293.0 3.0 0.0 0.6071118820468342
41 44 44 0.0 0.0 0.0 0.0 8.0 0.0 0.0 0.697211155378486
41 44 45 0.0 0.0 0.0 0.0 3.0 0.0 0.0 0.6989515726410384
41 45 39 0.0 0.0 3.0 0.0 19.0 0.0 0.0 0.6923837784371908
41 45 41 0.0 0.0 0.0 0.0 1.0 0.0 0.0 0.6996501749125437
41 45 42 0.0 0.0 0.0 0.0 2.0 0.0 0.0 0.6993006993006992
42 35 36 0.0 0.0 0.0 0.0 2.0 0.0 0.0 0.6993006993006992
42 35 37 0.0 0.0 3.0 0.0 60.0 0.0 0.0 0.6786233640329616
42 35 38 0.0 0.0 2.0 0.0 27.0 1.0 0.0 0.690335305719921
42 35 39 0.0 0.0 0.0 0.0 10.0 1.0 0.0 0.6968641114982577
42 35 40 0.0 0.0 0.0 0.0 3.0 0.0 0.0 0.6989515726410384
42 35 41 0.0 0.0 1.0 0.0 8.0 1.0 0.0 0.697211155378486
42 36 35 0.0 0.0 0.0 0.0 6.0 0.0 0.0 0.6979062811565303
42 36 36 0.0 0.0 13.0 0.0 417.0 2.0 2.0 0.5763688760806915
42 36 37 0.0 0.0 77.0 0.0 1859.0 22.0 19.0 0.3575989782886334
42 36 38 0.0 0.0 213.0 0.0 4552.0 20.0 193.0 0.2075611564121571
42 36 39 0.0 0.0 29.0 0.0 840.0 5.0 3.0 0.48882681564245806
42 36 40 0.0 0.0 159.0 0.0 4095.0 12.0 148.0 0.22417934347477977
42 36 41 0.0 0.0 9.0 0.0 172.0 0.0 0.0 0.6419073819348922
42 36 42 0.0 0.0 18.0 0.0 669.0 2.0 5.0 0.5214152700186219
42 36 43 0.0 0.0 0.0 0.0 15.0 0.0 0.0 0.694789081885856
42 36 44 0.0 0.0 0.0 0.0 2.0 0.0 0.0 0.6993006993006992
42 37 35 0.0 0.0 2.0 0.0 59.0 1.0 0.0 0.6796116504854368
42 37 36 0.0 0.0 54.0 0.0 1185.0 6.0 11.0 0.43303433343643666
42 37 37 0.0 0.0 274.0 0.0 5808.0 17.0 419.0 0.17356806347632034
42 37 38 0.0 0.0 298.0 0.0 7089.0 16.0 738.0 0.14934926392148495
42 37 39 0.0 0.0 628.0 0.0 11172.0 31.0 3494.0 0.10153020523605771
42 37 40 0.0 0.0 411.0 0.0 8476.0 22.0 1250.0 0.128747471031819
42 37 41 0.0 0.0 380.0 0.0 8054.0 30.0 1135.0 0.13449899125756554
42 37 42 0.0 0.0 197.0 0.0 4009.0 21.0 152.0 0.22631749110895566
42 37 43 0.0 0.0 18.0 0.0 764.0 4.0 4.0 0.5041411595246669
42 37 44 0.0 0.0 1.0 0.0 84.0 1.0 0.0 0.6717850287907868
42 37 45 0.0 0.0 0.0 0.0 6.0 0.0 0.0 0.6979062811565303
42 38 35 0.0 0.0 3.0 0.0 80.0 1.0 0.0 0.6724303554274734
42 38 36 0.0 0.0 37.0 0.0 1150.0 7.0 14.0 0.44039005976722234
42 38 37 0.0 0.0 512.0 0.0 9219.0 31.0 1655.0 0.11952531375394859
42 38 38 0.0 0.0 1097.0 0.0 13092.0 31.0 12509.0 0.08651053574738922
42 38 39 0.0 0.0 1283.0 0.0 13095.0 46.0 17211.0 0.0855170728727628
42 38 40 0.0 0.0 882.0 1.0 12753.0 21.0 7309.0 0.08951979026791992
42 38 41 0.0 0.0 924.0 0.0 12985.0 45.0 7022.0 0.08806693086745926
42 38 42 0.0 0.0 513.0 0.0 9897.0 27.0 2105.0 0.1129852312162053
42 38 43 0.0 0.0 527.0 0.0 9688.0 31.0 2258.0 0.1148011480114801
42 38 44 0.0 0.0 99.0 0.0 2375.0 9.0 46.0 0.3136200716845878
42 38 45 0.0 0.0 26.0 0.0 406.0 5.0 0.0 0.5768438401318499
42 39 34 0.0 0.0 0.0 0.0 1.0 0.0 0.0 0.6996501749125437
42 39 35 0.0 0.0 67.0 0.0 1394.0 9.0 8.0 0.4055619930475086
42 39 36 0.0 0.0 256.0 0.0 5120.0 19.0 238.0 0.1902173913043478
42 39 37 0.0 0.0 609.0 0.0 11070.0 27.0 4034.0 0.10244402165959314
42 39 38 0.0 0.0 886.0 0.0 12633.0 25.0 6663.0 0.09021199819576002
42 39 39 0.0 0.0 1055.0 1.0 13227.0 28.0 11345.0 0.08597924215439413
42 39 40 0.0 2.0 1060.0 17.0 13530.0 36.0 9735.0 0.08430687703239792
42 39 41 0.0 0.0 1126.0 1.0 13345.0 25.0 12836.0 0.0849514563106796
42 39 42 0.0 0.0 1194.0 1.0 12886.0 34.0 16563.0 0.08701056556867619
42 39 43 0.0 0.0 916.0 0.0 12613.0 32.0 7500.0 0.09015971148892322
42 39 44 0.0 0.0 116.0 0.0 3144.0 16.0 88.0 0.2669717772692601
42 39 45 0.0 0.0 0.0 0.0 12.0 0.0 0.0 0.6958250497017892
42 40 35 0.0 0.0 10.0 0.0 259.0 4.0 0.0 0.6181015452538631
42 40 36 0.0 0.0 152.0 0.0 3600.0 12.0 111.0 0.24385995471172264
42 40 37 0.0 0.0 639.0 0.0 11093.0 21.0 3839.0 0.10203337949129071
42 40 38 0.0 0.0 1677.0 0.0 13023.0 47.0 23968.0 0.08380222674488207
42 40 39 0.0 0.0 1592.0 0.0 13214.0 39.0 22589.0 0.08329366968110423
42 40 40 0.0 0.0 1709.0 0.0 12631.0 46.0 27333.0 0.08569504805043765
42 40 41 0.0 0.0 1320.0 2.0 13783.0 47.0 14151.0 0.0819480215406228
42 40 42 0.0 1.0 1196.0 7.0 13419.0 35.0 12103.0 0.08425613866153105
42 40 43 0.0 0.0 547.0 0.0 10204.0 21.0 2680.0 0.10988148496978258
42 40 44 0.0 0.0 126.0 0.0 2908.0 15.0 49.0 0.27894002789400274
42 40 45 0.0 0.0 0.0 0.0 13.0 0.0 0.0 0.695479384003974
42 41 35 0.0 0.0 0.0 0.0 51.0 0.0 0.0 0.68259385665529
42 41 36 0.0 0.0 232.0 0.0 5125.0 28.0 281.0 0.19102196752626546
42 41 37 0.0 0.0 444.0 0.0 8934.0 14.0 1653.0 0.12308774397749252
42 41 38 0.0 0.0 710.0 0.0 11676.0 30.0 4062.0 0.09734390209984703
42 41 39 0.0 0.0 1209.0 0.0 13408.0 24.0 14159.0 0.08415484491464294
42 41 40 0.0 0.0 1089.0 1.0 13475.0 36.0 9662.0 0.08455638098689376
42 41 41 0.0 0.0 1577.0 1.0 12884.0 49.0 23460.0 0.08505984567713712
42 41 42 0.0 0.0 939.0 0.0 12759.0 32.0 9599.0 0.0891662951404369
42 41 43 0.0 0.0 289.0 0.0 6639.0 21.0 618.0 0.15712682379349044
42 41 44 0.0 0.0 64.0 0.0 1773.0 9.0 31.0 0.36572622779519326
42 41 45 0.0 0.0 0.0 0.0 10.0 0.0 0.0 0.6965174129353233
42 42 35 0.0 0.0 4.0 0.0 119.0 1.0 0.0 0.6597549481621111
42 42 36 0.0 0.0 187.0 0.0 4517.0 13.0 210.0 0.2090800477897252
42 42 37 0.0 0.0 94.0 0.0 2781.0 7.0 51.0 0.28759244042728016
42 42 38 0.0 0.0 614.0 0.0 10954.0 31.0 3878.0 0.10331340860453102
42 42 39 0.0 0.0 938.0 0.0 12851.0 39.0 8188.0 0.08878741755454084
42 42 40 0.0 0.0 1292.0 0.0 13180.0 36.0 16358.0 0.08497208060208788
42 42 41 0.0 0.0 835.0 1.0 12537.0 32.0 7639.0 0.0910924588457284
42 42 42 0.0 0.0 734.0 0.0 12002.0 29.0 5691.0 0.09499898215376262
42 42 43 0.0 0.0 275.0 0.0 6049.0 13.0 494.0 0.16841092265126906
42 42 44 0.0 0.0 25.0 0.0 439.0 9.0 1.0 0.570264765784114
42 42 45 0.0 0.0 0.0 0.0 4.0 0.0 0.0 0.6986027944111775
42 43 35 0.0 0.0 0.0 0.0 2.0 0.0 0.0 0.6993006993006992
42 43 36 0.0 0.0 19.0 0.0 447.0 5.0 1.0 0.5688744412840308
42 43 37 0.0 0.0 0.0 0.0 141.0 0.0 0.0 0.6539000467071461
42 43 38 0.0 0.0 40.0 0.0 1093.0 10.0 9.0 0.4485741749439281
42 43 39 0.0 0.0 539.0 0.0 9805.0 27.0 2023.0 0.11355341065779867
42 43 40 0.0 0.0 201.0 2.0 5527.0 11.0 381.0 0.18127670594328626
42 43 41 0.0 0.0 464.0 0.0 8949.0 23.0 1421.0 0.12287168685272949
42 43 42 0.0 0.0 88.0 0.0 2282.0 7.0 32.0 0.3208801283520513
42 43 43 0.0 0.0 43.0 0.0 1398.0 13.0 14.0 0.40852057192880065
42 43 44 0.0 0.0 0.0 0.0 36.0 0.0 0.0 0.6879606879606879
42 44 36 0.0 0.0 0.0 0.0 2.0 0.0 0.0 0.6993006993006992
42 44 37 0.0 0.0 0.0 0.0 11.0 0.0 0.0 0.6961710591745399
42 44 38 0.0 0.0 3.0 0.0 131.0 0.0 0.0 0.6560449859418931
42 44 39 0.0 0.0 58.0 0.0 1205.0 7.0 4.0 0.4299754299754299
42 44 40 0.0 0.0 25.0 0.0 537.0 4.0 0.0 0.5477308294209702
42 44 41 0.0 0.0 0.0 0.0 94.0 0.0 0.0 0.6685768863419292
42 44 42 0.0 0.0 17.0 0.0 395.0 5.0 0.0 0.5816368923971748
42 44 43 0.0 0.0 16.0 0.0 586.0 4.0 1.0 0.5390835579514823
42 44 44 0.0 0.0 0.0 0.0 3.0 0.0 0.0 0.6989515726410384
42 44 45 0.0 0.0 0.0 0.0 1.0 0.0 0.0 0.6996501749125437
42 45 39 0.0 0.0 0.0 0.0 1.0 0.0 0.0 0.6996501749125437
42 45 40 0.0 0.0 0.0 0.0 3.0 0.0 0.0 0.6989515726410384
42 45 41 0.0 0.0 0.0 0.0 3.0 0.0 0.0 0.6993006993006992
43 35 37 0.0 0.0 0.0 0.0 3.0 0.0 0.0 0.6989515726410384
43 35 38 0.0 0.0 0.0 0.0 5.0 0.0 0.0 0.6982543640897755
43 35 39 0.0 0.0 0.0 0.0 11.0 0.0 0.0 0.6961710591745399
43 35 40 0.0 0.0 0.0 0.0 8.0 0.0 0.0 0.697211155378486
43 35 41 0.0 0.0 0.0 0.0 1.0 0.0 0.0 0.6996501749125437
43 36 36 0.0 0.0 0.0 0.0 8.0 0.0 0.0 0.697211155378486
43 36 37 0.0 0.0 0.0 0.0 77.0 0.0 0.0 0.6746987951807227
43 36 38 0.0 0.0 49.0 0.0 1045.0 6.0 4.0 0.45351473922902485
43 36 39 0.0 0.0 115.0 0.0 2475.0 11.0 43.0 0.30567685589519644
43 36 40 0.0 0.0 19.0 0.0 658.0 5.0 0.0 0.5241482590789965
43 36 41 0.0 0.0 18.0 0.0 448.0 2.0 2.0 0.5681818181818181
43 36 42 0.0 0.0 18.0 0.0 345.0 5.0 0.0 0.5937234944868531
43 36 43 0.0 0.0 0.0 0.0 2.0 0.0 0.0 0.6993006993006992
43 37 35 0.0 0.0 0.0 0.0 1.0 0.0 0.0 0.6996501749125437
43 37 36 0.0 0.0 0.0 0.0 32.0 0.0 0.0 0.6889763779527558
43 37 37 0.0 0.0 95.0 0.0 2117.0 16.0 32.0 0.3335715987610197
43 37 38 0.0 0.0 576.0 0.0 10139.0 24.0 2598.0 0.11020151133501259
43 37 39 0.0 0.0 293.0 0.0 6330.0 18.0 568.0 0.16260162601626016
43 37 40 0.0 0.0 217.0 0.0 5267.0 20.0 351.0 0.18751674256630055
43 37 41 0.0 0.0 249.0 0.0 5675.0 21.0 331.0 0.17708069820389577
43 37 42 0.0 0.0 74.0 0.0 1800.0 13.0 29.0 0.36260036260036255
43 37 43 0.0 0.0 61.0 0.0 1142.0 15.0 5.0 0.439146800501882
43 37 44 0.0 0.0 1.0 0.0 33.0 0.0 0.0 0.6882989183874139
43 37 45 0.0 0.0 0.0 0.0 3.0 0.0 0.0 0.6989515726410384
43 38 35 0.0 0.0 0.0 0.0 5.0 0.0 0.0 0.6982543640897755
43 38 36 0.0 0.0 37.0 0.0 1113.0 10.0 3.0 0.4458598726114649
43 38 37 0.0 0.0 244.0 0.0 6151.0 15.0 494.0 0.16698473282442747
43 38 38 0.0 0.0 495.0 0.0 10161.0 25.0 2466.0 0.11074197120708748
43 38 39 0.0 0.0 681.0 0.0 11482.0 27.0 4085.0 0.09885609377206608
43 38 40 0.0 0.0 411.0 0.0 8633.0 27.0 1412.0 0.12694958287994196
43 38 41 0.0 0.0 518.0 0.0 9949.0 25.0 2343.0 0.11240465676435164
43 38 42 0.0 0.0 662.0 0.0 11299.0 26.0 4394.0 0.1003440366972477
43 38 43 0.0 0.0 209.0 0.0 4785.0 16.0 246.0 0.20048689674924813
43 38 44 0.0 0.0 100.0 0.0 2327.0 13.0 29.0 0.31710079275198183
43 38 45 0.0 0.0 0.0 0.0 12.0 0.0 0.0 0.6958250497017892
43 39 34 0.0 0.0 0.0 0.0 2.0 0.0 0.0 0.6993006993006992
43 39 35 0.0 0.0 0.0 0.0 9.0 1.0 0.0 0.697211155378486
43 39 36 0.0 0.0 158.0 0.0 3628.0 21.0 102.0 0.24288688410825812
43 39 37 0.0 0.0 324.0 0.0 7062.0 27.0 745.0 0.14950875694147797
43 39 38 0.0 0.0 443.0 0.0 9052.0 30.0 1618.0 0.12200435729847493
43 39 39 0.0 0.0 696.0 0.0 11624.0 25.0 4709.0 0.09782684648172733
43 39 40 0.0 0.0 960.0 0.0 12942.0 31.0 8790.0 0.08806693086745926
43 39 41 0.0 0.0 665.0 0.0 11151.0 27.0 3379.0 0.10141253169141613
43 39 42 0.0 0.0 541.0 0.0 10117.0 17.0 2542.0 0.11066318868073668
43 39 43 0.0 0.0 249.0 0.0 6139.0 18.0 534.0 0.16710432084029597
43 39 44 0.0 0.0 26.0 0.0 927.0 4.0 3.0 0.4747371990505256
43 39 45 0.0 0.0 0.0 0.0 3.0 0.0 0.0 0.6989515726410384
43 40 34 0.0 0.0 0.0 0.0 1.0 0.0 0.0 0.6996501749125437
43 40 35 0.0 0.0 0.0 0.0 8.0 0.0 0.0 0.697211155378486
43 40 36 0.0 0.0 131.0 0.0 3177.0 13.0 70.0 0.2644003777148252
43 40 37 0.0 0.0 566.0 0.0 10262.0 23.0 2363.0 0.10923845193508114
43 40 38 0.0 0.0 598.0 0.0 10665.0 30.0 3230.0 0.10565240359218171
43 40 39 0.0 0.0 640.0 0.0 11339.0 34.0 4249.0 0.10025780578630764
43 40 40 0.0 0.0 638.0 0.0 11361.0 26.0 4647.0 0.10008578781812981
43 40 41 0.0 0.0 673.0 0.0 11362.0 27.0 3629.0 0.09981462997290744
43 40 42 0.0 0.0 477.0 0.0 9832.0 23.0 2194.0 0.11387668781519439
43 40 43 0.0 0.0 710.0 0.0 11564.0 25.0 5098.0 0.09816983381249561
43 40 44 0.0 0.0 132.0 0.0 2664.0 16.0 33.0 0.29288702928870286
43 40 45 0.0 0.0 0.0 0.0 11.0 0.0 0.0 0.6961710591745399
43 41 35 0.0 0.0 0.0 0.0 17.0 0.0 0.0 0.694100148735746
43 41 36 0.0 0.0 14.0 0.0 332.0 5.0 0.0 0.5980350277659119
43 41 37 0.0 0.0 132.0 0.0 3709.0 11.0 132.0 0.24013722126929674
43 41 38 0.0 0.0 385.0 0.0 8160.0 26.0 1082.0 0.13302926643861648
43 41 39 0.0 0.0 784.0 0.0 12018.0 31.0 5859.0 0.09464575446187126
43 41 40 0.0 0.0 712.0 0.0 11795.0 20.0 5504.0 0.09647853352629039
43 41 41 0.0 0.0 724.0 0.0 11788.0 25.0 4821.0 0.09650513545185081
43 41 42 0.0 0.0 398.0 0.0 8472.0 19.0 1402.0 0.12892531540657517
43 41 43 0.0 0.0 239.0 0.0 5298.0 16.0 305.0 0.18614545938040153
43 41 44 0.0 0.0 1.0 0.0 142.0 1.0 0.0 0.65359477124183
43 41 45 0.0 0.0 0.0 0.0 1.0 0.0 0.0 0.6996501749125437
43 42 35 0.0 0.0 0.0 0.0 14.0 0.0 0.0 0.6951340615690167
43 42 36 0.0 0.0 0.0 0.0 37.0 0.0 0.0 0.6872852233676975
43 42 37 0.0 0.0 54.0 0.0 1572.0 13.0 12.0 0.3874896208137282
43 42 38 0.0 0.0 370.0 0.0 7861.0 16.0 1054.0 0.13695949911954605
43 42 39 0.0 0.0 266.0 0.0 6055.0 22.0 460.0 0.16855285335901757
43 42 40 0.0 0.0 559.0 0.0 10599.0 19.0 3020.0 0.10646387832699619
43 42 41 0.0 0.0 334.0 0.0 7159.0 23.0 695.0 0.14775725593667544
43 42 42 0.0 0.0 267.0 0.0 6100.0 27.0 445.0 0.16784558206450062
43 42 43 0.0 0.0 171.0 0.0 4077.0 15.0 157.0 0.22453889334402563
43 42 44 0.0 0.0 0.0 0.0 27.0 0.0 0.0 0.6906758756783422
43 43 35 0.0 0.0 0.0 0.0 2.0 0.0 0.0 0.6993006993006992
43 43 36 0.0 0.0 0.0 0.0 8.0 1.0 0.0 0.6975585450921773
43 43 37 0.0 0.0 13.0 0.0 435.0 3.0 0.0 0.5725971370143148
43 43 38 0.0 0.0 119.0 0.0 2915.0 15.0 58.0 0.27894002789400274
43 43 39 0.0 0.0 267.0 0.0 5686.0 19.0 350.0 0.1764112903225806
43 43 40 0.0 0.0 170.0 0.0 4374.0 18.0 203.0 0.21446078431372545
43 43 41 0.0 0.0 331.0 0.0 6968.0 23.0 702.0 0.15082956259426844
43 43 42 0.0 0.0 199.0 0.0 4296.0 20.0 184.0 0.21611608521148498
43 43 43 0.0 0.0 87.0 0.0 1629.0 16.0 11.0 0.37837837837837834
43 43 44 0.0 0.0 0.0 0.0 7.0 0.0 0.0 0.6979062811565303
43 44 38 0.0 0.0 1.0 0.0 44.0 0.0 0.0 0.684931506849315
43 44 39 0.0 0.0 0.0 0.0 51.0 0.0 0.0 0.68259385665529
43 44 40 0.0 0.0 176.0 0.0 3731.0 9.0 121.0 0.2372881355932203
43 44 41 0.0 0.0 0.0 0.0 44.0 1.0 0.0 0.6852667645619186
43 44 42 0.0 0.0 3.0 0.0 61.0 1.0 0.0 0.6786233640329616
43 44 43 0.0 0.0 0.0 0.0 4.0 0.0 0.0 0.6986027944111775
43 44 44 0.0 0.0 0.0 0.0 1.0 0.0 0.0 0.6996501749125437
43 45 38 0.0 0.0 2.0 0.0 11.0 1.0 0.0 0.6958250497017892
43 45 39 0.0 0.0 0.0 0.0 2.0 0.0 0.0 0.6993006993006992
43 45 40 0.0 0.0 0.0 0.0 4.0 0.0 0.0 0.6986027944111775
43 45 41 0.0 0.0 0.0 0.0 1.0 0.0 0.0 0.6996501749125437
44 35 37 0.0 0.0 0.0 0.0 1.0 0.0 0.0 0.6996501749125437
44 35 38 0.0 0.0 0.0 0.0 2.0 0.0 0.0 0.6993006993006992
44 35 39 0.0 0.0 0.0 0.0 1.0 0.0 0.0 0.6996501749125437
44 35 40 0.0 0.0 0.0 0.0 3.0 0.0 0.0 0.6989515726410384
44 36 37 0.0 0.0 0.0 0.0 51.0 0.0 0.0 0.68259385665529
44 36 38 0.0 0.0 81.0 0.0 2007.0 9.0 28.0 0.3430531732418524
44 36 39 0.0 0.0 131.0 0.0 3012.0 13.0 74.0 0.2729044834307992
44 36 40 0.0 0.0 44.0 0.0 894.0 6.0 6.0 0.4774897680763983
44 36 41 0.0 0.0 0.0 0.0 10.0 0.0 0.0 0.6965174129353233
44 36 42 0.0 0.0 0.0 0.0 9.0 0.0 0.0 0.6968641114982577
44 36 44 0.0 0.0 0.0 0.0 1.0 0.0 0.0 0.6996501749125437
44 37 36 0.0 0.0 10.0 0.0 235.0 2.0 1.0 0.6241640659830583
44 37 37 0.0 0.0 2.0 0.0 138.0 1.0 0.0 0.6545114539504441
44 37 38 0.0 0.0 125.0 0.0 3327.0 17.0 100.0 0.257494942063638
44 37 39 0.0 0.0 38.0 0.0 1087.0 6.0 4.0 0.4488618146841936
44 37 40 0.0 0.0 22.0 0.0 653.0 8.0 3.0 0.5251312828207051
44 37 41 0.0 0.0 73.0 0.0 1394.0 14.0 9.0 0.40544454097885885
44 37 42 0.0 0.0 0.0 0.0 124.0 2.0 0.0 0.6597549481621111
44 37 43 0.0 0.0 35.0 0.0 920.0 11.0 0.0 0.4755434782608695
44 37 44 0.0 0.0 0.0 0.0 1.0 0.0 0.0 0.6996501749125437
44 38 35 0.0 0.0 1.0 0.0 8.0 0.0 0.0 0.6968641114982577
44 38 36 0.0 0.0 0.0 0.0 21.0 0.0 0.0 0.6927263730826323
44 38 37 0.0 0.0 21.0 0.0 593.0 5.0 3.0 0.5366040628593329
44 38 38 0.0 0.0 15.0 0.0 692.0 1.0 3.0 0.5173688100517368
44 38 39 0.0 0.0 143.0 0.0 3113.0 15.0 59.0 0.267379679144385
44 38 40 0.0 0.0 638.0 0.0 11049.0 26.0 3676.0 0.10236911377595788
44 38 41 0.0 0.0 108.0 0.0 2385.0 17.0 40.0 0.31270940361849453
44 38 42 0.0 0.0 106.0 0.0 2516.0 16.0 36.0 0.303951367781155
44 38 43 0.0 0.0 3.0 0.0 214.0 2.0 1.0 0.6320541760722347
44 38 44 0.0 0.0 7.0 0.0 186.0 1.0 0.0 0.6386861313868613
44 38 45 0.0 0.0 0.0 0.0 2.0 0.0 0.0 0.6993006993006992
44 39 35 0.0 0.0 0.0 0.0 4.0 0.0 0.0 0.6986027944111775
44 39 36 0.0 0.0 21.0 0.0 466.0 5.0 1.0 0.5642885933091495
44 39 37 0.0 0.0 177.0 0.0 3627.0 15.0 100.0 0.24187975120939875
44 39 38 0.0 0.0 67.0 0.0 1923.0 7.0 27.0 0.3515821195379206
44 39 39 0.0 0.0 300.0 0.0 5971.0 20.0 419.0 0.1695941853422168
44 39 40 0.0 0.0 303.0 0.0 6646.0 18.0 607.0 0.1566871852266368
44 39 41 0.0 0.0 151.0 0.0 3494.0 22.0 74.0 0.24902170046246883
44 39 42 0.0 0.0 296.0 0.0 5843.0 23.0 367.0 0.1724775163237649
44 39 43 0.0 0.0 20.0 0.0 783.0 2.0 5.0 0.49982149232416984
44 39 44 0.0 0.0 144.0 0.0 3223.0 17.0 79.0 0.2616333395626985
44 39 45 0.0 0.0 0.0 0.0 4.0 0.0 0.0 0.6986027944111775
44 40 35 0.0 0.0 0.0 0.0 5.0 0.0 0.0 0.6982543640897755
44 40 36 0.0 0.0 42.0 0.0 896.0 16.0 3.0 0.47928791509756924
44 40 37 0.0 0.0 65.0 0.0 1573.0 11.0 10.0 0.38610038610038605
44 40 38 0.0 0.0 82.0 0.0 2038.0 13.0 20.0 0.3407984420642648
44 40 39 0.0 0.0 213.0 0.0 4719.0 16.0 198.0 0.20242914979757085
44 40 40 0.0 0.0 512.0 0.0 10147.0 31.0 2660.0 0.11084718923198733
44 40 41 0.0 0.0 71.0 0.0 1959.0 17.0 28.0 0.3490401396160558
44 40 42 0.0 0.0 149.0 0.0 3657.0 23.0 96.0 0.2420051858254105
44 40 43 0.0 0.0 81.0 0.0 1693.0 18.0 14.0 0.3727369542066027
44 40 44 0.0 0.0 1.0 0.0 62.0 0.0 0.0 0.6786233640329616
44 40 45 0.0 0.0 0.0 0.0 5.0 0.0 0.0 0.6982543640897755
44 41 35 0.0 0.0 0.0 0.0 3.0 0.0 0.0 0.6989515726410384
44 41 36 0.0 0.0 0.0 0.0 41.0 1.0 0.0 0.6862745098039215
44 41 37 0.0 0.0 32.0 0.0 800.0 6.0 0.0 0.4953998584571832
44 41 38 0.0 0.0 41.0 0.0 1083.0 9.0 6.0 0.44958253050738595
44 41 39 0.0 0.0 274.0 0.0 6010.0 26.0 400.0 0.16938898971566846
44 41 40 0.0 0.0 107.0 0.0 2396.0 16.0 20.0 0.31208203299152915
44 41 41 0.0 0.0 126.0 0.0 2778.0 14.0 50.0 0.2862985685071574
44 41 42 0.0 0.0 265.0 0.0 5225.0 30.0 224.0 0.18761726078799248
44 41 43 0.0 0.0 127.0 0.0 3088.0 16.0 89.0 0.2692307692307692
44 41 44 0.0 0.0 2.0 0.0 112.0 2.0 0.0 0.6628787878787878
44 42 36 0.0 0.0 0.0 0.0 5.0 0.0 0.0 0.6982543640897755
44 42 37 0.0 0.0 0.0 0.0 27.0 0.0 0.0 0.6910167818361302
44 42 38 0.0 0.0 71.0 0.0 1670.0 14.0 16.0 0.3756372417493962
44 42 39 0.0 0.0 397.0 0.0 8387.0 31.0 1392.0 0.13002693415064548
44 42 40 0.0 0.0 15.0 0.0 795.0 4.0 3.0 0.4992867332382311
44 42 41 0.0 0.0 65.0 0.0 1341.0 13.0 7.0 0.4128575641403715
44 42 42 0.0 0.0 8.0 0.0 200.0 3.0 0.0 0.6349206349206349
44 42 43 0.0 0.0 2.0 0.0 61.0 0.0 0.0 0.6786233640329616
44 42 44 0.0 0.0 0.0 0.0 6.0 0.0 0.0 0.6979062811565303
44 43 37 0.0 0.0 0.0 0.0 24.0 0.0 0.0 0.6916996047430829
44 43 38 0.0 0.0 0.0 0.0 71.0 0.0 0.0 0.6760019314340897
44 43 39 0.0 0.0 49.0 0.0 1037.0 5.0 5.0 0.454397922752353
44 43 40 0.0 0.0 1.0 0.0 153.0 0.0 0.0 0.649953574744661
44 43 41 0.0 0.0 0.0 0.0 83.0 0.0 0.0 0.6724303554274734
44 43 42 0.0 0.0 0.0 0.0 35.0 0.0 0.0 0.6879606879606879
44 43 43 0.0 0.0 1.0 0.0 12.0 0.0 0.0 0.695479384003974
44 43 44 0.0 0.0 0.0 0.0 5.0 0.0 0.0 0.6982543640897755
44 44 37 0.0 0.0 1.0 0.0 5.0 0.0 0.0 0.6979062811565303
44 44 38 0.0 0.0 4.0 0.0 42.0 1.0 0.0 0.6845965770171147
44 44 39 0.0 0.0 0.0 0.0 8.0 0.0 0.0 0.697211155378486
44 44 40 0.0 0.0 0.0 0.0 19.0 0.0 0.0 0.6934125804853887
44 44 41 0.0 0.0 0.0 0.0 10.0 0.0 0.0 0.6965174129353233
44 44 42 0.0 0.0 1.0 0.0 46.0 1.0 0.0 0.6842619745845552
44 45 39 0.0 0.0 0.0 0.0 4.0 0.0 0.0 0.6986027944111775
44 45 40 0.0 0.0 0.0 0.0 3.0 0.0 0.0 0.6989515726410384
44 45 41 0.0 0.0 0.0 0.0 2.0 0.0 0.0 0.6993006993006992
45 35 37 0.0 0.0 0.0 0.0 1.0 0.0 0.0 0.6996501749125437
45 35 38 0.0 0.0 0.0 0.0 2.0 0.0 0.0 0.6993006993006992
45 35 39 0.0 0.0 0.0 0.0 2.0 0.0 0.0 0.6993006993006992
45 35 40 0.0 0.0 0.0 0.0 1.0 0.0 0.0 0.6996501749125437
45 36 38 0.0 0.0 0.0 0.0 9.0 0.0 0.0 0.6968641114982577
45 36 39 0.0 0.0 2.0 0.0 12.0 0.0 0.0 0.6951340615690167
45 36 40 0.0 0.0 0.0 0.0 2.0 0.0 0.0 0.6993006993006992
45 37 37 0.0 0.0 0.0 0.0 6.0 0.0 0.0 0.6979062811565303
45 37 38 0.0 0.0 0.0 0.0 11.0 0.0 0.0 0.6961710591745399
45 37 39 0.0 0.0 81.0 0.0 2283.0 13.0 28.0 0.32183908045977005
45 37 40 0.0 0.0 97.0 0.0 2022.0 12.0 27.0 0.340881421962503
45 37 41 0.0 0.0 25.0 0.0 658.0 6.0 5.0 0.522973477773627
45 37 42 0.0 0.0 0.0 0.0 11.0 1.0 0.0 0.6965174129353233
45 37 43 0.0 0.0 0.0 0.0 3.0 0.0 0.0 0.6989515726410384
45 38 36 0.0 0.0 0.0 0.0 1.0 0.0 0.0 0.6996501749125437
45 38 37 0.0 0.0 0.0 0.0 1.0 0.0 0.0 0.6996501749125437
45 38 38 0.0 0.0 4.0 0.0 54.0 1.0 0.0 0.6806028196402526
45 38 39 0.0 0.0 0.0 0.0 80.0 0.0 0.0 0.6730769230769229
45 38 40 0.0 0.0 21.0 0.0 378.0 6.0 0.0 0.5850396991224404
45 38 41 0.0 0.0 256.0 0.0 5537.0 20.0 401.0 0.18001800180018
45 38 42 0.0 0.0 0.0 0.0 21.0 0.0 0.0 0.6927263730826323
45 38 43 0.0 0.0 0.0 0.0 2.0 0.0 0.0 0.6993006993006992
45 38 44 0.0 0.0 0.0 0.0 1.0 0.0 0.0 0.6996501749125437
45 39 36 0.0 0.0 0.0 0.0 3.0 0.0 0.0 0.6989515726410384
45 39 37 0.0 0.0 0.0 0.0 2.0 0.0 0.0 0.6993006993006992
45 39 38 0.0 0.0 0.0 0.0 14.0 0.0 0.0 0.6951340615690167
45 39 39 0.0 0.0 4.0 0.0 146.0 1.0 0.0 0.6514657980456026
45 39 40 0.0 0.0 4.0 0.0 166.0 1.0 0.0 0.6454587367450437
45 39 41 0.0 0.0 104.0 0.0 2346.0 15.0 32.0 0.31567080045095824
45 39 42 0.0 0.0 4.0 0.0 155.0 0.0 0.0 0.6484483557202407
45 39 43 0.0 0.0 0.0 0.0 16.0 0.0 0.0 0.6944444444444444
45 39 44 0.0 0.0 0.0 0.0 7.0 0.0 0.0 0.6975585450921773
45 39 45 0.0 0.0 0.0 0.0 3.0 0.0 0.0 0.6989515726410384
45 40 36 0.0 0.0 0.0 0.0 3.0 0.0 0.0 0.6989515726410384
45 40 37 0.0 0.0 0.0 0.0 5.0 1.0 0.0 0.6986027944111775
45 40 38 0.0 0.0 1.0 0.0 16.0 0.0 0.0 0.6944444444444444
45 40 39 0.0 0.0 30.0 0.0 950.0 8.0 6.0 0.47106325706594876
45 40 40 0.0 0.0 11.0 0.0 255.0 6.0 0.0 0.6194690265486725
45 40 41 0.0 0.0 26.0 0.0 640.0 8.0 3.0 0.5267118133935288
45 40 42 0.0 0.0 1.0 0.0 48.0 1.0 0.0 0.6835937499999999
45 40 43 0.0 0.0 0.0 0.0 18.0 0.0 0.0 0.6937561942517343
45 40 44 0.0 0.0 0.0 0.0 1.0 0.0 0.0 0.6996501749125437
45 40 45 0.0 0.0 0.0 0.0 2.0 0.0 0.0 0.6993006993006992
45 41 36 0.0 0.0 0.0 0.0 2.0 0.0 0.0 0.6993006993006992
45 41 37 0.0 0.0 0.0 0.0 1.0 0.0 0.0 0.6996501749125437
45 41 38 0.0 0.0 4.0 0.0 51.0 2.0 0.0 0.6819288845591815
45 41 39 0.0 0.0 216.0 0.0 4655.0 17.0 196.0 0.20417092022750472
45 41 40 0.0 0.0 24.0 0.0 503.0 8.0 0.0 0.5557761016276299
45 41 41 0.0 0.0 7.0 0.0 138.0 1.0 0.0 0.6529850746268656
45 41 42 0.0 0.0 10.0 0.0 195.0 4.0 0.0 0.6360745115856428
45 41 43 0.0 0.0 1.0 0.0 32.0 0.0 0.0 0.6886374815543531
45 42 38 0.0 0.0 9.0 0.0 282.0 1.0 0.0 0.6113537117903929
45 42 39 0.0 0.0 2.0 0.0 72.0 0.0 0.0 0.6750241080038573
45 42 40 0.0 0.0 15.0 0.0 237.0 2.0 0.0 0.6222222222222221
45 42 41 0.0 0.0 0.0 0.0 8.0 0.0 0.0 0.697211155378486
45 42 42 0.0 0.0 3.0 0.0 26.0 0.0 0.0 0.6899950714637751
45 42 43 0.0 0.0 0.0 0.0 4.0 0.0 0.0 0.6986027944111775
45 42 44 0.0 0.0 0.0 0.0 2.0 0.0 0.0 0.6993006993006992
45 43 38 0.0 0.0 2.0 0.0 42.0 1.0 0.0 0.6852667645619186
45 43 39 0.0 0.0 166.0 0.0 3366.0 18.0 68.0 0.25385312783318215
45 43 40 0.0 0.0 0.0 0.0 15.0 0.0 0.0 0.694789081885856
45 43 41 0.0 0.0 0.0 0.0 2.0 0.0 0.0 0.6993006993006992
45 43 42 0.0 0.0 0.0 0.0 1.0 0.0 0.0 0.6996501749125437
45 44 39 0.0 0.0 0.0 0.0 3.0 0.0 0.0 0.6989515726410384
45 44 40 0.0 0.0 2.0 0.0 42.0 0.0 0.0 0.684931506849315
46 36 38 0.0 0.0 0.0 0.0 1.0 0.0 0.0 0.6996501749125437
46 36 40 0.0 0.0 0.0 0.0 1.0 0.0 0.0 0.6996501749125437
46 37 39 0.0 0.0 0.0 0.0 1.0 0.0 0.0 0.6996501749125437
46 37 40 0.0 0.0 9.0 0.0 204.0 3.0 0.0 0.6334841628959276
46 37 41 0.0 0.0 4.0 0.0 58.0 1.0 0.0 0.6792819019893255
46 37 42 0.0 0.0 0.0 0.0 6.0 0.0 0.0 0.6979062811565303
46 38 39 0.0 0.0 0.0 0.0 1.0 0.0 0.0 0.6996501749125437
46 38 40 0.0 0.0 0.0 0.0 5.0 0.0 0.0 0.6982543640897755
46 38 41 0.0 0.0 0.0 0.0 17.0 0.0 0.0 0.694100148735746
46 38 42 0.0 0.0 0.0 0.0 8.0 0.0 0.0 0.697211155378486
46 39 40 0.0 0.0 0.0 0.0 4.0 0.0 0.0 0.6986027944111775
46 39 41 0.0 0.0 0.0 0.0 10.0 0.0 0.0 0.6968641114982577
46 39 42 0.0 0.0 0.0 0.0 5.0 0.0 0.0 0.6982543640897755
46 40 38 0.0 0.0 0.0 0.0 3.0 0.0 0.0 0.6989515726410384
46 40 39 0.0 0.0 0.0 0.0 1.0 0.0 0.0 0.6996501749125437
46 40 40 0.0 0.0 0.0 0.0 3.0 0.0 0.0 0.6989515726410384
46 40 41 0.0 0.0 0.0 0.0 1.0 0.0 0.0 0.6996501749125437
46 40 42 0.0 0.0 0.0 0.0 1.0 0.0 0.0 0.6996501749125437
46 41 38 0.0 0.0 0.0 0.0 4.0 0.0 0.0 0.6986027944111775
46 41 39 0.0 0.0 1.0 0.0 21.0 0.0 0.0 0.6923837784371908
46 41 40 0.0 0.0 0.0 0.0 9.0 0.0 0.0 0.6968641114982577
46 42 38 0.0 0.0 0.0 0.0 7.0 0.0 0.0 0.6975585450921773
46 42 39 0.0 0.0 0.0 0.0 2.0 0.0 0.0 0.6993006993006992
46 42 40 0.0 0.0 0.0 0.0 4.0 0.0 0.0 0.6986027944111775
46 42 41 0.0 0.0 0.0 0.0 1.0 0.0 0.0 0.6996501749125437
46 43 38 0.0 0.0 0.0 0.0 1.0 0.0 0.0 0.6996501749125437
46 43 39 0.0 0.0 6.0 0.0 64.0 0.0 0.0 0.6763285024154588
