37 38 41 0.0 0.0 0.0 0.0 2.0 0.0 0.0 0.6993006993006992
37 39 38 0.0 0.0 0.0 0.0 2.0 0.0 0.0 0.6993006993006992
37 39 39 0.0 0.0 0.0 0.0 1.0 0.0 0.0 0.6996501749125437
37 40 39 0.0 0.0 0.0 0.0 3.0 0.0 0.0 0.6989515726410384
37 40 40 0.0 0.0 0.0 0.0 2.0 0.0 0.0 0.6993006993006992
37 40 41 0.0 0.0 0.0 0.0 5.0 0.0 0.0 0.6982543640897755
37 41 40 0.0 0.0 0.0 0.0 1.0 0.0 0.0 0.6996501749125437
37 41 41 0.0 0.0 0.0 0.0 1.0 0.0 0.0 0.6996501749125437
37 42 39 0.0 0.0 0.0 0.0 1.0 0.0 0.0 0.6996501749125437
37 42 40 0.0 0.0 0.0 0.0 1.0 0.0 0.0 0.6996501749125437
37 42 41 0.0 0.0 0.0 0.0 1.0 0.0 0.0 0.6996501749125437
38 38 38 0.0 0.0 0.0 0.0 7.0 0.0 0.0 0.6975585450921773
38 38 39 0.0 0.0 0.0 0.0 9.0 0.0 0.0 0.6968641114982577
38 38 40 0.0 0.0 0.0 0.0 6.0 0.0 0.0 0.6979062811565303
38 38 41 0.0 0.0 0.0 0.0 7.0 0.0 0.0 0.6975585450921773
38 38 42 0.0 0.0 0.0 0.0 3.0 0.0 0.0 0.6989515726410384
38 39 38 0.0 0.0 0.0 0.0 5.0 0.0 0.0 0.6982543640897755
38 39 39 0.0 0.0 65.0 0.0 1452.0 11.0 11.0 0.399315459212778
38 39 40 0.0 0.0 61.0 0.0 1673.0 9.0 19.0 0.37593984962406013
38 39 41 0.0 0.0 0.0 0.0 36.0 1.0 0.0 0.6879606879606879
38 39 42 0.0 0.0 0.0 0.0 7.0 0.0 0.0 0.6975585450921773
38 40 38 0.0 0.0 0.0 0.0 1.0 0.0 0.0 0.6996501749125437
38 40 39 0.0 0.0 1.0 0.0 114.0 0.0 1.0 0.6619385342789597
38 40 40 0.0 0.0 9.0 0.0 228.0 2.0 0.0 0.6266786034019695
38 40 41 0.0 0.0 8.0 0.0 155.0 3.0 0.0 0.648148148148148
38 40 42 0.0 0.0 0.0 0.0 4.0 0.0 0.0 0.6986027944111775
38 41 38 0.0 0.0 0.0 1.0 3.0 0.0 0.0 0.6986027944111775
38 41 39 0.0 0.0 7.0 0.0 111.0 2.0 0.0 0.661625708884688
38 41 40 0.0 0.0 104.0 0.0 2574.0 20.0 45.0 0.30055817947617
38 41 41 0.0 0.0 2.0 0.0 35.0 1.0 0.0 0.6876227897838899
38 42 39 0.0 0.0 0.0 0.0 3.0 0.0 0.0 0.6989515726410384
38 42 40 0.0 0.0 2.0 0.0 47.0 0.0 0.0 0.6832601268911663
38 42 41 0.0 0.0 0.0 0.0 5.0 0.0 0.0 0.6982543640897755
38 42 42 0.0 0.0 0.0 0.0 1.0 0.0 0.0 0.6996501749125437
39 38 38 0.0 0.0 0.0 0.0 2.0 0.0 0.0 0.6993006993006992
39 38 39 0.0 0.0 0.0 0.0 4.0 0.0 0.0 0.6986027944111775
39 38 40 0.0 0.0 11.0 0.0 183.0 4.0 0.0 0.639269406392694
39 38 41 0.0 0.0 0.0 0.0 4.0 0.0 0.0 0.6986027944111775
39 38 42 0.0 0.0 0.0 0.0 8.0 0.0 0.0 0.697211155378486
39 39 38 0.0 0.0 1.0 0.0 22.0 0.0 0.0 0.6920415224913494
39 39 39 0.0 0.0 134.0 0.0 3580.0 22.0 116.0 0.24595924104005618
39 39 40 0.0 0.0 83.0 4.0 1981.0 10.0 19.0 0.3449975357318876
39 39 41 0.0 0.0 179.0 0.0 4722.0 27.0 256.0 0.2035475428903751
39 39 42 0.0 0.0 0.0 0.0 34.0 0.0 0.0 0.6882989183874139
39 40 38 0.0 0.0 1.0 0.0 22.0 1.0 0.0 0.6923837784371908
39 40 39 0.0 0.0 132.0 8.0 3352.0 14.0 89.0 0.2555210804891403
39 40 40 0.0 0.0 511.0 2.0 9788.0 22.0 2243.0 0.11386742578283854
39 40 41 0.0 0.0 26.0 2.0 733.0 4.0 2.0 0.5077983315197678
39 40 42 0.0 0.0 0.0 0.0 22.0 0.0 0.0 0.6923837784371908
39 41 38 0.0 0.0 0.0 0.0 3.0 0.0 0.0 0.6989515726410384
39 41 39 0.0 0.0 3.0 20.0 259.0 2.0 1.0 0.6143045195261079
39 41 40 0.0 0.0 212.0 1.0 5015.0 22.0 298.0 0.19422863485016642
39 41 41 0.0 0.0 15.0 8.0 622.0 4.0 4.0 0.5301022340022719
39 41 42 0.0 0.0 3.0 0.0 54.0 0.0 0.0 0.6806028196402526
39 42 39 0.0 0.0 0.0 0.0 9.0 0.0 0.0 0.6968641114982577
39 42 40 0.0 0.0 0.0 0.0 12.0 0.0 0.0 0.6958250497017892
39 42 41 0.0 0.0 0.0 0.0 13.0 0.0 0.0 0.695479384003974
40 38 37 0.0 0.0 0.0 0.0 1.0 0.0 0.0 0.6996501749125437
40 38 38 0.0 0.0 27.0 0.0 555.0 9.0 1.0 0.544111931597357
40 38 39 0.0 0.0 0.0 0.0 22.0 0.0 0.0 0.6923837784371908
40 38 40 0.0 0.0 0.0 0.0 23.0 0.0 0.0 0.6920415224913494
40 38 41 0.0 0.0 7.0 0.0 138.0 2.0 0.0 0.6532897806812878
40 38 42 0.0 0.0 0.0 0.0 17.0 0.0 0.0 0.694100148735746
40 39 38 0.0 0.0 11.0 0.0 277.0 2.0 1.0 0.6124234470691162
40 39 39 0.0 0.0 162.0 0.0 3980.0 14.0 152.0 0.228310502283105
40 39 40 0.0 0.0 71.0 1.0 1395.0 10.0 7.0 0.40497541220711597
40 39 41 0.0 0.0 72.0 2.0 2260.0 8.0 31.0 0.32369942196531787
40 39 42 0.0 0.0 14.0 0.0 535.0 4.0 3.0 0.5500982318271119
40 40 38 0.0 0.0 33.0 0.0 641.0 6.0 2.0 0.5247376311844076
40 40 39 0.0 0.0 194.0 2.0 4161.0 19.0 159.0 0.22082018927444794
40 40 40 11.0 26.0 1024.0 455.0 12597.0 27.0 11036.0 0.0868917576961271
40 40 41 0.0 0.0 434.0 0.0 8676.0 20.0 1287.0 0.1262170934006491
40 40 42 0.0 0.0 5.0 0.0 115.0 1.0 0.0 0.6606890042472864
40 41 38 0.0 0.0 0.0 0.0 10.0 0.0 0.0 0.6968641114982577
40 41 39 0.0 0.0 13.0 0.0 410.0 5.0 1.0 0.5789909015715466
40 41 40 0.0 0.0 74.0 0.0 1793.0 12.0 20.0 0.36316472114137477
40 41 41 0.0 26.0 39.0 509.0 926.0 13.0 11.0 0.4016064257028112
40 41 42 0.0 0.0 5.0 0.0 154.0 2.0 0.0 0.6490496059341677
40 42 38 0.0 0.0 0.0 0.0 3.0 0.0 0.0 0.6989515726410384
40 42 39 0.0 0.0 0.0 0.0 19.0 0.0 0.0 0.6937561942517343
40 42 40 0.0 0.0 11.0 0.0 180.0 3.0 0.0 0.639853747714808
40 42 41 0.0 0.0 0.0 0.0 6.0 0.0 0.0 0.6979062811565303
41 38 38 0.0 0.0 0.0 0.0 10.0 0.0 0.0 0.6965174129353233
41 38 39 0.0 0.0 0.0 0.0 9.0 0.0 0.0 0.697211155378486
41 38 40 0.0 0.0 1.0 0.0 20.0 0.0 0.0 0.6927263730826323
41 38 41 0.0 0.0 0.0 0.0 7.0 0.0 0.0 0.6979062811565303
41 38 42 0.0 0.0 0.0 0.0 2.0 0.0 0.0 0.6993006993006992
41 39 38 0.0 0.0 2.0 0.0 33.0 1.0 0.0 0.6882989183874139
41 39 39 0.0 0.0 302.0 0.0 6420.0 21.0 520.0 0.16088255573431393
41 39 40 0.0 0.0 70.0 0.0 1468.0 13.0 7.0 0.3972758229284903
41 39 41 0.0 0.0 304.0 0.0 5905.0 22.0 361.0 0.17091930167256744
41 39 42 0.0 0.0 9.0 0.0 136.0 5.0 0.0 0.6542056074766354
41 40 38 0.0 0.0 2.0 0.0 42.0 1.0 0.0 0.6859382655560998
41 40 39 0.0 0.0 130.0 1.0 2978.0 18.0 61.0 0.27488709994109556
41 40 40 0.0 0.0 31.0 4.0 1027.0 5.0 8.0 0.4579653254824991
41 40 41 0.0 0.0 378.0 1.0 8155.0 24.0 1340.0 0.1331304678585013
41 40 42 0.0 0.0 4.0 0.0 163.0 1.0 0.0 0.6466512702078521
41 41 38 0.0 0.0 1.0 0.0 10.0 0.0 0.0 0.6961710591745399
41 41 39 0.0 0.0 220.0 1.0 4446.0 23.0 211.0 0.2106530243755642
41 41 40 0.0 0.0 224.0 0.0 5158.0 22.0 312.0 0.19016571583808747
41 41 41 0.0 0.0 53.0 2.0 1469.0 11.0 14.0 0.39851978366068874
41 41 42 0.0 0.0 0.0 0.0 48.0 0.0 0.0 0.6835937499999999
41 42 38 0.0 0.0 0.0 0.0 2.0 0.0 0.0 0.6993006993006992
41 42 39 0.0 0.0 0.0 0.0 10.0 0.0 0.0 0.6965174129353233
41 42 40 0.0 0.0 0.0 0.0 14.0 0.0 0.0 0.6951340615690167
41 42 41 0.0 0.0 0.0 1.0 8.0 0.0 0.0 0.6968641114982577
41 42 42 0.0 0.0 0.0 0.0 2.0 0.0 0.0 0.6993006993006992
42 38 38 0.0 0.0 0.0 0.0 15.0 0.0 0.0 0.694789081885856
42 38 39 0.0 0.0 8.0 0.0 234.0 3.0 0.0 0.6252791424743188
42 38 40 0.0 0.0 0.0 0.0 11.0 0.0 0.0 0.6961710591745399
42 38 41 0.0 0.0 0.0 0.0 2.0 0.0 0.0 0.6993006993006992
42 38 42 0.0 0.0 0.0 0.0 1.0 0.0 0.0 0.6996501749125437
42 39 38 0.0 0.0 0.0 0.0 12.0 0.0 0.0 0.6958250497017892
42 39 39 0.0 0.0 1.0 0.0 44.0 1.0 0.0 0.684931506849315
42 39 40 0.0 0.0 0.0 0.0 22.0 0.0 0.0 0.6923837784371908
42 39 41 0.0 0.0 1.0 0.0 63.0 0.0 0.0 0.6782945736434108
42 39 42 0.0 0.0 13.0 0.0 249.0 1.0 0.0 0.6191950464396283
42 40 38 0.0 0.0 29.0 0.0 395.0 4.0 4.0 0.5785123966942147
42 40 39 0.0 0.0 12.0 0.0 187.0 2.0 0.0 0.6372325898953117
42 40 40 0.0 0.0 108.0 0.0 2126.0 25.0 22.0 0.33262057495842234
42 40 41 0.0 0.0 0.0 0.0 57.0 0.0 0.0 0.6806028196402526
42 40 42 0.0 0.0 0.0 0.0 35.0 0.0 0.0 0.6879606879606879
42 41 38 0.0 0.0 0.0 0.0 9.0 0.0 0.0 0.6968641114982577
42 41 39 0.0 0.0 5.0 0.0 43.0 0.0 0.0 0.6835937499999999
42 41 40 0.0 0.0 0.0 0.0 44.0 1.0 0.0 0.6856023506366307
42 41 41 0.0 0.0 54.0 0.0 1183.0 9.0 4.0 0.43370508054522916
42 41 42 0.0 0.0 0.0 0.0 26.0 0.0 0.0 0.6910167818361302
42 42 38 0.0 0.0 0.0 0.0 1.0 0.0 0.0 0.6996501749125437
42 42 39 0.0 0.0 0.0 0.0 7.0 0.0 0.0 0.6975585450921773
42 42 40 0.0 0.0 8.0 0.0 109.0 4.0 0.0 0.6625650733554187
42 42 41 0.0 0.0 0.0 0.0 1.0 0.0 0.0 0.6996501749125437
42 42 42 0.0 0.0 0.0 0.0 3.0 0.0 0.0 0.6989515726410384
43 39 41 0.0 0.0 0.0 0.0 2.0 0.0 0.0 0.6993006993006992
43 39 43 0.0 0.0 0.0 0.0 1.0 0.0 0.0 0.6996501749125437
43 40 39 0.0 0.0 0.0 0.0 1.0 0.0 0.0 0.6996501749125437
43 40 41 0.0 0.0 0.0 0.0 3.0 0.0 0.0 0.6989515726410384
43 41 42 0.0 0.0 0.0 0.0 1.0 0.0 0.0 0.6996501749125437
43 42 39 0.0 0.0 0.0 0.0 1.0 0.0 0.0 0.6996501749125437
