33 39 37 0.0 0.0 0.0 0.0 1.0 0.0 0.0 0.6996501749125437
33 39 39 0.0 0.0 0.0 0.0 2.0 0.0 0.0 0.6993006993006992
33 40 37 0.0 0.0 1.0 0.0 2.0 0.0 0.0 0.6989515726410384
33 40 38 0.0 0.0 0.0 0.0 6.0 0.0 0.0 0.6979062811565303
33 41 37 0.0 0.0 0.0 0.0 3.0 0.0 0.0 0.6989515726410384
33 41 38 0.0 0.0 0.0 0.0 3.0 0.0 0.0 0.6989515726410384
33 41 39 0.0 0.0 0.0 0.0 1.0 0.0 0.0 0.6996501749125437
33 42 37 0.0 0.0 0.0 0.0 1.0 0.0 0.0 0.6996501749125437
33 42 38 0.0 0.0 3.0 0.0 27.0 1.0 0.0 0.6899950714637751
33 42 39 0.0 0.0 0.0 0.0 1.0 0.0 0.0 0.6996501749125437
33 43 38 0.0 0.0 0.0 0.0 1.0 0.0 0.0 0.6996501749125437
33 43 39 0.0 0.0 5.0 0.0 76.0 0.0 0.0 0.6727534839019701
33 43 40 0.0 0.0 1.0 0.0 4.0 1.0 0.0 0.6986027944111775
34 37 36 0.0 0.0 1.0 0.0 2.0 1.0 0.0 0.6993006993006992
34 38 36 0.0 0.0 0.0 0.0 2.0 0.0 0.0 0.6993006993006992
34 38 37 0.0 0.0 0.0 0.0 8.0 0.0 0.0 0.697211155378486
34 38 38 0.0 0.0 2.0 0.0 47.0 2.0 0.0 0.6839276990718123
34 38 39 0.0 0.0 0.0 0.0 1.0 0.0 0.0 0.6996501749125437
34 38 40 0.0 0.0 0.0 0.0 3.0 0.0 0.0 0.6989515726410384
34 38 41 0.0 0.0 0.0 0.0 1.0 0.0 0.0 0.6996501749125437
34 39 37 0.0 0.0 2.0 0.0 18.0 1.0 0.0 0.6934125804853887
34 39 38 0.0 0.0 1.0 0.0 39.0 0.0 0.0 0.6862745098039215
34 39 39 0.0 0.0 1.0 0.0 46.0 0.0 0.0 0.6842619745845552
34 39 40 0.0 0.0 0.0 0.0 14.0 0.0 0.0 0.6951340615690167
34 39 41 0.0 0.0 0.0 0.0 1.0 0.0 0.0 0.6996501749125437
34 39 42 0.0 0.0 0.0 0.0 4.0 0.0 0.0 0.6986027944111775
34 40 37 0.0 0.0 1.0 0.0 9.0 1.0 0.0 0.6968641114982577
34 40 38 0.0 0.0 132.0 0.0 2964.0 16.0 56.0 0.2754820936639118
34 40 39 0.0 0.0 26.0 0.0 581.0 11.0 2.0 0.5390835579514823
34 40 40 0.0 0.0 2.0 0.0 55.0 1.0 0.0 0.6809338521400777
34 40 42 0.0 0.0 1.0 0.0 40.0 1.0 0.0 0.6862745098039215
34 41 37 0.0 0.0 0.0 0.0 5.0 0.0 0.0 0.6982543640897755
34 41 38 0.0 0.0 0.0 0.0 45.0 0.0 0.0 0.684931506849315
34 41 39 0.0 0.0 10.0 0.0 158.0 4.0 0.0 0.6469500924214416
34 41 40 0.0 0.0 1.0 0.0 21.0 0.0 0.0 0.6923837784371908
34 41 41 0.0 0.0 0.0 0.0 2.0 0.0 0.0 0.6993006993006992
34 41 43 0.0 0.0 0.0 0.0 3.0 0.0 0.0 0.6989515726410384
34 41 45 0.0 0.0 0.0 0.0 1.0 0.0 0.0 0.6996501749125437
34 42 37 0.0 0.0 0.0 0.0 3.0 0.0 0.0 0.6989515726410384
34 42 38 0.0 0.0 102.0 0.0 2128.0 12.0 20.0 0.33183218772220896
34 42 39 0.0 0.0 135.0 0.0 2861.0 14.0 56.0 0.28101164191087913
34 42 40 0.0 0.0 0.0 0.0 14.0 0.0 0.0 0.6951340615690167
34 42 41 0.0 0.0 0.0 0.0 1.0 0.0 0.0 0.6996501749125437
34 42 42 0.0 0.0 0.0 0.0 3.0 0.0 0.0 0.6989515726410384
34 42 43 0.0 0.0 0.0 0.0 3.0 0.0 0.0 0.6989515726410384
34 42 44 0.0 0.0 0.0 0.0 1.0 0.0 0.0 0.6996501749125437
34 43 38 0.0 0.0 0.0 0.0 3.0 0.0 0.0 0.6989515726410384
34 43 39 0.0 0.0 0.0 0.0 6.0 0.0 0.0 0.6979062811565303
34 43 40 0.0 0.0 0.0 0.0 1.0 0.0 0.0 0.6996501749125437
34 43 41 0.0 0.0 0.0 0.0 3.0 0.0 0.0 0.6993006993006992
34 43 42 0.0 0.0 0.0 0.0 1.0 0.0 0.0 0.6996501749125437
34 44 42 0.0 0.0 0.0 0.0 1.0 0.0 0.0 0.6996501749125437
35 35 37 0.0 0.0 0.0 0.0 3.0 0.0 0.0 0.6989515726410384
35 36 36 0.0 0.0 0.0 0.0 3.0 0.0 0.0 0.6989515726410384
35 36 37 0.0 0.0 0.0 0.0 1.0 0.0 0.0 0.6996501749125437
35 36 38 0.0 0.0 0.0 0.0 8.0 0.0 0.0 0.697211155378486
35 36 39 0.0 0.0 0.0 0.0 11.0 0.0 0.0 0.6961710591745399
35 36 40 0.0 0.0 9.0 0.0 248.0 1.0 0.0 0.6205673758865247
35 36 41 0.0 0.0 0.0 0.0 15.0 0.0 0.0 0.694789081885856
35 36 42 0.0 0.0 0.0 0.0 6.0 0.0 0.0 0.6979062811565303
35 37 37 0.0 0.0 0.0 0.0 5.0 0.0 0.0 0.6982543640897755
35 37 38 0.0 0.0 7.0 0.0 98.0 3.0 0.0 0.6660323501427211
35 37 39 0.0 0.0 1.0 0.0 27.0 0.0 0.0 0.690335305719921
35 37 40 0.0 0.0 0.0 0.0 34.0 0.0 0.0 0.6882989183874139
35 37 41 0.0 0.0 0.0 0.0 26.0 0.0 0.0 0.6910167818361302
35 37 42 0.0 0.0 0.0 0.0 18.0 0.0 0.0 0.6937561942517343
35 38 36 0.0 0.0 0.0 0.0 3.0 0.0 0.0 0.6989515726410384
35 38 37 0.0 0.0 103.0 0.0 1731.0 13.0 11.0 0.3663962313530489
35 38 38 0.0 0.0 0.0 0.0 73.0 0.0 0.0 0.6753497346840327
35 38 39 0.0 0.0 3.0 0.0 112.0 1.0 0.0 0.662251655629139
35 38 40 0.0 0.0 6.0 0.0 120.0 0.0 0.0 0.6594441827602449
35 38 41 0.0 0.0 23.0 0.0 444.0 6.0 1.0 0.5688744412840308
35 38 42 0.0 0.0 14.0 0.0 288.0 4.0 0.0 0.609225413402959
35 38 43 0.0 0.0 8.0 0.0 110.0 1.0 1.0 0.6613131790269249
35 39 36 0.0 0.0 0.0 0.0 5.0 0.0 0.0 0.6982543640897755
35 39 37 0.0 0.0 36.0 0.0 660.0 9.0 2.0 0.5210271678451804
35 39 38 0.0 0.0 191.0 0.0 4268.0 13.0 168.0 0.21712158808933
35 39 39 0.0 0.0 71.0 0.0 1425.0 10.0 13.0 0.4016064257028112
35 39 40 0.0 0.0 72.0 0.0 1816.0 10.0 19.0 0.3609177623098736
35 39 41 0.0 0.0 12.0 0.0 318.0 1.0 1.0 0.6011163589523401
35 39 42 0.0 0.0 26.0 0.0 729.0 4.0 4.0 0.5089058524173027
35 39 43 0.0 0.0 14.0 0.0 264.0 8.0 0.0 0.6167400881057268
35 39 44 0.0 0.0 4.0 0.0 144.0 0.0 0.0 0.6517690875232773
35 40 37 0.0 0.0 17.0 0.0 456.0 3.0 0.0 0.5668016194331983
35 40 38 0.0 0.0 135.0 0.0 3750.0 15.0 140.0 0.23846022824050417
35 40 39 0.0 0.0 417.0 0.0 8556.0 21.0 1492.0 0.12774888219728076
35 40 40 0.0 0.0 70.0 0.0 1564.0 6.0 14.0 0.3858875413450937
35 40 41 0.0 0.0 15.0 0.0 572.0 6.0 1.0 0.5424254165052305
35 40 42 0.0 0.0 45.0 0.0 1249.0 7.0 11.0 0.4259202920596288
35 40 43 0.0 0.0 2.0 0.0 98.0 0.0 0.0 0.6669842782277274
35 40 44 0.0 0.0 2.0 0.0 224.0 3.0 0.0 0.6297795771479981
35 40 45 0.0 0.0 0.0 0.0 1.0 0.0 0.0 0.6996501749125437
35 41 37 0.0 0.0 0.0 0.0 33.0 0.0 0.0 0.6886374815543531
35 41 38 0.0 0.0 58.0 0.0 1401.0 17.0 10.0 0.4067402672864613
35 41 39 0.0 0.0 379.0 0.0 8055.0 21.0 1114.0 0.1343441128490548
35 41 40 0.0 0.0 47.0 0.0 1045.0 7.0 6.0 0.45366169799092676
35 41 41 0.0 0.0 16.0 0.0 423.0 4.0 0.0 0.5749486652977411
35 41 42 0.0 0.0 17.0 0.0 341.0 5.0 0.0 0.5952380952380951
35 41 43 0.0 0.0 5.0 0.0 134.0 2.0 0.0 0.6551240056153486
35 41 44 0.0 0.0 80.0 0.0 1779.0 11.0 17.0 0.3637308391790075
35 41 45 0.0 0.0 0.0 0.0 2.0 0.0 0.0 0.6993006993006992
35 42 36 0.0 0.0 0.0 0.0 2.0 0.0 0.0 0.6993006993006992
35 42 37 0.0 0.0 0.0 0.0 10.0 0.0 0.0 0.6965174129353233
35 42 38 0.0 0.0 0.0 0.0 63.0 0.0 0.0 0.6786233640329616
35 42 39 0.0 0.0 84.0 0.0 1751.0 8.0 16.0 0.3659174072138002
35 42 40 0.0 0.0 98.0 0.0 2282.0 21.0 31.0 0.3210272873194221
35 42 41 0.0 0.0 66.0 0.0 1311.0 10.0 8.0 0.41580041580041577
35 42 42 0.0 0.0 2.0 0.0 145.0 2.0 0.0 0.6526806526806526
35 42 43 0.0 0.0 0.0 0.0 56.0 0.0 0.0 0.6809338521400777
35 42 44 0.0 0.0 0.0 0.0 5.0 0.0 0.0 0.6982543640897755
35 43 38 0.0 0.0 0.0 0.0 4.0 0.0 0.0 0.6986027944111775
35 43 39 0.0 0.0 0.0 0.0 21.0 0.0 0.0 0.6927263730826323
35 43 40 0.0 0.0 12.0 0.0 212.0 4.0 0.0 0.6306306306306305
35 43 41 0.0 0.0 34.0 0.0 693.0 9.0 1.0 0.5150846210448858
35 43 42 0.0 0.0 76.0 0.0 2362.0 9.0 32.0 0.3160270880361173
35 43 43 0.0 0.0 1.0 0.0 81.0 0.0 0.0 0.6724303554274734
35 43 44 0.0 0.0 0.0 0.0 6.0 0.0 0.0 0.6979062811565303
35 44 38 0.0 0.0 1.0 0.0 10.0 0.0 0.0 0.6961710591745399
35 44 39 0.0 0.0 0.0 0.0 9.0 0.0 0.0 0.6968641114982577
35 44 40 0.0 0.0 0.0 0.0 4.0 0.0 0.0 0.6986027944111775
35 44 41 0.0 0.0 0.0 0.0 1.0 0.0 0.0 0.6996501749125437
35 44 42 0.0 0.0 1.0 0.0 23.0 0.0 0.0 0.6916996047430829
35 45 41 0.0 0.0 0.0 0.0 1.0 0.0 0.0 0.6996501749125437
36 35 38 0.0 0.0 1.0 0.0 18.0 0.0 0.0 0.6937561942517343
36 35 39 0.0 0.0 0.0 0.0 11.0 0.0 0.0 0.6961710591745399
36 35 40 0.0 0.0 0.0 0.0 5.0 0.0 0.0 0.6982543640897755
36 35 41 0.0 0.0 0.0 0.0 5.0 0.0 0.0 0.6982543640897755
36 35 42 0.0 0.0 0.0 0.0 6.0 0.0 0.0 0.6979062811565303
36 36 36 0.0 0.0 0.0 0.0 10.0 0.0 0.0 0.6965174129353233
36 36 37 0.0 0.0 133.0 0.0 2651.0 17.0 39.0 0.2936241610738255
36 36 38 0.0 0.0 1.0 0.0 99.0 0.0 0.0 0.6666666666666665
36 36 39 0.0 0.0 1.0 0.0 109.0 0.0 0.0 0.6635071090047392
36 36 40 0.0 0.0 9.0 0.0 216.0 3.0 0.0 0.63006300630063
36 36 41 0.0 0.0 2.0 0.0 96.0 1.0 0.0 0.6676204101096804
36 36 42 0.0 0.0 1.0 0.0 28.0 0.0 0.0 0.6899950714637751
36 36 43 0.0 0.0 0.0 0.0 13.0 0.0 0.0 0.695479384003974
36 37 36 0.0 0.0 0.0 0.0 40.0 0.0 0.0 0.6862745098039215
36 37 37 0.0 0.0 54.0 0.0 1022.0 14.0 2.0 0.4573668735707284
36 37 38 0.0 0.0 26.0 0.0 615.0 5.0 2.0 0.5313092979127134
36 37 39 0.0 0.0 235.0 0.0 5314.0 26.0 327.0 0.1860217911241031
36 37 40 0.0 0.0 239.0 0.0 5219.0 22.0 303.0 0.188197338351929
36 37 41 0.0 0.0 239.0 0.0 5493.0 21.0 387.0 0.18146467919637066
36 37 42 0.0 0.0 6.0 0.0 279.0 0.0 2.0 0.6134969325153373
36 37 43 0.0 0.0 0.0 0.0 34.0 0.0 0.0 0.6882989183874139
36 37 44 0.0 0.0 0.0 0.0 1.0 0.0 0.0 0.6996501749125437
36 38 36 0.0 0.0 17.0 0.0 424.0 4.0 3.0 0.5744768157570782
36 38 37 0.0 0.0 3.0 0.0 194.0 2.0 1.0 0.6383948928408572
36 38 38 0.0 0.0 141.0 0.0 3547.0 11.0 106.0 0.24656569214512147
36 38 39 0.0 0.0 243.0 0.0 5456.0 22.0 347.0 0.1822442072376985
36 38 40 0.0 0.0 361.0 0.0 7381.0 20.0 788.0 0.1439144736842105
36 38 41 0.0 0.0 161.0 0.0 3919.0 8.0 123.0 0.23049061573921628
36 38 42 0.0 0.0 99.0 0.0 2467.0 11.0 52.0 0.3073545554335894
36 38 43 0.0 0.0 4.0 0.0 299.0 1.0 1.0 0.6084311169056931
36 38 44 0.0 0.0 9.0 0.0 142.0 2.0 0.0 0.6514657980456026
36 39 35 0.0 0.0 0.0 0.0 1.0 0.0 0.0 0.6996501749125437
36 39 36 0.0 0.0 0.0 0.0 39.0 0.0 0.0 0.6866110838646394
36 39 37 0.0 0.0 110.0 0.0 2477.0 14.0 49.0 0.30607783121993876
36 39 38 0.0 0.0 417.0 0.0 8819.0 27.0 1585.0 0.12483281319661164
36 39 39 0.0 0.0 442.0 0.0 8717.0 21.0 1470.0 0.12562814070351758
36 39 40 0.0 0.0 284.0 0.0 6947.0 22.0 763.0 0.1519591881037664
36 39 41 0.0 0.0 120.0 0.0 2592.0 13.0 46.0 0.29774564015312627
36 39 42 0.0 0.0 530.0 0.0 9842.0 17.0 2204.0 0.11315874555447783
36 39 43 0.0 0.0 90.0 0.0 1814.0 12.0 15.0 0.35980467746080697
36 39 44 0.0 0.0 23.0 0.0 704.0 4.0 2.0 0.5143277002204261
36 39 45 0.0 0.0 0.0 0.0 4.0 0.0 0.0 0.6986027944111775
36 40 35 0.0 0.0 0.0 0.0 1.0 0.0 0.0 0.6996501749125437
36 40 36 0.0 0.0 0.0 0.0 13.0 0.0 0.0 0.695479384003974
36 40 37 0.0 0.0 51.0 0.0 1215.0 15.0 8.0 0.4306367271608735
36 40 38 0.0 0.0 333.0 0.0 7417.0 19.0 850.0 0.14379622021364008
36 40 39 0.0 0.0 617.0 0.0 11226.0 34.0 4128.0 0.10126582278481011
36 40 40 0.0 0.0 434.0 0.0 8568.0 23.0 1202.0 0.12738853503184713
36 40 41 0.0 0.0 224.0 0.0 5487.0 24.0 350.0 0.1819836214740673
36 40 42 0.0 0.0 87.0 0.0 2537.0 10.0 56.0 0.30362177401865104
36 40 43 0.0 0.0 289.0 0.0 6632.0 29.0 691.0 0.15737410071942445
36 40 44 0.0 0.0 11.0 0.0 366.0 3.0 0.0 0.5899705014749261
36 40 45 0.0 0.0 1.0 0.0 18.0 0.0 0.0 0.6934125804853887
36 41 36 0.0 0.0 2.0 0.0 21.0 0.0 0.0 0.6920415224913494
36 41 37 0.0 0.0 61.0 0.0 1616.0 7.0 15.0 0.38147138964577654
36 41 38 0.0 0.0 352.0 0.0 7523.0 22.0 937.0 0.14197343068654295
36 41 39 0.0 0.0 453.0 0.0 9525.0 27.0 2166.0 0.11702750146284374
36 41 40 0.0 0.0 274.0 0.0 6450.0 15.0 559.0 0.16069788797061524
36 41 41 0.0 0.0 613.0 0.0 10886.0 26.0 3169.0 0.10375750389090639
36 41 42 0.0 0.0 589.0 0.0 10652.0 29.0 2861.0 0.10588413250642867
36 41 43 0.0 0.0 189.0 0.0 4527.0 8.0 210.0 0.20873714030117782
36 41 44 0.0 0.0 3.0 0.0 176.0 1.0 0.0 0.6427915518824608
36 41 45 0.0 0.0 0.0 0.0 4.0 0.0 0.0 0.6986027944111775
36 42 37 0.0 0.0 3.0 0.0 174.0 2.0 1.0 0.6436781609195401
36 42 38 0.0 0.0 25.0 0.0 694.0 4.0 1.0 0.5156537753222835
36 42 39 0.0 0.0 201.0 0.0 4529.0 17.0 191.0 0.20848845867460908
36 42 40 0.0 0.0 213.0 0.0 5176.0 20.0 271.0 0.1899850726014384
36 42 41 0.0 0.0 276.0 0.0 6030.0 22.0 432.0 0.1688985402340451
36 42 42 0.0 0.0 504.0 0.0 9547.0 28.0 1938.0 0.11636605435957109
36 42 43 0.0 0.0 185.0 0.0 4028.0 17.0 160.0 0.22609819121447028
36 42 44 0.0 0.0 15.0 0.0 433.0 4.0 1.0 0.5728314238952537
36 42 45 0.0 0.0 0.0 0.0 3.0 0.0 0.0 0.6989515726410384
36 43 37 0.0 0.0 1.0 0.0 30.0 1.0 0.0 0.689655172413793
36 43 38 0.0 0.0 0.0 0.0 113.0 0.0 0.0 0.6625650733554187
36 43 39 0.0 0.0 127.0 0.0 3169.0 12.0 75.0 0.2647003214218188
36 43 40 0.0 0.0 159.0 0.0 3463.0 13.0 97.0 0.249554367201426
36 43 41 0.0 0.0 27.0 0.0 1142.0 1.0 7.0 0.44205873065993045
36 43 42 0.0 0.0 50.0 0.0 1104.0 7.0 7.0 0.44486812837623124
36 43 43 0.0 0.0 35.0 0.0 775.0 14.0 1.0 0.5007153075822602
36 43 44 0.0 0.0 24.0 0.0 714.0 6.0 2.0 0.5124450951683748
36 43 45 0.0 0.0 2.0 0.0 33.0 1.0 0.0 0.6882989183874139
36 44 37 0.0 0.0 0.0 0.0 3.0 0.0 0.0 0.6989515726410384
36 44 38 0.0 0.0 26.0 0.0 572.0 11.0 1.0 0.5411673753382295
36 44 39 0.0 0.0 5.0 0.0 153.0 1.0 0.0 0.6493506493506492
36 44 40 0.0 0.0 4.0 0.0 91.0 2.0 0.0 0.6692160611854684
36 44 41 0.0 0.0 74.0 0.0 1605.0 10.0 9.0 0.3815753611338239
36 44 42 0.0 0.0 5.0 0.0 108.0 0.0 0.0 0.6625650733554187
36 44 43 0.0 0.0 0.0 0.0 10.0 0.0 0.0 0.6965174129353233
36 44 44 0.0 0.0 0.0 0.0 2.0 0.0 0.0 0.6993006993006992
36 44 45 0.0 0.0 0.0 0.0 1.0 0.0 0.0 0.6996501749125437
36 45 38 0.0 0.0 0.0 0.0 4.0 0.0 0.0 0.6986027944111775
36 45 39 0.0 0.0 6.0 0.0 203.0 1.0 0.0 0.6340579710144926
36 45 40 0.0 0.0 0.0 0.0 7.0 0.0 0.0 0.6975585450921773
37 35 36 0.0 0.0 0.0 0.0 1.0 0.0 0.0 0.6996501749125437
37 35 37 0.0 0.0 0.0 0.0 5.0 0.0 0.0 0.6982543640897755
37 35 38 0.0 0.0 0.0 0.0 21.0 0.0 0.0 0.6927263730826323
37 35 39 0.0 0.0 0.0 0.0 30.0 0.0 0.0 0.689655172413793
37 35 40 0.0 0.0 0.0 0.0 17.0 0.0 0.0 0.694100148735746
37 35 41 0.0 0.0 1.0 0.0 10.0 0.0 0.0 0.6961710591745399
37 35 42 0.0 0.0 0.0 0.0 5.0 0.0 0.0 0.6982543640897755
37 36 36 0.0 0.0 0.0 0.0 32.0 0.0 0.0 0.6889763779527558
37 36 37 0.0 0.0 4.0 0.0 108.0 1.0 0.0 0.6635071090047392
37 36 38 0.0 0.0 40.0 0.0 1003.0 5.0 5.0 0.46082949308755755
37 36 39 0.0 0.0 321.0 0.0 7017.0 23.0 704.0 0.15023071144972636
37 36 40 0.0 0.0 114.0 0.0 2672.0 17.0 50.0 0.29356259173830984
37 36 41 0.0 0.0 101.0 0.0 2880.0 15.0 69.0 0.2818602778337024
37 36 42 0.0 0.0 14.0 0.0 312.0 3.0 0.0 0.6029285099052539
37 36 43 0.0 0.0 0.0 0.0 28.0 0.0 0.0 0.690335305719921
37 36 44 0.0 0.0 0.0 0.0 4.0 0.0 0.0 0.6986027944111775
37 37 36 0.0 0.0 1.0 0.0 73.0 0.0 0.0 0.6753497346840327
37 37 37 0.0 0.0 411.0 0.0 8447.0 26.0 1274.0 0.12916320693790936
37 37 38 0.0 0.0 431.0 0.0 8373.0 36.0 1238.0 0.12989422898496936
37 37 39 0.0 0.0 231.0 0.0 5584.0 19.0 358.0 0.17955623957932534
37 37 40 0.0 0.0 648.0 0.0 11278.0 19.0 3835.0 0.10058916510992959
37 37 41 0.0 0.0 223.0 0.0 5607.0 18.0 369.0 0.17918853193395617
37 37 42 0.0 0.0 418.0 0.0 8780.0 25.0 1398.0 0.12525722465777933
37 37 43 0.0 0.0 13.0 0.0 428.0 3.0 2.0 0.5744768157570782
37 37 44 0.0 0.0 0.0 0.0 25.0 0.0 0.0 0.6913580246913579
37 38 35 0.0 0.0 0.0 0.0 3.0 0.0 0.0 0.6989515726410384
37 38 36 0.0 0.0 8.0 0.0 238.0 2.0 0.0 0.623885918003565
37 38 37 0.0 0.0 216.0 0.0 5001.0 19.0 276.0 0.19439044709802833
37 38 38 0.0 0.0 491.0 0.0 9505.0 24.0 1914.0 0.1169004676018704
37 38 39 0.0 0.0 1028.0 0.0 12863.0 47.0 10762.0 0.08816120906801006
37 38 40 0.0 0.0 906.0 0.0 12688.0 33.0 7737.0 0.0898472596585804
37 38 41 0.0 0.0 1163.0 0.0 13237.0 28.0 13305.0 0.08527745629530364
37 38 42 0.0 0.0 406.0 0.0 8494.0 23.0 1375.0 0.12865282117257856
37 38 43 0.0 0.0 56.0 0.0 1531.0 7.0 11.0 0.3911707180776753
37 38 44 0.0 0.0 13.0 0.0 407.0 2.0 0.0 0.5789909015715466
37 38 45 0.0 0.0 0.0 0.0 5.0 0.0 0.0 0.6982543640897755
37 39 34 0.0 0.0 0.0 0.0 2.0 0.0 0.0 0.6993006993006992
37 39 35 0.0 0.0 0.0 0.0 3.0 0.0 0.0 0.6989515726410384
37 39 36 0.0 0.0 86.0 0.0 2013.0 16.0 16.0 0.34280117531831533
37 39 37 0.0 0.0 286.0 0.0 6469.0 23.0 553.0 0.16027475672581568
37 39 38 0.0 0.0 457.0 0.0 9547.0 29.0 2075.0 0.11682242990654203
37 39 39 0.0 0.0 700.0 0.0 11863.0 30.0 4986.0 0.09622654477970993
37 39 40 0.0 0.0 789.0 0.0 12228.0 26.0 5808.0 0.09328979809422269
37 39 41 0.0 0.0 584.0 0.0 10622.0 17.0 2648.0 0.10605257177486553
37 39 42 0.0 0.0 400.0 0.0 8820.0 25.0 1497.0 0.12491077801570305
37 39 43 0.0 0.0 663.0 0.0 11018.0 19.0 3292.0 0.10233918128654969
37 39 44 0.0 0.0 47.0 0.0 981.0 9.0 7.0 0.4635761589403972
37 39 45 0.0 0.0 2.0 0.0 42.0 0.0 0.0 0.684931506849315
37 40 35 0.0 0.0 0.0 0.0 5.0 0.0 0.0 0.6982543640897755
37 40 36 0.0 0.0 36.0 0.0 653.0 13.0 2.0 0.5231689088191329
37 40 37 0.0 0.0 185.0 0.0 3836.0 17.0 131.0 0.23321672497084786
37 40 38 0.0 0.0 594.0 0.0 10597.0 32.0 2952.0 0.10628606134224111
37 40 39 0.0 0.0 1331.0 0.0 13332.0 39.0 16627.0 0.08402856971370265
37 40 40 0.0 0.0 861.0 0.0 12695.0 29.0 7628.0 0.09004373552868536
37 40 41 0.0 0.0 826.0 0.0 12364.0 38.0 6261.0 0.09227524387028735
37 40 42 0.0 0.0 675.0 0.0 11689.0 25.0 4637.0 0.09757457485363812
37 40 43 0.0 0.0 383.0 0.0 8406.0 20.0 1481.0 0.12987012987012986
37 40 44 0.0 0.0 316.0 0.0 6563.0 15.0 520.0 0.15787099684258005
37 40 45 0.0 0.0 0.0 0.0 25.0 0.0 0.0 0.6913580246913579
37 41 35 0.0 0.0 0.0 0.0 3.0 0.0 0.0 0.6989515726410384
37 41 36 0.0 0.0 4.0 0.0 89.0 3.0 0.0 0.6701771182383915
37 41 37 0.0 0.0 131.0 0.0 3146.0 13.0 79.0 0.26600798023940714
37 41 38 0.0 0.0 643.0 0.0 11386.0 22.0 4447.0 0.09984310369419482
37 41 39 0.0 0.0 932.0 0.0 12763.0 32.0 8129.0 0.08924018357980622
37 41 40 0.0 0.0 840.0 0.0 12697.0 29.0 7411.0 0.09010748535753361
37 41 41 0.0 0.0 990.0 1.0 13071.0 32.0 9666.0 0.08718395815170008
37 41 42 0.0 0.0 1240.0 0.0 12988.0 35.0 15842.0 0.08627064333251169
37 41 43 0.0 0.0 297.0 0.0 6509.0 20.0 514.0 0.15936254980079678
37 41 44 0.0 0.0 23.0 0.0 512.0 5.0 1.0 0.5533596837944663
37 41 45 0.0 0.0 10.0 0.0 201.0 7.0 0.0 0.6354970494779845
37 42 35 0.0 0.0 0.0 0.0 4.0 0.0 0.0 0.6986027944111775
37 42 36 0.0 0.0 3.0 0.0 82.0 1.0 0.0 0.6717850287907868
37 42 37 0.0 0.0 125.0 0.0 2960.0 19.0 53.0 0.27635215159889454
37 42 38 0.0 0.0 548.0 0.0 10368.0 18.0 2759.0 0.10845986984815617
37 42 39 0.0 0.0 611.0 0.0 10847.0 22.0 3250.0 0.10408148093078581
37 42 40 0.0 0.0 730.0 0.0 11942.0 29.0 5955.0 0.09549795361527967
37 42 41 0.0 0.0 465.0 0.0 9263.0 25.0 1705.0 0.11955593509820664
37 42 42 0.0 0.0 545.0 0.0 10135.0 25.0 2742.0 0.11048851708625994
37 42 43 0.0 0.0 611.0 0.0 10816.0 30.0 3543.0 0.10443085185737729
37 42 44 0.0 0.0 171.0 0.0 3865.0 14.0 156.0 0.23236514522821572
37 42 45 0.0 0.0 0.0 0.0 19.0 0.0 0.0 0.6934125804853887
37 43 36 0.0 0.0 0.0 0.0 3.0 0.0 0.0 0.6989515726410384
37 43 37 0.0 0.0 4.0 0.0 177.0 0.0 0.0 0.6422018348623851
37 43 38 0.0 0.0 260.0 0.0 5884.0 18.0 389.0 0.17224409448818898
37 43 39 0.0 0.0 421.0 0.0 7876.0 23.0 945.0 0.13613380007779072
37 43 40 0.0 0.0 300.0 0.0 6582.0 17.0 543.0 0.15783540022547912
37 43 41 0.0 0.0 595.0 0.0 11083.0 22.0 3620.0 0.10243652593839174
37 43 42 0.0 0.0 148.0 0.0 3916.0 14.0 144.0 0.2313667162452487
37 43 43 0.0 0.0 215.0 0.0 4704.0 16.0 199.0 0.2027516292541636
37 43 44 0.0 0.0 2.0 0.0 99.0 1.0 0.0 0.6666666666666665
37 43 45 0.0 0.0 0.0 0.0 17.0 0.0 0.0 0.6944444444444444
37 44 37 0.0 0.0 0.0 0.0 13.0 0.0 0.0 0.695479384003974
37 44 38 0.0 0.0 1.0 0.0 121.0 1.0 0.0 0.66006600660066
37 44 39 0.0 0.0 316.0 0.0 6719.0 25.0 560.0 0.15533118828359035
37 44 40 0.0 0.0 16.0 0.0 606.0 4.0 0.0 0.53475935828877
37 44 41 0.0 0.0 68.0 0.0 1294.0 16.0 7.0 0.4185351270553064
37 44 42 0.0 0.0 3.0 0.0 176.0 0.0 0.0 0.6424965580541532
37 44 43 0.0 0.0 5.0 0.0 103.0 2.0 0.0 0.664767331433998
37 44 44 0.0 0.0 1.0 0.0 7.0 0.0 0.0 0.697211155378486
37 44 45 0.0 0.0 2.0 0.0 82.0 0.0 0.0 0.6717850287907868
37 45 38 0.0 0.0 0.0 0.0 10.0 0.0 0.0 0.6965174129353233
37 45 39 0.0 0.0 7.0 0.0 142.0 5.0 0.0 0.6529850746268656
37 45 40 0.0 0.0 1.0 0.0 65.0 0.0 0.0 0.6776379477250725
37 45 41 0.0 0.0 0.0 0.0 16.0 0.0 0.0 0.6944444444444444
37 46 39 0.0 0.0 0.0 0.0 1.0 0.0 0.0 0.6996501749125437
38 35 35 0.0 0.0 11.0 0.0 126.0 2.0 0.0 0.6557377049180326
38 35 36 0.0 0.0 0.0 0.0 2.0 0.0 0.0 0.6993006993006992
38 35 37 0.0 0.0 0.0 0.0 3.0 0.0 0.0 0.6989515726410384
38 35 38 0.0 0.0 0.0 0.0 18.0 0.0 0.0 0.6937561942517343
38 35 39 0.0 0.0 12.0 0.0 273.0 3.0 0.0 0.6134969325153373
38 35 40 0.0 0.0 3.0 0.0 158.0 1.0 0.0 0.648148148148148
38 35 41 0.0 0.0 2.0 0.0 73.0 1.0 0.0 0.6750241080038573
38 35 42 0.0 0.0 1.0 0.0 15.0 1.0 0.0 0.694789081885856
38 35 43 0.0 0.0 0.0 0.0 1.0 0.0 0.0 0.6996501749125437
38 36 35 0.0 0.0 0.0 0.0 9.0 0.0 0.0 0.6968641114982577
38 36 36 0.0 0.0 10.0 0.0 286.0 5.0 1.0 0.6110868616324747
38 36 37 0.0 0.0 110.0 0.0 2442.0 15.0 40.0 0.30857394754242884
38 36 38 0.0 0.0 21.0 0.0 619.0 9.0 5.0 0.5323193916349809
38 36 39 0.0 0.0 101.0 0.0 2426.0 13.0 38.0 0.3102149346332816
38 36 40 0.0 0.0 216.0 0.0 4988.0 19.0 251.0 0.19490463594598356
38 36 41 0.0 0.0 179.0 0.0 4384.0 21.0 208.0 0.21390374331550796
38 36 42 0.0 0.0 13.0 0.0 527.0 3.0 1.0 0.5522682445759368
38 36 43 0.0 0.0 0.0 0.0 50.0 0.0 0.0 0.6829268292682925
38 36 44 0.0 0.0 1.0 0.0 69.0 0.0 0.0 0.6763285024154588
38 37 34 0.0 0.0 2.0 0.0 28.0 1.0 0.0 0.6899950714637751
38 37 35 0.0 0.0 0.0 0.0 22.0 0.0 0.0 0.6923837784371908
38 37 36 0.0 0.0 47.0 0.0 1082.0 9.0 8.0 0.4488618146841936
38 37 37 0.0 0.0 244.0 0.0 5930.0 17.0 427.0 0.1716106888943368
38 37 38 0.0 0.0 367.0 0.0 8150.0 24.0 1121.0 0.13332063612989237
38 37 39 0.0 0.0 775.0 0.0 12104.0 21.0 5770.0 0.0940986691759645
38 37 40 0.0 0.0 521.0 0.0 9699.0 36.0 2055.0 0.11481997867628965
38 37 41 0.0 0.0 516.0 0.0 9951.0 32.0 2237.0 0.11244979919678713
38 37 42 0.0 0.0 294.0 0.0 6446.0 24.0 544.0 0.1606057129746472
38 37 43 0.0 0.0 205.0 0.0 4191.0 18.0 148.0 0.21943573667711597
38 37 44 0.0 0.0 49.0 0.0 1157.0 10.0 10.0 0.43818466353677615
38 37 45 0.0 0.0 6.0 0.0 90.0 2.0 0.0 0.6685768863419292
38 38 34 0.0 0.0 0.0 0.0 2.0 0.0 0.0 0.6993006993006992
38 38 35 0.0 0.0 0.0 0.0 54.0 0.0 0.0 0.6815968841285296
38 38 36 0.0 0.0 116.0 0.0 2721.0 15.0 50.0 0.29039618336444717
38 38 37 0.0 0.0 363.0 0.0 7475.0 19.0 818.0 0.14245014245014243
38 38 38 0.0 0.0 1202.0 0.0 13067.0 44.0 14505.0 0.08611145282322548
38 38 39 0.0 0.0 1157.0 0.0 13394.0 40.0 11805.0 0.0846177092777274
38 38 40 0.0 0.0 858.0 0.0 12753.0 35.0 6815.0 0.08977811978966267
38 38 41 0.0 0.0 1213.0 0.0 13273.0 27.0 14742.0 0.08489993935718616
38 38 42 0.0 0.0 809.0 0.0 12225.0 26.0 6035.0 0.09310986964618248
38 38 43 0.0 0.0 394.0 0.0 8302.0 21.0 1262.0 0.13103706476974913
38 38 44 0.0 0.0 62.0 0.0 1420.0 9.0 7.0 0.4032258064516129
38 38 45 0.0 0.0 0.0 0.0 32.0 0.0 0.0 0.6889763779527558
38 39 34 0.0 0.0 0.0 0.0 5.0 0.0 0.0 0.6982543640897755
38 39 35 0.0 0.0 35.0 0.0 746.0 9.0 2.0 0.5052327679538072
38 39 36 0.0 0.0 160.0 0.0 3468.0 4.0 89.0 0.24888888888888885
38 39 37 0.0 0.0 616.0 0.0 10934.0 28.0 3481.0 0.10341261633919337
38 39 38 0.0 0.0 943.0 0.0 12912.0 19.0 6837.0 0.08829465186680119
38 39 39 0.0 0.0 1815.0 0.0 12077.0 52.0 31422.0 0.08807801195344447
38 39 40 0.0 0.0 2090.0 0.0 12168.0 55.0 35441.0 0.08616445100935499
38 39 41 0.0 0.0 1046.0 0.0 13213.0 32.0 11069.0 0.08618566855454321
38 39 42 0.0 0.0 777.0 0.0 11945.0 29.0 5224.0 0.09516041326808046
38 39 43 0.0 0.0 340.0 1.0 7526.0 17.0 888.0 0.14203104392817287
38 39 44 0.0 0.0 298.0 0.0 6139.0 19.0 422.0 0.16627078384798097
38 39 45 0.0 0.0 1.0 0.0 53.0 0.0 0.0 0.6815968841285296
38 40 34 0.0 0.0 0.0 0.0 2.0 0.0 0.0 0.6993006993006992
38 40 35 0.0 0.0 114.0 0.0 2393.0 15.0 28.0 0.31166518254674974
38 40 36 0.0 0.0 189.0 0.0 3756.0 20.0 96.0 0.23624704691191356
38 40 37 0.0 0.0 323.0 0.0 7652.0 18.0 1060.0 0.14050582095543956
38 40 38 0.0 0.0 1041.0 0.0 13229.0 39.0 8666.0 0.08615384615384615
38 40 39 0.0 0.0 1804.0 2.0 13082.0 46.0 26387.0 0.0829973915105525
38 40 40 0.0 1.0 1700.0 1.0 12852.0 45.0 25524.0 0.08460748171874055
38 40 41 0.0 0.0 1700.0 2.0 13088.0 35.0 24636.0 0.08335317932841152
38 40 42 0.0 0.0 1200.0 1.0 13656.0 40.0 12017.0 0.0830515512843329
38 40 43 0.0 0.0 532.0 0.0 9814.0 14.0 2187.0 0.11344299489506522
38 40 44 0.0 0.0 52.0 0.0 1410.0 8.0 10.0 0.4056795131845841
38 40 45 0.0 0.0 3.0 0.0 97.0 3.0 0.0 0.6676204101096804
38 41 35 0.0 0.0 11.0 0.0 362.0 6.0 0.0 0.5914659907055343
38 41 36 0.0 0.0 99.0 0.0 2230.0 16.0 26.0 0.32460004637143514
38 41 37 0.0 0.0 351.0 0.0 7744.0 17.0 1187.0 0.1388751115960718
38 41 38 0.0 0.0 662.0 7.0 11163.0 31.0 3401.0 0.10137581462708181
38 41 39 0.0 0.0 1475.0 0.0 13249.0 40.0 20513.0 0.08373706561397212
38 41 40 0.0 0.0 2038.0 0.0 12007.0 63.0 35709.0 0.08720568082720817
38 41 41 0.0 0.0 1486.0 2.0 13610.0 34.0 18529.0 0.0818330605564648
38 41 42 0.0 0.0 1088.0 0.0 13446.0 43.0 10247.0 0.0846740050804403
38 41 43 0.0 0.0 438.0 0.0 8987.0 20.0 1727.0 0.12266713397003416
38 41 44 0.0 0.0 154.0 0.0 4209.0 12.0 170.0 0.22036832992287106
38 41 45 0.0 0.0 20.0 0.0 436.0 5.0 0.0 0.5711954304365564
38 42 35 0.0 0.0 0.0 0.0 12.0 1.0 0.0 0.6961710591745399
38 42 36 0.0 0.0 70.0 0.0 1759.0 19.0 18.0 0.36745406824146976
38 42 37 0.0 0.0 105.0 0.0 2590.0 13.0 50.0 0.29901751388295594
38 42 38 0.0 0.0 443.0 3.0 9324.0 17.0 2064.0 0.11905774300535757
38 42 39 0.0 0.0 1274.0 0.0 13529.0 42.0 14222.0 0.08336807002917881
38 42 40 0.0 0.0 1392.0 2.0 13128.0 39.0 19134.0 0.08478682170542635
38 42 41 0.0 0.0 1273.0 2.0 13524.0 38.0 14038.0 0.08336807002917881
38 42 42 0.0 0.0 521.0 2.0 9725.0 18.0 1915.0 0.1143603986276752
38 42 43 0.0 0.0 440.0 0.0 8654.0 35.0 1267.0 0.1264679313459801
38 42 44 0.0 0.0 162.0 0.0 4110.0 17.0 154.0 0.22389253158483927
38 42 45 0.0 0.0 16.0 0.0 406.0 8.0 1.0 0.579950289975145
38 43 36 0.0 0.0 1.0 0.0 102.0 0.0 0.0 0.6657156443176413
38 43 37 0.0 0.0 80.0 0.0 1787.0 15.0 17.0 0.3635419371591794
38 43 38 0.0 0.0 179.0 0.0 4287.0 23.0 156.0 0.21722265321955
38 43 39 0.0 0.0 822.0 0.0 12163.0 32.0 6901.0 0.0934766642184683
38 43 40 0.0 0.0 577.0 3.0 10687.0 28.0 3118.0 0.10565240359218171
38 43 41 0.0 0.0 379.0 0.0 8063.0 24.0 1103.0 0.13426680732713148
38 43 42 0.0 0.0 314.0 0.0 6709.0 12.0 569.0 0.15524506542470615
38 43 43 0.0 0.0 119.0 0.0 2913.0 11.0 65.0 0.27882891854212305
38 43 44 0.0 0.0 276.0 0.0 6178.0 22.0 473.0 0.1659554291133238
38 43 45 0.0 0.0 1.0 0.0 24.0 0.0 0.0 0.6913580246913579
38 44 36 0.0 0.0 7.0 0.0 165.0 3.0 0.0 0.6454587367450437
38 44 37 0.0 0.0 38.0 0.0 801.0 7.0 2.0 0.494175785386516
38 44 38 0.0 0.0 44.0 0.0 1109.0 10.0 2.0 0.44543429844097987
38 44 39 0.0 0.0 33.0 0.0 1145.0 11.0 8.0 0.44205873065993045
38 44 40 0.0 0.0 340.0 0.0 6907.0 27.0 620.0 0.1518108870093255
38 44 41 0.0 0.0 22.0 0.0 737.0 8.0 0.0 0.5089058524173027
38 44 42 0.0 0.0 93.0 0.0 2286.0 15.0 32.0 0.32065964269354097
38 44 43 0.0 0.0 4.0 0.0 79.0 1.0 0.0 0.6724303554274734
38 44 44 0.0 0.0 1.0 0.0 27.0 0.0 0.0 0.6906758756783422
38 44 45 0.0 0.0 0.0 0.0 6.0 0.0 0.0 0.6979062811565303
38 45 36 0.0 0.0 0.0 0.0 1.0 0.0 0.0 0.0
38 45 37 0.0 0.0 0.0 0.0 5.0 0.0 0.0 0.6982543640897755
38 45 38 0.0 0.0 1.0 0.0 9.0 0.0 0.0 0.6965174129353233
38 45 39 0.0 0.0 4.0 0.0 118.0 2.0 0.0 0.6603773584905659
38 45 40 0.0 0.0 0.0 0.0 29.0 0.0 0.0 0.6899950714637751
38 45 41 0.0 0.0 3.0 0.0 70.0 1.0 0.0 0.6756756756756755
38 45 42 0.0 0.0 0.0 0.0 3.0 0.0 0.0 0.6989515726410384
38 45 43 0.0 0.0 0.0 0.0 2.0 0.0 0.0 0.6993006993006992
39 34 41 0.0 0.0 0.0 0.0 2.0 0.0 0.0 0.6993006993006992
39 35 35 0.0 0.0 0.0 0.0 4.0 0.0 0.0 0.6989515726410384
39 35 36 0.0 0.0 0.0 0.0 8.0 0.0 0.0 0.6975585450921773
39 35 37 0.0 0.0 0.0 0.0 13.0 0.0 0.0 0.695479384003974
39 35 38 0.0 0.0 0.0 0.0 33.0 0.0 0.0 0.6886374815543531
39 35 39 0.0 0.0 19.0 0.0 556.0 5.0 3.0 0.5447470817120622
39 35 40 0.0 0.0 1.0 0.0 76.0 0.0 0.0 0.6743737957610789
39 35 41 0.0 0.0 25.0 0.0 742.0 3.0 0.0 0.5066956207021354
39 35 42 0.0 0.0 0.0 0.0 7.0 0.0 0.0 0.6975585450921773
39 36 35 0.0 0.0 2.0 0.0 86.0 3.0 0.0 0.6714628297362109
39 36 36 0.0 0.0 98.0 0.0 2228.0 11.0 27.0 0.3243744207599629
39 36 37 0.0 0.0 46.0 0.0 1247.0 12.0 9.0 0.42682926829268286
39 36 38 0.0 0.0 186.0 0.0 3972.0 15.0 128.0 0.22790167670519285
39 36 39 0.0 0.0 133.0 0.0 3949.0 10.0 143.0 0.23049061573921628
39 36 40 0.0 0.0 441.0 0.0 9139.0 16.0 1887.0 0.12093987560469938
39 36 41 0.0 0.0 162.0 0.0 3867.0 22.0 156.0 0.23302263648468707
39 36 42 0.0 0.0 96.0 0.0 2505.0 18.0 53.0 0.30541012216404884
39 36 43 0.0 0.0 1.0 0.0 80.0 0.0 0.0 0.6727534839019701
39 36 44 0.0 0.0 0.0 0.0 46.0 0.0 0.0 0.6842619745845552
39 37 34 0.0 0.0 0.0 0.0 2.0 0.0 0.0 0.6993006993006992
39 37 35 0.0 0.0 48.0 0.0 1043.0 10.0 4.0 0.454397922752353
39 37 36 0.0 0.0 284.0 0.0 6340.0 16.0 521.0 0.162526120269329
39 37 37 0.0 0.0 484.0 0.0 9697.0 26.0 2357.0 0.11502752444334892
39 37 38 0.0 0.0 574.0 0.0 10765.0 23.0 3186.0 0.10501837821618783
39 37 39 0.0 0.0 599.0 0.0 10824.0 19.0 3381.0 0.10432968179447051
39 37 40 0.0 0.0 1108.0 0.0 13324.0 35.0 10671.0 0.0852307317667113
39 37 41 0.0 0.0 970.0 0.0 12786.0 45.0 8876.0 0.08900756564307966
39 37 42 0.0 0.0 344.0 0.0 7269.0 17.0 735.0 0.14586372160866845
39 37 43 0.0 0.0 416.0 0.0 8325.0 31.0 1255.0 0.13057265435553067
39 37 44 0.0 0.0 45.0 0.0 872.0 9.0 1.0 0.4814305364511691
39 37 45 0.0 0.0 0.0 0.0 16.0 0.0 0.0 0.6944444444444444
39 38 34 0.0 0.0 0.0 0.0 8.0 0.0 0.0 0.697211155378486
39 38 35 0.0 0.0 139.0 0.0 3177.0 19.0 62.0 0.26430054747970544
39 38 36 0.0 0.0 387.0 0.0 8126.0 18.0 1129.0 0.1333079413445058
39 38 37 0.0 0.0 727.0 0.0 11978.0 24.0 6605.0 0.09523809523809523
39 38 38 0.0 0.0 1072.0 0.0 13360.0 31.0 11057.0 0.08520479581279289
39 38 39 0.0 0.0 1161.0 0.0 13308.0 33.0 12552.0 0.08504951096531194
39 38 40 0.0 0.0 1872.0 1.0 13017.0 34.0 28072.0 0.08280104092737164
39 38 41 0.0 0.0 918.0 0.0 12968.0 30.0 7624.0 0.0881112719491472
39 38 42 0.0 0.0 1052.0 0.0 13090.0 30.0 10035.0 0.08670878236095626
39 38 43 0.0 0.0 355.0 0.0 7820.0 20.0 1054.0 0.1378224059854302
39 38 44 0.0 0.0 302.0 0.0 6443.0 18.0 538.0 0.16038492381716116
39 38 45 0.0 0.0 0.0 0.0 40.0 1.0 0.0 0.6866110838646394
39 38 46 0.0 0.0 0.0 0.0 1.0 0.0 0.0 0.6996501749125437
39 39 34 0.0 0.0 0.0 0.0 14.0 0.0 0.0 0.6951340615690167
39 39 35 0.0 0.0 129.0 0.0 3092.0 22.0 65.0 0.2692307692307692
39 39 36 0.0 0.0 579.0 0.0 10369.0 12.0 2789.0 0.10808306955917546
39 39 37 0.0 0.0 784.0 0.0 12185.0 22.0 5631.0 0.09350788137857333
39 39 38 0.0 0.0 1484.0 0.0 13405.0 39.0 20529.0 0.08288437629506837
39 39 39 2.0 1.0 2169.0 18.0 11700.0 54.0 39324.0 0.08807247106190234
39 39 40 0.0 4.0 2453.0 34.0 12397.0 76.0 38739.0 0.08295313148071339
39 39 41 0.0 3.0 2425.0 24.0 11276.0 54.0 45468.0 0.08904153151434203
39 39 42 1.0 0.0 1120.0 4.0 13611.0 40.0 10262.0 0.08370202080593088
39 39 43 0.0 0.0 508.0 0.0 9580.0 25.0 2062.0 0.1159324279562769
39 39 44 0.0 0.0 148.0 0.0 3571.0 23.0 127.0 0.2458296751536435
39 39 45 0.0 0.0 1.0 0.0 53.0 0.0 0.0 0.6819288845591815
39 39 46 0.0 0.0 0.0 0.0 1.0 0.0 0.0 0.6996501749125437
39 40 34 0.0 0.0 1.0 0.0 17.0 1.0 0.0 0.694100148735746
39 40 35 0.0 0.0 51.0 0.0 1039.0 13.0 6.0 0.4549886252843678
39 40 36 0.0 0.0 468.0 0.0 9317.0 21.0 1757.0 0.11894647408666098
39 40 37 0.0 0.0 1018.0 0.0 13245.0 31.0 9380.0 0.0860479409956976
39 40 38 0.0 1.0 1575.0 11.0 13316.0 46.0 21419.0 0.08285004142502071
39 40 39 0.0 0.0 2417.0 5.0 12107.0 54.0 41044.0 0.0846177092777274
39 40 40 0.0 9.0 2937.0 50.0 9371.0 55.0 67654.0 0.0973709834469328
39 40 41 0.0 10.0 2187.0 99.0 13096.0 60.0 31079.0 0.08058481551833303
39 40 42 0.0 7.0 903.0 99.0 12837.0 26.0 8095.0 0.08836710219024174
39 40 43 0.0 0.0 821.0 0.0 12429.0 25.0 7400.0 0.09183941222776174
39 40 44 0.0 0.0 400.0 0.0 8477.0 19.0 1485.0 0.12883040397533815
39 40 45 0.0 0.0 2.0 0.0 90.0 1.0 0.0 0.669536107125777
39 41 34 0.0 0.0 0.0 0.0 1.0 0.0 0.0 0.6996501749125437
39 41 35 0.0 0.0 29.0 0.0 652.0 7.0 3.0 0.5235602094240837
39 41 36 0.0 0.0 253.0 0.0 6209.0 22.0 499.0 0.16583747927031506
39 41 37 0.0 0.0 580.0 0.0 10913.0 17.0 3764.0 0.10381905821282905
39 41 38 0.0 0.0 660.0 2.0 11440.0 24.0 3975.0 0.09931191033553237
39 41 39 0.0 0.0 1803.0 23.0 13165.0 54.0 26829.0 0.08242566970856637
39 41 40 1.0 5.0 2516.0 40.0 11296.0 53.0 46515.0 0.08822788001008318
39 41 41 0.0 4.0 1943.0 54.0 13009.0 43.0 28698.0 0.08228034087569791
39 41 42 0.0 7.0 1256.0 67.0 13137.0 38.0 15665.0 0.08507535245503159
39 41 43 0.0 0.0 1068.0 1.0 13223.0 37.0 10635.0 0.08591592513040809
39 41 44 0.0 0.0 150.0 0.0 3841.0 20.0 133.0 0.23442732752846618
39 41 45 0.0 0.0 4.0 0.0 74.0 0.0 0.0 0.6740491092922483
39 41 46 0.0 0.0 0.0 0.0 1.0 0.0 0.0 0.6996501749125437
39 42 35 0.0 0.0 17.0 0.0 257.0 5.0 0.0 0.6172839506172839
39 42 36 0.0 0.0 97.0 0.0 1964.0 16.0 22.0 0.34610630407910997
39 42 37 0.0 0.0 800.0 0.0 12044.0 26.0 6161.0 0.0943078477601886
39 42 38 0.0 0.0 565.0 0.0 10520.0 31.0 2975.0 0.10717293117966775
39 42 39 0.0 11.0 810.0 102.0 12204.0 24.0 5009.0 0.09262322196493548
39 42 40 0.0 3.0 1354.0 62.0 13552.0 39.0 14991.0 0.08255203726634824
39 42 41 0.0 14.0 1421.0 112.0 13122.0 49.0 19391.0 0.08405884118883218
39 42 42 0.0 2.0 591.0 39.0 10682.0 22.0 3304.0 0.10529482551143199
39 42 43 0.0 0.0 740.0 0.0 11934.0 24.0 5539.0 0.09543285616905248
39 42 44 0.0 0.0 326.0 0.0 7243.0 16.0 846.0 0.14645883460613035
39 42 45 0.0 0.0 0.0 0.0 45.0 0.0 0.0 0.6845965770171147
39 43 35 0.0 0.0 0.0 0.0 4.0 0.0 0.0 0.6986027944111775
39 43 36 0.0 0.0 4.0 0.0 207.0 1.0 0.0 0.6334841628959276
39 43 37 0.0 0.0 528.0 0.0 9773.0 21.0 2215.0 0.11385816525699413
39 43 38 0.0 0.0 415.0 0.0 8514.0 19.0 1164.0 0.12826385707741636
39 43 39 0.0 0.0 682.0 2.0 11417.0 28.0 4389.0 0.09940357852882702
39 43 40 0.0 0.0 362.0 1.0 8338.0 23.0 1270.0 0.1309757694826457
39 43 41 0.0 0.0 546.0 0.0 10508.0 24.0 3226.0 0.10732904017172645
39 43 42 0.0 0.0 368.0 1.0 7615.0 18.0 912.0 0.1404212637913741
39 43 43 0.0 0.0 251.0 0.0 5248.0 23.0 277.0 0.18719080090921245
39 43 44 0.0 0.0 29.0 0.0 627.0 7.0 1.0 0.5287009063444108
39 43 45 0.0 0.0 0.0 0.0 41.0 0.0 0.0 0.6859382655560998
39 44 35 0.0 0.0 2.0 0.0 10.0 1.0 0.0 0.6961710591745399
39 44 36 0.0 0.0 2.0 0.0 60.0 0.0 0.0 0.6789524733268669
39 44 37 0.0 0.0 49.0 0.0 1010.0 11.0 3.0 0.4593175853018372
39 44 38 0.0 0.0 108.0 0.0 2934.0 14.0 60.0 0.27849612094688675
39 44 39 0.0 0.0 130.0 0.0 3338.0 19.0 69.0 0.25697503671071953
39 44 40 0.0 0.0 153.0 0.0 3235.0 17.0 81.0 0.26070763500931093
39 44 41 0.0 0.0 110.0 0.0 2849.0 11.0 62.0 0.2828854314002828
39 44 42 0.0 0.0 107.0 0.0 2400.0 12.0 35.0 0.31166518254674974
39 44 43 0.0 0.0 55.0 0.0 987.0 10.0 0.0 0.46189376443418
39 44 44 0.0 0.0 1.0 0.0 43.0 1.0 0.0 0.6852667645619186
39 44 45 0.0 0.0 0.0 0.0 6.0 0.0 0.0 0.6979062811565303
39 45 36 0.0 0.0 0.0 0.0 1.0 0.0 0.0 0.6996501749125437
39 45 37 0.0 0.0 0.0 0.0 5.0 0.0 0.0 0.6982543640897755
39 45 38 0.0 0.0 0.0 0.0 5.0 0.0 0.0 0.6982543640897755
39 45 39 0.0 0.0 0.0 0.0 12.0 0.0 0.0 0.6958250497017892
39 45 40 0.0 0.0 2.0 0.0 26.0 0.0 0.0 0.690335305719921
39 45 41 0.0 0.0 6.0 0.0 57.0 1.0 0.0 0.6789524733268669
39 45 42 0.0 0.0 0.0 0.0 4.0 0.0 0.0 0.6986027944111775
40 34 40 0.0 0.0 0.0 0.0 1.0 0.0 0.0 0.6996501749125437
40 34 41 0.0 0.0 0.0 0.0 2.0 0.0 0.0 0.6993006993006992
40 35 35 0.0 0.0 0.0 0.0 3.0 0.0 0.0 0.6989515726410384
40 35 36 0.0 0.0 0.0 0.0 17.0 0.0 0.0 0.694100148735746
40 35 37 0.0 0.0 1.0 0.0 23.0 1.0 0.0 0.6920415224913494
40 35 38 0.0 0.0 5.0 0.0 133.0 2.0 0.0 0.6554307116104868
40 35 39 0.0 0.0 9.0 0.0 253.0 6.0 0.0 0.6208425720620842
40 35 40 0.0 0.0 33.0 0.0 589.0 7.0 2.0 0.5353728489483747
40 35 41 0.0 0.0 0.0 0.0 44.0 0.0 0.0 0.684931506849315
40 35 42 0.0 0.0 0.0 0.0 11.0 0.0 0.0 0.6961710591745399
40 35 43 0.0 0.0 0.0 0.0 1.0 0.0 0.0 0.6996501749125437
40 36 35 0.0 0.0 4.0 0.0 121.0 0.0 0.0 0.6588235294117646
40 36 36 0.0 0.0 229.0 0.0 4899.0 23.0 220.0 0.1970443349753694
40 36 37 0.0 0.0 134.0 0.0 3341.0 11.0 79.0 0.2561756633119853
40 36 38 0.0 0.0 111.0 0.0 3204.0 22.0 84.0 0.26455026455026454
40 36 39 0.0 0.0 400.0 0.0 8594.0 16.0 1454.0 0.12744651797906234
40 36 40 0.0 0.0 106.0 0.0 3100.0 16.0 86.0 0.2698535080956052
40 36 41 0.0 0.0 266.0 0.0 5194.0 24.0 256.0 0.188197338351929
40 36 42 0.0 0.0 4.0 0.0 370.0 2.0 1.0 0.5902192242833051
40 36 43 0.0 0.0 10.0 0.0 491.0 4.0 0.0 0.5608974358974358
40 36 44 0.0 0.0 2.0 0.0 66.0 0.0 0.0 0.6769825918762088
40 37 34 0.0 0.0 0.0 0.0 4.0 0.0 0.0 0.6986027944111775
40 37 35 0.0 0.0 7.0 0.0 254.0 4.0 0.0 0.620292423571112
40 37 36 0.0 0.0 470.0 0.0 9147.0 19.0 1694.0 0.12063765618267985
40 37 37 0.0 0.0 229.0 0.0 6032.0 12.0 530.0 0.16973811833171676
40 37 38 0.0 0.0 676.0 0.0 11487.0 32.0 4016.0 0.09897490279250618
40 37 39 0.0 0.0 889.0 0.0 12728.0 25.0 6909.0 0.08964589870013445
40 37 40 0.0 0.0 769.0 0.0 11967.0 20.0 4698.0 0.09502477431616099
40 37 41 0.0 0.0 468.0 0.0 8938.0 8.0 1433.0 0.1227747084100675
40 37 42 0.0 0.0 422.0 1.0 8028.0 26.0 1011.0 0.13418959072174827
40 37 43 0.0 0.0 272.0 0.0 6300.0 14.0 487.0 0.16358962374386535
40 37 44 0.0 0.0 3.0 0.0 197.0 1.0 0.0 0.6366530241018644
40 37 45 0.0 0.0 8.0 0.0 71.0 3.0 0.0 0.6743737957610789
40 38 34 0.0 0.0 0.0 0.0 13.0 0.0 0.0 0.695479384003974
40 38 35 0.0 0.0 43.0 0.0 1343.0 11.0 7.0 0.41481481481481475
40 38 36 0.0 0.0 441.0 0.0 8470.0 21.0 1062.0 0.1284993116108306
40 38 37 0.0 0.0 1126.0 0.0 12950.0 44.0 14119.0 0.08709717556302102
40 38 38 0.0 0.0 1665.0 0.0 12505.0 44.0 27737.0 0.08654262224145391
40 38 39 0.0 0.0 1507.0 0.0 13672.0 42.0 19291.0 0.08149484836137143
40 38 40 0.0 0.0 1610.0 2.0 13862.0 37.0 19320.0 0.08010528122675516
40 38 41 0.0 0.0 1642.0 3.0 13506.0 38.0 21681.0 0.0816231343283582
40 38 42 0.0 0.0 1193.0 1.0 13557.0 30.0 12161.0 0.0835421888053467
40 38 43 0.0 0.0 495.0 0.0 9288.0 26.0 1748.0 0.11899702507437313
40 38 44 0.0 0.0 151.0 0.0 3471.0 16.0 100.0 0.24973242953977878
40 38 45 0.0 0.0 7.0 0.0 83.0 0.0 0.0 0.6698564593301434
40 38 46 0.0 0.0 0.0 0.0 1.0 0.0 0.0 0.6996501749125437
40 39 34 0.0 0.0 0.0 0.0 11.0 0.0 0.0 0.6961710591745399
40 39 35 0.0 0.0 258.0 0.0 5069.0 23.0 211.0 0.19159709867250577
40 39 36 0.0 0.0 484.0 0.0 9502.0 26.0 1797.0 0.11702750146284374
40 39 37 0.0 0.0 1067.0 0.0 13383.0 31.0 10929.0 0.08509603695599319
40 39 38 0.0 0.0 1733.0 0.0 13159.0 51.0 25446.0 0.0829138288421676
40 39 39 0.0 2.0 2379.0 19.0 11803.0 63.0 42895.0 0.08650519031141868
40 39 40 0.0 2.0 2375.0 10.0 12635.0 65.0 37566.0 0.08232872684504557
40 39 41 0.0 5.0 2380.0 51.0 12836.0 52.0 35812.0 0.08105135182076072
40 39 42 0.0 2.0 1811.0 5.0 12918.0 49.0 27067.0 0.08365200764818355
40 39 43 0.0 0.0 808.0 0.0 12103.0 35.0 4796.0 0.09397234528124579
40 39 44 0.0 0.0 303.0 0.0 6641.0 16.0 612.0 0.1567398119122257
40 39 45 0.0 0.0 85.0 0.0 1942.0 13.0 17.0 0.34877927254608865
40 39 46 0.0 0.0 0.0 0.0 1.0 0.0 0.0 0.6996501749125437
40 40 34 0.0 0.0 0.0 0.0 22.0 0.0 0.0 0.6927263730826323
40 40 35 0.0 0.0 156.0 0.0 3683.0 17.0 117.0 0.24046719340432837
40 40 36 0.0 0.0 636.0 0.0 11181.0 21.0 4132.0 0.10136113524471473
40 40 37 0.0 0.0 961.0 0.0 12907.0 32.0 10439.0 0.08823900163872431
40 40 38 0.0 0.0 1891.0 1.0 12630.0 58.0 30704.0 0.08476628723661903
40 40 39 0.0 18.0 2655.0 127.0 11659.0 55.0 46866.0 0.08501335924216662
40 40 40 7.0 80.0 2779.0 300.0 6712.0 61.0 92970.0 0.117755908823282
40 40 41 0.0 5.0 2874.0 43.0 9870.0 56.0 61949.0 0.09463295930782749
40 40 42 0.0 12.0 1687.0 124.0 13230.0 40.0 23689.0 0.08208736440926413
40 40 43 0.0 0.0 874.0 1.0 12695.0 29.0 7647.0 0.08998007584034963
40 40 44 0.0 0.0 127.0 0.0 3507.0 10.0 79.0 0.24880042651501685
40 40 45 0.0 0.0 34.0 0.0 738.0 6.0 0.0 0.5063291139240506
40 40 46 0.0 0.0 0.0 0.0 1.0 0.0 0.0 0.6996501749125437
40 41 34 0.0 0.0 0.0 0.0 6.0 0.0 0.0 0.6979062811565303
40 41 35 0.0 0.0 108.0 0.0 2134.0 13.0 27.0 0.33104752896665873
40 41 36 0.0 0.0 318.0 0.0 6990.0 19.0 671.0 0.15071590052750564
40 41 37 0.0 0.0 753.0 0.0 11896.0 25.0 6533.0 0.09556313993174059
40 41 38 0.0 0.0 1348.0 2.0 13832.0 52.0 15062.0 0.08156131663268278
40 41 39 0.0 3.0 2057.0 18.0 13350.0 53.0 28582.0 0.08028904054596546
40 41 40 0.0 26.0 2355.0 172.0 12186.0 51.0 38500.0 0.08359706216038693
40 41 41 0.0 593.0 1838.0 5267.0 9198.0 66.0 34300.0 0.07416432695873285
40 41 42 0.0 6.0 1623.0 74.0 12704.0 49.0 24921.0 0.08530863445250136
40 41 43 0.0 0.0 454.0 0.0 8840.0 23.0 1485.0 0.12416851441241684
40 41 44 0.0 0.0 370.0 0.0 8264.0 25.0 1227.0 0.13183915622940012
40 41 45 0.0 0.0 8.0 0.0 253.0 4.0 0.0 0.6205673758865247
40 42 34 0.0 0.0 0.0 0.0 1.0 0.0 0.0 0.6996501749125437
40 42 35 0.0 0.0 7.0 0.0 195.0 4.0 0.0 0.6369426751592355
40 42 36 0.0 0.0 83.0 0.0 2477.0 15.0 51.0 0.30809859154929575
40 42 37 0.0 0.0 319.0 0.0 6460.0 24.0 536.0 0.15987210231814544
40 42 38 0.0 0.0 1213.0 0.0 13120.0 38.0 14719.0 0.08570029382957883
40 42 39 0.0 2.0 1161.0 16.0 13584.0 34.0 11691.0 0.0835571471202626
40 42 40 0.0 3.0 1923.0 30.0 12970.0 54.0 28733.0 0.08276677505172922
40 42 41 0.0 10.0 1142.0 167.0 13413.0 42.0 11792.0 0.08371703641691082
40 42 42 0.0 3.0 663.0 130.0 11212.0 31.0 3538.0 0.10007863321180926
40 42 43 0.0 0.0 871.0 0.0 12581.0 27.0 8105.0 0.09063248527222113
40 42 44 0.0 0.0 299.0 0.0 6729.0 17.0 652.0 0.15536566418821438
40 42 45 0.0 0.0 1.0 0.0 67.0 0.0 0.0 0.6773101112723753
40 43 35 0.0 0.0 0.0 0.0 12.0 0.0 0.0 0.6958250497017892
40 43 36 0.0 0.0 187.0 0.0 4594.0 15.0 206.0 0.20682523267838673
40 43 37 0.0 0.0 187.0 0.0 3834.0 15.0 134.0 0.23306142833361077
40 43 38 0.0 0.0 720.0 0.0 11582.0 27.0 4196.0 0.09795689896445563
40 43 39 0.0 0.0 640.0 0.0 10808.0 24.0 2930.0 0.1042287075640262
40 43 40 0.0 0.0 473.0 8.0 9065.0 18.0 1712.0 0.12139079164137691
40 43 41 0.0 0.0 894.0 0.0 12709.0 30.0 7540.0 0.08977236293683871
40 43 42 0.0 0.0 510.0 0.0 9671.0 25.0 2073.0 0.11504642945188592
40 43 43 0.0 0.0 212.0 0.0 4818.0 22.0 242.0 0.19977168949771684
40 43 44 0.0 0.0 264.0 0.0 5696.0 15.0 331.0 0.17616710708443437
40 43 45 0.0 0.0 1.0 0.0 54.0 0.0 0.0 0.6812652068126519
40 44 35 0.0 0.0 0.0 0.0 11.0 0.0 0.0 0.6961710591745399
40 44 36 0.0 0.0 10.0 0.0 186.0 2.0 0.0 0.6381039197812214
40 44 37 0.0 0.0 1.0 0.0 133.0 0.0 0.0 0.6560449859418931
40 44 38 0.0 0.0 76.0 0.0 1762.0 6.0 16.0 0.36534446764091855
40 44 39 0.0 0.0 74.0 0.0 1836.0 11.0 16.0 0.3590664272890484
40 44 40 0.0 0.0 149.0 0.0 3857.0 18.0 118.0 0.2338009352037408
40 44 41 0.0 0.0 225.0 1.0 5501.0 10.0 352.0 0.1814176493456006
40 44 42 0.0 0.0 32.0 0.0 930.0 14.0 6.0 0.4748982360922659
40 44 43 0.0 0.0 16.0 0.0 426.0 4.0 0.0 0.5742411812961443
40 44 44 0.0 0.0 12.0 0.0 211.0 4.0 0.0 0.6311992786293958
40 44 45 0.0 0.0 4.0 0.0 87.0 1.0 0.0 0.6701771182383915
40 45 36 0.0 0.0 0.0 0.0 1.0 0.0 0.0 0.6996501749125437
40 45 37 0.0 0.0 0.0 0.0 2.0 0.0 0.0 0.6993006993006992
40 45 38 0.0 0.0 2.0 0.0 44.0 1.0 0.0 0.6845965770171147
40 45 39 0.0 0.0 0.0 0.0 6.0 0.0 0.0 0.6979062811565303
40 45 40 0.0 0.0 0.0 0.0 29.0 0.0 0.0 0.690335305719921
40 45 41 0.0 0.0 11.0 0.0 218.0 0.0 0.0 0.6280843427545983
40 45 42 0.0 0.0 3.0 0.0 91.0 1.0 0.0 0.6692160611854684
41 34 39 0.0 0.0 0.0 0.0 2.0 0.0 0.0 0.6993006993006992
41 34 40 0.0 0.0 0.0 0.0 2.0 0.0 0.0 0.6993006993006992
41 34 41 0.0 0.0 0.0 0.0 2.0 0.0 0.0 0.6993006993006992
41 35 35 0.0 0.0 0.0 0.0 5.0 0.0 0.0 0.6982543640897755
41 35 36 0.0 0.0 0.0 0.0 20.0 0.0 0.0 0.6930693069306929
41 35 37 0.0 0.0 4.0 0.0 65.0 1.0 0.0 0.6769825918762088
41 35 38 0.0 0.0 8.0 0.0 190.0 3.0 0.0 0.6378132118451024
41 35 39 0.0 0.0 2.0 0.0 112.0 1.0 0.0 0.6628787878787878
41 35 40 0.0 0.0 134.0 0.0 2822.0 17.0 51.0 0.28340080971659914
41 35 41 0.0 0.0 0.0 0.0 27.0 0.0 0.0 0.6906758756783422
41 35 42 0.0 0.0 0.0 0.0 10.0 0.0 0.0 0.6965174129353233
41 35 43 0.0 0.0 0.0 0.0 1.0 0.0 0.0 0.6996501749125437
41 35 44 0.0 0.0 0.0 0.0 2.0 0.0 0.0 0.6993006993006992
41 36 35 0.0 0.0 0.0 0.0 43.0 0.0 0.0 0.6852667645619186
41 36 36 0.0 0.0 58.0 0.0 1615.0 14.0 18.0 0.382618201694452
41 36 37 0.0 0.0 256.0 0.0 5807.0 30.0 404.0 0.17421602787456442
41 36 38 0.0 0.0 102.0 0.0 2545.0 17.0 47.0 0.3024411319939511
41 36 39 0.0 0.0 297.0 0.0 6233.0 18.0 482.0 0.16439643024894313
41 36 40 0.0 0.0 255.0 0.0 5550.0 17.0 355.0 0.17974065990499416
41 36 41 0.0 0.0 89.0 0.0 1982.0 11.0 18.0 0.34474267421817284
41 36 42 0.0 0.0 21.0 0.0 585.0 6.0 2.0 0.5384615384615384
41 36 43 0.0 0.0 110.0 0.0 2519.0 13.0 56.0 0.30316154179298394
41 36 44 0.0 0.0 0.0 0.0 16.0 0.0 0.0 0.6944444444444444
41 37 35 0.0 0.0 8.0 0.0 257.0 1.0 0.0 0.6183745583038868
41 37 36 0.0 0.0 352.0 0.0 8170.0 19.0 1368.0 0.13320647002854422
41 37 37 0.0 0.0 938.0 0.0 12824.0 24.0 9284.0 0.08882121558177895
41 37 38 0.0 0.0 740.0 0.0 11841.0 23.0 4667.0 0.09600219433587052
41 37 39 0.0 0.0 1141.0 0.0 12922.0 27.0 12740.0 0.08711885500933415
41 37 40 0.0 0.0 414.0 0.0 8896.0 14.0 1525.0 0.12383900928792568
41 37 41 0.0 0.0 718.0 1.0 11724.0 26.0 4051.0 0.09699321047526673
41 37 42 0.0 0.0 508.0 0.0 9948.0 23.0 2501.0 0.11247690206475455
41 37 43 0.0 0.0 231.0 0.0 5148.0 20.0 261.0 0.19016571583808747
41 37 44 0.0 0.0 49.0 0.0 827.0 13.0 1.0 0.4889975550122249
41 37 45 0.0 0.0 0.0 0.0 8.0 0.0 0.0 0.697211155378486
41 38 34 0.0 0.0 4.0 0.0 88.0 0.0 0.0 0.6692160611854684
41 38 35 0.0 0.0 32.0 0.0 713.0 10.0 1.0 0.5118829981718463
41 38 36 0.0 0.0 303.0 0.0 6680.0 23.0 584.0 0.15616285554935858
41 38 37 0.0 0.0 519.0 0.0 10222.0 20.0 2670.0 0.11001100110011
41 38 38 0.0 0.0 1394.0 0.0 12935.0 44.0 20041.0 0.08575278696557637
41 38 39 0.0 0.0 1116.0 0.0 13374.0 28.0 11996.0 0.08493599466116604
41 38 40 0.0 0.0 1100.0 1.0 13524.0 34.0 11583.0 0.08426628144938003
41 38 41 0.0 13.0 1180.0 203.0 13445.0 29.0 11555.0 0.08317984671142534
41 38 42 0.0 0.0 1138.0 2.0 13121.0 34.0 12170.0 0.08613794376422813
41 38 43 0.0 0.0 648.0 0.0 11063.0 28.0 3564.0 0.10223455527968453
41 38 44 0.0 0.0 93.0 0.0 2389.0 14.0 45.0 0.31333930170098473
41 38 45 0.0 0.0 2.0 0.0 57.0 1.0 0.0 0.6802721088435373
41 38 46 0.0 0.0 0.0 0.0 1.0 0.0 0.0 0.6996501749125437
41 39 34 0.0 0.0 0.0 0.0 9.0 0.0 0.0 0.6968641114982577
41 39 35 0.0 0.0 66.0 0.0 1735.0 5.0 22.0 0.3687121411640768
41 39 36 0.0 0.0 326.0 0.0 6966.0 23.0 685.0 0.15097595168769545
41 39 37 0.0 0.0 874.0 0.0 12676.0 35.0 6031.0 0.0900842931600283
41 39 38 0.0 0.0 1608.0 2.0 13358.0 39.0 21750.0 0.08248880509073768
41 39 39 0.0 0.0 2479.0 7.0 10605.0 62.0 51901.0 0.09272137227630968
41 39 40 0.0 4.0 2250.0 20.0 12555.0 41.0 36949.0 0.08312058421896336
41 39 41 0.0 0.0 2599.0 5.0 10641.0 53.0 51402.0 0.09179124049305007
41 39 42 0.0 0.0 1734.0 1.0 12996.0 51.0 25943.0 0.08374207441081469
41 39 43 0.0 0.0 886.0 0.0 12854.0 29.0 7732.0 0.08895101340618844
41 39 44 0.0 0.0 349.0 0.0 7651.0 16.0 1014.0 0.1401261135021519
41 39 45 0.0 0.0 22.0 0.0 358.0 6.0 0.0 0.5897219882055602
41 39 46 0.0 0.0 0.0 0.0 1.0 0.0 0.0 0.6996501749125437
41 40 34 0.0 0.0 6.0 0.0 41.0 2.0 0.0 0.6845965770171147
41 40 35 0.0 0.0 161.0 0.0 3616.0 25.0 86.0 0.24326672458731535
41 40 36 0.0 0.0 567.0 0.0 10805.0 28.0 3317.0 0.10482180293501046
41 40 37 0.0 0.0 1100.0 0.0 13235.0 36.0 11250.0 0.08574228319451248
41 40 38 0.0 0.0 1607.0 0.0 13477.0 44.0 21825.0 0.0819480215406228
41 40 39 0.0 0.0 2442.0 6.0 11757.0 55.0 42266.0 0.08633448445979279
41 40 40 0.0 3.0 2174.0 39.0 13059.0 41.0 32865.0 0.08097634333969575
41 40 41 0.0 5.0 2644.0 37.0 10110.0 74.0 58085.0 0.09483809781872374
41 40 42 0.0 2.0 1860.0 42.0 13109.0 41.0 27120.0 0.08229001351907364
41 40 43 0.0 0.0 587.0 0.0 10685.0 22.0 3173.0 0.10554089709762532
41 40 44 0.0 0.0 378.0 0.0 7759.0 20.0 962.0 0.13832625234660606
41 40 45 0.0 0.0 2.0 0.0 87.0 1.0 0.0 0.670819357930043
41 41 34 0.0 0.0 0.0 0.0 11.0 0.0 0.0 0.6961710591745399
41 41 35 0.0 0.0 130.0 0.0 3515.0 23.0 101.0 0.24906600249066
41 41 36 0.0 0.0 811.0 0.0 12255.0 28.0 5602.0 0.0929985385943935
41 41 37 0.0 0.0 1275.0 0.0 13226.0 34.0 15978.0 0.0848279205041202
41 41 38 0.0 0.0 1626.0 1.0 13054.0 49.0 23337.0 0.08396305625524768
41 41 39 0.0 8.0 2589.0 24.0 11175.0 72.0 48479.0 0.0886300329197265
41 41 40 0.0 9.0 2528.0 60.0 11102.0 51.0 47949.0 0.08923449550640576
41 41 41 0.0 15.0 2118.0 128.0 12471.0 47.0 33952.0 0.08358707982566123
41 41 42 0.0 1.0 1075.0 49.0 13432.0 32.0 9895.0 0.08455638098689376
41 41 43 0.0 0.0 737.0 1.0 11882.0 21.0 4637.0 0.09574613595951306
41 41 44 0.0 0.0 214.0 0.0 5000.0 17.0 251.0 0.19449847179772156
41 41 45 0.0 0.0 7.0 0.0 178.0 1.0 0.0 0.641025641025641
41 42 34 0.0 0.0 0.0 0.0 1.0 0.0 0.0 0.6996501749125437
41 42 35 0.0 0.0 96.0 0.0 2577.0 15.0 44.0 0.30055817947617
41 42 36 0.0 0.0 171.0 0.0 4138.0 26.0 164.0 0.22282349196243828
41 42 37 0.0 0.0 522.0 0.0 9810.0 30.0 2092.0 0.11371943790106406
41 42 38 0.0 0.0 589.0 0.0 10549.0 19.0 2748.0 0.10660169039823346
41 42 39 0.0 0.0 1103.0 2.0 13306.0 32.0 11130.0 0.08536064874093041
41 42 40 0.0 7.0 1450.0 72.0 13529.0 50.0 17517.0 0.08212588725288905
41 42 41 0.0 7.0 987.0 61.0 13084.0 29.0 9427.0 0.0868001736003472
41 42 42 0.0 3.0 1098.0 39.0 13222.0 34.0 11980.0 0.0855798031664527
41 42 43 0.0 0.0 838.0 2.0 12438.0 26.0 6276.0 0.09167103195390255
41 42 44 0.0 0.0 42.0 0.0 1238.0 10.0 9.0 0.4281345565749235
41 42 45 0.0 0.0 6.0 0.0 183.0 1.0 0.0 0.639853747714808
41 43 34 0.0 0.0 0.0 0.0 3.0 0.0 0.0 0.6989515726410384
41 43 35 0.0 0.0 13.0 0.0 549.0 5.0 1.0 0.5475166210402814
41 43 36 0.0 0.0 29.0 0.0 606.0 8.0 0.0 0.5329272934906736
41 43 37 0.0 0.0 360.0 0.0 7180.0 31.0 706.0 0.14704337779644994
41 43 38 0.0 0.0 315.0 0.0 6339.0 24.0 474.0 0.16218721037998146
41 43 39 0.0 0.0 454.0 0.0 9320.0 22.0 2072.0 0.11905774300535757
41 43 40 0.0 0.0 537.0 0.0 10334.0 23.0 2733.0 0.10890704006223258
41 43 41 0.0 0.0 524.0 0.0 10067.0 26.0 2198.0 0.1113143038880496
41 43 42 0.0 0.0 486.0 0.0 9542.0 20.0 1987.0 0.11648223645894
41 43 43 0.0 0.0 419.0 1.0 8445.0 33.0 1160.0 0.12918704438497736
41 43 44 0.0 0.0 196.0 0.0 4423.0 17.0 168.0 0.21205695243865494
41 43 45 0.0 0.0 0.0 0.0 14.0 0.0 0.0 0.6951340615690167
41 44 35 0.0 0.0 0.0 0.0 4.0 0.0 0.0 0.6986027944111775
41 44 36 0.0 0.0 0.0 0.0 15.0 0.0 0.0 0.694789081885856
41 44 37 0.0 0.0 8.0 0.0 291.0 2.0 0.0 0.6094906399651718
41 44 38 0.0 0.0 7.0 0.0 354.0 1.0 2.0 0.5932203389830507
41 44 39 0.0 0.0 52.0 0.0 1525.0 9.0 14.0 0.3922667413841412
41 44 40 0.0 0.0 179.0 0.0 3684.0 24.0 98.0 0.23980815347721815
41 44 41 0.0 0.0 29.0 0.0 885.0 8.0 4.0 0.4819277108433734
41 44 42 0.0 0.0 16.0 0.0 566.0 7.0 0.0 0.5436893203883495
41 44 43 0.0 0.0 51.0 0.0 1542.0 15.0 14.0 0.3911707180776753
41 44 44 0.0 0.0 0.0 0.0 30.0 0.0 0.0 0.6899950714637751
41 44 45 0.0 0.0 5.0 0.0 82.0 1.0 0.0 0.6711409395973154
41 45 38 0.0 0.0 0.0 0.0 1.0 0.0 0.0 0.6996501749125437
41 45 39 0.0 0.0 40.0 0.0 708.0 6.0 3.0 0.5105762217359591
41 45 40 0.0 0.0 1.0 0.0 30.0 0.0 0.0 0.6893156080748399
41 45 41 0.0 0.0 0.0 0.0 16.0 0.0 0.0 0.6944444444444444
41 45 42 0.0 0.0 0.0 0.0 7.0 0.0 0.0 0.6975585450921773
41 45 44 0.0 0.0 0.0 0.0 1.0 0.0 0.0 0.6996501749125437
42 34 39 0.0 0.0 5.0 0.0 43.0 1.0 0.0 0.6839276990718123
42 34 40 0.0 0.0 0.0 0.0 1.0 0.0 0.0 0.6996501749125437
42 35 35 0.0 0.0 0.0 0.0 1.0 0.0 0.0 0.6996501749125437
42 35 36 0.0 0.0 0.0 0.0 8.0 0.0 0.0 0.697211155378486
42 35 37 0.0 0.0 23.0 0.0 633.0 3.0 4.0 0.5277044854881267
42 35 38 0.0 0.0 12.0 0.0 298.0 5.0 0.0 0.6073752711496745
42 35 39 0.0 0.0 0.0 0.0 57.0 0.0 0.0 0.6806028196402526
42 35 40 0.0 0.0 0.0 0.0 29.0 0.0 0.0 0.6899950714637751
42 35 41 0.0 0.0 5.0 0.0 151.0 0.0 0.0 0.6493506493506492
42 35 42 0.0 0.0 0.0 0.0 5.0 0.0 0.0 0.6982543640897755
42 35 43 0.0 0.0 0.0 0.0 2.0 0.0 0.0 0.6993006993006992
42 36 35 0.0 0.0 1.0 0.0 44.0 0.0 0.0 0.6845965770171147
42 36 36 0.0 0.0 75.0 0.0 1749.0 14.0 23.0 0.36735764891104694
42 36 37 0.0 0.0 173.0 0.0 4348.0 16.0 162.0 0.21525215252152516
42 36 38 0.0 0.0 385.0 0.0 7550.0 32.0 841.0 0.14125718898193923
42 36 39 0.0 0.0 123.0 0.0 2882.0 13.0 49.0 0.28050490883590457
42 36 40 0.0 0.0 263.0 0.0 6612.0 17.0 674.0 0.15792442188381273
42 36 41 0.0 0.0 60.0 0.0 1385.0 16.0 7.0 0.40852057192880065
42 36 42 0.0 0.0 61.0 0.0 1935.0 13.0 35.0 0.35149384885764495
42 36 43 0.0 0.0 2.0 0.0 64.0 0.0 0.0 0.6779661016949151
42 36 44 0.0 0.0 1.0 0.0 23.0 0.0 0.0 0.6916996047430829
42 37 35 0.0 0.0 12.0 0.0 442.0 7.0 1.0 0.5721291377196566
42 37 36 0.0 0.0 174.0 0.0 3725.0 22.0 101.0 0.23817625042531468
42 37 37 0.0 0.0 432.0 0.0 8485.0 31.0 1383.0 0.1285465062895969
42 37 38 0.0 0.0 468.0 0.0 9672.0 21.0 2087.0 0.11542583889850769
42 37 39 0.0 0.0 823.0 0.0 12555.0 35.0 6742.0 0.09111617312072892
42 37 40 0.0 0.0 593.0 1.0 10826.0 19.0 3037.0 0.1043374571471158
42 37 41 0.0 0.0 565.0 0.0 10342.0 31.0 2802.0 0.10862818125387957
42 37 42 0.0 0.0 342.0 0.0 7063.0 20.0 702.0 0.14906303236797272
42 37 43 0.0 0.0 99.0 0.0 2448.0 13.0 43.0 0.3087100330760749
42 37 44 0.0 0.0 3.0 0.0 227.0 1.0 1.0 0.6280843427545983
42 37 45 0.0 0.0 0.0 0.0 15.0 0.0 0.0 0.694789081885856
42 37 46 0.0 0.0 0.0 0.0 1.0 0.0 0.0 0.6996501749125437
42 38 34 0.0 0.0 0.0 0.0 1.0 0.0 0.0 0.6996501749125437
42 38 35 0.0 0.0 43.0 0.0 963.0 6.0 7.0 0.46666666666666656
42 38 36 0.0 0.0 154.0 0.0 3423.0 16.0 106.0 0.25157232704402516
42 38 37 0.0 0.0 707.0 0.0 11373.0 23.0 3818.0 0.09952370796900546
42 38 38 0.0 0.0 1355.0 0.0 13048.0 41.0 18519.0 0.08533983541603168
42 38 39 0.0 0.0 1539.0 0.0 12662.0 43.0 24176.0 0.08634513383495744
42 38 40 0.0 0.0 1142.0 1.0 13473.0 38.0 12070.0 0.08434751174840342
42 38 41 0.0 0.0 1210.0 0.0 13784.0 31.0 11804.0 0.08233841086867023
42 38 42 0.0 0.0 746.0 0.0 11807.0 19.0 4593.0 0.09620670698185815
42 38 43 0.0 0.0 738.0 0.0 11652.0 29.0 4762.0 0.09733036707452723
42 38 44 0.0 0.0 214.0 0.0 4987.0 20.0 272.0 0.19498607242339833
42 38 45 0.0 0.0 125.0 0.0 2471.0 21.0 45.0 0.3059440559440559
42 38 46 0.0 0.0 0.0 0.0 3.0 0.0 0.0 0.6989515726410384
42 39 34 0.0 0.0 0.0 0.0 11.0 0.0 0.0 0.6961710591745399
42 39 35 0.0 0.0 189.0 0.0 4004.0 11.0 118.0 0.22646392753154312
42 39 36 0.0 0.0 429.0 0.0 8156.0 30.0 993.0 0.13257575757575757
42 39 37 0.0 0.0 802.0 0.0 12399.0 20.0 7219.0 0.0921113231133627
42 39 38 0.0 0.0 1187.0 0.0 13651.0 42.0 11410.0 0.08316996376165864
42 39 39 0.0 0.0 1390.0 1.0 13367.0 44.0 17258.0 0.08362202843148965
42 39 40 0.0 2.0 1399.0 22.0 13862.0 34.0 15575.0 0.0809482509395779
42 39 41 0.0 0.0 1449.0 0.0 13427.0 37.0 19034.0 0.08297771455666192
42 39 42 0.0 0.0 1456.0 0.0 12579.0 43.0 23262.0 0.08728179551122194
42 39 43 0.0 0.0 1157.0 0.0 13383.0 34.0 12202.0 0.08465352521465715
42 39 44 0.0 0.0 241.0 0.0 5706.0 12.0 396.0 0.1764112903225806
42 39 45 0.0 0.0 3.0 0.0 114.0 1.0 0.0 0.661625708884688
42 40 34 0.0 0.0 3.0 0.0 31.0 1.0 0.0 0.6886374815543531
42 40 35 0.0 0.0 64.0 0.0 1455.0 8.0 10.0 0.398633257403189
42 40 36 0.0 0.0 314.0 0.0 6565.0 19.0 531.0 0.15794223826714798
42 40 37 0.0 0.0 875.0 0.0 12546.0 32.0 7133.0 0.09083830781209445
42 40 38 0.0 0.0 1964.0 0.0 12542.0 49.0 32337.0 0.08486391465114869
42 40 39 0.0 0.0 1952.0 1.0 12650.0 50.0 30704.0 0.08430687703239792
42 40 40 0.0 0.0 2068.0 0.0 12070.0 51.0 35964.0 0.08677327383165984
42 40 41 0.0 0.0 1655.0 2.0 13597.0 38.0 21008.0 0.08112179858616293
42 40 42 0.0 2.0 1497.0 11.0 13626.0 41.0 18347.0 0.08167075020417687
42 40 43 0.0 0.0 725.0 1.0 11941.0 24.0 5309.0 0.09555661729574771
42 40 44 0.0 0.0 252.0 0.0 5752.0 20.0 360.0 0.1753067868770348
42 40 45 0.0 0.0 10.0 0.0 245.0 3.0 0.0 0.6216696269982237
42 41 34 0.0 0.0 0.0 0.0 3.0 0.0 0.0 0.6989515726410384
42 41 35 0.0 0.0 0.0 0.0 148.0 1.0 0.0 0.6523765144454798
42 41 36 0.0 0.0 372.0 0.0 7908.0 15.0 1042.0 0.13633265167007494
42 41 37 0.0 0.0 628.0 0.0 11116.0 16.0 3632.0 0.1018848700967906
42 41 38 0.0 0.0 912.0 0.0 12931.0 34.0 7703.0 0.0884061631725183
42 41 39 0.0 0.0 1552.0 0.0 13371.0 42.0 20893.0 0.08270809948602822
42 41 40 0.0 0.0 1430.0 1.0 14169.0 36.0 15322.0 0.07954545454545453
42 41 41 0.0 0.0 1894.0 1.0 12371.0 55.0 31422.0 0.08611674970781817
42 41 42 0.0 0.0 1208.0 0.0 13132.0 40.0 14744.0 0.08571078731480347
42 41 43 0.0 0.0 453.0 1.0 9113.0 24.0 1788.0 0.12120162756471299
42 41 44 0.0 0.0 166.0 0.0 4209.0 24.0 183.0 0.22036832992287106
42 41 45 0.0 0.0 1.0 0.0 47.0 1.0 0.0 0.6839276990718123
42 42 34 0.0 0.0 0.0 0.0 4.0 0.0 0.0 0.6986027944111775
42 42 35 0.0 0.0 45.0 0.0 882.0 12.0 4.0 0.4804392587508579
42 42 36 0.0 0.0 322.0 0.0 7064.0 20.0 772.0 0.1492855619535082
42 42 37 0.0 0.0 231.0 0.0 5381.0 19.0 316.0 0.1843560705820384
42 42 38 0.0 0.0 830.0 0.0 12369.0 34.0 7054.0 0.09220231822971549
42 42 39 0.0 0.0 1210.0 0.0 13481.0 38.0 13189.0 0.0839278220730172
42 42 40 0.0 0.0 1576.0 0.0 12982.0 39.0 23202.0 0.0845359579735523
42 42 41 0.0 0.0 1090.0 1.0 13070.0 32.0 12243.0 0.08663366336633661
42 42 42 0.0 0.0 952.0 1.0 12918.0 35.0 9702.0 0.08826125330979699
42 42 43 0.0 0.0 442.0 0.0 8761.0 30.0 1517.0 0.12516763522574875
42 42 44 0.0 0.0 115.0 0.0 2310.0 13.0 25.0 0.31724450487196915
42 42 45 0.0 0.0 3.0 0.0 37.0 1.0 0.0 0.6866110838646394
42 43 34 0.0 0.0 0.0 0.0 2.0 0.0 0.0 0.6993006993006992
42 43 35 0.0 0.0 0.0 0.0 18.0 0.0 0.0 0.6937561942517343
42 43 36 0.0 0.0 91.0 0.0 1950.0 15.0 26.0 0.3476533399553016
42 43 37 0.0 0.0 4.0 0.0 336.0 3.0 0.0 0.5993150684931505
42 43 38 0.0 0.0 132.0 0.0 3169.0 20.0 76.0 0.2651013065707252
42 43 39 0.0 0.0 732.0 0.0 11719.0 27.0 4451.0 0.09689922480620153
42 43 40 0.0 0.0 328.0 1.0 7931.0 15.0 1191.0 0.13659869255537122
42 43 41 0.0 0.0 628.0 0.0 11143.0 35.0 3439.0 0.10180337405468294
42 43 42 0.0 0.0 234.0 0.0 5168.0 18.0 266.0 0.18949648077964262
42 43 43 0.0 0.0 135.0 0.0 3416.0 24.0 104.0 0.25330197213678307
42 43 44 0.0 0.0 23.0 0.0 426.0 4.0 1.0 0.5728314238952537
42 43 45 0.0 0.0 0.0 0.0 4.0 0.0 0.0 0.6986027944111775
42 44 35 0.0 0.0 0.0 0.0 1.0 0.0 0.0 0.6996501749125437
42 44 36 0.0 0.0 0.0 0.0 11.0 0.0 0.0 0.6961710591745399
42 44 37 0.0 0.0 0.0 0.0 49.0 1.0 0.0 0.6839276990718123
42 44 38 0.0 0.0 11.0 0.0 506.0 3.0 1.0 0.5568814638027048
42 44 39 0.0 0.0 164.0 0.0 3663.0 25.0 106.0 0.2413377003964833
42 44 40 0.0 0.0 105.0 0.0 2418.0 17.0 40.0 0.31062791213667623
42 44 41 0.0 0.0 10.0 0.0 445.0 5.0 0.0 0.5716619028174764
42 44 42 0.0 0.0 99.0 0.0 2177.0 15.0 21.0 0.3286384976525821
42 44 43 0.0 0.0 70.0 0.0 1990.0 10.0 30.0 0.34567901234567894
42 44 44 0.0 0.0 2.0 0.0 58.0 1.0 0.0 0.6802721088435373
42 44 45 0.0 0.0 0.0 0.0 6.0 0.0 0.0 0.6979062811565303
42 45 38 0.0 0.0 0.0 0.0 4.0 0.0 0.0 0.6986027944111775
42 45 39 0.0 0.0 0.0 0.0 6.0 0.0 0.0 0.6979062811565303
42 45 40 0.0 0.0 0.0 0.0 21.0 0.0 0.0 0.6930693069306929
42 45 41 0.0 0.0 0.0 0.0 11.0 0.0 0.0 0.6961710591745399
42 45 42 0.0 0.0 0.0 0.0 3.0 0.0 0.0 0.6989515726410384
42 45 43 0.0 0.0 0.0 0.0 3.0 0.0 0.0 0.6989515726410384
42 45 44 0.0 0.0 0.0 0.0 2.0 0.0 0.0 0.6993006993006992
43 34 38 0.0 0.0 0.0 0.0 1.0 0.0 0.0 0.6996501749125437
43 35 35 0.0 0.0 0.0 0.0 1.0 0.0 0.0 0.6996501749125437
43 35 36 0.0 0.0 0.0 0.0 2.0 0.0 0.0 0.6993006993006992
43 35 37 0.0 0.0 1.0 0.0 17.0 0.0 0.0 0.6937561942517343
43 35 38 0.0 0.0 3.0 0.0 61.0 1.0 0.0 0.6786233640329616
43 35 39 0.0 0.0 1.0 0.0 81.0 0.0 0.0 0.6724303554274734
43 35 40 0.0 0.0 0.0 0.0 42.0 0.0 0.0 0.6856023506366307
43 35 41 0.0 0.0 1.0 0.0 14.0 0.0 0.0 0.694789081885856
43 35 43 0.0 0.0 0.0 0.0 5.0 0.0 0.0 0.6982543640897755
43 36 35 0.0 0.0 0.0 0.0 2.0 0.0 0.0 0.6993006993006992
43 36 36 0.0 0.0 2.0 0.0 54.0 1.0 0.0 0.6812652068126519
43 36 37 0.0 0.0 6.0 0.0 313.0 2.0 1.0 0.6039689387402932
43 36 38 0.0 0.0 146.0 0.0 3500.0 20.0 98.0 0.24871202700302006
43 36 39 0.0 0.0 268.0 0.0 5533.0 22.0 321.0 0.1799485861182519
43 36 40 0.0 0.0 95.0 0.0 2291.0 16.0 34.0 0.32043945983062483
43 36 41 0.0 0.0 90.0 0.0 2059.0 13.0 24.0 0.3384912959381044
43 36 42 0.0 0.0 78.0 0.0 1949.0 14.0 21.0 0.34886618489907795
43 36 43 0.0 0.0 1.0 0.0 43.0 0.0 0.0 0.684931506849315
43 36 44 0.0 0.0 0.0 0.0 6.0 0.0 0.0 0.6979062811565303
43 37 35 0.0 0.0 0.0 0.0 6.0 0.0 0.0 0.6979062811565303
43 37 36 0.0 0.0 10.0 0.0 238.0 5.0 0.0 0.6241640659830583
43 37 37 0.0 0.0 230.0 0.0 4885.0 23.0 250.0 0.19737769632031577
43 37 38 0.0 0.0 779.0 0.0 11989.0 34.0 5249.0 0.09492812584757254
43 37 39 0.0 0.0 465.0 0.0 9109.0 17.0 1732.0 0.12103397596611047
43 37 40 0.0 0.0 344.0 0.0 7971.0 22.0 1097.0 0.13593552772113796
43 37 41 0.0 0.0 417.0 0.0 8419.0 25.0 1222.0 0.12943786982248517
43 37 42 0.0 0.0 173.0 0.0 4324.0 11.0 152.0 0.2158162478803761
43 37 43 0.0 0.0 185.0 0.0 3794.0 20.0 107.0 0.23489932885906034
43 37 44 0.0 0.0 8.0 0.0 225.0 1.0 0.0 0.6272401433691756
43 37 45 0.0 0.0 0.0 0.0 18.0 0.0 0.0 0.6937561942517343
43 38 34 0.0 0.0 0.0 0.0 2.0 0.0 0.0 0.6993006993006992
43 38 35 0.0 0.0 5.0 0.0 56.0 2.0 1.0 0.6799417192812044
43 38 36 0.0 0.0 127.0 0.0 3144.0 19.0 57.0 0.2666158826890116
43 38 37 0.0 0.0 370.0 0.0 8480.0 20.0 1482.0 0.1291512915129151
43 38 38 0.0 0.0 667.0 0.0 11627.0 22.0 5048.0 0.09796375341123784
43 38 39 0.0 0.0 909.0 0.0 12776.0 17.0 7618.0 0.08921743563599285
43 38 40 0.0 0.0 612.0 0.0 10967.0 27.0 3330.0 0.10316875460574797
43 38 41 0.0 0.0 715.0 0.0 11710.0 29.0 4878.0 0.09718172983479104
43 38 42 0.0 0.0 884.0 0.0 12473.0 34.0 7893.0 0.09124087591240874
43 38 43 0.0 0.0 335.0 0.0 7431.0 18.0 882.0 0.1434279274664481
43 38 44 0.0 0.0 219.0 0.0 4918.0 25.0 264.0 0.1968227189652748
43 38 45 0.0 0.0 1.0 0.0 48.0 0.0 0.0 0.6832601268911663
43 39 34 0.0 0.0 0.0 0.0 2.0 0.0 0.0 0.6993006993006992
43 39 35 0.0 0.0 0.0 0.0 44.0 1.0 0.0 0.6856023506366307
43 39 36 0.0 0.0 303.0 0.0 6493.0 18.0 557.0 0.15939883866560398
43 39 37 0.0 0.0 504.0 0.0 9695.0 27.0 2061.0 0.11497084667816374
43 39 38 0.0 0.0 647.0 0.0 11228.0 17.0 3622.0 0.1009009009009009
43 39 39 0.0 0.0 919.0 0.0 12797.0 25.0 8358.0 0.08906418983395889
43 39 40 0.0 0.0 1230.0 1.0 13335.0 32.0 14041.0 0.08452064718666988
43 39 41 0.0 0.0 854.0 0.0 12683.0 26.0 6582.0 0.09011908593498551
43 39 42 0.0 0.0 749.0 0.0 11904.0 27.0 5236.0 0.0955892393827666
43 39 43 0.0 0.0 391.0 0.0 8688.0 19.0 1519.0 0.1265250790781744
43 39 44 0.0 0.0 94.0 0.0 2630.0 21.0 38.0 0.2978089768134439
43 39 45 0.0 0.0 3.0 0.0 47.0 1.0 0.0 0.6832601268911663
43 39 46 0.0 0.0 0.0 0.0 1.0 0.0 0.0 0.6996501749125437
43 40 34 0.0 0.0 0.0 0.0 2.0 0.0 0.0 0.6993006993006992
43 40 35 0.0 0.0 1.0 0.0 42.0 1.0 0.0 0.6856023506366307
43 40 36 0.0 0.0 248.0 0.0 5789.0 12.0 435.0 0.17436791630340018
43 40 37 0.0 0.0 759.0 0.0 11978.0 32.0 5028.0 0.0950570342205323
43 40 38 0.0 0.0 833.0 0.0 12299.0 27.0 6231.0 0.09255586407510247
43 40 39 0.0 0.0 883.0 0.0 12656.0 29.0 7782.0 0.09013649240278135
43 40 40 0.0 0.0 888.0 0.0 12567.0 26.0 8001.0 0.09060315816722753
43 40 41 0.0 0.0 922.0 0.0 12838.0 27.0 7120.0 0.08889453298622134
43 40 42 0.0 0.0 693.0 0.0 11563.0 31.0 4754.0 0.09833532345297463
43 40 43 0.0 0.0 934.0 0.0 12476.0 30.0 8888.0 0.09089138479516977
43 40 44 0.0 0.0 296.0 0.0 5822.0 21.0 352.0 0.17288219313410716
43 40 45 0.0 0.0 0.0 0.0 39.0 0.0 0.0 0.6866110838646394
43 41 34 0.0 0.0 0.0 0.0 1.0 0.0 0.0 0.6996501749125437
43 41 35 0.0 0.0 0.0 0.0 59.0 1.0 0.0 0.6802721088435373
43 41 36 0.0 0.0 74.0 0.0 1769.0 23.0 16.0 0.3664921465968586
43 41 37 0.0 0.0 250.0 0.0 6252.0 20.0 546.0 0.165016501650165
43 41 38 0.0 0.0 581.0 0.0 10505.0 27.0 2863.0 0.10709914320685435
43 41 39 0.0 0.0 1033.0 0.0 13114.0 40.0 10004.0 0.08677327383165984
43 41 40 0.0 0.0 922.0 0.0 12875.0 35.0 9413.0 0.08868055995439285
43 41 41 0.0 0.0 936.0 0.0 12906.0 31.0 8607.0 0.08835594824865887
43 41 42 0.0 0.0 577.0 0.0 10628.0 31.0 3308.0 0.10617321401486424
43 41 43 0.0 0.0 382.0 0.0 8070.0 28.0 1128.0 0.13421531972006515
43 41 44 0.0 0.0 8.0 0.0 495.0 1.0 1.0 0.5597760895641744
43 41 45 0.0 0.0 0.0 0.0 4.0 0.0 0.0 0.6986027944111775
43 42 35 0.0 0.0 1.0 0.0 36.0 0.0 0.0 0.6872852233676975
43 42 36 0.0 0.0 4.0 0.0 179.0 3.0 0.0 0.6422018348623851
43 42 37 0.0 0.0 144.0 0.0 3754.0 15.0 128.0 0.23781212841854932
43 42 38 0.0 0.0 521.0 0.0 10050.0 25.0 2653.0 0.11145609426001113
43 42 39 0.0 0.0 412.0 0.0 8647.0 22.0 1494.0 0.12681159420289853
43 42 40 0.0 0.0 768.0 0.0 12169.0 24.0 5818.0 0.09378977691431634
43 42 41 0.0 0.0 526.0 0.0 9780.0 21.0 2028.0 0.11385816525699413
43 42 42 0.0 0.0 421.0 0.0 8742.0 27.0 1422.0 0.12554927809165095
43 42 43 0.0 0.0 328.0 0.0 6950.0 18.0 649.0 0.15102481121898595
43 42 44 0.0 0.0 0.0 0.0 71.0 1.0 0.0 0.6766553890768486
43 42 45 0.0 0.0 0.0 0.0 3.0 0.0 0.0 0.6989515726410384
43 43 35 0.0 0.0 0.0 0.0 8.0 0.0 0.0 0.697211155378486
43 43 36 0.0 0.0 0.0 0.0 28.0 1.0 0.0 0.6906758756783422
43 43 37 0.0 0.0 55.0 0.0 1627.0 9.0 18.0 0.3811598148652327
43 43 38 0.0 0.0 240.0 0.0 5528.0 22.0 354.0 0.18069179143004646
43 43 39 0.0 0.0 451.0 0.0 8564.0 29.0 1321.0 0.12727272727272726
43 43 40 0.0 0.0 279.0 0.0 7006.0 18.0 774.0 0.15105740181268879
43 43 41 0.0 0.0 498.0 0.0 9549.0 21.0 1962.0 0.11630805017861592
43 43 42 0.0 0.0 368.0 0.0 7185.0 23.0 780.0 0.1468274777136864
43 43 43 0.0 0.0 199.0 0.0 4362.0 11.0 169.0 0.21367521367521367
43 43 44 0.0 0.0 0.0 0.0 26.0 0.0 0.0 0.6910167818361302
43 43 45 0.0 0.0 0.0 0.0 1.0 0.0 0.0 0.6996501749125437
43 44 37 0.0 0.0 0.0 0.0 9.0 0.0 0.0 0.6968641114982577
43 44 38 0.0 0.0 31.0 0.0 704.0 8.0 1.0 0.5133846718005133
43 44 39 0.0 0.0 22.0 0.0 448.0 4.0 1.0 0.56772100567721
43 44 40 0.0 0.0 338.0 0.0 6758.0 35.0 615.0 0.15449128227764286
43 44 41 0.0 0.0 1.0 0.0 161.0 0.0 1.0 0.6475485661424606
43 44 42 0.0 0.0 36.0 0.0 730.0 8.0 1.0 0.5077983315197678
43 44 43 0.0 0.0 0.0 0.0 23.0 0.0 0.0 0.6920415224913494
43 44 44 0.0 0.0 0.0 0.0 4.0 0.0 0.0 0.6986027944111775
43 45 38 0.0 0.0 16.0 0.0 392.0 4.0 1.0 0.5823627287853577
43 45 39 0.0 0.0 2.0 0.0 36.0 2.0 0.0 0.6876227897838899
43 45 40 0.0 0.0 0.0 0.0 19.0 0.0 0.0 0.6934125804853887
43 45 41 0.0 0.0 0.0 0.0 6.0 0.0 0.0 0.6979062811565303
43 45 42 0.0 0.0 0.0 0.0 2.0 0.0 0.0 0.6993006993006992
43 45 43 0.0 0.0 0.0 0.0 1.0 0.0 0.0 0.6996501749125437
43 45 44 0.0 0.0 0.0 0.0 2.0 0.0 0.0 0.6993006993006992
44 35 37 0.0 0.0 0.0 0.0 4.0 0.0 0.0 0.6986027944111775
44 35 38 0.0 0.0 0.0 0.0 14.0 0.0 0.0 0.6951340615690167
44 35 39 0.0 0.0 1.0 0.0 59.0 1.0 0.0 0.6799417192812044
44 35 40 0.0 0.0 0.0 0.0 11.0 0.0 0.0 0.6961710591745399
44 35 41 0.0 0.0 0.0 0.0 3.0 0.0 0.0 0.6989515726410384
44 35 43 0.0 0.0 0.0 0.0 2.0 0.0 0.0 0.6993006993006992
44 36 36 0.0 0.0 0.0 0.0 1.0 0.0 0.0 0.6996501749125437
44 36 37 0.0 0.0 0.0 0.0 111.0 1.0 0.0 0.6635071090047392
44 36 38 0.0 0.0 197.0 0.0 4451.0 16.0 204.0 0.21103406692794693
44 36 39 0.0 0.0 270.0 0.0 5821.0 17.0 403.0 0.17331022530329285
44 36 40 0.0 0.0 138.0 0.0 3213.0 17.0 68.0 0.26241799437675717
44 36 41 0.0 0.0 0.0 0.0 35.0 0.0 0.0 0.6879606879606879
44 36 42 0.0 0.0 0.0 0.0 27.0 0.0 0.0 0.6906758756783422
44 36 43 0.0 0.0 0.0 0.0 3.0 0.0 0.0 0.6989515726410384
44 36 44 0.0 0.0 0.0 0.0 3.0 0.0 0.0 0.6989515726410384
44 37 36 0.0 0.0 47.0 0.0 1107.0 8.0 10.0 0.4450095359186268
44 37 37 0.0 0.0 31.0 0.0 843.0 10.0 2.0 0.48882681564245806
44 37 38 0.0 0.0 253.0 0.0 6008.0 20.0 483.0 0.16975870013338182
44 37 39 0.0 0.0 135.0 0.0 3359.0 17.0 87.0 0.2555210804891403
44 37 40 0.0 0.0 105.0 0.0 2429.0 18.0 35.0 0.310146211785556
44 37 41 0.0 0.0 192.0 0.0 4043.0 23.0 135.0 0.22540653678956687
44 37 42 0.0 0.0 23.0 0.0 578.0 6.0 0.0 0.5394990366088631
44 37 43 0.0 0.0 134.0 0.0 3082.0 14.0 66.0 0.2691272587466359
44 37 44 0.0 0.0 0.0 0.0 10.0 0.0 0.0 0.6965174129353233
44 38 35 0.0 0.0 13.0 0.0 270.0 2.0 0.0 0.6137658921525645
44 38 36 0.0 0.0 2.0 0.0 121.0 2.0 0.0 0.66006600660066
44 38 37 0.0 0.0 79.0 0.0 2224.0 10.0 33.0 0.3261882572227399
44 38 38 0.0 0.0 81.0 0.0 2176.0 10.0 32.0 0.32979976442873965
44 38 39 0.0 0.0 281.0 0.0 6158.0 19.0 425.0 0.16617210682492578
44 38 40 0.0 0.0 816.0 0.0 12356.0 24.0 6815.0 0.09226308158692499
44 38 41 0.0 0.0 243.0 0.0 5376.0 16.0 310.0 0.18401682439537323
44 38 42 0.0 0.0 246.0 0.0 5308.0 21.0 296.0 0.1857256566728575
44 38 43 0.0 0.0 37.0 0.0 1025.0 4.0 5.0 0.4578155657292347
44 38 44 0.0 0.0 32.0 0.0 970.0 7.0 4.0 0.46744574290484137
44 38 45 0.0 0.0 0.0 0.0 10.0 0.0 0.0 0.6965174129353233
44 39 35 0.0 0.0 0.0 0.0 18.0 0.0 0.0 0.6937561942517343
44 39 36 0.0 0.0 77.0 0.0 2023.0 17.0 25.0 0.34280117531831533
44 39 37 0.0 0.0 303.0 0.0 6560.0 21.0 538.0 0.15828151498021478
44 39 38 0.0 0.0 186.0 0.0 4380.0 16.0 190.0 0.21377309512902729
44 39 39 0.0 0.0 470.0 0.0 8832.0 35.0 1453.0 0.12409147314305972
44 39 40 0.0 0.0 443.0 0.0 9233.0 23.0 1690.0 0.12006861063464834
44 39 41 0.0 0.0 291.0 0.0 6378.0 18.0 506.0 0.16177490177952392
44 39 42 0.0 0.0 480.0 0.0 8752.0 21.0 1390.0 0.12482168330955774
44 39 43 0.0 0.0 68.0 0.0 2186.0 9.0 42.0 0.32972209138012243
44 39 44 0.0 0.0 310.0 0.0 6268.0 13.0 458.0 0.16328434802892466
44 39 45 0.0 0.0 4.0 0.0 54.0 0.0 0.0 0.6802721088435373
44 40 35 0.0 0.0 0.0 0.0 23.0 0.0 0.0 0.6920415224913494
44 40 36 0.0 0.0 121.0 0.0 3003.0 20.0 75.0 0.2742409402546523
44 40 37 0.0 0.0 145.0 0.0 3857.0 10.0 133.0 0.2336448598130841
44 40 38 0.0 0.0 216.0 0.0 4803.0 23.0 210.0 0.20008575103615833
44 40 39 0.0 0.0 398.0 0.0 7727.0 32.0 885.0 0.13862758688979104
44 40 40 0.0 0.0 693.0 0.0 11750.0 27.0 5220.0 0.09698649116730168
44 40 41 0.0 0.0 179.0 0.0 4444.0 15.0 200.0 0.21192854980320916
44 40 42 0.0 0.0 276.0 0.0 6341.0 16.0 584.0 0.16275284817484303
44 40 43 0.0 0.0 194.0 0.0 4391.0 16.0 158.0 0.2131222408281321
44 40 44 0.0 0.0 12.0 0.0 395.0 3.0 0.0 0.5826050769870994
44 40 45 0.0 0.0 0.0 0.0 16.0 0.0 0.0 0.6944444444444444
44 41 35 0.0 0.0 0.0 0.0 12.0 0.0 0.0 0.6958250497017892
44 41 36 0.0 0.0 3.0 0.0 131.0 0.0 0.0 0.6560449859418931
44 41 37 0.0 0.0 118.0 0.0 2703.0 8.0 46.0 0.2908184461985874
44 41 38 0.0 0.0 151.0 0.0 3381.0 20.0 75.0 0.25399129172714074
44 41 39 0.0 0.0 428.0 0.0 8760.0 18.0 1398.0 0.12525722465777933
44 41 40 0.0 0.0 230.0 0.0 5223.0 14.0 283.0 0.18814675446848542
44 41 41 0.0 0.0 277.0 0.0 5809.0 21.0 379.0 0.1734605377276669
44 41 42 0.0 0.0 431.0 0.0 8193.0 32.0 1038.0 0.1321003963011889
44 41 43 0.0 0.0 245.0 0.0 5715.0 12.0 454.0 0.17601206939904446
44 41 44 0.0 0.0 21.0 0.0 489.0 5.0 0.0 0.5586592178770949
44 42 36 0.0 0.0 0.0 0.0 17.0 0.0 0.0 0.694100148735746
44 42 37 0.0 0.0 0.0 0.0 74.0 0.0 0.0 0.6753497346840327
44 42 38 0.0 0.0 179.0 0.0 4212.0 21.0 174.0 0.2197457228064668
44 42 39 0.0 0.0 559.0 0.0 10535.0 27.0 3191.0 0.10703363914373087
44 42 40 0.0 0.0 68.0 0.0 2183.0 7.0 36.0 0.32987747408105556
44 42 41 0.0 0.0 205.0 0.0 4243.0 19.0 132.0 0.21772939346811818
44 42 42 0.0 0.0 56.0 0.0 1271.0 13.0 11.0 0.4227053140096617
44 42 43 0.0 0.0 28.0 0.0 623.0 9.0 1.0 0.5299015897047691
44 42 44 0.0 0.0 0.0 0.0 26.0 0.0 0.0 0.6910167818361302
44 43 36 0.0 0.0 1.0 0.0 10.0 0.0 0.0 0.6961710591745399
44 43 37 0.0 0.0 2.0 0.0 92.0 0.0 0.0 0.668896321070234
44 43 38 0.0 0.0 6.0 0.0 249.0 1.0 0.0 0.6211180124223601
44 43 39 0.0 0.0 151.0 0.0 3415.0 15.0 100.0 0.2522068095838587
44 43 40 0.0 0.0 33.0 0.0 748.0 9.0 2.0 0.505050505050505
44 43 41 0.0 0.0 4.0 0.0 253.0 1.0 1.0 0.6205673758865247
44 43 42 0.0 0.0 2.0 0.0 132.0 0.0 0.0 0.6563525550867322
44 43 43 0.0 0.0 18.0 0.0 321.0 5.0 1.0 0.5998286203941731
44 43 44 0.0 0.0 0.0 0.0 19.0 0.0 0.0 0.6934125804853887
44 44 37 0.0 0.0 2.0 0.0 57.0 1.0 0.0 0.6802721088435373
44 44 38 0.0 0.0 26.0 0.0 540.0 9.0 1.0 0.5475166210402814
44 44 39 0.0 0.0 0.0 0.0 38.0 0.0 0.0 0.6869479882237487
44 44 40 0.0 0.0 0.0 0.0 73.0 0.0 0.0 0.6753497346840327
44 44 41 0.0 0.0 7.0 0.0 159.0 3.0 0.0 0.6472491909385112
44 44 42 0.0 0.0 15.0 0.0 263.0 3.0 0.0 0.6153846153846153
44 44 43 0.0 0.0 0.0 0.0 5.0 0.0 0.0 0.6982543640897755
44 44 44 0.0 0.0 0.0 0.0 2.0 0.0 0.0 0.6993006993006992
44 45 37 0.0 0.0 0.0 0.0 1.0 0.0 0.0 0.6996501749125437
44 45 38 0.0 0.0 0.0 0.0 1.0 0.0 0.0 0.6996501749125437
44 45 39 0.0 0.0 0.0 0.0 8.0 0.0 0.0 0.697211155378486
44 45 40 0.0 0.0 0.0 0.0 14.0 1.0 0.0 0.695479384003974
44 45 41 0.0 0.0 0.0 0.0 5.0 0.0 0.0 0.6982543640897755
45 35 37 0.0 0.0 0.0 0.0 4.0 0.0 0.0 0.6986027944111775
45 35 38 0.0 0.0 2.0 0.0 19.0 1.0 0.0 0.6934125804853887
45 35 39 0.0 0.0 0.0 0.0 14.0 0.0 0.0 0.6951340615690167
45 35 40 0.0 0.0 0.0 0.0 7.0 0.0 0.0 0.6975585450921773
45 36 37 0.0 0.0 0.0 0.0 12.0 0.0 0.0 0.6961710591745399
45 36 38 0.0 0.0 0.0 0.0 27.0 0.0 0.0 0.6906758756783422
45 36 39 0.0 0.0 28.0 0.0 569.0 11.0 2.0 0.5413766434648105
45 36 40 0.0 0.0 0.0 0.0 18.0 0.0 0.0 0.6937561942517343
45 36 41 0.0 0.0 1.0 0.0 27.0 0.0 0.0 0.690335305719921
45 36 42 0.0 0.0 0.0 0.0 2.0 0.0 0.0 0.6993006993006992
45 36 43 0.0 0.0 0.0 0.0 1.0 0.0 0.0 0.6996501749125437
45 36 44 0.0 0.0 0.0 0.0 3.0 0.0 0.0 0.6989515726410384
45 37 36 0.0 0.0 0.0 0.0 2.0 0.0 0.0 0.6993006993006992
45 37 37 0.0 0.0 0.0 0.0 19.0 0.0 0.0 0.6937561942517343
45 37 38 0.0 0.0 0.0 0.0 39.0 0.0 0.0 0.6869479882237487
45 37 39 0.0 0.0 174.0 0.0 4606.0 19.0 210.0 0.2069475240206947
45 37 40 0.0 0.0 227.0 0.0 4783.0 14.0 241.0 0.20005715918833952
45 37 41 0.0 0.0 100.0 0.0 2413.0 17.0 44.0 0.311318656882366
45 37 42 0.0 0.0 1.0 0.0 69.0 0.0 0.0 0.6766553890768486
45 37 43 0.0 0.0 0.0 0.0 17.0 0.0 0.0 0.694100148735746
45 37 44 0.0 0.0 0.0 0.0 2.0 0.0 0.0 0.6993006993006992
45 38 36 0.0 0.0 0.0 0.0 8.0 0.0 0.0 0.697211155378486
45 38 37 0.0 0.0 7.0 0.0 122.0 2.0 0.0 0.6582040432534085
45 38 38 0.0 0.0 56.0 0.0 999.0 9.0 2.0 0.45961917268548913
45 38 39 0.0 0.0 3.0 0.0 241.0 0.0 0.0 0.6241640659830583
45 38 40 0.0 0.0 93.0 0.0 2161.0 14.0 16.0 0.33018867924528295
45 38 41 0.0 0.0 426.0 0.0 8324.0 21.0 1252.0 0.1304266815725731
45 38 42 0.0 0.0 16.0 0.0 323.0 6.0 1.0 0.6000857265323617
45 38 43 0.0 0.0 5.0 0.0 111.0 2.0 0.0 0.662251655629139
45 38 44 0.0 0.0 0.0 0.0 11.0 0.0 0.0 0.6965174129353233
45 38 45 0.0 0.0 0.0 0.0 5.0 0.0 0.0 0.6982543640897755
45 39 35 0.0 0.0 0.0 0.0 1.0 0.0 0.0 0.6996501749125437
45 39 36 0.0 0.0 0.0 0.0 16.0 0.0 0.0 0.6944444444444444
45 39 37 0.0 0.0 10.0 0.0 169.0 1.0 0.0 0.6427915518824608
45 39 38 0.0 0.0 19.0 0.0 244.0 9.0 1.0 0.6211180124223601
45 39 39 0.0 0.0 33.0 0.0 732.0 8.0 0.0 0.5079825834542815
45 39 40 0.0 0.0 39.0 0.0 1010.0 8.0 4.0 0.4603748766853008
45 39 41 0.0 0.0 222.0 0.0 5006.0 22.0 266.0 0.1941478297046179
45 39 42 0.0 0.0 21.0 0.0 810.0 4.0 1.0 0.49522461973823834
45 39 43 0.0 0.0 0.0 0.0 54.0 0.0 0.0 0.6815968841285296
45 39 44 0.0 0.0 3.0 0.0 21.0 1.0 0.0 0.6920415224913494
45 39 45 0.0 0.0 0.0 0.0 10.0 0.0 0.0 0.6965174129353233
45 40 35 0.0 0.0 0.0 0.0 2.0 0.0 0.0 0.6993006993006992
45 40 36 0.0 0.0 0.0 0.0 10.0 0.0 0.0 0.6965174129353233
45 40 37 0.0 0.0 6.0 0.0 150.0 2.0 0.0 0.6502554575011611
45 40 38 0.0 0.0 6.0 0.0 198.0 1.0 1.0 0.6354970494779845
45 40 39 0.0 0.0 113.0 0.0 2786.0 13.0 64.0 0.2864157119476268
45 40 40 0.0 0.0 45.0 0.0 1338.0 8.0 7.0 0.41469194312796204
45 40 41 0.0 0.0 108.0 0.0 2501.0 22.0 56.0 0.30514385353095025
45 40 42 0.0 0.0 3.0 0.0 187.0 0.0 0.0 0.639269406392694
45 40 43 0.0 0.0 6.0 0.0 189.0 1.0 0.0 0.6381039197812214
45 40 44 0.0 0.0 0.0 0.0 10.0 0.0 0.0 0.6965174129353233
45 40 45 0.0 0.0 0.0 0.0 8.0 0.0 0.0 0.697211155378486
45 41 35 0.0 0.0 0.0 0.0 1.0 0.0 0.0 0.6996501749125437
45 41 36 0.0 0.0 0.0 0.0 7.0 0.0 0.0 0.6975585450921773
45 41 37 0.0 0.0 0.0 0.0 20.0 0.0 0.0 0.6930693069306929
45 41 38 0.0 0.0 29.0 0.0 752.0 6.0 6.0 0.5045045045045045
45 41 39 0.0 0.0 346.0 0.0 7381.0 16.0 859.0 0.14406256431364478
45 41 40 0.0 0.0 105.0 0.0 2295.0 10.0 37.0 0.3187613843351548
45 41 41 0.0 0.0 45.0 0.0 1147.0 14.0 6.0 0.4405286343612334
45 41 42 0.0 0.0 43.0 0.0 1188.0 6.0 10.0 0.4341085271317829
45 41 43 0.0 0.0 16.0 0.0 364.0 5.0 1.0 0.5894736842105263
45 41 44 0.0 0.0 0.0 0.0 5.0 0.0 0.0 0.6982543640897755
45 42 37 0.0 0.0 0.0 0.0 6.0 0.0 0.0 0.6979062811565303
45 42 38 0.0 0.0 48.0 0.0 1196.0 11.0 8.0 0.43303433343643666
45 42 39 0.0 0.0 15.0 0.0 362.0 6.0 4.0 0.5902192242833051
45 42 40 0.0 0.0 64.0 0.0 1494.0 12.0 8.0 0.3949224259520451
45 42 41 0.0 0.0 0.0 0.0 36.0 0.0 0.0 0.6876227897838899
45 42 42 0.0 0.0 16.0 0.0 469.0 4.0 0.0 0.5642885933091495
45 42 43 0.0 0.0 0.0 0.0 15.0 0.0 0.0 0.694789081885856
45 42 44 0.0 0.0 0.0 0.0 3.0 0.0 0.0 0.6989515726410384
45 43 37 0.0 0.0 0.0 0.0 5.0 0.0 0.0 0.6982543640897755
45 43 38 0.0 0.0 13.0 0.0 299.0 3.0 1.0 0.606585788561525
45 43 39 0.0 0.0 326.0 0.0 6409.0 21.0 489.0 0.16055045871559628
45 43 40 0.0 0.0 0.0 0.0 59.0 0.0 0.0 0.6799417192812044
45 43 41 0.0 0.0 1.0 0.0 11.0 0.0 0.0 0.6958250497017892
45 43 42 0.0 0.0 0.0 0.0 4.0 0.0 0.0 0.6986027944111775
45 43 43 0.0 0.0 0.0 0.0 1.0 0.0 0.0 0.6996501749125437
45 44 38 0.0 0.0 5.0 0.0 178.0 2.0 0.0 0.6419073819348922
45 44 39 0.0 0.0 0.0 0.0 14.0 0.0 0.0 0.6951340615690167
45 44 40 0.0 0.0 15.0 0.0 353.0 5.0 0.0 0.5924672027084215
45 44 41 0.0 0.0 0.0 0.0 1.0 0.0 0.0 0.6996501749125437
46 36 38 0.0 0.0 0.0 0.0 6.0 0.0 0.0 0.6979062811565303
46 36 39 0.0 0.0 0.0 0.0 4.0 0.0 0.0 0.6986027944111775
46 36 40 0.0 0.0 0.0 0.0 8.0 0.0 0.0 0.697211155378486
46 36 41 0.0 0.0 0.0 0.0 3.0 0.0 0.0 0.6989515726410384
46 37 38 0.0 0.0 5.0 0.0 40.0 2.0 0.0 0.6852667645619186
46 37 39 0.0 0.0 8.0 0.0 92.0 2.0 0.0 0.6673021925643469
46 37 40 0.0 0.0 44.0 0.0 1115.0 13.0 6.0 0.4450095359186268
46 37 41 0.0 0.0 13.0 0.0 422.0 4.0 1.0 0.5758946935417523
46 37 42 0.0 0.0 0.0 0.0 25.0 1.0 0.0 0.6916996047430829
46 38 38 0.0 0.0 0.0 0.0 1.0 0.0 0.0 0.6996501749125437
46 38 39 0.0 0.0 4.0 0.0 64.0 0.0 0.0 0.6769825918762088
46 38 40 0.0 0.0 0.0 0.0 38.0 0.0 0.0 0.6869479882237487
46 38 41 0.0 0.0 0.0 0.0 51.0 0.0 0.0 0.68259385665529
46 38 42 0.0 0.0 0.0 0.0 24.0 0.0 0.0 0.6916996047430829
46 39 40 0.0 0.0 0.0 0.0 18.0 0.0 0.0 0.694100148735746
46 39 41 0.0 0.0 1.0 0.0 35.0 0.0 0.0 0.6876227897838899
46 39 42 0.0 0.0 3.0 0.0 77.0 1.0 0.0 0.6734006734006733
46 40 38 0.0 0.0 0.0 0.0 13.0 0.0 0.0 0.695479384003974
46 40 39 0.0 0.0 0.0 0.0 12.0 0.0 0.0 0.6958250497017892
46 40 40 0.0 0.0 1.0 0.0 13.0 0.0 0.0 0.695479384003974
46 40 41 0.0 0.0 0.0 0.0 8.0 0.0 0.0 0.697211155378486
46 40 42 0.0 0.0 0.0 0.0 9.0 0.0 0.0 0.6968641114982577
46 41 37 0.0 0.0 3.0 0.0 16.0 0.0 0.0 0.6934125804853887
46 41 38 0.0 0.0 0.0 0.0 20.0 0.0 0.0 0.6930693069306929
46 41 39 0.0 0.0 6.0 0.0 211.0 1.0 1.0 0.6317689530685919
46 41 40 0.0 0.0 0.0 0.0 20.0 0.0 0.0 0.6930693069306929
46 41 41 0.0 0.0 0.0 0.0 1.0 0.0 0.0 0.6996501749125437
46 41 42 0.0 0.0 0.0 0.0 2.0 0.0 0.0 0.6993006993006992
46 42 38 0.0 0.0 2.0 0.0 77.0 1.0 0.0 0.6737247353224253
46 42 39 0.0 0.0 3.0 0.0 42.0 3.0 0.0 0.6856023506366307
46 42 40 0.0 0.0 4.0 0.0 31.0 2.0 0.0 0.6889763779527558
46 42 41 0.0 0.0 0.0 0.0 3.0 0.0 0.0 0.6989515726410384
46 43 38 0.0 0.0 3.0 0.0 44.0 1.0 0.0 0.6842619745845552
46 43 39 0.0 0.0 31.0 0.0 724.0 8.0 1.0 0.5096468875136512
46 43 40 0.0 0.0 0.0 0.0 3.0 0.0 0.0 0.6989515726410384
46 43 43 0.0 0.0 0.0 0.0 1.0 0.0 0.0 0.6996501749125437
46 44 38 0.0 0.0 3.0 0.0 15.0 0.0 0.0 0.6937561942517343
46 44 39 0.0 0.0 0.0 0.0 2.0 0.0 0.0 0.6993006993006992
46 44 40 0.0 0.0 0.0 0.0 7.0 0.0 0.0 0.6975585450921773
47 36 42 0.0 0.0 0.0 0.0 1.0 0.0 0.0 0.6996501749125437
47 37 41 0.0 0.0 0.0 0.0 1.0 0.0 0.0 0.6996501749125437
