38 38 40 0.0 0.0 0.0 0.0 1.0 0.0 0.0 0.6996501749125437
38 39 39 0.0 0.0 0.0 0.0 1.0 0.0 0.0 0.6996501749125437
38 39 40 0.0 0.0 6.0 0.0 68.0 1.0 0.0 0.6753497346840327
38 39 41 0.0 0.0 0.0 0.0 9.0 0.0 0.0 0.6968641114982577
38 39 42 0.0 0.0 0.0 0.0 2.0 0.0 0.0 0.6993006993006992
38 40 39 0.0 0.0 0.0 0.0 4.0 0.0 0.0 0.6986027944111775
38 40 40 0.0 0.0 0.0 0.0 4.0 0.0 0.0 0.6986027944111775
38 40 41 0.0 0.0 0.0 0.0 2.0 0.0 0.0 0.6993006993006992
38 41 39 0.0 0.0 0.0 0.0 2.0 0.0 0.0 0.6993006993006992
38 41 40 0.0 0.0 6.0 0.0 117.0 0.0 0.0 0.6594441827602449
38 41 41 0.0 0.0 0.0 0.0 1.0 0.0 0.0 0.6996501749125437
39 39 39 0.0 0.0 21.0 0.0 569.0 5.0 2.0 0.541586073500967
39 39 40 0.0 0.0 3.0 0.0 229.0 0.0 0.0 0.6272401433691756
39 39 41 0.0 0.0 36.0 0.0 1000.0 11.0 4.0 0.46280991735537186
39 39 42 0.0 0.0 0.0 0.0 2.0 0.0 0.0 0.6993006993006992
39 40 39 0.0 0.0 12.0 4.0 320.0 2.0 0.0 0.5998286203941731
39 40 40 0.0 0.0 251.0 0.0 5296.0 22.0 271.0 0.1860217911241031
39 40 41 0.0 0.0 0.0 1.0 71.0 0.0 0.0 0.6756756756756755
39 40 42 0.0 0.0 0.0 0.0 3.0 0.0 0.0 0.6989515726410384
39 41 39 0.0 0.0 0.0 7.0 75.0 0.0 0.0 0.6724303554274734
39 41 40 0.0 0.0 39.0 0.0 598.0 12.0 1.0 0.5331302361005331
39 41 41 0.0 0.0 0.0 3.0 94.0 0.0 0.0 0.6676204101096804
39 42 41 0.0 0.0 0.0 0.0 1.0 0.0 0.0 0.0
40 38 38 0.0 0.0 0.0 0.0 1.0 0.0 0.0 0.6996501749125437
40 38 39 0.0 0.0 0.0 0.0 2.0 0.0 0.0 0.6993006993006992
40 38 40 0.0 0.0 0.0 0.0 1.0 0.0 0.0 0.6996501749125437
40 38 42 0.0 0.0 0.0 0.0 1.0 0.0 0.0 0.6996501749125437
40 39 39 0.0 0.0 25.0 0.0 524.0 7.0 0.0 0.5507474429583004
40 39 40 0.0 0.0 1.0 0.0 81.0 0.0 0.0 0.6724303554274734
40 39 41 0.0 0.0 7.0 0.0 217.0 1.0 0.0 0.6297795771479981
40 39 42 0.0 0.0 1.0 0.0 20.0 0.0 0.0 0.6927263730826323
40 40 39 0.0 0.0 14.0 1.0 307.0 7.0 0.0 0.6047516198704103
40 40 40 11.0 19.0 685.0 341.0 11120.0 40.0 4127.0 0.09891196834817012
40 40 41 0.0 0.0 176.0 0.0 3525.0 21.0 85.0 0.2463921154523055
40 40 42 0.0 0.0 0.0 0.0 3.0 0.0 0.0 0.6989515726410384
40 41 39 0.0 0.0 1.0 0.0 58.0 0.0 0.0 0.6799417192812044
40 41 40 0.0 0.0 2.0 0.0 117.0 0.0 0.0 0.6606890042472864
40 41 41 0.0 1.0 0.0 3.0 82.0 1.0 0.0 0.6714628297362109
40 41 42 0.0 0.0 0.0 0.0 5.0 0.0 0.0 0.6982543640897755
40 42 40 0.0 0.0 0.0 0.0 3.0 0.0 0.0 0.6989515726410384
41 39 38 0.0 0.0 0.0 0.0 1.0 0.0 0.0 0.6996501749125437
41 39 39 0.0 0.0 79.0 0.0 1626.0 14.0 14.0 0.37930100243836357
41 39 40 0.0 0.0 0.0 0.0 97.0 1.0 0.0 0.6679389312977099
41 39 41 0.0 0.0 47.0 0.0 888.0 5.0 3.0 0.47781569965870296
41 40 39 0.0 0.0 6.0 1.0 226.0 1.0 0.0 0.6272401433691756
41 40 40 0.0 0.0 0.0 1.0 114.0 1.0 0.0 0.662251655629139
41 40 41 0.0 0.0 144.0 0.0 3854.0 18.0 149.0 0.23407456946998825
41 40 42 0.0 0.0 0.0 0.0 6.0 0.0 0.0 0.6979062811565303
41 41 39 0.0 0.0 25.0 1.0 579.0 2.0 3.0 0.5378409527468304
41 41 40 0.0 0.0 44.0 0.0 1150.0 7.0 2.0 0.4392845936617508
41 41 41 0.0 0.0 2.0 0.0 118.0 1.0 0.0 0.6610009442870631
41 41 42 0.0 0.0 0.0 0.0 11.0 0.0 0.0 0.6961710591745399
42 39 40 0.0 0.0 0.0 0.0 1.0 0.0 0.0 0.6996501749125437
42 39 41 0.0 0.0 0.0 0.0 5.0 0.0 0.0 0.6982543640897755
42 40 39 0.0 0.0 0.0 0.0 2.0 0.0 0.0 0.6993006993006992
42 40 40 0.0 0.0 1.0 0.0 40.0 0.0 0.0 0.6859382655560998
42 40 41 0.0 0.0 0.0 0.0 7.0 0.0 0.0 0.6975585450921773
42 40 42 0.0 0.0 0.0 0.0 5.0 0.0 0.0 0.6982543640897755
42 41 40 0.0 0.0 0.0 0.0 2.0 0.0 0.0 0.6993006993006992
42 41 41 0.0 0.0 0.0 0.0 2.0 0.0 0.0 0.6993006993006992
42 41 42 0.0 0.0 0.0 0.0 4.0 0.0 0.0 0.6986027944111775
