39 39 39 0.0 0.0 0.0 0.0 2.0 0.0 0.0 0.6993006993006992
39 40 41 0.0 0.0 0.0 0.0 1.0 0.0 0.0 0.6996501749125437
39 41 39 0.0 0.0 0.0 0.0 1.0 0.0 0.0 0.6996501749125437
39 41 41 0.0 0.0 0.0 1.0 2.0 0.0 0.0 0.6989515726410384
40 40 39 0.0 0.0 0.0 0.0 2.0 0.0 0.0 0.6993006993006992
40 40 40 11.0 3.0 167.0 48.0 2719.0 17.0 45.0 0.2839180693571283
40 41 39 0.0 0.0 0.0 0.0 2.0 0.0 0.0 0.6993006993006992
40 41 40 0.0 0.0 0.0 0.0 1.0 0.0 0.0 0.6996501749125437
40 41 41 0.0 0.0 0.0 0.0 2.0 0.0 0.0 0.6993006993006992
41 39 39 0.0 0.0 0.0 0.0 1.0 0.0 0.0 0.6996501749125437
41 40 40 0.0 0.0 0.0 0.0 6.0 0.0 0.0 0.6979062811565303
41 40 41 0.0 0.0 0.0 0.0 2.0 0.0 0.0 0.6993006993006992
41 41 41 0.0 0.0 0.0 0.0 1.0 0.0 0.0 0.6996501749125437
