34 39 38 0.0 0.0 0.0 0.0 3.0 0.0 0.0 0.6989515726410384
34 39 39 0.0 0.0 0.0 0.0 4.0 0.0 0.0 0.6989515726410384
34 40 38 0.0 0.0 5.0 0.0 73.0 2.0 0.0 0.6743737957610789
34 40 39 0.0 0.0 1.0 0.0 18.0 0.0 0.0 0.6934125804853887
34 40 40 0.0 0.0 0.0 0.0 4.0 0.0 0.0 0.6986027944111775
34 41 39 0.0 0.0 0.0 0.0 6.0 0.0 0.0 0.6979062811565303
34 41 40 0.0 0.0 0.0 0.0 2.0 0.0 0.0 0.6993006993006992
34 42 38 0.0 0.0 3.0 0.0 48.0 1.0 0.0 0.6829268292682925
34 42 39 0.0 0.0 2.0 0.0 29.0 1.0 0.0 0.689655172413793
34 42 40 0.0 0.0 0.0 0.0 1.0 0.0 0.0 0.6996501749125437
35 36 39 0.0 0.0 0.0 0.0 1.0 0.0 0.0 0.6996501749125437
35 37 39 0.0 0.0 0.0 0.0 1.0 0.0 0.0 0.6996501749125437
35 37 40 0.0 0.0 0.0 0.0 1.0 0.0 0.0 0.6996501749125437
35 37 42 0.0 0.0 0.0 0.0 3.0 0.0 0.0 0.6989515726410384
35 38 37 0.0 0.0 1.0 0.0 3.0 0.0 0.0 0.6986027944111775
35 38 38 0.0 0.0 0.0 0.0 5.0 0.0 0.0 0.6982543640897755
35 38 39 0.0 0.0 0.0 0.0 3.0 0.0 0.0 0.6989515726410384
35 38 40 0.0 0.0 0.0 0.0 5.0 0.0 0.0 0.6982543640897755
35 38 41 0.0 0.0 0.0 0.0 2.0 0.0 0.0 0.6993006993006992
35 38 42 0.0 0.0 0.0 0.0 3.0 0.0 0.0 0.6989515726410384
35 38 43 0.0 0.0 0.0 0.0 1.0 0.0 0.0 0.6996501749125437
35 39 37 0.0 0.0 0.0 0.0 5.0 0.0 0.0 0.6982543640897755
35 39 38 0.0 0.0 21.0 0.0 233.0 5.0 0.0 0.622498888394842
35 39 39 0.0 0.0 1.0 0.0 37.0 0.0 0.0 0.6869479882237487
35 39 40 0.0 0.0 2.0 0.0 41.0 1.0 0.0 0.6856023506366307
35 39 41 0.0 0.0 0.0 0.0 8.0 0.0 0.0 0.697211155378486
35 39 42 0.0 0.0 0.0 0.0 2.0 0.0 0.0 0.6993006993006992
35 39 43 0.0 0.0 0.0 0.0 12.0 0.0 0.0 0.6958250497017892
35 39 44 0.0 0.0 0.0 0.0 1.0 0.0 0.0 0.6996501749125437
35 40 37 0.0 0.0 0.0 0.0 2.0 0.0 0.0 0.6993006993006992
35 40 38 0.0 0.0 16.0 0.0 476.0 6.0 1.0 0.5631536604987931
35 40 39 0.0 0.0 154.0 0.0 3526.0 16.0 116.0 0.24713150926743158
35 40 40 0.0 0.0 0.0 0.0 28.0 0.0 0.0 0.690335305719921
35 40 41 0.0 0.0 1.0 0.0 20.0 0.0 0.0 0.6927263730826323
35 40 42 0.0 0.0 2.0 0.0 32.0 1.0 0.0 0.6886374815543531
35 40 43 0.0 0.0 0.0 0.0 7.0 0.0 0.0 0.6975585450921773
35 40 44 0.0 0.0 1.0 0.0 19.0 1.0 0.0 0.6934125804853887
35 41 37 0.0 0.0 0.0 0.0 2.0 0.0 0.0 0.6993006993006992
35 41 38 0.0 0.0 1.0 0.0 46.0 0.0 0.0 0.6839276990718123
35 41 39 0.0 0.0 118.0 0.0 2780.0 16.0 50.0 0.28670899037476955
35 41 40 0.0 0.0 0.0 0.0 32.0 0.0 0.0 0.6889763779527558
35 41 41 0.0 0.0 0.0 0.0 9.0 0.0 0.0 0.6968641114982577
35 41 42 0.0 0.0 0.0 0.0 23.0 0.0 0.0 0.6920415224913494
35 41 43 0.0 0.0 0.0 0.0 13.0 0.0 0.0 0.695479384003974
35 42 38 0.0 0.0 0.0 0.0 3.0 0.0 0.0 0.6989515726410384
35 42 39 0.0 0.0 1.0 0.0 7.0 0.0 0.0 0.697211155378486
35 42 40 0.0 0.0 1.0 0.0 37.0 0.0 0.0 0.6869479882237487
35 42 41 0.0 0.0 0.0 0.0 14.0 1.0 0.0 0.695479384003974
35 42 42 0.0 0.0 0.0 0.0 13.0 0.0 0.0 0.6958250497017892
35 42 43 0.0 0.0 0.0 0.0 6.0 0.0 0.0 0.6979062811565303
35 43 41 0.0 0.0 0.0 0.0 3.0 0.0 0.0 0.6989515726410384
35 43 42 0.0 0.0 4.0 0.0 48.0 3.0 0.0 0.6832601268911663
35 43 43 0.0 0.0 0.0 0.0 4.0 0.0 0.0 0.6986027944111775
36 35 38 0.0 0.0 0.0 0.0 3.0 1.0 0.0 0.6993006993006992
36 36 37 0.0 0.0 3.0 0.0 44.0 1.0 0.0 0.6842619745845552
36 36 38 0.0 0.0 0.0 0.0 6.0 0.0 0.0 0.6979062811565303
36 36 39 0.0 0.0 0.0 0.0 8.0 0.0 0.0 0.6975585450921773
36 36 40 0.0 0.0 0.0 0.0 11.0 0.0 0.0 0.6961710591745399
36 36 41 0.0 0.0 0.0 0.0 6.0 0.0 0.0 0.6979062811565303
36 36 42 0.0 0.0 0.0 0.0 1.0 0.0 0.0 0.6996501749125437
36 36 43 0.0 0.0 0.0 0.0 1.0 0.0 0.0 0.6996501749125437
36 37 36 0.0 0.0 0.0 0.0 6.0 0.0 0.0 0.6979062811565303
36 37 37 0.0 0.0 0.0 0.0 6.0 0.0 0.0 0.6979062811565303
36 37 38 0.0 0.0 0.0 0.0 56.0 0.0 0.0 0.6809338521400777
36 37 39 0.0 0.0 42.0 0.0 1000.0 8.0 5.0 0.46143704680290043
36 37 40 0.0 0.0 34.0 0.0 678.0 6.0 1.0 0.5173688100517368
36 37 41 0.0 0.0 40.0 0.0 976.0 4.0 4.0 0.4648074369189906
36 37 42 0.0 0.0 0.0 0.0 64.0 0.0 0.0 0.6782945736434108
36 37 43 0.0 0.0 0.0 0.0 3.0 0.0 0.0 0.6989515726410384
36 38 36 0.0 0.0 0.0 0.0 1.0 0.0 0.0 0.6996501749125437
36 38 37 0.0 0.0 0.0 0.0 8.0 0.0 0.0 0.697211155378486
36 38 38 0.0 0.0 10.0 0.0 295.0 1.0 1.0 0.6073752711496745
36 38 39 0.0 0.0 40.0 0.0 1008.0 7.0 8.0 0.46052631578947356
36 38 40 0.0 0.0 91.0 0.0 1992.0 20.0 24.0 0.3445729756337681
36 38 41 0.0 0.0 13.0 0.0 413.0 3.0 1.0 0.5777961205117622
36 38 42 0.0 0.0 3.0 0.0 192.0 2.0 1.0 0.6383948928408572
36 38 43 0.0 0.0 0.0 0.0 16.0 0.0 0.0 0.6944444444444444
36 38 44 0.0 0.0 0.0 0.0 11.0 0.0 0.0 0.6961710591745399
36 39 36 0.0 0.0 0.0 0.0 4.0 0.0 0.0 0.6989515726410384
36 39 37 0.0 0.0 5.0 0.0 179.0 0.0 0.0 0.641025641025641
36 39 38 0.0 0.0 152.0 0.0 4015.0 19.0 152.0 0.2276792974467393
36 39 39 0.0 0.0 146.0 0.0 3385.0 14.0 111.0 0.2538071065989847
36 39 40 0.0 0.0 80.0 0.0 2180.0 9.0 48.0 0.329489291598023
36 39 41 0.0 0.0 1.0 0.0 181.0 0.0 0.0 0.6416131989000916
36 39 42 0.0 0.0 237.0 0.0 4716.0 26.0 199.0 0.20210769452865593
36 39 43 0.0 0.0 1.0 0.0 32.0 0.0 0.0 0.6886374815543531
36 39 44 0.0 0.0 0.0 0.0 1.0 0.0 0.0 0.6996501749125437
36 40 37 0.0 0.0 0.0 0.0 25.0 0.0 0.0 0.6916996047430829
36 40 38 0.0 0.0 97.0 0.0 2511.0 19.0 38.0 0.30514385353095025
36 40 39 0.0 0.0 318.0 0.0 7230.0 15.0 876.0 0.1467043906528345
36 40 40 0.0 0.0 143.0 0.0 2970.0 16.0 50.0 0.2748331370239497
36 40 41 0.0 0.0 41.0 0.0 933.0 10.0 4.0 0.47217537942664417
36 40 42 0.0 0.0 5.0 0.0 353.0 2.0 2.0 0.5942275042444821
36 40 43 0.0 0.0 80.0 0.0 1960.0 11.0 21.0 0.34705007436787305
36 40 44 0.0 0.0 0.0 0.0 9.0 0.0 0.0 0.6968641114982577
36 41 37 0.0 0.0 3.0 0.0 179.0 1.0 1.0 0.6419073819348922
36 41 38 0.0 0.0 105.0 0.0 2454.0 21.0 41.0 0.3085059497576024
36 41 39 0.0 0.0 195.0 0.0 5051.0 13.0 310.0 0.19358407079646014
36 41 40 0.0 0.0 66.0 0.0 1554.0 9.0 11.0 0.3877042370534477
36 41 41 0.0 0.0 297.0 0.0 6222.0 23.0 453.0 0.16468650746970942
36 41 42 0.0 0.0 266.0 0.0 5804.0 20.0 356.0 0.1738482553085806
36 41 43 0.0 0.0 24.0 0.0 726.0 9.0 1.0 0.5107624954396205
36 41 44 0.0 0.0 0.0 0.0 10.0 0.0 0.0 0.6965174129353233
36 42 37 0.0 0.0 0.0 0.0 21.0 0.0 0.0 0.6927263730826323
36 42 38 0.0 0.0 0.0 0.0 66.0 0.0 0.0 0.6776379477250725
36 42 39 0.0 0.0 23.0 0.0 498.0 5.0 0.0 0.5564387917329093
36 42 40 0.0 0.0 35.0 0.0 830.0 8.0 2.0 0.4900245012250612
36 42 41 0.0 0.0 42.0 0.0 846.0 12.0 3.0 0.4867872044506258
36 42 42 0.0 0.0 215.0 0.0 4242.0 15.0 130.0 0.21732381248059604
36 42 43 0.0 0.0 12.0 0.0 409.0 6.0 1.0 0.5801906340654785
36 42 44 0.0 0.0 0.0 0.0 19.0 0.0 0.0 0.6934125804853887
36 43 37 0.0 0.0 0.0 0.0 3.0 0.0 0.0 0.6989515726410384
36 43 38 0.0 0.0 0.0 0.0 17.0 0.0 0.0 0.694100148735746
36 43 39 0.0 0.0 10.0 0.0 231.0 2.0 0.0 0.6252791424743188
36 43 40 0.0 0.0 9.0 0.0 254.0 5.0 0.0 0.6200177147918511
36 43 41 0.0 0.0 1.0 0.0 121.0 1.0 0.0 0.66006600660066
36 43 42 0.0 0.0 0.0 0.0 32.0 0.0 0.0 0.689655172413793
36 43 43 0.0 0.0 0.0 0.0 21.0 0.0 0.0 0.6927263730826323
36 43 44 0.0 0.0 0.0 0.0 7.0 0.0 0.0 0.6975585450921773
36 44 37 0.0 0.0 0.0 0.0 1.0 0.0 0.0 0.6996501749125437
36 44 38 0.0 0.0 0.0 0.0 1.0 0.0 0.0 0.6996501749125437
36 44 39 0.0 0.0 0.0 0.0 3.0 0.0 0.0 0.6989515726410384
36 44 40 0.0 0.0 0.0 0.0 3.0 0.0 0.0 0.6989515726410384
36 44 41 0.0 0.0 2.0 0.0 39.0 2.0 0.0 0.6866110838646394
36 44 42 0.0 0.0 0.0 0.0 6.0 0.0 0.0 0.6979062811565303
36 45 38 0.0 0.0 0.0 0.0 1.0 0.0 0.0 0.6996501749125437
37 35 38 0.0 0.0 0.0 0.0 1.0 0.0 0.0 0.6996501749125437
37 35 39 0.0 0.0 0.0 0.0 3.0 0.0 0.0 0.6989515726410384
37 35 40 0.0 0.0 0.0 0.0 2.0 0.0 0.0 0.6993006993006992
37 36 36 0.0 0.0 0.0 0.0 5.0 0.0 0.0 0.6982543640897755
37 36 37 0.0 0.0 0.0 0.0 6.0 0.0 0.0 0.6979062811565303
37 36 38 0.0 0.0 0.0 0.0 19.0 0.0 0.0 0.6934125804853887
37 36 39 0.0 0.0 83.0 0.0 2082.0 9.0 20.0 0.33686236766121264
37 36 40 0.0 0.0 3.0 0.0 65.0 0.0 0.0 0.6769825918762088
37 36 41 0.0 0.0 11.0 0.0 244.0 4.0 0.0 0.6219458018658373
37 36 42 0.0 0.0 0.0 0.0 11.0 0.0 0.0 0.6961710591745399
37 36 43 0.0 0.0 0.0 0.0 2.0 0.0 0.0 0.6993006993006992
37 37 36 0.0 0.0 0.0 0.0 8.0 0.0 0.0 0.697211155378486
37 37 37 0.0 0.0 147.0 0.0 3457.0 18.0 85.0 0.2505817075353499
37 37 38 0.0 0.0 131.0 0.0 3008.0 16.0 80.0 0.2731174404994148
37 37 39 0.0 0.0 28.0 0.0 932.0 4.0 6.0 0.4736129905277401
37 37 40 0.0 0.0 319.0 0.0 6935.0 18.0 686.0 0.15151515151515146
37 37 41 0.0 0.0 39.0 0.0 1283.0 6.0 12.0 0.4224502112251055
37 37 42 0.0 0.0 153.0 0.0 3680.0 10.0 115.0 0.24042589730379527
37 37 43 0.0 0.0 0.0 0.0 28.0 0.0 0.0 0.690335305719921
37 38 36 0.0 0.0 0.0 0.0 6.0 1.0 0.0 0.6982543640897755
37 38 37 0.0 0.0 31.0 0.0 710.0 6.0 0.0 0.5118829981718463
37 38 38 0.0 0.0 192.0 0.0 4501.0 18.0 195.0 0.2097064110245656
37 38 39 0.0 0.0 607.0 0.0 10817.0 25.0 3888.0 0.10434523365879107
37 38 40 0.0 0.0 529.0 0.0 9879.0 26.0 2052.0 0.11296699749858789
37 38 41 0.0 0.0 765.0 0.0 11929.0 29.0 4983.0 0.09538084207657718
37 38 42 0.0 0.0 128.0 0.0 3499.0 17.0 119.0 0.2495098912849759
37 38 43 0.0 0.0 1.0 0.0 63.0 0.0 0.0 0.6782945736434108
37 38 44 0.0 0.0 0.0 0.0 10.0 0.0 0.0 0.6965174129353233
37 39 36 0.0 0.0 1.0 0.0 15.0 0.0 0.0 0.6944444444444444
37 39 37 0.0 0.0 62.0 0.0 1506.0 13.0 13.0 0.3934794828555368
37 39 38 0.0 0.0 202.0 0.0 4657.0 17.0 240.0 0.20467836257309938
37 39 39 0.0 0.0 333.0 0.0 8004.0 15.0 1214.0 0.13551447100958278
37 39 40 0.0 0.0 404.0 0.0 8450.0 15.0 1357.0 0.12909174734900875
37 39 41 0.0 0.0 257.0 0.0 5286.0 18.0 285.0 0.1859476690131491
37 39 42 0.0 0.0 148.0 0.0 3781.0 12.0 148.0 0.23656640757012498
37 39 43 0.0 0.0 316.0 0.0 6047.0 17.0 423.0 0.16764459346186084
37 39 44 0.0 0.0 1.0 0.0 23.0 1.0 0.0 0.6920415224913494
37 40 36 0.0 0.0 0.0 0.0 17.0 0.0 0.0 0.694100148735746
37 40 37 0.0 0.0 8.0 0.0 268.0 6.0 0.0 0.6170118995152049
37 40 38 0.0 0.0 251.0 0.0 5823.0 23.0 424.0 0.1738482553085806
37 40 39 0.0 0.0 866.0 0.0 12620.0 29.0 6920.0 0.09046265184802273
37 40 40 0.0 0.0 477.0 0.0 9807.0 27.0 2126.0 0.11418318244841366
37 40 41 0.0 0.0 423.0 0.0 8774.0 17.0 1558.0 0.12514525788862071
37 40 42 0.0 0.0 326.0 0.0 7540.0 16.0 975.0 0.14203104392817287
37 40 43 0.0 0.0 152.0 0.0 3814.0 14.0 146.0 0.23517554174365862
37 40 44 0.0 0.0 77.0 0.0 1232.0 14.0 4.0 0.4250151791135397
37 41 36 0.0 0.0 0.0 0.0 4.0 0.0 0.0 0.6986027944111775
37 41 37 0.0 0.0 4.0 0.0 147.0 1.0 0.0 0.6511627906976742
37 41 38 0.0 0.0 349.0 0.0 7455.0 19.0 821.0 0.14298845878868346
37 41 39 0.0 0.0 527.0 0.0 9989.0 38.0 2207.0 0.11210762331838564
37 41 40 0.0 0.0 476.0 0.0 9467.0 15.0 1982.0 0.11723329425556855
37 41 41 0.0 0.0 579.0 0.0 10755.0 27.0 3041.0 0.10507355148604021
37 41 42 0.0 0.0 806.0 0.0 12179.0 27.0 6683.0 0.09348914858096827
37 41 43 0.0 0.0 50.0 0.0 1345.0 11.0 6.0 0.41383387525864607
37 41 44 0.0 0.0 0.0 0.0 21.0 0.0 0.0 0.6930693069306929
37 42 37 0.0 0.0 6.0 0.0 147.0 1.0 0.0 0.6505576208178437
37 42 38 0.0 0.0 255.0 0.0 5609.0 20.0 370.0 0.17834394904458595
37 42 39 0.0 0.0 275.0 0.0 6106.0 17.0 457.0 0.16726403823178015
37 42 40 0.0 0.0 420.0 0.0 8675.0 16.0 1465.0 0.12634238787113075
37 42 41 0.0 0.0 159.0 0.0 4151.0 18.0 179.0 0.22246941045606228
37 42 42 0.0 0.0 252.0 0.0 5667.0 16.0 395.0 0.17712550607287447
37 42 43 0.0 0.0 303.0 0.0 6581.0 30.0 633.0 0.1579600586708789
37 42 44 0.0 0.0 13.0 0.0 312.0 4.0 1.0 0.6031882809133993
37 43 37 0.0 0.0 0.0 0.0 7.0 0.0 0.0 0.6975585450921773
37 43 38 0.0 0.0 45.0 0.0 1069.0 12.0 4.0 0.4513217279174725
37 43 39 0.0 0.0 93.0 0.0 2229.0 15.0 29.0 0.32505224053865794
37 43 40 0.0 0.0 58.0 0.0 1271.0 17.0 5.0 0.4227053140096617
37 43 41 0.0 0.0 319.0 0.0 6914.0 15.0 614.0 0.15176151761517612
37 43 42 0.0 0.0 13.0 0.0 414.0 3.0 1.0 0.5775577557755774
37 43 43 0.0 0.0 19.0 0.0 478.0 4.0 2.0 0.5617977528089887
37 43 44 0.0 0.0 0.0 0.0 8.0 0.0 0.0 0.6975585450921773
37 44 38 0.0 0.0 0.0 0.0 11.0 1.0 0.0 0.6965174129353233
37 44 39 0.0 0.0 74.0 0.0 1656.0 8.0 15.0 0.3761418592154755
37 44 40 0.0 0.0 0.0 0.0 40.0 0.0 0.0 0.6862745098039215
37 44 41 0.0 0.0 0.0 0.0 22.0 0.0 0.0 0.6923837784371908
37 44 42 0.0 0.0 0.0 0.0 9.0 0.0 0.0 0.6968641114982577
37 44 43 0.0 0.0 0.0 0.0 1.0 0.0 0.0 0.6996501749125437
37 44 44 0.0 0.0 0.0 0.0 1.0 0.0 0.0 0.6996501749125437
37 45 39 0.0 0.0 0.0 0.0 1.0 0.0 0.0 0.6996501749125437
37 45 41 0.0 0.0 0.0 0.0 1.0 0.0 0.0 0.6996501749125437
38 35 39 0.0 0.0 0.0 0.0 2.0 0.0 0.0 0.6993006993006992
38 35 40 0.0 0.0 0.0 0.0 8.0 0.0 0.0 0.697211155378486
38 35 41 0.0 0.0 0.0 0.0 1.0 0.0 0.0 0.6996501749125437
38 36 36 0.0 0.0 0.0 0.0 7.0 0.0 0.0 0.6979062811565303
38 36 37 0.0 0.0 4.0 0.0 57.0 4.0 0.0 0.6806028196402526
38 36 38 0.0 0.0 0.0 0.0 64.0 0.0 0.0 0.6782945736434108
38 36 39 0.0 0.0 2.0 0.0 148.0 2.0 0.0 0.6517690875232773
38 36 40 0.0 0.0 26.0 0.0 608.0 6.0 1.0 0.5327245053272449
38 36 41 0.0 0.0 22.0 0.0 491.0 5.0 1.0 0.5586592178770949
38 36 42 0.0 0.0 0.0 0.0 31.0 0.0 0.0 0.6893156080748399
38 36 43 0.0 0.0 0.0 0.0 4.0 0.0 0.0 0.6986027944111775
38 36 44 0.0 0.0 0.0 0.0 1.0 0.0 0.0 0.6996501749125437
38 37 35 0.0 0.0 0.0 0.0 2.0 0.0 0.0 0.6993006993006992
38 37 36 0.0 0.0 1.0 0.0 29.0 0.0 0.0 0.689655172413793
38 37 37 0.0 0.0 52.0 0.0 1372.0 13.0 9.0 0.4103165298944899
38 37 38 0.0 0.0 122.0 0.0 3152.0 18.0 82.0 0.26631158455392806
38 37 39 0.0 0.0 417.0 0.0 8472.0 27.0 1367.0 0.128747471031819
38 37 40 0.0 0.0 195.0 0.0 4465.0 18.0 208.0 0.21068472535741153
38 37 41 0.0 0.0 199.0 0.0 4760.0 14.0 254.0 0.2015258384914351
38 37 42 0.0 0.0 56.0 0.0 1518.0 15.0 15.0 0.39336892385501543
38 37 43 0.0 0.0 17.0 0.0 270.0 7.0 0.0 0.6140350877192982
38 37 44 0.0 0.0 0.0 0.0 6.0 0.0 0.0 0.6979062811565303
38 38 35 0.0 0.0 0.0 0.0 7.0 0.0 0.0 0.6975585450921773
38 38 36 0.0 0.0 4.0 0.0 127.0 0.0 0.0 0.6569685593618019
38 38 37 0.0 0.0 86.0 0.0 1911.0 18.0 21.0 0.351935646053293
38 38 38 0.0 0.0 750.0 0.0 11861.0 35.0 5756.0 0.09595613433858806
38 38 39 0.0 0.0 683.0 0.0 11488.0 23.0 3972.0 0.09884911388830048
38 38 40 0.0 0.0 475.0 0.0 9125.0 21.0 1563.0 0.1208042108896367
38 38 41 0.0 0.0 760.0 0.0 12206.0 23.0 5737.0 0.09353287012292891
38 38 42 0.0 0.0 441.0 0.0 8793.0 17.0 1397.0 0.12469938541017189
38 38 43 0.0 0.0 129.0 0.0 3298.0 22.0 99.0 0.2589715131335553
38 38 44 0.0 0.0 1.0 0.0 18.0 0.0 0.0 0.6934125804853887
38 38 45 0.0 0.0 0.0 0.0 1.0 0.0 0.0 0.6996501749125437
38 39 35 0.0 0.0 0.0 0.0 12.0 0.0 0.0 0.6958250497017892
38 39 36 0.0 0.0 7.0 0.0 168.0 0.0 0.0 0.6436781609195401
38 39 37 0.0 0.0 297.0 0.0 6537.0 19.0 542.0 0.1587661601270129
38 39 38 0.0 0.0 494.0 0.0 9089.0 29.0 1612.0 0.1210758453688489
38 39 39 0.0 0.0 1269.0 1.0 13011.0 34.0 17387.0 0.08598980406608929
38 39 40 0.0 0.0 1445.0 0.0 12936.0 51.0 20156.0 0.08549096238397655
38 39 41 0.0 0.0 572.0 0.0 10991.0 19.0 3845.0 0.10321439103509288
38 39 42 0.0 0.0 392.0 0.0 7891.0 19.0 988.0 0.13634592910011684
38 39 43 0.0 0.0 100.0 0.0 2394.0 20.0 38.0 0.3130590339892665
38 39 44 0.0 0.0 52.0 0.0 1157.0 6.0 7.0 0.43695380774032455
38 39 45 0.0 0.0 0.0 0.0 3.0 0.0 0.0 0.6989515726410384
38 40 35 0.0 0.0 2.0 0.0 10.0 0.0 0.0 0.6958250497017892
38 40 36 0.0 0.0 8.0 0.0 226.0 1.0 0.0 0.6272401433691756
38 40 37 0.0 0.0 101.0 0.0 3204.0 16.0 90.0 0.2646502835538752
38 40 38 0.0 0.0 564.0 0.0 10172.0 27.0 2396.0 0.11008020128951092
38 40 39 0.0 0.0 1181.0 2.0 13412.0 33.0 13202.0 0.08437292834327728
38 40 40 0.0 0.0 1051.0 0.0 13107.0 32.0 12794.0 0.08663902469212202
38 40 41 0.0 0.0 1105.0 2.0 13005.0 27.0 12139.0 0.086848635235732
38 40 42 0.0 0.0 720.0 0.0 11839.0 24.0 4057.0 0.09621331867225619
38 40 43 0.0 0.0 212.0 0.0 4847.0 21.0 214.0 0.19883539269990058
38 40 44 0.0 0.0 1.0 0.0 101.0 1.0 0.0 0.6663493574488338
38 40 45 0.0 0.0 0.0 0.0 3.0 0.0 0.0 0.6989515726410384
38 41 35 0.0 0.0 0.0 0.0 5.0 0.0 0.0 0.6982543640897755
38 41 36 0.0 0.0 3.0 0.0 148.0 1.0 0.0 0.6511627906976742
38 41 37 0.0 0.0 121.0 0.0 3098.0 11.0 86.0 0.2688172043010752
38 41 38 0.0 0.0 283.0 6.0 6384.0 19.0 553.0 0.1616441519455028
38 41 39 0.0 0.0 948.0 0.0 12750.0 30.0 9467.0 0.08925156190233328
38 41 40 0.0 0.0 1350.0 0.0 12722.0 50.0 20669.0 0.08721654622476949
38 41 41 0.0 0.0 936.0 1.0 12917.0 35.0 7847.0 0.08832807570977917
38 41 42 0.0 0.0 638.0 0.0 11040.0 21.0 3196.0 0.10244402165959314
38 41 43 0.0 0.0 159.0 0.0 4157.0 16.0 161.0 0.22211645248294457
38 41 44 0.0 0.0 18.0 0.0 356.0 6.0 2.0 0.5912162162162161
38 41 45 0.0 0.0 0.0 0.0 2.0 0.0 0.0 0.6993006993006992
38 42 36 0.0 0.0 1.0 0.0 66.0 0.0 0.0 0.6773101112723753
38 42 37 0.0 0.0 1.0 0.0 101.0 0.0 0.0 0.6660323501427211
38 42 38 0.0 0.0 190.0 3.0 4549.0 17.0 225.0 0.20817843866170999
38 42 39 0.0 0.0 793.0 0.0 12108.0 32.0 5477.0 0.09404809888485825
38 42 40 0.0 0.0 927.0 1.0 12728.0 27.0 8655.0 0.08947402057902472
38 42 41 0.0 0.0 757.0 1.0 12132.0 28.0 5175.0 0.0940986691759645
38 42 42 0.0 0.0 201.0 1.0 4283.0 33.0 145.0 0.2168525402726146
38 42 43 0.0 0.0 135.0 0.0 3266.0 15.0 84.0 0.25983667409057165
38 42 44 0.0 0.0 19.0 0.0 500.0 9.0 0.0 0.557991231566361
38 42 45 0.0 0.0 0.0 0.0 3.0 0.0 0.0 0.6989515726410384
38 43 36 0.0 0.0 0.0 0.0 16.0 0.0 0.0 0.6944444444444444
38 43 37 0.0 0.0 1.0 0.0 50.0 0.0 0.0 0.68259385665529
38 43 38 0.0 0.0 13.0 0.0 473.0 2.0 1.0 0.5636070853462157
38 43 39 0.0 0.0 468.0 1.0 9164.0 34.0 1862.0 0.12064805239572558
38 43 40 0.0 0.0 265.0 1.0 6130.0 23.0 473.0 0.16724405686297933
38 43 41 0.0 0.0 113.0 0.0 2770.0 11.0 48.0 0.28741531513036334
38 43 42 0.0 0.0 61.0 0.0 1600.0 11.0 12.0 0.3837719298245614
38 43 43 0.0 0.0 7.0 0.0 132.0 3.0 0.0 0.6554307116104868
38 43 44 0.0 0.0 59.0 0.0 1361.0 17.0 12.0 0.41128084606345466
38 44 36 0.0 0.0 0.0 0.0 4.0 0.0 0.0 0.6986027944111775
38 44 37 0.0 0.0 0.0 0.0 6.0 0.0 0.0 0.6979062811565303
38 44 38 0.0 0.0 0.0 0.0 56.0 0.0 0.0 0.6809338521400777
38 44 39 0.0 0.0 0.0 0.0 83.0 1.0 0.0 0.6724303554274734
38 44 40 0.0 0.0 74.0 0.0 1533.0 7.0 5.0 0.38888888888888884
38 44 41 0.0 0.0 0.0 0.0 39.0 1.0 0.0 0.6869479882237487
38 44 42 0.0 0.0 5.0 0.0 95.0 1.0 0.0 0.6669842782277274
38 44 43 0.0 0.0 0.0 0.0 2.0 0.0 0.0 0.6993006993006992
38 44 44 0.0 0.0 0.0 0.0 1.0 0.0 0.0 0.6996501749125437
38 45 39 0.0 0.0 0.0 0.0 2.0 0.0 0.0 0.6993006993006992
38 45 40 0.0 0.0 0.0 0.0 2.0 0.0 0.0 0.6993006993006992
39 35 38 0.0 0.0 0.0 0.0 1.0 0.0 0.0 0.6996501749125437
39 35 39 0.0 0.0 0.0 0.0 4.0 0.0 0.0 0.6986027944111775
39 35 40 0.0 0.0 0.0 0.0 4.0 0.0 0.0 0.6986027944111775
39 35 41 0.0 0.0 0.0 0.0 3.0 0.0 0.0 0.6989515726410384
39 36 35 0.0 0.0 0.0 0.0 5.0 0.0 0.0 0.6982543640897755
39 36 36 0.0 0.0 2.0 0.0 40.0 0.0 0.0 0.6856023506366307
39 36 37 0.0 0.0 0.0 0.0 28.0 0.0 0.0 0.690335305719921
39 36 38 0.0 0.0 14.0 0.0 198.0 2.0 0.0 0.6337709370755997
39 36 39 0.0 0.0 15.0 0.0 596.0 4.0 3.0 0.5370157268891445
39 36 40 0.0 0.0 188.0 0.0 4321.0 18.0 167.0 0.21568325373594205
39 36 41 0.0 0.0 19.0 0.0 527.0 4.0 2.0 0.5509641873278236
39 36 42 0.0 0.0 9.0 0.0 232.0 3.0 0.0 0.6255585344057193
39 36 43 0.0 0.0 0.0 0.0 3.0 0.0 0.0 0.6989515726410384
39 36 44 0.0 0.0 0.0 0.0 6.0 0.0 0.0 0.6979062811565303
39 37 35 0.0 0.0 0.0 0.0 6.0 0.0 0.0 0.6979062811565303
39 37 36 0.0 0.0 55.0 0.0 1509.0 9.0 12.0 0.3938115330520393
39 37 37 0.0 0.0 216.0 0.0 5249.0 17.0 295.0 0.18789424238357263
39 37 38 0.0 0.0 259.0 0.0 6213.0 24.0 496.0 0.16571969696969696
39 37 39 0.0 0.0 278.0 0.0 6369.0 12.0 585.0 0.162037037037037
39 37 40 0.0 0.0 639.0 0.0 11160.0 28.0 3473.0 0.1015522994342086
39 37 41 0.0 0.0 576.0 0.0 10133.0 30.0 2710.0 0.1103230890464933
39 37 42 0.0 0.0 86.0 0.0 1869.0 16.0 14.0 0.3554201574003554
39 37 43 0.0 0.0 119.0 0.0 3114.0 15.0 81.0 0.26830203142966647
39 37 44 0.0 0.0 0.0 0.0 6.0 0.0 0.0 0.6979062811565303
39 38 35 0.0 0.0 9.0 0.0 139.0 1.0 0.0 0.6520726595249184
39 38 36 0.0 0.0 122.0 0.0 2858.0 15.0 66.0 0.2818602778337024
39 38 37 0.0 0.0 420.0 0.0 8944.0 15.0 1779.0 0.12322858903265556
39 38 38 0.0 0.0 628.0 0.0 11157.0 33.0 3700.0 0.10168506682161532
39 38 39 0.0 0.0 677.0 0.0 11657.0 26.0 4545.0 0.09772441714365487
39 38 40 0.0 0.0 1221.0 0.0 13338.0 32.0 14378.0 0.08458192363460608
39 38 41 0.0 0.0 492.0 0.0 9603.0 18.0 2113.0 0.11582692148589391
39 38 42 0.0 0.0 614.0 0.0 10827.0 15.0 3190.0 0.1041511679809552
39 38 43 0.0 0.0 103.0 0.0 2765.0 15.0 54.0 0.2885408079142621
39 38 44 0.0 0.0 70.0 0.0 1666.0 14.0 18.0 0.37604082728981997
39 38 45 0.0 0.0 0.0 0.0 2.0 0.0 0.0 0.6993006993006992
39 39 35 0.0 0.0 6.0 0.0 188.0 1.0 0.0 0.6386861313868613
39 39 36 0.0 0.0 247.0 0.0 5639.0 19.0 365.0 0.17780035560071117
39 39 37 0.0 0.0 376.0 0.0 8369.0 14.0 1339.0 0.13036595586181207
39 39 38 0.0 0.0 1008.0 0.0 13122.0 34.0 9170.0 0.086848635235732
39 39 39 2.0 1.0 1534.0 9.0 13016.0 38.0 22986.0 0.08447474808423339
39 39 40 0.0 2.0 1638.0 15.0 13375.0 33.0 21787.0 0.08211625315267757
39 39 41 0.0 3.0 1795.0 14.0 12751.0 46.0 27839.0 0.08450534194483007
39 39 42 0.0 0.0 613.0 3.0 10816.0 29.0 3157.0 0.10436857015058894
39 39 43 0.0 0.0 187.0 0.0 4442.0 17.0 193.0 0.21157624301042768
39 39 44 0.0 0.0 12.0 0.0 315.0 5.0 1.0 0.6031882809133993
39 39 45 0.0 0.0 0.0 0.0 1.0 0.0 0.0 0.6996501749125437
39 40 35 0.0 0.0 0.0 0.0 33.0 0.0 0.0 0.6886374815543531
39 40 36 0.0 0.0 183.0 0.0 4112.0 12.0 131.0 0.22271714922048994
39 40 37 0.0 0.0 616.0 0.0 10629.0 25.0 2751.0 0.10582010582010581
39 40 38 0.0 0.0 1013.0 4.0 12945.0 33.0 9884.0 0.0877302920165434
39 40 39 0.0 0.0 1672.0 5.0 13123.0 39.0 23982.0 0.08338793257490022
39 40 40 0.0 5.0 2427.0 28.0 11074.0 60.0 46907.0 0.09014229605305517
39 40 41 1.0 5.0 1373.0 71.0 13677.0 48.0 15856.0 0.08177092459552596
39 40 42 0.0 4.0 481.0 63.0 9748.0 22.0 2324.0 0.11401579933219316
39 40 43 0.0 0.0 488.0 0.0 9573.0 21.0 2036.0 0.11619221512158684
39 40 44 0.0 0.0 158.0 0.0 3666.0 21.0 133.0 0.2410883416566213
39 40 45 0.0 0.0 0.0 0.0 4.0 0.0 0.0 0.6986027944111775
39 41 35 0.0 0.0 1.0 0.0 18.0 0.0 0.0 0.6934125804853887
39 41 36 0.0 0.0 53.0 0.0 1602.0 12.0 13.0 0.3842986549547076
39 41 37 0.0 0.0 284.0 0.0 7018.0 19.0 660.0 0.15071590052750564
39 41 38 0.0 0.0 294.0 0.0 6852.0 16.0 683.0 0.1533406352683461
39 41 39 0.0 0.0 1207.0 26.0 13610.0 31.0 13342.0 0.08311564948943242
39 41 40 0.0 4.0 1757.0 39.0 12443.0 48.0 28678.0 0.08622282441337685
39 41 41 0.0 0.0 1292.0 51.0 13516.0 28.0 14509.0 0.08298263292039594
39 41 42 0.0 0.0 742.0 26.0 11909.0 27.0 6609.0 0.09534186870062653
39 41 43 0.0 0.0 650.0 0.0 11057.0 32.0 3365.0 0.10220470141626514
39 41 44 0.0 0.0 12.0 0.0 406.0 8.0 1.0 0.5809128630705394
39 41 45 0.0 0.0 0.0 0.0 4.0 0.0 0.0 0.6989515726410384
39 42 35 0.0 0.0 0.0 0.0 3.0 0.0 0.0 0.6989515726410384
39 42 36 0.0 0.0 0.0 0.0 86.0 0.0 0.0 0.6711409395973154
39 42 37 0.0 0.0 416.0 0.0 8674.0 23.0 1599.0 0.12645650799385783
39 42 38 0.0 0.0 244.0 0.0 5937.0 23.0 437.0 0.1715476044602377
39 42 39 0.0 3.0 367.0 28.0 7664.0 10.0 902.0 0.13924806047344337
39 42 40 0.0 0.0 814.0 47.0 12102.0 29.0 5770.0 0.0935891436593355
39 42 41 0.0 7.0 907.0 63.0 12556.0 39.0 8787.0 0.09014229605305517
39 42 42 0.0 0.0 257.0 24.0 6248.0 17.0 524.0 0.16433853738701723
39 42 43 0.0 0.0 416.0 0.0 8397.0 24.0 1286.0 0.12967765839199702
39 42 44 0.0 0.0 88.0 0.0 2459.0 13.0 57.0 0.30864197530864196
39 42 45 0.0 0.0 0.0 0.0 2.0 0.0 0.0 0.6993006993006992
39 43 36 0.0 0.0 0.0 0.0 32.0 0.0 0.0 0.6889763779527558
39 43 37 0.0 0.0 230.0 0.0 4648.0 15.0 194.0 0.20393299344501087
39 43 38 0.0 0.0 151.0 0.0 2926.0 20.0 56.0 0.27684397864346444
39 43 39 0.0 0.0 347.0 0.0 7509.0 20.0 801.0 0.14230534661516567
39 43 40 0.0 0.0 107.0 0.0 3330.0 9.0 119.0 0.2579694121982679
39 43 41 0.0 0.0 246.0 0.0 6185.0 22.0 552.0 0.16640912872934743
39 43 42 0.0 0.0 110.0 1.0 2229.0 15.0 20.0 0.32369942196531787
39 43 43 0.0 0.0 37.0 0.0 602.0 7.0 1.0 0.5319148936170213
39 43 44 0.0 0.0 0.0 0.0 32.0 0.0 0.0 0.6889763779527558
39 44 36 0.0 0.0 0.0 0.0 2.0 0.0 0.0 0.6993006993006992
39 44 37 0.0 0.0 2.0 0.0 23.0 1.0 0.0 0.6916996047430829
39 44 38 0.0 0.0 9.0 0.0 233.0 3.0 0.0 0.6252791424743188
39 44 39 0.0 0.0 6.0 0.0 178.0 3.0 0.0 0.6419073819348922
39 44 40 0.0 0.0 5.0 0.0 208.0 0.0 0.0 0.632625395390872
39 44 41 0.0 0.0 4.0 0.0 74.0 1.0 0.0 0.6746987951807227
39 44 42 0.0 0.0 2.0 0.0 30.0 0.0 0.0 0.6889763779527558
39 44 43 0.0 0.0 0.0 0.0 3.0 0.0 0.0 0.6989515726410384
39 45 41 0.0 0.0 0.0 0.0 1.0 0.0 0.0 0.6996501749125437
40 35 38 0.0 0.0 0.0 0.0 1.0 0.0 0.0 0.6996501749125437
40 35 39 0.0 0.0 0.0 0.0 6.0 0.0 0.0 0.6979062811565303
40 35 40 0.0 0.0 0.0 0.0 7.0 0.0 0.0 0.6975585450921773
40 35 41 0.0 0.0 0.0 0.0 3.0 0.0 0.0 0.6989515726410384
40 36 35 0.0 0.0 0.0 0.0 2.0 0.0 0.0 0.6993006993006992
40 36 36 0.0 0.0 26.0 0.0 547.0 5.0 2.0 0.5451713395638628
40 36 37 0.0 0.0 3.0 0.0 85.0 2.0 0.0 0.6711409395973154
40 36 38 0.0 0.0 8.0 0.0 312.0 3.0 1.0 0.6044905008635577
40 36 39 0.0 0.0 150.0 0.0 3724.0 15.0 94.0 0.23898941618299754
40 36 40 0.0 0.0 4.0 0.0 301.0 1.0 0.0 0.6076388888888887
40 36 41 0.0 0.0 24.0 0.0 507.0 10.0 1.0 0.5553351844506148
40 36 42 0.0 0.0 0.0 0.0 83.0 0.0 0.0 0.6721075372059528
40 36 43 0.0 0.0 0.0 0.0 5.0 0.0 0.0 0.6982543640897755
40 37 35 0.0 0.0 0.0 0.0 9.0 0.0 0.0 0.6968641114982577
40 37 36 0.0 0.0 177.0 0.0 3812.0 19.0 119.0 0.23438807969194705
40 37 37 0.0 0.0 47.0 0.0 1816.0 11.0 30.0 0.3633532312483778
40 37 38 0.0 0.0 325.0 0.0 6949.0 18.0 651.0 0.1511063140852671
40 37 39 0.0 0.0 477.0 0.0 9426.0 20.0 1710.0 0.1176767252248466
40 37 40 0.0 0.0 369.0 0.0 7598.0 22.0 892.0 0.14073180538801766
40 37 41 0.0 0.0 145.0 0.0 3355.0 15.0 79.0 0.2551950419248997
40 37 42 0.0 0.0 96.0 0.0 2277.0 5.0 32.0 0.32043945983062483
40 37 43 0.0 0.0 54.0 0.0 1355.0 8.0 4.0 0.41176470588235287
40 37 44 0.0 0.0 0.0 0.0 22.0 0.0 0.0 0.6923837784371908
40 38 35 0.0 0.0 1.0 0.0 18.0 0.0 0.0 0.6934125804853887
40 38 36 0.0 0.0 133.0 0.0 2602.0 17.0 49.0 0.29661016949152536
40 38 37 0.0 0.0 724.0 0.0 11830.0 30.0 5608.0 0.09627948559246269
40 38 38 0.0 0.0 1191.0 0.0 13100.0 30.0 14570.0 0.08592647149082427
40 38 39 0.0 0.0 954.0 0.0 12835.0 33.0 8380.0 0.0887255212624374
40 38 40 0.0 0.0 957.0 1.0 13170.0 39.0 8337.0 0.0868917576961271
40 38 41 0.0 0.0 1061.0 2.0 13212.0 28.0 9954.0 0.08603736479842673
40 38 42 0.0 0.0 711.0 1.0 11653.0 30.0 4190.0 0.09758137589740014
40 38 43 0.0 0.0 184.0 0.0 4085.0 22.0 141.0 0.22403584573531762
40 38 44 0.0 0.0 9.0 0.0 261.0 4.0 0.0 0.6178287731685789
40 39 35 0.0 0.0 21.0 0.0 404.0 4.0 1.0 0.5782734407269723
40 39 36 0.0 0.0 197.0 0.0 4044.0 29.0 120.0 0.22529771483746378
40 39 37 0.0 0.0 619.0 0.0 11187.0 22.0 3749.0 0.1015007612557094
40 39 38 0.0 0.0 1122.0 0.0 13287.0 39.0 12715.0 0.08538667967797023
40 39 39 0.0 1.0 1664.0 16.0 12698.0 41.0 25911.0 0.08536585365853656
40 39 40 0.0 1.0 1584.0 9.0 13581.0 53.0 20911.0 0.0815803274867432
40 39 41 0.0 2.0 1573.0 42.0 13260.0 44.0 19807.0 0.0830072334874896
40 39 42 0.0 0.0 1201.0 1.0 13283.0 42.0 13827.0 0.08489479109817476
40 39 43 0.0 0.0 381.0 0.0 7600.0 17.0 930.0 0.14037902336308028
40 39 44 0.0 0.0 78.0 0.0 1647.0 11.0 12.0 0.37695207323640273
40 39 45 0.0 0.0 0.0 0.0 12.0 0.0 0.0 0.6958250497017892
40 40 35 0.0 0.0 7.0 0.0 182.0 0.0 0.0 0.639853747714808
40 40 36 0.0 0.0 322.0 0.0 7308.0 23.0 818.0 0.14556040756914118
40 40 37 0.0 0.0 586.0 0.0 10909.0 22.0 3586.0 0.10387297818667456
40 40 38 0.0 0.0 1296.0 0.0 13190.0 32.0 16377.0 0.08494114791894186
40 40 39 0.0 15.0 1839.0 128.0 12867.0 49.0 28246.0 0.08312551953449708
40 40 40 8.0 68.0 2730.0 334.0 8416.0 55.0 72237.0 0.10310796877301515
40 40 41 0.0 3.0 2220.0 41.0 11590.0 54.0 41694.0 0.08823900163872431
40 40 42 0.0 6.0 1088.0 66.0 13277.0 32.0 11307.0 0.08518924181574783
40 40 43 0.0 0.0 508.0 0.0 9703.0 20.0 2085.0 0.11479173499508034
40 40 44 0.0 0.0 11.0 0.0 378.0 7.0 0.0 0.5877413937867337
40 40 45 0.0 0.0 0.0 0.0 1.0 0.0 0.0 0.6996501749125437
40 41 35 0.0 0.0 1.0 0.0 85.0 1.0 0.0 0.6714628297362109
40 41 36 0.0 0.0 68.0 0.0 1635.0 11.0 18.0 0.37950664136622386
40 41 37 0.0 0.0 395.0 0.0 8960.0 31.0 1782.0 0.12355484952784396
40 41 38 0.0 0.0 820.0 2.0 12526.0 33.0 5658.0 0.09130037824442414
40 41 39 0.0 1.0 1302.0 13.0 13695.0 47.0 14254.0 0.08231420507996236
40 41 40 0.0 14.0 1603.0 122.0 13158.0 44.0 21754.0 0.08285494466473338
40 41 41 0.0 456.0 1156.0 5604.0 9306.0 48.0 18816.0 0.07564705246663424
40 41 42 0.0 3.0 1083.0 44.0 13023.0 35.0 12558.0 0.08665511265164644
40 41 43 0.0 0.0 137.0 0.0 3608.0 23.0 109.0 0.24458420684835777
40 41 44 0.0 0.0 137.0 0.0 3101.0 15.0 51.0 0.2679425837320574
40 41 45 0.0 0.0 0.0 0.0 6.0 0.0 0.0 0.6979062811565303
40 42 35 0.0 0.0 0.0 0.0 15.0 0.0 0.0 0.694789081885856
40 42 36 0.0 0.0 5.0 0.0 366.0 1.0 0.0 0.590717299578059
40 42 37 0.0 0.0 46.0 0.0 1420.0 8.0 11.0 0.4048582995951417
40 42 38 0.0 0.0 758.0 0.0 11853.0 19.0 5976.0 0.09585758301951386
40 42 39 0.0 0.0 670.0 3.0 11413.0 21.0 3942.0 0.09944594402614007
40 42 40 0.0 1.0 1310.0 21.0 13674.0 38.0 14651.0 0.08232388568740444
40 42 41 0.0 6.0 645.0 102.0 11242.0 28.0 4124.0 0.10013589871969099
40 42 42 0.0 1.0 295.0 94.0 6393.0 28.0 528.0 0.15983559767096697
40 42 43 0.0 0.0 519.0 0.0 9994.0 25.0 2374.0 0.11198208286674131
40 42 44 0.0 0.0 78.0 0.0 1764.0 15.0 20.0 0.3660130718954248
40 42 45 0.0 0.0 0.0 0.0 2.0 0.0 0.0 0.6993006993006992
40 43 36 0.0 0.0 17.0 0.0 392.0 3.0 0.0 0.5818786367414795
40 43 37 0.0 0.0 8.0 0.0 290.0 2.0 1.0 0.6097560975609755
40 43 38 0.0 0.0 362.0 0.0 7270.0 30.0 681.0 0.14569674263711102
40 43 39 0.0 0.0 257.0 0.0 5766.0 25.0 388.0 0.17504376094023502
40 43 40 0.0 0.0 162.0 9.0 3863.0 13.0 157.0 0.23248090335436727
40 43 41 0.0 0.0 509.0 0.0 9735.0 24.0 2063.0 0.11445389143230868
40 43 42 0.0 0.0 201.0 0.0 4530.0 27.0 209.0 0.20883054892601427
40 43 43 0.0 0.0 23.0 0.0 579.0 7.0 2.0 0.5397070161912104
40 43 44 0.0 0.0 38.0 0.0 678.0 6.0 0.0 0.5166051660516604
40 43 45 0.0 0.0 0.0 0.0 2.0 0.0 0.0 0.6993006993006992
40 44 37 0.0 0.0 0.0 0.0 24.0 0.0 0.0 0.6916996047430829
40 44 38 0.0 0.0 0.0 0.0 45.0 0.0 0.0 0.6845965770171147
40 44 39 0.0 0.0 0.0 0.0 34.0 0.0 0.0 0.6882989183874139
40 44 40 0.0 0.0 13.0 0.0 250.0 2.0 0.0 0.6191950464396283
40 44 41 0.0 0.0 39.0 0.0 966.0 9.0 3.0 0.4671338004671337
40 44 42 0.0 0.0 0.0 0.0 58.0 0.0 0.0 0.6802721088435373
40 44 43 0.0 0.0 0.0 0.0 6.0 0.0 0.0 0.6979062811565303
40 45 40 0.0 0.0 0.0 0.0 1.0 0.0 0.0 0.6996501749125437
41 35 38 0.0 0.0 0.0 0.0 2.0 0.0 0.0 0.6993006993006992
41 35 39 0.0 0.0 0.0 0.0 12.0 0.0 0.0 0.6958250497017892
41 35 40 0.0 0.0 4.0 0.0 61.0 2.0 0.0 0.6786233640329616
41 35 41 0.0 0.0 0.0 0.0 2.0 0.0 0.0 0.6993006993006992
41 36 35 0.0 0.0 0.0 0.0 5.0 0.0 0.0 0.6982543640897755
41 36 36 0.0 0.0 2.0 0.0 135.0 0.0 0.0 0.6551240056153486
41 36 37 0.0 0.0 45.0 0.0 922.0 9.0 5.0 0.4732927653820148
41 36 38 0.0 0.0 4.0 0.0 233.0 1.0 0.0 0.626118067978533
41 36 39 0.0 0.0 51.0 0.0 1397.0 11.0 6.0 0.40721349621873176
41 36 40 0.0 0.0 41.0 0.0 899.0 11.0 2.0 0.4779788323659951
41 36 41 0.0 0.0 0.0 0.0 52.0 0.0 0.0 0.6822612085769979
41 36 42 0.0 0.0 0.0 0.0 28.0 0.0 0.0 0.690335305719921
41 36 43 0.0 0.0 5.0 0.0 111.0 2.0 0.0 0.662251655629139
41 36 44 0.0 0.0 0.0 0.0 1.0 0.0 0.0 0.6996501749125437
41 37 35 0.0 0.0 0.0 0.0 3.0 0.0 0.0 0.6989515726410384
41 37 36 0.0 0.0 137.0 0.0 3680.0 15.0 121.0 0.24129610479145117
41 37 37 0.0 0.0 594.0 0.0 10643.0 25.0 2838.0 0.10585210948132465
41 37 38 0.0 0.0 364.0 0.0 7675.0 20.0 861.0 0.13970661610617702
41 37 39 0.0 0.0 719.0 0.0 11609.0 27.0 4740.0 0.09774488584793688
41 37 40 0.0 0.0 150.0 0.0 3893.0 22.0 131.0 0.23244230449941886
41 37 41 0.0 0.0 346.0 1.0 7009.0 20.0 639.0 0.14990898383124532
41 37 42 0.0 0.0 229.0 0.0 5401.0 15.0 322.0 0.18389596742414288
41 37 43 0.0 0.0 30.0 0.0 714.0 4.0 7.0 0.510948905109489
41 37 44 0.0 0.0 0.0 0.0 11.0 0.0 0.0 0.6961710591745399
41 38 35 0.0 0.0 0.0 0.0 11.0 0.0 0.0 0.6961710591745399
41 38 36 0.0 0.0 62.0 0.0 1575.0 12.0 19.0 0.3862068965517241
41 38 37 0.0 0.0 238.0 0.0 5518.0 20.0 334.0 0.18092530369604545
41 38 38 0.0 0.0 900.0 0.0 12615.0 37.0 9306.0 0.09029345372460496
41 38 39 0.0 0.0 637.0 0.0 11423.0 28.0 4251.0 0.09965831435079725
41 38 40 0.0 0.0 649.0 0.0 11320.0 21.0 3941.0 0.10025062656641602
41 38 41 0.0 9.0 683.0 155.0 11298.0 16.0 3932.0 0.09894692204396069
41 38 42 0.0 0.0 675.0 0.0 11393.0 29.0 4349.0 0.09964412811387899
41 38 43 0.0 0.0 293.0 0.0 6449.0 15.0 538.0 0.16031146226955226
41 38 44 0.0 0.0 5.0 0.0 266.0 2.0 2.0 0.6175562417291574
41 38 45 0.0 0.0 0.0 0.0 1.0 0.0 0.0 0.6996501749125437
41 39 35 0.0 0.0 2.0 0.0 45.0 3.0 0.0 0.684931506849315
41 39 36 0.0 0.0 69.0 0.0 1816.0 11.0 25.0 0.36138358286009287
41 39 37 0.0 0.0 454.0 0.0 8634.0 25.0 1257.0 0.1264679313459801
41 39 38 0.0 0.0 1035.0 1.0 13278.0 24.0 9898.0 0.08582638548307993
41 39 39 0.0 0.0 1886.0 4.0 11898.0 35.0 33615.0 0.08855715098994243
41 39 40 0.0 2.0 1521.0 9.0 13306.0 27.0 20732.0 0.0831008488158129
41 39 41 0.0 0.0 1881.0 6.0 12039.0 47.0 32882.0 0.08786243253420359
41 39 42 0.0 0.0 1160.0 0.0 13188.0 42.0 13101.0 0.08572653236176596
41 39 43 0.0 0.0 485.0 0.0 9547.0 19.0 2111.0 0.11642411642411642
41 39 44 0.0 0.0 109.0 0.0 2724.0 22.0 34.0 0.2909997921430056
41 39 45 0.0 0.0 0.0 0.0 5.0 0.0 0.0 0.6982543640897755
41 40 35 0.0 0.0 8.0 0.0 205.0 1.0 0.0 0.6329113924050632
41 40 36 0.0 0.0 282.0 0.0 6250.0 21.0 516.0 0.16441573693482087
41 40 37 0.0 0.0 643.0 0.0 11248.0 20.0 3913.0 0.10080645161290322
41 40 38 0.0 0.0 1033.0 0.0 13316.0 27.0 10082.0 0.0856478649210816
41 40 39 0.0 0.0 1690.0 7.0 12852.0 34.0 24961.0 0.08447984552256818
41 40 40 0.0 0.0 1411.0 26.0 13468.0 41.0 17582.0 0.08281573498964802
41 40 41 0.0 4.0 2056.0 46.0 11416.0 60.0 38969.0 0.09027016571023276
41 40 42 0.0 2.0 1249.0 33.0 13346.0 26.0 13674.0 0.08415484491464294
41 40 43 0.0 0.0 238.0 0.0 6162.0 12.0 536.0 0.166865315852205
41 40 44 0.0 0.0 105.0 0.0 2507.0 14.0 48.0 0.30448020878642884
41 40 45 0.0 0.0 0.0 0.0 2.0 0.0 0.0 0.6993006993006992
41 41 35 0.0 0.0 9.0 0.0 204.0 3.0 0.0 0.6334841628959276
41 41 36 0.0 0.0 451.0 0.0 8449.0 20.0 1164.0 0.12860554841080285
41 41 37 0.0 0.0 839.0 0.0 12236.0 33.0 6641.0 0.09288747346072185
41 41 38 0.0 0.0 1088.0 1.0 13348.0 40.0 10895.0 0.08525149190110826
41 41 39 0.0 2.0 1938.0 17.0 12786.0 45.0 29883.0 0.08351228823669767
41 41 40 0.0 5.0 1866.0 37.0 12577.0 48.0 29792.0 0.08493599466116604
41 41 41 0.0 8.0 1446.0 88.0 13302.0 43.0 18558.0 0.08306633440132906
41 41 42 0.0 0.0 600.0 33.0 10722.0 18.0 3051.0 0.1048767697954903
41 41 43 0.0 0.0 365.0 0.0 7602.0 20.0 931.0 0.1406611072038581
41 41 44 0.0 0.0 25.0 0.0 707.0 7.0 1.0 0.5137614678899082
41 41 45 0.0 0.0 0.0 0.0 2.0 0.0 0.0 0.6993006993006992
41 42 35 0.0 0.0 6.0 0.0 131.0 4.0 0.0 0.6563525550867322
41 42 36 0.0 0.0 9.0 0.0 315.0 2.0 1.0 0.6029285099052539
41 42 37 0.0 0.0 216.0 0.0 4640.0 20.0 176.0 0.20470829068577276
41 42 38 0.0 0.0 234.0 0.0 5409.0 17.0 346.0 0.1835102896841001
41 42 39 0.0 0.0 642.0 1.0 11109.0 25.0 3764.0 0.10192937750273025
41 42 40 0.0 4.0 884.0 49.0 12879.0 33.0 7145.0 0.08854034910194788
41 42 41 0.0 1.0 570.0 35.0 10634.0 21.0 2921.0 0.10577213659715924
41 42 42 0.0 1.0 681.0 16.0 11521.0 23.0 4184.0 0.09851523467736259
41 42 43 0.0 0.0 473.0 1.0 8865.0 27.0 1462.0 0.12367491166077736
41 42 44 0.0 0.0 0.0 0.0 94.0 0.0 0.0 0.6692160611854684
41 42 45 0.0 0.0 0.0 0.0 1.0 0.0 0.0 0.6996501749125437
41 43 35 0.0 0.0 1.0 0.0 5.0 0.0 0.0 0.6979062811565303
41 43 36 0.0 0.0 0.0 0.0 2.0 0.0 0.0 0.6993006993006992
41 43 37 0.0 0.0 84.0 0.0 1522.0 17.0 17.0 0.38997214484679665
41 43 38 0.0 0.0 53.0 0.0 1323.0 6.0 10.0 0.41543026706231445
41 43 39 0.0 0.0 179.0 0.0 4733.0 13.0 262.0 0.20289855072463764
41 43 40 0.0 0.0 234.0 0.0 5670.0 15.0 362.0 0.17739483020780533
41 43 41 0.0 0.0 210.0 0.0 4880.0 15.0 238.0 0.19787985865724378
41 43 42 0.0 0.0 194.0 0.0 4583.0 23.0 181.0 0.20719254106852153
41 43 43 0.0 0.0 134.0 0.0 2792.0 22.0 51.0 0.28542303771661565
41 43 44 0.0 0.0 22.0 0.0 439.0 5.0 0.0 0.5700325732899022
41 44 37 0.0 0.0 0.0 0.0 15.0 0.0 0.0 0.694789081885856
41 44 38 0.0 0.0 0.0 0.0 32.0 0.0 0.0 0.6889763779527558
41 44 39 0.0 0.0 1.0 0.0 94.0 0.0 0.0 0.6682577565632457
41 44 40 0.0 0.0 12.0 0.0 316.0 1.0 0.0 0.6016330038676406
41 44 41 0.0 0.0 0.0 0.0 84.0 0.0 0.0 0.6717850287907868
41 44 42 0.0 0.0 0.0 0.0 40.0 0.0 0.0 0.6866110838646394
41 44 43 0.0 0.0 1.0 0.0 42.0 0.0 0.0 0.6852667645619186
41 44 44 0.0 0.0 0.0 0.0 1.0 0.0 0.0 0.6996501749125437
41 45 42 0.0 0.0 0.0 0.0 1.0 0.0 0.0 0.6996501749125437
42 35 36 0.0 0.0 0.0 0.0 1.0 0.0 0.0 0.6996501749125437
42 35 37 0.0 0.0 0.0 0.0 1.0 0.0 0.0 0.6996501749125437
42 35 38 0.0 0.0 0.0 0.0 2.0 0.0 0.0 0.6993006993006992
42 35 39 0.0 0.0 0.0 0.0 1.0 0.0 0.0 0.6996501749125437
42 35 40 0.0 0.0 0.0 0.0 1.0 0.0 0.0 0.6996501749125437
42 36 35 0.0 0.0 0.0 0.0 2.0 0.0 0.0 0.6993006993006992
42 36 36 0.0 0.0 4.0 0.0 95.0 1.0 0.0 0.6673021925643469
42 36 37 0.0 0.0 22.0 0.0 477.0 5.0 0.0 0.5613472333600641
42 36 38 0.0 0.0 98.0 0.0 2101.0 18.0 24.0 0.3349282296650717
42 36 39 0.0 0.0 5.0 0.0 196.0 0.0 0.0 0.6360745115856428
42 36 40 0.0 0.0 76.0 0.0 1958.0 10.0 28.0 0.3479990057171265
42 36 41 0.0 0.0 0.0 0.0 25.0 0.0 0.0 0.6913580246913579
42 36 42 0.0 0.0 4.0 0.0 160.0 1.0 1.0 0.6472491909385112
42 36 43 0.0 0.0 0.0 0.0 6.0 0.0 0.0 0.6979062811565303
42 36 44 0.0 0.0 0.0 0.0 1.0 0.0 0.0 0.6996501749125437
42 37 35 0.0 0.0 0.0 0.0 9.0 0.0 0.0 0.6968641114982577
42 37 36 0.0 0.0 5.0 0.0 222.0 1.0 0.0 0.6289308176100628
42 37 37 0.0 0.0 137.0 0.0 3313.0 19.0 82.0 0.25768452052273144
42 37 38 0.0 0.0 189.0 0.0 4729.0 16.0 232.0 0.20283975659229206
42 37 39 0.0 0.0 466.0 0.0 9232.0 30.0 1704.0 0.11993489248693565
42 37 40 0.0 0.0 277.0 0.0 5929.0 20.0 459.0 0.17096104530467698
42 37 41 0.0 0.0 247.0 0.0 5563.0 19.0 369.0 0.17955623957932534
42 37 42 0.0 0.0 67.0 0.0 1641.0 13.0 25.0 0.3788903924221921
42 37 43 0.0 0.0 3.0 0.0 241.0 1.0 2.0 0.6241640659830583
42 37 44 0.0 0.0 0.0 0.0 30.0 1.0 0.0 0.6899950714637751
42 37 45 0.0 0.0 0.0 0.0 1.0 0.0 0.0 0.6996501749125437
42 38 35 0.0 0.0 0.0 0.0 3.0 0.0 0.0 0.6989515726410384
42 38 36 0.0 0.0 5.0 0.0 391.0 2.0 2.0 0.5847953216374269
42 38 37 0.0 0.0 339.0 0.0 6706.0 20.0 577.0 0.15502159229321225
42 38 38 0.0 0.0 897.0 0.0 12539.0 20.0 8267.0 0.09065009065009064
42 38 39 0.0 0.0 1085.0 0.0 13162.0 29.0 11989.0 0.08613794376422813
42 38 40 0.0 0.0 696.0 0.0 11551.0 32.0 4181.0 0.09838369641602247
42 38 41 0.0 0.0 728.0 0.0 11514.0 27.0 3954.0 0.09839061072457655
42 38 42 0.0 0.0 355.0 0.0 7484.0 29.0 897.0 0.14266788953429121
42 38 43 0.0 0.0 392.0 0.0 7432.0 26.0 902.0 0.1428134244618994
42 38 44 0.0 0.0 27.0 0.0 707.0 5.0 3.0 0.5130084279956026
42 39 35 0.0 0.0 11.0 0.0 227.0 3.0 1.0 0.626118067978533
42 39 36 0.0 0.0 120.0 0.0 2418.0 12.0 20.0 0.3093239063190455
42 39 37 0.0 0.0 467.0 0.0 9532.0 20.0 2085.0 0.11675423234092235
42 39 38 0.0 0.0 672.0 0.0 11304.0 27.0 3647.0 0.10025780578630764
42 39 39 0.0 0.0 812.0 1.0 12499.0 31.0 7350.0 0.09143752857422766
42 39 40 0.0 2.0 838.0 17.0 12711.0 29.0 5838.0 0.08999742864489585
42 39 41 0.0 0.0 917.0 0.0 13064.0 34.0 8384.0 0.0876533934385174
42 39 42 0.0 0.0 996.0 0.0 12587.0 35.0 11675.0 0.0898703299524971
42 39 43 0.0 0.0 732.0 0.0 11557.0 23.0 4289.0 0.09803921568627451
42 39 44 0.0 0.0 48.0 0.0 1283.0 11.0 12.0 0.4216867469879517
42 39 45 0.0 0.0 0.0 0.0 3.0 0.0 0.0 0.6989515726410384
42 40 35 0.0 0.0 1.0 0.0 47.0 0.0 0.0 0.6835937499999999
42 40 36 0.0 0.0 61.0 0.0 1517.0 7.0 12.0 0.39215686274509803
42 40 37 0.0 0.0 452.0 0.0 9316.0 23.0 1988.0 0.11910838863365661
42 40 38 0.0 0.0 1395.0 0.0 13367.0 46.0 17450.0 0.08358707982566123
42 40 39 0.0 0.0 1331.0 0.0 13546.0 46.0 16321.0 0.08298263292039594
42 40 40 0.0 0.0 1397.0 0.0 12958.0 44.0 20714.0 0.08560596795890912
42 40 41 0.0 0.0 1055.0 2.0 13415.0 36.0 9240.0 0.08497208060208788
42 40 42 0.0 1.0 938.0 0.0 12672.0 22.0 7886.0 0.08969759097898512
42 40 43 0.0 0.0 386.0 0.0 8188.0 21.0 1169.0 0.13265112753458402
42 40 44 0.0 0.0 34.0 0.0 1030.0 10.0 7.0 0.45841519318925994
42 40 45 0.0 0.0 0.0 0.0 1.0 0.0 0.0 0.6996501749125437
42 41 35 0.0 0.0 0.0 0.0 19.0 0.0 0.0 0.6934125804853887
42 41 36 0.0 0.0 130.0 0.0 2668.0 12.0 35.0 0.2925198495612202
42 41 37 0.0 0.0 296.0 0.0 6631.0 13.0 619.0 0.15702108568864961
42 41 38 0.0 0.0 546.0 0.0 9828.0 31.0 1876.0 0.11334196891191708
42 41 39 0.0 0.0 978.0 0.0 13007.0 23.0 9428.0 0.08760951188986231
42 41 40 0.0 0.0 842.0 1.0 12392.0 23.0 5895.0 0.09191176470588233
42 41 41 0.0 0.0 1309.0 0.0 13116.0 39.0 17252.0 0.08527226215129735
42 41 42 0.0 0.0 750.0 0.0 11979.0 22.0 6042.0 0.09505058048747368
42 41 43 0.0 0.0 174.0 0.0 4053.0 19.0 169.0 0.22547914317925588
42 41 44 0.0 0.0 22.0 0.0 594.0 9.0 2.0 0.5370157268891445
42 41 45 0.0 0.0 0.0 0.0 2.0 0.0 0.0 0.6993006993006992
42 42 35 0.0 0.0 0.0 0.0 14.0 0.0 0.0 0.695479384003974
42 42 36 0.0 0.0 90.0 0.0 2360.0 14.0 34.0 0.3157419936851601
42 42 37 0.0 0.0 35.0 0.0 1076.0 6.0 2.0 0.4508856682769726
42 42 38 0.0 0.0 442.0 0.0 9144.0 28.0 2046.0 0.1210758453688489
42 42 39 0.0 0.0 728.0 0.0 11748.0 25.0 4904.0 0.09677865339416561
42 42 40 0.0 0.0 1074.0 0.0 13028.0 27.0 11371.0 0.08692412765429032
42 42 41 0.0 0.0 680.0 0.0 11540.0 23.0 4477.0 0.09846673231115487
42 42 42 0.0 0.0 563.0 0.0 10626.0 27.0 3276.0 0.10622960770923437
42 42 43 0.0 0.0 153.0 0.0 3604.0 17.0 137.0 0.24385995471172264
42 42 44 0.0 0.0 0.0 0.0 49.0 0.0 0.0 0.6832601268911663
42 42 45 0.0 0.0 0.0 0.0 1.0 0.0 0.0 0.6996501749125437
42 43 36 0.0 0.0 2.0 0.0 56.0 0.0 0.0 0.6802721088435373
42 43 37 0.0 0.0 0.0 0.0 59.0 0.0 0.0 0.6799417192812044
42 43 38 0.0 0.0 7.0 0.0 323.0 1.0 0.0 0.6011163589523401
42 43 39 0.0 0.0 382.0 0.0 7444.0 28.0 781.0 0.14287172160424533
42 43 40 0.0 0.0 114.0 2.0 3296.0 13.0 98.0 0.2592592592592592
42 43 41 0.0 0.0 293.0 0.0 6390.0 25.0 498.0 0.16160683366039474
42 43 42 0.0 0.0 24.0 0.0 575.0 9.0 0.0 0.5405405405405405
42 43 43 0.0 0.0 10.0 0.0 398.0 4.0 0.0 0.5823627287853577
42 43 44 0.0 0.0 0.0 0.0 15.0 0.0 0.0 0.694789081885856
42 44 36 0.0 0.0 0.0 0.0 1.0 0.0 0.0 0.6996501749125437
42 44 37 0.0 0.0 0.0 0.0 2.0 0.0 0.0 0.6993006993006992
42 44 38 0.0 0.0 0.0 0.0 16.0 0.0 0.0 0.6944444444444444
42 44 39 0.0 0.0 11.0 0.0 207.0 4.0 0.0 0.6323396567299006
42 44 40 0.0 0.0 1.0 0.0 58.0 1.0 0.0 0.6806028196402526
42 44 41 0.0 0.0 0.0 0.0 43.0 1.0 0.0 0.6856023506366307
42 44 42 0.0 0.0 2.0 0.0 70.0 1.0 0.0 0.6760019314340897
42 44 43 0.0 0.0 5.0 0.0 111.0 0.0 0.0 0.661625708884688
43 35 38 0.0 0.0 0.0 0.0 1.0 0.0 0.0 0.6996501749125437
43 35 39 0.0 0.0 0.0 0.0 2.0 0.0 0.0 0.6993006993006992
43 35 40 0.0 0.0 0.0 0.0 3.0 0.0 0.0 0.6989515726410384
43 36 36 0.0 0.0 0.0 0.0 3.0 0.0 0.0 0.6989515726410384
43 36 37 0.0 0.0 0.0 0.0 32.0 0.0 0.0 0.6889763779527558
43 36 38 0.0 0.0 6.0 0.0 120.0 2.0 0.0 0.6591337099811675
43 36 39 0.0 0.0 36.0 0.0 775.0 13.0 2.0 0.5003573981415296
43 36 40 0.0 0.0 3.0 0.0 130.0 2.0 0.0 0.6569685593618019
43 36 41 0.0 0.0 2.0 0.0 29.0 1.0 0.0 0.689655172413793
43 36 42 0.0 0.0 1.0 0.0 7.0 0.0 0.0 0.6975585450921773
43 37 35 0.0 0.0 0.0 0.0 1.0 0.0 0.0 0.6996501749125437
43 37 36 0.0 0.0 0.0 0.0 7.0 0.0 0.0 0.6975585450921773
43 37 37 0.0 0.0 24.0 0.0 556.0 8.0 2.0 0.5443234836702955
43 37 38 0.0 0.0 410.0 0.0 8022.0 29.0 1137.0 0.13449899125756554
43 37 39 0.0 0.0 161.0 0.0 3904.0 27.0 155.0 0.23190326321020371
43 37 40 0.0 0.0 114.0 0.0 3042.0 17.0 66.0 0.27226760015558144
43 37 41 0.0 0.0 130.0 0.0 3155.0 16.0 82.0 0.2657050673752135
43 37 42 0.0 0.0 17.0 0.0 527.0 4.0 2.0 0.5509641873278236
43 37 43 0.0 0.0 9.0 0.0 199.0 4.0 0.0 0.6352087114337567
43 37 44 0.0 0.0 0.0 0.0 10.0 0.0 0.0 0.6965174129353233
43 38 36 0.0 0.0 7.0 0.0 305.0 1.0 0.0 0.6057983556901773
43 38 37 0.0 0.0 144.0 0.0 3825.0 18.0 125.0 0.23533366952428977
43 38 38 0.0 0.0 375.0 0.0 8129.0 23.0 1101.0 0.13347316236056822
43 38 39 0.0 0.0 520.0 0.0 9656.0 23.0 2015.0 0.11509371917132522
43 38 40 0.0 0.0 271.0 0.0 6311.0 22.0 492.0 0.16343684333411157
43 38 41 0.0 0.0 366.0 0.0 7777.0 25.0 1015.0 0.1382852627419992
43 38 42 0.0 0.0 506.0 0.0 9724.0 17.0 2314.0 0.11448196908986832
43 38 43 0.0 0.0 101.0 0.0 2373.0 15.0 26.0 0.3140421713772992
43 38 44 0.0 0.0 34.0 0.0 670.0 6.0 0.0 0.5189028910303928
43 38 45 0.0 0.0 0.0 0.0 1.0 0.0 0.0 0.6996501749125437
43 39 36 0.0 0.0 67.0 0.0 1403.0 8.0 3.0 0.4046242774566473
43 39 37 0.0 0.0 196.0 0.0 4668.0 20.0 217.0 0.20452885317750177
43 39 38 0.0 0.0 299.0 0.0 6594.0 20.0 634.0 0.1576931741383194
43 39 39 0.0 0.0 516.0 0.0 10026.0 31.0 2523.0 0.11176752355101388
43 39 40 0.0 0.0 768.0 0.0 11951.0 32.0 5333.0 0.0951927653498334
43 39 41 0.0 0.0 470.0 0.0 9035.0 20.0 1500.0 0.12179208351457155
43 39 42 0.0 0.0 389.0 0.0 8140.0 24.0 1083.0 0.13311780926119612
43 39 43 0.0 0.0 135.0 0.0 3846.0 20.0 168.0 0.23489932885906034
43 39 44 0.0 0.0 4.0 0.0 308.0 3.0 0.0 0.6063230835859679
43 40 35 0.0 0.0 0.0 0.0 1.0 0.0 0.0 0.6996501749125437
43 40 36 0.0 0.0 52.0 0.0 1149.0 7.0 11.0 0.43818466353677615
43 40 37 0.0 0.0 400.0 0.0 8077.0 26.0 971.0 0.13383041774208965
43 40 38 0.0 0.0 427.0 0.0 8670.0 22.0 1542.0 0.12633098718642843
43 40 39 0.0 0.0 471.0 0.0 9601.0 17.0 2265.0 0.11599005799502898
43 40 40 0.0 0.0 474.0 0.0 9698.0 19.0 2412.0 0.11501807426881365
43 40 41 0.0 0.0 499.0 0.0 9361.0 28.0 1738.0 0.1182632201385369
43 40 42 0.0 0.0 344.0 0.0 7752.0 21.0 955.0 0.13891645167692002
43 40 43 0.0 0.0 550.0 0.0 10231.0 22.0 2699.0 0.10965771128691157
43 40 44 0.0 0.0 35.0 0.0 612.0 12.0 0.0 0.5313092979127134
43 40 45 0.0 0.0 0.0 0.0 1.0 0.0 0.0 0.6996501749125437
43 41 35 0.0 0.0 0.0 0.0 6.0 0.0 0.0 0.6979062811565303
43 41 36 0.0 0.0 0.0 0.0 54.0 1.0 0.0 0.6819288845591815
43 41 37 0.0 0.0 56.0 0.0 1829.0 11.0 23.0 0.3614768912987348
43 41 38 0.0 0.0 246.0 0.0 5640.0 24.0 349.0 0.1779811848461734
43 41 39 0.0 0.0 591.0 0.0 10707.0 24.0 3276.0 0.10532651218778212
43 41 40 0.0 0.0 546.0 0.0 10372.0 24.0 3109.0 0.10845146796808428
43 41 41 0.0 0.0 553.0 0.0 10263.0 24.0 2542.0 0.10937499999999999
43 41 42 0.0 0.0 251.0 0.0 6125.0 21.0 537.0 0.16754427955959786
43 41 43 0.0 0.0 126.0 0.0 2781.0 22.0 49.0 0.28665028665028663
43 41 44 0.0 0.0 0.0 0.0 45.0 1.0 0.0 0.684931506849315
43 42 35 0.0 0.0 0.0 0.0 2.0 0.0 0.0 0.6993006993006992
43 42 36 0.0 0.0 0.0 0.0 15.0 0.0 0.0 0.694789081885856
43 42 37 0.0 0.0 18.0 0.0 366.0 8.0 1.0 0.5892255892255891
43 42 38 0.0 0.0 230.0 0.0 5385.0 22.0 324.0 0.18438035032266556
43 42 39 0.0 0.0 151.0 0.0 3496.0 14.0 92.0 0.24857954545454541
43 42 40 0.0 0.0 412.0 0.0 8716.0 24.0 1426.0 0.12593325537465141
43 42 41 0.0 0.0 214.0 0.0 4600.0 23.0 184.0 0.20606417427141593
43 42 42 0.0 0.0 151.0 0.0 3625.0 20.0 103.0 0.2431399791594303
43 42 43 0.0 0.0 75.0 0.0 1906.0 15.0 26.0 0.35308953341740223
43 42 44 0.0 0.0 0.0 0.0 9.0 0.0 0.0 0.6968641114982577
43 43 36 0.0 0.0 0.0 0.0 1.0 0.0 0.0 0.6996501749125437
43 43 37 0.0 0.0 3.0 0.0 104.0 0.0 0.0 0.664767331433998
43 43 38 0.0 0.0 49.0 0.0 1009.0 8.0 4.0 0.45901639344262285
43 43 39 0.0 0.0 147.0 0.0 2980.0 30.0 66.0 0.27456363992939786
43 43 40 0.0 0.0 80.0 0.0 2242.0 15.0 38.0 0.32505224053865794
43 43 41 0.0 0.0 197.0 0.0 4497.0 15.0 187.0 0.20958083832335325
43 43 42 0.0 0.0 78.0 0.0 1995.0 14.0 32.0 0.3448275862068965
43 43 43 0.0 0.0 11.0 0.0 305.0 2.0 0.0 0.6050129645635263
43 43 44 0.0 0.0 0.0 0.0 2.0 0.0 0.0 0.6993006993006992
43 44 38 0.0 0.0 0.0 0.0 14.0 0.0 0.0 0.6951340615690167
43 44 39 0.0 0.0 0.0 0.0 17.0 0.0 0.0 0.694100148735746
43 44 40 0.0 0.0 68.0 0.0 1537.0 9.0 13.0 0.38932146829810893
43 44 41 0.0 0.0 0.0 0.0 16.0 0.0 0.0 0.6944444444444444
43 44 42 0.0 0.0 0.0 0.0 7.0 0.0 0.0 0.6975585450921773
43 44 43 0.0 0.0 0.0 0.0 1.0 0.0 0.0 0.6996501749125437
44 35 39 0.0 0.0 0.0 0.0 1.0 0.0 0.0 0.6996501749125437
44 36 37 0.0 0.0 0.0 0.0 20.0 0.0 0.0 0.6930693069306929
44 36 38 0.0 0.0 27.0 0.0 541.0 6.0 0.0 0.5464480874316939
44 36 39 0.0 0.0 37.0 0.0 1146.0 5.0 5.0 0.44039005976722234
44 36 40 0.0 0.0 8.0 0.0 113.0 2.0 0.0 0.6606890042472864
44 36 41 0.0 0.0 0.0 0.0 5.0 0.0 0.0 0.6982543640897755
44 36 42 0.0 0.0 0.0 0.0 1.0 0.0 0.0 0.6996501749125437
44 37 36 0.0 0.0 1.0 0.0 6.0 1.0 0.0 0.6979062811565303
44 37 37 0.0 0.0 0.0 0.0 33.0 0.0 0.0 0.6886374815543531
44 37 38 0.0 0.0 51.0 0.0 1499.0 7.0 12.0 0.39514535704205467
44 37 39 0.0 0.0 8.0 0.0 271.0 1.0 0.0 0.6145741878841088
44 37 40 0.0 0.0 4.0 0.0 121.0 2.0 1.0 0.6594441827602449
44 37 41 0.0 0.0 10.0 0.0 171.0 3.0 0.0 0.6427915518824608
44 37 42 0.0 0.0 0.0 0.0 54.0 0.0 0.0 0.6815968841285296
44 37 43 0.0 0.0 5.0 0.0 162.0 3.0 0.0 0.6469500924214416
44 38 36 0.0 0.0 0.0 0.0 5.0 0.0 0.0 0.6982543640897755
44 38 37 0.0 0.0 5.0 0.0 141.0 1.0 1.0 0.6526806526806526
44 38 38 0.0 0.0 5.0 0.0 199.0 1.0 0.0 0.6354970494779845
44 38 39 0.0 0.0 50.0 0.0 983.0 11.0 2.0 0.46326935804103236
44 38 40 0.0 0.0 477.0 0.0 9234.0 23.0 1824.0 0.11969904240766073
44 38 41 0.0 0.0 27.0 0.0 657.0 9.0 3.0 0.5233644859813084
44 38 42 0.0 0.0 27.0 0.0 963.0 5.0 4.0 0.4690117252931323
44 38 43 0.0 0.0 0.0 0.0 78.0 0.0 0.0 0.6740491092922483
44 38 44 0.0 0.0 1.0 0.0 34.0 1.0 0.0 0.6882989183874139
44 38 45 0.0 0.0 0.0 0.0 1.0 0.0 0.0 0.6996501749125437
44 39 35 0.0 0.0 0.0 0.0 1.0 0.0 0.0 0.6996501749125437
44 39 36 0.0 0.0 2.0 0.0 27.0 1.0 0.0 0.690335305719921
44 39 37 0.0 0.0 74.0 0.0 1210.0 13.0 4.0 0.42800366860287364
44 39 38 0.0 0.0 23.0 0.0 586.0 3.0 4.0 0.5372217958557175
44 39 39 0.0 0.0 152.0 0.0 3201.0 20.0 75.0 0.26241799437675717
44 39 40 0.0 0.0 179.0 0.0 4146.0 12.0 165.0 0.22176461270394424
44 39 41 0.0 0.0 59.0 0.0 1411.0 11.0 9.0 0.40497541220711597
44 39 42 0.0 0.0 140.0 0.0 3096.0 18.0 70.0 0.2681992337164751
44 39 43 0.0 0.0 5.0 0.0 232.0 3.0 0.0 0.6266786034019695
44 39 44 0.0 0.0 60.0 0.0 1203.0 15.0 5.0 0.4310344827586206
44 40 35 0.0 0.0 0.0 0.0 2.0 0.0 0.0 0.6993006993006992
44 40 36 0.0 0.0 8.0 0.0 97.0 4.0 0.0 0.6663493574488338
44 40 37 0.0 0.0 18.0 0.0 416.0 3.0 0.0 0.5758946935417523
44 40 38 0.0 0.0 20.0 0.0 585.0 6.0 2.0 0.5388760585065434
44 40 39 0.0 0.0 91.0 0.0 2231.0 17.0 15.0 0.3252032520325203
44 40 40 0.0 0.0 374.0 0.0 8167.0 19.0 1232.0 0.13289036544850497
44 40 41 0.0 0.0 20.0 0.0 561.0 5.0 3.0 0.5439005439005438
44 40 42 0.0 0.0 63.0 0.0 1583.0 11.0 9.0 0.38503850385038496
44 40 43 0.0 0.0 13.0 0.0 274.0 5.0 0.0 0.6134969325153373
44 40 44 0.0 0.0 0.0 0.0 24.0 0.0 0.0 0.6916996047430829
44 40 45 0.0 0.0 0.0 0.0 1.0 0.0 0.0 0.6996501749125437
44 41 36 0.0 0.0 0.0 0.0 10.0 0.0 0.0 0.6965174129353233
44 41 37 0.0 0.0 7.0 0.0 88.0 6.0 0.0 0.6701771182383915
44 41 38 0.0 0.0 8.0 0.0 312.0 1.0 0.0 0.6037084950409658
44 41 39 0.0 0.0 159.0 0.0 3354.0 10.0 69.0 0.254314259763851
44 41 40 0.0 0.0 35.0 0.0 548.0 12.0 4.0 0.5447470817120622
44 41 41 0.0 0.0 32.0 0.0 834.0 5.0 5.0 0.4895104895104894
44 41 42 0.0 0.0 131.0 0.0 2452.0 12.0 21.0 0.30607783121993876
44 41 43 0.0 0.0 49.0 0.0 1303.0 10.0 5.0 0.4189108318372231
44 41 44 0.0 0.0 0.0 0.0 55.0 0.0 0.0 0.6812652068126519
44 42 36 0.0 0.0 0.0 0.0 1.0 0.0 0.0 0.6996501749125437
44 42 37 0.0 0.0 0.0 0.0 10.0 0.0 0.0 0.6965174129353233
44 42 38 0.0 0.0 14.0 0.0 495.0 4.0 3.0 0.558882235528942
44 42 39 0.0 0.0 271.0 0.0 6170.0 12.0 555.0 0.1659751037344398
44 42 40 0.0 0.0 4.0 0.0 235.0 1.0 1.0 0.6255585344057193
44 42 41 0.0 0.0 8.0 0.0 359.0 2.0 1.0 0.5919661733615221
44 42 42 0.0 0.0 0.0 0.0 54.0 0.0 0.0 0.6815968841285296
44 42 43 0.0 0.0 0.0 0.0 13.0 0.0 0.0 0.695479384003974
44 42 44 0.0 0.0 0.0 0.0 2.0 0.0 0.0 0.6993006993006992
44 43 37 0.0 0.0 0.0 0.0 14.0 0.0 0.0 0.6951340615690167
44 43 38 0.0 0.0 0.0 0.0 24.0 0.0 0.0 0.6916996047430829
44 43 39 0.0 0.0 8.0 0.0 117.0 1.0 0.0 0.6591337099811675
44 43 40 0.0 0.0 0.0 0.0 44.0 0.0 0.0 0.684931506849315
44 43 41 0.0 0.0 0.0 0.0 23.0 0.0 0.0 0.6920415224913494
44 43 42 0.0 0.0 0.0 0.0 11.0 0.0 0.0 0.6961710591745399
44 43 43 0.0 0.0 0.0 0.0 4.0 0.0 0.0 0.6986027944111775
44 43 44 0.0 0.0 0.0 0.0 2.0 0.0 0.0 0.6993006993006992
44 44 40 0.0 0.0 0.0 0.0 6.0 0.0 0.0 0.6979062811565303
44 44 41 0.0 0.0 0.0 0.0 1.0 0.0 0.0 0.6996501749125437
44 44 42 0.0 0.0 0.0 0.0 1.0 0.0 0.0 0.6996501749125437
45 36 38 0.0 0.0 0.0 0.0 3.0 0.0 0.0 0.6993006993006992
45 36 39 0.0 0.0 0.0 0.0 3.0 0.0 0.0 0.6989515726410384
45 36 40 0.0 0.0 0.0 0.0 1.0 0.0 0.0 0.6996501749125437
45 37 39 0.0 0.0 26.0 0.0 847.0 5.0 1.0 0.4881450488145048
45 37 40 0.0 0.0 20.0 0.0 415.0 6.0 2.0 0.5763688760806915
45 37 41 0.0 0.0 4.0 0.0 109.0 0.0 1.0 0.6625650733554187
45 37 42 0.0 0.0 0.0 0.0 1.0 0.0 0.0 0.6996501749125437
45 37 43 0.0 0.0 0.0 0.0 2.0 0.0 0.0 0.6993006993006992
45 38 39 0.0 0.0 0.0 0.0 29.0 0.0 0.0 0.6899950714637751
45 38 40 0.0 0.0 0.0 0.0 53.0 0.0 0.0 0.6819288845591815
45 38 41 0.0 0.0 128.0 0.0 3217.0 19.0 84.0 0.2627627627627627
45 38 42 0.0 0.0 0.0 0.0 5.0 0.0 0.0 0.6982543640897755
45 38 43 0.0 0.0 0.0 0.0 1.0 0.0 0.0 0.6996501749125437
45 39 36 0.0 0.0 0.0 0.0 1.0 0.0 0.0 0.6996501749125437
45 39 38 0.0 0.0 0.0 0.0 3.0 0.0 0.0 0.6989515726410384
45 39 39 0.0 0.0 0.0 0.0 51.0 0.0 0.0 0.6829268292682925
45 39 40 0.0 0.0 0.0 0.0 59.0 2.0 0.0 0.6806028196402526
45 39 41 0.0 0.0 30.0 0.0 603.0 6.0 2.0 0.5329272934906736
45 39 42 0.0 0.0 1.0 0.0 13.0 0.0 0.0 0.6951340615690167
45 39 43 0.0 0.0 0.0 0.0 8.0 0.0 0.0 0.697211155378486
45 39 44 0.0 0.0 0.0 0.0 1.0 0.0 0.0 0.6996501749125437
45 39 45 0.0 0.0 0.0 0.0 1.0 0.0 0.0 0.6996501749125437
45 40 36 0.0 0.0 0.0 0.0 1.0 0.0 0.0 0.6996501749125437
45 40 38 0.0 0.0 0.0 0.0 1.0 0.0 0.0 0.6996501749125437
45 40 39 0.0 0.0 8.0 0.0 182.0 2.0 0.0 0.639853747714808
45 40 40 0.0 0.0 1.0 0.0 57.0 0.0 0.0 0.6802721088435373
45 40 41 0.0 0.0 5.0 0.0 63.0 0.0 0.0 0.6773101112723753
45 40 42 0.0 0.0 0.0 0.0 1.0 0.0 0.0 0.6996501749125437
45 40 43 0.0 0.0 0.0 0.0 3.0 0.0 0.0 0.6989515726410384
45 41 37 0.0 0.0 0.0 0.0 1.0 0.0 0.0 0.6996501749125437
45 41 38 0.0 0.0 0.0 0.0 7.0 0.0 0.0 0.6975585450921773
45 41 39 0.0 0.0 112.0 0.0 2058.0 14.0 28.0 0.3366193796585717
45 41 40 0.0 0.0 2.0 0.0 42.0 1.0 0.0 0.6852667645619186
45 41 41 0.0 0.0 0.0 0.0 17.0 0.0 0.0 0.694100148735746
45 41 42 0.0 0.0 1.0 0.0 10.0 1.0 0.0 0.6965174129353233
45 42 38 0.0 0.0 2.0 0.0 50.0 1.0 0.0 0.68259385665529
45 42 39 0.0 0.0 0.0 0.0 19.0 0.0 0.0 0.6934125804853887
45 42 40 0.0 0.0 0.0 0.0 13.0 0.0 0.0 0.6958250497017892
45 42 42 0.0 0.0 0.0 0.0 2.0 0.0 0.0 0.6993006993006992
45 43 38 0.0 0.0 0.0 0.0 7.0 0.0 0.0 0.6975585450921773
45 43 39 0.0 0.0 69.0 0.0 1071.0 14.0 5.0 0.44785668586052463
45 43 40 0.0 0.0 0.0 0.0 4.0 0.0 0.0 0.6986027944111775
45 44 40 0.0 0.0 0.0 0.0 2.0 0.0 0.0 0.6993006993006992
46 37 40 0.0 0.0 2.0 0.0 41.0 1.0 0.0 0.6856023506366307
46 37 41 0.0 0.0 0.0 0.0 1.0 0.0 0.0 0.6996501749125437
46 37 42 0.0 0.0 0.0 0.0 2.0 0.0 0.0 0.6993006993006992
46 38 40 0.0 0.0 0.0 0.0 2.0 0.0 0.0 0.6993006993006992
46 38 41 0.0 0.0 0.0 0.0 2.0 0.0 0.0 0.6993006993006992
46 38 42 0.0 0.0 0.0 0.0 2.0 0.0 0.0 0.6993006993006992
46 39 40 0.0 0.0 0.0 0.0 2.0 0.0 0.0 0.6993006993006992
46 39 41 0.0 0.0 0.0 0.0 3.0 0.0 0.0 0.6989515726410384
46 41 38 0.0 0.0 0.0 0.0 2.0 0.0 0.0 0.6993006993006992
46 41 39 0.0 0.0 0.0 0.0 1.0 0.0 0.0 0.0
46 41 40 0.0 0.0 0.0 0.0 2.0 0.0 0.0 0.6993006993006992
46 42 40 0.0 0.0 0.0 0.0 1.0 0.0 0.0 0.6996501749125437
46 43 39 0.0 0.0 0.0 0.0 1.0 0.0 0.0 0.6996501749125437
