38 39 39 0.0 0.0 0.0 0.0 1.0 0.0 0.0 0.6996501749125437
38 39 41 0.0 0.0 0.0 0.0 3.0 0.0 0.0 0.6989515726410384
38 40 39 0.0 0.0 0.0 0.0 1.0 0.0 0.0 0.6996501749125437
38 40 40 0.0 0.0 0.0 0.0 2.0 0.0 0.0 0.6993006993006992
38 40 41 0.0 0.0 0.0 0.0 1.0 0.0 0.0 0.6996501749125437
38 41 40 0.0 0.0 2.0 0.0 19.0 0.0 0.0 0.6927263730826323
39 39 39 0.0 0.0 6.0 0.0 154.0 2.0 0.0 0.6487488415199257
39 39 40 0.0 0.0 2.0 0.0 108.0 1.0 0.0 0.6638217164532954
39 39 41 0.0 0.0 11.0 0.0 321.0 4.0 0.0 0.6013745704467354
39 40 39 0.0 0.0 3.0 2.0 83.0 1.0 0.0 0.6711409395973154
39 40 40 0.0 0.0 155.0 0.0 3359.0 13.0 61.0 0.25445292620865134
39 40 41 0.0 0.0 0.0 1.0 38.0 0.0 0.0 0.6866110838646394
39 41 39 0.0 0.0 0.0 4.0 40.0 0.0 0.0 0.684931506849315
39 41 40 0.0 0.0 4.0 0.0 95.0 4.0 0.0 0.6682577565632457
39 41 41 0.0 0.0 0.0 2.0 52.0 0.0 0.0 0.6815968841285296
40 39 39 0.0 0.0 6.0 0.0 96.0 3.0 0.0 0.6669842782277274
40 39 40 0.0 0.0 0.0 0.0 39.0 0.0 0.0 0.6866110838646394
40 39 41 0.0 0.0 2.0 0.0 73.0 1.0 0.0 0.6750241080038573
40 39 42 0.0 0.0 0.0 0.0 4.0 0.0 0.0 0.6986027944111775
40 40 39 0.0 0.0 1.0 1.0 76.0 1.0 0.0 0.6740491092922483
40 40 40 11.0 16.0 551.0 286.0 9988.0 21.0 2507.0 0.1089833411178577
40 40 41 0.0 0.0 98.0 0.0 1670.0 19.0 12.0 0.3735325506937032
40 41 39 0.0 0.0 0.0 0.0 31.0 0.0 0.0 0.6893156080748399
40 41 40 0.0 0.0 0.0 0.0 46.0 0.0 0.0 0.6842619745845552
40 41 41 0.0 0.0 0.0 0.0 52.0 1.0 0.0 0.68259385665529
40 42 40 0.0 0.0 0.0 0.0 1.0 0.0 0.0 0.6996501749125437
41 39 39 0.0 0.0 25.0 0.0 596.0 4.0 0.0 0.5349636988918608
41 39 40 0.0 0.0 0.0 0.0 46.0 0.0 0.0 0.6842619745845552
41 39 41 0.0 0.0 10.0 0.0 168.0 5.0 0.0 0.6442705936493326
41 40 39 0.0 0.0 1.0 0.0 86.0 1.0 0.0 0.6711409395973154
41 40 40 0.0 0.0 0.0 1.0 65.0 0.0 0.0 0.6776379477250725
41 40 41 0.0 0.0 91.0 0.0 2252.0 18.0 31.0 0.32362459546925565
41 40 42 0.0 0.0 0.0 0.0 1.0 0.0 0.0 0.6996501749125437
41 41 39 0.0 0.0 6.0 1.0 153.0 2.0 0.0 0.6487488415199257
41 41 40 0.0 0.0 17.0 0.0 395.0 5.0 0.0 0.5816368923971748
41 41 41 0.0 0.0 1.0 0.0 61.0 0.0 0.0 0.6789524733268669
41 41 42 0.0 0.0 0.0 0.0 4.0 0.0 0.0 0.6986027944111775
42 39 41 0.0 0.0 0.0 0.0 3.0 0.0 0.0 0.6989515726410384
42 40 40 0.0 0.0 1.0 0.0 0.0 0.0 0.0 0.6996501749125437
42 40 42 0.0 0.0 0.0 0.0 2.0 0.0 0.0 0.6993006993006992
42 41 40 0.0 0.0 0.0 0.0 2.0 0.0 0.0 0.6993006993006992
42 41 42 0.0 0.0 0.0 0.0 2.0 0.0 0.0 0.6993006993006992
