39 39 39 0.0 0.0 0.0 0.0 5.0 0.0 0.0 0.6982543640897755
39 39 40 0.0 0.0 0.0 0.0 4.0 0.0 0.0 0.6986027944111775
39 39 41 0.0 0.0 0.0 0.0 4.0 0.0 0.0 0.6986027944111775
39 40 39 0.0 0.0 0.0 0.0 3.0 0.0 0.0 0.6989515726410384
39 40 40 0.0 0.0 12.0 0.0 118.0 1.0 0.0 0.6575857209957726
39 40 41 0.0 0.0 0.0 0.0 5.0 0.0 0.0 0.6982543640897755
39 41 39 0.0 0.0 0.0 0.0 8.0 0.0 0.0 0.697211155378486
39 41 40 0.0 0.0 0.0 0.0 3.0 0.0 0.0 0.6993006993006992
39 41 41 0.0 0.0 0.0 1.0 9.0 0.0 0.0 0.6965174129353233
40 39 39 0.0 0.0 0.0 0.0 4.0 0.0 0.0 0.6989515726410384
40 39 40 0.0 0.0 0.0 0.0 3.0 0.0 0.0 0.6989515726410384
40 39 41 0.0 0.0 0.0 0.0 1.0 0.0 0.0 0.6996501749125437
40 40 39 0.0 0.0 0.0 0.0 4.0 0.0 0.0 0.6986027944111775
40 40 40 11.0 9.0 288.0 108.0 5555.0 21.0 319.0 0.1759457081814754
40 40 41 0.0 0.0 2.0 0.0 33.0 0.0 0.0 0.6879606879606879
40 41 39 0.0 0.0 0.0 0.0 6.0 0.0 0.0 0.6979062811565303
40 41 40 0.0 0.0 0.0 0.0 4.0 0.0 0.0 0.6986027944111775
40 41 41 0.0 0.0 0.0 0.0 7.0 0.0 0.0 0.6975585450921773
41 39 39 0.0 0.0 0.0 0.0 4.0 0.0 0.0 0.6986027944111775
41 39 40 0.0 0.0 0.0 0.0 6.0 0.0 0.0 0.6979062811565303
41 39 41 0.0 0.0 0.0 0.0 2.0 0.0 0.0 0.6993006993006992
41 40 39 0.0 0.0 0.0 0.0 2.0 0.0 0.0 0.6993006993006992
41 40 40 0.0 0.0 0.0 0.0 15.0 0.0 0.0 0.694789081885856
41 40 41 0.0 0.0 5.0 0.0 64.0 1.0 0.0 0.6769825918762088
41 41 39 0.0 0.0 0.0 0.0 2.0 0.0 0.0 0.6993006993006992
41 41 40 0.0 0.0 0.0 0.0 12.0 0.0 0.0 0.6958250497017892
41 41 41 0.0 0.0 0.0 0.0 3.0 0.0 0.0 0.6989515726410384
