33 40 38 0.0 0.0 0.0 0.0 2.0 0.0 0.0 0.6993006993006992
33 41 37 0.0 0.0 0.0 0.0 1.0 0.0 0.0 0.6996501749125437
33 43 39 0.0 0.0 1.0 0.0 21.0 0.0 0.0 0.6923837784371908
34 38 36 0.0 0.0 0.0 0.0 1.0 0.0 0.0 0.6996501749125437
34 38 37 0.0 0.0 0.0 0.0 2.0 0.0 0.0 0.6993006993006992
34 38 38 0.0 0.0 1.0 0.0 7.0 0.0 0.0 0.697211155378486
34 39 37 0.0 0.0 0.0 0.0 2.0 0.0 0.0 0.6993006993006992
34 39 38 0.0 0.0 0.0 0.0 9.0 0.0 0.0 0.6968641114982577
34 39 39 0.0 0.0 0.0 0.0 17.0 0.0 0.0 0.694100148735746
34 39 40 0.0 0.0 0.0 0.0 5.0 0.0 0.0 0.6982543640897755
34 39 42 0.0 0.0 0.0 0.0 1.0 0.0 0.0 0.6996501749125437
34 40 37 0.0 0.0 0.0 0.0 1.0 0.0 0.0 0.6996501749125437
34 40 38 0.0 0.0 68.0 0.0 1631.0 17.0 18.0 0.3801248981808308
34 40 39 0.0 0.0 6.0 0.0 202.0 3.0 0.0 0.6352087114337567
34 40 40 0.0 0.0 0.0 0.0 29.0 0.0 0.0 0.6899950714637751
34 40 42 0.0 0.0 1.0 0.0 3.0 0.0 0.0 0.6986027944111775
34 41 37 0.0 0.0 0.0 0.0 2.0 0.0 0.0 0.6993006993006992
34 41 38 0.0 0.0 0.0 0.0 20.0 1.0 0.0 0.6934125804853887
34 41 39 0.0 0.0 0.0 0.0 25.0 0.0 0.0 0.6913580246913579
34 41 40 0.0 0.0 0.0 0.0 12.0 0.0 0.0 0.6958250497017892
34 41 43 0.0 0.0 0.0 0.0 1.0 0.0 0.0 0.6996501749125437
34 42 38 0.0 0.0 53.0 0.0 990.0 8.0 2.0 0.46128500823723223
34 42 39 0.0 0.0 85.0 0.0 1487.0 16.0 14.0 0.3937007874015747
34 42 40 0.0 0.0 0.0 0.0 4.0 0.0 0.0 0.6986027944111775
34 43 42 0.0 0.0 0.0 0.0 1.0 0.0 0.0 0.6996501749125437
35 36 36 0.0 0.0 0.0 0.0 1.0 0.0 0.0 0.6996501749125437
35 36 38 0.0 0.0 0.0 0.0 2.0 0.0 0.0 0.6993006993006992
35 36 39 0.0 0.0 0.0 0.0 5.0 0.0 0.0 0.6982543640897755
35 36 40 0.0 0.0 5.0 0.0 51.0 0.0 0.0 0.6809338521400777
35 36 41 0.0 0.0 0.0 0.0 8.0 0.0 0.0 0.697211155378486
35 36 42 0.0 0.0 0.0 0.0 4.0 0.0 0.0 0.6986027944111775
35 37 37 0.0 0.0 0.0 0.0 2.0 0.0 0.0 0.6993006993006992
35 37 38 0.0 0.0 0.0 0.0 8.0 0.0 0.0 0.697211155378486
35 37 39 0.0 0.0 0.0 0.0 11.0 0.0 0.0 0.6961710591745399
35 37 40 0.0 0.0 0.0 0.0 12.0 0.0 0.0 0.6958250497017892
35 37 41 0.0 0.0 0.0 0.0 15.0 0.0 0.0 0.694789081885856
35 37 42 0.0 0.0 0.0 0.0 10.0 0.0 0.0 0.6965174129353233
35 38 36 0.0 0.0 0.0 0.0 1.0 0.0 0.0 0.0
35 38 37 0.0 0.0 39.0 0.0 582.0 12.0 0.0 0.5366040628593329
35 38 38 0.0 0.0 0.0 0.0 41.0 0.0 0.0 0.6859382655560998
35 38 39 0.0 0.0 1.0 0.0 43.0 0.0 0.0 0.684931506849315
35 38 40 0.0 0.0 0.0 0.0 48.0 2.0 0.0 0.6842619745845552
35 38 41 0.0 0.0 4.0 0.0 107.0 2.0 0.0 0.6638217164532954
35 38 42 0.0 0.0 4.0 0.0 79.0 1.0 0.0 0.6724303554274734
35 38 43 0.0 0.0 2.0 0.0 15.0 1.0 1.0 0.6944444444444444
35 39 37 0.0 0.0 10.0 0.0 180.0 4.0 0.0 0.6404391582799633
35 39 38 0.0 0.0 132.0 0.0 2743.0 11.0 48.0 0.2877697841726618
35 39 39 0.0 0.0 28.0 0.0 539.0 10.0 2.0 0.5475166210402814
35 39 40 0.0 0.0 37.0 0.0 775.0 4.0 2.0 0.49857549857549843
35 39 41 0.0 0.0 3.0 0.0 73.0 1.0 0.0 0.6746987951807227
35 39 42 0.0 0.0 13.0 0.0 238.0 3.0 0.0 0.6227758007117437
35 39 43 0.0 0.0 2.0 0.0 65.0 0.0 0.0 0.6773101112723753
35 39 44 0.0 0.0 3.0 0.0 46.0 1.0 0.0 0.6835937499999999
35 40 37 0.0 0.0 3.0 0.0 146.0 1.0 0.0 0.6523765144454798
35 40 38 0.0 0.0 93.0 0.0 2387.0 15.0 42.0 0.31354983202687564
35 40 39 0.0 0.0 319.0 0.0 7188.0 19.0 812.0 0.1474149731494156
35 40 40 0.0 0.0 32.0 0.0 630.0 9.0 2.0 0.5277044854881267
35 40 41 0.0 0.0 6.0 0.0 253.0 1.0 0.0 0.6200177147918511
35 40 42 0.0 0.0 19.0 0.0 668.0 8.0 2.0 0.522583053378126
35 40 43 0.0 0.0 0.0 0.0 41.0 0.0 0.0 0.6859382655560998
35 40 44 0.0 0.0 1.0 0.0 132.0 1.0 0.0 0.6566604127579737
35 40 45 0.0 0.0 0.0 0.0 1.0 0.0 0.0 0.6996501749125437
35 41 37 0.0 0.0 0.0 0.0 12.0 0.0 0.0 0.6958250497017892
35 41 38 0.0 0.0 23.0 0.0 548.0 5.0 0.0 0.5455962587685113
35 41 39 0.0 0.0 310.0 0.0 6561.0 34.0 566.0 0.158335218276408
35 41 40 0.0 0.0 17.0 0.0 361.0 3.0 1.0 0.5897219882055602
35 41 41 0.0 0.0 3.0 0.0 153.0 2.0 0.0 0.649953574744661
35 41 42 0.0 0.0 1.0 0.0 95.0 0.0 0.0 0.6679389312977099
35 41 43 0.0 0.0 0.0 0.0 58.0 0.0 0.0 0.6802721088435373
35 41 44 0.0 0.0 43.0 0.0 698.0 7.0 3.0 0.5120702267739574
35 42 36 0.0 0.0 0.0 0.0 1.0 0.0 0.0 0.6996501749125437
35 42 37 0.0 0.0 0.0 0.0 4.0 0.0 0.0 0.6986027944111775
35 42 38 0.0 0.0 0.0 0.0 36.0 0.0 0.0 0.6876227897838899
35 42 39 0.0 0.0 35.0 0.0 711.0 10.0 0.0 0.5116959064327484
35 42 40 0.0 0.0 49.0 0.0 1118.0 12.0 6.0 0.44374009508716317
35 42 41 0.0 0.0 24.0 0.0 355.0 1.0 1.0 0.5887300252312867
35 42 42 0.0 0.0 0.0 0.0 64.0 0.0 0.0 0.6786233640329616
35 42 43 0.0 0.0 0.0 0.0 38.0 0.0 0.0 0.6879606879606879
35 42 44 0.0 0.0 0.0 0.0 3.0 0.0 0.0 0.6989515726410384
35 43 39 0.0 0.0 0.0 0.0 6.0 0.0 0.0 0.6979062811565303
35 43 40 0.0 0.0 1.0 0.0 21.0 1.0 0.0 0.6927263730826323
35 43 41 0.0 0.0 11.0 0.0 158.0 4.0 0.0 0.6466512702078521
35 43 42 0.0 0.0 49.0 0.0 1362.0 8.0 5.0 0.41140170437848944
35 43 43 0.0 0.0 1.0 0.0 37.0 0.0 0.0 0.6869479882237487
35 43 44 0.0 0.0 0.0 0.0 4.0 0.0 0.0 0.6986027944111775
35 44 39 0.0 0.0 0.0 0.0 2.0 0.0 0.0 0.6993006993006992
35 44 40 0.0 0.0 0.0 0.0 1.0 0.0 0.0 0.6996501749125437
36 35 38 0.0 0.0 0.0 0.0 13.0 0.0 0.0 0.695479384003974
36 35 39 0.0 0.0 0.0 0.0 6.0 0.0 0.0 0.6979062811565303
36 35 40 0.0 0.0 0.0 0.0 3.0 0.0 0.0 0.6989515726410384
36 35 42 0.0 0.0 0.0 0.0 4.0 0.0 0.0 0.6986027944111775
36 36 36 0.0 0.0 0.0 0.0 5.0 0.0 0.0 0.6982543640897755
36 36 37 0.0 0.0 69.0 0.0 1272.0 10.0 10.0 0.42029420594416084
36 36 38 0.0 0.0 0.0 0.0 46.0 0.0 0.0 0.6842619745845552
36 36 39 0.0 0.0 1.0 0.0 46.0 1.0 0.0 0.6842619745845552
36 36 40 0.0 0.0 2.0 0.0 84.0 0.0 0.0 0.6711409395973154
36 36 41 0.0 0.0 0.0 0.0 40.0 1.0 0.0 0.6866110838646394
36 36 42 0.0 0.0 0.0 0.0 17.0 0.0 0.0 0.694100148735746
36 36 43 0.0 0.0 0.0 0.0 8.0 0.0 0.0 0.697211155378486
36 37 36 0.0 0.0 0.0 0.0 26.0 0.0 0.0 0.6910167818361302
36 37 37 0.0 0.0 17.0 0.0 296.0 8.0 0.0 0.6073752711496745
36 37 38 0.0 0.0 3.0 0.0 216.0 1.0 1.0 0.6311992786293958
36 37 39 0.0 0.0 156.0 0.0 3849.0 15.0 122.0 0.23360587351910558
36 37 40 0.0 0.0 170.0 0.0 3649.0 16.0 92.0 0.2411298656562177
36 37 41 0.0 0.0 168.0 0.0 3984.0 17.0 141.0 0.22823606129768498
36 37 42 0.0 0.0 1.0 0.0 164.0 1.0 1.0 0.6469500924214416
36 37 43 0.0 0.0 0.0 0.0 18.0 0.0 0.0 0.6937561942517343
36 37 44 0.0 0.0 0.0 0.0 1.0 0.0 0.0 0.6996501749125437
36 38 36 0.0 0.0 5.0 0.0 131.0 1.0 0.0 0.6557377049180326
36 38 37 0.0 0.0 1.0 0.0 80.0 1.0 0.0 0.6734006734006733
36 38 38 0.0 0.0 87.0 0.0 2192.0 10.0 40.0 0.32794565472007486
36 38 39 0.0 0.0 162.0 0.0 3887.0 14.0 123.0 0.23198011599005797
36 38 40 0.0 0.0 274.0 0.0 5721.0 28.0 355.0 0.17568076295645627
36 38 41 0.0 0.0 96.0 0.0 2413.0 18.0 41.0 0.31187346847850295
36 38 42 0.0 0.0 46.0 0.0 1386.0 15.0 12.0 0.40983606557377045
36 38 43 0.0 0.0 2.0 0.0 155.0 2.0 0.0 0.649953574744661
36 38 44 0.0 0.0 0.0 0.0 37.0 1.0 0.0 0.6876227897838899
36 39 36 0.0 0.0 0.0 0.0 19.0 0.0 0.0 0.6934125804853887
36 39 37 0.0 0.0 49.0 0.0 1314.0 13.0 12.0 0.41791044776119396
36 39 38 0.0 0.0 343.0 0.0 7501.0 29.0 891.0 0.14255167498218102
36 39 39 0.0 0.0 357.0 0.0 7162.0 16.0 829.0 0.14719798128482808
36 39 40 0.0 0.0 212.0 0.0 5436.0 21.0 395.0 0.18348623853211005
36 39 41 0.0 0.0 52.0 0.0 1339.0 13.0 8.0 0.41456914421083796
36 39 42 0.0 0.0 439.0 0.0 8568.0 25.0 1288.0 0.12743491716730382
36 39 43 0.0 0.0 35.0 0.0 665.0 9.0 2.0 0.5202526941657376
36 39 44 0.0 0.0 12.0 0.0 202.0 5.0 0.0 0.6337709370755997
36 39 45 0.0 0.0 0.0 0.0 1.0 0.0 0.0 0.6996501749125437
36 40 36 0.0 0.0 0.0 0.0 4.0 0.0 0.0 0.6986027944111775
36 40 37 0.0 0.0 18.0 0.0 503.0 3.0 3.0 0.5559968228752977
36 40 38 0.0 0.0 252.0 0.0 5904.0 18.0 406.0 0.1720535824013764
36 40 39 0.0 0.0 515.0 0.0 10302.0 25.0 2861.0 0.10934937124111535
36 40 40 0.0 0.0 343.0 0.0 6955.0 19.0 610.0 0.15087832740597046
36 40 41 0.0 0.0 156.0 0.0 4000.0 19.0 137.0 0.2280501710376282
36 40 42 0.0 0.0 46.0 0.0 1459.0 11.0 11.0 0.40103122314523054
36 40 43 0.0 0.0 211.0 0.0 5205.0 15.0 335.0 0.18911252195056058
36 40 44 0.0 0.0 4.0 0.0 129.0 4.0 0.0 0.6582040432534085
36 40 45 0.0 0.0 0.0 0.0 8.0 0.0 0.0 0.697211155378486
36 41 36 0.0 0.0 0.0 0.0 1.0 0.0 0.0 0.6996501749125437
36 41 37 0.0 0.0 20.0 0.0 807.0 3.0 2.0 0.49575070821529743
36 41 38 0.0 0.0 280.0 0.0 6123.0 20.0 473.0 0.16688520681845273
36 41 39 0.0 0.0 367.0 0.0 8325.0 26.0 1360.0 0.1311844077961019
36 41 40 0.0 0.0 198.0 0.0 4930.0 17.0 258.0 0.19676739283204495
36 41 41 0.0 0.0 516.0 0.0 9711.0 21.0 2013.0 0.11464133639043562
36 41 42 0.0 0.0 474.0 0.0 9414.0 32.0 1770.0 0.11796427367711491
36 41 43 0.0 0.0 119.0 0.0 3045.0 22.0 77.0 0.2722146607038693
36 41 44 0.0 0.0 1.0 0.0 82.0 0.0 0.0 0.6721075372059528
36 42 37 0.0 0.0 1.0 0.0 74.0 0.0 0.0 0.6746987951807227
36 42 38 0.0 0.0 4.0 0.0 283.0 2.0 0.0 0.612691466083151
36 42 39 0.0 0.0 120.0 0.0 2955.0 15.0 56.0 0.276789244760775
36 42 40 0.0 0.0 142.0 0.0 3656.0 13.0 99.0 0.2420470262793914
36 42 41 0.0 0.0 206.0 0.0 4425.0 24.0 174.0 0.21180030257186078
36 42 42 0.0 0.0 428.0 0.0 8255.0 12.0 1109.0 0.13107386948787564
36 42 43 0.0 0.0 121.0 0.0 2519.0 18.0 56.0 0.3028991778450887
36 42 44 0.0 0.0 4.0 0.0 185.0 1.0 1.0 0.639853747714808
36 43 37 0.0 0.0 0.0 0.0 20.0 0.0 0.0 0.6930693069306929
36 43 38 0.0 0.0 0.0 0.0 75.0 0.0 0.0 0.6746987951807227
36 43 39 0.0 0.0 75.0 0.0 1889.0 9.0 23.0 0.35389282103134473
36 43 40 0.0 0.0 86.0 0.0 2028.0 15.0 30.0 0.34154671871188086
36 43 41 0.0 0.0 17.0 0.0 585.0 7.0 1.0 0.5394990366088631
36 43 42 0.0 0.0 17.0 0.0 427.0 3.0 3.0 0.5735354362965996
36 43 43 0.0 0.0 11.0 0.0 243.0 2.0 0.0 0.6216696269982237
36 43 44 0.0 0.0 10.0 0.0 253.0 2.0 0.0 0.6191950464396283
36 43 45 0.0 0.0 0.0 0.0 1.0 0.0 0.0 0.6996501749125437
36 44 37 0.0 0.0 0.0 0.0 1.0 0.0 0.0 0.6996501749125437
36 44 38 0.0 0.0 9.0 0.0 159.0 2.0 0.0 0.6463527239150507
36 44 39 0.0 0.0 2.0 0.0 36.0 1.0 0.0 0.6872852233676975
36 44 40 0.0 0.0 0.0 0.0 33.0 0.0 0.0 0.6886374815543531
36 44 41 0.0 0.0 31.0 0.0 630.0 5.0 3.0 0.5271084337349397
36 44 42 0.0 0.0 0.0 0.0 18.0 0.0 0.0 0.6937561942517343
36 44 43 0.0 0.0 0.0 0.0 6.0 0.0 0.0 0.6979062811565303
36 44 44 0.0 0.0 0.0 0.0 1.0 0.0 0.0 0.6996501749125437
36 45 38 0.0 0.0 0.0 0.0 2.0 0.0 0.0 0.6993006993006992
36 45 39 0.0 0.0 3.0 0.0 64.0 0.0 0.0 0.6773101112723753
36 45 40 0.0 0.0 0.0 0.0 3.0 0.0 0.0 0.6989515726410384
37 35 37 0.0 0.0 0.0 0.0 1.0 0.0 0.0 0.6996501749125437
37 35 38 0.0 0.0 0.0 0.0 10.0 0.0 0.0 0.6968641114982577
37 35 39 0.0 0.0 0.0 0.0 16.0 1.0 0.0 0.694789081885856
37 35 40 0.0 0.0 0.0 0.0 10.0 0.0 0.0 0.6965174129353233
37 35 41 0.0 0.0 0.0 0.0 4.0 0.0 0.0 0.6986027944111775
37 36 36 0.0 0.0 0.0 0.0 19.0 0.0 0.0 0.6934125804853887
37 36 37 0.0 0.0 1.0 0.0 37.0 0.0 0.0 0.6869479882237487
37 36 38 0.0 0.0 17.0 0.0 377.0 3.0 1.0 0.5860192549183758
37 36 39 0.0 0.0 247.0 0.0 5497.0 17.0 340.0 0.18108912171775962
37 36 40 0.0 0.0 59.0 0.0 1464.0 17.0 6.0 0.399315459212778
37 36 41 0.0 0.0 57.0 0.0 1749.0 11.0 17.0 0.3689064558629775
37 36 42 0.0 0.0 5.0 0.0 78.0 1.0 0.0 0.6724303554274734
37 36 43 0.0 0.0 0.0 0.0 15.0 0.0 0.0 0.694789081885856
37 36 44 0.0 0.0 0.0 0.0 2.0 0.0 0.0 0.6993006993006992
37 37 36 0.0 0.0 0.0 0.0 39.0 2.0 0.0 0.6872852233676975
37 37 37 0.0 0.0 323.0 0.0 7091.0 24.0 700.0 0.14901543374135176
37 37 38 0.0 0.0 332.0 0.0 6870.0 19.0 628.0 0.15240583496625296
37 37 39 0.0 0.0 166.0 0.0 3990.0 22.0 136.0 0.22823606129768498
37 37 40 0.0 0.0 548.0 0.0 10221.0 23.0 2516.0 0.10975227343994981
37 37 41 0.0 0.0 162.0 0.0 4085.0 16.0 174.0 0.22464698331193836
37 37 42 0.0 0.0 342.0 0.0 7371.0 14.0 773.0 0.1442852725961043
37 37 43 0.0 0.0 3.0 0.0 226.0 1.0 1.0 0.6283662477558347
37 37 44 0.0 0.0 0.0 0.0 10.0 0.0 0.0 0.6968641114982577
37 38 35 0.0 0.0 0.0 0.0 1.0 0.0 0.0 0.6996501749125437
37 38 36 0.0 0.0 2.0 0.0 75.0 1.0 0.0 0.6743737957610789
37 38 37 0.0 0.0 144.0 0.0 3485.0 18.0 103.0 0.24942098699447707
37 38 38 0.0 0.0 383.0 0.0 8178.0 20.0 1147.0 0.13272658323852862
37 38 39 0.0 0.0 888.0 0.0 12389.0 36.0 8286.0 0.0917130691123485
37 38 40 0.0 0.0 778.0 0.0 12153.0 22.0 5603.0 0.0938337801608579
37 38 41 0.0 0.0 1038.0 0.0 13036.0 27.0 10408.0 0.08705926248367638
37 38 42 0.0 0.0 312.0 0.0 7033.0 18.0 769.0 0.1500053573341905
37 38 43 0.0 0.0 25.0 0.0 663.0 7.0 3.0 0.5221932114882506
37 38 44 0.0 0.0 7.0 0.0 148.0 1.0 0.0 0.649953574744661
37 38 45 0.0 0.0 0.0 0.0 2.0 0.0 0.0 0.6993006993006992
37 39 34 0.0 0.0 0.0 0.0 1.0 0.0 0.0 0.6996501749125437
37 39 36 0.0 0.0 41.0 0.0 923.0 10.0 2.0 0.4739336492890995
37 39 37 0.0 0.0 204.0 0.0 4868.0 14.0 251.0 0.1983283751239552
37 39 38 0.0 0.0 378.0 0.0 8271.0 21.0 1320.0 0.1316531878879067
37 39 39 0.0 0.0 594.0 0.0 10895.0 20.0 3458.0 0.10380366278638688
37 39 40 0.0 0.0 652.0 0.0 11394.0 30.0 4005.0 0.09981462997290744
37 39 41 0.0 0.0 473.0 0.0 9277.0 25.0 1568.0 0.11940298507462685
37 39 42 0.0 0.0 322.0 0.0 7399.0 29.0 842.0 0.1442852725961043
37 39 43 0.0 0.0 565.0 0.0 9807.0 36.0 2071.0 0.1133052767886047
37 39 44 0.0 0.0 17.0 0.0 350.0 9.0 2.0 0.5937234944868531
37 39 45 0.0 0.0 0.0 0.0 14.0 0.0 0.0 0.6951340615690167
37 40 35 0.0 0.0 0.0 0.0 1.0 0.0 0.0 0.6996501749125437
37 40 36 0.0 0.0 7.0 0.0 213.0 2.0 0.0 0.6311992786293958
37 40 37 0.0 0.0 106.0 0.0 2271.0 14.0 41.0 0.3208065994500458
37 40 38 0.0 0.0 470.0 0.0 9319.0 19.0 1852.0 0.11887577481531798
37 40 39 0.0 0.0 1197.0 0.0 13342.0 46.0 13276.0 0.08471499455403605
37 40 40 0.0 0.0 730.0 0.0 11915.0 31.0 5610.0 0.09567416114262282
37 40 41 0.0 0.0 686.0 0.0 11413.0 36.0 4455.0 0.09946007388462631
37 40 42 0.0 0.0 567.0 0.0 10669.0 29.0 3172.0 0.1058761249338274
37 40 43 0.0 0.0 293.0 0.0 7145.0 18.0 851.0 0.1485568760611205
37 40 44 0.0 0.0 227.0 0.0 4986.0 16.0 232.0 0.19449847179772156
37 40 45 0.0 0.0 0.0 0.0 12.0 0.0 0.0 0.6958250497017892
37 41 35 0.0 0.0 0.0 0.0 2.0 0.0 0.0 0.6993006993006992
37 41 36 0.0 0.0 0.0 0.0 25.0 0.0 0.0 0.6913580246913579
37 41 37 0.0 0.0 70.0 0.0 1862.0 17.0 17.0 0.3575989782886334
37 41 38 0.0 0.0 554.0 0.0 10539.0 28.0 2937.0 0.10701727564592568
37 41 39 0.0 0.0 802.0 0.0 12287.0 26.0 5868.0 0.09285666909862704
37 41 40 0.0 0.0 743.0 0.0 12109.0 29.0 5348.0 0.09433326595242908
37 41 41 0.0 0.0 856.0 1.0 12658.0 27.0 7196.0 0.09025270758122743
37 41 42 0.0 0.0 1119.0 0.0 12941.0 30.0 12703.0 0.087173100871731
37 41 43 0.0 0.0 213.0 0.0 4872.0 18.0 227.0 0.19807583474816068
37 41 44 0.0 0.0 5.0 0.0 159.0 1.0 0.0 0.6472491909385112
37 41 45 0.0 0.0 3.0 0.0 39.0 0.0 0.0 0.6856023506366307
37 42 35 0.0 0.0 0.0 0.0 1.0 0.0 0.0 0.6996501749125437
37 42 36 0.0 0.0 1.0 0.0 11.0 1.0 0.0 0.6961710591745399
37 42 37 0.0 0.0 75.0 0.0 1673.0 16.0 8.0 0.37523452157598497
37 42 38 0.0 0.0 459.0 0.0 9164.0 20.0 1727.0 0.12050266827336888
37 42 39 0.0 0.0 505.0 0.0 9567.0 19.0 2084.0 0.11607661056297155
37 42 40 0.0 0.0 624.0 0.0 11241.0 33.0 4275.0 0.10111223458038421
37 42 41 0.0 0.0 354.0 0.0 7793.0 14.0 1020.0 0.13802622498274672
37 42 42 0.0 0.0 425.0 0.0 9007.0 24.0 1717.0 0.12263489838822704
37 42 43 0.0 0.0 504.0 0.0 9761.0 30.0 2337.0 0.1143603986276752
37 42 44 0.0 0.0 101.0 0.0 2388.0 9.0 49.0 0.31249999999999994
37 42 45 0.0 0.0 0.0 0.0 9.0 0.0 0.0 0.6968641114982577
37 43 36 0.0 0.0 0.0 0.0 2.0 0.0 0.0 0.6993006993006992
37 43 37 0.0 0.0 2.0 0.0 65.0 1.0 0.0 0.6776379477250725
37 43 38 0.0 0.0 195.0 0.0 4268.0 21.0 164.0 0.2172563625077591
37 43 39 0.0 0.0 309.0 0.0 6158.0 24.0 462.0 0.16577856719952633
37 43 40 0.0 0.0 234.0 0.0 4945.0 19.0 223.0 0.19550342130987292
37 43 41 0.0 0.0 518.0 0.0 10052.0 25.0 2418.0 0.11154489682097042
37 43 42 0.0 0.0 105.0 0.0 2501.0 17.0 40.0 0.30507735890172144
37 43 43 0.0 0.0 148.0 0.0 3100.0 18.0 74.0 0.26768642447418733
37 43 44 0.0 0.0 0.0 0.0 41.0 1.0 0.0 0.6862745098039215
37 43 45 0.0 0.0 0.0 0.0 7.0 0.0 0.0 0.6975585450921773
37 44 37 0.0 0.0 0.0 0.0 2.0 0.0 0.0 0.6993006993006992
37 44 38 0.0 0.0 0.0 0.0 68.0 0.0 0.0 0.6769825918762088
37 44 39 0.0 0.0 229.0 0.0 5133.0 20.0 262.0 0.19060585432266847
37 44 40 0.0 0.0 4.0 0.0 248.0 0.0 0.0 0.6219458018658373
37 44 41 0.0 0.0 21.0 0.0 443.0 6.0 0.0 0.5695687550854353
37 44 42 0.0 0.0 2.0 0.0 57.0 0.0 0.0 0.6799417192812044
37 44 43 0.0 0.0 1.0 0.0 15.0 1.0 0.0 0.694789081885856
37 44 44 0.0 0.0 0.0 0.0 3.0 0.0 0.0 0.6989515726410384
37 44 45 0.0 0.0 2.0 0.0 14.0 1.0 0.0 0.694789081885856
37 45 38 0.0 0.0 0.0 0.0 4.0 0.0 0.0 0.6986027944111775
37 45 39 0.0 0.0 2.0 0.0 20.0 2.0 0.0 0.6930693069306929
37 45 40 0.0 0.0 1.0 0.0 16.0 0.0 0.0 0.694100148735746
37 45 41 0.0 0.0 0.0 0.0 11.0 0.0 0.0 0.6961710591745399
38 35 36 0.0 0.0 0.0 0.0 1.0 0.0 0.0 0.6996501749125437
38 35 37 0.0 0.0 0.0 0.0 1.0 0.0 0.0 0.6996501749125437
38 35 38 0.0 0.0 0.0 0.0 6.0 0.0 0.0 0.6979062811565303
38 35 39 0.0 0.0 3.0 0.0 90.0 2.0 0.0 0.669536107125777
38 35 40 0.0 0.0 1.0 0.0 65.0 0.0 0.0 0.6776379477250725
38 35 41 0.0 0.0 1.0 0.0 19.0 1.0 0.0 0.6934125804853887
38 35 42 0.0 0.0 0.0 0.0 1.0 0.0 0.0 0.6996501749125437
38 36 35 0.0 0.0 0.0 0.0 3.0 0.0 0.0 0.6989515726410384
38 36 36 0.0 0.0 4.0 0.0 67.0 1.0 0.0 0.6763285024154588
38 36 37 0.0 0.0 54.0 0.0 1212.0 12.0 5.0 0.43023970497848796
38 36 38 0.0 0.0 3.0 0.0 286.0 1.0 1.0 0.6118881118881118
38 36 39 0.0 0.0 48.0 0.0 1206.0 6.0 10.0 0.4311672312904219
38 36 40 0.0 0.0 143.0 0.0 3467.0 14.0 94.0 0.2502681444404719
38 36 41 0.0 0.0 126.0 0.0 3011.0 19.0 70.0 0.2735978112175102
38 36 42 0.0 0.0 5.0 0.0 220.0 3.0 0.0 0.63006300630063
38 36 43 0.0 0.0 0.0 0.0 23.0 0.0 0.0 0.6920415224913494
38 36 44 0.0 0.0 1.0 0.0 23.0 0.0 0.0 0.6916996047430829
38 37 34 0.0 0.0 0.0 0.0 2.0 0.0 0.0 0.6993006993006992
38 37 35 0.0 0.0 0.0 0.0 15.0 0.0 0.0 0.694789081885856
38 37 36 0.0 0.0 20.0 0.0 403.0 4.0 1.0 0.5787515502273666
38 37 37 0.0 0.0 168.0 0.0 4427.0 14.0 189.0 0.21263669501822596
38 37 38 0.0 0.0 284.0 0.0 6760.0 9.0 585.0 0.15491866769945778
38 37 39 0.0 0.0 652.0 0.0 11271.0 28.0 4014.0 0.10067596720839923
38 37 40 0.0 0.0 409.0 0.0 8234.0 17.0 1218.0 0.1317275122318404
38 37 41 0.0 0.0 424.0 0.0 8583.0 20.0 1362.0 0.12730744748567788
38 37 42 0.0 0.0 211.0 0.0 4845.0 15.0 244.0 0.19866609904924076
38 37 43 0.0 0.0 120.0 0.0 2669.0 13.0 48.0 0.2930096274591879
38 37 44 0.0 0.0 19.0 0.0 441.0 3.0 1.0 0.5698005698005697
38 37 45 0.0 0.0 1.0 0.0 21.0 0.0 0.0 0.6923837784371908
38 38 34 0.0 0.0 0.0 0.0 2.0 0.0 0.0 0.6993006993006992
38 38 35 0.0 0.0 0.0 0.0 31.0 0.0 0.0 0.6899950714637751
38 38 36 0.0 0.0 65.0 0.0 1389.0 12.0 9.0 0.40685847137460035
38 38 37 0.0 0.0 283.0 0.0 5842.0 24.0 380.0 0.17283950617283947
38 38 38 0.0 0.0 1064.0 0.0 12996.0 28.0 11386.0 0.08711885500933415
38 38 39 0.0 0.0 998.0 0.0 13061.0 25.0 8993.0 0.08712969878018421
38 38 40 0.0 0.0 717.0 0.0 11969.0 33.0 4862.0 0.09543936191969458
38 38 41 0.0 0.0 1079.0 0.0 13197.0 35.0 11598.0 0.0860849781713091
38 38 42 0.0 0.0 687.0 0.0 11470.0 25.0 4269.0 0.09900289937062443
38 38 43 0.0 0.0 316.0 0.0 6880.0 14.0 673.0 0.15242242787152963
38 38 44 0.0 0.0 26.0 0.0 526.0 10.0 1.0 0.5507474429583004
38 38 45 0.0 0.0 0.0 0.0 12.0 0.0 0.0 0.6958250497017892
38 39 34 0.0 0.0 0.0 0.0 1.0 0.0 0.0 0.6996501749125437
38 39 35 0.0 0.0 10.0 0.0 206.0 3.0 0.0 0.632625395390872
38 39 36 0.0 0.0 86.0 0.0 2053.0 14.0 18.0 0.33939393939393936
38 39 37 0.0 0.0 508.0 0.0 9938.0 23.0 2226.0 0.11262167162738314
38 39 38 0.0 0.0 789.0 0.0 11999.0 41.0 4808.0 0.09486380268329041
38 39 39 0.0 0.0 1647.0 0.0 12359.0 36.0 26976.0 0.08740167311774252
38 39 40 0.0 0.0 1881.0 0.0 12505.0 52.0 30466.0 0.08544400366188586
38 39 41 0.0 0.0 882.0 1.0 12772.0 31.0 8443.0 0.08949689957169339
38 39 42 0.0 0.0 653.0 0.0 11200.0 19.0 3469.0 0.10106843777071901
38 39 43 0.0 0.0 251.0 1.0 6073.0 21.0 428.0 0.16855285335901757
38 39 44 0.0 0.0 207.0 0.0 4518.0 20.0 180.0 0.20873714030117782
38 39 45 0.0 0.0 0.0 0.0 24.0 1.0 0.0 0.6920415224913494
38 40 35 0.0 0.0 58.0 0.0 1140.0 13.0 6.0 0.4395604395604395
38 40 36 0.0 0.0 97.0 0.0 2156.0 15.0 25.0 0.33042246872787345
38 40 37 0.0 0.0 236.0 0.0 6247.0 19.0 601.0 0.16530877317274764
38 40 38 0.0 0.0 857.0 0.0 12544.0 23.0 6350.0 0.09089728606674456
38 40 39 0.0 0.0 1609.0 2.0 13262.0 43.0 21986.0 0.08293347550500563
38 40 40 0.0 1.0 1471.0 1.0 13094.0 39.0 21216.0 0.08447474808423339
38 40 41 0.0 0.0 1498.0 2.0 13299.0 45.0 20459.0 0.08342271481349063
38 40 42 0.0 0.0 1043.0 1.0 13395.0 27.0 9161.0 0.08516851198442632
38 40 43 0.0 0.0 414.0 0.0 8435.0 25.0 1322.0 0.12927054478301014
38 40 44 0.0 0.0 18.0 0.0 669.0 5.0 1.0 0.5219985085756897
38 40 45 0.0 0.0 0.0 0.0 36.0 1.0 0.0 0.6879606879606879
38 41 35 0.0 0.0 5.0 0.0 147.0 1.0 0.0 0.6508600650860064
38 41 36 0.0 0.0 47.0 0.0 1051.0 14.0 7.0 0.4539559014267185
38 41 37 0.0 0.0 259.0 0.0 6434.0 33.0 632.0 0.1614949821201984
38 41 38 0.0 0.0 538.0 7.0 9923.0 30.0 2212.0 0.11249497790277219
38 41 39 0.0 0.0 1323.0 0.0 13362.0 45.0 16679.0 0.08398320335932813
38 41 40 0.0 0.0 1838.0 0.0 12342.0 42.0 30779.0 0.08648915796626921
38 41 41 0.0 0.0 1305.0 2.0 13675.0 35.0 14814.0 0.0824353765530236
38 41 42 0.0 0.0 948.0 0.0 13012.0 35.0 7615.0 0.08777429467084638
38 41 43 0.0 0.0 339.0 0.0 7553.0 24.0 1018.0 0.14182960186404617
38 41 44 0.0 0.0 107.0 0.0 2867.0 19.0 53.0 0.28248587570621464
38 41 45 0.0 0.0 8.0 0.0 106.0 3.0 0.0 0.6631927996210326
38 42 35 0.0 0.0 0.0 0.0 7.0 0.0 0.0 0.6975585450921773
38 42 36 0.0 0.0 32.0 0.0 867.0 9.0 4.0 0.48459674627898913
38 42 37 0.0 0.0 53.0 0.0 1437.0 11.0 12.0 0.40241448692152915
38 42 38 0.0 0.0 358.0 3.0 8047.0 21.0 1258.0 0.13471901462663585
38 42 39 0.0 0.0 1097.0 0.0 13282.0 34.0 11170.0 0.08547008547008546
38 42 40 0.0 0.0 1258.0 2.0 13173.0 35.0 15575.0 0.08516333110286513
38 42 41 0.0 0.0 1094.0 2.0 13287.0 30.0 10960.0 0.08544921874999999
38 42 42 0.0 0.0 413.0 2.0 8219.0 32.0 1073.0 0.13197586726998492
38 42 43 0.0 0.0 351.0 0.0 7061.0 21.0 710.0 0.1489995742869306
38 42 44 0.0 0.0 109.0 0.0 2746.0 18.0 58.0 0.28943560057887113
38 42 45 0.0 0.0 3.0 0.0 139.0 0.0 0.0 0.65359477124183
38 43 36 0.0 0.0 0.0 0.0 57.0 1.0 0.0 0.6809338521400777
38 43 37 0.0 0.0 38.0 0.0 794.0 12.0 3.0 0.49645390070921974
38 43 38 0.0 0.0 118.0 0.0 2866.0 16.0 43.0 0.28180354267310787
38 43 39 0.0 0.0 699.0 0.0 11470.0 42.0 5076.0 0.0990169035999717
38 43 40 0.0 0.0 474.0 1.0 9416.0 25.0 2031.0 0.11784511784511782
38 43 41 0.0 0.0 302.0 0.0 6543.0 14.0 543.0 0.15847860538827258
38 43 42 0.0 0.0 224.0 0.0 5092.0 23.0 246.0 0.19196489784725076
38 43 43 0.0 0.0 73.0 0.0 1606.0 13.0 21.0 0.38199181446111863
38 43 44 0.0 0.0 204.0 0.0 4629.0 10.0 210.0 0.20512820512820507
38 43 45 0.0 0.0 0.0 0.0 12.0 0.0 0.0 0.6961710591745399
38 44 36 0.0 0.0 2.0 0.0 43.0 0.0 0.0 0.6845965770171147
38 44 37 0.0 0.0 13.0 0.0 213.0 2.0 0.0 0.6294964028776977
38 44 38 0.0 0.0 17.0 0.0 410.0 4.0 1.0 0.5777961205117622
38 44 39 0.0 0.0 15.0 0.0 574.0 3.0 0.0 0.5413766434648105
38 44 40 0.0 0.0 254.0 0.0 5290.0 29.0 285.0 0.1862692921766897
38 44 41 0.0 0.0 11.0 0.0 287.0 6.0 0.0 0.6108202443280977
38 44 42 0.0 0.0 53.0 0.0 1163.0 10.0 10.0 0.4368174726989079
38 44 43 0.0 0.0 0.0 0.0 16.0 1.0 0.0 0.694789081885856
38 44 44 0.0 0.0 0.0 0.0 8.0 0.0 0.0 0.697211155378486
38 44 45 0.0 0.0 0.0 0.0 2.0 0.0 0.0 0.6993006993006992
38 45 37 0.0 0.0 0.0 0.0 2.0 0.0 0.0 0.6993006993006992
38 45 38 0.0 0.0 0.0 0.0 3.0 0.0 0.0 0.6989515726410384
38 45 39 0.0 0.0 1.0 0.0 37.0 0.0 0.0 0.6869479882237487
38 45 40 0.0 0.0 0.0 0.0 14.0 0.0 0.0 0.6951340615690167
38 45 41 0.0 0.0 0.0 0.0 1.0 0.0 0.0 0.6996501749125437
38 45 42 0.0 0.0 0.0 0.0 3.0 0.0 0.0 0.6989515726410384
38 45 43 0.0 0.0 0.0 0.0 1.0 0.0 0.0 0.6996501749125437
39 35 35 0.0 0.0 0.0 0.0 2.0 0.0 0.0 0.6993006993006992
39 35 36 0.0 0.0 0.0 0.0 4.0 0.0 0.0 0.6986027944111775
39 35 37 0.0 0.0 0.0 0.0 6.0 0.0 0.0 0.6979062811565303
39 35 38 0.0 0.0 0.0 0.0 19.0 0.0 0.0 0.6934125804853887
39 35 39 0.0 0.0 7.0 0.0 221.0 5.0 0.0 0.6297795771479981
39 35 40 0.0 0.0 0.0 0.0 40.0 0.0 0.0 0.6862745098039215
39 35 41 0.0 0.0 11.0 0.0 280.0 4.0 0.0 0.6121556624398775
39 35 42 0.0 0.0 0.0 0.0 1.0 0.0 0.0 0.6996501749125437
39 36 35 0.0 0.0 0.0 0.0 28.0 0.0 0.0 0.690335305719921
39 36 36 0.0 0.0 54.0 0.0 1100.0 12.0 3.0 0.4455760661998726
39 36 37 0.0 0.0 18.0 0.0 504.0 3.0 0.0 0.5557761016276299
39 36 38 0.0 0.0 104.0 0.0 2506.0 16.0 37.0 0.3046127067014795
39 36 39 0.0 0.0 90.0 0.0 2641.0 9.0 58.0 0.29642176582680496
39 36 40 0.0 0.0 359.0 0.0 7894.0 19.0 1119.0 0.1366920523335286
39 36 41 0.0 0.0 96.0 0.0 2514.0 15.0 54.0 0.3046127067014795
39 36 42 0.0 0.0 46.0 0.0 1420.0 8.0 13.0 0.4047412546978895
39 36 43 0.0 0.0 0.0 0.0 46.0 0.0 0.0 0.6842619745845552
39 36 44 0.0 0.0 0.0 0.0 28.0 0.0 0.0 0.690335305719921
39 37 35 0.0 0.0 21.0 0.0 301.0 3.0 0.0 0.6037084950409658
39 37 36 0.0 0.0 213.0 0.0 4810.0 26.0 214.0 0.19999999999999998
39 37 37 0.0 0.0 386.0 0.0 8502.0 23.0 1488.0 0.12883040397533815
39 37 38 0.0 0.0 480.0 0.0 9636.0 24.0 2040.0 0.11572160687716977
39 37 39 0.0 0.0 480.0 0.0 9734.0 27.0 2219.0 0.11481056257175659
39 37 40 0.0 0.0 935.0 0.0 12972.0 30.0 8032.0 0.08807801195344447
39 37 41 0.0 0.0 839.0 0.0 12354.0 31.0 6570.0 0.09214769959849929
39 37 42 0.0 0.0 258.0 0.0 5675.0 26.0 324.0 0.17705830276969772
39 37 43 0.0 0.0 338.0 0.0 6838.0 25.0 671.0 0.15287180607119458
39 37 44 0.0 0.0 14.0 0.0 230.0 4.0 0.0 0.6249999999999999
39 37 45 0.0 0.0 0.0 0.0 7.0 0.0 0.0 0.6975585450921773
39 38 34 0.0 0.0 0.0 0.0 2.0 0.0 0.0 0.6993006993006992
39 38 35 0.0 0.0 78.0 0.0 1855.0 11.0 12.0 0.35696073431922487
39 38 36 0.0 0.0 307.0 0.0 6609.0 21.0 600.0 0.15725036504549025
39 38 37 0.0 0.0 632.0 0.0 11311.0 31.0 4793.0 0.10056748796781839
39 38 38 0.0 0.0 928.0 0.0 12902.0 29.0 8409.0 0.0884620245166182
39 38 39 0.0 0.0 990.0 0.0 13077.0 29.0 9721.0 0.08705926248367638
39 38 40 0.0 0.0 1688.0 0.0 13245.0 37.0 23492.0 0.08262024195928001
39 38 41 0.0 0.0 766.0 0.0 12206.0 28.0 5498.0 0.09356412484127513
39 38 42 0.0 0.0 909.0 0.0 12715.0 24.0 7467.0 0.08957706827052274
39 38 43 0.0 0.0 277.0 0.0 6453.0 21.0 549.0 0.1606610052788616
39 38 44 0.0 0.0 213.0 0.0 4901.0 18.0 242.0 0.1972386587771203
39 38 45 0.0 0.0 0.0 0.0 14.0 0.0 0.0 0.695479384003974
39 39 34 0.0 0.0 0.0 0.0 4.0 0.0 0.0 0.6986027944111775
39 39 35 0.0 0.0 76.0 0.0 1724.0 17.0 18.0 0.3700766587364525
39 39 36 0.0 0.0 470.0 0.0 9053.0 20.0 1795.0 0.12153832797985933
39 39 37 0.0 0.0 657.0 0.0 11213.0 27.0 3960.0 0.10105384726432798
39 39 38 0.0 0.0 1325.0 0.0 13535.0 37.0 16714.0 0.0829875518672199
39 39 39 2.0 1.0 1939.0 19.0 12175.0 48.0 34084.0 0.08676251859196826
39 39 40 0.0 4.0 2172.0 31.0 12694.0 52.0 33225.0 0.08283533518726702
39 39 41 0.0 4.0 2214.0 29.0 11680.0 57.0 39924.0 0.0879120879120879
39 39 42 0.0 0.0 964.0 4.0 13018.0 51.0 7665.0 0.0877412885434946
39 39 43 0.0 0.0 395.0 0.0 8098.0 20.0 1203.0 0.13356229727151306
39 39 44 0.0 0.0 82.0 0.0 2229.0 18.0 34.0 0.3260363297624592
39 39 45 0.0 0.0 0.0 0.0 22.0 0.0 0.0 0.6923837784371908
39 40 34 0.0 0.0 0.0 0.0 4.0 0.0 0.0 0.6986027944111775
39 40 35 0.0 0.0 13.0 0.0 382.0 4.0 2.0 0.5857740585774057
39 40 36 0.0 0.0 381.0 0.0 7872.0 17.0 1009.0 0.1365853658536585
39 40 37 0.0 0.0 890.0 0.0 12734.0 26.0 6943.0 0.08959999999999999
39 40 38 0.0 1.0 1411.0 5.0 13447.0 37.0 17462.0 0.08302200083021999
39 40 39 0.0 0.0 2181.0 5.0 12649.0 50.0 35410.0 0.08314032899815903
39 40 40 0.0 8.0 2809.0 44.0 9682.0 56.0 61371.0 0.09622654477970993
39 40 41 0.0 9.0 1934.0 78.0 13489.0 51.0 26020.0 0.08004116402721398
39 40 42 0.0 6.0 765.0 90.0 12221.0 30.0 5880.0 0.09286898839137643
39 40 43 0.0 0.0 699.0 0.0 11843.0 25.0 5364.0 0.09631260319207484
39 40 44 0.0 0.0 321.0 0.0 7238.0 23.0 809.0 0.1467351430667645
39 40 45 0.0 0.0 0.0 0.0 32.0 0.0 0.0 0.6893156080748399
39 41 35 0.0 0.0 7.0 0.0 225.0 3.0 2.0 0.6283662477558347
39 41 36 0.0 0.0 194.0 0.0 4703.0 16.0 226.0 0.20339968037193082
39 41 37 0.0 0.0 479.0 0.0 9955.0 24.0 2462.0 0.112748651042925
39 41 38 0.0 0.0 539.0 0.0 10185.0 16.0 2629.0 0.11009751494180559
39 41 39 0.0 0.0 1598.0 24.0 13363.0 48.0 22416.0 0.08244994110718491
39 41 40 1.0 5.0 2303.0 45.0 11540.0 50.0 40988.0 0.08800050286001633
39 41 41 0.0 2.0 1754.0 56.0 13385.0 38.0 23954.0 0.08141428239125377
39 41 42 0.0 5.0 1074.0 57.0 12894.0 35.0 12525.0 0.08736349453978158
39 41 43 0.0 0.0 968.0 1.0 12901.0 24.0 8021.0 0.0882779494293461
39 41 44 0.0 0.0 92.0 0.0 2520.0 11.0 35.0 0.3043478260869565
39 41 45 0.0 0.0 0.0 0.0 32.0 0.0 0.0 0.6889763779527558
39 42 35 0.0 0.0 3.0 0.0 49.0 0.0 0.0 0.6822612085769979
39 42 36 0.0 0.0 38.0 0.0 830.0 7.0 1.0 0.4893393918210415
39 42 37 0.0 0.0 694.0 0.0 11324.0 39.0 4374.0 0.10001428775539362
39 42 38 0.0 0.0 445.0 0.0 9243.0 18.0 1882.0 0.11991434689507494
39 42 39 0.0 10.0 663.0 69.0 11148.0 25.0 3301.0 0.1009009009009009
39 42 40 0.0 2.0 1165.0 65.0 13293.0 35.0 11706.0 0.08477141992128367
39 42 41 0.0 11.0 1285.0 94.0 13021.0 32.0 15856.0 0.08530343650987082
39 42 42 0.0 1.0 467.0 29.0 9557.0 22.0 2118.0 0.11614401858304296
39 42 43 0.0 0.0 635.0 0.0 11060.0 26.0 3922.0 0.10228684152845764
39 42 44 0.0 0.0 244.0 0.0 5759.0 21.0 438.0 0.1753067868770348
39 42 45 0.0 0.0 0.0 0.0 20.0 0.0 0.0 0.6930693069306929
39 43 35 0.0 0.0 0.0 0.0 2.0 0.0 0.0 0.6993006993006992
39 43 36 0.0 0.0 0.0 0.0 104.0 1.0 0.0 0.6657156443176413
39 43 37 0.0 0.0 437.0 0.0 8440.0 24.0 1289.0 0.12892531540657517
39 43 38 0.0 0.0 331.0 0.0 6911.0 25.0 636.0 0.1518108870093255
39 43 39 0.0 0.0 569.0 3.0 10457.0 25.0 2958.0 0.1075516632096489
39 43 40 0.0 0.0 282.0 1.0 6871.0 15.0 685.0 0.1531226074592584
39 43 41 0.0 0.0 440.0 0.0 9373.0 27.0 2108.0 0.11869436201780414
39 43 42 0.0 0.0 277.0 1.0 6106.0 17.0 424.0 0.16718414139001667
39 43 43 0.0 0.0 164.0 0.0 3657.0 20.0 99.0 0.24121295658166778
39 43 44 0.0 0.0 6.0 0.0 220.0 1.0 0.0 0.6292134831460673
39 43 45 0.0 0.0 0.0 0.0 14.0 0.0 0.0 0.6951340615690167
39 44 35 0.0 0.0 0.0 0.0 2.0 0.0 0.0 0.6993006993006992
39 44 36 0.0 0.0 0.0 0.0 21.0 0.0 0.0 0.6927263730826323
39 44 37 0.0 0.0 15.0 0.0 375.0 2.0 0.0 0.5862646566164154
39 44 38 0.0 0.0 61.0 0.0 1795.0 13.0 14.0 0.3643935450286309
39 44 39 0.0 0.0 78.0 0.0 1915.0 15.0 16.0 0.351935646053293
39 44 40 0.0 0.0 86.0 0.0 1804.0 16.0 18.0 0.36138358286009287
39 44 41 0.0 0.0 75.0 0.0 1564.0 13.0 10.0 0.3863134657836644
39 44 42 0.0 0.0 53.0 0.0 1202.0 11.0 3.0 0.4316990440949737
39 44 43 0.0 0.0 17.0 0.0 243.0 5.0 0.0 0.6208425720620842
39 44 44 0.0 0.0 0.0 0.0 13.0 0.0 0.0 0.6958250497017892
39 44 45 0.0 0.0 0.0 0.0 3.0 0.0 0.0 0.6989515726410384
39 45 37 0.0 0.0 0.0 0.0 2.0 0.0 0.0 0.6993006993006992
39 45 38 0.0 0.0 0.0 0.0 2.0 0.0 0.0 0.6993006993006992
39 45 39 0.0 0.0 0.0 0.0 4.0 0.0 0.0 0.6986027944111775
39 45 40 0.0 0.0 0.0 0.0 5.0 0.0 0.0 0.6982543640897755
39 45 41 0.0 0.0 0.0 0.0 7.0 0.0 0.0 0.6975585450921773
40 35 35 0.0 0.0 0.0 0.0 2.0 0.0 0.0 0.6993006993006992
40 35 36 0.0 0.0 0.0 0.0 7.0 0.0 0.0 0.6975585450921773
40 35 37 0.0 0.0 0.0 0.0 6.0 0.0 0.0 0.6979062811565303
40 35 38 0.0 0.0 0.0 0.0 32.0 1.0 0.0 0.6893156080748399
40 35 39 0.0 0.0 3.0 0.0 76.0 1.0 0.0 0.6737247353224253
40 35 40 0.0 0.0 6.0 0.0 142.0 2.0 1.0 0.6523765144454798
40 35 41 0.0 0.0 0.0 0.0 26.0 0.0 0.0 0.6910167818361302
40 35 42 0.0 0.0 0.0 0.0 5.0 0.0 0.0 0.6982543640897755
40 36 35 0.0 0.0 1.0 0.0 36.0 0.0 0.0 0.6872852233676975
40 36 36 0.0 0.0 154.0 0.0 3247.0 18.0 79.0 0.25993316004455996
40 36 37 0.0 0.0 86.0 0.0 1888.0 15.0 21.0 0.3536246526900732
40 36 38 0.0 0.0 67.0 0.0 1975.0 7.0 25.0 0.34705007436787305
40 36 39 0.0 0.0 321.0 0.0 7278.0 25.0 799.0 0.14610728449175536
40 36 40 0.0 0.0 67.0 0.0 1799.0 15.0 28.0 0.3635419371591794
40 36 41 0.0 0.0 163.0 0.0 3447.0 12.0 83.0 0.25004465083050537
40 36 42 0.0 0.0 0.0 0.0 236.0 1.0 0.0 0.6266786034019695
40 36 43 0.0 0.0 7.0 0.0 223.0 4.0 0.0 0.6289308176100628
40 36 44 0.0 0.0 0.0 0.0 17.0 0.0 0.0 0.694100148735746
40 37 34 0.0 0.0 0.0 0.0 1.0 0.0 0.0 0.6996501749125437
40 37 35 0.0 0.0 3.0 0.0 100.0 0.0 0.0 0.6657156443176413
40 37 36 0.0 0.0 385.0 0.0 7848.0 20.0 924.0 0.13702652442008414
40 37 37 0.0 0.0 167.0 0.0 4631.0 21.0 255.0 0.20658108307510697
40 37 38 0.0 0.0 557.0 0.0 10475.0 30.0 2596.0 0.10755992624462199
40 37 39 0.0 0.0 770.0 0.0 12054.0 30.0 4895.0 0.09457542390056069
40 37 40 0.0 0.0 649.0 0.0 10922.0 20.0 3126.0 0.10320678215997049
40 37 41 0.0 0.0 356.0 0.0 7414.0 24.0 746.0 0.14354557572029117
40 37 42 0.0 0.0 313.0 1.0 6237.0 18.0 487.0 0.16395362454619974
40 37 43 0.0 0.0 208.0 0.0 4714.0 18.0 214.0 0.20272227048942942
40 37 44 0.0 0.0 0.0 0.0 102.0 1.0 0.0 0.6663493574488338
40 37 45 0.0 0.0 1.0 0.0 5.0 0.0 0.0 0.6979062811565303
40 38 34 0.0 0.0 0.0 0.0 5.0 0.0 0.0 0.6986027944111775
40 38 35 0.0 0.0 24.0 0.0 619.0 7.0 0.0 0.5311077389984825
40 38 36 0.0 0.0 336.0 0.0 6724.0 17.0 519.0 0.15483300154833
40 38 37 0.0 0.0 1001.0 0.0 12950.0 21.0 11100.0 0.0877577885037297
40 38 38 0.0 0.0 1514.0 0.0 12792.0 36.0 23358.0 0.08580534444716842
40 38 39 0.0 0.0 1345.0 0.0 13626.0 41.0 15541.0 0.08250338853202899
40 38 40 0.0 0.0 1393.0 2.0 13735.0 45.0 15545.0 0.08180915093788348
40 38 41 0.0 0.0 1447.0 3.0 13469.0 33.0 17837.0 0.08270809948602822
40 38 42 0.0 0.0 1046.0 1.0 13242.0 40.0 9303.0 0.08603736479842673
40 38 43 0.0 0.0 383.0 0.0 7853.0 18.0 980.0 0.13691931540342298
40 38 44 0.0 0.0 85.0 0.0 2041.0 16.0 28.0 0.34063260340632595
40 38 45 0.0 0.0 0.0 0.0 16.0 0.0 0.0 0.6944444444444444
40 39 34 0.0 0.0 0.0 0.0 5.0 0.0 0.0 0.6982543640897755
40 39 35 0.0 0.0 170.0 0.0 3294.0 18.0 66.0 0.25697503671071953
40 39 36 0.0 0.0 388.0 0.0 8113.0 22.0 956.0 0.13356229727151306
40 39 37 0.0 0.0 934.0 0.0 12963.0 22.0 8338.0 0.08798944126704794
40 39 38 0.0 0.0 1514.0 0.0 13232.0 44.0 21225.0 0.08362202843148965
40 39 39 0.0 2.0 2148.0 22.0 12200.0 43.0 37344.0 0.0855222968845449
40 39 40 0.0 1.0 2141.0 11.0 12906.0 55.0 32278.0 0.08200562324273664
40 39 41 1.0 4.0 2111.0 47.0 12947.0 50.0 30580.0 0.08181871310852666
40 39 42 0.0 0.0 1609.0 1.0 13222.0 50.0 22610.0 0.08313045543613799
40 39 43 0.0 0.0 652.0 0.0 11082.0 20.0 3179.0 0.10195907071589833
40 39 44 0.0 0.0 218.0 0.0 5086.0 16.0 297.0 0.19196489784725076
40 39 45 0.0 0.0 47.0 0.0 863.0 12.0 2.0 0.48309178743961345
40 40 34 0.0 0.0 0.0 0.0 8.0 0.0 0.0 0.697211155378486
40 40 35 0.0 0.0 100.0 0.0 2251.0 15.0 32.0 0.3229527104959631
40 40 36 0.0 0.0 517.0 0.0 10140.0 23.0 2815.0 0.11065444198545682
40 40 37 0.0 0.0 828.0 0.0 12502.0 25.0 7941.0 0.09137188356611407
40 40 38 0.0 0.0 1699.0 1.0 12943.0 54.0 26006.0 0.08415484491464294
40 40 39 0.0 16.0 2399.0 121.0 12115.0 59.0 40904.0 0.08404370272541721
40 40 40 7.0 74.0 2773.0 303.0 7117.0 85.0 86894.0 0.11410872931779278
40 40 41 0.0 4.0 2682.0 47.0 10419.0 58.0 55689.0 0.09237265769332276
40 40 42 0.0 11.0 1485.0 111.0 13397.0 32.0 19551.0 0.08233356857210067
40 40 43 0.0 0.0 772.0 0.0 12031.0 21.0 5602.0 0.09458181326847723
40 40 44 0.0 0.0 74.0 0.0 2141.0 12.0 23.0 0.3331746787244169
40 40 45 0.0 0.0 13.0 0.0 197.0 2.0 0.0 0.6340579710144926
40 41 34 0.0 0.0 0.0 0.0 3.0 0.0 0.0 0.6989515726410384
40 41 35 0.0 0.0 42.0 0.0 963.0 10.0 3.0 0.46744574290484137
40 41 36 0.0 0.0 234.0 0.0 5313.0 12.0 312.0 0.1857256566728575
40 41 37 0.0 0.0 618.0 0.0 11222.0 23.0 4763.0 0.10118531367447238
40 41 38 0.0 0.0 1161.0 3.0 13615.0 35.0 11829.0 0.0835073068893528
40 41 39 0.0 2.0 1820.0 16.0 13600.0 47.0 23720.0 0.08028904054596546
40 41 40 0.0 20.0 2094.0 154.0 12726.0 47.0 32954.0 0.08239171374764594
40 41 41 0.0 560.0 1635.0 5436.0 9167.0 38.0 29248.0 0.0744324525493115
40 41 42 0.0 5.0 1436.0 62.0 12983.0 36.0 20823.0 0.08483820143012967
40 41 43 0.0 0.0 341.0 0.0 7289.0 21.0 861.0 0.1456664238892935
40 41 44 0.0 0.0 301.0 0.0 6878.0 17.0 621.0 0.15273838097316164
40 41 45 0.0 0.0 2.0 0.0 56.0 0.0 0.0 0.6802721088435373
40 42 35 0.0 0.0 1.0 0.0 70.0 0.0 0.0 0.6760019314340897
40 42 36 0.0 0.0 37.0 0.0 1477.0 6.0 26.0 0.3990877993158494
40 42 37 0.0 0.0 223.0 0.0 4787.0 18.0 227.0 0.20017157563625962
40 42 38 0.0 0.0 1069.0 0.0 13040.0 28.0 11608.0 0.08690254500310365
40 42 39 0.0 2.0 994.0 15.0 13152.0 32.0 8901.0 0.0866765725606736
40 42 40 0.0 2.0 1729.0 28.0 13188.0 56.0 24184.0 0.08264950705472578
40 42 41 0.0 9.0 983.0 144.0 12947.0 26.0 9008.0 0.08707550690384375
40 42 42 0.0 3.0 536.0 127.0 9998.0 23.0 2260.0 0.11067193675889328
40 42 43 0.0 0.0 762.0 0.0 12101.0 23.0 5956.0 0.09419363520150709
40 42 44 0.0 0.0 221.0 0.0 5220.0 16.0 318.0 0.18852679773767841
40 42 45 0.0 0.0 0.0 0.0 28.0 0.0 0.0 0.6906758756783422
40 43 35 0.0 0.0 0.0 0.0 3.0 0.0 0.0 0.6989515726410384
40 43 36 0.0 0.0 133.0 0.0 3142.0 16.0 58.0 0.26610910473294047
40 43 37 0.0 0.0 105.0 0.0 2296.0 15.0 40.0 0.31919744642042863
40 43 38 0.0 0.0 619.0 0.0 10520.0 21.0 2759.0 0.10657734470158342
40 43 39 0.0 0.0 499.0 0.0 9408.0 24.0 1846.0 0.117755908823282
40 43 40 0.0 0.0 359.0 10.0 7654.0 13.0 979.0 0.1398182362928193
40 43 41 0.0 0.0 765.0 0.0 12054.0 23.0 5487.0 0.09451795841209829
40 43 42 0.0 0.0 410.0 0.0 8305.0 22.0 1217.0 0.13076779376050812
40 43 43 0.0 0.0 143.0 0.0 3232.0 18.0 89.0 0.26134030240806416
40 43 44 0.0 0.0 197.0 0.0 4012.0 23.0 107.0 0.22628091158881522
40 43 45 0.0 0.0 0.0 0.0 21.0 0.0 0.0 0.6927263730826323
40 44 35 0.0 0.0 0.0 0.0 3.0 0.0 0.0 0.6989515726410384
40 44 36 0.0 0.0 2.0 0.0 27.0 1.0 0.0 0.690335305719921
40 44 37 0.0 0.0 0.0 0.0 84.0 0.0 0.0 0.6717850287907868
40 44 38 0.0 0.0 34.0 0.0 760.0 9.0 4.0 0.5026929982046677
40 44 39 0.0 0.0 35.0 0.0 782.0 7.0 3.0 0.4982206405693949
40 44 40 0.0 0.0 96.0 0.0 2445.0 15.0 31.0 0.3092555776452396
40 44 41 0.0 0.0 163.0 0.0 4008.0 22.0 133.0 0.2274943126421839
40 44 42 0.0 0.0 10.0 0.0 421.0 2.0 2.0 0.5763688760806915
40 44 43 0.0 0.0 6.0 0.0 114.0 1.0 0.0 0.6610009442870631
40 44 44 0.0 0.0 2.0 0.0 37.0 0.0 0.0 0.6866110838646394
40 44 45 0.0 0.0 1.0 0.0 15.0 1.0 0.0 0.694789081885856
40 45 38 0.0 0.0 0.0 0.0 2.0 0.0 0.0 0.6993006993006992
40 45 39 0.0 0.0 0.0 0.0 2.0 0.0 0.0 0.6993006993006992
40 45 40 0.0 0.0 0.0 0.0 11.0 0.0 0.0 0.6961710591745399
40 45 41 0.0 0.0 5.0 0.0 50.0 1.0 0.0 0.6819288845591815
40 45 42 0.0 0.0 1.0 0.0 21.0 0.0 0.0 0.6923837784371908
41 34 39 0.0 0.0 0.0 0.0 1.0 0.0 0.0 0.6996501749125437
41 34 40 0.0 0.0 0.0 0.0 2.0 0.0 0.0 0.6993006993006992
41 34 41 0.0 0.0 0.0 0.0 1.0 0.0 0.0 0.6996501749125437
41 35 35 0.0 0.0 0.0 0.0 1.0 0.0 0.0 0.6996501749125437
41 35 36 0.0 0.0 0.0 0.0 11.0 0.0 0.0 0.6961710591745399
41 35 37 0.0 0.0 1.0 0.0 10.0 0.0 0.0 0.6965174129353233
41 35 38 0.0 0.0 0.0 0.0 27.0 0.0 0.0 0.6906758756783422
41 35 39 0.0 0.0 1.0 0.0 39.0 0.0 0.0 0.6862745098039215
41 35 40 0.0 0.0 71.0 0.0 1468.0 10.0 14.0 0.39671294984414845
41 35 41 0.0 0.0 0.0 0.0 12.0 0.0 0.0 0.6958250497017892
41 35 42 0.0 0.0 0.0 0.0 5.0 0.0 0.0 0.6982543640897755
41 36 35 0.0 0.0 0.0 0.0 27.0 0.0 0.0 0.6906758756783422
41 36 36 0.0 0.0 27.0 0.0 816.0 7.0 5.0 0.4936530324400563
41 36 37 0.0 0.0 184.0 0.0 4314.0 15.0 158.0 0.21594940613913305
41 36 38 0.0 0.0 46.0 0.0 1396.0 8.0 13.0 0.4075691411935953
41 36 39 0.0 0.0 201.0 0.0 4594.0 14.0 189.0 0.20655060489820004
41 36 40 0.0 0.0 171.0 0.0 4028.0 12.0 126.0 0.22609819121447028
41 36 41 0.0 0.0 40.0 0.0 844.0 12.0 1.0 0.48780487804878037
41 36 42 0.0 0.0 3.0 0.0 239.0 2.0 1.0 0.6249999999999999
41 36 43 0.0 0.0 61.0 0.0 1318.0 13.0 9.0 0.41592394533571
41 36 44 0.0 0.0 0.0 0.0 9.0 0.0 0.0 0.6968641114982577
41 37 35 0.0 0.0 2.0 0.0 69.0 0.0 0.0 0.6760019314340897
41 37 36 0.0 0.0 277.0 0.0 6877.0 25.0 791.0 0.15329026606810467
41 37 37 0.0 0.0 822.0 0.0 12435.0 25.0 7002.0 0.09179124049305007
41 37 38 0.0 0.0 592.0 0.0 10893.0 30.0 3132.0 0.10389610389610389
41 37 39 0.0 0.0 994.0 0.0 12823.0 31.0 9946.0 0.08848998166993235
41 37 40 0.0 0.0 319.0 0.0 7480.0 26.0 872.0 0.14313464880891524
41 37 41 0.0 0.0 614.0 1.0 10578.0 31.0 2648.0 0.1062941310454787
41 37 42 0.0 0.0 403.0 0.0 8689.0 26.0 1575.0 0.1264679313459801
41 37 43 0.0 0.0 153.0 0.0 3529.0 18.0 82.0 0.24717514124293782
41 37 44 0.0 0.0 11.0 0.0 152.0 4.0 0.0 0.6487488415199257
41 37 45 0.0 0.0 0.0 0.0 4.0 0.0 0.0 0.6986027944111775
41 38 34 0.0 0.0 3.0 0.0 13.0 1.0 0.0 0.694789081885856
41 38 35 0.0 0.0 12.0 0.0 200.0 2.0 0.0 0.6334841628959276
41 38 36 0.0 0.0 224.0 0.0 4929.0 19.0 251.0 0.1961333706920706
41 38 37 0.0 0.0 417.0 0.0 9002.0 18.0 1672.0 0.12273165600070131
41 38 38 0.0 0.0 1225.0 0.0 12987.0 30.0 16423.0 0.08634513383495744
41 38 39 0.0 0.0 952.0 0.0 12918.0 29.0 9247.0 0.08826125330979699
41 38 40 0.0 0.0 930.0 1.0 13084.0 23.0 8806.0 0.0873689465801298
41 38 41 0.0 10.0 999.0 197.0 13056.0 22.0 8789.0 0.08602150537634408
41 38 42 0.0 0.0 985.0 1.0 12905.0 32.0 9365.0 0.08805585256934396
41 38 43 0.0 0.0 541.0 0.0 9953.0 34.0 2319.0 0.11230547088079576
41 38 44 0.0 0.0 38.0 0.0 1348.0 7.0 15.0 0.4144464179988158
41 38 45 0.0 0.0 0.0 0.0 23.0 1.0 0.0 0.6923837784371908
41 38 46 0.0 0.0 0.0 0.0 1.0 0.0 0.0 0.6996501749125437
41 39 34 0.0 0.0 0.0 0.0 2.0 0.0 0.0 0.6993006993006992
41 39 35 0.0 0.0 23.0 0.0 821.0 10.0 5.0 0.49400141143260407
41 39 36 0.0 0.0 238.0 0.0 5324.0 20.0 314.0 0.18555334658714379
41 39 37 0.0 0.0 738.0 0.0 11736.0 28.0 4150.0 0.09678534393363289
41 39 38 0.0 0.0 1410.0 2.0 13567.0 41.0 17669.0 0.0824353765530236
41 39 39 0.0 0.0 2356.0 4.0 11068.0 54.0 46135.0 0.09069707178025394
41 39 40 0.0 2.0 2012.0 16.0 12943.0 45.0 31596.0 0.0824353765530236
41 39 41 0.0 0.0 2398.0 7.0 11115.0 47.0 45552.0 0.09009588776626551
41 39 42 0.0 0.0 1572.0 2.0 13265.0 48.0 21619.0 0.0831551437396056
41 39 43 0.0 0.0 786.0 0.0 12163.0 29.0 5571.0 0.09373953799799128
41 39 44 0.0 0.0 263.0 0.0 6319.0 17.0 483.0 0.16336056009334887
41 39 45 0.0 0.0 6.0 0.0 52.0 2.0 0.0 0.6809338521400777
41 40 34 0.0 0.0 0.0 0.0 4.0 0.0 0.0 0.6986027944111775
41 40 35 0.0 0.0 94.0 0.0 2149.0 13.0 22.0 0.33104752896665873
41 40 36 0.0 0.0 488.0 0.0 9681.0 35.0 2149.0 0.11527377521613832
41 40 37 0.0 0.0 950.0 0.0 12876.0 26.0 8599.0 0.08847879668836503
41 40 38 0.0 0.0 1417.0 0.0 13456.0 38.0 17877.0 0.0829875518672199
41 40 39 0.0 0.0 2176.0 5.0 12186.0 57.0 36719.0 0.08562167451532016
41 40 40 0.0 2.0 1920.0 37.0 13281.0 67.0 27801.0 0.08128665157057423
41 40 41 0.0 4.0 2452.0 36.0 10457.0 58.0 52178.0 0.0936204360037448
41 40 42 0.0 2.0 1677.0 41.0 13404.0 46.0 22603.0 0.08178525528683257
41 40 43 0.0 0.0 469.0 0.0 9407.0 19.0 2044.0 0.11798415641328162
41 40 44 0.0 0.0 289.0 0.0 6257.0 20.0 490.0 0.16412661195779601
41 40 45 0.0 0.0 0.0 0.0 30.0 0.0 0.0 0.689655172413793
41 41 34 0.0 0.0 0.0 0.0 3.0 0.0 0.0 0.6989515726410384
41 41 35 0.0 0.0 84.0 0.0 2231.0 9.0 21.0 0.32512772875058055
41 41 36 0.0 0.0 689.0 0.0 11411.0 28.0 3883.0 0.09936124911284598
41 41 37 0.0 0.0 1116.0 0.0 13137.0 47.0 12809.0 0.08621751447222563
41 41 38 0.0 0.0 1459.0 1.0 13447.0 44.0 19178.0 0.08286475288546906
41 41 39 0.0 3.0 2372.0 25.0 11722.0 74.0 42573.0 0.08688636504685657
41 41 40 0.0 7.0 2316.0 52.0 11612.0 49.0 42234.0 0.08757662955085699
41 41 41 0.0 11.0 1896.0 127.0 12745.0 46.0 28885.0 0.0834326579261025
41 41 42 0.0 0.0 900.0 44.0 12960.0 24.0 7338.0 0.08806139136998363
41 41 43 0.0 0.0 607.0 1.0 10860.0 31.0 3113.0 0.104089219330855
41 41 44 0.0 0.0 142.0 0.0 3484.0 14.0 88.0 0.24942098699447707
41 41 45 0.0 0.0 1.0 0.0 59.0 1.0 0.0 0.6802721088435373
41 42 35 0.0 0.0 57.0 0.0 1472.0 11.0 9.0 0.39795338260375207
41 42 36 0.0 0.0 112.0 0.0 2664.0 15.0 48.0 0.29417944946417307
41 42 37 0.0 0.0 419.0 0.0 8428.0 17.0 1229.0 0.12917512456172722
41 42 38 0.0 0.0 469.0 0.0 9263.0 16.0 1704.0 0.11942335579629786
41 42 39 0.0 0.0 947.0 1.0 12883.0 37.0 8505.0 0.08847879668836503
41 42 40 0.0 7.0 1255.0 75.0 13444.0 34.0 13959.0 0.08347245409015024
41 42 41 0.0 6.0 841.0 53.0 12578.0 28.0 7023.0 0.09051529061873666
41 42 42 0.0 2.0 959.0 35.0 12985.0 36.0 9165.0 0.08763144717075612
41 42 43 0.0 0.0 737.0 1.0 11648.0 28.0 4403.0 0.09739807986642549
41 42 44 0.0 0.0 18.0 0.0 574.0 5.0 2.0 0.5411673753382295
41 42 45 0.0 0.0 3.0 0.0 35.0 1.0 0.0 0.6872852233676975
41 43 34 0.0 0.0 0.0 0.0 2.0 0.0 0.0 0.6993006993006992
41 43 35 0.0 0.0 5.0 0.0 246.0 4.0 0.0 0.6230529595015576
41 43 36 0.0 0.0 9.0 0.0 172.0 2.0 0.0 0.6424965580541532
41 43 37 0.0 0.0 276.0 0.0 5566.0 14.0 293.0 0.17886802095311102
41 43 38 0.0 0.0 207.0 0.0 4569.0 16.0 207.0 0.2070699600650791
41 43 39 0.0 0.0 361.0 0.0 8009.0 19.0 1259.0 0.13520038628681794
41 43 40 0.0 0.0 436.0 0.0 9041.0 12.0 1715.0 0.12195121951219509
41 43 41 0.0 0.0 414.0 0.0 8627.0 23.0 1318.0 0.12694958287994196
41 43 42 0.0 0.0 386.0 0.0 8290.0 30.0 1096.0 0.13151714419915453
41 43 43 0.0 0.0 327.0 1.0 6845.0 25.0 584.0 0.1529219006007646
41 43 44 0.0 0.0 122.0 0.0 2919.0 17.0 57.0 0.27860696517412936
41 43 45 0.0 0.0 0.0 0.0 6.0 0.0 0.0 0.6979062811565303
41 44 35 0.0 0.0 0.0 0.0 2.0 0.0 0.0 0.6993006993006992
41 44 36 0.0 0.0 0.0 0.0 4.0 0.0 0.0 0.6986027944111775
41 44 37 0.0 0.0 5.0 0.0 100.0 0.0 0.0 0.6650831353919239
41 44 38 0.0 0.0 3.0 0.0 171.0 0.0 0.0 0.6442705936493326
41 44 39 0.0 0.0 27.0 0.0 741.0 7.0 1.0 0.5070626584570807
41 44 40 0.0 0.0 101.0 0.0 2091.0 23.0 23.0 0.3357314148681054
41 44 41 0.0 0.0 9.0 0.0 392.0 4.0 0.0 0.5843071786310516
41 44 42 0.0 0.0 5.0 0.0 241.0 2.0 0.0 0.623885918003565
41 44 43 0.0 0.0 26.0 0.0 722.0 7.0 4.0 0.5107624954396205
41 44 44 0.0 0.0 0.0 0.0 11.0 0.0 0.0 0.6961710591745399
41 44 45 0.0 0.0 1.0 0.0 14.0 0.0 0.0 0.694789081885856
41 45 39 0.0 0.0 9.0 0.0 129.0 1.0 0.0 0.6551240056153486
41 45 40 0.0 0.0 0.0 0.0 1.0 0.0 0.0 0.6996501749125437
41 45 41 0.0 0.0 0.0 0.0 2.0 0.0 0.0 0.6993006993006992
41 45 42 0.0 0.0 0.0 0.0 3.0 0.0 0.0 0.6989515726410384
42 34 39 0.0 0.0 0.0 0.0 3.0 0.0 0.0 0.6989515726410384
42 34 40 0.0 0.0 0.0 0.0 1.0 0.0 0.0 0.6996501749125437
42 35 36 0.0 0.0 0.0 0.0 2.0 0.0 0.0 0.6993006993006992
42 35 37 0.0 0.0 9.0 0.0 184.0 0.0 0.0 0.6383948928408572
42 35 38 0.0 0.0 4.0 0.0 85.0 2.0 0.0 0.670819357930043
42 35 39 0.0 0.0 0.0 0.0 26.0 0.0 0.0 0.6910167818361302
42 35 40 0.0 0.0 0.0 0.0 10.0 0.0 0.0 0.6965174129353233
42 35 41 0.0 0.0 2.0 0.0 45.0 0.0 0.0 0.6839276990718123
42 36 35 0.0 0.0 0.0 0.0 11.0 0.0 0.0 0.6961710591745399
42 36 36 0.0 0.0 31.0 0.0 842.0 11.0 9.0 0.48916841369671554
42 36 37 0.0 0.0 119.0 0.0 2876.0 12.0 60.0 0.2808425275827482
42 36 38 0.0 0.0 292.0 0.0 5875.0 19.0 389.0 0.17163172735074167
42 36 39 0.0 0.0 60.0 0.0 1559.0 7.0 13.0 0.3877042370534477
42 36 40 0.0 0.0 205.0 0.0 5254.0 16.0 330.0 0.18799516583859266
42 36 41 0.0 0.0 19.0 0.0 508.0 7.0 0.0 0.5559968228752977
42 36 42 0.0 0.0 29.0 0.0 1119.0 6.0 13.0 0.4455760661998726
42 36 43 0.0 0.0 0.0 0.0 33.0 0.0 0.0 0.6886374815543531
42 36 44 0.0 0.0 0.0 0.0 5.0 0.0 0.0 0.6982543640897755
42 37 35 0.0 0.0 6.0 0.0 189.0 1.0 0.0 0.6381039197812214
42 37 36 0.0 0.0 105.0 0.0 2191.0 14.0 30.0 0.32687368666822314
42 37 37 0.0 0.0 334.0 0.0 7107.0 13.0 732.0 0.14844661223624217
42 37 38 0.0 0.0 368.0 0.0 8301.0 21.0 1202.0 0.13138138138138136
42 37 39 0.0 0.0 707.0 0.0 11846.0 25.0 4787.0 0.09624639076034647
42 37 40 0.0 0.0 496.0 0.0 9547.0 25.0 1935.0 0.11640475596574372
42 37 41 0.0 0.0 456.0 0.0 9152.0 27.0 1744.0 0.12077294685990336
42 37 42 0.0 0.0 256.0 0.0 5326.0 26.0 323.0 0.1852341889388727
42 37 43 0.0 0.0 48.0 0.0 1334.0 6.0 18.0 0.41456914421083796
42 37 44 0.0 0.0 1.0 0.0 132.0 0.0 0.0 0.6563525550867322
42 37 45 0.0 0.0 0.0 0.0 8.0 0.0 0.0 0.697211155378486
42 38 35 0.0 0.0 15.0 0.0 305.0 1.0 2.0 0.6037084950409658
42 38 36 0.0 0.0 80.0 0.0 1936.0 10.0 36.0 0.34956304619225964
42 38 37 0.0 0.0 583.0 0.0 10201.0 30.0 2499.0 0.10970067387556807
42 38 38 0.0 0.0 1198.0 0.0 13153.0 35.0 15001.0 0.08570029382957883
42 38 39 0.0 0.0 1393.0 0.0 12878.0 43.0 20151.0 0.08610086100861007
42 38 40 0.0 0.0 1000.0 1.0 13115.0 24.0 9250.0 0.08687019111442044
42 38 41 0.0 0.0 1044.0 0.0 13311.0 34.0 9029.0 0.08567931456548346
42 38 42 0.0 0.0 611.0 0.0 10777.0 28.0 3078.0 0.10468855155911164
42 38 43 0.0 0.0 626.0 0.0 10696.0 24.0 3185.0 0.10521569216894633
42 38 44 0.0 0.0 146.0 0.0 3486.0 15.0 115.0 0.24911032028469746
42 38 45 0.0 0.0 62.0 0.0 1101.0 11.0 9.0 0.4440215667618141
42 39 34 0.0 0.0 0.0 0.0 3.0 0.0 0.0 0.6989515726410384
42 39 35 0.0 0.0 112.0 0.0 2398.0 14.0 30.0 0.311249444197421
42 39 36 0.0 0.0 325.0 0.0 6518.0 22.0 476.0 0.15869417365676713
42 39 37 0.0 0.0 701.0 0.0 11726.0 28.0 5273.0 0.09715475364330325
42 39 38 0.0 0.0 1027.0 0.0 13264.0 36.0 8503.0 0.08599508599508598
42 39 39 0.0 0.0 1193.0 1.0 13381.0 37.0 13765.0 0.08442889880593413
42 39 40 0.0 2.0 1202.0 20.0 13779.0 38.0 12092.0 0.08229968843689377
42 39 41 0.0 0.0 1265.0 1.0 13467.0 44.0 15444.0 0.08373706561397212
42 39 42 0.0 0.0 1297.0 0.0 12773.0 33.0 19428.0 0.08707009142359598
42 39 43 0.0 0.0 1021.0 0.0 12961.0 32.0 9442.0 0.08759306763436149
42 39 44 0.0 0.0 168.0 0.0 4248.0 15.0 181.0 0.21871582565224176
42 39 45 0.0 0.0 0.0 0.0 30.0 1.0 0.0 0.6899950714637751
42 40 34 0.0 0.0 0.0 0.0 1.0 0.0 0.0 0.6996501749125437
42 40 35 0.0 0.0 27.0 0.0 564.0 5.0 0.0 0.5413766434648105
42 40 36 0.0 0.0 207.0 0.0 4843.0 13.0 239.0 0.19889188805228014
42 40 37 0.0 0.0 735.0 0.0 11762.0 20.0 5196.0 0.09654506585752706
42 40 38 0.0 0.0 1819.0 0.0 13008.0 48.0 27421.0 0.08321940200915412
42 40 39 0.0 0.0 1751.0 0.0 13082.0 43.0 26076.0 0.08308605341246289
42 40 40 0.0 0.0 1846.0 0.0 12370.0 48.0 30986.0 0.08632916075723006
42 40 41 0.0 0.0 1455.0 1.0 13756.0 36.0 17051.0 0.08123476848090982
42 40 42 0.0 1.0 1310.0 8.0 13686.0 41.0 14636.0 0.08235294117647059
42 40 43 0.0 0.0 614.0 0.0 11064.0 18.0 3728.0 0.10243652593839174
42 40 44 0.0 0.0 182.0 0.0 4196.0 26.0 145.0 0.22019502988361117
42 40 45 0.0 0.0 3.0 0.0 52.0 1.0 0.0 0.6815968841285296
42 41 34 0.0 0.0 0.0 0.0 1.0 0.0 0.0 0.6996501749125437
42 41 35 0.0 0.0 0.0 0.0 78.0 0.0 0.0 0.6740491092922483
42 41 36 0.0 0.0 296.0 0.0 6517.0 15.0 518.0 0.15909090909090906
42 41 37 0.0 0.0 522.0 0.0 9990.0 23.0 2367.0 0.11205378581719223
42 41 38 0.0 0.0 807.0 0.0 12330.0 23.0 5526.0 0.09250082590023123
42 41 39 0.0 0.0 1374.0 0.0 13404.0 47.0 17005.0 0.08354717431521155
42 41 40 0.0 0.0 1230.0 2.0 13843.0 30.0 12066.0 0.08197681227309989
42 41 41 0.0 0.0 1709.0 1.0 12707.0 34.0 26860.0 0.0852411105698977
42 41 42 0.0 0.0 1042.0 0.0 12999.0 32.0 11708.0 0.08725459644749142
42 41 43 0.0 0.0 353.0 1.0 7829.0 23.0 1016.0 0.1377546000196792
42 41 44 0.0 0.0 113.0 0.0 2745.0 4.0 61.0 0.2886002886002886
42 41 45 0.0 0.0 0.0 0.0 19.0 0.0 0.0 0.6934125804853887
42 42 35 0.0 0.0 13.0 0.0 273.0 4.0 0.0 0.6134969325153373
42 42 36 0.0 0.0 235.0 0.0 5563.0 18.0 390.0 0.17990233873040348
42 42 37 0.0 0.0 152.0 0.0 3867.0 15.0 135.0 0.2331778814123917
42 42 38 0.0 0.0 694.0 0.0 11675.0 32.0 5155.0 0.09750661652040674
42 42 39 0.0 0.0 1038.0 0.0 13239.0 26.0 10265.0 0.08598980406608929
42 42 40 0.0 0.0 1402.0 0.0 13095.0 34.0 19256.0 0.08478682170542635
42 42 41 0.0 0.0 934.0 1.0 12853.0 34.0 9534.0 0.0887255212624374
42 42 42 0.0 0.0 816.0 0.0 12518.0 32.0 7287.0 0.09140767824497256
42 42 43 0.0 0.0 358.0 0.0 7366.0 34.0 842.0 0.14440433212996387
42 42 44 0.0 0.0 54.0 0.0 1080.0 11.0 6.0 0.44828690361831564
42 42 45 0.0 0.0 0.0 0.0 4.0 0.0 0.0 0.6986027944111775
42 43 35 0.0 0.0 0.0 0.0 7.0 1.0 0.0 0.6982543640897755
42 43 36 0.0 0.0 41.0 0.0 940.0 5.0 5.0 0.47043010752688164
42 43 37 0.0 0.0 0.0 0.0 187.0 0.0 0.0 0.6401463191586647
42 43 38 0.0 0.0 66.0 0.0 1852.0 7.0 19.0 0.3579647149066734
42 43 39 0.0 0.0 618.0 0.0 10805.0 32.0 2954.0 0.10447761194029849
42 43 40 0.0 0.0 260.0 2.0 6653.0 21.0 658.0 0.15733872780400085
42 43 41 0.0 0.0 533.0 0.0 9963.0 20.0 2219.0 0.11217948717948717
42 43 42 0.0 0.0 156.0 0.0 3469.0 12.0 84.0 0.249554367201426
42 43 43 0.0 0.0 76.0 0.0 2205.0 12.0 36.0 0.3278688524590163
42 43 44 0.0 0.0 5.0 0.0 94.0 2.0 0.0 0.6676204101096804
42 43 45 0.0 0.0 0.0 0.0 1.0 0.0 0.0 0.6996501749125437
42 44 36 0.0 0.0 0.0 0.0 5.0 0.0 0.0 0.6982543640897755
42 44 37 0.0 0.0 0.0 0.0 21.0 0.0 0.0 0.6927263730826323
42 44 38 0.0 0.0 4.0 0.0 251.0 1.0 0.0 0.6211180124223601
42 44 39 0.0 0.0 100.0 0.0 2223.0 12.0 21.0 0.3246753246753246
42 44 40 0.0 0.0 55.0 0.0 1229.0 9.0 9.0 0.4274809160305343
42 44 41 0.0 0.0 4.0 0.0 172.0 1.0 0.0 0.6436781609195401
42 44 42 0.0 0.0 49.0 0.0 958.0 8.0 0.0 0.46697798532354895
42 44 43 0.0 0.0 34.0 0.0 1078.0 6.0 8.0 0.4507405022537025
42 44 44 0.0 0.0 1.0 0.0 9.0 0.0 0.0 0.6965174129353233
42 44 45 0.0 0.0 0.0 0.0 2.0 0.0 0.0 0.6993006993006992
42 45 38 0.0 0.0 0.0 0.0 2.0 0.0 0.0 0.6993006993006992
42 45 39 0.0 0.0 0.0 0.0 4.0 0.0 0.0 0.6986027944111775
42 45 40 0.0 0.0 0.0 0.0 6.0 0.0 0.0 0.6979062811565303
42 45 41 0.0 0.0 0.0 0.0 6.0 0.0 0.0 0.6979062811565303
42 45 43 0.0 0.0 0.0 0.0 1.0 0.0 0.0 0.6996501749125437
43 35 36 0.0 0.0 0.0 0.0 1.0 0.0 0.0 0.6996501749125437
43 35 37 0.0 0.0 0.0 0.0 6.0 0.0 0.0 0.6979062811565303
43 35 38 0.0 0.0 0.0 0.0 14.0 0.0 0.0 0.6951340615690167
43 35 39 0.0 0.0 0.0 0.0 26.0 0.0 0.0 0.6910167818361302
43 35 40 0.0 0.0 0.0 0.0 19.0 0.0 0.0 0.6934125804853887
43 35 41 0.0 0.0 0.0 0.0 4.0 0.0 0.0 0.6986027944111775
43 36 35 0.0 0.0 0.0 0.0 1.0 0.0 0.0 0.6996501749125437
43 36 36 0.0 0.0 0.0 0.0 15.0 0.0 0.0 0.694789081885856
43 36 37 0.0 0.0 2.0 0.0 139.0 0.0 0.0 0.6539000467071461
43 36 38 0.0 0.0 91.0 0.0 2061.0 14.0 20.0 0.33832769453842426
43 36 39 0.0 0.0 184.0 0.0 3790.0 22.0 112.0 0.23513604299630497
43 36 40 0.0 0.0 44.0 0.0 1183.0 11.0 6.0 0.4353233830845771
43 36 41 0.0 0.0 42.0 0.0 967.0 12.0 8.0 0.4671338004671337
43 36 42 0.0 0.0 38.0 0.0 872.0 10.0 5.0 0.4827586206896551
43 36 43 0.0 0.0 0.0 0.0 8.0 0.0 0.0 0.697211155378486
43 36 44 0.0 0.0 0.0 0.0 1.0 0.0 0.0 0.6996501749125437
43 37 35 0.0 0.0 0.0 0.0 3.0 0.0 0.0 0.6989515726410384
43 37 36 0.0 0.0 1.0 0.0 57.0 1.0 0.0 0.6809338521400777
43 37 37 0.0 0.0 150.0 0.0 3270.0 19.0 85.0 0.25916327286190294
43 37 38 0.0 0.0 656.0 0.0 11064.0 39.0 3606.0 0.10221216324742644
43 37 39 0.0 0.0 374.0 0.0 7639.0 26.0 1005.0 0.14019627478469854
43 37 40 0.0 0.0 269.0 0.0 6539.0 14.0 588.0 0.1591632560254661
43 37 41 0.0 0.0 320.0 0.0 6908.0 28.0 626.0 0.15214083894805475
43 37 42 0.0 0.0 110.0 0.0 2800.0 15.0 58.0 0.2860061287027579
43 37 43 0.0 0.0 118.0 0.0 2225.0 19.0 31.0 0.32384917881101083
43 37 44 0.0 0.0 2.0 0.0 82.0 1.0 0.0 0.6721075372059528
43 37 45 0.0 0.0 0.0 0.0 7.0 0.0 0.0 0.6975585450921773
43 38 34 0.0 0.0 0.0 0.0 1.0 0.0 0.0 0.6996501749125437
43 38 35 0.0 0.0 0.0 0.0 8.0 0.0 0.0 0.697211155378486
43 38 36 0.0 0.0 73.0 0.0 1842.0 10.0 21.0 0.35851472471190776
43 38 37 0.0 0.0 293.0 0.0 7133.0 11.0 848.0 0.1486357362777365
43 38 38 0.0 0.0 572.0 0.0 11028.0 21.0 3439.0 0.10299418818509526
43 38 39 0.0 0.0 781.0 0.0 12182.0 34.0 5481.0 0.0936329588014981
43 38 40 0.0 0.0 501.0 0.0 9672.0 20.0 2140.0 0.11508425811755034
43 38 41 0.0 0.0 604.0 0.0 10857.0 33.0 3295.0 0.10414342036747748
43 38 42 0.0 0.0 762.0 0.0 11877.0 28.0 5808.0 0.09573304157549234
43 38 43 0.0 0.0 252.0 0.0 6041.0 14.0 445.0 0.1690821256038647
43 38 44 0.0 0.0 147.0 0.0 3475.0 16.0 102.0 0.24964336661911554
43 38 45 0.0 0.0 0.0 0.0 19.0 0.0 0.0 0.6934125804853887
43 39 34 0.0 0.0 0.0 0.0 2.0 0.0 0.0 0.6993006993006992
43 39 35 0.0 0.0 0.0 0.0 18.0 0.0 0.0 0.6937561942517343
43 39 36 0.0 0.0 223.0 0.0 4855.0 17.0 223.0 0.19821605550049554
43 39 37 0.0 0.0 410.0 0.0 8228.0 16.0 1204.0 0.1316779533483822
43 39 38 0.0 0.0 524.0 0.0 10089.0 22.0 2362.0 0.11108466238197254
43 39 39 0.0 0.0 788.0 0.0 12178.0 21.0 6207.0 0.09352037408149631
43 39 40 0.0 0.0 1075.0 0.0 13230.0 35.0 10982.0 0.08587903324745429
43 39 41 0.0 0.0 749.0 0.0 11947.0 27.0 4651.0 0.09532239395383671
43 39 42 0.0 0.0 646.0 0.0 11002.0 25.0 3576.0 0.1026618757791303
43 39 43 0.0 0.0 302.0 0.0 7291.0 20.0 864.0 0.146168302359574
43 39 44 0.0 0.0 42.0 0.0 1520.0 6.0 12.0 0.3938115330520393
43 39 45 0.0 0.0 0.0 0.0 14.0 0.0 0.0 0.695479384003974
43 39 46 0.0 0.0 0.0 0.0 1.0 0.0 0.0 0.6996501749125437
43 40 34 0.0 0.0 0.0 0.0 1.0 0.0 0.0 0.6996501749125437
43 40 35 0.0 0.0 0.0 0.0 17.0 0.0 0.0 0.694100148735746
43 40 36 0.0 0.0 181.0 0.0 4304.0 19.0 169.0 0.21638330757341573
43 40 37 0.0 0.0 649.0 0.0 11112.0 25.0 3408.0 0.10180337405468294
43 40 38 0.0 0.0 685.0 0.0 11416.0 24.0 4430.0 0.09936124911284598
43 40 39 0.0 0.0 742.0 0.0 11985.0 31.0 5648.0 0.0951151572797065
43 40 40 0.0 0.0 737.0 0.0 11964.0 18.0 5977.0 0.09527698380291275
43 40 41 0.0 0.0 796.0 0.0 12161.0 28.0 4969.0 0.0936204360037448
43 40 42 0.0 0.0 571.0 0.0 10675.0 37.0 3163.0 0.10586011342155008
43 40 43 0.0 0.0 789.0 0.0 12105.0 24.0 6629.0 0.09401652004566516
43 40 44 0.0 0.0 205.0 0.0 4022.0 24.0 128.0 0.22569724326938573
43 40 45 0.0 0.0 0.0 0.0 21.0 0.0 0.0 0.6927263730826323
43 41 34 0.0 0.0 0.0 0.0 1.0 0.0 0.0 0.6996501749125437
43 41 35 0.0 0.0 0.0 0.0 28.0 0.0 0.0 0.690335305719921
43 41 36 0.0 0.0 30.0 0.0 782.0 5.0 3.0 0.4987531172069825
43 41 37 0.0 0.0 182.0 0.0 4804.0 14.0 253.0 0.2008032128514056
43 41 38 0.0 0.0 466.0 0.0 9287.0 21.0 1749.0 0.11924026914232175
43 41 39 0.0 0.0 888.0 0.0 12607.0 31.0 7510.0 0.09039256198347106
43 41 40 0.0 0.0 815.0 0.0 12401.0 29.0 7099.0 0.09208103130755063
43 41 41 0.0 0.0 822.0 0.0 12363.0 44.0 6384.0 0.09234828496042215
43 41 42 0.0 0.0 476.0 0.0 9542.0 33.0 2078.0 0.11671529804085035
43 41 43 0.0 0.0 298.0 0.0 6598.0 31.0 582.0 0.15783540022547912
43 41 44 0.0 0.0 4.0 0.0 259.0 2.0 0.0 0.6191950464396283
43 41 45 0.0 0.0 0.0 0.0 1.0 0.0 0.0 0.6996501749125437
43 42 35 0.0 0.0 0.0 0.0 21.0 0.0 0.0 0.6927263730826323
43 42 36 0.0 0.0 0.0 0.0 58.0 0.0 0.0 0.6802721088435373
43 42 37 0.0 0.0 92.0 0.0 2416.0 10.0 35.0 0.3111802622805067
43 42 38 0.0 0.0 424.0 0.0 8879.0 23.0 1649.0 0.12403650217063877
43 42 39 0.0 0.0 329.0 0.0 7315.0 22.0 811.0 0.1454394348639102
43 42 40 0.0 0.0 653.0 0.0 11315.0 28.0 4136.0 0.10028653295128939
43 42 41 0.0 0.0 413.0 0.0 8375.0 23.0 1171.0 0.1299183370452858
43 42 42 0.0 0.0 319.0 0.0 7322.0 19.0 778.0 0.14545454545454542
43 42 43 0.0 0.0 239.0 0.0 5342.0 18.0 318.0 0.18506278916060806
43 42 44 0.0 0.0 0.0 0.0 43.0 0.0 0.0 0.6852667645619186
43 42 45 0.0 0.0 0.0 0.0 1.0 0.0 0.0 0.6996501749125437
43 43 35 0.0 0.0 0.0 0.0 4.0 0.0 0.0 0.6986027944111775
43 43 36 0.0 0.0 0.0 0.0 13.0 0.0 0.0 0.695479384003974
43 43 37 0.0 0.0 29.0 0.0 811.0 6.0 6.0 0.49400141143260407
43 43 38 0.0 0.0 162.0 0.0 4016.0 16.0 137.0 0.2272358383379321
43 43 39 0.0 0.0 340.0 0.0 6976.0 22.0 680.0 0.15050526768436892
43 43 40 0.0 0.0 209.0 0.0 5536.0 15.0 391.0 0.18111254851228972
43 43 41 0.0 0.0 406.0 0.0 8148.0 21.0 1166.0 0.13283992788689628
43 43 42 0.0 0.0 270.0 0.0 5573.0 19.0 358.0 0.17882232724485886
43 43 43 0.0 0.0 137.0 0.0 2761.0 17.0 49.0 0.2867677181482998
43 43 44 0.0 0.0 0.0 0.0 12.0 0.0 0.0 0.6958250497017892
43 44 37 0.0 0.0 0.0 0.0 3.0 0.0 0.0 0.6989515726410384
43 44 38 0.0 0.0 14.0 0.0 166.0 3.0 0.0 0.6430868167202571
43 44 39 0.0 0.0 5.0 0.0 116.0 1.0 0.0 0.6603773584905659
43 44 40 0.0 0.0 251.0 0.0 5032.0 24.0 273.0 0.19267822736030824
43 44 41 0.0 0.0 1.0 0.0 82.0 2.0 0.0 0.6727534839019701
43 44 42 0.0 0.0 8.0 0.0 204.0 1.0 0.0 0.6334841628959276
43 44 43 0.0 0.0 0.0 0.0 12.0 0.0 0.0 0.6958250497017892
43 44 44 0.0 0.0 0.0 0.0 2.0 0.0 0.0 0.6993006993006992
43 45 38 0.0 0.0 8.0 0.0 113.0 3.0 0.0 0.6610009442870631
43 45 39 0.0 0.0 0.0 0.0 4.0 0.0 0.0 0.6986027944111775
43 45 40 0.0 0.0 0.0 0.0 11.0 0.0 0.0 0.6961710591745399
43 45 41 0.0 0.0 0.0 0.0 3.0 0.0 0.0 0.6989515726410384
44 35 37 0.0 0.0 0.0 0.0 3.0 0.0 0.0 0.6989515726410384
44 35 38 0.0 0.0 0.0 0.0 5.0 0.0 0.0 0.6982543640897755
44 35 39 0.0 0.0 1.0 0.0 25.0 1.0 0.0 0.6913580246913579
44 35 40 0.0 0.0 0.0 0.0 3.0 0.0 0.0 0.6989515726410384
44 35 41 0.0 0.0 0.0 0.0 1.0 0.0 0.0 0.6996501749125437
44 36 37 0.0 0.0 0.0 0.0 73.0 1.0 0.0 0.6756756756756755
44 36 38 0.0 0.0 127.0 0.0 2996.0 10.0 80.0 0.27381185214159975
44 36 39 0.0 0.0 188.0 0.0 4210.0 15.0 169.0 0.21926389976507435
44 36 40 0.0 0.0 83.0 0.0 1790.0 14.0 22.0 0.36278828712101574
44 36 41 0.0 0.0 0.0 0.0 18.0 0.0 0.0 0.6937561942517343
44 36 42 0.0 0.0 0.0 0.0 15.0 0.0 0.0 0.694789081885856
44 36 44 0.0 0.0 0.0 0.0 2.0 0.0 0.0 0.6993006993006992
44 37 36 0.0 0.0 17.0 0.0 500.0 6.0 4.0 0.5575467941059339
44 37 37 0.0 0.0 11.0 0.0 318.0 3.0 1.0 0.6018916595012896
44 37 38 0.0 0.0 184.0 0.0 4410.0 15.0 232.0 0.21276595744680848
44 37 39 0.0 0.0 81.0 0.0 1948.0 16.0 25.0 0.34886618489907795
44 37 40 0.0 0.0 50.0 0.0 1252.0 8.0 7.0 0.4250151791135397
44 37 41 0.0 0.0 119.0 0.0 2477.0 16.0 42.0 0.3057436121423891
44 37 42 0.0 0.0 5.0 0.0 248.0 0.0 0.0 0.6213936972924988
44 37 43 0.0 0.0 75.0 0.0 1669.0 9.0 21.0 0.3748326639892904
44 37 44 0.0 0.0 0.0 0.0 3.0 0.0 0.0 0.6989515726410384
44 38 35 0.0 0.0 5.0 0.0 71.0 0.0 0.0 0.6743737957610789
44 38 36 0.0 0.0 1.0 0.0 41.0 0.0 0.0 0.6859382655560998
44 38 37 0.0 0.0 42.0 0.0 1179.0 16.0 6.0 0.4368174726989079
44 38 38 0.0 0.0 35.0 0.0 1149.0 10.0 16.0 0.44108380592312535
44 38 39 0.0 0.0 204.0 0.0 4484.0 10.0 158.0 0.20964360587002093
44 38 40 0.0 0.0 713.0 0.0 11707.0 41.0 4963.0 0.09719522354901415
44 38 41 0.0 0.0 169.0 0.0 3733.0 12.0 107.0 0.23761031907671415
44 38 42 0.0 0.0 157.0 0.0 3703.0 12.0 102.0 0.23943902856165553
44 38 43 0.0 0.0 10.0 0.0 423.0 2.0 2.0 0.5758946935417523
44 38 44 0.0 0.0 13.0 0.0 429.0 4.0 0.0 0.5742411812961443
44 38 45 0.0 0.0 0.0 0.0 7.0 0.0 0.0 0.6975585450921773
44 39 35 0.0 0.0 0.0 0.0 6.0 0.0 0.0 0.6979062811565303
44 39 36 0.0 0.0 45.0 0.0 1009.0 8.0 7.0 0.45961917268548913
44 39 37 0.0 0.0 230.0 0.0 4961.0 14.0 242.0 0.1950675769820259
44 39 38 0.0 0.0 114.0 0.0 2932.0 15.0 79.0 0.2782193958664546
44 39 39 0.0 0.0 377.0 0.0 7299.0 18.0 767.0 0.14488254165373068
44 39 40 0.0 0.0 356.0 0.0 7871.0 14.0 966.0 0.13697289893356812
44 39 41 0.0 0.0 208.0 0.0 4753.0 15.0 197.0 0.20158387329013674
44 39 42 0.0 0.0 376.0 0.0 7200.0 25.0 690.0 0.1464741577735928
44 39 43 0.0 0.0 38.0 0.0 1315.0 8.0 14.0 0.4184100418410041
44 39 44 0.0 0.0 212.0 0.0 4521.0 17.0 195.0 0.20842638082477297
44 39 45 0.0 0.0 0.0 0.0 13.0 0.0 0.0 0.695479384003974
44 40 35 0.0 0.0 0.0 0.0 8.0 0.0 0.0 0.697211155378486
44 40 36 0.0 0.0 71.0 0.0 1726.0 13.0 19.0 0.36997885835095135
44 40 37 0.0 0.0 102.0 0.0 2500.0 13.0 34.0 0.30514385353095025
44 40 38 0.0 0.0 147.0 0.0 3160.0 14.0 62.0 0.2646002646002646
44 40 39 0.0 0.0 279.0 0.0 6132.0 22.0 396.0 0.1669051025274201
44 40 40 0.0 0.0 587.0 0.0 10890.0 24.0 3676.0 0.10396554284865586
44 40 41 0.0 0.0 115.0 0.0 2998.0 12.0 74.0 0.27456363992939786
44 40 42 0.0 0.0 206.0 0.0 4880.0 16.0 232.0 0.19796380090497734
44 40 43 0.0 0.0 121.0 0.0 2825.0 14.0 41.0 0.2839180693571283
44 40 44 0.0 0.0 6.0 0.0 149.0 2.0 0.0 0.6505576208178437
44 40 45 0.0 0.0 0.0 0.0 7.0 0.0 0.0 0.6975585450921773
44 41 35 0.0 0.0 0.0 0.0 6.0 0.0 0.0 0.6979062811565303
44 41 36 0.0 0.0 1.0 0.0 74.0 0.0 0.0 0.6746987951807227
44 41 37 0.0 0.0 62.0 0.0 1486.0 10.0 9.0 0.3955919751342187
44 41 38 0.0 0.0 72.0 0.0 1904.0 11.0 17.0 0.35317860746720475
44 41 39 0.0 0.0 340.0 0.0 7366.0 26.0 743.0 0.14455343314403712
44 41 40 0.0 0.0 160.0 0.0 3616.0 24.0 93.0 0.24343592418709784
44 41 41 0.0 0.0 195.0 0.0 4070.0 20.0 137.0 0.22410757163438447
44 41 42 0.0 0.0 327.0 0.0 6509.0 10.0 512.0 0.15864022662889515
44 41 43 0.0 0.0 176.0 0.0 4228.0 12.0 194.0 0.2190237797246558
44 41 44 0.0 0.0 4.0 0.0 190.0 1.0 0.0 0.6383948928408572
44 42 36 0.0 0.0 0.0 0.0 11.0 0.0 0.0 0.6961710591745399
44 42 37 0.0 0.0 0.0 0.0 45.0 0.0 0.0 0.6845965770171147
44 42 38 0.0 0.0 120.0 0.0 2708.0 13.0 63.0 0.2907580477673935
44 42 39 0.0 0.0 467.0 0.0 9425.0 36.0 2086.0 0.11797421420746607
44 42 40 0.0 0.0 30.0 0.0 1257.0 6.0 8.0 0.42682926829268286
44 42 41 0.0 0.0 132.0 0.0 2519.0 13.0 30.0 0.3017241379310344
44 42 42 0.0 0.0 21.0 0.0 534.0 6.0 0.0 0.5492349941153393
44 42 43 0.0 0.0 7.0 0.0 177.0 3.0 0.0 0.6419073819348922
44 42 44 0.0 0.0 0.0 0.0 14.0 0.0 0.0 0.6951340615690167
44 43 37 0.0 0.0 0.0 0.0 39.0 0.0 0.0 0.6866110838646394
44 43 38 0.0 0.0 2.0 0.0 110.0 0.0 0.0 0.6628787878787878
44 43 39 0.0 0.0 89.0 0.0 1934.0 11.0 26.0 0.34886618489907795
44 43 40 0.0 0.0 7.0 0.0 298.0 3.0 0.0 0.6081668114682883
44 43 41 0.0 0.0 1.0 0.0 136.0 0.0 1.0 0.6551240056153486
44 43 42 0.0 0.0 0.0 0.0 65.0 0.0 0.0 0.6779661016949151
44 43 43 0.0 0.0 4.0 0.0 71.0 1.0 0.0 0.6750241080038573
44 43 44 0.0 0.0 0.0 0.0 10.0 0.0 0.0 0.6965174129353233
44 44 37 0.0 0.0 1.0 0.0 27.0 0.0 0.0 0.690335305719921
44 44 38 0.0 0.0 8.0 0.0 168.0 2.0 0.0 0.6439742410303587
44 44 39 0.0 0.0 0.0 0.0 18.0 0.0 0.0 0.694100148735746
44 44 40 0.0 0.0 0.0 0.0 39.0 1.0 0.0 0.6869479882237487
44 44 41 0.0 0.0 2.0 0.0 29.0 0.0 0.0 0.6893156080748399
44 44 42 0.0 0.0 3.0 0.0 90.0 1.0 0.0 0.6692160611854684
44 45 39 0.0 0.0 0.0 0.0 4.0 0.0 0.0 0.6986027944111775
44 45 40 0.0 0.0 0.0 0.0 7.0 0.0 0.0 0.6975585450921773
44 45 41 0.0 0.0 0.0 0.0 2.0 0.0 0.0 0.6993006993006992
45 35 37 0.0 0.0 0.0 0.0 2.0 0.0 0.0 0.6993006993006992
45 35 38 0.0 0.0 0.0 0.0 4.0 0.0 0.0 0.6986027944111775
45 35 39 0.0 0.0 0.0 0.0 5.0 0.0 0.0 0.6982543640897755
45 35 40 0.0 0.0 0.0 0.0 2.0 0.0 0.0 0.6993006993006992
45 36 37 0.0 0.0 0.0 0.0 2.0 0.0 0.0 0.6993006993006992
45 36 38 0.0 0.0 0.0 0.0 12.0 0.0 0.0 0.6958250497017892
45 36 39 0.0 0.0 9.0 0.0 127.0 2.0 0.0 0.6560449859418931
45 36 40 0.0 0.0 0.0 0.0 6.0 0.0 0.0 0.6979062811565303
45 36 41 0.0 0.0 0.0 0.0 2.0 0.0 0.0 0.6993006993006992
45 36 44 0.0 0.0 0.0 0.0 3.0 1.0 0.0 0.6993006993006992
45 37 37 0.0 0.0 0.0 0.0 12.0 1.0 0.0 0.6961710591745399
45 37 38 0.0 0.0 0.0 0.0 20.0 0.0 0.0 0.6930693069306929
45 37 39 0.0 0.0 113.0 0.0 3279.0 18.0 76.0 0.2604651162790697
45 37 40 0.0 0.0 150.0 0.0 3124.0 16.0 72.0 0.2662609357170026
45 37 41 0.0 0.0 52.0 0.0 1315.0 4.0 13.0 0.4164187983343247
45 37 42 0.0 0.0 1.0 0.0 22.0 0.0 0.0 0.6920415224913494
45 37 43 0.0 0.0 0.0 0.0 5.0 0.0 0.0 0.6982543640897755
45 38 36 0.0 0.0 0.0 0.0 2.0 0.0 0.0 0.6993006993006992
45 38 37 0.0 0.0 1.0 0.0 17.0 0.0 0.0 0.6937561942517343
45 38 38 0.0 0.0 18.0 0.0 251.0 4.0 0.0 0.6181015452538631
45 38 39 0.0 0.0 0.0 0.0 123.0 0.0 0.0 0.6594441827602449
45 38 40 0.0 0.0 46.0 0.0 987.0 12.0 2.0 0.4635761589403972
45 38 41 0.0 0.0 338.0 0.0 6764.0 19.0 690.0 0.15406624848684933
45 38 42 0.0 0.0 4.0 0.0 81.0 0.0 0.0 0.6714628297362109
45 38 43 0.0 0.0 2.0 0.0 10.0 1.0 0.0 0.6961710591745399
45 38 44 0.0 0.0 0.0 0.0 4.0 0.0 0.0 0.6986027944111775
45 38 45 0.0 0.0 0.0 0.0 1.0 0.0 0.0 0.6996501749125437
45 39 35 0.0 0.0 0.0 0.0 1.0 0.0 0.0 0.6996501749125437
45 39 36 0.0 0.0 0.0 0.0 6.0 0.0 0.0 0.6979062811565303
45 39 37 0.0 0.0 3.0 0.0 16.0 0.0 0.0 0.6934125804853887
45 39 38 0.0 0.0 1.0 0.0 46.0 0.0 0.0 0.6839276990718123
45 39 39 0.0 0.0 8.0 0.0 272.0 3.0 0.0 0.6148440931049626
45 39 40 0.0 0.0 12.0 0.0 362.0 5.0 0.0 0.590966652596032
45 39 41 0.0 0.0 150.0 0.0 3459.0 16.0 92.0 0.2502234137622877
45 39 42 0.0 0.0 10.0 0.0 371.0 0.0 0.0 0.588235294117647
45 39 43 0.0 0.0 0.0 0.0 24.0 0.0 0.0 0.6916996047430829
45 39 44 0.0 0.0 0.0 0.0 9.0 0.0 0.0 0.6968641114982577
45 39 45 0.0 0.0 0.0 0.0 4.0 0.0 0.0 0.6986027944111775
45 40 36 0.0 0.0 0.0 0.0 4.0 0.0 0.0 0.6986027944111775
45 40 37 0.0 0.0 3.0 0.0 34.0 2.0 0.0 0.6879606879606879
45 40 38 0.0 0.0 2.0 0.0 67.0 2.0 1.0 0.6773101112723753
45 40 39 0.0 0.0 59.0 0.0 1597.0 11.0 19.0 0.38408779149519884
45 40 40 0.0 0.0 20.0 0.0 613.0 3.0 0.0 0.5325218714340052
45 40 41 0.0 0.0 58.0 0.0 1313.0 17.0 17.0 0.4172876304023844
45 40 42 0.0 0.0 1.0 0.0 88.0 0.0 0.0 0.6701771182383915
45 40 43 0.0 0.0 2.0 0.0 57.0 1.0 0.0 0.6802721088435373
45 40 44 0.0 0.0 0.0 0.0 2.0 0.0 0.0 0.6993006993006992
45 40 45 0.0 0.0 0.0 0.0 3.0 0.0 0.0 0.6989515726410384
45 41 36 0.0 0.0 0.0 0.0 4.0 0.0 0.0 0.6986027944111775
45 41 37 0.0 0.0 0.0 0.0 7.0 0.0 0.0 0.6975585450921773
45 41 38 0.0 0.0 13.0 0.0 222.0 3.0 0.0 0.6272401433691756
45 41 39 0.0 0.0 275.0 0.0 5909.0 24.0 427.0 0.17146356399265153
45 41 40 0.0 0.0 45.0 0.0 1055.0 10.0 7.0 0.4530744336569579
45 41 41 0.0 0.0 21.0 0.0 396.0 3.0 1.0 0.579950289975145
45 41 42 0.0 0.0 22.0 0.0 527.0 6.0 0.0 0.5505308690523003
45 41 43 0.0 0.0 5.0 0.0 94.0 1.0 0.0 0.6673021925643469
45 41 44 0.0 0.0 0.0 0.0 1.0 0.0 0.0 0.6996501749125437
45 42 38 0.0 0.0 14.0 0.0 529.0 3.0 2.0 0.5511811023622046
45 42 39 0.0 0.0 3.0 0.0 156.0 0.0 1.0 0.6484483557202407
45 42 40 0.0 0.0 24.0 0.0 637.0 6.0 2.0 0.527306967984934
45 42 41 0.0 0.0 0.0 0.0 17.0 0.0 0.0 0.694100148735746
45 42 42 0.0 0.0 9.0 0.0 137.0 2.0 0.0 0.6529850746268656
45 42 43 0.0 0.0 0.0 0.0 9.0 0.0 0.0 0.6968641114982577
45 42 44 0.0 0.0 0.0 0.0 2.0 0.0 0.0 0.6993006993006992
45 43 37 0.0 0.0 0.0 0.0 3.0 0.0 0.0 0.6989515726410384
45 43 38 0.0 0.0 3.0 0.0 109.0 0.0 0.0 0.6628787878787878
45 43 39 0.0 0.0 241.0 0.0 4735.0 29.0 190.0 0.20140986908358505
45 43 40 0.0 0.0 0.0 0.0 37.0 1.0 0.0 0.6876227897838899
45 43 41 0.0 0.0 0.0 0.0 4.0 0.0 0.0 0.6986027944111775
45 43 42 0.0 0.0 0.0 0.0 1.0 0.0 0.0 0.6996501749125437
45 44 38 0.0 0.0 3.0 0.0 49.0 2.0 0.0 0.6829268292682925
45 44 39 0.0 0.0 0.0 0.0 6.0 0.0 0.0 0.6982543640897755
45 44 40 0.0 0.0 5.0 0.0 108.0 1.0 0.0 0.6628787878787878
46 36 38 0.0 0.0 0.0 0.0 2.0 0.0 0.0 0.6993006993006992
46 36 39 0.0 0.0 0.0 0.0 2.0 0.0 0.0 0.6993006993006992
46 36 40 0.0 0.0 0.0 0.0 3.0 0.0 0.0 0.6989515726410384
46 37 39 0.0 0.0 1.0 0.0 4.0 1.0 0.0 0.6986027944111775
46 37 40 0.0 0.0 16.0 0.0 447.0 6.0 2.0 0.5698005698005697
46 37 41 0.0 0.0 7.0 0.0 160.0 2.0 0.0 0.6466512702078521
46 37 42 0.0 0.0 0.0 0.0 15.0 0.0 0.0 0.694789081885856
46 38 39 0.0 0.0 2.0 0.0 13.0 0.0 0.0 0.694789081885856
46 38 40 0.0 0.0 0.0 0.0 16.0 0.0 0.0 0.6944444444444444
46 38 41 0.0 0.0 0.0 0.0 32.0 0.0 0.0 0.6889763779527558
46 38 42 0.0 0.0 0.0 0.0 15.0 0.0 0.0 0.694789081885856
46 39 40 0.0 0.0 0.0 0.0 6.0 0.0 0.0 0.6979062811565303
46 39 41 0.0 0.0 0.0 0.0 18.0 0.0 0.0 0.6937561942517343
46 39 42 0.0 0.0 1.0 0.0 11.0 0.0 0.0 0.6961710591745399
46 40 38 0.0 0.0 0.0 0.0 8.0 0.0 0.0 0.697211155378486
46 40 39 0.0 0.0 0.0 0.0 2.0 0.0 0.0 0.6993006993006992
46 40 40 0.0 0.0 0.0 0.0 5.0 0.0 0.0 0.6982543640897755
46 40 41 0.0 0.0 0.0 0.0 2.0 0.0 0.0 0.6993006993006992
46 40 42 0.0 0.0 0.0 0.0 4.0 0.0 0.0 0.6986027944111775
46 41 37 0.0 0.0 0.0 0.0 1.0 0.0 0.0 0.6996501749125437
46 41 38 0.0 0.0 0.0 0.0 12.0 0.0 0.0 0.6958250497017892
46 41 39 0.0 0.0 2.0 0.0 83.0 1.0 0.0 0.6717850287907868
46 41 40 0.0 0.0 0.0 0.0 13.0 0.0 0.0 0.695479384003974
46 42 38 0.0 0.0 1.0 0.0 26.0 0.0 0.0 0.6906758756783422
46 42 39 0.0 0.0 0.0 0.0 6.0 0.0 0.0 0.6979062811565303
46 42 40 0.0 0.0 0.0 0.0 6.0 0.0 0.0 0.6979062811565303
46 42 41 0.0 0.0 0.0 0.0 1.0 0.0 0.0 0.6996501749125437
46 43 38 0.0 0.0 0.0 0.0 4.0 0.0 0.0 0.6986027944111775
46 43 39 0.0 0.0 9.0 0.0 221.0 0.0 0.0 0.6278026905829596
46 43 40 0.0 0.0 0.0 0.0 1.0 0.0 0.0 0.6996501749125437
46 44 38 0.0 0.0 0.0 0.0 3.0 0.0 0.0 0.6989515726410384
46 44 40 0.0 0.0 0.0 0.0 2.0 0.0 0.0 0.6993006993006992
