39 39 39 0.0 0.0 0.0 0.0 12.0 0.0 0.0 0.6958250497017892
39 39 40 0.0 0.0 0.0 0.0 7.0 0.0 0.0 0.6975585450921773
39 39 41 0.0 0.0 1.0 0.0 15.0 0.0 0.0 0.6944444444444444
39 40 39 0.0 0.0 0.0 0.0 6.0 0.0 0.0 0.6979062811565303
39 40 40 0.0 0.0 25.0 0.0 360.0 6.0 0.0 0.5884825556956704
39 40 41 0.0 0.0 0.0 0.0 7.0 0.0 0.0 0.6975585450921773
39 41 39 0.0 0.0 0.0 0.0 8.0 0.0 0.0 0.697211155378486
39 41 40 0.0 0.0 0.0 0.0 7.0 0.0 0.0 0.6979062811565303
39 41 41 0.0 0.0 0.0 1.0 15.0 0.0 0.0 0.6944444444444444
40 39 39 0.0 0.0 0.0 0.0 7.0 0.0 0.0 0.6975585450921773
40 39 40 0.0 0.0 0.0 0.0 5.0 0.0 0.0 0.6982543640897755
40 39 41 0.0 0.0 0.0 0.0 3.0 0.0 0.0 0.6989515726410384
40 40 39 0.0 0.0 0.0 0.0 9.0 0.0 0.0 0.6968641114982577
40 40 40 11.0 10.0 338.0 147.0 6458.0 14.0 562.0 0.15635470180924727
40 40 41 0.0 0.0 4.0 0.0 71.0 1.0 0.0 0.6750241080038573
40 41 39 0.0 0.0 0.0 0.0 7.0 0.0 0.0 0.6975585450921773
40 41 40 0.0 0.0 0.0 0.0 14.0 0.0 0.0 0.6951340615690167
40 41 41 0.0 0.0 0.0 0.0 13.0 0.0 0.0 0.695479384003974
41 39 39 0.0 0.0 1.0 0.0 12.0 0.0 0.0 0.695479384003974
41 39 40 0.0 0.0 0.0 0.0 12.0 0.0 0.0 0.6958250497017892
41 39 41 0.0 0.0 0.0 0.0 2.0 0.0 0.0 0.6993006993006992
41 40 39 0.0 0.0 0.0 0.0 6.0 0.0 0.0 0.6979062811565303
41 40 40 0.0 0.0 0.0 0.0 18.0 0.0 0.0 0.6937561942517343
41 40 41 0.0 0.0 12.0 0.0 206.0 5.0 0.0 0.632625395390872
41 41 39 0.0 0.0 0.0 0.0 4.0 0.0 0.0 0.6986027944111775
41 41 40 0.0 0.0 1.0 0.0 24.0 0.0 0.0 0.6913580246913579
41 41 41 0.0 0.0 0.0 0.0 6.0 0.0 0.0 0.6979062811565303
