37 38 38 0.0 0.0 0.0 0.0 3.0 0.0 0.0 0.6989515726410384
37 38 39 0.0 0.0 0.0 0.0 4.0 0.0 0.0 0.6986027944111775
37 38 40 0.0 0.0 0.0 0.0 4.0 0.0 0.0 0.6986027944111775
37 38 41 0.0 0.0 1.0 0.0 5.0 0.0 0.0 0.6979062811565303
37 39 38 0.0 0.0 0.0 0.0 5.0 0.0 0.0 0.6982543640897755
37 39 39 0.0 0.0 0.0 0.0 4.0 0.0 0.0 0.6986027944111775
37 39 40 0.0 0.0 0.0 0.0 4.0 0.0 0.0 0.6986027944111775
37 39 41 0.0 0.0 0.0 0.0 2.0 0.0 0.0 0.6993006993006992
37 40 38 0.0 0.0 0.0 0.0 6.0 0.0 0.0 0.6979062811565303
37 40 39 0.0 0.0 1.0 0.0 9.0 0.0 0.0 0.6965174129353233
37 40 40 0.0 0.0 0.0 0.0 13.0 0.0 0.0 0.695479384003974
37 40 41 0.0 0.0 0.0 0.0 14.0 0.0 0.0 0.6951340615690167
37 41 39 0.0 0.0 0.0 0.0 2.0 0.0 0.0 0.6993006993006992
37 41 40 0.0 0.0 0.0 0.0 7.0 0.0 0.0 0.6975585450921773
37 41 41 0.0 0.0 0.0 0.0 2.0 0.0 0.0 0.6996501749125437
37 41 42 0.0 0.0 5.0 0.0 37.0 1.0 0.0 0.6859382655560998
37 42 39 0.0 0.0 0.0 0.0 4.0 0.0 0.0 0.6986027944111775
37 42 40 0.0 0.0 0.0 0.0 4.0 0.0 0.0 0.6986027944111775
37 42 41 0.0 0.0 0.0 0.0 6.0 0.0 0.0 0.6979062811565303
38 38 38 0.0 0.0 1.0 0.0 19.0 0.0 0.0 0.6930693069306929
38 38 39 0.0 0.0 0.0 0.0 35.0 0.0 0.0 0.6879606879606879
38 38 40 0.0 0.0 0.0 0.0 25.0 0.0 0.0 0.6913580246913579
38 38 41 0.0 0.0 2.0 0.0 35.0 0.0 0.0 0.6872852233676975
38 38 42 0.0 0.0 0.0 0.0 9.0 0.0 0.0 0.6968641114982577
38 39 38 0.0 0.0 0.0 0.0 37.0 0.0 0.0 0.6872852233676975
38 39 39 0.0 0.0 141.0 0.0 3450.0 24.0 104.0 0.2514819471887911
38 39 40 0.0 0.0 169.0 0.0 3762.0 13.0 107.0 0.23644654619152164
38 39 41 0.0 0.0 3.0 0.0 127.0 1.0 0.0 0.6578947368421051
38 39 42 0.0 0.0 0.0 0.0 17.0 0.0 0.0 0.694100148735746
38 40 38 0.0 0.0 0.0 0.0 13.0 0.0 0.0 0.695479384003974
38 40 39 0.0 0.0 35.0 0.0 616.0 9.0 3.0 0.5299015897047691
38 40 40 0.0 0.0 44.0 0.0 1092.0 10.0 5.0 0.4477134633834345
38 40 41 0.0 0.0 45.0 0.0 1073.0 6.0 2.0 0.4498714652956297
38 40 42 0.0 0.0 0.0 0.0 16.0 0.0 0.0 0.6944444444444444
38 41 38 0.0 0.0 0.0 1.0 13.0 0.0 0.0 0.6951340615690167
38 41 39 0.0 0.0 23.0 0.0 713.0 4.0 2.0 0.5124450951683748
38 41 40 0.0 0.0 205.0 0.0 4845.0 20.0 239.0 0.19906156689890514
38 41 41 0.0 0.0 2.0 0.0 172.0 0.0 0.0 0.6439742410303587
38 41 42 0.0 0.0 0.0 0.0 3.0 0.0 0.0 0.6989515726410384
38 42 38 0.0 0.0 0.0 0.0 1.0 0.0 0.0 0.6996501749125437
38 42 39 0.0 0.0 0.0 0.0 14.0 0.0 0.0 0.6951340615690167
38 42 40 0.0 0.0 16.0 0.0 435.0 2.0 0.0 0.5716619028174764
38 42 41 0.0 0.0 1.0 0.0 38.0 1.0 0.0 0.6869479882237487
38 42 42 0.0 0.0 0.0 0.0 2.0 0.0 0.0 0.6993006993006992
39 37 38 0.0 0.0 0.0 0.0 3.0 0.0 0.0 0.6989515726410384
39 37 39 0.0 0.0 0.0 0.0 2.0 0.0 0.0 0.6993006993006992
39 38 38 0.0 0.0 0.0 0.0 10.0 0.0 0.0 0.6965174129353233
39 38 39 0.0 0.0 2.0 0.0 62.0 0.0 0.0 0.6782945736434108
39 38 40 0.0 0.0 57.0 0.0 1321.0 15.0 3.0 0.41629497472494786
39 38 41 0.0 0.0 1.0 0.0 25.0 1.0 0.0 0.6913580246913579
39 38 42 0.0 0.0 0.0 0.0 22.0 0.0 0.0 0.6923837784371908
39 39 38 0.0 0.0 15.0 0.0 302.0 5.0 0.0 0.6055363321799306
39 39 39 0.0 0.0 223.0 2.0 5731.0 26.0 466.0 0.17636684303350966
39 39 40 0.0 0.0 185.0 6.0 4280.0 10.0 160.0 0.21668472372697722
39 39 41 0.0 0.0 297.0 0.0 6916.0 18.0 808.0 0.15219045548429178
39 39 42 0.0 0.0 0.0 0.0 76.0 0.0 0.0 0.6743737957610789
39 40 38 0.0 0.0 15.0 0.0 290.0 1.0 0.0 0.6076388888888887
39 40 39 0.0 0.0 237.0 9.0 5639.0 22.0 384.0 0.1779359430604982
39 40 40 0.0 0.0 670.0 3.0 11287.0 28.0 4335.0 0.1003944065973467
39 40 41 0.0 0.0 68.0 6.0 2077.0 11.0 27.0 0.33832769453842426
39 40 42 0.0 0.0 0.0 0.0 51.0 0.0 0.0 0.68259385665529
39 41 38 0.0 0.0 0.0 0.0 16.0 0.0 0.0 0.6944444444444444
39 41 39 0.0 0.0 42.0 36.0 995.0 12.0 7.0 0.4573668735707284
39 41 40 0.0 0.0 320.0 3.0 7393.0 22.0 839.0 0.14435966178593523
39 41 41 0.0 0.0 63.0 14.0 1880.0 14.0 27.0 0.35514967021816335
39 41 42 0.0 0.0 11.0 0.0 350.0 3.0 0.0 0.5937234944868531
39 42 39 0.0 0.0 0.0 0.0 20.0 0.0 0.0 0.6930693069306929
39 42 40 0.0 0.0 1.0 4.0 61.0 1.0 0.0 0.6779661016949151
39 42 41 0.0 0.0 9.0 0.0 174.0 3.0 0.0 0.6424965580541532
39 42 42 0.0 0.0 0.0 0.0 2.0 0.0 0.0 0.6996501749125437
40 37 38 0.0 0.0 0.0 0.0 1.0 0.0 0.0 0.6996501749125437
40 37 39 0.0 0.0 0.0 0.0 1.0 0.0 0.0 0.6996501749125437
40 37 41 0.0 0.0 0.0 0.0 3.0 0.0 0.0 0.6989515726410384
40 38 37 0.0 0.0 2.0 0.0 13.0 0.0 0.0 0.694789081885856
40 38 38 0.0 0.0 87.0 0.0 2041.0 7.0 21.0 0.33972336811453524
40 38 39 0.0 0.0 4.0 0.0 101.0 0.0 0.0 0.6650831353919239
40 38 40 0.0 0.0 5.0 0.0 107.0 3.0 0.0 0.6638217164532954
40 38 41 0.0 0.0 17.0 0.0 630.0 3.0 1.0 0.5295007564296519
40 38 42 0.0 0.0 0.0 0.0 47.0 0.0 0.0 0.6842619745845552
40 39 37 0.0 0.0 0.0 0.0 1.0 0.0 0.0 0.6996501749125437
40 39 38 0.0 0.0 47.0 0.0 1183.0 8.0 7.0 0.4345127250155182
40 39 39 0.0 0.0 285.0 1.0 6396.0 21.0 554.0 0.16156953260242352
40 39 40 0.0 0.0 161.0 2.0 3832.0 13.0 106.0 0.2341137123745819
40 39 41 0.0 0.0 155.0 2.0 4246.0 18.0 193.0 0.21922956467272153
40 39 42 0.0 0.0 60.0 0.0 1686.0 9.0 23.0 0.37463205780037456
40 39 43 0.0 0.0 0.0 0.0 1.0 0.0 0.0 0.6996501749125437
40 40 37 0.0 0.0 2.0 0.0 5.0 0.0 0.0 0.6975585450921773
40 40 38 0.0 0.0 102.0 0.0 2339.0 8.0 29.0 0.31581321903902543
40 40 39 0.0 1.0 319.0 4.0 6807.0 22.0 605.0 0.1535592848524734
40 40 40 11.0 30.0 1207.0 473.0 12548.0 39.0 15846.0 0.08605323006945724
40 40 41 0.0 0.0 604.0 1.0 10613.0 34.0 2919.0 0.10606060606060605
40 40 42 0.0 0.0 41.0 0.0 722.0 9.0 2.0 0.5083514887436454
40 41 38 0.0 0.0 0.0 0.0 34.0 0.0 0.0 0.6882989183874139
40 41 39 0.0 0.0 66.0 0.0 1662.0 16.0 12.0 0.37715517241379304
40 41 40 0.0 0.0 184.0 1.0 4104.0 25.0 157.0 0.22346368715083795
40 41 41 0.0 59.0 107.0 1368.0 2259.0 18.0 88.0 0.242382271468144
40 41 42 0.0 0.0 44.0 0.0 862.0 8.0 7.0 0.48292514660227653
40 42 38 0.0 0.0 6.0 0.0 142.0 1.0 0.0 0.6520726595249184
40 42 39 0.0 0.0 0.0 0.0 57.0 1.0 0.0 0.6809338521400777
40 42 40 0.0 0.0 65.0 2.0 1346.0 10.0 8.0 0.41140170437848944
40 42 41 0.0 0.0 0.0 0.0 25.0 0.0 0.0 0.6913580246913579
40 42 42 0.0 0.0 0.0 1.0 1.0 0.0 0.0 0.6993006993006992
41 37 40 0.0 0.0 0.0 0.0 2.0 0.0 0.0 0.6993006993006992
41 38 37 0.0 0.0 0.0 0.0 2.0 0.0 0.0 0.6993006993006992
41 38 38 0.0 0.0 19.0 0.0 372.0 5.0 1.0 0.5867560771165129
41 38 39 0.0 0.0 0.0 0.0 48.0 1.0 0.0 0.6839276990718123
41 38 40 0.0 0.0 2.0 0.0 100.0 0.0 0.0 0.6660323501427211
41 38 41 0.0 0.0 1.0 0.0 35.0 0.0 0.0 0.6876227897838899
41 38 42 0.0 0.0 0.0 0.0 10.0 0.0 0.0 0.6965174129353233
41 38 43 0.0 0.0 0.0 0.0 1.0 0.0 0.0 0.6996501749125437
41 39 37 0.0 0.0 0.0 0.0 1.0 0.0 0.0 0.6996501749125437
41 39 38 0.0 0.0 11.0 0.0 272.0 1.0 0.0 0.6134969325153373
41 39 39 0.0 0.0 438.0 0.0 8667.0 21.0 1451.0 0.12622847353710215
41 39 40 0.0 0.0 162.0 1.0 3703.0 22.0 114.0 0.23947998631542933
41 39 41 0.0 0.0 420.0 0.0 8408.0 28.0 1185.0 0.12952169488389303
41 39 42 0.0 0.0 76.0 0.0 1267.0 15.0 3.0 0.42067307692307687
41 39 43 0.0 0.0 0.0 0.0 2.0 0.0 0.0 0.6993006993006992
41 40 37 0.0 0.0 0.0 0.0 2.0 0.0 0.0 0.6993006993006992
41 40 38 0.0 0.0 11.0 0.0 308.0 3.0 0.0 0.6044905008635577
41 40 39 0.0 0.0 276.0 3.0 5559.0 13.0 344.0 0.17884517118037813
41 40 40 0.0 0.0 100.0 7.0 2727.0 14.0 51.0 0.29057700290577
41 40 41 0.0 0.0 511.0 1.0 9937.0 32.0 2730.0 0.1126669885723483
41 40 42 0.0 0.0 33.0 0.0 821.0 5.0 2.0 0.49157303370786515
41 41 37 0.0 0.0 4.0 0.0 49.0 2.0 0.0 0.68259385665529
41 41 38 0.0 0.0 20.0 0.0 289.0 4.0 1.0 0.6073752711496745
41 41 39 0.0 0.0 358.0 3.0 7152.0 19.0 705.0 0.1473839351510685
41 41 40 0.0 0.0 335.0 0.0 7417.0 19.0 952.0 0.14376668720476482
41 41 41 0.0 0.0 132.0 5.0 3314.0 12.0 111.0 0.2573056423451571
41 41 42 0.0 0.0 0.0 2.0 108.0 0.0 0.0 0.6635071090047392
41 41 43 0.0 0.0 0.0 0.0 1.0 0.0 0.0 0.6996501749125437
41 42 38 0.0 0.0 0.0 0.0 13.0 0.0 0.0 0.695479384003974
41 42 39 0.0 0.0 0.0 0.0 37.0 0.0 0.0 0.6872852233676975
41 42 40 0.0 0.0 1.0 1.0 73.0 0.0 0.0 0.6746987951807227
41 42 41 0.0 0.0 0.0 1.0 23.0 0.0 0.0 0.6916996047430829
41 42 42 0.0 0.0 0.0 0.0 5.0 0.0 0.0 0.6982543640897755
41 43 39 0.0 0.0 0.0 0.0 1.0 0.0 0.0 0.6996501749125437
41 43 40 0.0 0.0 0.0 0.0 2.0 0.0 0.0 0.6993006993006992
42 37 37 0.0 0.0 0.0 0.0 1.0 0.0 0.0 0.6996501749125437
42 37 38 0.0 0.0 0.0 0.0 1.0 0.0 0.0 0.6996501749125437
42 38 38 0.0 0.0 8.0 0.0 122.0 2.0 0.0 0.6578947368421051
42 38 39 0.0 0.0 35.0 0.0 1068.0 4.0 3.0 0.451758631816715
42 38 40 0.0 0.0 1.0 0.0 62.0 0.0 0.0 0.6786233640329616
42 38 41 0.0 0.0 0.0 0.0 9.0 1.0 0.0 0.697211155378486
42 38 42 0.0 0.0 0.0 0.0 6.0 0.0 0.0 0.6979062811565303
42 39 38 0.0 0.0 0.0 0.0 29.0 0.0 0.0 0.6899950714637751
42 39 39 0.0 0.0 6.0 0.0 186.0 1.0 0.0 0.6389776357827475
42 39 40 0.0 0.0 1.0 0.0 64.0 2.0 0.0 0.6786233640329616
42 39 41 0.0 0.0 5.0 0.0 204.0 1.0 0.0 0.6340579710144926
42 39 42 0.0 0.0 60.0 0.0 1357.0 12.0 7.0 0.41116005873715117
42 39 43 0.0 0.0 0.0 0.0 1.0 0.0 0.0 0.6996501749125437
42 40 38 0.0 0.0 112.0 0.0 2103.0 15.0 25.0 0.3332539871459176
42 40 39 0.0 0.0 79.0 0.0 1410.0 15.0 10.0 0.4029936672423718
42 40 40 0.0 0.0 219.0 0.0 4621.0 25.0 214.0 0.20524849728778768
42 40 41 0.0 0.0 5.0 0.0 143.0 0.0 1.0 0.6517690875232773
42 40 42 0.0 0.0 8.0 0.0 193.0 2.0 0.0 0.6366530241018644
42 41 37 0.0 0.0 0.0 0.0 1.0 0.0 0.0 0.6996501749125437
42 41 38 0.0 0.0 0.0 0.0 18.0 0.0 0.0 0.6937561942517343
42 41 39 0.0 0.0 27.0 0.0 657.0 12.0 2.0 0.5241482590789965
42 41 40 0.0 0.0 1.0 0.0 107.0 1.0 0.0 0.6644518272425248
42 41 41 0.0 0.0 125.0 0.0 3050.0 24.0 55.0 0.27179188507086
42 41 42 0.0 0.0 3.0 0.0 70.0 1.0 0.0 0.6756756756756755
42 42 38 0.0 0.0 2.0 0.0 48.0 1.0 0.0 0.6832601268911663
42 42 39 0.0 0.0 2.0 0.0 58.0 0.0 0.0 0.6796116504854368
42 42 40 0.0 0.0 36.0 0.0 969.0 8.0 4.0 0.4671338004671337
42 42 41 0.0 0.0 0.0 0.0 15.0 0.0 0.0 0.694789081885856
42 42 42 0.0 0.0 0.0 0.0 11.0 0.0 0.0 0.6961710591745399
42 43 40 0.0 0.0 0.0 0.0 1.0 0.0 0.0 0.6996501749125437
43 38 42 0.0 0.0 0.0 0.0 3.0 0.0 0.0 0.6989515726410384
43 38 43 0.0 0.0 0.0 0.0 1.0 0.0 0.0 0.6996501749125437
43 39 39 0.0 0.0 0.0 0.0 3.0 0.0 0.0 0.6989515726410384
43 39 40 0.0 0.0 5.0 0.0 114.0 0.0 0.0 0.6606890042472864
43 39 41 0.0 0.0 0.0 0.0 7.0 0.0 0.0 0.6979062811565303
43 39 42 0.0 0.0 0.0 0.0 2.0 0.0 0.0 0.6993006993006992
43 39 43 0.0 0.0 0.0 0.0 1.0 0.0 0.0 0.6996501749125437
43 40 39 0.0 0.0 0.0 0.0 3.0 0.0 0.0 0.6989515726410384
43 40 40 0.0 0.0 0.0 0.0 6.0 0.0 0.0 0.6979062811565303
43 40 41 0.0 0.0 0.0 0.0 16.0 0.0 0.0 0.6944444444444444
43 40 42 0.0 0.0 0.0 0.0 1.0 0.0 0.0 0.6996501749125437
43 41 39 0.0 0.0 0.0 0.0 5.0 0.0 0.0 0.6982543640897755
43 41 40 0.0 0.0 0.0 0.0 6.0 0.0 0.0 0.6979062811565303
43 41 41 0.0 0.0 0.0 0.0 4.0 0.0 0.0 0.6986027944111775
43 41 42 0.0 0.0 0.0 0.0 3.0 0.0 0.0 0.6989515726410384
43 42 39 0.0 0.0 0.0 0.0 1.0 0.0 0.0 0.6996501749125437
43 42 40 0.0 0.0 0.0 0.0 1.0 0.0 0.0 0.6996501749125437
