33 39 37 0.0 0.0 0.0 0.0 5.0 0.0 0.0 0.6982543640897755
33 39 38 0.0 0.0 0.0 0.0 2.0 0.0 0.0 0.6993006993006992
33 39 39 0.0 0.0 0.0 0.0 10.0 0.0 0.0 0.6965174129353233
33 40 37 0.0 0.0 1.0 0.0 43.0 1.0 0.0 0.6852667645619186
33 40 38 0.0 0.0 0.0 0.0 13.0 0.0 0.0 0.695479384003974
33 40 39 0.0 0.0 0.0 0.0 1.0 0.0 0.0 0.6996501749125437
33 41 37 0.0 0.0 0.0 0.0 5.0 0.0 0.0 0.6982543640897755
33 41 38 0.0 0.0 0.0 0.0 11.0 0.0 0.0 0.6961710591745399
33 41 39 0.0 0.0 0.0 0.0 10.0 0.0 0.0 0.6965174129353233
33 41 40 0.0 0.0 0.0 0.0 2.0 0.0 0.0 0.6993006993006992
33 42 37 0.0 0.0 0.0 0.0 3.0 0.0 0.0 0.6989515726410384
33 42 38 0.0 0.0 9.0 0.0 213.0 4.0 0.0 0.6311992786293958
33 42 39 0.0 0.0 0.0 0.0 9.0 0.0 0.0 0.6968641114982577
33 43 37 0.0 0.0 0.0 0.0 2.0 0.0 0.0 0.6993006993006992
33 43 38 0.0 0.0 1.0 0.0 10.0 0.0 0.0 0.6961710591745399
33 43 39 0.0 0.0 24.0 0.0 481.0 7.0 1.0 0.5604483586869494
33 43 40 0.0 0.0 7.0 0.0 122.0 1.0 0.0 0.6578947368421051
34 35 40 0.0 0.0 0.0 0.0 1.0 0.0 0.0 0.6996501749125437
34 36 41 0.0 0.0 0.0 0.0 1.0 0.0 0.0 0.6996501749125437
34 37 36 0.0 0.0 1.0 0.0 34.0 0.0 0.0 0.6879606879606879
34 37 37 0.0 0.0 0.0 0.0 2.0 0.0 0.0 0.6993006993006992
34 37 38 0.0 0.0 0.0 0.0 4.0 0.0 0.0 0.6986027944111775
34 37 42 0.0 0.0 2.0 0.0 4.0 0.0 0.0 0.6979062811565303
34 38 36 0.0 0.0 0.0 0.0 8.0 0.0 0.0 0.697211155378486
34 38 37 0.0 0.0 0.0 0.0 15.0 0.0 0.0 0.694789081885856
34 38 38 0.0 0.0 12.0 0.0 273.0 3.0 0.0 0.6134969325153373
34 38 39 0.0 0.0 0.0 0.0 3.0 0.0 0.0 0.6989515726410384
34 38 40 0.0 0.0 3.0 0.0 50.0 1.0 0.0 0.6822612085769979
34 38 41 0.0 0.0 0.0 0.0 6.0 0.0 0.0 0.6979062811565303
34 38 42 0.0 0.0 0.0 0.0 3.0 0.0 0.0 0.6989515726410384
34 39 36 0.0 0.0 4.0 0.0 80.0 0.0 0.0 0.6717850287907868
34 39 37 0.0 0.0 2.0 0.0 101.0 3.0 0.0 0.6666666666666665
34 39 38 0.0 0.0 2.0 0.0 131.0 2.0 0.0 0.6569685593618019
34 39 39 0.0 0.0 3.0 0.0 143.0 1.0 0.0 0.6526806526806526
34 39 40 0.0 0.0 0.0 0.0 31.0 1.0 0.0 0.689655172413793
34 39 41 0.0 0.0 0.0 0.0 6.0 0.0 0.0 0.6979062811565303
34 39 42 0.0 0.0 1.0 0.0 9.0 0.0 0.0 0.6965174129353233
34 40 36 0.0 0.0 0.0 0.0 1.0 0.0 0.0 0.6996501749125437
34 40 37 0.0 0.0 12.0 0.0 175.0 3.0 0.0 0.641025641025641
34 40 38 0.0 0.0 223.0 0.0 4785.0 17.0 223.0 0.20017157563625962
34 40 39 0.0 0.0 71.0 0.0 1585.0 13.0 18.0 0.3842986549547076
34 40 40 0.0 0.0 17.0 0.0 366.0 11.0 1.0 0.5902192242833051
34 40 41 0.0 0.0 0.0 0.0 4.0 0.0 0.0 0.6986027944111775
34 40 42 0.0 0.0 1.0 0.0 75.0 0.0 0.0 0.6746987951807227
34 40 43 0.0 0.0 0.0 0.0 2.0 0.0 0.0 0.6993006993006992
34 41 37 0.0 0.0 0.0 0.0 13.0 0.0 0.0 0.695479384003974
34 41 38 0.0 0.0 1.0 0.0 91.0 0.0 0.0 0.669536107125777
34 41 39 0.0 0.0 60.0 0.0 942.0 9.0 4.0 0.4679144385026737
34 41 40 0.0 0.0 4.0 0.0 137.0 1.0 0.0 0.6542056074766354
34 41 41 0.0 0.0 0.0 0.0 8.0 0.0 0.0 0.697211155378486
34 41 42 0.0 0.0 0.0 0.0 8.0 0.0 0.0 0.697211155378486
34 41 43 0.0 0.0 0.0 0.0 6.0 0.0 0.0 0.6979062811565303
34 41 44 0.0 0.0 0.0 0.0 2.0 0.0 0.0 0.6993006993006992
34 41 45 0.0 0.0 0.0 0.0 3.0 0.0 0.0 0.6989515726410384
34 42 37 0.0 0.0 0.0 0.0 7.0 0.0 0.0 0.6975585450921773
34 42 38 0.0 0.0 181.0 0.0 3938.0 17.0 115.0 0.2294329727958046
34 42 39 0.0 0.0 210.0 0.0 4758.0 18.0 205.0 0.20140986908358505
34 42 40 0.0 0.0 5.0 0.0 51.0 1.0 0.0 0.6812652068126519
34 42 41 0.0 0.0 0.0 0.0 13.0 0.0 0.0 0.695479384003974
34 42 42 0.0 0.0 0.0 0.0 8.0 0.0 0.0 0.697211155378486
34 42 43 0.0 0.0 0.0 0.0 5.0 0.0 0.0 0.6982543640897755
34 42 44 0.0 0.0 0.0 0.0 2.0 0.0 0.0 0.6993006993006992
34 43 37 0.0 0.0 0.0 0.0 1.0 0.0 0.0 0.6996501749125437
34 43 38 0.0 0.0 0.0 0.0 7.0 0.0 0.0 0.6975585450921773
34 43 39 0.0 0.0 0.0 0.0 20.0 0.0 0.0 0.6930693069306929
34 43 40 0.0 0.0 0.0 0.0 11.0 0.0 0.0 0.6961710591745399
34 43 41 0.0 0.0 0.0 0.0 7.0 0.0 0.0 0.6975585450921773
34 43 42 0.0 0.0 0.0 0.0 5.0 0.0 0.0 0.6982543640897755
34 43 43 0.0 0.0 0.0 0.0 3.0 0.0 0.0 0.6989515726410384
34 44 40 0.0 0.0 0.0 0.0 1.0 0.0 0.0 0.6996501749125437
34 44 41 0.0 0.0 0.0 0.0 1.0 0.0 0.0 0.6996501749125437
34 44 42 0.0 0.0 0.0 0.0 5.0 0.0 0.0 0.6982543640897755
35 35 36 0.0 0.0 0.0 0.0 1.0 0.0 0.0 0.6996501749125437
35 35 37 0.0 0.0 0.0 0.0 5.0 0.0 0.0 0.6982543640897755
35 35 38 0.0 0.0 0.0 0.0 1.0 0.0 0.0 0.6996501749125437
35 35 40 0.0 0.0 0.0 0.0 1.0 0.0 0.0 0.6996501749125437
35 36 36 0.0 0.0 0.0 0.0 8.0 0.0 0.0 0.697211155378486
35 36 37 0.0 0.0 0.0 0.0 5.0 0.0 0.0 0.6982543640897755
35 36 38 0.0 0.0 0.0 0.0 16.0 0.0 0.0 0.6944444444444444
35 36 39 0.0 0.0 0.0 0.0 29.0 0.0 0.0 0.6899950714637751
35 36 40 0.0 0.0 39.0 0.0 907.0 4.0 2.0 0.4758667573079537
35 36 41 0.0 0.0 0.0 0.0 27.0 0.0 0.0 0.6906758756783422
35 36 42 0.0 0.0 0.0 0.0 14.0 0.0 0.0 0.6951340615690167
35 37 36 0.0 0.0 0.0 0.0 3.0 0.0 0.0 0.6989515726410384
35 37 37 0.0 0.0 0.0 0.0 18.0 0.0 0.0 0.6937561942517343
35 37 38 0.0 0.0 17.0 0.0 418.0 3.0 1.0 0.575657894736842
35 37 39 0.0 0.0 6.0 0.0 120.0 1.0 0.0 0.6588235294117646
35 37 40 0.0 0.0 2.0 0.0 108.0 1.0 0.0 0.6638217164532954
35 37 41 0.0 0.0 3.0 0.0 86.0 1.0 0.0 0.6704980842911876
35 37 42 0.0 0.0 1.0 0.0 51.0 0.0 0.0 0.6822612085769979
35 37 43 0.0 0.0 0.0 0.0 2.0 0.0 0.0 0.6993006993006992
35 37 44 0.0 0.0 0.0 0.0 2.0 0.0 0.0 0.6993006993006992
35 38 36 0.0 0.0 0.0 0.0 9.0 0.0 0.0 0.6968641114982577
35 38 37 0.0 0.0 195.0 0.0 3777.0 23.0 88.0 0.23537323470073973
35 38 38 0.0 0.0 6.0 0.0 185.0 2.0 0.0 0.639561443581544
35 38 39 0.0 0.0 4.0 0.0 298.0 1.0 3.0 0.6084311169056931
35 38 40 0.0 0.0 25.0 0.0 613.0 9.0 1.0 0.5323193916349809
35 38 41 0.0 0.0 70.0 0.0 1515.0 15.0 12.0 0.39215686274509803
35 38 42 0.0 0.0 54.0 0.0 1175.0 8.0 7.0 0.43464762496119214
35 38 43 0.0 0.0 26.0 0.0 601.0 8.0 1.0 0.5345551737304314
35 38 44 0.0 0.0 0.0 0.0 5.0 0.0 0.0 0.6982543640897755
35 39 36 0.0 0.0 0.0 0.0 13.0 0.0 0.0 0.6958250497017892
35 39 37 0.0 0.0 96.0 0.0 1940.0 13.0 16.0 0.34808552958726996
35 39 38 0.0 0.0 277.0 0.0 6013.0 21.0 504.0 0.16924564796905223
35 39 39 0.0 0.0 148.0 0.0 3156.0 16.0 70.0 0.26475037821482594
35 39 40 0.0 0.0 139.0 0.0 3468.0 23.0 105.0 0.25071633237822344
35 39 41 0.0 0.0 48.0 0.0 1097.0 7.0 3.0 0.44628626075868655
35 39 42 0.0 0.0 78.0 0.0 1820.0 12.0 23.0 0.3603603603603603
35 39 43 0.0 0.0 45.0 0.0 995.0 3.0 2.0 0.46098123147843256
35 39 44 0.0 0.0 9.0 0.0 354.0 3.0 1.0 0.5932203389830507
35 40 36 0.0 0.0 0.0 0.0 2.0 0.0 0.0 0.6993006993006992
35 40 37 0.0 0.0 39.0 0.0 1154.0 11.0 1.0 0.43997485857950963
35 40 38 0.0 0.0 201.0 0.0 5363.0 24.0 381.0 0.185602545406337
35 40 39 0.0 0.0 531.0 0.0 9983.0 23.0 2610.0 0.11198208286674131
35 40 40 0.0 0.0 122.0 0.0 3203.0 17.0 83.0 0.2637031456018082
35 40 41 0.0 0.0 46.0 0.0 1405.0 10.0 9.0 0.40697674418604646
35 40 42 0.0 0.0 93.0 0.0 2540.0 12.0 54.0 0.3028991778450887
35 40 43 0.0 0.0 6.0 0.0 259.0 2.0 0.0 0.6189213085764809
35 40 44 0.0 0.0 11.0 0.0 456.0 2.0 0.0 0.5681818181818181
35 40 45 0.0 0.0 0.0 0.0 3.0 0.0 0.0 0.6989515726410384
35 41 36 0.0 0.0 2.0 0.0 13.0 1.0 0.0 0.6951340615690167
35 41 37 0.0 0.0 1.0 0.0 98.0 0.0 0.0 0.6669842782277274
35 41 38 0.0 0.0 138.0 0.0 2946.0 9.0 72.0 0.2758077226162332
35 41 39 0.0 0.0 474.0 0.0 9463.0 31.0 2126.0 0.11748909029875797
35 41 40 0.0 0.0 115.0 0.0 2578.0 17.0 35.0 0.2994652406417112
35 41 41 0.0 0.0 77.0 0.0 1449.0 17.0 14.0 0.39897406668566543
35 41 42 0.0 0.0 60.0 0.0 1327.0 9.0 7.0 0.41432376442734536
35 41 43 0.0 0.0 14.0 0.0 454.0 1.0 0.0 0.56772100567721
35 41 44 0.0 0.0 153.0 0.0 3467.0 18.0 94.0 0.24977698483496874
35 41 45 0.0 0.0 0.0 0.0 5.0 0.0 0.0 0.6982543640897755
35 42 36 0.0 0.0 0.0 0.0 2.0 0.0 0.0 0.6993006993006992
35 42 37 0.0 0.0 16.0 0.0 188.0 4.0 0.0 0.6363636363636362
35 42 38 0.0 0.0 19.0 0.0 298.0 1.0 0.0 0.6044905008635577
35 42 39 0.0 0.0 179.0 0.0 3636.0 18.0 86.0 0.2415042263239606
35 42 40 0.0 0.0 171.0 0.0 4038.0 11.0 130.0 0.2259522272433828
35 42 41 0.0 0.0 137.0 0.0 2935.0 9.0 47.0 0.2765158996642307
35 42 42 0.0 0.0 27.0 0.0 495.0 3.0 1.0 0.5557761016276299
35 42 43 0.0 0.0 1.0 0.0 136.0 0.0 0.0 0.6551240056153486
35 42 44 0.0 0.0 2.0 0.0 22.0 0.0 0.0 0.6916996047430829
35 42 45 0.0 0.0 0.0 0.0 1.0 0.0 0.0 0.6996501749125437
35 43 37 0.0 0.0 0.0 0.0 5.0 0.0 0.0 0.6982543640897755
35 43 38 0.0 0.0 4.0 0.0 66.0 1.0 0.0 0.6769825918762088
35 43 39 0.0 0.0 0.0 0.0 45.0 0.0 0.0 0.684931506849315
35 43 40 0.0 0.0 45.0 0.0 861.0 7.0 3.0 0.48292514660227653
35 43 41 0.0 0.0 92.0 0.0 1970.0 16.0 24.0 0.34610630407910997
35 43 42 0.0 0.0 144.0 0.0 3842.0 14.0 133.0 0.23430962343096232
35 43 43 0.0 0.0 4.0 0.0 167.0 1.0 0.0 0.6451612903225805
35 43 44 0.0 0.0 0.0 0.0 16.0 0.0 0.0 0.6944444444444444
35 43 45 0.0 0.0 0.0 0.0 2.0 0.0 0.0 0.6993006993006992
35 44 37 0.0 0.0 0.0 0.0 1.0 0.0 0.0 0.6996501749125437
35 44 38 0.0 0.0 2.0 0.0 61.0 0.0 0.0 0.6786233640329616
35 44 39 0.0 0.0 0.0 0.0 20.0 0.0 0.0 0.6930693069306929
35 44 40 0.0 0.0 0.0 0.0 6.0 0.0 0.0 0.6979062811565303
35 44 41 0.0 0.0 5.0 0.0 87.0 2.0 0.0 0.6701771182383915
35 44 42 0.0 0.0 5.0 0.0 137.0 3.0 0.0 0.6545114539504441
35 44 43 0.0 0.0 0.0 0.0 4.0 0.0 0.0 0.6986027944111775
35 45 41 0.0 0.0 0.0 0.0 3.0 0.0 0.0 0.6989515726410384
35 46 39 0.0 0.0 1.0 0.0 2.0 0.0 0.0 0.6989515726410384
36 35 36 0.0 0.0 0.0 0.0 3.0 0.0 0.0 0.6989515726410384
36 35 37 0.0 0.0 0.0 0.0 10.0 0.0 0.0 0.6965174129353233
36 35 38 0.0 0.0 2.0 0.0 76.0 0.0 0.0 0.6737247353224253
36 35 39 0.0 0.0 0.0 0.0 19.0 0.0 0.0 0.6934125804853887
36 35 40 0.0 0.0 0.0 0.0 12.0 0.0 0.0 0.6958250497017892
36 35 41 0.0 0.0 0.0 0.0 10.0 0.0 0.0 0.6965174129353233
36 35 42 0.0 0.0 0.0 0.0 12.0 0.0 0.0 0.6958250497017892
36 36 36 0.0 0.0 0.0 0.0 17.0 0.0 0.0 0.6944444444444444
36 36 37 0.0 0.0 222.0 0.0 4460.0 19.0 196.0 0.21008403361344533
36 36 38 0.0 0.0 2.0 0.0 193.0 1.0 0.0 0.6383948928408572
36 36 39 0.0 0.0 3.0 0.0 227.0 1.0 0.0 0.6280843427545983
36 36 40 0.0 0.0 50.0 0.0 992.0 5.0 4.0 0.46082949308755755
36 36 41 0.0 0.0 3.0 0.0 232.0 0.0 1.0 0.6263982102908277
36 36 42 0.0 0.0 4.0 0.0 119.0 2.0 0.0 0.66006600660066
36 36 43 0.0 0.0 0.0 0.0 21.0 0.0 0.0 0.6927263730826323
36 37 36 0.0 0.0 0.0 0.0 68.0 1.0 0.0 0.6773101112723753
36 37 37 0.0 0.0 127.0 0.0 2622.0 20.0 39.0 0.29610829103214886
36 37 38 0.0 0.0 55.0 0.0 1692.0 11.0 7.0 0.37473233404710915
36 37 39 0.0 0.0 360.0 0.0 7059.0 27.0 857.0 0.1489995742869306
36 37 40 0.0 0.0 358.0 0.0 7182.0 21.0 744.0 0.14699706005879878
36 37 41 0.0 0.0 318.0 0.0 7345.0 15.0 848.0 0.14512283611485433
36 37 42 0.0 0.0 20.0 0.0 771.0 5.0 4.0 0.5025125628140703
36 37 43 0.0 0.0 0.0 0.0 67.0 0.0 0.0 0.6773101112723753
36 37 44 0.0 0.0 0.0 0.0 2.0 0.0 0.0 0.6993006993006992
36 38 36 0.0 0.0 40.0 0.0 1133.0 9.0 7.0 0.4424778761061946
36 38 37 0.0 0.0 9.0 0.0 467.0 2.0 3.0 0.5658852061438965
36 38 38 0.0 0.0 247.0 0.0 5470.0 19.0 304.0 0.1818417976360566
36 38 39 0.0 0.0 355.0 0.0 7373.0 19.0 830.0 0.14416640922665017
36 38 40 0.0 0.0 473.0 0.0 9228.0 21.0 1636.0 0.11983223487118032
36 38 41 0.0 0.0 247.0 0.0 5866.0 23.0 399.0 0.172946263125386
36 38 42 0.0 0.0 185.0 0.0 4275.0 12.0 165.0 0.21715526601520083
36 38 43 0.0 0.0 9.0 0.0 578.0 2.0 1.0 0.541586073500967
36 38 44 0.0 0.0 27.0 0.0 624.0 7.0 3.0 0.5295007564296519
36 39 35 0.0 0.0 0.0 0.0 2.0 0.0 0.0 0.6993006993006992
36 39 36 0.0 0.0 1.0 0.0 81.0 1.0 0.0 0.6727534839019701
36 39 37 0.0 0.0 197.0 0.0 4323.0 24.0 188.0 0.21538461538461537
36 39 38 0.0 0.0 523.0 0.0 10218.0 35.0 2788.0 0.11004559031598804
36 39 39 0.0 0.0 550.0 0.0 10275.0 25.0 2630.0 0.10922140739584957
36 39 40 0.0 0.0 404.0 0.0 8575.0 28.0 1489.0 0.12772557248426236
36 39 41 0.0 0.0 248.0 0.0 4629.0 12.0 209.0 0.20390329158170692
36 39 42 0.0 0.0 663.0 0.0 11118.0 21.0 3685.0 0.1016260162601626
36 39 43 0.0 0.0 175.0 0.0 3687.0 18.0 113.0 0.23947998631542933
36 39 44 0.0 0.0 58.0 0.0 1630.0 10.0 18.0 0.3805381897254688
36 39 45 0.0 0.0 3.0 0.0 42.0 2.0 0.0 0.6852667645619186
36 40 35 0.0 0.0 0.0 0.0 4.0 0.0 0.0 0.6986027944111775
36 40 36 0.0 0.0 0.0 0.0 31.0 0.0 0.0 0.689655172413793
36 40 37 0.0 0.0 119.0 0.0 2716.0 12.0 51.0 0.29027576197387517
36 40 38 0.0 0.0 459.0 0.0 9167.0 25.0 1705.0 0.12067925178863888
36 40 39 0.0 0.0 765.0 0.0 11876.0 26.0 6289.0 0.09566762334290009
36 40 40 0.0 0.0 555.0 0.0 10230.0 23.0 2281.0 0.10963194988253719
36 40 41 0.0 0.0 312.0 0.0 7221.0 20.0 835.0 0.14708972473208656
36 40 42 0.0 0.0 164.0 0.0 4191.0 11.0 190.0 0.2207157496452782
36 40 43 0.0 0.0 415.0 0.0 8306.0 22.0 1409.0 0.130718954248366
36 40 44 0.0 0.0 37.0 0.0 974.0 5.0 9.0 0.46573519627411836
36 40 45 0.0 0.0 3.0 0.0 123.0 1.0 0.0 0.6588235294117646
36 41 36 0.0 0.0 14.0 0.0 271.0 1.0 0.0 0.6129597197898423
36 41 37 0.0 0.0 128.0 0.0 3079.0 16.0 61.0 0.2696975534579079
36 41 38 0.0 0.0 466.0 0.0 9230.0 24.0 1775.0 0.1198630136986301
36 41 39 0.0 0.0 581.0 0.0 10872.0 31.0 3520.0 0.10418992334598495
36 41 40 0.0 0.0 388.0 0.0 8225.0 17.0 1226.0 0.132013201320132
36 41 41 0.0 0.0 742.0 0.0 12000.0 29.0 5047.0 0.09504412763068566
36 41 42 0.0 0.0 719.0 0.0 11731.0 36.0 4662.0 0.0969797727902466
36 41 43 0.0 0.0 287.0 0.0 6321.0 17.0 566.0 0.16280962902663096
36 41 44 0.0 0.0 21.0 0.0 562.0 5.0 0.0 0.5432673651532789
36 41 45 0.0 0.0 2.0 0.0 48.0 2.0 0.0 0.6835937499999999
36 42 36 0.0 0.0 0.0 0.0 8.0 0.0 0.0 0.697211155378486
36 42 37 0.0 0.0 14.0 0.0 497.0 5.0 1.0 0.558882235528942
36 42 38 0.0 0.0 72.0 0.0 1838.0 11.0 19.0 0.3591585428424833
36 42 39 0.0 0.0 264.0 0.0 6355.0 22.0 500.0 0.1628664495114006
36 42 40 0.0 0.0 294.0 0.0 6947.0 21.0 698.0 0.1517450682852807
36 42 41 0.0 0.0 390.0 0.0 7902.0 17.0 1003.0 0.1362000194571456
36 42 42 0.0 0.0 611.0 0.0 10925.0 27.0 3356.0 0.10351201478743068
36 42 43 0.0 0.0 283.0 0.0 5954.0 18.0 460.0 0.17025416514654018
36 42 44 0.0 0.0 46.0 0.0 1157.0 7.0 7.0 0.4380475594493116
36 42 45 0.0 0.0 0.0 0.0 6.0 0.0 0.0 0.6979062811565303
36 43 36 0.0 0.0 0.0 0.0 3.0 0.0 0.0 0.6989515726410384
36 43 37 0.0 0.0 1.0 0.0 85.0 1.0 0.0 0.6714628297362109
36 43 38 0.0 0.0 2.0 0.0 225.0 1.0 0.0 0.6292134831460673
36 43 39 0.0 0.0 204.0 0.0 4892.0 17.0 278.0 0.1976563602993082
36 43 40 0.0 0.0 261.0 0.0 5433.0 19.0 342.0 0.1823866597186034
36 43 41 0.0 0.0 70.0 0.0 2190.0 17.0 40.0 0.32987747408105556
36 43 42 0.0 0.0 108.0 0.0 2536.0 15.0 50.0 0.30250648228176313
36 43 43 0.0 0.0 109.0 0.0 2146.0 11.0 30.0 0.32987747408105556
36 43 44 0.0 0.0 58.0 0.0 1726.0 13.0 14.0 0.3712543092018032
36 43 45 0.0 0.0 12.0 0.0 234.0 1.0 0.0 0.6236080178173719
36 44 37 0.0 0.0 0.0 0.0 8.0 0.0 0.0 0.697211155378486
36 44 38 0.0 0.0 68.0 0.0 1650.0 14.0 9.0 0.3779697624190064
36 44 39 0.0 0.0 16.0 0.0 488.0 3.0 2.0 0.5597760895641744
36 44 40 0.0 0.0 16.0 0.0 450.0 6.0 0.0 0.5693371289141926
36 44 41 0.0 0.0 145.0 0.0 3286.0 11.0 75.0 0.2582549345139273
36 44 42 0.0 0.0 18.0 0.0 455.0 4.0 0.0 0.5670311867152693
36 44 43 0.0 0.0 0.0 0.0 21.0 0.0 0.0 0.6927263730826323
36 44 44 0.0 0.0 0.0 0.0 7.0 0.0 0.0 0.6975585450921773
36 44 45 0.0 0.0 0.0 0.0 1.0 0.0 0.0 0.6996501749125437
36 45 38 0.0 0.0 0.0 0.0 11.0 0.0 0.0 0.6961710591745399
36 45 39 0.0 0.0 40.0 0.0 854.0 6.0 4.0 0.484764542936288
36 45 40 0.0 0.0 0.0 0.0 15.0 0.0 0.0 0.694789081885856
36 45 41 0.0 0.0 3.0 0.0 72.0 0.0 0.0 0.6746987951807227
36 45 42 0.0 0.0 0.0 0.0 3.0 0.0 0.0 0.6989515726410384
37 35 36 0.0 0.0 0.0 0.0 6.0 0.0 0.0 0.6979062811565303
37 35 37 0.0 0.0 0.0 0.0 10.0 0.0 0.0 0.6965174129353233
37 35 38 0.0 0.0 0.0 0.0 37.0 0.0 0.0 0.6876227897838899
37 35 39 0.0 0.0 3.0 0.0 72.0 0.0 0.0 0.6753497346840327
37 35 40 0.0 0.0 0.0 0.0 53.0 0.0 0.0 0.68259385665529
37 35 41 0.0 0.0 2.0 0.0 54.0 0.0 0.0 0.6809338521400777
37 35 42 0.0 0.0 2.0 0.0 19.0 0.0 0.0 0.6927263730826323
37 35 43 0.0 0.0 0.0 0.0 1.0 0.0 0.0 0.6996501749125437
37 36 36 0.0 0.0 2.0 0.0 115.0 1.0 0.0 0.661625708884688
37 36 37 0.0 0.0 15.0 0.0 488.0 3.0 2.0 0.5602240896358542
37 36 38 0.0 0.0 96.0 0.0 2292.0 13.0 32.0 0.32007315957933236
37 36 39 0.0 0.0 413.0 0.0 8640.0 19.0 1456.0 0.12675418741511996
37 36 40 0.0 0.0 216.0 0.0 4563.0 17.0 171.0 0.20700872393908026
37 36 41 0.0 0.0 171.0 0.0 4484.0 12.0 221.0 0.21068472535741153
37 36 42 0.0 0.0 57.0 0.0 1213.0 9.0 3.0 0.42944785276073616
37 36 43 0.0 0.0 8.0 0.0 157.0 1.0 0.0 0.6469500924214416
37 36 44 0.0 0.0 0.0 0.0 10.0 0.0 0.0 0.6965174129353233
37 37 35 0.0 0.0 3.0 0.0 15.0 1.0 0.0 0.694100148735746
37 37 36 0.0 0.0 6.0 0.0 264.0 1.0 0.0 0.6170118995152049
37 37 37 0.0 0.0 547.0 0.0 9922.0 29.0 2317.0 0.11244979919678713
37 37 38 0.0 0.0 574.0 0.0 10125.0 29.0 2305.0 0.11041880274469594
37 37 39 0.0 0.0 348.0 0.0 7514.0 13.0 863.0 0.1420166362345303
37 37 40 0.0 0.0 793.0 0.0 12168.0 27.0 5928.0 0.0936204360037448
37 37 41 0.0 0.0 341.0 0.0 7471.0 20.0 870.0 0.1429154757043691
37 37 42 0.0 0.0 519.0 0.0 10179.0 27.0 2543.0 0.11038397855396988
37 37 43 0.0 0.0 41.0 0.0 1098.0 9.0 7.0 0.44728434504792325
37 37 44 0.0 0.0 0.0 0.0 67.0 1.0 0.0 0.6776379477250725
37 37 45 0.0 0.0 0.0 0.0 2.0 0.0 0.0 0.6993006993006992
37 38 34 0.0 0.0 0.0 0.0 2.0 0.0 0.0 0.6993006993006992
37 38 35 0.0 0.0 1.0 0.0 22.0 1.0 0.0 0.6923837784371908
37 38 36 0.0 0.0 32.0 0.0 859.0 10.0 3.0 0.486111111111111
37 38 37 0.0 0.0 318.0 0.0 6845.0 19.0 679.0 0.1530054644808743
37 38 38 0.0 0.0 629.0 0.0 10937.0 35.0 3375.0 0.10333628579864186
37 38 39 0.0 0.0 1225.0 0.0 13096.0 44.0 14309.0 0.08585270129392285
37 38 40 0.0 0.0 1074.0 0.0 13180.0 37.0 10793.0 0.08615914825527723
37 38 41 0.0 0.0 1337.0 0.0 13133.0 40.0 17363.0 0.0850391787645022
37 38 42 0.0 0.0 526.0 0.0 10066.0 24.0 2475.0 0.1112700683516134
37 38 43 0.0 0.0 113.0 0.0 2945.0 8.0 56.0 0.27728263022380667
37 38 44 0.0 0.0 34.0 0.0 1122.0 8.0 12.0 0.4447268106734434
37 38 45 0.0 0.0 0.0 0.0 15.0 0.0 0.0 0.694789081885856
37 39 34 0.0 0.0 0.0 0.0 3.0 0.0 0.0 0.6989515726410384
37 39 35 0.0 0.0 1.0 0.0 29.0 0.0 0.0 0.689655172413793
37 39 36 0.0 0.0 171.0 0.0 3795.0 15.0 111.0 0.23525457906234246
37 39 37 0.0 0.0 382.0 0.0 8155.0 18.0 1214.0 0.13299135556188846
37 39 38 0.0 0.0 588.0 0.0 10827.0 34.0 3482.0 0.1045400238948626
37 39 39 0.0 0.0 866.0 0.0 12661.0 32.0 7381.0 0.09018875217419313
37 39 40 0.0 0.0 959.0 0.0 13020.0 34.0 8453.0 0.0876533934385174
37 39 41 0.0 0.0 743.0 0.0 12010.0 31.0 4357.0 0.0949603201519365
37 39 42 0.0 0.0 514.0 0.0 10187.0 25.0 2625.0 0.1103317834344708
37 39 43 0.0 0.0 796.0 0.0 12181.0 30.0 5299.0 0.09354536950420954
37 39 44 0.0 0.0 115.0 0.0 2462.0 19.0 30.0 0.30715225976305394
37 39 45 0.0 0.0 6.0 0.0 214.0 2.0 0.0 0.6311992786293958
37 40 34 0.0 0.0 0.0 0.0 4.0 0.0 0.0 0.6986027944111775
37 40 35 0.0 0.0 12.0 0.0 165.0 4.0 0.0 0.6442705936493326
37 40 36 0.0 0.0 73.0 0.0 1833.0 8.0 21.0 0.3591585428424833
37 40 37 0.0 0.0 295.0 0.0 5925.0 20.0 402.0 0.17071088891598582
37 40 38 0.0 0.0 744.0 0.0 11794.0 28.0 4748.0 0.09637227232050663
37 40 39 0.0 0.0 1537.0 0.0 13176.0 38.0 21196.0 0.08372204281784475
37 40 40 0.0 0.0 1039.0 0.0 13233.0 24.0 10688.0 0.08609027179928666
37 40 41 0.0 0.0 1021.0 0.0 13108.0 27.0 9042.0 0.0868001736003472
37 40 42 0.0 0.0 813.0 0.0 12453.0 29.0 7010.0 0.09174913166000392
37 40 43 0.0 0.0 486.0 0.0 9899.0 22.0 2587.0 0.11315874555447783
37 40 44 0.0 0.0 407.0 0.0 8293.0 24.0 1196.0 0.1309880239520958
37 40 45 0.0 0.0 1.0 0.0 46.0 1.0 0.0 0.6842619745845552
37 41 35 0.0 0.0 0.0 0.0 11.0 0.0 0.0 0.6965174129353233
37 41 36 0.0 0.0 34.0 0.0 604.0 10.0 1.0 0.5327245053272449
37 41 37 0.0 0.0 210.0 0.0 4908.0 17.0 284.0 0.196961170512099
37 41 38 0.0 0.0 800.0 0.0 12185.0 33.0 6689.0 0.09347042328748831
37 41 39 0.0 0.0 1138.0 0.0 13339.0 28.0 11307.0 0.0849772382397572
37 41 40 0.0 0.0 1030.0 0.0 13108.0 31.0 10491.0 0.08679479231246125
37 41 41 0.0 0.0 1175.0 1.0 13471.0 36.0 13020.0 0.08413461538461538
37 41 42 0.0 0.0 1411.0 0.0 12851.0 41.0 20145.0 0.08609556607834695
37 41 43 0.0 0.0 395.0 0.0 8414.0 23.0 1151.0 0.12971370332622995
37 41 44 0.0 0.0 84.0 0.0 1740.0 13.0 15.0 0.3675505381990023
37 41 45 0.0 0.0 41.0 0.0 852.0 10.0 2.0 0.48560527228581335
37 42 35 0.0 0.0 1.0 0.0 16.0 0.0 0.0 0.694100148735746
37 42 36 0.0 0.0 5.0 0.0 280.0 4.0 0.0 0.6140350877192982
37 42 37 0.0 0.0 207.0 0.0 4799.0 10.0 209.0 0.20005715918833952
37 42 38 0.0 0.0 665.0 0.0 11502.0 28.0 4432.0 0.09891895711156644
37 42 39 0.0 0.0 752.0 0.0 12009.0 38.0 5086.0 0.09498609132234208
37 42 40 0.0 0.0 887.0 0.0 12633.0 21.0 8506.0 0.0901539055959817
37 42 41 0.0 0.0 617.0 0.0 10825.0 26.0 3062.0 0.10428305400372438
37 42 42 0.0 0.0 684.0 0.0 11440.0 25.0 4429.0 0.09917823746103711
37 42 43 0.0 0.0 726.0 0.0 11848.0 23.0 5435.0 0.09605488850771869
37 42 44 0.0 0.0 268.0 0.0 5777.0 16.0 409.0 0.17436791630340018
37 42 45 0.0 0.0 0.0 0.0 41.0 0.0 0.0 0.6859382655560998
37 43 35 0.0 0.0 0.0 0.0 3.0 0.0 0.0 0.6989515726410384
37 43 36 0.0 0.0 0.0 0.0 11.0 0.0 0.0 0.6961710591745399
37 43 37 0.0 0.0 15.0 0.0 515.0 5.0 2.0 0.5544554455445544
37 43 38 0.0 0.0 331.0 0.0 7607.0 16.0 956.0 0.14102951546287898
37 43 39 0.0 0.0 556.0 0.0 9711.0 25.0 1890.0 0.11434171839268212
37 43 40 0.0 0.0 412.0 0.0 8341.0 14.0 1219.0 0.13030528667163066
37 43 41 0.0 0.0 722.0 0.0 11994.0 33.0 5571.0 0.09522513943681131
37 43 42 0.0 0.0 214.0 0.0 5644.0 16.0 370.0 0.1784348712719857
37 43 43 0.0 0.0 333.0 0.0 6693.0 24.0 592.0 0.15538290788013318
37 43 44 0.0 0.0 20.0 0.0 474.0 3.0 0.0 0.5624748895138609
37 43 45 0.0 0.0 0.0 0.0 40.0 0.0 0.0 0.6862745098039215
37 44 36 0.0 0.0 0.0 0.0 3.0 0.0 0.0 0.6989515726410384
37 44 37 0.0 0.0 0.0 0.0 24.0 0.0 0.0 0.6916996047430829
37 44 38 0.0 0.0 7.0 0.0 315.0 1.0 0.0 0.6031882809133993
37 44 39 0.0 0.0 415.0 0.0 8469.0 23.0 1298.0 0.12884226026136572
37 44 40 0.0 0.0 34.0 0.0 1333.0 10.0 9.0 0.41703902293714623
37 44 41 0.0 0.0 128.0 0.0 2923.0 14.0 55.0 0.27799841143764886
37 44 42 0.0 0.0 8.0 0.0 426.0 1.0 0.0 0.5754212905877516
37 44 43 0.0 0.0 13.0 0.0 435.0 2.0 2.0 0.5723630417007358
37 44 44 0.0 0.0 11.0 0.0 162.0 3.0 0.0 0.6451612903225805
37 44 45 0.0 0.0 4.0 0.0 225.0 2.0 0.0 0.6286484059272563
37 45 38 0.0 0.0 0.0 0.0 19.0 0.0 0.0 0.6934125804853887
37 45 39 0.0 0.0 17.0 0.0 500.0 2.0 1.0 0.5566600397614313
37 45 40 0.0 0.0 3.0 0.0 152.0 1.0 0.0 0.649953574744661
37 45 41 0.0 0.0 0.0 0.0 32.0 1.0 0.0 0.6893156080748399
37 45 42 0.0 0.0 0.0 0.0 2.0 0.0 0.0 0.6993006993006992
37 45 43 0.0 0.0 0.0 0.0 2.0 0.0 0.0 0.6993006993006992
37 46 39 0.0 0.0 0.0 0.0 1.0 0.0 0.0 0.6996501749125437
38 34 39 0.0 0.0 0.0 0.0 3.0 0.0 0.0 0.6989515726410384
38 34 42 0.0 0.0 0.0 0.0 1.0 0.0 0.0 0.6996501749125437
38 35 35 0.0 0.0 22.0 0.0 661.0 3.0 1.0 0.5223880597014925
38 35 36 0.0 0.0 0.0 0.0 8.0 0.0 0.0 0.697211155378486
38 35 37 0.0 0.0 0.0 0.0 11.0 0.0 0.0 0.6961710591745399
38 35 38 0.0 0.0 0.0 0.0 38.0 1.0 0.0 0.6872852233676975
38 35 39 0.0 0.0 43.0 0.0 1056.0 11.0 4.0 0.45336787564766834
38 35 40 0.0 0.0 10.0 0.0 416.0 2.0 1.0 0.5775577557755774
38 35 41 0.0 0.0 12.0 0.0 351.0 4.0 2.0 0.5934718100890207
38 35 42 0.0 0.0 11.0 0.0 149.0 5.0 0.0 0.6496519721577725
38 35 43 0.0 0.0 0.0 0.0 7.0 0.0 0.0 0.6975585450921773
38 36 34 0.0 0.0 0.0 0.0 1.0 0.0 0.0 0.6996501749125437
38 36 35 0.0 0.0 0.0 0.0 22.0 0.0 0.0 0.6923837784371908
38 36 36 0.0 0.0 24.0 0.0 803.0 7.0 3.0 0.49645390070921974
38 36 37 0.0 0.0 196.0 0.0 4247.0 20.0 187.0 0.21793275217932748
38 36 38 0.0 0.0 77.0 0.0 1889.0 12.0 12.0 0.35389282103134473
38 36 39 0.0 0.0 183.0 0.0 4195.0 14.0 148.0 0.21998742928975482
38 36 40 0.0 0.0 308.0 0.0 6921.0 23.0 662.0 0.15205821657434557
38 36 41 0.0 0.0 284.0 0.0 6171.0 25.0 529.0 0.1659751037344398
38 36 42 0.0 0.0 33.0 0.0 1203.0 6.0 8.0 0.43370508054522916
38 36 43 0.0 0.0 0.0 0.0 117.0 0.0 0.0 0.6613131790269249
38 36 44 0.0 0.0 2.0 0.0 142.0 1.0 0.0 0.6532897806812878
38 37 34 0.0 0.0 8.0 0.0 210.0 2.0 0.0 0.6317689530685919
38 37 35 0.0 0.0 1.0 0.0 45.0 0.0 0.0 0.6845965770171147
38 37 36 0.0 0.0 101.0 0.0 2572.0 10.0 48.0 0.3002358996354278
38 37 37 0.0 0.0 327.0 0.0 7641.0 16.0 956.0 0.14059048001606747
38 37 38 0.0 0.0 477.0 0.0 9689.0 23.0 2112.0 0.11515999012914369
38 37 39 0.0 0.0 891.0 0.0 12795.0 31.0 8312.0 0.08931419457735246
38 37 40 0.0 0.0 664.0 0.0 11253.0 29.0 3499.0 0.10067596720839923
38 37 41 0.0 0.0 631.0 0.0 11408.0 30.0 3758.0 0.09985734664764621
38 37 42 0.0 0.0 386.0 0.0 8286.0 22.0 1213.0 0.13140604467805517
38 37 43 0.0 0.0 288.0 0.0 6231.0 29.0 456.0 0.16482222745467387
38 37 44 0.0 0.0 98.0 0.0 2487.0 13.0 40.0 0.30614476273780883
38 37 45 0.0 0.0 12.0 0.0 331.0 2.0 1.0 0.5980350277659119
38 38 34 0.0 0.0 7.0 0.0 37.0 3.0 0.0 0.6859382655560998
38 38 35 0.0 0.0 6.0 0.0 211.0 4.0 0.0 0.632625395390872
38 38 36 0.0 0.0 202.0 0.0 4580.0 21.0 188.0 0.20703933747412007
38 38 37 0.0 0.0 480.0 0.0 9230.0 17.0 1737.0 0.11960700555318238
38 38 38 0.0 0.0 1381.0 0.0 13051.0 33.0 18627.0 0.08510638297872339
38 38 39 0.0 0.0 1356.0 0.0 13528.0 52.0 15837.0 0.08302200083021999
38 38 40 0.0 0.0 1037.0 0.0 13429.0 32.0 9719.0 0.08498755539367449
38 38 41 0.0 0.0 1412.0 0.0 13264.0 47.0 19071.0 0.08398824164616953
38 38 42 0.0 0.0 978.0 0.0 12948.0 28.0 8700.0 0.0879396984924623
38 38 43 0.0 0.0 484.0 0.0 9692.0 16.0 2419.0 0.11501807426881365
38 38 44 0.0 0.0 131.0 0.0 2998.0 23.0 74.0 0.27418723070896983
38 38 45 0.0 0.0 14.0 0.0 224.0 5.0 1.0 0.6272401433691756
38 39 34 0.0 0.0 5.0 0.0 69.0 0.0 0.0 0.6750241080038573
38 39 35 0.0 0.0 83.0 0.0 2020.0 16.0 24.0 0.34254954734524096
38 39 36 0.0 0.0 252.0 0.0 5465.0 11.0 289.0 0.18158236057068736
38 39 37 0.0 0.0 745.0 0.0 11908.0 29.0 5397.0 0.09559576647319903
38 39 38 0.0 0.0 1143.0 0.0 13628.0 39.0 9888.0 0.0834625014904018
38 39 39 0.0 0.0 2052.0 1.0 11720.0 60.0 37397.0 0.08883248730964466
38 39 40 0.0 0.0 2334.0 0.0 11699.0 53.0 41924.0 0.08726547403852146
38 39 41 0.0 0.0 1262.0 0.0 13681.0 43.0 14746.0 0.0826739104759655
38 39 42 0.0 0.0 946.0 0.0 12837.0 27.0 7766.0 0.08868617762574432
38 39 43 0.0 0.0 429.0 0.0 9177.0 26.0 1739.0 0.12082506257012167
38 39 44 0.0 0.0 421.0 0.0 8181.0 23.0 1002.0 0.13225014169658036
38 39 45 0.0 0.0 9.0 0.0 154.0 2.0 0.0 0.6478482184173993
38 40 34 0.0 0.0 0.0 0.0 11.0 0.0 0.0 0.6961710591745399
38 40 35 0.0 0.0 202.0 0.0 4293.0 21.0 164.0 0.21614945190674692
38 40 36 0.0 0.0 297.0 0.0 5887.0 25.0 383.0 0.17140058765915767
38 40 37 0.0 0.0 452.0 0.0 9287.0 23.0 1973.0 0.11944373346984043
38 40 38 0.0 0.0 1261.0 1.0 13809.0 47.0 12022.0 0.08212106992022523
38 40 39 0.0 0.0 2066.0 2.0 12671.0 56.0 32329.0 0.0835820895522388
38 40 40 0.0 2.0 2004.0 4.0 12540.0 40.0 31184.0 0.08453085376162298
38 40 41 0.0 0.0 1952.0 2.0 12662.0 56.0 30328.0 0.08430180044559522
38 40 42 0.0 0.0 1399.0 2.0 13764.0 32.0 16137.0 0.08149010477299184
38 40 43 0.0 0.0 648.0 0.0 11185.0 24.0 3744.0 0.10131712259371833
38 40 44 0.0 0.0 96.0 0.0 2856.0 11.0 63.0 0.2832861189801699
38 40 45 0.0 0.0 6.0 0.0 268.0 1.0 1.0 0.6161971830985915
38 41 34 0.0 0.0 0.0 0.0 4.0 0.0 0.0 0.6986027944111775
38 41 35 0.0 0.0 18.0 0.0 834.0 8.0 3.0 0.4922644163150492
38 41 36 0.0 0.0 148.0 0.0 3926.0 16.0 117.0 0.2310612312262749
38 41 37 0.0 0.0 468.0 0.0 9249.0 21.0 2175.0 0.11959678797198016
38 41 38 0.0 0.0 819.0 6.0 12311.0 20.0 5429.0 0.09251916468411313
38 41 39 0.0 0.0 1696.0 0.0 12969.0 43.0 25543.0 0.083978165676924
38 41 40 0.0 0.0 2302.0 0.0 11566.0 51.0 42107.0 0.08819453193901977
38 41 41 0.0 0.0 1708.0 3.0 13485.0 56.0 23542.0 0.08143796172415797
38 41 42 0.0 0.0 1269.0 2.0 13614.0 38.0 14015.0 0.08295313148071339
38 41 43 0.0 0.0 580.0 0.0 10558.0 24.0 2978.0 0.1066747942700396
38 41 44 0.0 0.0 222.0 0.0 5843.0 13.0 458.0 0.17380509000620728
38 41 45 0.0 0.0 48.0 0.0 1280.0 10.0 4.0 0.4218137993371497
38 41 46 0.0 0.0 0.0 0.0 2.0 0.0 0.0 0.6993006993006992
38 42 34 0.0 0.0 0.0 0.0 1.0 0.0 0.0 0.6996501749125437
38 42 35 0.0 0.0 6.0 0.0 67.0 1.0 0.0 0.6756756756756755
38 42 36 0.0 0.0 144.0 0.0 3388.0 15.0 88.0 0.25376110204821456
38 42 37 0.0 0.0 212.0 0.0 4527.0 20.0 201.0 0.20839535576064305
38 42 38 0.0 0.0 555.0 3.0 10622.0 22.0 3413.0 0.10639106315069533
38 42 39 0.0 0.0 1484.0 0.0 13504.0 42.0 18565.0 0.08243052284503061
38 42 40 0.0 1.0 1617.0 4.0 12779.0 48.0 24038.0 0.08539709649871903
38 42 41 0.0 0.0 1459.0 3.0 13473.0 50.0 18327.0 0.08276677505172922
38 42 42 0.0 0.0 653.0 3.0 11223.0 24.0 3408.0 0.10097367472051928
38 42 43 0.0 0.0 558.0 0.0 10172.0 18.0 2446.0 0.11001964636542239
38 42 44 0.0 0.0 254.0 0.0 5926.0 15.0 451.0 0.17135862913096694
38 42 45 0.0 0.0 41.0 0.0 1133.0 12.0 9.0 0.44275774826059444
38 42 46 0.0 0.0 0.0 0.0 1.0 0.0 0.0 0.6996501749125437
38 43 35 0.0 0.0 0.0 0.0 3.0 0.0 0.0 0.6989515726410384
38 43 36 0.0 0.0 8.0 0.0 275.0 4.0 0.0 0.6148440931049626
38 43 37 0.0 0.0 189.0 0.0 3643.0 22.0 106.0 0.2410053365467378
38 43 38 0.0 0.0 267.0 0.0 6152.0 17.0 492.0 0.16658733936220846
38 43 39 0.0 0.0 956.0 1.0 12820.0 39.0 9628.0 0.08881558079045866
38 43 40 0.0 0.0 677.0 3.0 11764.0 23.0 4910.0 0.09695290858725761
38 43 41 0.0 1.0 491.0 0.0 9680.0 16.0 2119.0 0.11512211166844831
38 43 42 0.0 0.0 417.0 1.0 8597.0 27.0 1183.0 0.127353770581279
38 43 43 0.0 0.0 207.0 0.0 4743.0 17.0 227.0 0.20190366310931637
38 43 44 0.0 0.0 357.0 0.0 7795.0 16.0 1065.0 0.13799901429275505
38 43 45 0.0 0.0 5.0 0.0 141.0 0.0 1.0 0.6523765144454798
38 43 46 0.0 0.0 0.0 0.0 1.0 0.0 0.0 0.6996501749125437
38 44 36 0.0 0.0 18.0 0.0 487.0 5.0 0.0 0.5599999999999999
38 44 37 0.0 0.0 94.0 0.0 2060.0 14.0 20.0 0.338245953128775
38 44 38 0.0 0.0 131.0 0.0 2662.0 20.0 42.0 0.2933165723863398
38 44 39 0.0 0.0 77.0 0.0 2383.0 14.0 38.0 0.31481897908702494
38 44 40 0.0 0.0 434.0 0.0 8628.0 23.0 1355.0 0.12668536784001447
38 44 41 0.0 0.0 78.0 0.0 1867.0 18.0 14.0 0.35650623885918
38 44 42 0.0 0.0 162.0 0.0 3917.0 17.0 124.0 0.23083264633140968
38 44 43 0.0 0.0 30.0 0.0 591.0 4.0 1.0 0.5351681957186544
38 44 44 0.0 0.0 3.0 0.0 149.0 2.0 0.0 0.6511627906976742
38 44 45 0.0 0.0 0.0 0.0 7.0 0.0 0.0 0.6975585450921773
38 45 36 0.0 0.0 0.0 0.0 1.0 0.0 0.0 0.6996501749125437
38 45 37 0.0 0.0 0.0 0.0 14.0 0.0 0.0 0.6951340615690167
38 45 38 0.0 0.0 13.0 0.0 260.0 3.0 0.0 0.6167400881057268
38 45 39 0.0 0.0 20.0 0.0 476.0 5.0 0.0 0.5622489959839357
38 45 40 0.0 0.0 1.0 0.0 60.0 0.0 0.0 0.6792819019893255
38 45 41 0.0 0.0 14.0 0.0 296.0 5.0 0.0 0.6073752711496745
38 45 42 0.0 0.0 0.0 0.0 8.0 0.0 0.0 0.697211155378486
38 45 43 0.0 0.0 0.0 0.0 10.0 0.0 0.0 0.6965174129353233
38 45 44 0.0 0.0 0.0 0.0 1.0 0.0 0.0 0.6996501749125437
39 34 38 0.0 0.0 0.0 0.0 1.0 0.0 0.0 0.6996501749125437
39 34 41 0.0 0.0 0.0 0.0 4.0 0.0 0.0 0.6986027944111775
39 35 35 0.0 0.0 0.0 0.0 9.0 0.0 0.0 0.6968641114982577
39 35 36 0.0 0.0 0.0 0.0 25.0 0.0 0.0 0.6913580246913579
39 35 37 0.0 0.0 2.0 0.0 62.0 1.0 0.0 0.6786233640329616
39 35 38 0.0 0.0 1.0 0.0 85.0 0.0 0.0 0.6711409395973154
39 35 39 0.0 0.0 54.0 0.0 1435.0 9.0 13.0 0.40229885057471254
39 35 40 0.0 0.0 4.0 0.0 191.0 1.0 1.0 0.6381039197812214
39 35 41 0.0 0.0 60.0 0.0 1663.0 8.0 18.0 0.376850605652759
39 35 42 0.0 0.0 0.0 0.0 23.0 0.0 0.0 0.6920415224913494
39 36 34 0.0 0.0 0.0 0.0 2.0 0.0 0.0 0.6993006993006992
39 36 35 0.0 0.0 4.0 0.0 264.0 2.0 0.0 0.6178287731685789
39 36 36 0.0 0.0 171.0 0.0 3982.0 20.0 136.0 0.22823606129768498
39 36 37 0.0 0.0 110.0 0.0 2546.0 13.0 48.0 0.30152918371742404
39 36 38 0.0 0.0 285.0 0.0 5978.0 23.0 405.0 0.16979987871437233
39 36 39 0.0 0.0 226.0 0.0 5684.0 20.0 387.0 0.17743979721166028
39 36 40 0.0 0.0 566.0 0.0 10484.0 32.0 3184.0 0.10741962710043734
39 36 41 0.0 0.0 270.0 0.0 5875.0 16.0 424.0 0.17220172201722017
39 36 42 0.0 0.0 159.0 0.0 4145.0 13.0 175.0 0.2225047679593134
39 36 43 0.0 0.0 15.0 0.0 335.0 3.0 1.0 0.5965061780997016
39 36 44 0.0 0.0 12.0 0.0 161.0 2.0 0.0 0.64486411791801
39 36 45 0.0 0.0 4.0 0.0 32.0 2.0 0.0 0.6882989183874139
39 37 34 0.0 0.0 0.0 0.0 5.0 0.0 0.0 0.6982543640897755
39 37 35 0.0 0.0 108.0 0.0 2474.0 14.0 29.0 0.30641278179032605
39 37 36 0.0 0.0 378.0 0.0 8165.0 21.0 1120.0 0.13297872340425532
39 37 37 0.0 0.0 605.0 0.0 10957.0 17.0 3854.0 0.10327530244910002
39 37 38 0.0 0.0 690.0 0.0 11873.0 25.0 5041.0 0.09618026930475404
39 37 39 0.0 0.0 751.0 0.0 12142.0 24.0 5267.0 0.09404178142003089
39 37 40 0.0 0.0 1261.0 0.0 13453.0 34.0 14389.0 0.08375209380234505
39 37 41 0.0 0.0 1138.0 0.0 13186.0 41.0 12143.0 0.08578431372549018
39 37 42 0.0 0.0 453.0 0.0 9036.0 24.0 1560.0 0.12201499041310788
39 37 43 0.0 0.0 520.0 0.0 9892.0 26.0 2284.0 0.11294876966518756
39 37 44 0.0 0.0 91.0 0.0 2209.0 9.0 25.0 0.3261882572227399
39 37 45 0.0 0.0 0.0 0.0 29.0 0.0 0.0 0.6899950714637751
39 38 34 0.0 0.0 0.0 0.0 15.0 0.0 0.0 0.694789081885856
39 38 35 0.0 0.0 227.0 0.0 5054.0 19.0 237.0 0.19259870683725405
39 38 36 0.0 0.0 502.0 0.0 9738.0 16.0 2149.0 0.11441647597254004
39 38 37 0.0 0.0 885.0 0.0 12510.0 40.0 9281.0 0.09097998440343123
39 38 38 0.0 0.0 1254.0 0.0 13419.0 41.0 14857.0 0.08402856971370265
39 38 39 0.0 0.0 1362.0 0.0 13511.0 48.0 16554.0 0.0829973915105525
39 38 40 0.0 0.0 2092.0 1.0 12559.0 46.0 34063.0 0.08403361344537814
39 38 41 0.0 0.0 1142.0 1.0 13563.0 36.0 10797.0 0.08383735553027127
39 38 42 0.0 0.0 1232.0 0.0 13507.0 38.0 13561.0 0.08368701058042918
39 38 43 0.0 0.0 448.0 0.0 9383.0 18.0 2003.0 0.11841326228537594
39 38 44 0.0 0.0 390.0 0.0 8183.0 19.0 1211.0 0.13258831328724308
39 38 45 0.0 0.0 0.0 0.0 82.0 0.0 0.0 0.6724303554274734
39 38 46 0.0 0.0 0.0 0.0 1.0 0.0 0.0 0.6996501749125437
39 39 34 0.0 0.0 0.0 0.0 40.0 0.0 0.0 0.6862745098039215
39 39 35 0.0 0.0 204.0 0.0 4937.0 18.0 226.0 0.196408529741863
39 39 36 0.0 0.0 720.0 0.0 11674.0 32.0 4521.0 0.09734390209984703
39 39 37 0.0 0.0 924.0 0.0 13052.0 36.0 8216.0 0.08771929824561402
39 39 38 0.0 0.0 1741.0 1.0 13079.0 54.0 25703.0 0.08325404376784014
39 39 39 2.0 1.0 2447.0 16.0 11267.0 58.0 46022.0 0.088939711581221
39 39 40 0.0 4.0 2731.0 33.0 11918.0 59.0 45992.0 0.08384739773612025
39 39 41 0.0 4.0 2700.0 25.0 10863.0 60.0 52401.0 0.08974934290659656
39 39 42 1.0 0.0 1344.0 5.0 13891.0 29.0 14005.0 0.08124419684308262
39 39 43 0.0 0.0 630.0 0.0 11069.0 28.0 3498.0 0.10235414534288638
39 39 44 0.0 0.0 252.0 0.0 5368.0 16.0 361.0 0.1839684625492772
39 39 45 0.0 0.0 6.0 0.0 170.0 2.0 0.0 0.6439742410303587
39 39 46 0.0 0.0 0.0 0.0 5.0 0.0 0.0 0.6982543640897755
39 40 34 0.0 0.0 3.0 0.0 89.0 1.0 0.0 0.6698564593301434
39 40 35 0.0 0.0 108.0 0.0 2432.0 20.0 30.0 0.30973451327433627
39 40 36 0.0 0.0 582.0 0.0 10755.0 28.0 3054.0 0.10502625656414102
39 40 37 0.0 0.0 1210.0 0.0 13552.0 30.0 12838.0 0.0835421888053467
39 40 38 0.0 1.0 1808.0 11.0 13140.0 53.0 26607.0 0.08260074340669064
39 40 39 0.0 0.0 2682.0 6.0 11631.0 65.0 48164.0 0.08584743684081432
39 40 40 0.0 13.0 3125.0 59.0 8749.0 66.0 75595.0 0.1003440366972477
39 40 41 0.0 12.0 2485.0 103.0 12710.0 50.0 37782.0 0.08085942012244425
39 40 42 0.0 10.0 1122.0 112.0 13403.0 31.0 11267.0 0.08414472893376607
39 40 43 0.0 0.0 1016.0 0.0 13000.0 36.0 10271.0 0.08748359682559519
39 40 44 0.0 0.0 495.0 0.0 9909.0 30.0 2575.0 0.11305822498586772
39 40 45 0.0 0.0 11.0 0.0 360.0 4.0 0.0 0.5914659907055343
39 40 46 0.0 0.0 0.0 0.0 2.0 0.0 0.0 0.6993006993006992
39 41 34 0.0 0.0 0.0 0.0 10.0 0.0 0.0 0.6965174129353233
39 41 35 0.0 0.0 83.0 0.0 1907.0 11.0 14.0 0.35184719778838897
39 41 36 0.0 0.0 347.0 0.0 7834.0 15.0 1066.0 0.1376462491397109
39 41 37 0.0 0.0 716.0 0.0 11875.0 16.0 5734.0 0.09594298245614034
39 41 38 0.0 0.0 841.0 2.0 12504.0 41.0 6205.0 0.09130633274636403
39 41 39 0.0 1.0 2050.0 20.0 12737.0 45.0 32808.0 0.08329366968110423
39 41 40 1.0 9.0 2736.0 47.0 10917.0 69.0 53590.0 0.08922880815806246
39 41 41 0.0 6.0 2240.0 60.0 12632.0 52.0 34793.0 0.08264950705472578
39 41 42 0.0 13.0 1475.0 75.0 13189.0 48.0 20042.0 0.08362202843148965
39 41 43 0.0 0.0 1196.0 2.0 13374.0 36.0 14266.0 0.08449514152936205
39 41 44 0.0 0.0 235.0 0.0 5670.0 21.0 401.0 0.17757483510908167
39 41 45 0.0 0.0 9.0 0.0 321.0 2.0 0.0 0.6018916595012896
39 41 46 0.0 0.0 0.0 0.0 4.0 0.0 0.0 0.6989515726410384
39 42 34 0.0 0.0 0.0 0.0 1.0 0.0 0.0 0.6996501749125437
39 42 35 0.0 0.0 63.0 0.0 1103.0 11.0 3.0 0.44374009508716317
39 42 36 0.0 0.0 175.0 0.0 3858.0 14.0 115.0 0.23259677687323468
39 42 37 0.0 0.0 921.0 0.0 12635.0 32.0 8800.0 0.09006111289803795
39 42 38 0.0 0.0 699.0 0.0 11636.0 20.0 4766.0 0.09768350544236672
39 42 39 0.0 13.0 988.0 123.0 13109.0 27.0 7733.0 0.08633980881899475
39 42 40 0.0 3.0 1594.0 67.0 13702.0 48.0 19491.0 0.08061265618702135
39 42 41 0.0 16.0 1636.0 132.0 12915.0 46.0 24317.0 0.08386246555648735
39 42 42 0.0 2.0 748.0 45.0 11917.0 31.0 5230.0 0.09527050017012588
39 42 43 0.0 0.0 857.0 1.0 12555.0 28.0 8003.0 0.0908265213442325
39 42 44 0.0 0.0 417.0 0.0 8926.0 23.0 1576.0 0.12365306482953539
39 42 45 0.0 0.0 0.0 0.0 99.0 0.0 0.0 0.6673021925643469
39 43 35 0.0 0.0 0.0 0.0 16.0 0.0 0.0 0.6944444444444444
39 43 36 0.0 0.0 31.0 0.0 636.0 7.0 1.0 0.5265137269650243
39 43 37 0.0 0.0 647.0 0.0 11101.0 25.0 3686.0 0.10185522008002909
39 43 38 0.0 0.0 516.0 0.0 10088.0 29.0 2256.0 0.1112523839796567
39 43 39 0.0 0.0 831.0 3.0 12365.0 34.0 6562.0 0.09217803529101921
39 43 40 0.0 0.0 494.0 2.0 9818.0 24.0 2345.0 0.11378413524057217
39 43 41 0.0 0.0 700.0 0.0 11551.0 24.0 5035.0 0.09826630167754613
39 43 42 0.0 0.0 485.0 2.0 9341.0 23.0 1810.0 0.11856368563685635
39 43 43 0.0 0.0 365.0 0.0 7291.0 21.0 749.0 0.14519809168222358
39 43 44 0.0 0.0 86.0 0.0 1955.0 13.0 21.0 0.3474807644576817
39 43 45 0.0 0.0 7.0 0.0 153.0 2.0 0.0 0.6487488415199257
39 44 35 0.0 0.0 12.0 0.0 239.0 2.0 0.0 0.622498888394842
39 44 36 0.0 0.0 7.0 0.0 232.0 2.0 0.0 0.6258381761287437
39 44 37 0.0 0.0 111.0 0.0 2460.0 15.0 36.0 0.3072870939420544
39 44 38 0.0 0.0 174.0 0.0 4506.0 17.0 226.0 0.21005251312828202
39 44 39 0.0 0.0 225.0 0.0 5100.0 16.0 272.0 0.1914922719190261
39 44 40 0.0 0.0 275.0 0.0 5319.0 24.0 296.0 0.18491612732796192
39 44 41 0.0 0.0 184.0 0.0 4570.0 17.0 205.0 0.20780762950868337
39 44 42 0.0 0.0 182.0 0.0 4209.0 20.0 151.0 0.219573400250941
39 44 43 0.0 0.0 140.0 0.0 2631.0 21.0 38.0 0.29461279461279455
39 44 44 0.0 0.0 4.0 0.0 136.0 0.0 0.0 0.6545114539504441
39 44 45 0.0 0.0 0.0 0.0 17.0 0.0 0.0 0.694100148735746
39 45 36 0.0 0.0 0.0 0.0 1.0 0.0 0.0 0.6996501749125437
39 45 37 0.0 0.0 0.0 0.0 18.0 0.0 0.0 0.6937561942517343
39 45 38 0.0 0.0 1.0 0.0 21.0 1.0 0.0 0.6930693069306929
39 45 39 0.0 0.0 1.0 0.0 41.0 0.0 0.0 0.6856023506366307
39 45 40 0.0 0.0 4.0 0.0 144.0 2.0 0.0 0.6523765144454798
39 45 41 0.0 0.0 14.0 0.0 374.0 6.0 0.0 0.5877413937867337
39 45 42 0.0 0.0 1.0 0.0 12.0 0.0 0.0 0.695479384003974
39 45 43 0.0 0.0 0.0 0.0 4.0 0.0 0.0 0.6986027944111775
39 45 44 0.0 0.0 0.0 0.0 1.0 0.0 0.0 0.6996501749125437
40 34 39 0.0 0.0 1.0 0.0 12.0 1.0 0.0 0.6958250497017892
40 34 40 0.0 0.0 1.0 0.0 11.0 0.0 0.0 0.6958250497017892
40 34 41 0.0 0.0 0.0 0.0 7.0 0.0 0.0 0.6975585450921773
40 35 35 0.0 0.0 0.0 0.0 12.0 0.0 0.0 0.6958250497017892
40 35 36 0.0 0.0 0.0 0.0 31.0 1.0 0.0 0.689655172413793
40 35 37 0.0 0.0 5.0 0.0 139.0 1.0 0.0 0.6532897806812878
40 35 38 0.0 0.0 29.0 0.0 509.0 8.0 0.0 0.5533596837944663
40 35 39 0.0 0.0 32.0 0.0 786.0 7.0 1.0 0.49804340092493765
40 35 40 0.0 0.0 89.0 0.0 1779.0 11.0 21.0 0.3628823224468636
40 35 41 0.0 0.0 0.0 0.0 77.0 0.0 1.0 0.6740491092922483
40 35 42 0.0 0.0 2.0 0.0 44.0 2.0 0.0 0.684931506849315
40 35 43 0.0 0.0 0.0 0.0 3.0 0.0 0.0 0.6989515726410384
40 35 44 0.0 0.0 2.0 0.0 28.0 0.0 0.0 0.689655172413793
40 36 34 0.0 0.0 0.0 0.0 1.0 0.0 0.0 0.6996501749125437
40 36 35 0.0 0.0 14.0 0.0 437.0 4.0 0.0 0.5721291377196566
40 36 36 0.0 0.0 328.0 0.0 6718.0 28.0 619.0 0.15521064301552104
40 36 37 0.0 0.0 227.0 0.0 5183.0 15.0 303.0 0.1893427103056532
40 36 38 0.0 0.0 209.0 0.0 4979.0 17.0 272.0 0.19514914970727623
40 36 39 0.0 0.0 534.0 0.0 10125.0 21.0 2568.0 0.11067193675889328
40 36 40 0.0 0.0 179.0 0.0 4717.0 16.0 243.0 0.20351795319087077
40 36 41 0.0 0.0 384.0 0.0 7204.0 22.0 737.0 0.14632107023411367
40 36 42 0.0 0.0 23.0 0.0 897.0 5.0 7.0 0.48027444253859347
40 36 43 0.0 0.0 40.0 0.0 1134.0 9.0 6.0 0.44233807266982617
40 36 44 0.0 0.0 10.0 0.0 290.0 1.0 0.0 0.6089604175728577
40 37 34 0.0 0.0 2.0 0.0 27.0 1.0 0.0 0.690335305719921
40 37 35 0.0 0.0 30.0 0.0 757.0 7.0 1.0 0.5035971223021581
40 37 36 0.0 0.0 594.0 0.0 10655.0 17.0 3040.0 0.10570026425066062
40 37 37 0.0 0.0 340.0 0.0 7743.0 21.0 1112.0 0.13910969793322733
40 37 38 0.0 0.0 808.0 0.0 12589.0 37.0 6147.0 0.09102730819245773
40 37 39 0.0 0.0 1036.0 0.0 13248.0 36.0 9930.0 0.08595284872298624
40 37 40 0.0 0.0 942.0 0.0 12960.0 34.0 7145.0 0.08809463881198086
40 37 41 0.0 0.0 593.0 0.0 10649.0 21.0 2670.0 0.10580411124546553
40 37 42 0.0 0.0 550.0 1.0 9941.0 24.0 2040.0 0.11218847664075646
40 37 43 0.0 0.0 367.0 0.0 8007.0 21.0 1078.0 0.13517427826590708
40 37 44 0.0 0.0 5.0 0.0 429.0 1.0 2.0 0.5761316872427983
40 37 45 0.0 0.0 17.0 0.0 474.0 9.0 0.0 0.56406124093473
40 38 34 0.0 0.0 3.0 0.0 70.0 0.0 0.0 0.6756756756756755
40 38 35 0.0 0.0 93.0 0.0 2544.0 13.0 44.0 0.3027681660899653
40 38 36 0.0 0.0 558.0 0.0 10248.0 23.0 2137.0 0.10939209251445536
40 38 37 0.0 0.0 1320.0 0.0 12901.0 36.0 18218.0 0.08629191321499012
40 38 38 0.0 0.0 1849.0 0.0 12038.0 46.0 33341.0 0.08810018249323516
40 38 39 0.0 1.0 1731.0 1.0 13400.0 46.0 24411.0 0.08171365201657618
40 38 40 0.0 0.0 1888.0 0.0 13792.0 56.0 24589.0 0.07923033389926427
40 38 41 0.0 0.0 1898.0 2.0 13119.0 47.0 27139.0 0.08224167303060564
40 38 42 0.0 0.0 1383.0 0.0 13712.0 25.0 16172.0 0.08189050070191857
40 38 43 0.0 0.0 628.0 1.0 10876.0 20.0 3085.0 0.10372675409350225
40 38 44 0.0 0.0 269.0 0.0 5421.0 18.0 306.0 0.18248175182481746
40 38 45 0.0 0.0 21.0 0.0 512.0 7.0 2.0 0.5542359461599367
40 38 46 0.0 0.0 0.0 0.0 4.0 0.0 0.0 0.6986027944111775
40 39 34 0.0 0.0 0.0 0.0 39.0 0.0 0.0 0.6866110838646394
40 39 35 0.0 0.0 365.0 0.0 7122.0 25.0 644.0 0.1479289940828402
40 39 36 0.0 0.0 627.0 0.0 10990.0 22.0 3183.0 0.10288821929889026
40 39 37 0.0 0.0 1292.0 0.0 13466.0 37.0 14805.0 0.08353720389044691
40 39 38 0.0 0.0 2025.0 1.0 12877.0 55.0 31151.0 0.08282063416942734
40 39 39 0.0 5.0 2678.0 20.0 11216.0 70.0 49966.0 0.08800050286001633
40 39 40 0.0 3.0 2723.0 18.0 12174.0 60.0 44680.0 0.08271298593879238
40 39 41 0.0 5.0 2697.0 47.0 12372.0 64.0 42678.0 0.08177570093457943
40 39 42 0.0 2.0 2051.0 9.0 12671.0 55.0 32832.0 0.08371203061468546
40 39 43 0.0 0.0 992.0 0.0 13118.0 18.0 7339.0 0.08691873098652758
40 39 44 0.0 0.0 412.0 0.0 8514.0 17.0 1243.0 0.1281816517121406
40 39 45 0.0 0.0 163.0 0.0 3607.0 27.0 95.0 0.2436901653611836
40 39 46 0.0 0.0 0.0 0.0 3.0 0.0 0.0 0.6993006993006992
40 40 34 0.0 0.0 3.0 0.0 68.0 1.0 0.0 0.6763285024154588
40 40 35 0.0 0.0 250.0 0.0 5615.0 20.0 359.0 0.17832123296395358
40 40 36 0.0 0.0 786.0 0.0 12119.0 32.0 6224.0 0.09404178142003089
40 40 37 0.0 0.0 1154.0 0.0 13130.0 35.0 13935.0 0.08602679120068821
40 40 38 0.0 0.0 2110.0 1.0 12179.0 54.0 36815.0 0.08595284872298624
40 40 39 0.0 17.0 2941.0 118.0 10890.0 62.0 54599.0 0.0876204781574665
40 40 40 7.0 83.0 2781.0 297.0 6119.0 58.0 100171.0 0.12400354295837022
40 40 41 0.0 9.0 3114.0 46.0 9404.0 66.0 69628.0 0.09614064002197499
40 40 42 0.0 16.0 1945.0 148.0 12874.0 50.0 29275.0 0.08241596514982044
40 40 43 0.0 0.0 1039.0 1.0 13221.0 32.0 10781.0 0.08613264427217915
40 40 44 0.0 0.0 200.0 0.0 5208.0 15.0 294.0 0.18929150892374252
40 40 45 0.0 0.0 94.0 0.0 2115.0 12.0 19.0 0.3335715987610197
40 40 46 0.0 0.0 1.0 0.0 6.0 0.0 0.0 0.6975585450921773
40 41 34 0.0 0.0 0.0 0.0 18.0 0.0 0.0 0.6937561942517343
40 41 35 0.0 0.0 195.0 0.0 4062.0 20.0 135.0 0.2243230251562249
40 41 36 0.0 0.0 424.0 0.0 8723.0 23.0 1445.0 0.12574097359439554
40 41 37 0.0 0.0 917.0 0.0 12622.0 31.0 9182.0 0.09009588776626551
40 41 38 0.0 0.0 1535.0 3.0 13718.0 34.0 19613.0 0.08102320736153712
40 41 39 0.0 3.0 2365.0 21.0 12999.0 65.0 35107.0 0.08055699407330685
40 41 40 0.0 36.0 2684.0 200.0 11609.0 58.0 45572.0 0.0846279393096778
40 41 41 0.0 635.0 2073.0 4949.0 8899.0 49.0 41089.0 0.07547576688770283
40 41 42 0.0 7.0 1873.0 91.0 12570.0 44.0 30248.0 0.08466888418506198
40 41 43 0.0 0.0 586.0 1.0 10562.0 24.0 2700.0 0.10661792704287563
40 41 44 0.0 0.0 475.0 0.0 9742.0 20.0 2204.0 0.11471648639790233
40 41 45 0.0 0.0 25.0 0.0 752.0 9.0 0.0 0.5057803468208091
40 41 46 0.0 0.0 0.0 0.0 1.0 0.0 0.0 0.6996501749125437
40 42 34 0.0 0.0 3.0 0.0 26.0 0.0 0.0 0.6899950714637751
40 42 35 0.0 0.0 20.0 0.0 622.0 4.0 4.0 0.5307050796057619
40 42 36 0.0 0.0 146.0 0.0 4031.0 19.0 159.0 0.2272358383379321
40 42 37 0.0 0.0 434.0 0.0 8601.0 27.0 1209.0 0.12705327162174423
40 42 38 0.0 0.0 1411.0 0.0 13107.0 42.0 18855.0 0.08481250378627248
40 42 39 0.0 3.0 1386.0 23.0 13821.0 34.0 15710.0 0.08122063004003016
40 42 40 0.0 6.0 2162.0 43.0 12505.0 57.0 34801.0 0.08381226053639845
40 42 41 0.0 13.0 1344.0 177.0 13565.0 26.0 15908.0 0.08181871310852666
40 42 42 0.0 5.0 846.0 137.0 12507.0 41.0 5528.0 0.09044511919374636
40 42 43 0.0 0.0 1006.0 0.0 12969.0 33.0 11119.0 0.08758758758758757
40 42 44 0.0 0.0 402.0 0.0 8431.0 22.0 1371.0 0.12943786982248517
40 42 45 0.0 0.0 5.0 0.0 225.0 1.0 0.0 0.6280843427545983
40 43 34 0.0 0.0 0.0 0.0 1.0 0.0 0.0 0.6996501749125437
40 43 35 0.0 0.0 1.0 0.0 42.0 0.0 0.0 0.6852667645619186
40 43 36 0.0 0.0 283.0 0.0 6361.0 19.0 550.0 0.1621684234912545
40 43 37 0.0 0.0 296.0 0.0 5918.0 18.0 403.0 0.17081503172279155
40 43 38 0.0 0.0 872.0 0.0 12444.0 30.0 6461.0 0.0913897774006136
40 43 39 0.0 0.0 764.0 0.0 12031.0 27.0 4786.0 0.09463295930782749
40 43 40 0.0 0.0 629.0 9.0 10679.0 23.0 3006.0 0.10521569216894633
40 43 41 0.0 0.0 1025.0 1.0 13134.0 32.0 10652.0 0.08661758336942398
40 43 42 0.0 0.0 637.0 1.0 11117.0 29.0 3518.0 0.10185522008002909
40 43 43 0.0 0.0 308.0 0.0 6672.0 21.0 635.0 0.15624999999999997
40 43 44 0.0 0.0 366.0 0.0 7455.0 20.0 874.0 0.14278429372768991
40 43 45 0.0 0.0 2.0 0.0 137.0 1.0 0.0 0.6551240056153486
40 44 34 0.0 0.0 0.0 0.0 1.0 0.0 0.0 0.6996501749125437
40 44 35 0.0 0.0 0.0 0.0 21.0 0.0 0.0 0.6927263730826323
40 44 36 0.0 0.0 31.0 0.0 753.0 7.0 2.0 0.5041411595246669
40 44 37 0.0 0.0 6.0 0.0 315.0 3.0 1.0 0.6042296072507551
40 44 38 0.0 0.0 156.0 0.0 3520.0 22.0 75.0 0.24752475247524747
40 44 39 0.0 0.0 185.0 0.0 3708.0 21.0 85.0 0.2383790226460071
40 44 40 0.0 0.0 238.0 0.0 5618.0 23.0 400.0 0.17868538608806633
40 44 41 0.0 0.0 338.0 1.0 7348.0 15.0 807.0 0.1446430416365327
40 44 42 0.0 0.0 82.0 0.0 2136.0 11.0 31.0 0.3327787021630615
40 44 43 0.0 0.0 61.0 0.0 1407.0 5.0 8.0 0.404273751082876
40 44 44 0.0 0.0 37.0 0.0 841.0 6.0 6.0 0.48746518105849573
40 44 45 0.0 0.0 8.0 0.0 323.0 2.0 0.0 0.6011163589523401
40 45 36 0.0 0.0 0.0 0.0 3.0 0.0 0.0 0.6989515726410384
40 45 37 0.0 0.0 0.0 0.0 4.0 0.0 0.0 0.6986027944111775
40 45 38 0.0 0.0 4.0 0.0 153.0 2.0 0.0 0.649953574744661
40 45 39 0.0 0.0 0.0 0.0 24.0 0.0 0.0 0.6916996047430829
40 45 40 0.0 0.0 0.0 0.0 64.0 0.0 0.0 0.6782945736434108
40 45 41 0.0 0.0 19.0 0.0 733.0 5.0 1.0 0.5096468875136512
40 45 42 0.0 0.0 14.0 0.0 311.0 1.0 0.0 0.6024096385542168
40 45 43 0.0 0.0 0.0 0.0 5.0 0.0 0.0 0.6986027944111775
40 45 44 0.0 0.0 1.0 0.0 1.0 0.0 0.0 0.6993006993006992
40 45 45 0.0 0.0 0.0 0.0 1.0 0.0 0.0 0.6996501749125437
40 45 46 0.0 0.0 1.0 0.0 6.0 0.0 0.0 0.6975585450921773
40 46 38 0.0 0.0 1.0 0.0 18.0 1.0 0.0 0.6937561942517343
40 46 40 0.0 0.0 0.0 0.0 1.0 0.0 0.0 0.6996501749125437
41 34 37 0.0 0.0 0.0 0.0 2.0 0.0 0.0 0.6993006993006992
41 34 39 0.0 0.0 0.0 0.0 5.0 0.0 0.0 0.6982543640897755
41 34 40 0.0 0.0 0.0 0.0 6.0 0.0 0.0 0.6979062811565303
41 34 41 0.0 0.0 2.0 0.0 12.0 1.0 0.0 0.695479384003974
41 35 35 0.0 0.0 0.0 0.0 13.0 0.0 0.0 0.695479384003974
41 35 36 0.0 0.0 2.0 0.0 61.0 0.0 0.0 0.6786233640329616
41 35 37 0.0 0.0 11.0 0.0 290.0 7.0 1.0 0.6102877070619005
41 35 38 0.0 0.0 24.0 0.0 702.0 7.0 4.0 0.5152741994847257
41 35 39 0.0 0.0 5.0 0.0 273.0 1.0 0.0 0.6148440931049626
41 35 40 0.0 0.0 227.0 0.0 4742.0 18.0 203.0 0.20132297958009776
41 35 41 0.0 0.0 2.0 0.0 67.0 3.0 0.0 0.6776379477250725
41 35 42 0.0 0.0 8.0 0.0 104.0 1.0 0.0 0.6631927996210326
41 35 43 0.0 0.0 0.0 0.0 5.0 0.0 0.0 0.6982543640897755
41 35 44 0.0 0.0 0.0 0.0 6.0 0.0 0.0 0.6979062811565303
41 36 34 0.0 0.0 0.0 0.0 1.0 0.0 0.0 0.6996501749125437
41 36 35 0.0 0.0 3.0 0.0 121.0 2.0 0.0 0.6597549481621111
41 36 36 0.0 0.0 110.0 0.0 3015.0 11.0 82.0 0.2737583105201407
41 36 37 0.0 0.0 355.0 0.0 7660.0 24.0 951.0 0.14002800560112022
41 36 38 0.0 0.0 172.0 0.0 4268.0 24.0 164.0 0.21813649111872854
41 36 39 0.0 0.0 415.0 0.0 8183.0 18.0 1068.0 0.13226263580538497
41 36 40 0.0 0.0 378.0 0.0 7611.0 26.0 876.0 0.14044943820224715
41 36 41 0.0 0.0 164.0 0.0 3734.0 19.0 101.0 0.23817625042531468
41 36 42 0.0 0.0 67.0 0.0 1662.0 16.0 15.0 0.377256804095931
41 36 43 0.0 0.0 173.0 0.0 4234.0 16.0 175.0 0.21905805038335158
41 36 44 0.0 0.0 0.0 0.0 35.0 0.0 0.0 0.6879606879606879
41 36 45 0.0 0.0 0.0 0.0 3.0 0.0 0.0 0.6989515726410384
41 37 33 0.0 0.0 0.0 0.0 1.0 0.0 0.0 0.6996501749125437
41 37 34 0.0 0.0 0.0 0.0 2.0 0.0 0.0 0.6993006993006992
41 37 35 0.0 0.0 24.0 0.0 745.0 7.0 2.0 0.506879073135409
41 37 36 0.0 0.0 450.0 0.0 9583.0 20.0 2405.0 0.11647254575707154
41 37 37 0.0 0.0 1087.0 0.0 13163.0 35.0 12554.0 0.0861273454321747
41 37 38 0.0 0.0 898.0 0.0 12884.0 32.0 6969.0 0.08880431335236282
41 37 39 0.0 0.0 1303.0 0.0 13165.0 38.0 16577.0 0.08505467800729039
41 37 40 0.0 0.0 526.0 0.0 10357.0 19.0 2803.0 0.10878856165980262
41 37 41 0.0 0.0 845.0 1.0 12535.0 33.0 6337.0 0.09101547263034715
41 37 42 0.0 0.0 603.0 0.0 11129.0 24.0 4094.0 0.10206313333819347
41 37 43 0.0 0.0 330.0 0.0 7042.0 24.0 730.0 0.1496365968362548
41 37 44 0.0 0.0 102.0 0.0 2310.0 15.0 31.0 0.3183989083465999
41 37 45 0.0 0.0 0.0 0.0 27.0 0.0 0.0 0.6906758756783422
41 37 46 0.0 0.0 0.0 0.0 2.0 0.0 0.0 0.6993006993006992
41 38 34 0.0 0.0 16.0 0.0 425.0 2.0 0.0 0.5740057400574005
41 38 35 0.0 0.0 95.0 0.0 2072.0 15.0 16.0 0.33726812816188867
41 38 36 0.0 0.0 400.0 0.0 8540.0 24.0 1280.0 0.1282168696767103
41 38 37 0.0 0.0 618.0 0.0 11424.0 27.0 4328.0 0.09977194982896236
41 38 38 0.0 0.0 1624.0 0.0 12665.0 41.0 24908.0 0.08595812611285072
41 38 39 0.0 0.0 1317.0 1.0 13492.0 44.0 16029.0 0.08330853912526033
41 38 40 0.0 0.0 1328.0 1.0 13671.0 32.0 15554.0 0.08231904509907684
41 38 41 0.0 14.0 1375.0 211.0 13761.0 26.0 15452.0 0.08058481551833303
41 38 42 0.0 0.0 1318.0 1.0 13375.0 39.0 15967.0 0.08389764487325461
41 38 43 0.0 0.0 792.0 0.0 12150.0 28.0 5605.0 0.09376465072667603
41 38 44 0.0 0.0 174.0 0.0 4078.0 19.0 170.0 0.22446689113355778
41 38 45 0.0 0.0 6.0 0.0 197.0 2.0 0.0 0.6360745115856428
41 38 46 0.0 0.0 0.0 0.0 8.0 0.0 0.0 0.697211155378486
41 39 34 0.0 0.0 0.0 0.0 22.0 0.0 0.0 0.6923837784371908
41 39 35 0.0 0.0 137.0 0.0 3271.0 19.0 99.0 0.25983667409057165
41 39 36 0.0 0.0 435.0 0.0 8713.0 20.0 1498.0 0.12569581612497752
41 39 37 0.0 0.0 1047.0 0.0 13510.0 34.0 8888.0 0.08458703401607152
41 39 38 0.0 0.0 1842.0 1.0 13198.0 45.0 27111.0 0.08214034264257215
41 39 39 0.0 0.0 2677.0 7.0 9848.0 51.0 59231.0 0.09617366215566393
41 39 40 0.0 4.0 2548.0 21.0 12050.0 57.0 43950.0 0.08421559191530316
41 39 41 0.0 0.0 2824.0 7.0 10440.0 67.0 58584.0 0.0916350307631889
41 39 42 0.0 0.0 1996.0 1.0 12656.0 57.0 31618.0 0.08415484491464294
41 39 43 0.0 0.0 1029.0 0.0 13392.0 40.0 10813.0 0.08527745629530364
41 39 44 0.0 0.0 470.0 0.0 9376.0 26.0 1888.0 0.11834319526627217
41 39 45 0.0 0.0 73.0 0.0 1471.0 10.0 9.0 0.39615166949632136
41 39 46 0.0 0.0 0.0 0.0 7.0 0.0 0.0 0.6979062811565303
41 40 34 0.0 0.0 10.0 0.0 315.0 4.0 2.0 0.6034482758620688
41 40 35 0.0 0.0 231.0 0.0 5422.0 18.0 320.0 0.1833180568285976
41 40 36 0.0 0.0 708.0 0.0 11813.0 34.0 5184.0 0.09653175205129973
41 40 37 0.0 0.0 1280.0 0.0 13477.0 37.0 14974.0 0.08353221957040573
41 40 38 0.0 0.0 1875.0 0.0 13223.0 40.0 27243.0 0.08185698415482663
41 40 39 0.0 0.0 2756.0 5.0 11381.0 56.0 49425.0 0.08663902469212202
41 40 40 0.0 3.0 2557.0 47.0 12667.0 61.0 39508.0 0.08099039685294457
41 40 41 0.0 9.0 2865.0 42.0 9582.0 70.0 65569.0 0.09665838166252416
41 40 42 0.0 3.0 2079.0 43.0 12870.0 46.0 32936.0 0.08233841086867023
41 40 43 0.0 0.0 758.0 0.0 12024.0 35.0 5065.0 0.09481882831019302
41 40 44 0.0 0.0 502.0 0.0 9542.0 21.0 1885.0 0.1163757273482959
41 40 45 0.0 0.0 13.0 0.0 381.0 3.0 0.0 0.5855290673358426
41 41 34 0.0 0.0 3.0 0.0 69.0 1.0 0.0 0.6760019314340897
41 41 35 0.0 0.0 203.0 0.0 5227.0 18.0 311.0 0.1888574126534466
41 41 36 0.0 0.0 951.0 0.0 12982.0 37.0 8206.0 0.0879120879120879
41 41 37 0.0 0.0 1449.0 0.0 13150.0 42.0 20347.0 0.08437292834327728
41 41 38 0.0 0.0 1878.0 1.0 12738.0 53.0 28707.0 0.08428150021070374
41 41 39 0.0 12.0 2824.0 32.0 10708.0 59.0 55773.0 0.08990495761623427
41 41 40 0.0 11.0 2799.0 60.0 10684.0 64.0 55295.0 0.09004952723998198
41 41 41 0.0 22.0 2391.0 136.0 11981.0 53.0 40584.0 0.08461259518916958
41 41 42 0.0 3.0 1279.0 57.0 13786.0 36.0 13511.0 0.08175659892548469
41 41 43 0.0 0.0 898.0 1.0 12718.0 30.0 7118.0 0.08969759097898512
41 41 44 0.0 0.0 304.0 0.0 6874.0 15.0 659.0 0.15262182492096368
41 41 45 0.0 0.0 25.0 0.0 692.0 5.0 2.0 0.5162241887905604
41 42 34 0.0 0.0 0.0 0.0 8.0 0.0 0.0 0.697211155378486
41 42 35 0.0 0.0 188.0 0.0 4357.0 24.0 168.0 0.21462517246665638
41 42 36 0.0 0.0 268.0 0.0 5999.0 25.0 475.0 0.16982047549733137
41 42 37 0.0 0.0 647.0 0.0 11154.0 28.0 3552.0 0.10156703424260011
41 42 38 0.0 0.0 779.0 0.0 11975.0 31.0 4536.0 0.09496676163342829
41 42 39 0.0 0.0 1328.0 1.0 13687.0 46.0 14842.0 0.08233356857210067
41 42 40 0.0 7.0 1697.0 85.0 13400.0 37.0 22382.0 0.08144743731456162
41 42 41 0.0 9.0 1210.0 86.0 13496.0 30.0 12934.0 0.08334325514942255
41 42 42 0.0 5.0 1258.0 50.0 13405.0 45.0 15812.0 0.08381226053639845
41 42 43 0.0 0.0 1000.0 2.0 12874.0 37.0 9089.0 0.08822788001008318
41 42 44 0.0 0.0 103.0 0.0 2593.0 22.0 49.0 0.2994652406417112
41 42 45 0.0 0.0 26.0 0.0 639.0 11.0 0.0 0.5277044854881267
41 42 46 0.0 0.0 0.0 0.0 2.0 0.0 0.0 0.6993006993006992
41 43 34 0.0 0.0 0.0 0.0 8.0 0.0 0.0 0.697211155378486
41 43 35 0.0 0.0 35.0 0.0 1130.0 5.0 7.0 0.4430379746835443
41 43 36 0.0 0.0 103.0 0.0 1934.0 21.0 15.0 0.34877927254608865
41 43 37 0.0 0.0 464.0 0.0 8939.0 16.0 1536.0 0.12289325842696629
41 43 38 0.0 0.0 451.0 0.0 8447.0 31.0 1105.0 0.12875931205738983
41 43 39 0.0 0.0 595.0 0.0 10805.0 33.0 3450.0 0.10465724751439036
41 43 40 0.0 0.0 679.0 0.0 11517.0 24.0 4424.0 0.09866798223976318
41 43 41 0.0 0.0 660.0 0.0 11353.0 34.0 3798.0 0.10007863321180926
41 43 42 0.0 0.0 609.0 0.0 10933.0 29.0 3418.0 0.10348905972797161
41 43 43 0.0 0.0 556.0 1.0 10054.0 28.0 2290.0 0.11112875059533257
41 43 44 0.0 0.0 287.0 0.0 6340.0 20.0 502.0 0.1625072547881602
41 43 45 0.0 0.0 1.0 0.0 36.0 0.0 0.0 0.6872852233676975
41 44 35 0.0 0.0 0.0 0.0 11.0 0.0 0.0 0.6961710591745399
41 44 36 0.0 0.0 4.0 0.0 103.0 1.0 0.0 0.664767331433998
41 44 37 0.0 0.0 32.0 0.0 923.0 5.0 4.0 0.4745762711864406
41 44 38 0.0 0.0 19.0 0.0 847.0 5.0 6.0 0.4895104895104894
41 44 39 0.0 0.0 120.0 0.0 3020.0 17.0 84.0 0.27333073018352205
41 44 40 0.0 0.0 257.0 0.0 5621.0 16.0 356.0 0.1780717374713813
41 44 41 0.0 0.0 68.0 0.0 1973.0 11.0 26.0 0.3474807644576817
41 44 42 0.0 0.0 45.0 0.0 1358.0 5.0 9.0 0.4120070629782224
41 44 43 0.0 0.0 106.0 0.0 2882.0 17.0 70.0 0.28157683024939656
41 44 44 0.0 0.0 0.0 0.0 68.0 0.0 0.0 0.6773101112723753
41 44 45 0.0 0.0 16.0 0.0 335.0 7.0 0.0 0.5972696245733787
41 45 36 0.0 0.0 0.0 0.0 1.0 0.0 0.0 0.6996501749125437
41 45 38 0.0 0.0 2.0 0.0 34.0 1.0 0.0 0.6879606879606879
41 45 39 0.0 0.0 96.0 0.0 2067.0 14.0 28.0 0.33743070619426363
41 45 40 0.0 0.0 2.0 0.0 105.0 0.0 0.0 0.6644518272425248
41 45 41 0.0 0.0 0.0 0.0 34.0 0.0 0.0 0.6882989183874139
41 45 42 0.0 0.0 0.0 0.0 17.0 0.0 0.0 0.694100148735746
41 45 43 0.0 0.0 0.0 0.0 8.0 0.0 0.0 0.697211155378486
41 45 44 0.0 0.0 0.0 0.0 7.0 0.0 0.0 0.6975585450921773
41 46 40 0.0 0.0 0.0 0.0 1.0 0.0 0.0 0.6996501749125437
42 34 37 0.0 0.0 0.0 0.0 1.0 0.0 0.0 0.6996501749125437
42 34 39 0.0 0.0 21.0 0.0 425.0 2.0 0.0 0.5728314238952537
42 34 40 0.0 0.0 0.0 0.0 3.0 0.0 0.0 0.6989515726410384
42 34 41 0.0 0.0 0.0 0.0 3.0 0.0 0.0 0.6993006993006992
42 35 35 0.0 0.0 0.0 0.0 6.0 0.0 0.0 0.6979062811565303
42 35 36 0.0 0.0 1.0 0.0 50.0 1.0 0.0 0.6829268292682925
42 35 37 0.0 0.0 67.0 0.0 1665.0 13.0 15.0 0.3763440860215053
42 35 38 0.0 0.0 34.0 0.0 930.0 8.0 11.0 0.47377326565143824
42 35 39 0.0 0.0 1.0 0.0 134.0 0.0 1.0 0.6560449859418931
42 35 40 0.0 0.0 0.0 0.0 69.0 0.0 0.0 0.6769825918762088
42 35 41 0.0 0.0 12.0 0.0 407.0 9.0 2.0 0.5809128630705394
42 35 42 0.0 0.0 0.0 0.0 13.0 0.0 0.0 0.6958250497017892
42 35 43 0.0 0.0 0.0 0.0 7.0 0.0 0.0 0.6975585450921773
42 36 34 0.0 0.0 0.0 0.0 1.0 0.0 0.0 0.6996501749125437
42 36 35 0.0 0.0 3.0 0.0 126.0 1.0 0.0 0.6578947368421051
42 36 36 0.0 0.0 168.0 0.0 3424.0 19.0 104.0 0.25130138215760184
42 36 37 0.0 0.0 253.0 0.0 6116.0 22.0 452.0 0.16766467065868262
42 36 38 0.0 0.0 481.0 0.0 9311.0 32.0 1666.0 0.11891616410430646
42 36 39 0.0 0.0 210.0 0.0 4784.0 13.0 243.0 0.20037211965077997
42 36 40 0.0 0.0 351.0 0.0 8137.0 19.0 1341.0 0.13365155131264914
42 36 41 0.0 0.0 133.0 0.0 2925.0 20.0 57.0 0.27788805081381496
42 36 42 0.0 0.0 136.0 0.0 3337.0 21.0 100.0 0.2565042139978013
42 36 43 0.0 0.0 9.0 0.0 213.0 2.0 0.0 0.6306306306306305
42 36 44 0.0 0.0 1.0 0.0 83.0 1.0 0.0 0.6721075372059528
42 37 34 0.0 0.0 0.0 0.0 1.0 0.0 0.0 0.6996501749125437
42 37 35 0.0 0.0 23.0 0.0 1010.0 5.0 7.0 0.46250412950115616
42 37 36 0.0 0.0 279.0 0.0 5738.0 19.0 359.0 0.17497812773403323
42 37 37 0.0 0.0 527.0 0.0 10060.0 25.0 2562.0 0.11135857461024497
42 37 38 0.0 0.0 618.0 0.0 11041.0 25.0 3616.0 0.10260920551158016
42 37 39 0.0 0.0 1002.0 0.0 13070.0 25.0 9573.0 0.08707009142359598
42 37 40 0.0 0.0 734.0 1.0 12066.0 18.0 4807.0 0.09462656302805
42 37 41 0.0 0.0 702.0 0.0 11665.0 25.0 4551.0 0.09752020061298411
42 37 42 0.0 0.0 465.0 0.0 8982.0 25.0 1476.0 0.12255974787709006
42 37 43 0.0 0.0 190.0 0.0 4342.0 19.0 163.0 0.21478981282602022
42 37 44 0.0 0.0 18.0 0.0 611.0 7.0 3.0 0.5339435545385202
42 37 45 0.0 0.0 1.0 0.0 46.0 1.0 0.0 0.6842619745845552
42 37 46 0.0 0.0 0.0 0.0 3.0 0.0 0.0 0.6989515726410384
42 38 34 0.0 0.0 1.0 0.0 34.0 0.0 0.0 0.6879606879606879
42 38 35 0.0 0.0 85.0 0.0 2154.0 15.0 40.0 0.3312041637094866
42 38 36 0.0 0.0 268.0 0.0 5500.0 25.0 330.0 0.18078512396694213
42 38 37 0.0 0.0 866.0 0.0 12425.0 31.0 6044.0 0.09156311314584696
42 38 38 0.0 0.0 1539.0 0.0 12853.0 53.0 23245.0 0.08548052265233849
42 38 39 0.0 0.0 1717.0 0.0 12423.0 57.0 29370.0 0.08680555555555555
42 38 40 0.0 0.0 1356.0 1.0 13593.0 42.0 16130.0 0.0826934435912581
42 38 41 0.0 0.0 1378.0 1.0 13822.0 40.0 15897.0 0.08141901715615003
42 38 42 0.0 0.0 925.0 0.0 12840.0 28.0 6959.0 0.08880994671403196
42 38 43 0.0 0.0 888.0 0.0 12528.0 31.0 7085.0 0.09085009733939
42 38 44 0.0 0.0 313.0 0.0 6870.0 25.0 660.0 0.15277171540811868
42 38 45 0.0 0.0 221.0 0.0 4449.0 17.0 175.0 0.21039975954313192
42 38 46 0.0 0.0 0.0 0.0 10.0 0.0 0.0 0.6965174129353233
42 39 34 0.0 0.0 0.0 0.0 29.0 0.0 0.0 0.6899950714637751
42 39 35 0.0 0.0 269.0 0.0 5976.0 21.0 382.0 0.17013002794993315
42 39 36 0.0 0.0 571.0 0.0 9970.0 22.0 1987.0 0.11170509853985476
42 39 37 0.0 0.0 991.0 0.0 12805.0 26.0 10159.0 0.08857956342929452
42 39 38 0.0 0.0 1383.0 0.0 13930.0 39.0 15431.0 0.08091550109813894
42 39 39 0.0 0.0 1644.0 0.0 13359.0 46.0 21901.0 0.08241111372733693
42 39 40 0.0 4.0 1665.0 27.0 13916.0 31.0 20259.0 0.07939658594680428
42 39 41 0.0 0.0 1677.0 0.0 13201.0 32.0 24106.0 0.08290400900100668
42 39 42 0.0 0.0 1673.0 0.0 12276.0 41.0 28382.0 0.0877577885037297
42 39 43 0.0 0.0 1328.0 0.0 13395.0 48.0 16193.0 0.08379721074998503
42 39 44 0.0 0.0 321.0 0.0 7480.0 25.0 882.0 0.14317856412354263
42 39 45 0.0 0.0 9.0 0.0 363.0 3.0 0.0 0.5912162162162161
42 40 34 0.0 0.0 15.0 0.0 292.0 1.0 0.0 0.6071118820468342
42 40 35 0.0 0.0 148.0 0.0 3152.0 17.0 67.0 0.26485054861899354
42 40 36 0.0 0.0 419.0 0.0 8516.0 25.0 1200.0 0.12826385707741636
42 40 37 0.0 0.0 1031.0 0.0 13107.0 29.0 10021.0 0.08675714197186588
42 40 38 0.0 0.0 2137.0 0.0 11810.0 59.0 38604.0 0.08782385044852893
42 40 39 0.0 0.0 2216.0 1.0 12232.0 50.0 36891.0 0.0850805226374962
42 40 40 0.0 0.0 2327.0 0.0 11703.0 52.0 42345.0 0.0872437215678943
42 40 41 0.0 0.0 1917.0 4.0 13390.0 48.0 26499.0 0.08088745088976194
42 40 42 0.0 2.0 1743.0 12.0 13412.0 46.0 23279.0 0.08161361781508684
42 40 43 0.0 0.0 883.0 1.0 12605.0 23.0 7809.0 0.0903750564844103
42 40 44 0.0 0.0 365.0 0.0 7755.0 25.0 908.0 0.13855898653998416
42 40 45 0.0 0.0 32.0 0.0 803.0 8.0 2.0 0.49522461973823834
42 41 34 0.0 0.0 0.0 0.0 15.0 0.0 0.0 0.6951340615690167
42 41 35 0.0 0.0 31.0 0.0 561.0 4.0 1.0 0.5409582689335393
42 41 36 0.0 0.0 483.0 0.0 9576.0 26.0 1950.0 0.11624045167718365
42 41 37 0.0 0.0 775.0 0.0 12280.0 22.0 5738.0 0.09294914354003452
42 41 38 0.0 0.0 1084.0 0.0 13381.0 25.0 11011.0 0.08499787505312366
42 41 39 0.0 0.0 1819.0 0.0 13287.0 46.0 26021.0 0.08189050070191857
42 41 40 0.0 0.0 1670.0 1.0 13985.0 38.0 20131.0 0.07931561951164239
42 41 41 0.0 0.0 2149.0 1.0 11964.0 46.0 37484.0 0.08682709005209624
42 41 42 0.0 0.0 1385.0 1.0 13251.0 40.0 18935.0 0.08415484491464294
42 41 43 0.0 0.0 594.0 1.0 10604.0 28.0 3095.0 0.1061490636136174
42 41 44 0.0 0.0 234.0 0.0 5878.0 10.0 479.0 0.17271157167530224
42 41 45 0.0 0.0 4.0 0.0 156.0 4.0 0.0 0.6496519721577725
42 42 34 0.0 0.0 0.0 0.0 7.0 0.0 0.0 0.6975585450921773
42 42 35 0.0 0.0 121.0 0.0 2454.0 20.0 37.0 0.3072870939420544
42 42 36 0.0 0.0 437.0 0.0 8777.0 20.0 1576.0 0.12497768255668629
42 42 37 0.0 0.0 349.0 0.0 7305.0 20.0 812.0 0.14521315216263872
42 42 38 0.0 0.0 983.0 0.0 12797.0 35.0 9957.0 0.08877052818464269
42 42 39 0.0 0.0 1383.0 0.0 13661.0 44.0 17139.0 0.08220786846741045
42 42 40 0.0 0.0 1818.0 1.0 12716.0 55.0 28527.0 0.08469961885171516
42 42 41 0.0 0.0 1299.0 1.0 13302.0 42.0 16073.0 0.08436784379896348
42 42 42 0.0 0.0 1118.0 1.0 13212.0 38.0 13083.0 0.08578957043936514
42 42 43 0.0 0.0 554.0 0.0 10377.0 31.0 2729.0 0.10844306738962045
42 42 44 0.0 0.0 209.0 0.0 4292.0 17.0 165.0 0.21574973031283706
42 42 45 0.0 0.0 9.0 0.0 280.0 3.0 0.0 0.612691466083151
42 43 34 0.0 0.0 0.0 0.0 5.0 0.0 0.0 0.6982543640897755
42 43 35 0.0 0.0 0.0 0.0 35.0 0.0 0.0 0.6879606879606879
42 43 36 0.0 0.0 178.0 0.0 3698.0 11.0 116.0 0.23866348448687347
42 43 37 0.0 0.0 20.0 0.0 757.0 6.0 5.0 0.5054151624548735
42 43 38 0.0 0.0 218.0 0.0 5098.0 16.0 254.0 0.19167579408543264
42 43 39 0.0 0.0 863.0 0.0 12622.0 34.0 6812.0 0.09048019130097587
42 43 40 0.0 0.0 434.0 1.0 9477.0 14.0 2190.0 0.11756802149815249
42 43 41 0.0 0.0 754.0 0.0 12149.0 25.0 5413.0 0.09404178142003089
42 43 42 0.0 0.0 343.0 1.0 7137.0 17.0 697.0 0.1479289940828402
42 43 43 0.0 0.0 214.0 0.0 5238.0 14.0 336.0 0.18817204301075266
42 43 44 0.0 0.0 74.0 0.0 1530.0 12.0 7.0 0.3898635477582845
42 43 45 0.0 0.0 0.0 0.0 15.0 0.0 0.0 0.694789081885856
42 44 35 0.0 0.0 0.0 0.0 3.0 0.0 0.0 0.6989515726410384
42 44 36 0.0 0.0 1.0 0.0 22.0 1.0 0.0 0.6927263730826323
42 44 37 0.0 0.0 0.0 0.0 81.0 0.0 0.0 0.6730769230769229
42 44 38 0.0 0.0 42.0 0.0 1187.0 9.0 7.0 0.4349176762969866
42 44 39 0.0 0.0 273.0 0.0 5573.0 14.0 367.0 0.17863978563225721
42 44 40 0.0 0.0 205.0 0.0 4231.0 21.0 171.0 0.21806853582554514
42 44 41 0.0 0.0 46.0 0.0 1210.0 4.0 4.0 0.43090181594336713
42 44 42 0.0 0.0 164.0 0.0 3976.0 14.0 118.0 0.22849681736575808
42 44 43 0.0 0.0 133.0 0.0 3401.0 11.0 118.0 0.2534395365677045
42 44 44 0.0 0.0 9.0 0.0 204.0 1.0 0.0 0.6329113924050632
42 44 45 0.0 0.0 0.0 0.0 8.0 0.0 0.0 0.697211155378486
42 45 38 0.0 0.0 0.0 0.0 8.0 0.0 0.0 0.697211155378486
42 45 39 0.0 0.0 0.0 0.0 18.0 0.0 0.0 0.694100148735746
42 45 40 0.0 0.0 0.0 0.0 51.0 1.0 0.0 0.6829268292682925
42 45 41 0.0 0.0 1.0 0.0 45.0 0.0 0.0 0.6845965770171147
42 45 42 0.0 0.0 0.0 0.0 7.0 0.0 0.0 0.6975585450921773
42 45 43 0.0 0.0 0.0 0.0 5.0 0.0 0.0 0.6982543640897755
42 45 44 0.0 0.0 0.0 0.0 6.0 0.0 0.0 0.6979062811565303
42 46 39 0.0 0.0 0.0 0.0 1.0 0.0 0.0 0.6996501749125437
43 34 38 0.0 0.0 0.0 0.0 1.0 0.0 0.0 0.6996501749125437
43 35 35 0.0 0.0 0.0 0.0 3.0 0.0 0.0 0.6989515726410384
43 35 36 0.0 0.0 5.0 0.0 78.0 2.0 0.0 0.6727534839019701
43 35 37 0.0 0.0 7.0 0.0 158.0 1.0 0.0 0.6472491909385112
43 35 38 0.0 0.0 16.0 0.0 345.0 4.0 0.0 0.593975392448027
43 35 39 0.0 0.0 14.0 0.0 303.0 5.0 0.0 0.6057983556901773
43 35 40 0.0 0.0 4.0 0.0 117.0 0.0 0.0 0.6603773584905659
43 35 41 0.0 0.0 1.0 0.0 63.0 0.0 0.0 0.6782945736434108
43 35 42 0.0 0.0 3.0 0.0 26.0 1.0 0.0 0.690335305719921
43 35 43 0.0 0.0 0.0 0.0 9.0 0.0 0.0 0.6968641114982577
43 36 35 0.0 0.0 0.0 0.0 7.0 0.0 0.0 0.6975585450921773
43 36 36 0.0 0.0 6.0 0.0 179.0 3.0 0.0 0.6416131989000916
43 36 37 0.0 0.0 27.0 0.0 747.0 10.0 1.0 0.5065123010130245
43 36 38 0.0 0.0 244.0 0.0 5448.0 19.0 322.0 0.18236290217532888
43 36 39 0.0 0.0 381.0 0.0 7545.0 25.0 830.0 0.14132848778518067
43 36 40 0.0 0.0 162.0 0.0 4003.0 22.0 145.0 0.2277904328018223
43 36 41 0.0 0.0 163.0 0.0 3677.0 22.0 117.0 0.24063251976624264
43 36 42 0.0 0.0 154.0 0.0 3530.0 15.0 100.0 0.24695713529723054
43 36 43 0.0 0.0 5.0 0.0 190.0 2.0 0.0 0.6383948928408572
43 36 44 0.0 0.0 0.0 0.0 13.0 0.0 0.0 0.695479384003974
43 37 34 0.0 0.0 0.0 0.0 2.0 0.0 0.0 0.6993006993006992
43 37 35 0.0 0.0 0.0 0.0 22.0 0.0 0.0 0.6923837784371908
43 37 36 0.0 0.0 42.0 0.0 981.0 5.0 5.0 0.4640371229698375
43 37 37 0.0 0.0 332.0 0.0 6856.0 17.0 638.0 0.15265510849416639
43 37 38 0.0 0.0 907.0 0.0 12771.0 24.0 7678.0 0.08930280028066592
43 37 39 0.0 0.0 599.0 0.0 10594.0 14.0 3057.0 0.1061490636136174
43 37 40 0.0 0.0 456.0 0.0 9585.0 28.0 1984.0 0.11652101539741988
43 37 41 0.0 0.0 524.0 0.0 9962.0 22.0 2316.0 0.11224244367834521
43 37 42 0.0 0.0 244.0 0.0 6041.0 15.0 445.0 0.16922519037833914
43 37 43 0.0 0.0 277.0 0.0 5773.0 20.0 385.0 0.17434620174346202
43 37 44 0.0 0.0 27.0 0.0 738.0 9.0 1.0 0.5079825834542815
43 37 45 0.0 0.0 0.0 0.0 32.0 0.0 0.0 0.6889763779527558
43 37 46 0.0 0.0 0.0 0.0 1.0 0.0 0.0 0.6996501749125437
43 38 34 0.0 0.0 0.0 0.0 9.0 0.0 0.0 0.6968641114982577
43 38 35 0.0 0.0 21.0 0.0 459.0 3.0 4.0 0.5654281098546041
43 38 36 0.0 0.0 217.0 0.0 5071.0 15.0 252.0 0.1924398625429553
43 38 37 0.0 0.0 469.0 0.0 9821.0 21.0 2578.0 0.11394156425490355
43 38 38 0.0 0.0 808.0 0.0 12415.0 24.0 7341.0 0.09195402298850575
43 38 39 0.0 0.0 1080.0 0.0 13230.0 23.0 10662.0 0.08585270129392285
43 38 40 0.0 0.0 749.0 0.0 12038.0 24.0 5334.0 0.094709782167501
43 38 41 0.0 0.0 854.0 0.0 12622.0 42.0 7231.0 0.09057971014492752
43 38 42 0.0 0.0 1103.0 0.0 12947.0 32.0 10866.0 0.08720568082720817
43 38 43 0.0 0.0 479.0 0.0 9114.0 31.0 1800.0 0.12095032397408206
43 38 44 0.0 0.0 316.0 0.0 6814.0 13.0 641.0 0.15352560587783745
43 38 45 0.0 0.0 14.0 0.0 275.0 6.0 0.0 0.6132282084975909
43 38 46 0.0 0.0 0.0 0.0 1.0 0.0 0.0 0.6996501749125437
43 39 34 0.0 0.0 0.0 0.0 11.0 0.0 0.0 0.6961710591745399
43 39 35 0.0 0.0 5.0 0.0 188.0 2.0 1.0 0.639269406392694
43 39 36 0.0 0.0 396.0 0.0 8235.0 23.0 1244.0 0.1318764129615674
43 39 37 0.0 0.0 634.0 0.0 11064.0 18.0 3557.0 0.10220470141626514
43 39 38 0.0 0.0 801.0 0.0 12250.0 36.0 5734.0 0.09308510638297872
43 39 39 0.0 0.0 1118.0 0.0 13350.0 27.0 11454.0 0.0849772382397572
43 39 40 0.0 0.0 1398.0 1.0 13374.0 44.0 18177.0 0.08347245409015024
43 39 41 0.0 0.0 1046.0 0.0 13348.0 35.0 9471.0 0.08542314967356153
43 39 42 0.0 0.0 890.0 0.0 12771.0 34.0 7709.0 0.08949117872666836
43 39 43 0.0 0.0 506.0 0.0 10169.0 23.0 2653.0 0.11054958938723941
43 39 44 0.0 0.0 165.0 0.0 4229.0 17.0 150.0 0.21947013638501328
43 39 45 0.0 0.0 6.0 0.0 230.0 3.0 1.0 0.6269592476489028
43 39 46 0.0 0.0 0.0 0.0 5.0 0.0 0.0 0.6982543640897755
43 40 34 0.0 0.0 0.0 0.0 5.0 0.0 0.0 0.6982543640897755
43 40 35 0.0 0.0 3.0 0.0 182.0 0.0 0.0 0.641025641025641
43 40 36 0.0 0.0 344.0 0.0 7586.0 24.0 959.0 0.14122868959951576
43 40 37 0.0 0.0 903.0 0.0 12762.0 29.0 7443.0 0.08940545373267768
43 40 38 0.0 0.0 1009.0 0.0 13044.0 32.0 8958.0 0.08728179551122194
43 40 39 0.0 0.0 1064.0 0.0 13194.0 38.0 10888.0 0.08619097457366248
43 40 40 0.0 0.0 1085.0 0.0 13106.0 25.0 11082.0 0.086446434084594
43 40 41 0.0 0.0 1077.0 0.0 13361.0 20.0 10181.0 0.08514779223938693
43 40 42 0.0 0.0 845.0 0.0 12468.0 37.0 6991.0 0.09148532967392013
43 40 43 0.0 0.0 1078.0 0.0 12899.0 32.0 11998.0 0.08761499468051817
43 40 44 0.0 0.0 397.0 0.0 7783.0 24.0 891.0 0.13778171439818915
43 40 45 0.0 0.0 3.0 0.0 99.0 1.0 0.0 0.6663493574488338
43 41 34 0.0 0.0 0.0 0.0 2.0 0.0 0.0 0.6993006993006992
43 41 35 0.0 0.0 0.0 0.0 104.0 0.0 0.0 0.6653992395437262
43 41 36 0.0 0.0 158.0 0.0 3489.0 13.0 85.0 0.2484031227821149
43 41 37 0.0 0.0 350.0 0.0 7913.0 19.0 1156.0 0.13661202185792345
43 41 38 0.0 0.0 721.0 0.0 11766.0 28.0 4643.0 0.09667173042397459
43 41 39 0.0 0.0 1227.0 0.0 13480.0 42.0 13559.0 0.08383735553027127
43 41 40 0.0 0.0 1101.0 0.0 13182.0 29.0 12755.0 0.08593174564203289
43 41 41 0.0 0.0 1112.0 0.0 13406.0 30.0 11794.0 0.08478168715557438
43 41 42 0.0 0.0 705.0 0.0 11726.0 33.0 5181.0 0.09712105445716267
43 41 43 0.0 0.0 503.0 0.0 9684.0 26.0 2173.0 0.11501807426881365
43 41 44 0.0 0.0 31.0 0.0 1058.0 7.0 7.0 0.45454545454545453
43 41 45 0.0 0.0 8.0 0.0 164.0 2.0 0.0 0.6451612903225805
43 42 34 0.0 0.0 0.0 0.0 1.0 0.0 0.0 0.0
43 42 35 0.0 0.0 1.0 0.0 109.0 0.0 0.0 0.6635071090047392
43 42 36 0.0 0.0 14.0 0.0 525.0 5.0 0.0 0.5524861878453038
43 42 37 0.0 0.0 221.0 0.0 5486.0 16.0 374.0 0.1819836214740673
43 42 38 0.0 0.0 641.0 0.0 11311.0 32.0 4215.0 0.10047366154729438
43 42 39 0.0 0.0 519.0 0.0 10270.0 14.0 2681.0 0.10947763528307788
43 42 40 0.0 0.0 908.0 0.0 12785.0 35.0 8494.0 0.08923449550640576
43 42 41 0.0 0.0 635.0 0.0 11258.0 27.0 3441.0 0.10084275732910752
43 42 42 0.0 0.0 555.0 0.0 10279.0 30.0 2584.0 0.10923845193508114
43 42 43 0.0 0.0 427.0 0.0 8756.0 18.0 1390.0 0.12538061973849182
43 42 44 0.0 0.0 4.0 0.0 212.0 0.0 0.0 0.6317689530685919
43 42 45 0.0 0.0 0.0 0.0 10.0 0.0 0.0 0.6965174129353233
43 43 35 0.0 0.0 0.0 0.0 18.0 0.0 0.0 0.6937561942517343
43 43 36 0.0 0.0 1.0 0.0 72.0 0.0 0.0 0.6753497346840327
43 43 37 0.0 0.0 99.0 0.0 2929.0 13.0 80.0 0.27894002789400274
43 43 38 0.0 0.0 326.0 0.0 7447.0 23.0 823.0 0.1434867274777083
43 43 39 0.0 0.0 589.0 0.0 10264.0 21.0 2433.0 0.10903426791277257
43 43 40 0.0 0.0 376.0 0.0 8536.0 21.0 1516.0 0.128428584533529
43 43 41 0.0 0.0 651.0 0.0 10975.0 36.0 3475.0 0.10288821929889026
43 43 42 0.0 0.0 482.0 0.0 9012.0 28.0 1535.0 0.12199372603694666
43 43 43 0.0 0.0 307.0 0.0 6298.0 24.0 469.0 0.16309412861136996
43 43 44 0.0 0.0 0.0 0.0 61.0 0.0 0.0 0.6792819019893255
43 43 45 0.0 0.0 0.0 0.0 3.0 0.0 0.0 0.6989515726410384
43 44 35 0.0 0.0 0.0 0.0 2.0 0.0 0.0 0.6993006993006992
43 44 36 0.0 0.0 0.0 0.0 3.0 0.0 0.0 0.6989515726410384
43 44 37 0.0 0.0 0.0 0.0 30.0 0.0 0.0 0.689655172413793
43 44 38 0.0 0.0 95.0 0.0 1957.0 16.0 23.0 0.34687809712586715
43 44 39 0.0 0.0 54.0 0.0 1416.0 7.0 13.0 0.40439052570768336
43 44 40 0.0 0.0 454.0 0.0 8627.0 31.0 1338.0 0.1266051727256285
43 44 41 0.0 0.0 7.0 0.0 352.0 5.0 1.0 0.5949851253718657
43 44 42 0.0 0.0 89.0 0.0 1945.0 14.0 23.0 0.34843205574912883
43 44 43 0.0 0.0 0.0 0.0 47.0 1.0 0.0 0.6845965770171147
43 44 44 0.0 0.0 0.0 0.0 12.0 0.0 0.0 0.6958250497017892
43 45 37 0.0 0.0 0.0 0.0 4.0 0.0 0.0 0.6986027944111775
43 45 38 0.0 0.0 38.0 0.0 1038.0 10.0 11.0 0.45662100456621
43 45 39 0.0 0.0 3.0 0.0 139.0 1.0 0.0 0.6539000467071461
43 45 40 0.0 0.0 0.0 0.0 33.0 1.0 0.0 0.6889763779527558
43 45 41 0.0 0.0 0.0 0.0 18.0 0.0 0.0 0.6937561942517343
43 45 42 0.0 0.0 0.0 0.0 4.0 0.0 0.0 0.6986027944111775
43 45 43 0.0 0.0 0.0 0.0 3.0 0.0 0.0 0.6989515726410384
43 45 44 0.0 0.0 0.0 0.0 4.0 0.0 0.0 0.6986027944111775
44 35 36 0.0 0.0 0.0 0.0 1.0 0.0 0.0 0.6996501749125437
44 35 37 0.0 0.0 0.0 0.0 16.0 1.0 0.0 0.694789081885856
44 35 38 0.0 0.0 0.0 0.0 35.0 0.0 0.0 0.6879606879606879
44 35 39 0.0 0.0 7.0 0.0 237.0 2.0 0.0 0.6244424620874218
44 35 40 0.0 0.0 1.0 0.0 61.0 0.0 0.0 0.6789524733268669
44 35 41 0.0 0.0 1.0 0.0 16.0 1.0 0.0 0.6944444444444444
44 35 42 0.0 0.0 0.0 0.0 2.0 0.0 0.0 0.6993006993006992
44 35 43 0.0 0.0 0.0 0.0 8.0 0.0 0.0 0.697211155378486
44 36 36 0.0 0.0 0.0 0.0 7.0 0.0 0.0 0.6975585450921773
44 36 37 0.0 0.0 1.0 0.0 206.0 1.0 0.0 0.6346328195829555
44 36 38 0.0 0.0 288.0 0.0 6335.0 19.0 527.0 0.1626772019521264
44 36 39 0.0 0.0 385.0 0.0 7776.0 22.0 940.0 0.1379718143293584
44 36 40 0.0 0.0 235.0 0.0 5094.0 14.0 255.0 0.191309100847226
44 36 41 0.0 0.0 3.0 0.0 108.0 2.0 0.0 0.6638217164532954
44 36 42 0.0 0.0 0.0 0.0 51.0 0.0 0.0 0.68259385665529
44 36 43 0.0 0.0 1.0 0.0 26.0 0.0 0.0 0.6906758756783422
44 36 44 0.0 0.0 0.0 0.0 8.0 0.0 0.0 0.697211155378486
44 37 34 0.0 0.0 0.0 0.0 3.0 0.0 0.0 0.6989515726410384
44 37 35 0.0 0.0 0.0 0.0 2.0 0.0 0.0 0.6993006993006992
44 37 36 0.0 0.0 105.0 0.0 2437.0 14.0 50.0 0.3091872791519434
44 37 37 0.0 0.0 81.0 0.0 2038.0 12.0 21.0 0.340881421962503
44 37 38 0.0 0.0 368.0 0.0 7794.0 26.0 1034.0 0.13799901429275505
44 37 39 0.0 0.0 229.0 0.0 5218.0 15.0 291.0 0.18829858776059177
44 37 40 0.0 0.0 170.0 0.0 4270.0 16.0 146.0 0.21789883268482485
44 37 41 0.0 0.0 274.0 0.0 6005.0 21.0 430.0 0.16947100835249967
44 37 42 0.0 0.0 77.0 0.0 1713.0 10.0 11.0 0.3704683778777454
44 37 43 0.0 0.0 232.0 0.0 5014.0 20.0 240.0 0.19366440724858205
44 37 44 0.0 0.0 2.0 0.0 59.0 1.0 0.0 0.6796116504854368
44 37 45 0.0 0.0 0.0 0.0 14.0 0.0 0.0 0.6951340615690167
44 38 34 0.0 0.0 0.0 0.0 1.0 0.0 0.0 0.6996501749125437
44 38 35 0.0 0.0 42.0 0.0 983.0 9.0 1.0 0.46419098143236065
44 38 36 0.0 0.0 9.0 0.0 363.0 1.0 0.0 0.590717299578059
44 38 37 0.0 0.0 138.0 0.0 3762.0 15.0 140.0 0.23777173913043476
44 38 38 0.0 0.0 158.0 0.0 3845.0 18.0 133.0 0.2338790511192783
44 38 39 0.0 0.0 412.0 0.0 8098.0 31.0 1001.0 0.13354955642468758
44 38 40 0.0 0.0 948.0 0.0 12725.0 24.0 9659.0 0.08930280028066592
44 38 41 0.0 0.0 341.0 0.0 7396.0 29.0 773.0 0.14415156507413507
44 38 42 0.0 0.0 337.0 0.0 7282.0 22.0 766.0 0.14575741801145234
44 38 43 0.0 0.0 99.0 0.0 2389.0 15.0 31.0 0.31312905390292994
44 38 44 0.0 0.0 81.0 0.0 2156.0 11.0 35.0 0.3311258278145695
44 38 45 0.0 0.0 0.0 0.0 29.0 0.0 0.0 0.690335305719921
44 39 35 0.0 0.0 1.0 0.0 66.0 0.0 0.0 0.6773101112723753
44 39 36 0.0 0.0 145.0 0.0 3644.0 15.0 100.0 0.2424662279182542
44 39 37 0.0 0.0 412.0 0.0 8365.0 28.0 1225.0 0.13011152416356875
44 39 38 0.0 0.0 277.0 0.0 6295.0 18.0 521.0 0.16358962374386535
44 39 39 0.0 0.0 596.0 0.0 10469.0 25.0 2669.0 0.10721396844846069
44 39 40 0.0 0.0 572.0 0.0 10676.0 28.0 2935.0 0.10581210792835008
44 39 41 0.0 0.0 419.0 0.0 8465.0 22.0 1081.0 0.1288066979482933
44 39 42 0.0 0.0 615.0 0.0 10345.0 15.0 2620.0 0.10801635676259547
44 39 43 0.0 0.0 134.0 0.0 3640.0 20.0 141.0 0.2432244614315496
44 39 44 0.0 0.0 404.0 0.0 8178.0 29.0 1085.0 0.13257575757575757
44 39 45 0.0 0.0 24.0 0.0 499.0 7.0 0.0 0.5564387917329093
44 40 35 0.0 0.0 0.0 0.0 38.0 0.0 0.0 0.6869479882237487
44 40 36 0.0 0.0 201.0 0.0 4770.0 13.0 233.0 0.20114942528735633
44 40 37 0.0 0.0 226.0 0.0 5636.0 9.0 389.0 0.17823042647994905
44 40 38 0.0 0.0 299.0 0.0 6748.0 20.0 598.0 0.155073105892778
44 40 39 0.0 0.0 500.0 0.0 9460.0 27.0 1864.0 0.11719403984597353
44 40 40 0.0 0.0 807.0 0.0 12344.0 22.0 7580.0 0.09240924092409239
44 40 41 0.0 0.0 276.0 0.0 6326.0 14.0 563.0 0.1629802095459837
44 40 42 0.0 0.0 395.0 0.0 8089.0 28.0 1225.0 0.13386880856760372
44 40 43 0.0 0.0 277.0 0.0 6322.0 14.0 466.0 0.16299918500407495
44 40 44 0.0 0.0 30.0 0.0 1047.0 6.0 3.0 0.45587756431129917
44 40 45 0.0 0.0 0.0 0.0 33.0 0.0 0.0 0.6889763779527558
44 41 35 0.0 0.0 0.0 0.0 34.0 0.0 0.0 0.6882989183874139
44 41 36 0.0 0.0 22.0 0.0 467.0 3.0 0.0 0.5636070853462157
44 41 37 0.0 0.0 210.0 0.0 4599.0 22.0 188.0 0.20618556701030924
44 41 38 0.0 0.0 249.0 0.0 5368.0 18.0 307.0 0.18418629127746347
44 41 39 0.0 0.0 547.0 0.0 10158.0 19.0 2570.0 0.11021886317115413
44 41 40 0.0 0.0 329.0 0.0 7206.0 21.0 715.0 0.14710518020384575
44 41 41 0.0 0.0 370.0 0.0 7758.0 16.0 863.0 0.13838094296728276
44 41 42 0.0 0.0 543.0 0.0 9907.0 26.0 2124.0 0.11254924029262801
44 41 43 0.0 0.0 330.0 0.0 7477.0 26.0 986.0 0.1430468989475835
44 41 44 0.0 0.0 71.0 0.0 1477.0 13.0 9.0 0.39603960396039595
44 41 45 0.0 0.0 0.0 0.0 7.0 0.0 0.0 0.6975585450921773
44 42 35 0.0 0.0 0.0 0.0 3.0 0.0 0.0 0.6989515726410384
44 42 36 0.0 0.0 6.0 0.0 80.0 0.0 0.0 0.6711409395973154
44 42 37 0.0 0.0 1.0 0.0 151.0 1.0 0.0 0.6508600650860064
44 42 38 0.0 0.0 262.0 0.0 6037.0 20.0 500.0 0.16904129437333976
44 42 39 0.0 0.0 688.0 0.0 11611.0 32.0 4927.0 0.0980186235384723
44 42 40 0.0 0.0 132.0 0.0 3651.0 12.0 146.0 0.2424242424242424
44 42 41 0.0 0.0 292.0 0.0 6285.0 32.0 439.0 0.16372354110630336
44 42 42 0.0 0.0 135.0 0.0 2887.0 12.0 53.0 0.2793853522251047
44 42 43 0.0 0.0 81.0 0.0 1704.0 15.0 13.0 0.3710575139146567
44 42 44 0.0 0.0 1.0 0.0 68.0 0.0 0.0 0.6766553890768486
44 42 45 0.0 0.0 0.0 0.0 1.0 0.0 0.0 0.6996501749125437
44 43 36 0.0 0.0 2.0 0.0 71.0 2.0 0.0 0.6760019314340897
44 43 37 0.0 0.0 15.0 0.0 346.0 10.0 1.0 0.5957446808510637
44 43 38 0.0 0.0 21.0 0.0 653.0 3.0 3.0 0.5241482590789965
44 43 39 0.0 0.0 256.0 0.0 5379.0 20.0 295.0 0.18382352941176466
44 43 40 0.0 0.0 99.0 0.0 2099.0 13.0 27.0 0.3345280764635603
44 43 41 0.0 0.0 23.0 0.0 709.0 4.0 4.0 0.5135730007336756
44 43 42 0.0 0.0 9.0 0.0 352.0 6.0 0.0 0.5944798301486198
44 43 43 0.0 0.0 58.0 0.0 1208.0 19.0 6.0 0.4311672312904219
44 43 44 0.0 0.0 2.0 0.0 41.0 1.0 0.0 0.6856023506366307
44 44 36 0.0 0.0 0.0 0.0 1.0 0.0 0.0 0.6996501749125437
44 44 37 0.0 0.0 11.0 0.0 221.0 3.0 0.0 0.6280843427545983
44 44 38 0.0 0.0 63.0 0.0 1506.0 19.0 11.0 0.39436619718309857
44 44 39 0.0 0.0 10.0 0.0 254.0 4.0 0.0 0.6197432492253209
44 44 40 0.0 0.0 4.0 0.0 174.0 3.0 0.0 0.6442705936493326
44 44 41 0.0 0.0 30.0 0.0 693.0 10.0 2.0 0.5160339107998525
44 44 42 0.0 0.0 33.0 0.0 938.0 7.0 3.0 0.4724940938238271
44 44 43 0.0 0.0 1.0 0.0 26.0 1.0 0.0 0.6910167818361302
44 44 44 0.0 0.0 0.0 0.0 5.0 0.0 0.0 0.6982543640897755
44 45 37 0.0 0.0 0.0 0.0 3.0 0.0 0.0 0.6989515726410384
44 45 38 0.0 0.0 0.0 0.0 3.0 0.0 0.0 0.6989515726410384
44 45 39 0.0 0.0 0.0 0.0 17.0 0.0 0.0 0.694100148735746
44 45 40 0.0 0.0 0.0 0.0 28.0 1.0 0.0 0.6906758756783422
44 45 41 0.0 0.0 0.0 0.0 11.0 0.0 0.0 0.6961710591745399
44 45 43 0.0 0.0 0.0 0.0 1.0 0.0 0.0 0.6996501749125437
45 35 37 0.0 0.0 1.0 0.0 14.0 0.0 0.0 0.694789081885856
45 35 38 0.0 0.0 5.0 0.0 117.0 1.0 0.0 0.66006600660066
45 35 39 0.0 0.0 0.0 0.0 34.0 0.0 0.0 0.6882989183874139
45 35 40 0.0 0.0 3.0 0.0 18.0 1.0 0.0 0.6930693069306929
45 35 41 0.0 0.0 0.0 0.0 3.0 0.0 0.0 0.6989515726410384
45 36 36 0.0 0.0 0.0 0.0 1.0 0.0 0.0 0.6996501749125437
45 36 37 0.0 0.0 8.0 0.0 145.0 3.0 0.0 0.6514657980456026
45 36 38 0.0 0.0 0.0 0.0 62.0 0.0 0.0 0.6789524733268669
45 36 39 0.0 0.0 66.0 0.0 1645.0 15.0 9.0 0.37878787878787873
45 36 40 0.0 0.0 1.0 0.0 75.0 0.0 0.0 0.6743737957610789
45 36 41 0.0 0.0 2.0 0.0 76.0 1.0 0.0 0.6740491092922483
45 36 42 0.0 0.0 0.0 0.0 12.0 0.0 0.0 0.6958250497017892
45 36 43 0.0 0.0 0.0 0.0 4.0 0.0 0.0 0.6986027944111775
45 36 44 0.0 0.0 0.0 0.0 6.0 0.0 0.0 0.6979062811565303
45 37 35 0.0 0.0 0.0 0.0 1.0 0.0 0.0 0.6996501749125437
45 37 36 0.0 0.0 0.0 0.0 5.0 0.0 0.0 0.6982543640897755
45 37 37 0.0 0.0 8.0 0.0 141.0 3.0 0.0 0.6523765144454798
45 37 38 0.0 0.0 1.0 0.0 79.0 0.0 0.0 0.6730769230769229
45 37 39 0.0 0.0 256.0 0.0 6282.0 15.0 500.0 0.16412661195779601
45 37 40 0.0 0.0 331.0 0.0 6677.0 22.0 643.0 0.15572858731924358
45 37 41 0.0 0.0 186.0 0.0 4173.0 21.0 165.0 0.22082018927444794
45 37 42 0.0 0.0 11.0 0.0 272.0 3.0 0.0 0.6140350877192982
45 37 43 0.0 0.0 0.0 0.0 30.0 0.0 0.0 0.689655172413793
45 37 44 0.0 0.0 0.0 0.0 3.0 0.0 0.0 0.6989515726410384
45 38 36 0.0 0.0 2.0 0.0 56.0 2.0 0.0 0.6809338521400777
45 38 37 0.0 0.0 29.0 0.0 619.0 11.0 2.0 0.5309063329541144
45 38 38 0.0 0.0 120.0 0.0 2536.0 14.0 34.0 0.3015941404566997
45 38 39 0.0 0.0 13.0 0.0 623.0 5.0 4.0 0.5323193916349809
45 38 40 0.0 0.0 162.0 0.0 3887.0 25.0 102.0 0.23232658479920343
45 38 41 0.0 0.0 520.0 0.0 9879.0 20.0 2332.0 0.11293965795417875
45 38 42 0.0 0.0 41.0 0.0 1000.0 10.0 4.0 0.46189376443418
45 38 43 0.0 0.0 20.0 0.0 497.0 5.0 0.0 0.5573248407643311
45 38 44 0.0 0.0 1.0 0.0 23.0 0.0 0.0 0.6920415224913494
45 38 45 0.0 0.0 1.0 0.0 11.0 0.0 0.0 0.6958250497017892
45 39 35 0.0 0.0 0.0 0.0 5.0 0.0 0.0 0.6982543640897755
45 39 36 0.0 0.0 3.0 0.0 42.0 0.0 0.0 0.6845965770171147
45 39 37 0.0 0.0 33.0 0.0 789.0 16.0 1.0 0.499108734402852
45 39 38 0.0 0.0 52.0 0.0 1157.0 9.0 6.0 0.43763676148796493
45 39 39 0.0 0.0 89.0 0.0 2023.0 9.0 18.0 0.3412137460394833
45 39 40 0.0 0.0 89.0 0.0 2273.0 11.0 28.0 0.32183908045977005
45 39 41 0.0 0.0 316.0 0.0 6901.0 24.0 694.0 0.15212430729110069
45 39 42 0.0 0.0 73.0 0.0 1845.0 11.0 16.0 0.3582395087001023
45 39 43 0.0 0.0 7.0 0.0 149.0 3.0 0.0 0.6502554575011611
45 39 44 0.0 0.0 11.0 0.0 264.0 5.0 0.0 0.6167400881057268
45 39 45 0.0 0.0 2.0 0.0 40.0 0.0 0.0 0.6856023506366307
45 40 35 0.0 0.0 0.0 0.0 7.0 0.0 0.0 0.6975585450921773
45 40 36 0.0 0.0 0.0 0.0 18.0 0.0 0.0 0.6937561942517343
45 40 37 0.0 0.0 13.0 0.0 481.0 2.0 1.0 0.5620232838217583
45 40 38 0.0 0.0 28.0 0.0 710.0 4.0 1.0 0.5122575923893158
45 40 39 0.0 0.0 186.0 0.0 4552.0 17.0 194.0 0.20824036888293915
45 40 40 0.0 0.0 100.0 0.0 2619.0 14.0 54.0 0.29768233042738673
45 40 41 0.0 0.0 189.0 0.0 4190.0 17.0 184.0 0.21995286724273366
45 40 42 0.0 0.0 17.0 0.0 541.0 3.0 0.0 0.547945205479452
45 40 43 0.0 0.0 20.0 0.0 637.0 3.0 2.0 0.5275056518462696
45 40 44 0.0 0.0 0.0 0.0 24.0 0.0 0.0 0.6916996047430829
45 40 45 0.0 0.0 0.0 0.0 19.0 0.0 0.0 0.6934125804853887
45 41 35 0.0 0.0 0.0 0.0 3.0 0.0 0.0 0.6989515726410384
45 41 36 0.0 0.0 0.0 0.0 15.0 0.0 0.0 0.694789081885856
45 41 37 0.0 0.0 1.0 0.0 47.0 0.0 0.0 0.6835937499999999
45 41 38 0.0 0.0 80.0 0.0 1851.0 16.0 29.0 0.3575989782886334
45 41 39 0.0 0.0 451.0 0.0 8981.0 22.0 1728.0 0.12253829321663018
45 41 40 0.0 0.0 177.0 0.0 4112.0 21.0 135.0 0.22332110384431325
45 41 41 0.0 0.0 104.0 0.0 2500.0 22.0 41.0 0.30561012879283994
45 41 42 0.0 0.0 90.0 0.0 2456.0 14.0 48.0 0.30905077262693154
45 41 43 0.0 0.0 63.0 0.0 1300.0 16.0 11.0 0.4182850313713773
45 41 44 0.0 0.0 1.0 0.0 22.0 0.0 0.0 0.6920415224913494
45 42 36 0.0 0.0 0.0 0.0 5.0 0.0 0.0 0.6982543640897755
45 42 37 0.0 0.0 0.0 0.0 13.0 0.0 0.0 0.695479384003974
45 42 38 0.0 0.0 89.0 0.0 2537.0 9.0 47.0 0.3032928942807625
45 42 39 0.0 0.0 54.0 0.0 1165.0 14.0 9.0 0.4368174726989079
45 42 40 0.0 0.0 144.0 0.0 3110.0 18.0 64.0 0.2674307545367717
45 42 41 0.0 0.0 0.0 0.0 75.0 1.0 0.0 0.6750241080038573
45 42 42 0.0 0.0 36.0 0.0 1145.0 5.0 5.0 0.44080604534005036
45 42 43 0.0 0.0 0.0 0.0 35.0 1.0 0.0 0.6882989183874139
45 42 44 0.0 0.0 0.0 0.0 13.0 0.0 0.0 0.6958250497017892
45 43 37 0.0 0.0 0.0 0.0 14.0 0.0 0.0 0.6951340615690167
45 43 38 0.0 0.0 42.0 0.0 1017.0 10.0 3.0 0.4591669399803214
45 43 39 0.0 0.0 427.0 0.0 8275.0 20.0 1118.0 0.13096351730589334
45 43 40 0.0 0.0 3.0 0.0 145.0 2.0 0.0 0.6523765144454798
45 43 41 0.0 0.0 3.0 0.0 84.0 1.0 0.0 0.6711409395973154
45 43 42 0.0 0.0 0.0 0.0 10.0 1.0 0.0 0.6968641114982577
45 43 43 0.0 0.0 0.0 0.0 6.0 0.0 0.0 0.6979062811565303
45 43 44 0.0 0.0 0.0 0.0 1.0 0.0 0.0 0.6996501749125437
45 44 38 0.0 0.0 28.0 0.0 585.0 4.0 1.0 0.5366040628593329
45 44 39 0.0 0.0 0.0 0.0 30.0 0.0 0.0 0.689655172413793
45 44 40 0.0 0.0 62.0 0.0 1186.0 14.0 7.0 0.43276661514683146
45 44 41 0.0 0.0 0.0 0.0 2.0 0.0 0.0 0.6993006993006992
45 44 44 0.0 0.0 0.0 0.0 1.0 0.0 0.0 0.6996501749125437
45 45 37 0.0 0.0 0.0 0.0 2.0 0.0 0.0 0.6993006993006992
45 45 39 0.0 0.0 0.0 0.0 1.0 0.0 0.0 0.6996501749125437
45 45 42 0.0 0.0 0.0 0.0 1.0 0.0 0.0 0.6996501749125437
46 35 40 0.0 0.0 0.0 0.0 2.0 0.0 0.0 0.6993006993006992
46 36 38 0.0 0.0 0.0 0.0 12.0 0.0 0.0 0.6961710591745399
46 36 39 0.0 0.0 0.0 0.0 12.0 0.0 0.0 0.6958250497017892
46 36 40 0.0 0.0 1.0 0.0 19.0 0.0 0.0 0.6930693069306929
46 36 41 0.0 0.0 5.0 0.0 63.0 0.0 0.0 0.6769825918762088
46 36 42 0.0 0.0 1.0 0.0 22.0 0.0 0.0 0.6920415224913494
46 37 38 0.0 0.0 16.0 0.0 336.0 3.0 0.0 0.5959982971477223
46 37 39 0.0 0.0 22.0 0.0 549.0 4.0 0.0 0.5453837164004673
46 37 40 0.0 0.0 99.0 0.0 2502.0 16.0 32.0 0.30534351145038163
46 37 41 0.0 0.0 35.0 0.0 1066.0 3.0 4.0 0.4519044544867656
46 37 42 0.0 0.0 0.0 0.0 51.0 0.0 0.0 0.68259385665529
46 38 37 0.0 0.0 0.0 0.0 1.0 0.0 0.0 0.6996501749125437
46 38 38 0.0 0.0 0.0 0.0 8.0 0.0 0.0 0.697211155378486
46 38 39 0.0 0.0 17.0 0.0 317.0 1.0 0.0 0.6000857265323617
46 38 40 0.0 0.0 7.0 0.0 115.0 2.0 0.0 0.6603773584905659
46 38 41 0.0 0.0 3.0 0.0 147.0 1.0 0.0 0.6514657980456026
46 38 42 0.0 0.0 2.0 0.0 67.0 0.0 0.0 0.6769825918762088
46 39 37 0.0 0.0 0.0 0.0 2.0 0.0 0.0 0.6993006993006992
46 39 38 0.0 0.0 0.0 0.0 3.0 0.0 0.0 0.6989515726410384
46 39 39 0.0 0.0 1.0 0.0 22.0 0.0 0.0 0.6920415224913494
46 39 40 0.0 0.0 2.0 0.0 58.0 0.0 0.0 0.6796116504854368
46 39 41 0.0 0.0 6.0 0.0 175.0 1.0 1.0 0.6422018348623851
46 39 42 0.0 0.0 17.0 0.0 373.0 3.0 1.0 0.5865102639296187
46 40 37 0.0 0.0 0.0 0.0 1.0 0.0 0.0 0.6996501749125437
46 40 38 0.0 0.0 8.0 0.0 96.0 1.0 0.0 0.6657156443176413
46 40 39 0.0 0.0 0.0 0.0 35.0 0.0 0.0 0.6879606879606879
46 40 40 0.0 0.0 4.0 0.0 115.0 2.0 1.0 0.6613131790269249
46 40 41 0.0 0.0 2.0 0.0 23.0 2.0 0.0 0.6920415224913494
46 40 42 0.0 0.0 0.0 0.0 22.0 0.0 0.0 0.6923837784371908
46 40 43 0.0 0.0 0.0 0.0 1.0 0.0 0.0 0.6996501749125437
46 41 37 0.0 0.0 20.0 0.0 303.0 5.0 0.0 0.6039689387402932
46 41 38 0.0 0.0 0.0 0.0 26.0 0.0 0.0 0.6910167818361302
46 41 39 0.0 0.0 36.0 0.0 715.0 4.0 3.0 0.5098324836125272
46 41 40 0.0 0.0 0.0 0.0 53.0 0.0 0.0 0.6822612085769979
46 41 41 0.0 0.0 3.0 0.0 37.0 0.0 0.0 0.6862745098039215
46 41 42 0.0 0.0 0.0 0.0 8.0 0.0 0.0 0.697211155378486
46 41 43 0.0 0.0 0.0 0.0 1.0 0.0 0.0 0.6996501749125437
46 42 37 0.0 0.0 0.0 0.0 2.0 0.0 0.0 0.6993006993006992
46 42 38 0.0 0.0 5.0 0.0 211.0 2.0 1.0 0.6320541760722347
46 42 39 0.0 0.0 10.0 0.0 234.0 3.0 0.0 0.6247211066488174
46 42 40 0.0 0.0 22.0 0.0 402.0 9.0 0.0 0.5797101449275361
46 42 41 0.0 0.0 0.0 0.0 7.0 0.0 0.0 0.6975585450921773
46 42 42 0.0 0.0 0.0 0.0 1.0 0.0 0.0 0.6996501749125437
46 43 37 0.0 0.0 0.0 0.0 3.0 0.0 0.0 0.6989515726410384
46 43 38 0.0 0.0 12.0 0.0 270.0 4.0 0.0 0.6145741878841088
46 43 39 0.0 0.0 75.0 0.0 1890.0 13.0 11.0 0.35425101214574894
46 43 40 0.0 0.0 0.0 0.0 9.0 0.0 0.0 0.6968641114982577
46 43 41 0.0 0.0 0.0 0.0 3.0 0.0 0.0 0.6989515726410384
46 43 43 0.0 0.0 0.0 0.0 1.0 0.0 0.0 0.6996501749125437
46 44 38 0.0 0.0 11.0 0.0 232.0 5.0 1.0 0.6255585344057193
46 44 39 0.0 0.0 2.0 0.0 41.0 0.0 0.0 0.6852667645619186
46 44 40 0.0 0.0 0.0 0.0 20.0 0.0 0.0 0.6930693069306929
47 36 39 0.0 0.0 0.0 0.0 5.0 0.0 0.0 0.6982543640897755
47 36 40 0.0 0.0 0.0 0.0 1.0 0.0 0.0 0.6996501749125437
47 36 41 0.0 0.0 0.0 0.0 3.0 0.0 0.0 0.6989515726410384
47 36 42 0.0 0.0 0.0 0.0 1.0 0.0 0.0 0.6996501749125437
47 37 38 0.0 0.0 0.0 0.0 1.0 0.0 0.0 0.6996501749125437
47 37 40 0.0 0.0 0.0 0.0 1.0 0.0 0.0 0.6996501749125437
47 37 41 0.0 0.0 0.0 0.0 3.0 0.0 0.0 0.6989515726410384
47 38 40 0.0 0.0 0.0 0.0 3.0 0.0 0.0 0.6989515726410384
47 38 41 0.0 0.0 2.0 0.0 23.0 1.0 0.0 0.6916996047430829
47 39 40 0.0 0.0 0.0 0.0 1.0 0.0 0.0 0.6996501749125437
47 43 39 0.0 0.0 0.0 0.0 2.0 0.0 0.0 0.6996501749125437
