38 38 40 0.0 0.0 0.0 0.0 1.0 0.0 0.0 0.6996501749125437
38 39 39 0.0 0.0 2.0 0.0 6.0 2.0 0.0 0.6979062811565303
38 39 40 0.0 0.0 7.0 0.0 106.0 1.0 0.0 0.6628787878787878
38 39 41 0.0 0.0 0.0 0.0 9.0 0.0 0.0 0.6968641114982577
38 39 42 0.0 0.0 0.0 0.0 2.0 0.0 0.0 0.6993006993006992
38 40 39 0.0 0.0 0.0 0.0 7.0 0.0 0.0 0.6975585450921773
38 40 40 0.0 0.0 0.0 0.0 4.0 0.0 0.0 0.6986027944111775
38 40 41 0.0 0.0 0.0 0.0 3.0 0.0 0.0 0.6989515726410384
38 41 39 0.0 0.0 0.0 0.0 3.0 0.0 0.0 0.6989515726410384
38 41 40 0.0 0.0 6.0 0.0 161.0 2.0 0.0 0.6466512702078521
38 41 41 0.0 0.0 0.0 0.0 2.0 0.0 0.0 0.6993006993006992
39 39 39 0.0 0.0 24.0 0.0 682.0 4.0 3.0 0.5181347150259067
39 39 40 0.0 0.0 3.0 0.0 247.0 0.0 0.0 0.6222222222222221
39 39 41 0.0 0.0 42.0 0.0 1148.0 11.0 5.0 0.440251572327044
39 39 42 0.0 0.0 0.0 0.0 3.0 0.0 0.0 0.6989515726410384
39 40 39 0.0 0.0 13.0 4.0 380.0 1.0 0.0 0.5843071786310516
39 40 40 0.0 0.0 263.0 0.0 5624.0 29.0 346.0 0.1780264496439471
39 40 41 0.0 0.0 0.0 1.0 81.0 1.0 0.0 0.6727534839019701
39 40 42 0.0 0.0 0.0 0.0 5.0 0.0 0.0 0.6982543640897755
39 41 39 0.0 0.0 0.0 7.0 79.0 0.0 0.0 0.6711409395973154
39 41 40 0.0 0.0 53.0 0.0 806.0 13.0 1.0 0.4917456972251492
39 41 41 0.0 0.0 0.0 4.0 99.0 0.0 0.0 0.6657156443176413
39 41 42 0.0 0.0 0.0 0.0 1.0 0.0 0.0 0.6996501749125437
39 42 41 0.0 0.0 0.0 0.0 1.0 0.0 0.0 0.6996501749125437
40 38 38 0.0 0.0 0.0 0.0 1.0 0.0 0.0 0.6996501749125437
40 38 39 0.0 0.0 0.0 0.0 2.0 0.0 0.0 0.6993006993006992
40 38 40 0.0 0.0 0.0 0.0 1.0 0.0 0.0 0.6996501749125437
40 38 41 0.0 0.0 0.0 0.0 1.0 0.0 0.0 0.6996501749125437
40 38 42 0.0 0.0 0.0 0.0 3.0 0.0 0.0 0.6996501749125437
40 39 39 0.0 0.0 29.0 0.0 627.0 8.0 1.0 0.5287009063444108
40 39 40 0.0 0.0 1.0 0.0 94.0 0.0 0.0 0.6682577565632457
40 39 41 0.0 0.0 7.0 0.0 262.0 5.0 0.0 0.6183745583038868
40 39 42 0.0 0.0 1.0 0.0 29.0 0.0 0.0 0.689655172413793
40 40 39 0.0 0.0 22.0 1.0 383.0 4.0 0.0 0.5833333333333333
40 40 40 11.0 19.0 694.0 356.0 11266.0 31.0 4458.0 0.0977039570102589
40 40 41 0.0 0.0 194.0 0.0 3836.0 22.0 119.0 0.23298385754701278
40 40 42 0.0 0.0 0.0 0.0 5.0 0.0 0.0 0.6982543640897755
40 41 39 0.0 0.0 1.0 0.0 61.0 0.0 0.0 0.6789524733268669
40 41 40 0.0 0.0 4.0 0.0 133.0 0.0 0.0 0.6554307116104868
40 41 41 0.0 1.0 0.0 12.0 91.0 0.0 0.0 0.6653992395437262
40 41 42 0.0 0.0 0.0 0.0 6.0 0.0 0.0 0.6979062811565303
40 42 39 0.0 0.0 0.0 0.0 1.0 0.0 0.0 0.0
40 42 40 0.0 0.0 0.0 0.0 3.0 0.0 0.0 0.6989515726410384
41 38 38 0.0 0.0 0.0 0.0 1.0 0.0 0.0 0.6996501749125437
41 39 38 0.0 0.0 0.0 0.0 1.0 0.0 0.0 0.6996501749125437
41 39 39 0.0 0.0 88.0 0.0 1905.0 9.0 18.0 0.3513174404015056
41 39 40 0.0 0.0 0.0 0.0 103.0 1.0 0.0 0.6660323501427211
41 39 41 0.0 0.0 56.0 0.0 1084.0 11.0 4.0 0.44728434504792325
41 40 39 0.0 0.0 10.0 1.0 274.0 3.0 0.0 0.6134969325153373
41 40 40 0.0 0.0 0.0 1.0 122.0 1.0 0.0 0.6597549481621111
41 40 41 0.0 0.0 160.0 0.0 4139.0 18.0 176.0 0.22282349196243828
41 40 42 0.0 0.0 0.0 0.0 7.0 0.0 0.0 0.6975585450921773
41 41 39 0.0 0.0 28.0 1.0 708.0 10.0 4.0 0.5131964809384163
41 41 40 0.0 0.0 51.0 0.0 1336.0 11.0 3.0 0.41469194312796204
41 41 41 0.0 0.0 2.0 0.0 134.0 1.0 0.0 0.6557377049180326
41 41 42 0.0 0.0 0.0 0.0 14.0 0.0 0.0 0.6951340615690167
41 42 41 0.0 0.0 0.0 0.0 1.0 0.0 0.0 0.6996501749125437
42 39 40 0.0 0.0 0.0 0.0 2.0 0.0 0.0 0.6993006993006992
42 39 41 0.0 0.0 0.0 0.0 8.0 0.0 0.0 0.697211155378486
42 40 39 0.0 0.0 0.0 0.0 2.0 0.0 0.0 0.6993006993006992
42 40 40 0.0 0.0 1.0 0.0 45.0 1.0 0.0 0.6845965770171147
42 40 41 0.0 0.0 0.0 0.0 9.0 0.0 0.0 0.6968641114982577
42 40 42 0.0 0.0 0.0 0.0 6.0 0.0 0.0 0.6979062811565303
42 41 40 0.0 0.0 0.0 0.0 2.0 0.0 0.0 0.6993006993006992
42 41 41 0.0 0.0 1.0 0.0 4.0 0.0 0.0 0.6982543640897755
42 41 42 0.0 0.0 0.0 0.0 5.0 0.0 0.0 0.6982543640897755
