36 37 38 0.0 0.0 0.0 0.0 3.0 0.0 0.0 0.6989515726410384
36 37 39 0.0 0.0 0.0 0.0 1.0 0.0 0.0 0.6996501749125437
36 37 40 0.0 0.0 0.0 0.0 4.0 0.0 0.0 0.6986027944111775
36 37 41 0.0 0.0 0.0 0.0 3.0 0.0 0.0 0.6989515726410384
36 38 39 0.0 0.0 0.0 0.0 3.0 0.0 0.0 0.6989515726410384
36 38 40 0.0 0.0 0.0 0.0 6.0 0.0 0.0 0.6979062811565303
36 38 41 0.0 0.0 0.0 0.0 4.0 0.0 0.0 0.6986027944111775
36 38 42 0.0 0.0 0.0 0.0 4.0 0.0 0.0 0.6986027944111775
36 39 38 0.0 0.0 0.0 0.0 4.0 0.0 0.0 0.6986027944111775
36 39 39 0.0 0.0 1.0 0.0 7.0 0.0 0.0 0.697211155378486
36 39 40 0.0 0.0 0.0 0.0 5.0 0.0 0.0 0.6982543640897755
36 39 41 0.0 0.0 0.0 0.0 1.0 0.0 0.0 0.6996501749125437
36 39 42 0.0 0.0 1.0 0.0 9.0 0.0 0.0 0.6965174129353233
36 40 38 0.0 0.0 0.0 0.0 2.0 0.0 0.0 0.6993006993006992
36 40 39 0.0 0.0 16.0 0.0 409.0 3.0 3.0 0.5780346820809247
36 40 40 0.0 0.0 0.0 0.0 3.0 0.0 0.0 0.6989515726410384
36 40 41 0.0 0.0 0.0 0.0 3.0 0.0 0.0 0.6989515726410384
36 40 42 0.0 0.0 0.0 0.0 3.0 0.0 0.0 0.6989515726410384
36 40 43 0.0 0.0 0.0 0.0 2.0 0.0 0.0 0.6993006993006992
36 41 39 0.0 0.0 4.0 0.0 100.0 2.0 0.0 0.6660323501427211
36 41 40 0.0 0.0 0.0 0.0 7.0 0.0 0.0 0.6975585450921773
36 41 41 0.0 0.0 2.0 0.0 14.0 1.0 0.0 0.694789081885856
36 41 42 0.0 0.0 0.0 0.0 10.0 0.0 0.0 0.6965174129353233
36 41 43 0.0 0.0 0.0 0.0 2.0 0.0 0.0 0.6993006993006992
36 42 40 0.0 0.0 0.0 0.0 3.0 0.0 0.0 0.6989515726410384
36 42 41 0.0 0.0 0.0 0.0 1.0 0.0 0.0 0.6996501749125437
36 42 42 0.0 0.0 0.0 0.0 3.0 0.0 0.0 0.6989515726410384
36 42 43 0.0 0.0 0.0 0.0 6.0 0.0 0.0 0.6979062811565303
36 43 40 0.0 0.0 0.0 0.0 1.0 0.0 0.0 0.6996501749125437
37 37 37 0.0 0.0 0.0 0.0 2.0 0.0 0.0 0.6993006993006992
37 37 38 0.0 0.0 0.0 0.0 8.0 0.0 0.0 0.697211155378486
37 37 39 0.0 0.0 0.0 0.0 7.0 0.0 0.0 0.6975585450921773
37 37 40 0.0 0.0 4.0 0.0 106.0 1.0 0.0 0.6638217164532954
37 37 41 0.0 0.0 0.0 0.0 5.0 0.0 0.0 0.6982543640897755
37 37 42 0.0 0.0 1.0 0.0 5.0 0.0 0.0 0.6979062811565303
37 38 37 0.0 0.0 0.0 0.0 2.0 0.0 0.0 0.6993006993006992
37 38 38 0.0 0.0 0.0 0.0 44.0 0.0 1.0 0.684931506849315
37 38 39 0.0 0.0 129.0 0.0 3050.0 13.0 55.0 0.2707930367504835
37 38 40 0.0 0.0 47.0 0.0 1173.0 12.0 8.0 0.43640897755610963
37 38 41 0.0 0.0 188.0 0.0 3774.0 21.0 114.0 0.2355712603062426
37 38 42 0.0 0.0 0.0 0.0 5.0 0.0 0.0 0.6982543640897755
37 39 37 0.0 0.0 0.0 0.0 1.0 0.0 0.0 0.6996501749125437
37 39 38 0.0 0.0 1.0 0.0 133.0 2.0 0.0 0.6566604127579737
37 39 39 0.0 0.0 22.0 0.0 672.0 4.0 3.0 0.5208333333333333
37 39 40 0.0 0.0 21.0 0.0 685.0 5.0 6.0 0.5183265457238059
37 39 41 0.0 0.0 0.0 0.0 124.0 0.0 0.0 0.6591337099811675
37 39 42 0.0 0.0 0.0 0.0 31.0 0.0 0.0 0.6893156080748399
37 39 43 0.0 0.0 1.0 0.0 4.0 0.0 0.0 0.6982543640897755
37 40 38 0.0 0.0 0.0 0.0 94.0 0.0 0.0 0.6685768863419292
37 40 39 0.0 0.0 256.0 0.0 5155.0 26.0 260.0 0.1895734597156398
37 40 40 0.0 0.0 46.0 0.0 1128.0 7.0 5.0 0.44205873065993045
37 40 41 0.0 0.0 27.0 0.0 797.0 6.0 4.0 0.4968062455642299
37 40 42 0.0 0.0 18.0 0.0 370.0 5.0 0.0 0.5874947545111203
37 40 43 0.0 0.0 1.0 0.0 27.0 0.0 0.0 0.690335305719921
37 41 37 0.0 0.0 0.0 0.0 1.0 0.0 0.0 0.6996501749125437
37 41 38 0.0 0.0 4.0 0.0 96.0 1.0 0.0 0.6669842782277274
37 41 39 0.0 0.0 45.0 0.0 1123.0 9.0 7.0 0.4431782209559987
37 41 40 0.0 0.0 38.0 0.0 1199.0 7.0 5.0 0.4334365325077399
37 41 41 0.0 0.0 98.0 0.0 2216.0 18.0 27.0 0.32580870374680004
37 41 42 0.0 0.0 255.0 0.0 5457.0 22.0 335.0 0.1819836214740673
37 41 43 0.0 0.0 0.0 0.0 13.0 0.0 0.0 0.695479384003974
37 42 38 0.0 0.0 2.0 0.0 97.0 1.0 0.0 0.6673021925643469
37 42 39 0.0 0.0 2.0 0.0 144.0 1.0 0.0 0.6526806526806526
37 42 40 0.0 0.0 23.0 0.0 723.0 5.0 2.0 0.5107624954396205
37 42 41 0.0 0.0 1.0 0.0 68.0 0.0 0.0 0.6766553890768486
37 42 42 0.0 0.0 1.0 0.0 20.0 0.0 0.0 0.6927263730826323
37 42 43 0.0 0.0 6.0 0.0 58.0 1.0 0.0 0.6786233640329616
37 43 38 0.0 0.0 0.0 0.0 5.0 0.0 0.0 0.6982543640897755
37 43 39 0.0 0.0 0.0 0.0 7.0 0.0 0.0 0.6975585450921773
37 43 40 0.0 0.0 0.0 0.0 23.0 1.0 0.0 0.6923837784371908
37 43 41 0.0 0.0 3.0 0.0 20.0 2.0 0.0 0.6927263730826323
37 43 42 0.0 0.0 0.0 0.0 2.0 0.0 0.0 0.6993006993006992
38 36 40 0.0 0.0 0.0 0.0 1.0 0.0 0.0 0.6996501749125437
38 36 41 0.0 0.0 0.0 0.0 1.0 0.0 0.0 0.6996501749125437
38 37 37 0.0 0.0 0.0 0.0 4.0 0.0 0.0 0.6986027944111775
38 37 38 0.0 0.0 0.0 0.0 11.0 0.0 0.0 0.6961710591745399
38 37 39 0.0 0.0 27.0 0.0 470.0 6.0 0.0 0.5620232838217583
38 37 40 0.0 0.0 0.0 0.0 53.0 0.0 0.0 0.6819288845591815
38 37 41 0.0 0.0 2.0 0.0 248.0 0.0 0.0 0.6227758007117437
38 37 42 0.0 0.0 0.0 0.0 6.0 0.0 0.0 0.6982543640897755
38 38 37 0.0 0.0 0.0 0.0 10.0 0.0 0.0 0.6968641114982577
38 38 38 0.0 0.0 207.0 0.0 4673.0 21.0 205.0 0.2040221509763917
38 38 39 0.0 0.0 138.0 0.0 3000.0 16.0 58.0 0.2732773765371852
38 38 40 0.0 0.0 22.0 0.0 767.0 4.0 7.0 0.5028735632183908
38 38 41 0.0 0.0 216.0 0.0 4472.0 20.0 174.0 0.2097692538207971
38 38 42 0.0 0.0 20.0 0.0 503.0 4.0 0.0 0.5557761016276299
38 38 43 0.0 0.0 0.0 0.0 2.0 0.0 0.0 0.6993006993006992
38 39 37 0.0 0.0 2.0 0.0 59.0 3.0 0.0 0.6802721088435373
38 39 38 0.0 0.0 26.0 0.0 730.0 4.0 3.0 0.5089058524173027
38 39 39 0.0 0.0 546.0 0.0 10652.0 15.0 3332.0 0.10606864156375481
38 39 40 0.0 0.0 678.0 0.0 11381.0 31.0 3871.0 0.09972220243607094
38 39 41 0.0 0.0 111.0 0.0 3397.0 11.0 128.0 0.254591743953446
38 39 42 0.0 0.0 15.0 0.0 535.0 6.0 1.0 0.5505308690523003
38 39 43 0.0 0.0 0.0 0.0 11.0 0.0 0.0 0.6961710591745399
38 40 37 0.0 0.0 0.0 0.0 27.0 0.0 0.0 0.6906758756783422
38 40 38 0.0 0.0 50.0 0.0 1516.0 11.0 12.0 0.393922341024198
38 40 39 0.0 0.0 482.0 0.0 8960.0 15.0 1365.0 0.12245254963701564
38 40 40 0.0 0.0 437.0 0.0 8890.0 17.0 1554.0 0.12370769638596799
38 40 41 0.0 0.0 419.0 0.0 8489.0 22.0 1404.0 0.1285111070313934
38 40 42 0.0 0.0 126.0 1.0 2823.0 19.0 49.0 0.2838029596594364
38 40 43 0.0 0.0 1.0 0.0 31.0 0.0 0.0 0.6889763779527558
38 41 37 0.0 0.0 1.0 0.0 68.0 1.0 0.0 0.6769825918762088
38 41 38 0.0 0.0 2.0 3.0 220.0 1.0 1.0 0.6294964028776977
38 41 39 0.0 0.0 317.0 0.0 7211.0 25.0 929.0 0.14719798128482808
38 41 40 0.0 0.0 632.0 0.0 11383.0 23.0 4654.0 0.0999857163262391
38 41 41 0.0 0.0 280.0 0.0 6087.0 18.0 399.0 0.16766467065868262
38 41 42 0.0 0.0 85.0 0.0 1999.0 9.0 17.0 0.3435582822085889
38 41 43 0.0 0.0 0.0 0.0 14.0 1.0 0.0 0.695479384003974
38 42 38 0.0 0.0 0.0 0.0 51.0 0.0 0.0 0.68259385665529
38 42 39 0.0 0.0 191.0 0.0 4402.0 20.0 193.0 0.21286300745020525
38 42 40 0.0 0.0 295.0 0.0 6746.0 20.0 685.0 0.155073105892778
38 42 41 0.0 0.0 190.0 0.0 3994.0 23.0 141.0 0.22712524334847498
38 42 42 0.0 0.0 0.0 0.0 75.0 0.0 0.0 0.6746987951807227
38 42 43 0.0 0.0 0.0 0.0 22.0 1.0 0.0 0.6927263730826323
38 43 38 0.0 0.0 0.0 0.0 2.0 0.0 0.0 0.6993006993006992
38 43 39 0.0 0.0 46.0 0.0 1069.0 9.0 2.0 0.4507405022537025
38 43 40 0.0 0.0 1.0 0.0 100.0 0.0 0.0 0.6666666666666665
38 43 41 0.0 0.0 0.0 0.0 22.0 0.0 0.0 0.6927263730826323
38 43 42 0.0 0.0 0.0 0.0 13.0 0.0 0.0 0.695479384003974
39 36 40 0.0 0.0 0.0 0.0 1.0 0.0 0.0 0.6996501749125437
39 36 41 0.0 0.0 0.0 0.0 4.0 0.0 0.0 0.6986027944111775
39 36 42 0.0 0.0 0.0 0.0 1.0 0.0 0.0 0.6996501749125437
39 37 37 0.0 0.0 3.0 0.0 140.0 1.0 0.0 0.65359477124183
39 37 38 0.0 0.0 2.0 0.0 86.0 0.0 0.0 0.6704980842911876
39 37 39 0.0 0.0 3.0 0.0 186.0 1.0 0.0 0.6401463191586647
39 37 40 0.0 0.0 110.0 0.0 2426.0 11.0 37.0 0.3093239063190455
39 37 41 0.0 0.0 57.0 0.0 1679.0 13.0 15.0 0.37604082728981997
39 37 42 0.0 0.0 0.0 0.0 14.0 0.0 0.0 0.6951340615690167
39 37 43 0.0 0.0 1.0 0.0 5.0 1.0 0.0 0.6982543640897755
39 38 36 0.0 0.0 0.0 0.0 2.0 0.0 0.0 0.6993006993006992
39 38 37 0.0 0.0 37.0 0.0 1135.0 8.0 4.0 0.4424778761061946
39 38 38 0.0 0.0 119.0 0.0 2459.0 18.0 41.0 0.3070175438596491
39 38 39 0.0 0.0 135.0 0.0 3571.0 12.0 122.0 0.2458296751536435
39 38 40 0.0 0.0 514.0 0.0 9575.0 28.0 1873.0 0.11602850986242334
39 38 41 0.0 0.0 40.0 0.0 1290.0 9.0 14.0 0.4216867469879517
39 38 42 0.0 0.0 93.0 0.0 2267.0 12.0 34.0 0.32198712051517936
39 38 43 0.0 0.0 0.0 0.0 36.0 0.0 1.0 0.6876227897838899
39 39 36 0.0 0.0 0.0 0.0 7.0 0.0 0.0 0.6975585450921773
39 39 37 0.0 0.0 23.0 0.0 801.0 4.0 4.0 0.49627791563275425
39 39 38 0.0 0.0 323.0 0.0 6938.0 25.0 667.0 0.15146597425078434
39 39 39 0.0 0.0 676.0 3.0 11583.0 34.0 5530.0 0.09826630167754613
39 39 40 0.0 0.0 661.0 10.0 11474.0 31.0 4443.0 0.09905894006934125
39 39 41 0.0 0.0 865.0 1.0 12366.0 27.0 7550.0 0.09191176470588233
39 39 42 0.0 0.0 78.0 0.0 2152.0 16.0 31.0 0.33214709371293
39 39 43 0.0 0.0 0.0 0.0 33.0 1.0 0.0 0.6889763779527558
39 40 36 0.0 0.0 0.0 0.0 1.0 0.0 0.0 0.6996501749125437
39 40 37 0.0 0.0 78.0 0.0 1668.0 10.0 10.0 0.37473233404710915
39 40 38 0.0 0.0 347.0 1.0 7264.0 24.0 743.0 0.14598540145985398
39 40 39 0.0 0.0 735.0 10.0 11881.0 23.0 5673.0 0.0957657842533689
39 40 40 0.0 1.0 1390.0 15.0 13199.0 35.0 18238.0 0.08436275986742994
39 40 41 0.0 2.0 533.0 36.0 9821.0 32.0 2235.0 0.11321365033155426
39 40 42 0.0 0.0 58.0 3.0 1762.0 9.0 19.0 0.3669724770642201
39 40 43 0.0 0.0 55.0 0.0 1096.0 8.0 7.0 0.44571792422795276
39 41 36 0.0 0.0 0.0 0.0 1.0 0.0 0.0 0.6996501749125437
39 41 37 0.0 0.0 10.0 0.0 129.0 3.0 0.0 0.6554307116104868
39 41 38 0.0 0.0 7.0 0.0 462.0 1.0 2.0 0.5674908796108633
39 41 39 0.0 0.0 458.0 49.0 8920.0 21.0 1577.0 0.12265638689328894
39 41 40 0.0 0.0 837.0 14.0 12446.0 25.0 7968.0 0.09156311314584696
39 41 41 0.0 0.0 452.0 25.0 9263.0 21.0 1953.0 0.11935208866155156
39 41 42 0.0 0.0 211.0 5.0 5620.0 18.0 445.0 0.1790052422963815
39 41 43 0.0 0.0 109.0 0.0 2261.0 21.0 21.0 0.32183908045977005
39 41 44 0.0 0.0 0.0 0.0 2.0 0.0 0.0 0.6993006993006992
39 42 37 0.0 0.0 31.0 0.0 846.0 7.0 7.0 0.48780487804878037
39 42 38 0.0 0.0 2.0 0.0 88.0 0.0 0.0 0.6698564593301434
39 42 39 0.0 0.0 4.0 0.0 432.0 0.0 3.0 0.5747126436781609
39 42 40 0.0 0.0 197.0 27.0 4329.0 15.0 175.0 0.21413276231263378
39 42 41 0.0 1.0 297.0 4.0 6888.0 11.0 647.0 0.15240583496625296
39 42 42 0.0 0.0 5.0 6.0 163.0 2.0 0.0 0.6445672191528544
39 42 43 0.0 0.0 27.0 0.0 485.0 8.0 0.0 0.5591054313099041
39 43 37 0.0 0.0 0.0 0.0 10.0 0.0 0.0 0.6965174129353233
39 43 38 0.0 0.0 0.0 0.0 8.0 0.0 0.0 0.697211155378486
39 43 39 0.0 0.0 11.0 0.0 359.0 8.0 0.0 0.592718035563082
39 43 40 0.0 0.0 0.0 0.0 73.0 0.0 0.0 0.6753497346840327
39 43 41 0.0 0.0 6.0 0.0 95.0 1.0 0.0 0.6666666666666665
39 43 42 0.0 0.0 0.0 0.0 7.0 0.0 0.0 0.6975585450921773
40 36 38 0.0 0.0 0.0 0.0 5.0 0.0 0.0 0.6982543640897755
40 36 39 0.0 0.0 0.0 0.0 2.0 0.0 0.0 0.6993006993006992
40 36 40 0.0 0.0 0.0 0.0 2.0 0.0 0.0 0.6993006993006992
40 36 41 0.0 0.0 0.0 0.0 1.0 0.0 0.0 0.6996501749125437
40 36 42 0.0 0.0 0.0 0.0 2.0 0.0 0.0 0.6993006993006992
40 37 36 0.0 0.0 0.0 0.0 2.0 0.0 0.0 0.6993006993006992
40 37 37 0.0 0.0 0.0 0.0 47.0 0.0 0.0 0.6839276990718123
40 37 38 0.0 0.0 3.0 0.0 166.0 1.0 0.0 0.6457564575645756
40 37 39 0.0 0.0 30.0 0.0 602.0 10.0 2.0 0.5339435545385202
40 37 40 0.0 0.0 8.0 0.0 167.0 2.0 0.0 0.6442705936493326
40 37 41 0.0 0.0 0.0 0.0 67.0 0.0 0.0 0.6773101112723753
40 37 42 0.0 0.0 0.0 0.0 17.0 0.0 0.0 0.694100148735746
40 37 43 0.0 0.0 0.0 0.0 4.0 0.0 0.0 0.6986027944111775
40 38 36 0.0 0.0 0.0 0.0 2.0 0.0 0.0 0.6993006993006992
40 38 37 0.0 0.0 214.0 0.0 4664.0 16.0 227.0 0.20396270396270394
40 38 38 0.0 0.0 486.0 0.0 9647.0 14.0 2151.0 0.11537827591890554
40 38 39 0.0 0.0 300.0 0.0 6326.0 22.0 501.0 0.16263940520446094
40 38 40 0.0 0.0 291.0 0.0 6295.0 15.0 469.0 0.16326530612244894
40 38 41 0.0 0.0 357.0 0.0 7215.0 22.0 779.0 0.1464894841477451
40 38 42 0.0 0.0 133.0 0.0 3007.0 20.0 66.0 0.27343749999999994
40 38 43 0.0 0.0 0.0 0.0 39.0 0.0 0.0 0.6866110838646394
40 38 44 0.0 0.0 0.0 0.0 1.0 0.0 0.0 0.6996501749125437
40 39 36 0.0 0.0 0.0 0.0 6.0 0.0 0.0 0.6979062811565303
40 39 37 0.0 0.0 111.0 0.0 2719.0 9.0 39.0 0.29039618336444717
40 39 38 0.0 0.0 412.0 0.0 8744.0 17.0 1471.0 0.12560559842095817
40 39 39 0.0 1.0 752.0 5.0 12051.0 21.0 6758.0 0.09452434001755451
40 39 40 0.0 0.0 656.0 4.0 11349.0 20.0 3954.0 0.09999285765302476
40 39 41 0.0 2.0 589.0 48.0 10849.0 25.0 3831.0 0.10387297818667456
40 39 42 0.0 0.0 477.0 1.0 9194.0 19.0 1873.0 0.12007890899734108
40 39 43 0.0 0.0 7.0 0.0 134.0 2.0 0.0 0.6545114539504441
40 40 36 0.0 0.0 15.0 0.0 212.0 6.0 0.0 0.6303466906798738
40 40 37 0.0 0.0 102.0 0.0 2650.0 18.0 56.0 0.2955457040320878
40 40 38 0.0 0.0 542.0 0.0 10223.0 29.0 2513.0 0.1098211484154377
40 40 39 0.0 4.0 854.0 38.0 12660.0 29.0 7414.0 0.09000900090009
40 40 40 11.0 45.0 1918.0 444.0 10920.0 49.0 38265.0 0.09131228802504564
40 40 41 0.0 4.0 1247.0 25.0 13124.0 37.0 15104.0 0.08540751586139579
40 40 42 0.0 0.0 385.0 6.0 8298.0 19.0 1247.0 0.13111069488668287
40 40 43 0.0 0.0 54.0 0.0 1005.0 7.0 2.0 0.45871559633027514
40 40 44 0.0 0.0 0.0 0.0 1.0 0.0 0.0 0.6996501749125437
40 41 36 0.0 0.0 0.0 0.0 3.0 0.0 0.0 0.6989515726410384
40 41 37 0.0 0.0 44.0 0.0 1292.0 10.0 10.0 0.4209260372820204
40 41 38 0.0 0.0 186.0 1.0 3975.0 15.0 135.0 0.2278275020341741
40 41 39 0.0 0.0 470.0 0.0 9247.0 23.0 1809.0 0.11960700555318238
40 41 40 0.0 3.0 695.0 51.0 11515.0 22.0 4322.0 0.0982456140350877
40 41 41 0.0 230.0 481.0 4206.0 7587.0 25.0 3388.0 0.09661169001449174
40 41 42 0.0 0.0 447.0 8.0 8857.0 22.0 1464.0 0.12392670620518718
40 41 43 0.0 0.0 1.0 0.0 62.0 1.0 0.0 0.6789524733268669
40 41 44 0.0 0.0 0.0 0.0 2.0 0.0 0.0 0.6993006993006992
40 42 36 0.0 0.0 0.0 0.0 2.0 0.0 0.0 0.6993006993006992
40 42 37 0.0 0.0 0.0 0.0 21.0 0.0 0.0 0.6927263730826323
40 42 38 0.0 0.0 198.0 0.0 5134.0 17.0 337.0 0.191309100847226
40 42 39 0.0 0.0 126.0 0.0 2833.0 11.0 71.0 0.2828854314002828
40 42 40 0.0 0.0 533.0 12.0 9516.0 24.0 1835.0 0.11618257261410786
40 42 41 0.0 0.0 119.0 7.0 3075.0 19.0 73.0 0.27016595908915475
40 42 42 0.0 0.0 4.0 25.0 215.0 1.0 1.0 0.6241640659830583
40 42 43 0.0 0.0 65.0 0.0 1588.0 7.0 10.0 0.3839824465167306
40 42 44 0.0 0.0 0.0 0.0 2.0 0.0 0.0 0.6993006993006992
40 43 37 0.0 0.0 0.0 0.0 2.0 0.0 0.0 0.6993006993006992
40 43 38 0.0 0.0 3.0 0.0 34.0 1.0 0.0 0.6879606879606879
40 43 39 0.0 0.0 1.0 0.0 105.0 0.0 0.0 0.664767331433998
40 43 40 0.0 0.0 0.0 1.0 70.0 0.0 0.0 0.6760019314340897
40 43 41 0.0 0.0 50.0 0.0 1157.0 6.0 16.0 0.437363323961262
40 43 42 0.0 0.0 1.0 0.0 26.0 0.0 0.0 0.6906758756783422
40 43 43 0.0 0.0 0.0 0.0 3.0 0.0 0.0 0.6989515726410384
40 43 44 0.0 0.0 0.0 0.0 2.0 0.0 0.0 0.6993006993006992
41 36 37 0.0 0.0 0.0 0.0 1.0 0.0 0.0 0.6996501749125437
41 36 38 0.0 0.0 0.0 0.0 1.0 0.0 0.0 0.6996501749125437
41 36 39 0.0 0.0 0.0 0.0 2.0 0.0 0.0 0.6993006993006992
41 37 36 0.0 0.0 0.0 0.0 1.0 0.0 0.0 0.6996501749125437
41 37 37 0.0 0.0 88.0 0.0 1600.0 13.0 15.0 0.3808487486398258
41 37 38 0.0 0.0 5.0 0.0 120.0 5.0 0.0 0.6603773584905659
41 37 39 0.0 0.0 151.0 0.0 3468.0 23.0 97.0 0.2501786990707648
41 37 40 0.0 0.0 0.0 0.0 79.0 1.0 0.0 0.6737247353224253
41 37 41 0.0 0.0 2.0 0.0 71.0 0.0 0.0 0.6753497346840327
41 37 42 0.0 0.0 2.0 0.0 49.0 1.0 0.0 0.6829268292682925
41 37 43 0.0 0.0 0.0 0.0 3.0 0.0 0.0 0.6989515726410384
41 38 36 0.0 0.0 0.0 0.0 14.0 0.0 0.0 0.6951340615690167
41 38 37 0.0 0.0 1.0 0.0 85.0 0.0 0.0 0.6711409395973154
41 38 38 0.0 0.0 325.0 0.0 7188.0 17.0 759.0 0.14735291021997685
41 38 39 0.0 0.0 128.0 0.0 3398.0 16.0 102.0 0.25408348457350266
41 38 40 0.0 0.0 109.0 0.0 3173.0 11.0 95.0 0.2657050673752135
41 38 41 0.0 2.0 119.0 25.0 2706.0 11.0 68.0 0.28919644701507946
41 38 42 0.0 0.0 128.0 0.0 3274.0 18.0 94.0 0.25998142989786444
41 38 43 0.0 0.0 3.0 0.0 114.0 3.0 0.0 0.6625650733554187
41 38 44 0.0 0.0 0.0 0.0 2.0 0.0 0.0 0.6993006993006992
41 39 36 0.0 0.0 0.0 0.0 13.0 0.0 0.0 0.695479384003974
41 39 37 0.0 0.0 9.0 0.0 261.0 6.0 0.0 0.6189213085764809
41 39 38 0.0 0.0 350.0 0.0 7315.0 27.0 757.0 0.1451679800912484
41 39 39 0.0 0.0 1038.0 2.0 12863.0 31.0 10650.0 0.08810572687224669
41 39 40 0.0 0.0 672.0 1.0 11308.0 19.0 4005.0 0.10017889087656529
41 39 41 0.0 0.0 996.0 6.0 13010.0 34.0 9994.0 0.0875109388673584
41 39 42 0.0 0.0 438.0 0.0 9106.0 31.0 1787.0 0.12149613815846566
41 39 43 0.0 0.0 58.0 0.0 1263.0 10.0 11.0 0.4228329809725158
41 40 36 0.0 0.0 1.0 0.0 32.0 0.0 0.0 0.6886374815543531
41 40 37 0.0 0.0 136.0 0.0 2973.0 16.0 68.0 0.27488709994109556
41 40 38 0.0 0.0 355.0 0.0 7288.0 28.0 692.0 0.1455150192287704
41 40 39 0.0 0.0 788.0 7.0 12172.0 30.0 5821.0 0.09363922145675872
41 40 40 0.0 0.0 530.0 12.0 10276.0 22.0 2833.0 0.10934937124111535
41 40 41 0.0 0.0 1136.0 6.0 12804.0 39.0 14067.0 0.08785691873235017
41 40 42 0.0 0.0 464.0 6.0 9210.0 26.0 1598.0 0.1200995110234194
41 40 43 0.0 0.0 4.0 0.0 209.0 3.0 0.0 0.6334841628959276
41 40 44 0.0 0.0 0.0 0.0 2.0 0.0 0.0 0.6993006993006992
41 41 36 0.0 0.0 15.0 0.0 250.0 1.0 0.0 0.6183745583038868
41 41 37 0.0 0.0 241.0 0.0 5161.0 18.0 293.0 0.18944519621109604
41 41 38 0.0 0.0 378.0 1.0 7760.0 22.0 992.0 0.1382852627419992
41 41 39 0.0 0.0 980.0 3.0 12895.0 34.0 8087.0 0.08822232024702249
41 41 40 0.0 0.0 901.0 9.0 12601.0 33.0 8333.0 0.0903400658191908
41 41 41 0.0 1.0 600.0 19.0 10719.0 17.0 3266.0 0.10493179433368309
41 41 42 0.0 0.0 75.0 10.0 2056.0 12.0 28.0 0.33906514894647605
41 41 43 0.0 0.0 9.0 0.0 269.0 5.0 1.0 0.6159260888693356
41 42 36 0.0 0.0 0.0 0.0 3.0 0.0 0.0 0.6989515726410384
41 42 37 0.0 0.0 0.0 0.0 29.0 0.0 0.0 0.6899950714637751
41 42 38 0.0 0.0 5.0 0.0 294.0 1.0 1.0 0.6094906399651718
41 42 39 0.0 0.0 115.0 0.0 2407.0 20.0 33.0 0.3110419906687402
41 42 40 0.0 0.0 246.0 7.0 5196.0 11.0 244.0 0.1880961977697165
41 42 41 0.0 0.0 71.0 11.0 1895.0 11.0 23.0 0.35308953341740223
41 42 42 0.0 0.0 136.0 2.0 3177.0 15.0 82.0 0.2640513013956997
41 42 43 0.0 0.0 27.0 0.0 353.0 7.0 0.0 0.5904681568958244
41 43 37 0.0 0.0 0.0 0.0 3.0 0.0 0.0 0.6989515726410384
41 43 38 0.0 0.0 0.0 0.0 17.0 0.0 0.0 0.694100148735746
41 43 39 0.0 0.0 2.0 0.0 72.0 0.0 0.0 0.6750241080038573
41 43 40 0.0 0.0 3.0 0.0 80.0 1.0 0.0 0.6724303554274734
41 43 41 0.0 0.0 0.0 0.0 46.0 1.0 0.0 0.6845965770171147
41 43 42 0.0 0.0 0.0 0.0 5.0 0.0 0.0 0.6982543640897755
41 43 43 0.0 0.0 0.0 0.0 1.0 0.0 0.0 0.6996501749125437
41 44 40 0.0 0.0 0.0 0.0 1.0 0.0 0.0 0.6996501749125437
41 44 42 0.0 0.0 0.0 0.0 1.0 0.0 0.0 0.6996501749125437
42 36 38 0.0 0.0 0.0 0.0 1.0 0.0 0.0 0.6996501749125437
42 36 40 0.0 0.0 0.0 0.0 2.0 0.0 0.0 0.6993006993006992
42 37 37 0.0 0.0 0.0 0.0 15.0 0.0 0.0 0.694789081885856
42 37 38 0.0 0.0 2.0 0.0 98.0 1.0 0.0 0.6669842782277274
42 37 39 0.0 0.0 38.0 0.0 973.0 10.0 3.0 0.4663557628247834
42 37 40 0.0 0.0 4.0 0.0 140.0 1.0 0.0 0.6532897806812878
42 37 41 0.0 0.0 0.0 0.0 2.0 0.0 0.0 0.6993006993006992
42 37 42 0.0 0.0 0.0 0.0 5.0 0.0 0.0 0.6982543640897755
42 37 43 0.0 0.0 0.0 0.0 4.0 0.0 0.0 0.6986027944111775
42 37 44 0.0 0.0 0.0 0.0 1.0 0.0 0.0 0.6996501749125437
42 38 37 0.0 0.0 4.0 0.0 69.0 0.0 0.0 0.6753497346840327
42 38 38 0.0 0.0 305.0 0.0 6370.0 20.0 514.0 0.1616441519455028
42 38 39 0.0 0.0 423.0 0.0 8281.0 24.0 1300.0 0.13096351730589334
42 38 40 0.0 0.0 139.0 0.0 3121.0 19.0 63.0 0.26707363601678746
42 38 41 0.0 0.0 109.0 0.0 2582.0 16.0 45.0 0.29952931108258446
42 38 42 0.0 0.0 9.0 0.0 341.0 1.0 2.0 0.5959982971477223
42 38 43 0.0 0.0 9.0 0.0 258.0 2.0 0.0 0.6181015452538631
42 38 44 0.0 0.0 0.0 0.0 2.0 0.0 0.0 0.6993006993006992
42 39 37 0.0 0.0 49.0 0.0 1309.0 12.0 7.0 0.4182850313713773
42 39 38 0.0 0.0 100.0 0.0 2502.0 17.0 45.0 0.3052769297863061
42 39 39 0.0 0.0 244.0 0.0 5899.0 16.0 455.0 0.1721382023853436
42 39 40 0.0 0.0 189.0 0.0 4361.0 20.0 186.0 0.2143950995405819
42 39 41 0.0 0.0 296.0 0.0 6416.0 11.0 534.0 0.16079016882967725
42 39 42 0.0 0.0 378.0 0.0 8592.0 17.0 1513.0 0.12776054024457015
42 39 43 0.0 0.0 146.0 0.0 2961.0 30.0 56.0 0.2756990941315478
42 39 44 0.0 0.0 0.0 0.0 2.0 0.0 0.0 0.6993006993006992
42 40 36 0.0 0.0 0.0 0.0 4.0 0.0 0.0 0.6989515726410384
42 40 37 0.0 0.0 47.0 0.0 1054.0 11.0 7.0 0.4530744336569579
42 40 38 0.0 0.0 619.0 0.0 10512.0 22.0 2751.0 0.10670731707317072
42 40 39 0.0 0.0 589.0 0.0 10266.0 35.0 2227.0 0.10908524232507401
42 40 40 0.0 0.0 653.0 0.0 11311.0 25.0 4594.0 0.10023627121071095
42 40 41 0.0 0.0 335.0 0.0 6730.0 23.0 597.0 0.15469613259668505
42 40 42 0.0 0.0 270.0 2.0 6221.0 20.0 497.0 0.16523073291632243
42 40 43 0.0 0.0 15.0 0.0 471.0 3.0 3.0 0.5636070853462157
42 40 44 0.0 0.0 0.0 0.0 1.0 0.0 0.0 0.6996501749125437
42 41 36 0.0 0.0 0.0 0.0 5.0 0.0 0.0 0.6982543640897755
42 41 37 0.0 0.0 2.0 0.0 103.0 0.0 0.0 0.6650831353919239
42 41 38 0.0 0.0 25.0 0.0 619.0 6.0 1.0 0.5311077389984825
42 41 39 0.0 0.0 302.0 0.0 7121.0 16.0 823.0 0.14877789585547288
42 41 40 0.0 0.0 189.0 0.0 4203.0 20.0 146.0 0.2197457228064668
42 41 41 0.0 0.0 573.0 0.0 10424.0 28.0 3049.0 0.10792476102374345
42 41 42 0.0 0.0 214.0 0.0 4906.0 22.0 236.0 0.19712756969867642
42 41 43 0.0 0.0 1.0 0.0 55.0 0.0 0.0 0.6809338521400777
42 41 44 0.0 0.0 0.0 0.0 1.0 0.0 0.0 0.6996501749125437
42 42 36 0.0 0.0 0.0 0.0 3.0 0.0 0.0 0.6989515726410384
42 42 37 0.0 0.0 0.0 0.0 13.0 0.0 0.0 0.695479384003974
42 42 38 0.0 0.0 61.0 0.0 1882.0 9.0 23.0 0.3557814485387547
42 42 39 0.0 0.0 157.0 0.0 3863.0 15.0 119.0 0.23306142833361077
42 42 40 0.0 0.0 400.0 0.0 8104.0 19.0 1283.0 0.13339685564554546
42 42 41 0.0 0.0 157.0 0.0 3566.0 11.0 93.0 0.2450551374059163
42 42 42 0.0 0.0 110.0 0.0 2607.0 18.0 50.0 0.2979357310065971
42 42 43 0.0 0.0 0.0 0.0 25.0 0.0 0.0 0.6913580246913579
42 43 37 0.0 0.0 0.0 0.0 1.0 0.0 0.0 0.6996501749125437
42 43 38 0.0 0.0 0.0 0.0 3.0 0.0 0.0 0.6989515726410384
42 43 39 0.0 0.0 4.0 0.0 44.0 2.0 0.0 0.6842619745845552
42 43 40 0.0 0.0 0.0 0.0 66.0 0.0 0.0 0.6776379477250725
42 43 41 0.0 0.0 3.0 0.0 140.0 1.0 0.0 0.65359477124183
42 43 42 0.0 0.0 0.0 0.0 4.0 0.0 0.0 0.6986027944111775
42 43 43 0.0 0.0 0.0 0.0 2.0 0.0 0.0 0.6993006993006992
43 37 37 0.0 0.0 0.0 0.0 4.0 0.0 0.0 0.6989515726410384
43 37 38 0.0 0.0 9.0 0.0 174.0 0.0 1.0 0.6413192853870818
43 37 39 0.0 0.0 0.0 0.0 13.0 0.0 0.0 0.695479384003974
43 37 40 0.0 0.0 0.0 0.0 14.0 0.0 0.0 0.6951340615690167
43 37 41 0.0 0.0 0.0 0.0 2.0 0.0 0.0 0.6993006993006992
43 37 42 0.0 0.0 0.0 0.0 4.0 0.0 0.0 0.6986027944111775
43 38 37 0.0 0.0 2.0 0.0 38.0 1.0 0.0 0.6866110838646394
43 38 38 0.0 0.0 14.0 0.0 217.0 2.0 0.0 0.6283662477558347
43 38 39 0.0 0.0 44.0 0.0 963.0 5.0 3.0 0.4665111629456847
43 38 40 0.0 0.0 1.0 0.0 75.0 0.0 0.0 0.6743737957610789
43 38 41 0.0 0.0 12.0 0.0 236.0 2.0 0.0 0.6233303650934995
43 38 42 0.0 0.0 54.0 0.0 1259.0 9.0 3.0 0.42372881355932196
43 38 43 0.0 0.0 0.0 0.0 12.0 0.0 0.0 0.6958250497017892
43 39 37 0.0 0.0 3.0 0.0 96.0 2.0 0.0 0.6676204101096804
43 39 38 0.0 0.0 7.0 0.0 249.0 0.0 1.0 0.6205673758865247
43 39 39 0.0 0.0 66.0 0.0 1801.0 9.0 18.0 0.36307053941908707
43 39 40 0.0 0.0 175.0 0.0 3993.0 16.0 130.0 0.22753128555176336
43 39 41 0.0 0.0 18.0 0.0 418.0 5.0 1.0 0.5761316872427983
43 39 42 0.0 0.0 16.0 0.0 388.0 5.0 0.0 0.5838198498748957
43 39 43 0.0 0.0 3.0 0.0 102.0 0.0 0.0 0.6650831353919239
43 39 44 0.0 0.0 0.0 0.0 6.0 0.0 0.0 0.6979062811565303
43 40 36 0.0 0.0 0.0 0.0 1.0 0.0 0.0 0.6996501749125437
43 40 37 0.0 0.0 20.0 0.0 301.0 7.0 0.0 0.6052745352356247
43 40 38 0.0 0.0 27.0 0.0 968.0 4.0 16.0 0.4680708793045803
43 40 39 0.0 0.0 55.0 0.0 1302.0 11.0 8.0 0.4184100418410041
43 40 40 0.0 0.0 58.0 0.0 1693.0 10.0 16.0 0.37423148890670943
43 40 41 0.0 0.0 30.0 0.0 799.0 3.0 4.0 0.4953998584571832
43 40 42 0.0 0.0 9.0 0.0 311.0 2.0 0.0 0.6042296072507551
43 40 43 0.0 0.0 76.0 0.0 1684.0 10.0 16.0 0.3731343283582089
43 41 36 0.0 0.0 0.0 0.0 1.0 0.0 0.0 0.6996501749125437
43 41 37 0.0 0.0 0.0 0.0 25.0 0.0 0.0 0.6913580246913579
43 41 38 0.0 0.0 4.0 0.0 178.0 3.0 0.0 0.6424965580541532
43 41 39 0.0 0.0 97.0 0.0 2544.0 15.0 48.0 0.302571860816944
43 41 40 0.0 0.0 97.0 0.0 2189.0 15.0 24.0 0.3278688524590163
43 41 41 0.0 0.0 58.0 0.0 1416.0 19.0 11.0 0.4052098408104196
43 41 42 0.0 0.0 9.0 0.0 189.0 3.0 0.0 0.6378132118451024
43 41 43 0.0 0.0 0.0 0.0 14.0 0.0 0.0 0.6951340615690167
43 42 38 0.0 0.0 0.0 0.0 16.0 0.0 0.0 0.6944444444444444
43 42 39 0.0 0.0 0.0 0.0 38.0 0.0 0.0 0.6869479882237487
43 42 40 0.0 0.0 30.0 0.0 892.0 7.0 5.0 0.48027444253859347
43 42 41 0.0 0.0 1.0 0.0 59.0 0.0 0.0 0.6796116504854368
43 42 42 0.0 0.0 0.0 0.0 36.0 0.0 0.0 0.6876227897838899
43 42 43 0.0 0.0 0.0 0.0 2.0 0.0 0.0 0.6993006993006992
43 43 37 0.0 0.0 0.0 0.0 1.0 0.0 0.0 0.6996501749125437
43 43 38 0.0 0.0 0.0 0.0 5.0 0.0 0.0 0.6982543640897755
43 43 39 0.0 0.0 0.0 0.0 26.0 0.0 0.0 0.6910167818361302
43 43 40 0.0 0.0 0.0 0.0 14.0 0.0 0.0 0.6951340615690167
43 43 41 0.0 0.0 1.0 0.0 34.0 0.0 0.0 0.6879606879606879
43 43 42 0.0 0.0 0.0 0.0 1.0 0.0 0.0 0.6996501749125437
43 43 43 0.0 0.0 0.0 0.0 2.0 0.0 0.0 0.6993006993006992
44 37 39 0.0 0.0 0.0 0.0 1.0 0.0 0.0 0.6996501749125437
44 37 42 0.0 0.0 0.0 0.0 1.0 0.0 0.0 0.6996501749125437
44 38 38 0.0 0.0 0.0 0.0 1.0 0.0 0.0 0.6996501749125437
44 38 39 0.0 0.0 0.0 0.0 9.0 0.0 0.0 0.6968641114982577
44 38 40 0.0 0.0 35.0 0.0 743.0 9.0 2.0 0.5055976886962801
44 38 41 0.0 0.0 0.0 0.0 1.0 0.0 0.0 0.6996501749125437
44 39 39 0.0 0.0 0.0 0.0 2.0 0.0 0.0 0.6993006993006992
44 39 40 0.0 0.0 0.0 0.0 6.0 0.0 0.0 0.6979062811565303
44 39 41 0.0 0.0 0.0 0.0 6.0 0.0 0.0 0.6979062811565303
44 39 43 0.0 0.0 0.0 0.0 1.0 0.0 0.0 0.6996501749125437
44 40 38 0.0 0.0 0.0 0.0 4.0 0.0 0.0 0.6986027944111775
44 40 39 0.0 0.0 0.0 0.0 2.0 0.0 0.0 0.6993006993006992
44 40 40 0.0 0.0 27.0 0.0 454.0 6.0 0.0 0.5656565656565656
44 40 41 0.0 0.0 0.0 0.0 2.0 0.0 0.0 0.6993006993006992
44 40 43 0.0 0.0 0.0 0.0 1.0 0.0 0.0 0.6996501749125437
44 41 38 0.0 0.0 0.0 0.0 2.0 0.0 0.0 0.6993006993006992
44 41 39 0.0 0.0 0.0 0.0 3.0 0.0 0.0 0.6989515726410384
44 41 40 0.0 0.0 0.0 0.0 1.0 0.0 0.0 0.6996501749125437
44 41 41 0.0 0.0 0.0 0.0 4.0 0.0 0.0 0.6986027944111775
44 41 42 0.0 0.0 0.0 0.0 2.0 0.0 0.0 0.6993006993006992
44 41 44 0.0 0.0 0.0 0.0 1.0 0.0 0.0 0.6996501749125437
44 42 39 0.0 0.0 6.0 0.0 259.0 3.0 1.0 0.6189213085764809
44 42 40 0.0 0.0 0.0 0.0 2.0 0.0 0.0 0.6993006993006992
44 42 41 0.0 0.0 0.0 0.0 2.0 0.0 0.0 0.6993006993006992
45 38 41 0.0 0.0 1.0 0.0 40.0 0.0 0.0 0.6859382655560998
