34 39 38 0.0 0.0 0.0 0.0 3.0 0.0 0.0 0.6989515726410384
34 39 39 0.0 0.0 0.0 0.0 5.0 0.0 0.0 0.6982543640897755
34 40 38 0.0 0.0 6.0 0.0 99.0 3.0 0.0 0.6660323501427211
34 40 39 0.0 0.0 1.0 0.0 19.0 0.0 0.0 0.6930693069306929
34 40 40 0.0 0.0 0.0 0.0 4.0 0.0 0.0 0.6986027944111775
34 41 39 0.0 0.0 0.0 0.0 8.0 0.0 0.0 0.697211155378486
34 41 40 0.0 0.0 0.0 0.0 2.0 0.0 0.0 0.6993006993006992
34 42 38 0.0 0.0 3.0 0.0 64.0 1.0 0.0 0.6776379477250725
34 42 39 0.0 0.0 2.0 0.0 37.0 0.0 0.0 0.6866110838646394
34 42 40 0.0 0.0 0.0 0.0 1.0 0.0 0.0 0.6996501749125437
35 36 39 0.0 0.0 0.0 0.0 1.0 0.0 0.0 0.6996501749125437
35 37 39 0.0 0.0 0.0 0.0 1.0 0.0 0.0 0.6996501749125437
35 37 40 0.0 0.0 0.0 0.0 1.0 0.0 0.0 0.6996501749125437
35 37 42 0.0 0.0 0.0 0.0 4.0 0.0 0.0 0.6986027944111775
35 38 37 0.0 0.0 1.0 0.0 13.0 1.0 0.0 0.695479384003974
35 38 38 0.0 0.0 0.0 0.0 5.0 0.0 0.0 0.6982543640897755
35 38 39 0.0 0.0 0.0 0.0 3.0 0.0 0.0 0.6989515726410384
35 38 40 0.0 0.0 0.0 0.0 7.0 0.0 0.0 0.6975585450921773
35 38 41 0.0 0.0 0.0 0.0 2.0 0.0 0.0 0.6993006993006992
35 38 42 0.0 0.0 0.0 0.0 3.0 0.0 0.0 0.6989515726410384
35 38 43 0.0 0.0 0.0 0.0 3.0 0.0 0.0 0.6989515726410384
35 39 37 0.0 0.0 0.0 0.0 5.0 0.0 0.0 0.6982543640897755
35 39 38 0.0 0.0 26.0 0.0 353.0 7.0 0.0 0.5902192242833051
35 39 39 0.0 0.0 1.0 0.0 45.0 1.0 0.0 0.6845965770171147
35 39 40 0.0 0.0 2.0 0.0 49.0 0.0 0.0 0.68259385665529
35 39 41 0.0 0.0 0.0 0.0 10.0 0.0 0.0 0.6965174129353233
35 39 42 0.0 0.0 0.0 0.0 2.0 0.0 0.0 0.6993006993006992
35 39 43 0.0 0.0 0.0 0.0 14.0 0.0 0.0 0.6951340615690167
35 39 44 0.0 0.0 0.0 0.0 1.0 0.0 0.0 0.6996501749125437
35 40 37 0.0 0.0 0.0 0.0 2.0 0.0 0.0 0.6993006993006992
35 40 38 0.0 0.0 18.0 0.0 568.0 4.0 2.0 0.5422153369481022
35 40 39 0.0 0.0 160.0 0.0 3819.0 17.0 137.0 0.23478115042763706
35 40 40 0.0 0.0 0.0 0.0 34.0 0.0 0.0 0.6886374815543531
35 40 41 0.0 0.0 1.0 0.0 28.0 0.0 0.0 0.6899950714637751
35 40 42 0.0 0.0 2.0 0.0 49.0 0.0 0.0 0.68259385665529
35 40 43 0.0 0.0 0.0 0.0 8.0 0.0 0.0 0.697211155378486
35 40 44 0.0 0.0 1.0 0.0 29.0 0.0 0.0 0.689655172413793
35 41 37 0.0 0.0 0.0 0.0 2.0 0.0 0.0 0.6993006993006992
35 41 38 0.0 0.0 1.0 0.0 58.0 1.0 0.0 0.6802721088435373
35 41 39 0.0 0.0 137.0 0.0 3072.0 12.0 64.0 0.26933435936898803
35 41 40 0.0 0.0 0.0 0.0 34.0 0.0 0.0 0.6882989183874139
35 41 41 0.0 0.0 0.0 0.0 14.0 0.0 0.0 0.6951340615690167
35 41 42 0.0 0.0 0.0 0.0 25.0 0.0 0.0 0.6913580246913579
35 41 43 0.0 0.0 0.0 0.0 13.0 0.0 0.0 0.695479384003974
35 41 44 0.0 0.0 1.0 0.0 1.0 1.0 0.0 0.6996501749125437
35 42 38 0.0 0.0 0.0 0.0 8.0 0.0 0.0 0.697211155378486
35 42 39 0.0 0.0 1.0 0.0 12.0 0.0 0.0 0.695479384003974
35 42 40 0.0 0.0 2.0 0.0 50.0 1.0 0.0 0.6829268292682925
35 42 41 0.0 0.0 0.0 0.0 14.0 0.0 0.0 0.6951340615690167
35 42 42 0.0 0.0 0.0 0.0 14.0 0.0 0.0 0.6951340615690167
35 42 43 0.0 0.0 0.0 0.0 6.0 0.0 0.0 0.6979062811565303
35 43 41 0.0 0.0 0.0 0.0 4.0 0.0 0.0 0.6989515726410384
35 43 42 0.0 0.0 4.0 0.0 76.0 1.0 0.0 0.6734006734006733
35 43 43 0.0 0.0 0.0 0.0 5.0 0.0 0.0 0.6982543640897755
36 35 38 0.0 0.0 0.0 0.0 5.0 0.0 0.0 0.6982543640897755
36 36 37 0.0 0.0 5.0 0.0 62.0 2.0 0.0 0.6779661016949151
36 36 38 0.0 0.0 0.0 0.0 7.0 0.0 0.0 0.6975585450921773
36 36 39 0.0 0.0 0.0 0.0 8.0 0.0 0.0 0.697211155378486
36 36 40 0.0 0.0 0.0 0.0 12.0 0.0 0.0 0.6958250497017892
36 36 41 0.0 0.0 0.0 0.0 7.0 0.0 0.0 0.6975585450921773
36 36 42 0.0 0.0 0.0 0.0 1.0 0.0 0.0 0.6996501749125437
36 36 43 0.0 0.0 0.0 0.0 1.0 0.0 0.0 0.6996501749125437
36 37 36 0.0 0.0 0.0 0.0 6.0 0.0 0.0 0.6979062811565303
36 37 37 0.0 0.0 0.0 0.0 7.0 0.0 0.0 0.6975585450921773
36 37 38 0.0 0.0 0.0 0.0 61.0 0.0 0.0 0.6792819019893255
36 37 39 0.0 0.0 47.0 0.0 1168.0 8.0 5.0 0.4365450576863112
36 37 40 0.0 0.0 39.0 0.0 850.0 15.0 2.0 0.48712595685455806
36 37 41 0.0 0.0 44.0 0.0 1142.0 9.0 6.0 0.4406672961913755
36 37 42 0.0 0.0 0.0 0.0 68.0 0.0 0.0 0.6773101112723753
36 37 43 0.0 0.0 0.0 0.0 3.0 0.0 0.0 0.6989515726410384
36 38 36 0.0 0.0 0.0 0.0 1.0 0.0 0.0 0.6996501749125437
36 38 37 0.0 0.0 0.0 0.0 11.0 0.0 0.0 0.6961710591745399
36 38 38 0.0 0.0 13.0 0.0 363.0 3.0 2.0 0.5899705014749261
36 38 39 0.0 0.0 46.0 0.0 1179.0 11.0 9.0 0.43559427504667075
36 38 40 0.0 0.0 104.0 0.0 2261.0 16.0 32.0 0.32198712051517936
36 38 41 0.0 0.0 15.0 0.0 501.0 7.0 1.0 0.557991231566361
36 38 42 0.0 0.0 4.0 0.0 215.0 2.0 1.0 0.6314839873703202
36 38 43 0.0 0.0 0.0 0.0 19.0 0.0 0.0 0.6934125804853887
36 38 44 0.0 0.0 0.0 0.0 13.0 0.0 0.0 0.695479384003974
36 39 36 0.0 0.0 0.0 0.0 4.0 0.0 0.0 0.6986027944111775
36 39 37 0.0 0.0 6.0 0.0 215.0 3.0 0.0 0.6311992786293958
36 39 38 0.0 0.0 159.0 0.0 4286.0 16.0 177.0 0.21772939346811818
36 39 39 0.0 0.0 165.0 0.0 3672.0 10.0 133.0 0.2402608546421829
36 39 40 0.0 0.0 84.0 0.0 2407.0 8.0 55.0 0.3122908766451037
36 39 41 0.0 0.0 3.0 0.0 206.0 0.0 0.0 0.6337709370755997
36 39 42 0.0 0.0 260.0 0.0 5087.0 30.0 231.0 0.19128296215329962
36 39 43 0.0 0.0 1.0 0.0 41.0 0.0 0.0 0.6859382655560998
36 39 44 0.0 0.0 0.0 0.0 3.0 0.0 0.0 0.6989515726410384
36 40 37 0.0 0.0 0.0 0.0 30.0 0.0 0.0 0.689655172413793
36 40 38 0.0 0.0 104.0 0.0 2758.0 8.0 50.0 0.288481351741191
36 40 39 0.0 0.0 335.0 0.0 7556.0 16.0 981.0 0.14172909495849362
36 40 40 0.0 0.0 159.0 0.0 3285.0 10.0 64.0 0.25758969641214347
36 40 41 0.0 0.0 49.0 0.0 1112.0 8.0 5.0 0.4440215667618141
36 40 42 0.0 0.0 5.0 0.0 406.0 1.0 2.0 0.5809128630705394
36 40 43 0.0 0.0 90.0 0.0 2202.0 16.0 29.0 0.32725572697522204
36 40 44 0.0 0.0 0.0 0.0 10.0 0.0 0.0 0.6968641114982577
36 41 37 0.0 0.0 3.0 0.0 211.0 2.0 1.0 0.6329113924050632
36 41 38 0.0 0.0 119.0 0.0 2751.0 15.0 46.0 0.2883625128733264
36 41 39 0.0 0.0 209.0 0.0 5325.0 22.0 373.0 0.1862692921766897
36 41 40 0.0 0.0 74.0 0.0 1808.0 13.0 16.0 0.36194415718717676
36 41 41 0.0 0.0 313.0 0.0 6558.0 27.0 527.0 0.15824573301684183
36 41 42 0.0 0.0 282.0 0.0 6098.0 30.0 425.0 0.16760445348976416
36 41 43 0.0 0.0 30.0 0.0 850.0 2.0 1.0 0.4864489228630993
36 41 44 0.0 0.0 0.0 0.0 12.0 0.0 0.0 0.6961710591745399
36 42 37 0.0 0.0 0.0 0.0 23.0 0.0 0.0 0.6920415224913494
36 42 38 0.0 0.0 0.0 0.0 78.0 0.0 0.0 0.6737247353224253
36 42 39 0.0 0.0 27.0 0.0 621.0 8.0 0.0 0.5305039787798408
36 42 40 0.0 0.0 42.0 0.0 993.0 11.0 4.0 0.4631161098246774
36 42 41 0.0 0.0 51.0 0.0 1034.0 10.0 5.0 0.45528455284552843
36 42 42 0.0 0.0 224.0 0.0 4563.0 14.0 163.0 0.20667257159728372
36 42 43 0.0 0.0 15.0 0.0 461.0 3.0 1.0 0.5661140315406388
36 42 44 0.0 0.0 1.0 0.0 24.0 1.0 0.0 0.6916996047430829
36 43 37 0.0 0.0 0.0 0.0 3.0 0.0 0.0 0.6989515726410384
36 43 38 0.0 0.0 0.0 0.0 18.0 0.0 0.0 0.6937561942517343
36 43 39 0.0 0.0 13.0 0.0 293.0 6.0 1.0 0.608695652173913
36 43 40 0.0 0.0 12.0 0.0 301.0 3.0 0.0 0.606060606060606
36 43 41 0.0 0.0 1.0 0.0 137.0 0.0 0.0 0.6548175865294666
36 43 42 0.0 0.0 0.0 0.0 33.0 0.0 0.0 0.6886374815543531
36 43 43 0.0 0.0 0.0 0.0 23.0 0.0 0.0 0.6920415224913494
36 43 44 0.0 0.0 0.0 0.0 11.0 0.0 0.0 0.6961710591745399
36 44 37 0.0 0.0 0.0 0.0 1.0 0.0 0.0 0.6996501749125437
36 44 38 0.0 0.0 0.0 0.0 1.0 0.0 0.0 0.6996501749125437
36 44 39 0.0 0.0 0.0 0.0 3.0 0.0 0.0 0.6989515726410384
36 44 40 0.0 0.0 0.0 0.0 3.0 0.0 0.0 0.6989515726410384
36 44 41 0.0 0.0 3.0 0.0 54.0 0.0 0.0 0.6806028196402526
36 44 42 0.0 0.0 0.0 0.0 9.0 0.0 0.0 0.6968641114982577
36 45 38 0.0 0.0 0.0 0.0 1.0 0.0 0.0 0.6996501749125437
36 45 39 0.0 0.0 0.0 0.0 2.0 0.0 0.0 0.6993006993006992
37 35 38 0.0 0.0 0.0 0.0 2.0 0.0 0.0 0.6993006993006992
37 35 39 0.0 0.0 0.0 0.0 4.0 0.0 0.0 0.6986027944111775
37 35 40 0.0 0.0 0.0 0.0 2.0 0.0 0.0 0.6993006993006992
37 36 36 0.0 0.0 0.0 0.0 5.0 0.0 0.0 0.6982543640897755
37 36 37 0.0 0.0 0.0 0.0 7.0 0.0 0.0 0.6975585450921773
37 36 38 0.0 0.0 0.0 0.0 22.0 0.0 0.0 0.6923837784371908
37 36 39 0.0 0.0 92.0 0.0 2346.0 16.0 25.0 0.3165988240615106
37 36 40 0.0 0.0 4.0 0.0 81.0 1.0 0.0 0.6717850287907868
37 36 41 0.0 0.0 14.0 0.0 309.0 4.0 0.0 0.6037084950409658
37 36 42 0.0 0.0 0.0 0.0 14.0 0.0 0.0 0.6951340615690167
37 36 43 0.0 0.0 0.0 0.0 2.0 0.0 0.0 0.6993006993006992
37 37 36 0.0 0.0 0.0 0.0 8.0 0.0 0.0 0.697211155378486
37 37 37 0.0 0.0 163.0 0.0 3735.0 15.0 108.0 0.23793337865397685
37 37 38 0.0 0.0 146.0 0.0 3346.0 22.0 99.0 0.2559414990859232
37 37 39 0.0 0.0 37.0 0.0 1083.0 13.0 7.0 0.4504504504504504
37 37 40 0.0 0.0 338.0 0.0 7245.0 28.0 772.0 0.14638226683396066
37 37 41 0.0 0.0 45.0 0.0 1430.0 11.0 15.0 0.40439052570768336
37 37 42 0.0 0.0 167.0 0.0 3986.0 21.0 138.0 0.22823606129768498
37 37 43 0.0 0.0 0.0 0.0 31.0 0.0 0.0 0.6893156080748399
37 38 36 0.0 0.0 0.0 0.0 9.0 0.0 0.0 0.6968641114982577
37 38 37 0.0 0.0 40.0 0.0 883.0 8.0 2.0 0.48027444253859347
37 38 38 0.0 0.0 205.0 0.0 4799.0 15.0 242.0 0.20022883295194505
37 38 39 0.0 0.0 634.0 0.0 11007.0 29.0 4169.0 0.1026694045174538
37 38 40 0.0 0.0 550.0 0.0 10117.0 22.0 2266.0 0.11060199083583504
37 38 41 0.0 0.0 777.0 0.0 12095.0 28.0 5333.0 0.09420631182289213
37 38 42 0.0 0.0 140.0 0.0 3766.0 20.0 150.0 0.23781212841854932
37 38 43 0.0 0.0 1.0 0.0 67.0 0.0 0.0 0.6769825918762088
37 38 44 0.0 0.0 0.0 0.0 10.0 0.0 0.0 0.6965174129353233
37 39 36 0.0 0.0 3.0 0.0 19.0 0.0 0.0 0.6923837784371908
37 39 37 0.0 0.0 72.0 0.0 1740.0 12.0 17.0 0.3684210526315789
37 39 38 0.0 0.0 214.0 0.0 4987.0 12.0 283.0 0.19476905954368387
37 39 39 0.0 0.0 355.0 0.0 8246.0 20.0 1342.0 0.13225014169658036
37 39 40 0.0 0.0 426.0 0.0 8676.0 21.0 1521.0 0.1261829652996845
37 39 41 0.0 0.0 275.0 0.0 5635.0 12.0 342.0 0.17723762501582477
37 39 42 0.0 0.0 163.0 0.0 4096.0 17.0 175.0 0.2243230251562249
37 39 43 0.0 0.0 342.0 0.0 6402.0 22.0 487.0 0.16047684548372304
37 39 44 0.0 0.0 1.0 0.0 37.0 1.0 0.0 0.6872852233676975
37 40 36 0.0 0.0 0.0 0.0 20.0 0.0 0.0 0.6930693069306929
37 40 37 0.0 0.0 10.0 0.0 333.0 3.0 0.0 0.5982905982905982
37 40 38 0.0 0.0 265.0 0.0 6120.0 22.0 493.0 0.16736401673640164
37 40 39 0.0 0.0 901.0 0.0 12738.0 36.0 7330.0 0.08959999999999999
37 40 40 0.0 0.0 495.0 0.0 10004.0 18.0 2366.0 0.11210762331838564
37 40 41 0.0 0.0 442.0 0.0 9066.0 19.0 1720.0 0.12174971736672752
37 40 42 0.0 0.0 349.0 0.0 7824.0 24.0 1080.0 0.13783597518952445
37 40 43 0.0 0.0 159.0 0.0 4095.0 17.0 168.0 0.2243230251562249
37 40 44 0.0 0.0 88.0 0.0 1495.0 17.0 5.0 0.39237668161434974
37 41 36 0.0 0.0 0.0 0.0 4.0 0.0 0.0 0.6986027944111775
37 41 37 0.0 0.0 7.0 0.0 178.0 1.0 1.0 0.641025641025641
37 41 38 0.0 0.0 368.0 0.0 7767.0 15.0 922.0 0.13817607579944727
37 41 39 0.0 0.0 549.0 0.0 10244.0 26.0 2420.0 0.1095976201659621
37 41 40 0.0 0.0 497.0 0.0 9727.0 29.0 2176.0 0.11471648639790233
37 41 41 0.0 0.0 607.0 0.0 10956.0 24.0 3287.0 0.10330578512396693
37 41 42 0.0 0.0 841.0 0.0 12253.0 41.0 7099.0 0.09285666909862704
37 41 43 0.0 0.0 61.0 0.0 1557.0 16.0 7.0 0.3887808941960566
37 41 44 0.0 0.0 0.0 0.0 24.0 0.0 0.0 0.6920415224913494
37 42 37 0.0 0.0 8.0 0.0 180.0 4.0 0.0 0.641025641025641
37 42 38 0.0 0.0 271.0 0.0 5921.0 19.0 436.0 0.17123287671232873
37 42 39 0.0 0.0 294.0 0.0 6443.0 27.0 534.0 0.1606425702811245
37 42 40 0.0 0.0 432.0 0.0 8952.0 17.0 1620.0 0.12301203760653719
37 42 41 0.0 0.0 170.0 0.0 4465.0 18.0 214.0 0.21160822249093106
37 42 42 0.0 0.0 258.0 0.0 5974.0 26.0 453.0 0.1705653021442495
37 42 43 0.0 0.0 315.0 0.0 6893.0 22.0 725.0 0.1522732216663041
37 42 44 0.0 0.0 18.0 0.0 394.0 6.0 1.0 0.5818786367414795
37 43 37 0.0 0.0 0.0 0.0 8.0 0.0 0.0 0.697211155378486
37 43 38 0.0 0.0 50.0 0.0 1273.0 12.0 6.0 0.4229607250755286
37 43 39 0.0 0.0 111.0 0.0 2473.0 15.0 36.0 0.3063457330415755
37 43 40 0.0 0.0 65.0 0.0 1509.0 12.0 8.0 0.3929273084479371
37 43 41 0.0 0.0 330.0 0.0 7226.0 29.0 709.0 0.14685828175810342
37 43 42 0.0 0.0 15.0 0.0 495.0 4.0 2.0 0.558882235528942
37 43 43 0.0 0.0 25.0 0.0 588.0 9.0 4.0 0.5376344086021504
37 43 44 0.0 0.0 0.0 0.0 10.0 0.0 0.0 0.6965174129353233
37 43 45 0.0 0.0 0.0 0.0 1.0 0.0 0.0 0.6996501749125437
37 44 38 0.0 0.0 0.0 0.0 16.0 1.0 0.0 0.694789081885856
37 44 39 0.0 0.0 87.0 0.0 1912.0 13.0 18.0 0.3512293025589563
37 44 40 0.0 0.0 0.0 0.0 46.0 1.0 0.0 0.6852667645619186
37 44 41 0.0 0.0 0.0 0.0 24.0 0.0 0.0 0.6916996047430829
37 44 42 0.0 0.0 0.0 0.0 11.0 0.0 0.0 0.6961710591745399
37 44 43 0.0 0.0 0.0 0.0 1.0 0.0 0.0 0.6996501749125437
37 44 44 0.0 0.0 0.0 0.0 1.0 0.0 0.0 0.6996501749125437
37 45 39 0.0 0.0 0.0 0.0 1.0 0.0 0.0 0.6996501749125437
37 45 41 0.0 0.0 0.0 0.0 1.0 0.0 0.0 0.6996501749125437
38 35 39 0.0 0.0 0.0 0.0 2.0 0.0 0.0 0.6993006993006992
38 35 40 0.0 0.0 0.0 0.0 9.0 0.0 0.0 0.6968641114982577
38 35 41 0.0 0.0 0.0 0.0 1.0 0.0 0.0 0.6996501749125437
38 36 36 0.0 0.0 0.0 0.0 8.0 0.0 0.0 0.6975585450921773
38 36 37 0.0 0.0 4.0 0.0 83.0 4.0 0.0 0.6721075372059528
38 36 38 0.0 0.0 0.0 0.0 72.0 0.0 0.0 0.6756756756756755
38 36 39 0.0 0.0 2.0 0.0 171.0 1.0 0.0 0.64486411791801
38 36 40 0.0 0.0 35.0 0.0 756.0 10.0 2.0 0.5035971223021581
38 36 41 0.0 0.0 25.0 0.0 599.0 8.0 1.0 0.5351681957186544
38 36 42 0.0 0.0 0.0 0.0 35.0 0.0 0.0 0.6879606879606879
38 36 43 0.0 0.0 0.0 0.0 4.0 0.0 0.0 0.6986027944111775
38 36 44 0.0 0.0 0.0 0.0 1.0 0.0 0.0 0.6996501749125437
38 37 35 0.0 0.0 0.0 0.0 2.0 0.0 0.0 0.6993006993006992
38 37 36 0.0 0.0 1.0 0.0 34.0 0.0 0.0 0.6879606879606879
38 37 37 0.0 0.0 56.0 0.0 1557.0 7.0 11.0 0.3882418191902384
38 37 38 0.0 0.0 128.0 0.0 3421.0 14.0 101.0 0.25284450063211117
38 37 39 0.0 0.0 437.0 0.0 8733.0 27.0 1523.0 0.12558306422676713
38 37 40 0.0 0.0 222.0 0.0 4789.0 16.0 242.0 0.20014295925661185
38 37 41 0.0 0.0 215.0 0.0 5078.0 17.0 307.0 0.192386972653566
38 37 42 0.0 0.0 69.0 0.0 1705.0 8.0 18.0 0.37184594953519245
38 37 43 0.0 0.0 24.0 0.0 368.0 6.0 0.0 0.5867560771165129
38 37 44 0.0 0.0 1.0 0.0 13.0 0.0 0.0 0.695479384003974
38 38 35 0.0 0.0 0.0 0.0 8.0 0.0 0.0 0.697211155378486
38 38 36 0.0 0.0 4.0 0.0 151.0 0.0 0.0 0.6496519721577725
38 38 37 0.0 0.0 94.0 0.0 2223.0 11.0 30.0 0.3252032520325203
38 38 38 0.0 0.0 771.0 0.0 11974.0 29.0 6140.0 0.09501187648456055
38 38 39 0.0 0.0 694.0 0.0 11714.0 31.0 4294.0 0.09726950600986589
38 38 40 0.0 0.0 494.0 0.0 9447.0 29.0 1774.0 0.11748909029875797
38 38 41 0.0 0.0 790.0 0.0 12353.0 33.0 6123.0 0.0925252792280748
38 38 42 0.0 0.0 469.0 0.0 9054.0 15.0 1558.0 0.12152777777777775
38 38 43 0.0 0.0 140.0 0.0 3561.0 14.0 119.0 0.2460889435753208
38 38 44 0.0 0.0 1.0 0.0 27.0 0.0 0.0 0.690335305719921
38 38 45 0.0 0.0 0.0 0.0 1.0 0.0 0.0 0.6996501749125437
38 39 35 0.0 0.0 0.0 0.0 12.0 0.0 0.0 0.6958250497017892
38 39 36 0.0 0.0 13.0 0.0 223.0 6.0 0.0 0.6278026905829596
38 39 37 0.0 0.0 314.0 0.0 6853.0 20.0 614.0 0.15298874439951915
38 39 38 0.0 0.0 520.0 0.0 9435.0 25.0 1769.0 0.11727257497068184
38 39 39 0.0 0.0 1297.0 1.0 13009.0 45.0 18090.0 0.08586323213738116
38 39 40 0.0 0.0 1473.0 1.0 12880.0 39.0 20945.0 0.08557457212713934
38 39 41 0.0 0.0 603.0 0.0 11207.0 31.0 4131.0 0.10144192449822474
38 39 42 0.0 0.0 413.0 0.0 8225.0 18.0 1100.0 0.1317771084337349
38 39 43 0.0 0.0 115.0 0.0 2671.0 20.0 51.0 0.29374737725556016
38 39 44 0.0 0.0 59.0 0.0 1383.0 16.0 8.0 0.4086398131932282
38 39 45 0.0 0.0 0.0 0.0 3.0 0.0 0.0 0.6989515726410384
38 40 35 0.0 0.0 2.0 0.0 19.0 0.0 0.0 0.6927263730826323
38 40 36 0.0 0.0 13.0 0.0 292.0 3.0 0.0 0.6081668114682883
38 40 37 0.0 0.0 109.0 0.0 3426.0 12.0 108.0 0.2534395365677045
38 40 38 0.0 0.0 586.0 0.0 10432.0 24.0 2637.0 0.10768402430582262
38 40 39 0.0 0.0 1208.0 2.0 13424.0 36.0 13819.0 0.08415484491464294
38 40 40 0.0 0.0 1089.0 1.0 13141.0 34.0 13378.0 0.08630255208975464
38 40 41 0.0 0.0 1134.0 2.0 13087.0 37.0 12725.0 0.08632383771118508
38 40 42 0.0 0.0 745.0 0.0 12007.0 35.0 4412.0 0.09502477431616099
38 40 43 0.0 0.0 221.0 0.0 5162.0 17.0 255.0 0.18995929443690635
38 40 44 0.0 0.0 1.0 0.0 120.0 0.0 0.0 0.66006600660066
38 40 45 0.0 0.0 0.0 0.0 4.0 0.0 0.0 0.6986027944111775
38 41 35 0.0 0.0 0.0 0.0 5.0 0.0 0.0 0.6982543640897755
38 41 36 0.0 0.0 3.0 0.0 176.0 0.0 0.0 0.6427915518824608
38 41 37 0.0 0.0 129.0 0.0 3368.0 20.0 102.0 0.2556610664718772
38 41 38 0.0 0.0 297.0 6.0 6721.0 16.0 619.0 0.15536566418821438
38 41 39 0.0 0.0 981.0 0.0 12843.0 40.0 9960.0 0.08850116947973954
38 41 40 0.0 0.0 1389.0 0.0 12613.0 39.0 21491.0 0.08749999999999998
38 41 41 0.0 0.0 953.0 1.0 13075.0 39.0 8308.0 0.08744534665833853
38 41 42 0.0 0.0 659.0 0.0 11250.0 21.0 3461.0 0.10068320747932397
38 41 43 0.0 0.0 169.0 0.0 4442.0 16.0 204.0 0.2121212121212121
38 41 44 0.0 0.0 24.0 0.0 468.0 2.0 2.0 0.5622489959839357
38 41 45 0.0 0.0 0.0 0.0 2.0 0.0 0.0 0.6993006993006992
38 42 36 0.0 0.0 1.0 0.0 76.0 1.0 0.0 0.6746987951807227
38 42 37 0.0 0.0 6.0 0.0 130.0 2.0 0.0 0.6560449859418931
38 42 38 0.0 0.0 198.0 3.0 4867.0 20.0 259.0 0.19855339668132177
38 42 39 0.0 0.0 812.0 0.0 12204.0 27.0 5886.0 0.09324009324009323
38 42 40 0.0 0.0 951.0 1.0 12806.0 26.0 9146.0 0.08886631966484702
38 42 41 0.0 0.0 794.0 1.0 12258.0 34.0 5588.0 0.09309129596382737
38 42 42 0.0 0.0 219.0 1.0 4629.0 15.0 176.0 0.2047981275599766
38 42 43 0.0 0.0 155.0 0.0 3554.0 18.0 107.0 0.24591603723871416
38 42 44 0.0 0.0 25.0 0.0 597.0 8.0 0.0 0.5355776587605202
38 42 45 0.0 0.0 0.0 0.0 5.0 0.0 0.0 0.6982543640897755
38 43 36 0.0 0.0 0.0 0.0 18.0 0.0 0.0 0.6937561942517343
38 43 37 0.0 0.0 2.0 0.0 70.0 0.0 0.0 0.6760019314340897
38 43 38 0.0 0.0 20.0 0.0 574.0 6.0 2.0 0.5411673753382295
38 43 39 0.0 0.0 490.0 1.0 9425.0 26.0 2047.0 0.11764705882352938
38 43 40 0.0 0.0 276.0 1.0 6446.0 24.0 549.0 0.16088255573431393
38 43 41 0.0 0.0 123.0 0.0 3040.0 14.0 65.0 0.2719502719502719
38 43 42 0.0 0.0 71.0 0.0 1814.0 12.0 19.0 0.3617571059431524
38 43 43 0.0 0.0 9.0 0.0 179.0 3.0 0.0 0.6407322654462241
38 43 44 0.0 0.0 64.0 0.0 1575.0 8.0 13.0 0.38556871385293306
38 44 36 0.0 0.0 0.0 0.0 4.0 0.0 0.0 0.6986027944111775
38 44 37 0.0 0.0 0.0 0.0 8.0 0.0 0.0 0.697211155378486
38 44 38 0.0 0.0 0.0 0.0 58.0 0.0 0.0 0.6802721088435373
38 44 39 0.0 0.0 1.0 0.0 93.0 0.0 0.0 0.6685768863419292
38 44 40 0.0 0.0 86.0 0.0 1786.0 10.0 7.0 0.36250647332988084
38 44 41 0.0 0.0 0.0 0.0 44.0 0.0 0.0 0.684931506849315
38 44 42 0.0 0.0 5.0 0.0 124.0 1.0 0.0 0.6578947368421051
38 44 43 0.0 0.0 0.0 0.0 2.0 0.0 0.0 0.6993006993006992
38 44 44 0.0 0.0 0.0 0.0 1.0 0.0 0.0 0.6996501749125437
38 45 39 0.0 0.0 0.0 0.0 2.0 0.0 0.0 0.6993006993006992
38 45 40 0.0 0.0 0.0 0.0 2.0 0.0 0.0 0.6993006993006992
38 45 42 0.0 0.0 0.0 0.0 1.0 0.0 0.0 0.6996501749125437
39 35 38 0.0 0.0 0.0 0.0 3.0 0.0 0.0 0.6989515726410384
39 35 39 0.0 0.0 0.0 0.0 6.0 0.0 0.0 0.6982543640897755
39 35 40 0.0 0.0 0.0 0.0 5.0 0.0 0.0 0.6982543640897755
39 35 41 0.0 0.0 0.0 0.0 3.0 0.0 0.0 0.6989515726410384
39 36 35 0.0 0.0 0.0 0.0 5.0 0.0 0.0 0.6982543640897755
39 36 36 0.0 0.0 2.0 0.0 49.0 1.0 0.0 0.6829268292682925
39 36 37 0.0 0.0 2.0 0.0 35.0 0.0 0.0 0.6872852233676975
39 36 38 0.0 0.0 19.0 0.0 279.0 5.0 1.0 0.6105538595726122
39 36 39 0.0 0.0 17.0 0.0 681.0 5.0 5.0 0.5198663200891199
39 36 40 0.0 0.0 198.0 0.0 4579.0 9.0 209.0 0.20679468242245197
39 36 41 0.0 0.0 22.0 0.0 642.0 4.0 2.0 0.5263157894736842
39 36 42 0.0 0.0 9.0 0.0 288.0 4.0 0.0 0.6105538595726122
39 36 43 0.0 0.0 0.0 0.0 5.0 0.0 0.0 0.6982543640897755
39 36 44 0.0 0.0 0.0 0.0 7.0 0.0 0.0 0.6975585450921773
39 37 35 0.0 0.0 0.0 0.0 6.0 0.0 0.0 0.6979062811565303
39 37 36 0.0 0.0 60.0 0.0 1690.0 14.0 16.0 0.37473233404710915
39 37 37 0.0 0.0 227.0 0.0 5563.0 22.0 348.0 0.1801569939518723
39 37 38 0.0 0.0 274.0 0.0 6522.0 23.0 579.0 0.15952597994530537
39 37 39 0.0 0.0 301.0 0.0 6667.0 25.0 667.0 0.15652951699463324
39 37 40 0.0 0.0 669.0 0.0 11374.0 42.0 3780.0 0.09992149025765469
39 37 41 0.0 0.0 595.0 0.0 10322.0 23.0 2972.0 0.1084262701363073
39 37 42 0.0 0.0 100.0 0.0 2121.0 12.0 25.0 0.33254156769596194
39 37 43 0.0 0.0 136.0 0.0 3414.0 23.0 103.0 0.253210345451257
39 37 44 0.0 0.0 0.0 0.0 6.0 0.0 0.0 0.6979062811565303
39 38 35 0.0 0.0 14.0 0.0 192.0 1.0 0.0 0.6349206349206349
39 38 36 0.0 0.0 134.0 0.0 3153.0 23.0 91.0 0.26595744680851063
39 38 37 0.0 0.0 431.0 0.0 9163.0 26.0 1963.0 0.12083549110996028
39 38 38 0.0 0.0 658.0 0.0 11385.0 25.0 3992.0 0.09979328533751514
39 38 39 0.0 0.0 706.0 0.0 11793.0 32.0 4890.0 0.0966984390109131
39 38 40 0.0 0.0 1263.0 0.0 13314.0 37.0 15058.0 0.08446965126101122
39 38 41 0.0 0.0 505.0 0.0 9885.0 22.0 2317.0 0.11315874555447783
39 38 42 0.0 0.0 638.0 0.0 11078.0 24.0 3444.0 0.10217486498321411
39 38 43 0.0 0.0 123.0 0.0 3009.0 19.0 77.0 0.273704789833822
39 38 44 0.0 0.0 80.0 0.0 1902.0 14.0 20.0 0.3528225806451612
39 38 45 0.0 0.0 0.0 0.0 2.0 0.0 0.0 0.6993006993006992
39 39 35 0.0 0.0 11.0 0.0 242.0 3.0 0.0 0.6222222222222221
39 39 36 0.0 0.0 268.0 0.0 5926.0 18.0 416.0 0.17119100024455855
39 39 37 0.0 0.0 398.0 0.0 8651.0 21.0 1474.0 0.12689205111936916
39 39 38 0.0 0.0 1032.0 0.0 13210.0 33.0 9674.0 0.08627064333251169
39 39 39 2.0 1.0 1551.0 11.0 12914.0 44.0 23842.0 0.08490508824064527
39 39 40 0.0 2.0 1673.0 15.0 13379.0 45.0 22632.0 0.08202964785844025
39 39 41 0.0 3.0 1832.0 13.0 12669.0 49.0 28768.0 0.08469961885171516
39 39 42 0.0 0.0 642.0 4.0 11048.0 27.0 3435.0 0.10236911377595788
39 39 43 0.0 0.0 209.0 0.0 4760.0 20.0 237.0 0.2013808975834292
39 39 44 0.0 0.0 14.0 0.0 399.0 4.0 1.0 0.5813953488372092
39 39 45 0.0 0.0 0.0 0.0 2.0 0.0 0.0 0.6993006993006992
39 40 35 0.0 0.0 0.0 0.0 38.0 0.0 0.0 0.6869479882237487
39 40 36 0.0 0.0 210.0 0.0 4442.0 23.0 159.0 0.21122510561255275
39 40 37 0.0 0.0 635.0 0.0 10831.0 22.0 2999.0 0.1039809863339275
39 40 38 0.0 1.0 1032.0 4.0 12959.0 34.0 10461.0 0.0875821082264623
39 40 39 0.0 0.0 1711.0 6.0 13064.0 53.0 24855.0 0.0834824090638044
39 40 40 0.0 5.0 2458.0 30.0 10974.0 74.0 48062.0 0.090591432638799
39 40 41 1.0 5.0 1414.0 72.0 13683.0 45.0 16603.0 0.08153281695882592
39 40 42 0.0 4.0 507.0 64.0 10012.0 24.0 2534.0 0.11133200795228626
39 40 43 0.0 0.0 507.0 0.0 9829.0 19.0 2239.0 0.11353499310680397
39 40 44 0.0 0.0 174.0 0.0 3961.0 17.0 156.0 0.22883295194508008
39 40 45 0.0 0.0 0.0 0.0 5.0 0.0 0.0 0.6982543640897755
39 41 35 0.0 0.0 1.0 0.0 23.0 1.0 0.0 0.6920415224913494
39 41 36 0.0 0.0 57.0 0.0 1789.0 13.0 22.0 0.36524915210018255
39 41 37 0.0 0.0 295.0 0.0 7303.0 20.0 763.0 0.14610728449175536
39 41 38 0.0 0.0 313.0 0.0 7179.0 16.0 780.0 0.14769490452579384
39 41 39 0.0 0.0 1237.0 27.0 13670.0 39.0 13967.0 0.08273253752511522
39 41 40 0.0 4.0 1795.0 40.0 12349.0 47.0 29665.0 0.08650519031141868
39 41 41 0.0 0.0 1320.0 51.0 13525.0 40.0 15219.0 0.08288928359976316
39 41 42 0.0 1.0 762.0 27.0 12037.0 25.0 7017.0 0.09444144630329196
39 41 43 0.0 0.0 670.0 0.0 11213.0 26.0 3661.0 0.10092272202998846
39 41 44 0.0 0.0 16.0 0.0 493.0 5.0 2.0 0.5591054313099041
39 41 45 0.0 0.0 0.0 0.0 4.0 0.0 0.0 0.6986027944111775
39 42 35 0.0 0.0 0.0 0.0 3.0 0.0 0.0 0.6989515726410384
39 42 36 0.0 0.0 0.0 0.0 96.0 1.0 0.0 0.6682577565632457
39 42 37 0.0 0.0 441.0 0.0 8896.0 24.0 1766.0 0.12363122571529493
39 42 38 0.0 0.0 254.0 0.0 6225.0 15.0 508.0 0.16542597187758476
39 42 39 0.0 3.0 388.0 29.0 7985.0 28.0 1023.0 0.13479684190256114
39 42 40 0.0 0.0 832.0 49.0 12294.0 28.0 6146.0 0.09230566361178874
39 42 41 0.0 7.0 938.0 65.0 12655.0 31.0 9265.0 0.08934269304403318
39 42 42 0.0 0.0 272.0 24.0 6583.0 20.0 596.0 0.15803138051698834
39 42 43 0.0 0.0 430.0 0.0 8701.0 19.0 1424.0 0.12593325537465141
39 42 44 0.0 0.0 98.0 0.0 2695.0 17.0 69.0 0.2930096274591879
39 42 45 0.0 0.0 0.0 0.0 2.0 0.0 0.0 0.6993006993006992
39 43 36 0.0 0.0 0.0 0.0 34.0 0.0 0.0 0.6882989183874139
39 43 37 0.0 0.0 240.0 0.0 4997.0 31.0 246.0 0.19422863485016642
39 43 38 0.0 0.0 162.0 0.0 3261.0 16.0 71.0 0.2590194264569843
39 43 39 0.0 0.0 366.0 0.0 7780.0 30.0 931.0 0.1382852627419992
39 43 40 0.0 0.0 126.0 0.0 3577.0 19.0 134.0 0.24656569214512147
39 43 41 0.0 0.0 258.0 0.0 6467.0 22.0 627.0 0.16073478760045923
39 43 42 0.0 0.0 124.0 1.0 2537.0 14.0 29.0 0.301140030114003
39 43 43 0.0 0.0 48.0 0.0 776.0 8.0 2.0 0.4973357015985789
39 43 44 0.0 0.0 0.0 0.0 35.0 0.0 0.0 0.6879606879606879
39 43 45 0.0 0.0 0.0 0.0 1.0 0.0 0.0 0.6996501749125437
39 44 36 0.0 0.0 0.0 0.0 4.0 0.0 0.0 0.6986027944111775
39 44 37 0.0 0.0 2.0 0.0 43.0 1.0 0.0 0.684931506849315
39 44 38 0.0 0.0 11.0 0.0 292.0 2.0 0.0 0.6084311169056931
39 44 39 0.0 0.0 9.0 0.0 241.0 2.0 0.0 0.6227758007117437
39 44 40 0.0 0.0 7.0 0.0 240.0 1.0 1.0 0.6233303650934995
39 44 41 0.0 0.0 6.0 0.0 108.0 2.0 0.0 0.6631927996210326
39 44 42 0.0 0.0 4.0 0.0 50.0 2.0 0.0 0.6822612085769979
39 44 43 0.0 0.0 0.0 0.0 4.0 0.0 0.0 0.6986027944111775
39 45 41 0.0 0.0 0.0 0.0 1.0 0.0 0.0 0.6996501749125437
40 35 38 0.0 0.0 0.0 0.0 2.0 0.0 0.0 0.6993006993006992
40 35 39 0.0 0.0 0.0 0.0 7.0 0.0 0.0 0.6975585450921773
40 35 40 0.0 0.0 0.0 0.0 8.0 0.0 0.0 0.697211155378486
40 35 41 0.0 0.0 0.0 0.0 4.0 0.0 0.0 0.6986027944111775
40 36 35 0.0 0.0 0.0 0.0 2.0 0.0 0.0 0.6993006993006992
40 36 36 0.0 0.0 29.0 0.0 675.0 2.0 2.0 0.5181347150259067
40 36 37 0.0 0.0 5.0 0.0 107.0 2.0 0.0 0.6635071090047392
40 36 38 0.0 0.0 10.0 0.0 355.0 3.0 1.0 0.5929690808979245
40 36 39 0.0 0.0 166.0 0.0 4002.0 15.0 127.0 0.2274573517465475
40 36 40 0.0 0.0 6.0 0.0 344.0 2.0 0.0 0.5967604433077578
40 36 41 0.0 0.0 37.0 0.0 659.0 8.0 2.0 0.5212211466865226
40 36 42 0.0 0.0 0.0 0.0 87.0 1.0 0.0 0.6711409395973154
40 36 43 0.0 0.0 0.0 0.0 8.0 0.0 0.0 0.697211155378486
40 37 35 0.0 0.0 0.0 0.0 12.0 0.0 0.0 0.6958250497017892
40 37 36 0.0 0.0 195.0 0.0 4153.0 22.0 138.0 0.22127390548443177
40 37 37 0.0 0.0 50.0 0.0 1995.0 10.0 37.0 0.34696406443618333
40 37 38 0.0 0.0 346.0 0.0 7239.0 28.0 747.0 0.14641288433382138
40 37 39 0.0 0.0 498.0 0.0 9676.0 31.0 1906.0 0.11518841533651471
40 37 40 0.0 0.0 382.0 0.0 7929.0 21.0 1012.0 0.13598834385624087
40 37 41 0.0 0.0 161.0 0.0 3671.0 13.0 105.0 0.24046719340432837
40 37 42 0.0 0.0 108.0 0.0 2567.0 17.0 48.0 0.3004291845493562
40 37 43 0.0 0.0 59.0 0.0 1577.0 16.0 8.0 0.38674033149171266
40 37 44 0.0 0.0 0.0 0.0 27.0 0.0 0.0 0.6906758756783422
40 38 35 0.0 0.0 2.0 0.0 35.0 1.0 0.0 0.6876227897838899
40 38 36 0.0 0.0 143.0 0.0 2924.0 16.0 64.0 0.2772277227722772
40 38 37 0.0 0.0 751.0 0.0 11981.0 35.0 5995.0 0.09515394549038264
40 38 38 0.0 0.0 1216.0 0.0 13097.0 42.0 15192.0 0.08586323213738116
40 38 39 0.0 0.0 993.0 0.0 12964.0 37.0 8834.0 0.08787346221441124
40 38 40 0.0 0.0 984.0 2.0 13245.0 34.0 8838.0 0.08630255208975464
40 38 41 0.0 0.0 1078.0 2.0 13278.0 32.0 10511.0 0.08563738683631024
40 38 42 0.0 0.0 731.0 1.0 11791.0 23.0 4532.0 0.09639217846323327
40 38 43 0.0 0.0 199.0 0.0 4432.0 18.0 168.0 0.21157624301042768
40 38 44 0.0 0.0 12.0 0.0 316.0 2.0 0.0 0.6021505376344085
40 39 35 0.0 0.0 30.0 0.0 520.0 10.0 1.0 0.5511811023622046
40 39 36 0.0 0.0 214.0 0.0 4396.0 18.0 156.0 0.21228203184230476
40 39 37 0.0 0.0 650.0 0.0 11370.0 24.0 4048.0 0.09989297181591152
40 39 38 0.0 0.0 1159.0 0.0 13263.0 31.0 13349.0 0.08528265107212475
40 39 39 0.0 1.0 1689.0 16.0 12570.0 47.0 26807.0 0.08606910119267182
40 39 40 0.0 1.0 1635.0 8.0 13592.0 41.0 21739.0 0.08127721335268505
40 39 41 0.0 2.0 1626.0 41.0 13307.0 44.0 20599.0 0.0825082508250825
40 39 42 0.0 0.0 1237.0 1.0 13282.0 42.0 14473.0 0.08482278097546196
40 39 43 0.0 0.0 405.0 0.0 7920.0 18.0 1030.0 0.1357115160915083
40 39 44 0.0 0.0 90.0 0.0 1911.0 17.0 13.0 0.35140562248995977
40 39 45 0.0 0.0 1.0 0.0 18.0 0.0 0.0 0.6934125804853887
40 40 35 0.0 0.0 9.0 0.0 226.0 2.0 0.0 0.6269592476489028
40 40 36 0.0 0.0 338.0 0.0 7565.0 17.0 928.0 0.1415571284125379
40 40 37 0.0 0.0 604.0 0.0 11067.0 22.0 3850.0 0.10252654705236176
40 40 38 0.0 0.0 1333.0 0.0 13183.0 40.0 17056.0 0.08476628723661903
40 40 39 0.0 14.0 1890.0 131.0 12848.0 55.0 29180.0 0.08292365100989159
40 40 40 8.0 67.0 2722.0 325.0 8242.0 55.0 73452.0 0.10457125784284432
40 40 41 0.0 3.0 2265.0 42.0 11379.0 55.0 42869.0 0.08921175046198941
40 40 42 0.0 8.0 1118.0 72.0 13258.0 29.0 11941.0 0.0850805226374962
40 40 43 0.0 0.0 530.0 0.0 9940.0 24.0 2315.0 0.11234151821537473
40 40 44 0.0 0.0 13.0 0.0 460.0 4.0 0.0 0.5672609400324148
40 40 45 0.0 0.0 0.0 0.0 1.0 0.0 0.0 0.6996501749125437
40 41 35 0.0 0.0 2.0 0.0 99.0 1.0 0.0 0.6666666666666665
40 41 36 0.0 0.0 79.0 0.0 1878.0 12.0 23.0 0.35514967021816335
40 41 37 0.0 0.0 408.0 0.0 9158.0 19.0 1968.0 0.12114918656974731
40 41 38 0.0 0.0 845.0 3.0 12656.0 25.0 6077.0 0.09032258064516129
40 41 39 0.0 1.0 1341.0 13.0 13647.0 35.0 14968.0 0.08234809717075466
40 41 40 0.0 15.0 1635.0 125.0 13104.0 43.0 22633.0 0.08295804693055225
40 41 41 0.0 463.0 1197.0 5635.0 9310.0 52.0 19552.0 0.07530930607853684
40 41 42 0.0 3.0 1111.0 43.0 13020.0 33.0 13181.0 0.08654262224145391
40 41 43 0.0 0.0 155.0 0.0 3940.0 23.0 132.0 0.2306045132597595
40 41 44 0.0 0.0 148.0 0.0 3400.0 13.0 68.0 0.25270758122743675
40 41 45 0.0 0.0 0.0 0.0 9.0 0.0 0.0 0.6968641114982577
40 42 35 0.0 0.0 0.0 0.0 15.0 0.0 0.0 0.694789081885856
40 42 36 0.0 0.0 6.0 0.0 414.0 1.0 0.0 0.5787515502273666
40 42 37 0.0 0.0 54.0 0.0 1607.0 5.0 14.0 0.38303693570451425
40 42 38 0.0 0.0 777.0 0.0 11981.0 20.0 6342.0 0.09483809781872374
40 42 39 0.0 0.0 690.0 3.0 11573.0 26.0 4287.0 0.09822493510138215
40 42 40 0.0 1.0 1338.0 20.0 13658.0 44.0 15384.0 0.08230936562996059
40 42 41 0.0 7.0 670.0 107.0 11429.0 25.0 4446.0 0.09854990848937067
40 42 42 0.0 2.0 311.0 97.0 6692.0 20.0 607.0 0.15408320493066252
40 42 43 0.0 0.0 542.0 0.0 10204.0 29.0 2596.0 0.10997643362136685
40 42 44 0.0 0.0 88.0 0.0 2008.0 12.0 25.0 0.34280117531831533
40 42 45 0.0 0.0 0.0 0.0 4.0 0.0 0.0 0.6986027944111775
40 43 36 0.0 0.0 26.0 0.0 488.0 5.0 0.0 0.557991231566361
40 43 37 0.0 0.0 10.0 0.0 337.0 0.0 1.0 0.5967604433077578
40 43 38 0.0 0.0 378.0 0.0 7569.0 17.0 780.0 0.14087341517407928
40 43 39 0.0 0.0 274.0 0.0 6067.0 28.0 470.0 0.16830968982928585
40 43 40 0.0 0.0 181.0 9.0 4156.0 18.0 187.0 0.22120398167167007
40 43 41 0.0 0.0 529.0 0.0 9961.0 14.0 2270.0 0.11207172590457891
40 43 42 0.0 0.0 222.0 0.0 4871.0 12.0 252.0 0.19768426998023156
40 43 43 0.0 0.0 31.0 0.0 709.0 6.0 2.0 0.5120702267739574
40 43 44 0.0 0.0 46.0 0.0 862.0 14.0 0.0 0.4837595024187975
40 43 45 0.0 0.0 0.0 0.0 2.0 0.0 0.0 0.6993006993006992
40 44 36 0.0 0.0 0.0 0.0 1.0 0.0 0.0 0.6996501749125437
40 44 37 0.0 0.0 0.0 0.0 26.0 0.0 0.0 0.6910167818361302
40 44 38 0.0 0.0 0.0 0.0 53.0 0.0 0.0 0.6819288845591815
40 44 39 0.0 0.0 0.0 0.0 41.0 0.0 0.0 0.6859382655560998
40 44 40 0.0 0.0 17.0 0.0 347.0 7.0 0.0 0.593975392448027
40 44 41 0.0 0.0 45.0 0.0 1121.0 10.0 5.0 0.4435994930291508
40 44 42 0.0 0.0 0.0 0.0 63.0 0.0 0.0 0.6786233640329616
40 44 43 0.0 0.0 0.0 0.0 9.0 0.0 0.0 0.6968641114982577
40 45 40 0.0 0.0 0.0 0.0 1.0 0.0 0.0 0.6996501749125437
40 45 41 0.0 0.0 0.0 0.0 1.0 0.0 0.0 0.6996501749125437
41 35 38 0.0 0.0 0.0 0.0 2.0 0.0 0.0 0.6993006993006992
41 35 39 0.0 0.0 0.0 0.0 13.0 0.0 0.0 0.695479384003974
41 35 40 0.0 0.0 7.0 0.0 84.0 1.0 0.0 0.6698564593301434
41 35 41 0.0 0.0 0.0 0.0 2.0 0.0 0.0 0.6993006993006992
41 36 35 0.0 0.0 0.0 0.0 5.0 0.0 0.0 0.6982543640897755
41 36 36 0.0 0.0 2.0 0.0 153.0 1.0 0.0 0.649953574744661
41 36 37 0.0 0.0 56.0 0.0 1116.0 10.0 5.0 0.44275774826059444
41 36 38 0.0 0.0 4.0 0.0 278.0 2.0 0.0 0.6140350877192982
41 36 39 0.0 0.0 58.0 0.0 1624.0 18.0 8.0 0.38199181446111863
41 36 40 0.0 0.0 50.0 0.0 1071.0 7.0 2.0 0.44958253050738595
41 36 41 0.0 0.0 0.0 0.0 53.0 0.0 0.0 0.6819288845591815
41 36 42 0.0 0.0 0.0 0.0 33.0 1.0 0.0 0.6889763779527558
41 36 43 0.0 0.0 7.0 0.0 148.0 4.0 0.0 0.6508600650860064
41 36 44 0.0 0.0 0.0 0.0 1.0 0.0 0.0 0.6996501749125437
41 37 35 0.0 0.0 0.0 0.0 3.0 0.0 0.0 0.6989515726410384
41 37 36 0.0 0.0 143.0 0.0 3940.0 18.0 151.0 0.23075655183781107
41 37 37 0.0 0.0 616.0 0.0 10882.0 31.0 3096.0 0.10380366278638688
41 37 38 0.0 0.0 384.0 0.0 7963.0 25.0 984.0 0.13551447100958278
41 37 39 0.0 0.0 734.0 0.0 11775.0 27.0 5081.0 0.09651844191658047
41 37 40 0.0 0.0 165.0 0.0 4168.0 19.0 167.0 0.22172949002217293
41 37 41 0.0 0.0 365.0 1.0 7396.0 29.0 720.0 0.14375192524899885
41 37 42 0.0 0.0 239.0 0.0 5697.0 19.0 364.0 0.17683465959328024
41 37 43 0.0 0.0 37.0 0.0 868.0 3.0 7.0 0.48242591316333555
41 37 44 0.0 0.0 0.0 0.0 15.0 0.0 0.0 0.694789081885856
41 37 45 0.0 0.0 0.0 0.0 1.0 0.0 0.0 0.6996501749125437
41 38 35 0.0 0.0 0.0 0.0 14.0 0.0 0.0 0.6951340615690167
41 38 36 0.0 0.0 70.0 0.0 1774.0 13.0 24.0 0.3654398329417906
41 38 37 0.0 0.0 251.0 0.0 5839.0 20.0 382.0 0.1734605377276669
41 38 38 0.0 0.0 929.0 0.0 12669.0 42.0 9818.0 0.08988764044943819
41 38 39 0.0 0.0 660.0 0.0 11557.0 18.0 4584.0 0.09844596019970465
41 38 40 0.0 0.0 670.0 0.0 11525.0 18.0 4240.0 0.09858460671783677
41 38 41 0.0 9.0 699.0 161.0 11487.0 24.0 4234.0 0.0975473801560758
41 38 42 0.0 0.0 689.0 0.0 11550.0 18.0 4668.0 0.09834913944502985
41 38 43 0.0 0.0 311.0 0.0 6808.0 12.0 613.0 0.1536772777167947
41 38 44 0.0 0.0 5.0 0.0 307.0 0.0 2.0 0.6055363321799306
41 38 45 0.0 0.0 0.0 0.0 1.0 0.0 0.0 0.6996501749125437
41 39 35 0.0 0.0 2.0 0.0 60.0 0.0 0.0 0.6789524733268669
41 39 36 0.0 0.0 80.0 0.0 2075.0 10.0 32.0 0.33783783783783783
41 39 37 0.0 0.0 478.0 0.0 8958.0 25.0 1420.0 0.1226026797442858
41 39 38 0.0 0.0 1068.0 1.0 13392.0 26.0 10440.0 0.08507018290089323
41 39 39 0.0 0.0 1942.0 4.0 11837.0 56.0 34610.0 0.08869741510390268
41 39 40 0.0 2.0 1557.0 12.0 13296.0 36.0 21556.0 0.08293838862559241
41 39 41 0.0 0.0 1922.0 5.0 11941.0 62.0 33894.0 0.08825012607160866
41 39 42 0.0 0.0 1182.0 0.0 13223.0 35.0 13735.0 0.0853346336706083
41 39 43 0.0 0.0 520.0 0.0 9813.0 19.0 2292.0 0.1135626216742375
41 39 44 0.0 0.0 120.0 0.0 3026.0 15.0 43.0 0.2727449834404831
41 39 45 0.0 0.0 0.0 0.0 5.0 0.0 0.0 0.6982543640897755
41 40 35 0.0 0.0 11.0 0.0 253.0 4.0 0.0 0.6194690265486725
41 40 36 0.0 0.0 293.0 0.0 6591.0 15.0 603.0 0.15774647887323942
41 40 37 0.0 0.0 665.0 0.0 11421.0 29.0 4229.0 0.09943181818181818
41 40 38 0.0 0.0 1058.0 0.0 13396.0 26.0 10619.0 0.08507535245503159
41 40 39 0.0 0.0 1725.0 7.0 12758.0 41.0 25873.0 0.08489479109817476
41 40 40 0.0 0.0 1461.0 25.0 13506.0 41.0 18323.0 0.08242081714352995
41 40 41 0.0 4.0 2095.0 46.0 11336.0 45.0 39972.0 0.09038672606365808
41 40 42 0.0 2.0 1270.0 35.0 13368.0 36.0 14342.0 0.08398824164616953
41 40 43 0.0 0.0 256.0 0.0 6445.0 23.0 611.0 0.1612160294795025
41 40 44 0.0 0.0 109.0 0.0 2761.0 10.0 63.0 0.28806584362139914
41 40 45 0.0 0.0 0.0 0.0 3.0 0.0 0.0 0.6989515726410384
41 41 35 0.0 0.0 15.0 0.0 273.0 2.0 0.0 0.6124234470691162
41 41 36 0.0 0.0 474.0 0.0 8765.0 24.0 1326.0 0.12473271560940839
41 41 37 0.0 0.0 856.0 0.0 12351.0 33.0 7080.0 0.09215983147916527
41 41 38 0.0 0.0 1120.0 1.0 13400.0 29.0 11473.0 0.0847098686997035
41 41 39 0.0 2.0 1980.0 20.0 12659.0 41.0 30860.0 0.08398824164616953
41 41 40 0.0 5.0 1898.0 40.0 12490.0 65.0 30779.0 0.08528265107212475
41 41 41 0.0 8.0 1474.0 99.0 13227.0 30.0 19351.0 0.08321940200915412
41 41 42 0.0 0.0 625.0 33.0 10961.0 24.0 3304.0 0.10294117647058822
41 41 43 0.0 0.0 382.0 0.0 7947.0 25.0 1039.0 0.13576415826221874
41 41 44 0.0 0.0 33.0 0.0 835.0 4.0 1.0 0.4889975550122249
41 41 45 0.0 0.0 0.0 0.0 4.0 0.0 0.0 0.6986027944111775
41 42 35 0.0 0.0 8.0 0.0 177.0 2.0 0.0 0.6413192853870818
41 42 36 0.0 0.0 13.0 0.0 359.0 2.0 2.0 0.590717299578059
41 42 37 0.0 0.0 241.0 0.0 4987.0 19.0 220.0 0.19409399694995144
41 42 38 0.0 0.0 259.0 0.0 5752.0 19.0 397.0 0.1751970967338255
41 42 39 0.0 0.0 658.0 1.0 11329.0 28.0 4036.0 0.10016455605637833
41 42 40 0.0 4.0 910.0 54.0 12970.0 23.0 7619.0 0.08781283321834032
41 42 41 0.0 1.0 591.0 36.0 10841.0 26.0 3201.0 0.1040582726326743
41 42 42 0.0 1.0 702.0 18.0 11676.0 28.0 4522.0 0.09731683581259556
41 42 43 0.0 0.0 491.0 1.0 9112.0 21.0 1646.0 0.12081463583016912
41 42 44 0.0 0.0 0.0 0.0 106.0 0.0 0.0 0.664767331433998
41 42 45 0.0 0.0 0.0 0.0 1.0 0.0 0.0 0.6996501749125437
41 43 35 0.0 0.0 1.0 0.0 9.0 0.0 0.0 0.6965174129353233
41 43 36 0.0 0.0 0.0 0.0 2.0 0.0 0.0 0.6993006993006992
41 43 37 0.0 0.0 99.0 0.0 1801.0 10.0 22.0 0.3598971722365038
41 43 38 0.0 0.0 64.0 0.0 1545.0 14.0 15.0 0.3897550111358574
41 43 39 0.0 0.0 191.0 0.0 5023.0 16.0 310.0 0.19452549673475056
41 43 40 0.0 0.0 250.0 0.0 5970.0 17.0 423.0 0.17060687301974164
41 43 41 0.0 0.0 228.0 0.0 5212.0 21.0 279.0 0.18870467718021294
41 43 42 0.0 0.0 205.0 0.0 4868.0 12.0 220.0 0.19821605550049554
41 43 43 0.0 0.0 152.0 0.0 3132.0 16.0 64.0 0.2657050673752135
41 43 44 0.0 0.0 30.0 0.0 562.0 8.0 0.0 0.5417956656346749
41 44 37 0.0 0.0 0.0 0.0 20.0 0.0 0.0 0.6930693069306929
41 44 38 0.0 0.0 0.0 0.0 34.0 0.0 0.0 0.6882989183874139
41 44 39 0.0 0.0 1.0 0.0 108.0 2.0 0.0 0.6644518272425248
41 44 40 0.0 0.0 12.0 0.0 391.0 3.0 0.0 0.5833333333333333
41 44 41 0.0 0.0 0.0 0.0 92.0 0.0 0.0 0.6692160611854684
41 44 42 0.0 0.0 0.0 0.0 45.0 1.0 0.0 0.684931506849315
41 44 43 0.0 0.0 1.0 0.0 48.0 0.0 0.0 0.6832601268911663
41 44 44 0.0 0.0 0.0 0.0 1.0 0.0 0.0 0.6996501749125437
41 45 42 0.0 0.0 0.0 0.0 1.0 0.0 0.0 0.6996501749125437
42 35 36 0.0 0.0 0.0 0.0 1.0 0.0 0.0 0.6996501749125437
42 35 37 0.0 0.0 0.0 0.0 3.0 0.0 0.0 0.6989515726410384
42 35 38 0.0 0.0 0.0 0.0 2.0 0.0 0.0 0.6993006993006992
42 35 39 0.0 0.0 0.0 0.0 2.0 0.0 0.0 0.6996501749125437
42 35 40 0.0 0.0 0.0 0.0 1.0 0.0 0.0 0.6996501749125437
42 36 35 0.0 0.0 0.0 0.0 2.0 0.0 0.0 0.6993006993006992
42 36 36 0.0 0.0 4.0 0.0 113.0 0.0 0.0 0.6613131790269249
42 36 37 0.0 0.0 27.0 0.0 592.0 6.0 2.0 0.535782625334864
42 36 38 0.0 0.0 106.0 0.0 2362.0 18.0 35.0 0.31460674157303364
42 36 39 0.0 0.0 8.0 0.0 248.0 3.0 0.0 0.6216696269982237
42 36 40 0.0 0.0 84.0 0.0 2170.0 13.0 36.0 0.3299552203629507
42 36 41 0.0 0.0 0.0 0.0 33.0 0.0 0.0 0.6886374815543531
42 36 42 0.0 0.0 6.0 0.0 198.0 2.0 1.0 0.6360745115856428
42 36 43 0.0 0.0 0.0 0.0 7.0 0.0 0.0 0.6975585450921773
42 36 44 0.0 0.0 0.0 0.0 1.0 0.0 0.0 0.6996501749125437
42 37 35 0.0 0.0 0.0 0.0 10.0 0.0 0.0 0.6965174129353233
42 37 36 0.0 0.0 11.0 0.0 266.0 3.0 1.0 0.615655233069481
42 37 37 0.0 0.0 152.0 0.0 3631.0 24.0 101.0 0.2429711905588337
42 37 38 0.0 0.0 206.0 0.0 5027.0 15.0 262.0 0.19393267765618505
42 37 39 0.0 0.0 479.0 0.0 9538.0 19.0 1875.0 0.11660836248542393
42 37 40 0.0 0.0 285.0 0.0 6264.0 16.0 530.0 0.16403046280023428
42 37 41 0.0 0.0 269.0 0.0 5886.0 20.0 429.0 0.1720324404030474
42 37 42 0.0 0.0 80.0 0.0 1906.0 13.0 30.0 0.35237855524792344
42 37 43 0.0 0.0 4.0 0.0 281.0 1.0 2.0 0.6129597197898423
42 37 44 0.0 0.0 0.0 0.0 34.0 0.0 0.0 0.6886374815543531
42 37 45 0.0 0.0 0.0 0.0 1.0 0.0 0.0 0.6996501749125437
42 38 35 0.0 0.0 0.0 0.0 5.0 0.0 0.0 0.6982543640897755
42 38 36 0.0 0.0 7.0 0.0 428.0 0.0 2.0 0.5749486652977411
42 38 37 0.0 0.0 357.0 0.0 7018.0 23.0 691.0 0.14960461637101943
42 38 38 0.0 0.0 919.0 0.0 12615.0 24.0 8773.0 0.09015971148892322
42 38 39 0.0 0.0 1105.0 0.0 13217.0 37.0 12588.0 0.08580534444716842
42 38 40 0.0 0.0 717.0 0.0 11682.0 30.0 4571.0 0.09727626459143968
42 38 41 0.0 0.0 753.0 0.0 11769.0 19.0 4262.0 0.09639217846323327
42 38 42 0.0 0.0 379.0 0.0 7805.0 21.0 1020.0 0.13765978367748277
42 38 43 0.0 0.0 416.0 0.0 7760.0 22.0 1016.0 0.1377410468319559
42 38 44 0.0 0.0 33.0 0.0 851.0 5.0 4.0 0.4862799583188606
42 38 45 0.0 0.0 1.0 0.0 0.0 0.0 0.0 0.6996501749125437
42 39 35 0.0 0.0 15.0 0.0 310.0 8.0 1.0 0.6044905008635577
42 39 36 0.0 0.0 136.0 0.0 2740.0 22.0 32.0 0.28830313014827014
42 39 37 0.0 0.0 481.0 0.0 9730.0 13.0 2301.0 0.11466950610205584
42 39 38 0.0 0.0 696.0 0.0 11495.0 19.0 3948.0 0.0986540765273765
42 39 39 0.0 0.0 839.0 1.0 12602.0 27.0 7790.0 0.09067357512953367
42 39 40 0.0 2.0 868.0 16.0 12855.0 31.0 6239.0 0.08897362567524625
42 39 41 0.0 0.0 932.0 0.0 13168.0 30.0 8896.0 0.0869403216791902
42 39 42 0.0 0.0 1021.0 0.0 12647.0 42.0 12240.0 0.08942829766847651
42 39 43 0.0 0.0 757.0 0.0 11724.0 24.0 4639.0 0.09669176048069618
42 39 44 0.0 0.0 53.0 0.0 1466.0 11.0 15.0 0.3990877993158494
42 39 45 0.0 0.0 0.0 0.0 3.0 0.0 0.0 0.6989515726410384
42 40 35 0.0 0.0 1.0 0.0 55.0 0.0 0.0 0.6812652068126519
42 40 36 0.0 0.0 68.0 0.0 1762.0 11.0 15.0 0.3664921465968586
42 40 37 0.0 0.0 468.0 0.0 9563.0 25.0 2161.0 0.11656952539550373
42 40 38 0.0 0.0 1427.0 0.0 13344.0 39.0 18192.0 0.08349236641221373
42 40 39 0.0 0.0 1376.0 0.0 13557.0 32.0 17015.0 0.08262999468807176
42 40 40 0.0 0.0 1424.0 0.0 12926.0 34.0 21447.0 0.08563214875527554
42 40 41 0.0 0.0 1072.0 2.0 13502.0 39.0 9758.0 0.08459725663182065
42 40 42 0.0 1.0 954.0 1.0 12804.0 21.0 8332.0 0.08879868070531523
42 40 43 0.0 0.0 408.0 0.0 8494.0 22.0 1303.0 0.12857011663146292
42 40 44 0.0 0.0 39.0 0.0 1183.0 10.0 8.0 0.4357298474945533
42 40 45 0.0 0.0 0.0 0.0 5.0 0.0 0.0 0.6982543640897755
42 41 35 0.0 0.0 0.0 0.0 22.0 0.0 0.0 0.6923837784371908
42 41 36 0.0 0.0 138.0 0.0 2981.0 17.0 53.0 0.27434842249657065
42 41 37 0.0 0.0 314.0 0.0 6950.0 19.0 707.0 0.15138408304498266
42 41 38 0.0 0.0 564.0 0.0 10090.0 23.0 2082.0 0.11077702168064565
42 41 39 0.0 0.0 1012.0 0.0 13061.0 34.0 9964.0 0.08714054525084028
42 41 40 0.0 0.0 862.0 1.0 12570.0 29.0 6307.0 0.09074410163339382
42 41 41 0.0 0.0 1333.0 1.0 13077.0 33.0 17959.0 0.08526706863999026
42 41 42 0.0 0.0 777.0 0.0 12110.0 19.0 6423.0 0.09403546480386887
42 41 43 0.0 0.0 190.0 0.0 4353.0 21.0 208.0 0.21462517246665638
42 41 44 0.0 0.0 23.0 0.0 697.0 3.0 2.0 0.5154639175257731
42 41 45 0.0 0.0 0.0 0.0 2.0 0.0 0.0 0.6993006993006992
42 42 35 0.0 0.0 0.0 0.0 15.0 0.0 0.0 0.694789081885856
42 42 36 0.0 0.0 102.0 0.0 2618.0 21.0 45.0 0.29787234042553185
42 42 37 0.0 0.0 41.0 0.0 1243.0 12.0 9.0 0.42787286063569674
42 42 38 0.0 0.0 462.0 0.0 9356.0 18.0 2232.0 0.11853357040047412
42 42 39 0.0 0.0 756.0 0.0 11876.0 21.0 5264.0 0.09568723942314263
42 42 40 0.0 0.0 1099.0 0.0 13083.0 42.0 11947.0 0.08654797230464886
42 42 41 0.0 0.0 697.0 0.0 11657.0 34.0 4832.0 0.09769032168027351
42 42 42 0.0 0.0 585.0 0.0 10799.0 28.0 3536.0 0.10476689366160293
42 42 43 0.0 0.0 162.0 0.0 3881.0 9.0 168.0 0.23194168323392972
42 42 44 0.0 0.0 0.0 0.0 51.0 0.0 0.0 0.68259385665529
42 42 45 0.0 0.0 0.0 0.0 1.0 0.0 0.0 0.6996501749125437
42 43 36 0.0 0.0 2.0 0.0 73.0 1.0 0.0 0.6750241080038573
42 43 37 0.0 0.0 0.0 0.0 68.0 0.0 0.0 0.6776379477250725
42 43 38 0.0 0.0 9.0 0.0 376.0 3.0 0.0 0.5877413937867337
42 43 39 0.0 0.0 403.0 0.0 7725.0 28.0 902.0 0.13854527461652646
42 43 40 0.0 0.0 120.0 2.0 3558.0 15.0 121.0 0.24717514124293782
42 43 41 0.0 0.0 317.0 0.0 6746.0 15.0 579.0 0.15464486910416436
42 43 42 0.0 0.0 34.0 0.0 726.0 11.0 1.0 0.509461426491994
42 43 43 0.0 0.0 12.0 0.0 485.0 5.0 0.0 0.5617977528089887
42 43 44 0.0 0.0 0.0 0.0 16.0 0.0 0.0 0.6944444444444444
42 44 36 0.0 0.0 0.0 0.0 1.0 0.0 0.0 0.6996501749125437
42 44 37 0.0 0.0 0.0 0.0 3.0 0.0 0.0 0.6989515726410384
42 44 38 0.0 0.0 1.0 0.0 18.0 0.0 0.0 0.6934125804853887
42 44 39 0.0 0.0 12.0 0.0 275.0 6.0 0.0 0.6137658921525645
42 44 40 0.0 0.0 1.0 0.0 70.0 0.0 0.0 0.6760019314340897
42 44 41 0.0 0.0 0.0 0.0 48.0 1.0 0.0 0.6842619745845552
42 44 42 0.0 0.0 2.0 0.0 91.0 1.0 0.0 0.6692160611854684
42 44 43 0.0 0.0 6.0 0.0 142.0 1.0 0.0 0.6520726595249184
42 45 39 0.0 0.0 0.0 0.0 1.0 0.0 0.0 0.6996501749125437
42 45 41 0.0 0.0 0.0 0.0 1.0 0.0 0.0 0.6996501749125437
43 35 38 0.0 0.0 0.0 0.0 2.0 0.0 0.0 0.6993006993006992
43 35 39 0.0 0.0 0.0 0.0 3.0 0.0 0.0 0.6989515726410384
43 35 40 0.0 0.0 0.0 0.0 3.0 0.0 0.0 0.6989515726410384
43 36 36 0.0 0.0 0.0 0.0 3.0 0.0 0.0 0.6989515726410384
43 36 37 0.0 0.0 0.0 0.0 36.0 0.0 0.0 0.6876227897838899
43 36 38 0.0 0.0 13.0 0.0 158.0 2.0 0.0 0.6454587367450437
43 36 39 0.0 0.0 39.0 0.0 922.0 11.0 4.0 0.4745762711864406
43 36 40 0.0 0.0 4.0 0.0 166.0 2.0 0.0 0.6457564575645756
43 36 41 0.0 0.0 4.0 0.0 52.0 0.0 0.0 0.6809338521400777
43 36 42 0.0 0.0 1.0 0.0 16.0 0.0 0.0 0.694100148735746
43 37 35 0.0 0.0 0.0 0.0 1.0 0.0 0.0 0.6996501749125437
43 37 36 0.0 0.0 0.0 0.0 13.0 0.0 0.0 0.6958250497017892
43 37 37 0.0 0.0 28.0 0.0 678.0 5.0 3.0 0.5183265457238059
43 37 38 0.0 0.0 427.0 0.0 8312.0 23.0 1267.0 0.13056047747831762
43 37 39 0.0 0.0 174.0 0.0 4160.0 11.0 193.0 0.22130888397091364
43 37 40 0.0 0.0 126.0 0.0 3293.0 10.0 92.0 0.25878003696857665
43 37 41 0.0 0.0 140.0 0.0 3432.0 21.0 99.0 0.25202520252025196
43 37 42 0.0 0.0 24.0 0.0 636.0 6.0 2.0 0.5275056518462696
43 37 43 0.0 0.0 12.0 0.0 253.0 2.0 0.0 0.618647812638091
43 37 44 0.0 0.0 0.0 0.0 11.0 0.0 0.0 0.6961710591745399
43 38 36 0.0 0.0 9.0 0.0 368.0 2.0 0.0 0.5894736842105263
43 38 37 0.0 0.0 160.0 0.0 4110.0 17.0 149.0 0.22389253158483927
43 38 38 0.0 0.0 388.0 0.0 8383.0 23.0 1228.0 0.13018411753766038
43 38 39 0.0 0.0 532.0 0.0 9903.0 26.0 2252.0 0.11273049359851839
43 38 40 0.0 0.0 290.0 0.0 6585.0 22.0 574.0 0.15803138051698834
43 38 41 0.0 0.0 386.0 0.0 8103.0 20.0 1137.0 0.1336005344021376
43 38 42 0.0 0.0 532.0 0.0 9970.0 25.0 2521.0 0.11208069810263388
43 38 43 0.0 0.0 120.0 0.0 2678.0 16.0 40.0 0.29264214046822734
43 38 44 0.0 0.0 37.0 0.0 862.0 10.0 0.0 0.48459674627898913
43 38 45 0.0 0.0 0.0 0.0 1.0 0.0 0.0 0.6996501749125437
43 39 35 0.0 0.0 0.0 0.0 1.0 0.0 0.0 0.0
43 39 36 0.0 0.0 74.0 0.0 1664.0 11.0 6.0 0.3756372417493962
43 39 37 0.0 0.0 207.0 0.0 4956.0 16.0 260.0 0.1958315848370401
43 39 38 0.0 0.0 315.0 0.0 6952.0 23.0 718.0 0.15136771542869498
43 39 39 0.0 0.0 538.0 0.0 10175.0 28.0 2764.0 0.11024490117332073
43 39 40 0.0 0.0 777.0 0.0 12114.0 24.0 5706.0 0.09405441719852199
43 39 41 0.0 0.0 494.0 0.0 9333.0 27.0 1699.0 0.11855364552459986
43 39 42 0.0 0.0 409.0 0.0 8432.0 25.0 1203.0 0.1293422025129342
43 39 43 0.0 0.0 161.0 0.0 4136.0 19.0 201.0 0.22289444355994262
43 39 44 0.0 0.0 4.0 0.0 346.0 2.0 0.0 0.5965061780997016
43 40 35 0.0 0.0 0.0 0.0 1.0 0.0 0.0 0.6996501749125437
43 40 36 0.0 0.0 62.0 0.0 1363.0 9.0 15.0 0.40971612525607254
43 40 37 0.0 0.0 428.0 0.0 8338.0 20.0 1106.0 0.13019622430949498
43 40 38 0.0 0.0 444.0 0.0 8988.0 29.0 1689.0 0.12273165600070131
43 40 39 0.0 0.0 496.0 0.0 9849.0 20.0 2468.0 0.11343380327337546
43 40 40 0.0 0.0 496.0 0.0 9944.0 21.0 2657.0 0.11254924029262801
43 40 41 0.0 0.0 525.0 0.0 9646.0 27.0 1934.0 0.11523582187834387
43 40 42 0.0 0.0 362.0 0.0 8014.0 18.0 1071.0 0.13508297954457738
43 40 43 0.0 0.0 573.0 0.0 10467.0 30.0 2937.0 0.10741962710043734
43 40 44 0.0 0.0 41.0 0.0 780.0 12.0 1.0 0.49857549857549843
43 40 45 0.0 0.0 0.0 0.0 2.0 0.0 0.0 0.6993006993006992
43 41 35 0.0 0.0 0.0 0.0 7.0 0.0 0.0 0.6975585450921773
43 41 36 0.0 0.0 0.0 0.0 62.0 0.0 0.0 0.6789524733268669
43 41 37 0.0 0.0 60.0 0.0 2025.0 6.0 29.0 0.3432213777886736
43 41 38 0.0 0.0 263.0 0.0 5937.0 19.0 419.0 0.17108639863130878
43 41 39 0.0 0.0 606.0 0.0 10891.0 24.0 3546.0 0.10380366278638688
43 41 40 0.0 0.0 560.0 0.0 10620.0 23.0 3364.0 0.10630220197418375
43 41 41 0.0 0.0 575.0 0.0 10481.0 18.0 2795.0 0.10726325467361324
43 41 42 0.0 0.0 267.0 0.0 6431.0 20.0 618.0 0.1612160294795025
43 41 43 0.0 0.0 134.0 0.0 3076.0 13.0 65.0 0.2692825543373725
43 41 44 0.0 0.0 0.0 0.0 52.0 0.0 0.0 0.68259385665529
43 42 35 0.0 0.0 0.0 0.0 3.0 1.0 0.0 0.6993006993006992
43 42 36 0.0 0.0 0.0 0.0 15.0 0.0 0.0 0.694789081885856
43 42 37 0.0 0.0 27.0 0.0 476.0 7.0 1.0 0.5608974358974358
43 42 38 0.0 0.0 253.0 0.0 5701.0 16.0 380.0 0.17630021407883137
43 42 39 0.0 0.0 164.0 0.0 3827.0 20.0 122.0 0.23438807969194705
43 42 40 0.0 0.0 432.0 0.0 8932.0 23.0 1599.0 0.12332628611698378
43 42 41 0.0 0.0 223.0 0.0 4958.0 19.0 223.0 0.19550342130987292
43 42 42 0.0 0.0 162.0 0.0 3925.0 15.0 130.0 0.2306045132597595
43 42 43 0.0 0.0 82.0 0.0 2144.0 14.0 32.0 0.3322259136212624
43 42 44 0.0 0.0 0.0 0.0 13.0 0.0 0.0 0.695479384003974
43 43 36 0.0 0.0 0.0 0.0 4.0 0.0 0.0 0.6986027944111775
43 43 37 0.0 0.0 3.0 0.0 126.0 0.0 0.0 0.6578947368421051
43 43 38 0.0 0.0 57.0 0.0 1213.0 6.0 6.0 0.4289215686274509
43 43 39 0.0 0.0 161.0 0.0 3316.0 20.0 87.0 0.2565042139978013
43 43 40 0.0 0.0 89.0 0.0 2485.0 14.0 48.0 0.3070175438596491
43 43 41 0.0 0.0 209.0 0.0 4799.0 22.0 228.0 0.20037211965077997
43 43 42 0.0 0.0 89.0 0.0 2212.0 11.0 39.0 0.32626427406199016
43 43 43 0.0 0.0 18.0 0.0 368.0 6.0 0.0 0.588235294117647
43 43 44 0.0 0.0 0.0 0.0 3.0 0.0 0.0 0.6989515726410384
43 44 38 0.0 0.0 0.0 0.0 15.0 0.0 0.0 0.694789081885856
43 44 39 0.0 0.0 0.0 0.0 17.0 0.0 0.0 0.694100148735746
43 44 40 0.0 0.0 77.0 0.0 1782.0 16.0 17.0 0.3642987249544626
43 44 41 0.0 0.0 0.0 0.0 19.0 0.0 0.0 0.6934125804853887
43 44 42 0.0 0.0 0.0 0.0 7.0 0.0 0.0 0.6975585450921773
43 44 43 0.0 0.0 0.0 0.0 1.0 0.0 0.0 0.6996501749125437
44 35 39 0.0 0.0 0.0 0.0 1.0 0.0 0.0 0.6996501749125437
44 36 37 0.0 0.0 0.0 0.0 23.0 0.0 0.0 0.6920415224913494
44 36 38 0.0 0.0 34.0 0.0 684.0 11.0 4.0 0.5171776874769116
44 36 39 0.0 0.0 49.0 0.0 1328.0 10.0 9.0 0.41580041580041577
44 36 40 0.0 0.0 9.0 0.0 162.0 2.0 0.0 0.6454587367450437
44 36 41 0.0 0.0 0.0 0.0 7.0 0.0 0.0 0.6975585450921773
44 36 42 0.0 0.0 0.0 0.0 1.0 0.0 0.0 0.6996501749125437
44 37 36 0.0 0.0 2.0 0.0 19.0 1.0 0.0 0.6930693069306929
44 37 37 0.0 0.0 1.0 0.0 39.0 0.0 0.0 0.6866110838646394
44 37 38 0.0 0.0 58.0 0.0 1709.0 19.0 21.0 0.3733333333333333
44 37 39 0.0 0.0 10.0 0.0 333.0 4.0 1.0 0.5988023952095808
44 37 40 0.0 0.0 6.0 0.0 153.0 2.0 1.0 0.6490496059341677
44 37 41 0.0 0.0 14.0 0.0 234.0 3.0 0.0 0.6236080178173719
44 37 42 0.0 0.0 0.0 0.0 60.0 0.0 0.0 0.6799417192812044
44 37 43 0.0 0.0 7.0 0.0 199.0 4.0 0.0 0.6357856494096276
44 38 36 0.0 0.0 0.0 0.0 6.0 0.0 0.0 0.6979062811565303
44 38 37 0.0 0.0 5.0 0.0 157.0 2.0 1.0 0.648148148148148
44 38 38 0.0 0.0 5.0 0.0 236.0 2.0 0.0 0.6252791424743188
44 38 39 0.0 0.0 63.0 0.0 1195.0 9.0 2.0 0.4310344827586206
44 38 40 0.0 0.0 500.0 0.0 9498.0 35.0 2017.0 0.11692975862356968
44 38 41 0.0 0.0 36.0 0.0 788.0 10.0 4.0 0.4976892996800568
44 38 42 0.0 0.0 32.0 0.0 1092.0 7.0 5.0 0.44914982354828353
44 38 43 0.0 0.0 0.0 0.0 84.0 0.0 0.0 0.6721075372059528
44 38 44 0.0 0.0 1.0 0.0 46.0 1.0 0.0 0.6842619745845552
44 38 45 0.0 0.0 0.0 0.0 1.0 0.0 0.0 0.6996501749125437
44 39 35 0.0 0.0 0.0 0.0 1.0 0.0 0.0 0.6996501749125437
44 39 36 0.0 0.0 6.0 0.0 49.0 1.0 0.0 0.6815968841285296
44 39 37 0.0 0.0 89.0 0.0 1495.0 17.0 11.0 0.39248668348752447
44 39 38 0.0 0.0 26.0 0.0 708.0 5.0 6.0 0.5131964809384163
44 39 39 0.0 0.0 173.0 0.0 3513.0 19.0 100.0 0.24695713529723054
44 39 40 0.0 0.0 191.0 0.0 4449.0 22.0 197.0 0.21154427319431848
44 39 41 0.0 0.0 67.0 0.0 1615.0 12.0 11.0 0.38147138964577654
44 39 42 0.0 0.0 158.0 0.0 3418.0 18.0 86.0 0.25175328178385176
44 39 43 0.0 0.0 6.0 0.0 284.0 4.0 0.0 0.6129597197898423
44 39 44 0.0 0.0 68.0 0.0 1426.0 14.0 9.0 0.4021832806664751
44 40 35 0.0 0.0 0.0 0.0 2.0 0.0 0.0 0.6993006993006992
44 40 36 0.0 0.0 12.0 0.0 152.0 3.0 0.0 0.6478482184173993
44 40 37 0.0 0.0 20.0 0.0 507.0 6.0 0.0 0.5553351844506148
44 40 38 0.0 0.0 26.0 0.0 695.0 4.0 3.0 0.5152741994847257
44 40 39 0.0 0.0 103.0 0.0 2511.0 14.0 24.0 0.3043478260869565
44 40 40 0.0 0.0 391.0 0.0 8443.0 16.0 1364.0 0.1293541531922757
44 40 41 0.0 0.0 26.0 0.0 680.0 7.0 3.0 0.5189028910303928
44 40 42 0.0 0.0 75.0 0.0 1835.0 13.0 15.0 0.3591585428424833
44 40 43 0.0 0.0 17.0 0.0 340.0 2.0 0.0 0.5944798301486198
44 40 44 0.0 0.0 0.0 0.0 28.0 0.0 0.0 0.690335305719921
44 40 45 0.0 0.0 0.0 0.0 1.0 0.0 0.0 0.6996501749125437
44 41 35 0.0 0.0 0.0 0.0 1.0 0.0 0.0 0.6996501749125437
44 41 36 0.0 0.0 0.0 0.0 12.0 0.0 0.0 0.6958250497017892
44 41 37 0.0 0.0 9.0 0.0 130.0 1.0 0.0 0.6551240056153486
44 41 38 0.0 0.0 9.0 0.0 371.0 4.0 2.0 0.5894736842105263
44 41 39 0.0 0.0 172.0 0.0 3688.0 18.0 93.0 0.2396029436933082
44 41 40 0.0 0.0 39.0 0.0 726.0 6.0 4.0 0.5077983315197678
44 41 41 0.0 0.0 44.0 0.0 1024.0 12.0 7.0 0.45811518324607325
44 41 42 0.0 0.0 147.0 0.0 2767.0 20.0 38.0 0.28612303290414876
44 41 43 0.0 0.0 52.0 0.0 1469.0 14.0 10.0 0.39920159680638717
44 41 44 0.0 0.0 0.0 0.0 58.0 0.0 0.0 0.6802721088435373
44 42 36 0.0 0.0 0.0 0.0 2.0 0.0 0.0 0.6993006993006992
44 42 37 0.0 0.0 0.0 0.0 11.0 0.0 0.0 0.6961710591745399
44 42 38 0.0 0.0 16.0 0.0 580.0 5.0 4.0 0.5403319181783095
44 42 39 0.0 0.0 279.0 0.0 6451.0 28.0 634.0 0.1607532437708118
44 42 40 0.0 0.0 4.0 0.0 272.0 2.0 1.0 0.615655233069481
44 42 41 0.0 0.0 10.0 0.0 424.0 5.0 2.0 0.5763688760806915
44 42 42 0.0 0.0 0.0 0.0 60.0 0.0 0.0 0.6796116504854368
44 42 43 0.0 0.0 0.0 0.0 14.0 0.0 0.0 0.695479384003974
44 42 44 0.0 0.0 0.0 0.0 2.0 0.0 0.0 0.6993006993006992
44 43 37 0.0 0.0 0.0 0.0 14.0 0.0 0.0 0.6951340615690167
44 43 38 0.0 0.0 0.0 0.0 29.0 0.0 0.0 0.6899950714637751
44 43 39 0.0 0.0 11.0 0.0 171.0 4.0 0.0 0.6427915518824608
44 43 40 0.0 0.0 0.0 0.0 53.0 0.0 0.0 0.6819288845591815
44 43 41 0.0 0.0 0.0 0.0 27.0 0.0 0.0 0.6906758756783422
44 43 42 0.0 0.0 0.0 0.0 13.0 0.0 0.0 0.695479384003974
44 43 43 0.0 0.0 0.0 0.0 5.0 0.0 0.0 0.6982543640897755
44 43 44 0.0 0.0 0.0 0.0 2.0 0.0 0.0 0.6993006993006992
44 44 38 0.0 0.0 0.0 0.0 1.0 0.0 0.0 0.6996501749125437
44 44 40 0.0 0.0 0.0 0.0 7.0 0.0 0.0 0.6975585450921773
44 44 41 0.0 0.0 0.0 0.0 2.0 0.0 0.0 0.6993006993006992
44 44 42 0.0 0.0 0.0 0.0 1.0 0.0 0.0 0.6996501749125437
44 45 39 0.0 0.0 0.0 0.0 1.0 0.0 0.0 0.6996501749125437
45 36 38 0.0 0.0 0.0 0.0 3.0 0.0 0.0 0.6989515726410384
45 36 39 0.0 0.0 0.0 0.0 3.0 0.0 0.0 0.6989515726410384
45 36 40 0.0 0.0 0.0 0.0 1.0 0.0 0.0 0.6996501749125437
45 37 39 0.0 0.0 31.0 0.0 949.0 7.0 4.0 0.47074646940147946
45 37 40 0.0 0.0 29.0 0.0 511.0 6.0 2.0 0.5524861878453038
45 37 41 0.0 0.0 6.0 0.0 136.0 2.0 1.0 0.6542056074766354
45 37 42 0.0 0.0 0.0 0.0 2.0 0.0 0.0 0.6993006993006992
45 37 43 0.0 0.0 0.0 0.0 3.0 0.0 0.0 0.6989515726410384
45 38 38 0.0 0.0 0.0 0.0 1.0 0.0 0.0 0.6996501749125437
45 38 39 0.0 0.0 0.0 0.0 30.0 0.0 0.0 0.689655172413793
45 38 40 0.0 0.0 0.0 0.0 60.0 0.0 0.0 0.6799417192812044
45 38 41 0.0 0.0 140.0 0.0 3486.0 12.0 116.0 0.24928774928774922
45 38 42 0.0 0.0 0.0 0.0 5.0 0.0 0.0 0.6982543640897755
45 38 43 0.0 0.0 0.0 0.0 1.0 0.0 0.0 0.6996501749125437
45 39 36 0.0 0.0 0.0 0.0 1.0 0.0 0.0 0.6996501749125437
45 39 38 0.0 0.0 0.0 0.0 4.0 0.0 0.0 0.6989515726410384
45 39 39 0.0 0.0 0.0 0.0 57.0 0.0 0.0 0.6806028196402526
45 39 40 0.0 0.0 0.0 0.0 65.0 0.0 0.0 0.6779661016949151
45 39 41 0.0 0.0 34.0 0.0 726.0 5.0 3.0 0.5081669691470053
45 39 42 0.0 0.0 2.0 0.0 29.0 0.0 0.0 0.6893156080748399
45 39 43 0.0 0.0 0.0 0.0 8.0 0.0 0.0 0.697211155378486
45 39 44 0.0 0.0 0.0 0.0 1.0 0.0 0.0 0.6996501749125437
45 39 45 0.0 0.0 0.0 0.0 1.0 0.0 0.0 0.6996501749125437
45 40 36 0.0 0.0 0.0 0.0 2.0 0.0 0.0 0.6993006993006992
45 40 38 0.0 0.0 0.0 0.0 3.0 0.0 0.0 0.6989515726410384
45 40 39 0.0 0.0 12.0 0.0 237.0 4.0 0.0 0.6236080178173719
45 40 40 0.0 0.0 1.0 0.0 66.0 0.0 0.0 0.6776379477250725
45 40 41 0.0 0.0 6.0 0.0 93.0 2.0 0.0 0.6676204101096804
45 40 42 0.0 0.0 0.0 0.0 1.0 0.0 0.0 0.6996501749125437
45 40 43 0.0 0.0 0.0 0.0 3.0 0.0 0.0 0.6989515726410384
45 41 37 0.0 0.0 0.0 0.0 1.0 0.0 0.0 0.6996501749125437
45 41 38 0.0 0.0 0.0 0.0 10.0 0.0 0.0 0.6965174129353233
45 41 39 0.0 0.0 128.0 0.0 2380.0 17.0 32.0 0.31173458027165435
45 41 40 0.0 0.0 3.0 0.0 59.0 1.0 0.0 0.6792819019893255
45 41 41 0.0 0.0 0.0 0.0 18.0 0.0 0.0 0.6937561942517343
45 41 42 0.0 0.0 1.0 0.0 16.0 1.0 0.0 0.6944444444444444
45 42 38 0.0 0.0 3.0 0.0 67.0 0.0 0.0 0.6763285024154588
45 42 39 0.0 0.0 0.0 0.0 23.0 0.0 0.0 0.6920415224913494
45 42 40 0.0 0.0 0.0 0.0 13.0 0.0 0.0 0.695479384003974
45 42 42 0.0 0.0 0.0 0.0 3.0 0.0 0.0 0.6989515726410384
45 42 43 0.0 0.0 0.0 0.0 1.0 0.0 0.0 0.6996501749125437
45 43 38 0.0 0.0 0.0 0.0 7.0 0.0 0.0 0.6975585450921773
45 43 39 0.0 0.0 77.0 0.0 1314.0 18.0 9.0 0.4150607767565964
45 43 40 0.0 0.0 0.0 0.0 5.0 0.0 0.0 0.6982543640897755
45 44 40 0.0 0.0 0.0 0.0 2.0 0.0 0.0 0.6993006993006992
46 37 40 0.0 0.0 3.0 0.0 61.0 0.0 0.0 0.6782945736434108
46 37 41 0.0 0.0 0.0 0.0 1.0 0.0 0.0 0.6996501749125437
46 37 42 0.0 0.0 0.0 0.0 2.0 0.0 0.0 0.6993006993006992
46 38 40 0.0 0.0 0.0 0.0 2.0 0.0 0.0 0.6993006993006992
46 38 41 0.0 0.0 0.0 0.0 3.0 0.0 0.0 0.6989515726410384
46 38 42 0.0 0.0 0.0 0.0 3.0 0.0 0.0 0.6989515726410384
46 39 40 0.0 0.0 0.0 0.0 2.0 0.0 0.0 0.6993006993006992
46 39 41 0.0 0.0 0.0 0.0 4.0 0.0 0.0 0.6986027944111775
46 41 38 0.0 0.0 0.0 0.0 3.0 0.0 0.0 0.6989515726410384
46 41 39 0.0 0.0 0.0 0.0 1.0 0.0 0.0 0.6996501749125437
46 41 40 0.0 0.0 0.0 0.0 2.0 0.0 0.0 0.6993006993006992
46 42 40 0.0 0.0 0.0 0.0 1.0 0.0 0.0 0.6996501749125437
46 43 39 0.0 0.0 0.0 0.0 1.0 0.0 0.0 0.6996501749125437
