35 39 38 0.0 0.0 0.0 0.0 1.0 0.0 0.0 0.6996501749125437
35 40 39 0.0 0.0 2.0 0.0 4.0 0.0 0.0 0.6979062811565303
36 37 38 0.0 0.0 0.0 0.0 3.0 0.0 0.0 0.6989515726410384
36 37 39 0.0 0.0 0.0 0.0 5.0 0.0 0.0 0.6982543640897755
36 37 40 0.0 0.0 0.0 0.0 6.0 0.0 0.0 0.6979062811565303
36 37 41 0.0 0.0 0.0 0.0 4.0 0.0 0.0 0.6986027944111775
36 38 38 0.0 0.0 0.0 0.0 3.0 0.0 0.0 0.6989515726410384
36 38 39 0.0 0.0 0.0 0.0 4.0 0.0 0.0 0.6986027944111775
36 38 40 0.0 0.0 0.0 0.0 11.0 0.0 0.0 0.6961710591745399
36 38 41 0.0 0.0 0.0 0.0 7.0 0.0 0.0 0.6979062811565303
36 38 42 0.0 0.0 0.0 0.0 5.0 0.0 0.0 0.6982543640897755
36 39 38 0.0 0.0 0.0 0.0 9.0 0.0 0.0 0.6968641114982577
36 39 39 0.0 0.0 1.0 0.0 30.0 0.0 0.0 0.6893156080748399
36 39 40 0.0 0.0 0.0 0.0 20.0 0.0 0.0 0.6930693069306929
36 39 41 0.0 0.0 0.0 0.0 4.0 0.0 0.0 0.6986027944111775
36 39 42 0.0 0.0 1.0 0.0 30.0 0.0 0.0 0.6893156080748399
36 40 38 0.0 0.0 0.0 0.0 6.0 0.0 0.0 0.6979062811565303
36 40 39 0.0 0.0 30.0 0.0 873.0 7.0 5.0 0.4834254143646408
36 40 40 0.0 0.0 0.0 0.0 6.0 0.0 0.0 0.6979062811565303
36 40 41 0.0 0.0 0.0 0.0 6.0 0.0 0.0 0.6979062811565303
36 40 42 0.0 0.0 0.0 0.0 9.0 0.0 0.0 0.6968641114982577
36 40 43 0.0 0.0 0.0 0.0 6.0 0.0 0.0 0.6979062811565303
36 41 38 0.0 0.0 0.0 0.0 3.0 0.0 0.0 0.6989515726410384
36 41 39 0.0 0.0 6.0 0.0 203.0 1.0 0.0 0.6340579710144926
36 41 40 0.0 0.0 0.0 0.0 8.0 0.0 0.0 0.697211155378486
36 41 41 0.0 0.0 7.0 0.0 85.0 2.0 0.0 0.6698564593301434
36 41 42 0.0 0.0 2.0 0.0 33.0 0.0 0.0 0.6879606879606879
36 41 43 0.0 0.0 0.0 0.0 4.0 0.0 0.0 0.6986027944111775
36 42 38 0.0 0.0 0.0 0.0 1.0 0.0 0.0 0.6996501749125437
36 42 39 0.0 0.0 0.0 0.0 2.0 0.0 0.0 0.6993006993006992
36 42 40 0.0 0.0 0.0 0.0 5.0 0.0 0.0 0.6982543640897755
36 42 41 0.0 0.0 0.0 0.0 2.0 0.0 0.0 0.6993006993006992
36 42 42 0.0 0.0 0.0 0.0 8.0 0.0 0.0 0.697211155378486
36 42 43 0.0 0.0 0.0 0.0 10.0 0.0 0.0 0.6965174129353233
36 43 40 0.0 0.0 0.0 0.0 1.0 0.0 0.0 0.6996501749125437
36 43 41 0.0 0.0 0.0 0.0 1.0 0.0 0.0 0.6996501749125437
37 37 37 0.0 0.0 0.0 0.0 6.0 0.0 0.0 0.6979062811565303
37 37 38 0.0 0.0 0.0 0.0 20.0 0.0 0.0 0.6930693069306929
37 37 39 0.0 0.0 0.0 0.0 14.0 0.0 0.0 0.6951340615690167
37 37 40 0.0 0.0 18.0 0.0 322.0 6.0 0.0 0.5998286203941731
37 37 41 0.0 0.0 0.0 0.0 12.0 0.0 0.0 0.6958250497017892
37 37 42 0.0 0.0 2.0 0.0 30.0 0.0 0.0 0.6889763779527558
37 38 37 0.0 0.0 0.0 0.0 8.0 0.0 0.0 0.697211155378486
37 38 38 0.0 0.0 1.0 0.0 92.0 0.0 1.0 0.668896321070234
37 38 39 0.0 0.0 185.0 0.0 4210.0 14.0 171.0 0.2193326022246592
37 38 40 0.0 0.0 89.0 0.0 2048.0 11.0 21.0 0.3393116820164808
37 38 41 0.0 0.0 251.0 0.0 5166.0 19.0 284.0 0.1891380707916779
37 38 42 0.0 0.0 1.0 0.0 33.0 1.0 0.0 0.6889763779527558
37 39 37 0.0 0.0 0.0 0.0 2.0 0.0 0.0 0.6993006993006992
37 39 38 0.0 0.0 2.0 0.0 226.0 0.0 0.0 0.6283662477558347
37 39 39 0.0 0.0 51.0 0.0 1295.0 10.0 9.0 0.41966426858513184
37 39 40 0.0 0.0 47.0 0.0 1276.0 7.0 11.0 0.42219541616405304
37 39 41 0.0 0.0 3.0 0.0 218.0 2.0 1.0 0.6311992786293958
37 39 42 0.0 0.0 1.0 0.0 68.0 0.0 0.0 0.6766553890768486
37 39 43 0.0 0.0 4.0 0.0 64.0 0.0 0.0 0.6769825918762088
37 40 37 0.0 0.0 0.0 0.0 1.0 0.0 0.0 0.6996501749125437
37 40 38 0.0 0.0 4.0 0.0 177.0 0.0 0.0 0.6424965580541532
37 40 39 0.0 0.0 328.0 0.0 6575.0 16.0 520.0 0.1574803149606299
37 40 40 0.0 0.0 89.0 0.0 2023.0 12.0 23.0 0.34146341463414626
37 40 41 0.0 0.0 49.0 0.0 1457.0 7.0 8.0 0.40011431837667905
37 40 42 0.0 0.0 36.0 0.0 880.0 8.0 1.0 0.4814305364511691
37 40 43 0.0 0.0 2.0 0.0 69.0 1.0 0.0 0.6766553890768486
37 41 37 0.0 0.0 0.0 0.0 2.0 0.0 0.0 0.6993006993006992
37 41 38 0.0 0.0 22.0 0.0 352.0 7.0 0.0 0.5917159763313609
37 41 39 0.0 0.0 82.0 0.0 1991.0 13.0 34.0 0.3449125400344912
37 41 40 0.0 0.0 67.0 0.0 1838.0 9.0 18.0 0.3593429158110882
37 41 41 0.0 0.0 136.0 0.0 3341.0 22.0 75.0 0.2566452795600366
37 41 42 0.0 0.0 313.0 0.0 6652.0 19.0 616.0 0.15640710535135738
37 41 43 0.0 0.0 0.0 0.0 29.0 1.0 0.0 0.690335305719921
37 42 38 0.0 0.0 6.0 0.0 189.0 2.0 1.0 0.6383948928408572
37 42 39 0.0 0.0 5.0 0.0 254.0 3.0 0.0 0.6205673758865247
37 42 40 0.0 0.0 45.0 0.0 1274.0 3.0 4.0 0.4223227752639517
37 42 41 0.0 0.0 2.0 0.0 154.0 1.0 0.0 0.6496519721577725
37 42 42 0.0 0.0 8.0 0.0 118.0 2.0 0.0 0.6594441827602449
37 42 43 0.0 0.0 11.0 0.0 221.0 2.0 0.0 0.6278026905829596
37 43 38 0.0 0.0 0.0 0.0 6.0 0.0 0.0 0.6979062811565303
37 43 39 0.0 0.0 0.0 0.0 14.0 0.0 0.0 0.6951340615690167
37 43 40 0.0 0.0 0.0 0.0 37.0 0.0 0.0 0.6872852233676975
37 43 41 0.0 0.0 14.0 0.0 173.0 4.0 0.0 0.6413192853870818
37 43 42 0.0 0.0 0.0 0.0 9.0 0.0 0.0 0.6968641114982577
38 36 39 0.0 0.0 0.0 0.0 4.0 0.0 0.0 0.6986027944111775
38 36 40 0.0 0.0 0.0 0.0 4.0 0.0 0.0 0.6986027944111775
38 36 41 0.0 0.0 0.0 0.0 1.0 0.0 0.0 0.6996501749125437
38 37 37 0.0 0.0 1.0 0.0 14.0 0.0 0.0 0.694789081885856
38 37 38 0.0 0.0 2.0 0.0 43.0 1.0 0.0 0.684931506849315
38 37 39 0.0 0.0 43.0 0.0 1084.0 5.0 2.0 0.4484304932735425
38 37 40 0.0 0.0 2.0 0.0 79.0 0.0 0.0 0.6727534839019701
38 37 41 0.0 0.0 8.0 0.0 413.0 3.0 0.0 0.5792304509722795
38 37 42 0.0 0.0 0.0 0.0 13.0 0.0 0.0 0.695479384003974
38 38 37 0.0 0.0 0.0 0.0 22.0 0.0 0.0 0.6923837784371908
38 38 38 0.0 0.0 273.0 0.0 5875.0 25.0 419.0 0.1722652885443583
38 38 39 0.0 0.0 187.0 0.0 4243.0 14.0 142.0 0.21813649111872854
38 38 40 0.0 0.0 49.0 0.0 1378.0 12.0 15.0 0.4101963082332258
38 38 41 0.0 0.0 286.0 0.0 5787.0 23.0 385.0 0.1738266699776508
38 38 42 0.0 0.0 45.0 0.0 1056.0 7.0 1.0 0.4526349822179113
38 38 43 0.0 0.0 0.0 0.0 5.0 0.0 0.0 0.6982543640897755
38 39 37 0.0 0.0 5.0 0.0 158.0 0.0 0.0 0.6472491909385112
38 39 38 0.0 0.0 50.0 0.0 1359.0 5.0 10.0 0.41128084606345466
38 39 39 0.0 0.0 625.0 0.0 11167.0 16.0 4531.0 0.1015228426395939
38 39 40 0.0 0.0 763.0 0.0 11966.0 26.0 5248.0 0.0950570342205323
38 39 41 0.0 0.0 151.0 0.0 4444.0 13.0 248.0 0.21273362710834218
38 39 42 0.0 0.0 28.0 0.0 967.0 6.0 7.0 0.46838407494145196
38 39 43 0.0 0.0 0.0 0.0 16.0 1.0 0.0 0.694789081885856
38 40 37 0.0 0.0 1.0 0.0 60.0 1.0 0.0 0.6796116504854368
38 40 38 0.0 0.0 91.0 0.0 2353.0 16.0 40.0 0.31609844208624965
38 40 39 0.0 0.0 556.0 0.0 10080.0 33.0 2163.0 0.11092623405435384
38 40 40 0.0 0.0 503.0 0.0 9925.0 25.0 2312.0 0.112748651042925
38 40 41 0.0 0.0 500.0 1.0 9567.0 21.0 2065.0 0.11610549013103333
38 40 42 0.0 0.0 189.0 1.0 4083.0 16.0 147.0 0.22357074417119127
38 40 43 0.0 0.0 2.0 0.0 88.0 0.0 0.0 0.6698564593301434
38 40 44 0.0 0.0 0.0 0.0 1.0 0.0 0.0 0.6996501749125437
38 41 37 0.0 0.0 1.0 0.0 118.0 1.0 0.0 0.6610009442870631
38 41 38 0.0 0.0 5.0 4.0 368.0 2.0 3.0 0.5897219882055602
38 41 39 0.0 0.0 393.0 0.0 8328.0 24.0 1418.0 0.13076779376050812
38 41 40 0.0 0.0 720.0 0.0 11914.0 23.0 5987.0 0.09570686354935738
38 41 41 0.0 0.0 339.0 0.0 7369.0 22.0 748.0 0.14440433212996387
38 41 42 0.0 0.0 138.0 0.0 3101.0 15.0 60.0 0.26789131266743205
38 41 43 0.0 0.0 2.0 0.0 48.0 2.0 0.0 0.6835937499999999
38 41 44 0.0 0.0 0.0 0.0 2.0 0.0 0.0 0.6993006993006992
38 42 37 0.0 0.0 0.0 0.0 1.0 0.0 0.0 0.6996501749125437
38 42 38 0.0 0.0 2.0 0.0 107.0 2.0 0.0 0.6644518272425248
38 42 39 0.0 0.0 241.0 0.0 5584.0 17.0 380.0 0.1792803175822768
38 42 40 0.0 0.0 360.0 0.0 7854.0 16.0 1088.0 0.13722799451088022
38 42 41 0.0 0.0 251.0 1.0 5377.0 28.0 308.0 0.18408941485864563
38 42 42 0.0 0.0 0.0 0.0 118.0 0.0 0.0 0.6610009442870631
38 42 43 0.0 0.0 0.0 0.0 35.0 0.0 0.0 0.6879606879606879
38 43 38 0.0 0.0 0.0 0.0 4.0 0.0 0.0 0.6986027944111775
38 43 39 0.0 0.0 83.0 1.0 1975.0 14.0 14.0 0.34610630407910997
38 43 40 0.0 0.0 4.0 0.0 191.0 2.0 0.0 0.6383948928408572
38 43 41 0.0 0.0 0.0 0.0 35.0 0.0 0.0 0.6879606879606879
38 43 42 0.0 0.0 0.0 0.0 16.0 0.0 0.0 0.6944444444444444
38 44 40 0.0 0.0 0.0 0.0 1.0 0.0 0.0 0.6996501749125437
39 36 38 0.0 0.0 0.0 0.0 1.0 0.0 0.0 0.6996501749125437
39 36 40 0.0 0.0 0.0 0.0 5.0 0.0 0.0 0.6982543640897755
39 36 41 0.0 0.0 0.0 0.0 6.0 0.0 0.0 0.6979062811565303
39 36 42 0.0 0.0 0.0 0.0 3.0 0.0 0.0 0.6989515726410384
39 37 36 0.0 0.0 0.0 0.0 2.0 0.0 0.0 0.6993006993006992
39 37 37 0.0 0.0 5.0 0.0 264.0 0.0 0.0 0.6172839506172839
39 37 38 0.0 0.0 12.0 0.0 211.0 2.0 0.0 0.6303466906798738
39 37 39 0.0 0.0 7.0 0.0 329.0 3.0 1.0 0.6003430531732418
39 37 40 0.0 0.0 160.0 0.0 3621.0 20.0 91.0 0.2429711905588337
39 37 41 0.0 0.0 101.0 0.0 2578.0 15.0 48.0 0.30004286326618085
39 37 42 0.0 0.0 0.0 0.0 29.0 0.0 0.0 0.6899950714637751
39 37 43 0.0 0.0 2.0 0.0 45.0 1.0 0.0 0.6842619745845552
39 38 36 0.0 0.0 0.0 0.0 11.0 0.0 0.0 0.6961710591745399
39 38 37 0.0 0.0 71.0 0.0 1863.0 14.0 24.0 0.3570517725070135
39 38 38 0.0 0.0 186.0 0.0 3760.0 18.0 107.0 0.23608768971332209
39 38 39 0.0 0.0 189.0 0.0 4782.0 19.0 232.0 0.20120724346076457
39 38 40 0.0 0.0 583.0 0.0 10493.0 25.0 2767.0 0.10714832389407622
39 38 41 0.0 0.0 73.0 0.0 2092.0 13.0 35.0 0.33718689788053946
39 38 42 0.0 0.0 134.0 0.0 3367.0 15.0 91.0 0.25510204081632654
39 38 43 0.0 0.0 0.0 0.0 48.0 0.0 1.0 0.6835937499999999
39 39 36 0.0 0.0 2.0 0.0 47.0 0.0 0.0 0.6832601268911663
39 39 37 0.0 0.0 45.0 0.0 1338.0 9.0 14.0 0.4150607767565964
39 39 38 0.0 0.0 398.0 0.0 8169.0 16.0 1072.0 0.13260087137715473
39 39 39 0.0 0.0 755.0 3.0 12022.0 34.0 7059.0 0.09479956663055253
39 39 40 0.0 0.0 758.0 11.0 12045.0 22.0 5898.0 0.09450519778587821
39 39 41 0.0 0.0 967.0 2.0 12734.0 37.0 9434.0 0.08922880815806246
39 39 42 0.0 0.0 121.0 0.0 3189.0 7.0 96.0 0.2638522427440633
39 39 43 0.0 0.0 2.0 0.0 76.0 0.0 0.0 0.6740491092922483
39 40 36 0.0 0.0 0.0 0.0 6.0 0.0 0.0 0.6979062811565303
39 40 37 0.0 0.0 124.0 0.0 2725.0 24.0 46.0 0.2901554404145077
39 40 38 0.0 0.0 409.0 1.0 8330.0 18.0 1300.0 0.13052396046988624
39 40 39 0.0 0.0 843.0 10.0 12396.0 29.0 7251.0 0.09189969804384927
39 40 40 0.0 1.0 1535.0 14.0 13038.0 34.0 21255.0 0.08437801350048216
39 40 41 1.0 2.0 615.0 41.0 10825.0 28.0 3141.0 0.10391923990498812
39 40 42 0.0 0.0 90.0 4.0 2643.0 13.0 43.0 0.296359017781541
39 40 43 0.0 0.0 92.0 0.0 2037.0 17.0 27.0 0.34038414782397275
39 40 44 0.0 0.0 1.0 0.0 1.0 0.0 0.0 0.6993006993006992
39 41 36 0.0 0.0 0.0 0.0 2.0 0.0 0.0 0.6993006993006992
39 41 37 0.0 0.0 19.0 0.0 410.0 8.0 0.0 0.5782734407269723
39 41 38 0.0 0.0 16.0 0.0 782.0 4.0 2.0 0.5014326647564469
39 41 39 0.0 0.0 538.0 49.0 9919.0 21.0 2294.0 0.11203585147247118
39 41 40 0.0 0.0 939.0 17.0 12709.0 29.0 9979.0 0.08933699189585859
39 41 41 0.0 0.0 559.0 26.0 10286.0 23.0 2776.0 0.10883084577114427
39 41 42 0.0 0.0 277.0 6.0 6640.0 20.0 753.0 0.1571621014818141
39 41 43 0.0 0.0 158.0 0.0 3457.0 14.0 82.0 0.24991074616208492
39 41 44 0.0 0.0 0.0 0.0 3.0 0.0 0.0 0.6989515726410384
39 42 37 0.0 0.0 61.0 0.0 1522.0 10.0 17.0 0.3918275958578225
39 42 38 0.0 0.0 3.0 0.0 197.0 1.0 0.0 0.6366530241018644
39 42 39 0.0 0.0 19.0 0.0 729.0 2.0 4.0 0.5098324836125272
39 42 40 0.0 0.0 260.0 30.0 5632.0 12.0 353.0 0.17696877765137145
39 42 41 0.0 1.0 365.0 10.0 7952.0 22.0 1097.0 0.1357115160915083
39 42 42 0.0 0.0 10.0 10.0 362.0 0.0 0.0 0.5877413937867337
39 42 43 0.0 0.0 55.0 0.0 1108.0 8.0 7.0 0.44374009508716317
39 42 44 0.0 0.0 0.0 0.0 1.0 0.0 0.0 0.6996501749125437
39 43 37 0.0 0.0 0.0 0.0 14.0 0.0 0.0 0.6951340615690167
39 43 38 0.0 0.0 0.0 0.0 18.0 0.0 0.0 0.6937561942517343
39 43 39 0.0 0.0 20.0 0.0 682.0 6.0 1.0 0.5192878338278931
39 43 40 0.0 0.0 1.0 0.0 121.0 0.0 0.0 0.6597549481621111
39 43 41 0.0 0.0 15.0 0.0 340.0 4.0 0.0 0.5954912803062525
39 43 42 0.0 0.0 0.0 0.0 11.0 0.0 0.0 0.6961710591745399
39 43 43 0.0 0.0 0.0 0.0 1.0 0.0 0.0 0.6996501749125437
39 44 41 0.0 0.0 0.0 0.0 1.0 0.0 0.0 0.6996501749125437
40 36 37 0.0 0.0 0.0 0.0 2.0 0.0 0.0 0.6993006993006992
40 36 38 0.0 0.0 0.0 0.0 6.0 0.0 0.0 0.6979062811565303
40 36 39 0.0 0.0 0.0 0.0 6.0 0.0 0.0 0.6979062811565303
40 36 40 0.0 0.0 0.0 0.0 2.0 0.0 0.0 0.6993006993006992
40 36 41 0.0 0.0 0.0 0.0 1.0 0.0 0.0 0.6996501749125437
40 36 42 0.0 0.0 0.0 0.0 4.0 0.0 0.0 0.6986027944111775
40 37 36 0.0 0.0 0.0 0.0 4.0 0.0 0.0 0.6986027944111775
40 37 37 0.0 0.0 0.0 0.0 64.0 1.0 0.0 0.6786233640329616
40 37 38 0.0 0.0 13.0 0.0 352.0 3.0 1.0 0.5929690808979245
40 37 39 0.0 0.0 58.0 0.0 1332.0 11.0 10.0 0.4142011834319526
40 37 40 0.0 0.0 26.0 0.0 471.0 5.0 1.0 0.5617977528089887
40 37 41 0.0 0.0 0.0 0.0 107.0 0.0 1.0 0.6644518272425248
40 37 42 0.0 0.0 0.0 0.0 33.0 0.0 0.0 0.6889763779527558
40 37 43 0.0 0.0 0.0 0.0 8.0 0.0 0.0 0.6975585450921773
40 38 36 0.0 0.0 0.0 0.0 8.0 0.0 0.0 0.6975585450921773
40 38 37 0.0 0.0 278.0 0.0 5935.0 23.0 423.0 0.17085672443251154
40 38 38 0.0 0.0 551.0 0.0 10495.0 28.0 3055.0 0.107469102632993
40 38 39 0.0 0.0 369.0 0.0 7596.0 25.0 870.0 0.1408167370750352
40 38 40 0.0 0.0 359.0 0.0 7571.0 15.0 828.0 0.1411005845595646
40 38 41 0.0 0.0 425.0 0.0 8375.0 14.0 1282.0 0.12965363956288198
40 38 42 0.0 0.0 185.0 0.0 4263.0 18.0 157.0 0.21779713752333538
40 38 43 0.0 0.0 1.0 0.0 74.0 1.0 0.0 0.6750241080038573
40 38 44 0.0 0.0 0.0 0.0 2.0 0.0 0.0 0.6993006993006992
40 39 36 0.0 0.0 1.0 0.0 19.0 0.0 0.0 0.6930693069306929
40 39 37 0.0 0.0 163.0 0.0 3837.0 13.0 119.0 0.23383998663771502
40 39 38 0.0 0.0 510.0 0.0 9853.0 28.0 2212.0 0.11340623734305386
40 39 39 0.0 1.0 856.0 6.0 12331.0 32.0 8536.0 0.09222661396574439
40 39 40 0.0 0.0 743.0 5.0 11985.0 21.0 5312.0 0.09504412763068566
40 39 41 0.0 2.0 699.0 57.0 11467.0 31.0 5073.0 0.09848058525604951
40 39 42 0.0 0.0 562.0 1.0 10149.0 21.0 2710.0 0.11023622047244093
40 39 43 0.0 0.0 26.0 0.0 432.0 14.0 0.0 0.5728314238952537
40 39 44 0.0 0.0 0.0 0.0 3.0 0.0 0.0 0.6989515726410384
40 40 36 0.0 0.0 26.0 0.0 611.0 6.0 2.0 0.5321170657544659
40 40 37 0.0 0.0 161.0 0.0 3764.0 19.0 120.0 0.23700694091755542
40 40 38 0.0 0.0 622.0 0.0 10958.0 30.0 3537.0 0.10323722439348129
40 40 39 0.0 5.0 959.0 51.0 12890.0 40.0 9393.0 0.08803924034712614
40 40 40 10.0 48.0 2086.0 429.0 10661.0 57.0 42315.0 0.09182736455463728
40 40 41 0.0 3.0 1379.0 28.0 13188.0 42.0 17883.0 0.08438309927068892
40 40 42 0.0 1.0 456.0 11.0 9308.0 24.0 1861.0 0.11905774300535757
40 40 43 0.0 0.0 97.0 0.0 2008.0 14.0 21.0 0.3421309872922776
40 40 44 0.0 0.0 0.0 0.0 5.0 0.0 0.0 0.6982543640897755
40 41 35 0.0 0.0 0.0 0.0 1.0 0.0 0.0 0.6996501749125437
40 41 36 0.0 0.0 0.0 0.0 9.0 0.0 0.0 0.6968641114982577
40 41 37 0.0 0.0 82.0 0.0 2141.0 14.0 27.0 0.332699619771863
40 41 38 0.0 0.0 256.0 1.0 5326.0 18.0 288.0 0.18503832936822628
40 41 39 0.0 0.0 565.0 0.0 10286.0 26.0 2632.0 0.10900879856731292
40 41 40 0.0 4.0 779.0 58.0 12183.0 29.0 5794.0 0.0932525144874442
40 41 41 0.0 248.0 542.0 4552.0 8123.0 25.0 4601.0 0.09060315816722753
40 41 42 0.0 0.0 530.0 13.0 9902.0 28.0 2182.0 0.11270326839478344
40 41 43 0.0 0.0 1.0 0.0 124.0 1.0 0.0 0.6591337099811675
40 41 44 0.0 0.0 0.0 0.0 8.0 0.0 0.0 0.697211155378486
40 42 36 0.0 0.0 0.0 0.0 4.0 0.0 0.0 0.6986027944111775
40 42 37 0.0 0.0 0.0 0.0 42.0 0.0 0.0 0.6859382655560998
40 42 38 0.0 0.0 259.0 0.0 6202.0 19.0 583.0 0.16575893914278947
40 42 39 0.0 0.0 188.0 0.0 4143.0 20.0 160.0 0.2217997465145754
40 42 40 0.0 0.0 620.0 13.0 10490.0 23.0 2764.0 0.10676427972241287
40 42 41 0.0 1.0 177.0 16.0 4158.0 13.0 185.0 0.22082018927444794
40 42 42 0.0 0.0 9.0 38.0 372.0 2.0 3.0 0.5794701986754967
40 42 43 0.0 0.0 105.0 0.0 2549.0 15.0 42.0 0.3017891787023065
40 42 44 0.0 0.0 0.0 0.0 3.0 0.0 0.0 0.6989515726410384
40 43 37 0.0 0.0 0.0 0.0 7.0 0.0 0.0 0.6975585450921773
40 43 38 0.0 0.0 16.0 0.0 176.0 4.0 0.0 0.639853747714808
40 43 39 0.0 0.0 4.0 0.0 198.0 1.0 0.0 0.6360745115856428
40 43 40 0.0 0.0 1.0 1.0 123.0 0.0 0.0 0.6588235294117646
40 43 41 0.0 0.0 97.0 0.0 2081.0 16.0 27.0 0.33637674195098505
40 43 42 0.0 0.0 2.0 0.0 94.0 1.0 0.0 0.6682577565632457
40 43 43 0.0 0.0 0.0 0.0 10.0 1.0 0.0 0.6968641114982577
40 43 44 0.0 0.0 0.0 0.0 3.0 0.0 0.0 0.6989515726410384
41 36 36 0.0 0.0 0.0 0.0 1.0 0.0 0.0 0.6996501749125437
41 36 37 0.0 0.0 0.0 0.0 1.0 0.0 0.0 0.6996501749125437
41 36 38 0.0 0.0 0.0 0.0 1.0 0.0 0.0 0.6996501749125437
41 36 39 0.0 0.0 0.0 0.0 10.0 0.0 0.0 0.6965174129353233
41 36 40 0.0 0.0 0.0 0.0 4.0 0.0 0.0 0.6986027944111775
41 37 36 0.0 0.0 0.0 0.0 4.0 0.0 0.0 0.6986027944111775
41 37 37 0.0 0.0 141.0 0.0 2801.0 20.0 60.0 0.2842639593908629
41 37 38 0.0 0.0 26.0 0.0 442.0 8.0 1.0 0.5695687550854353
41 37 39 0.0 0.0 220.0 0.0 4689.0 16.0 225.0 0.2031045988684172
41 37 40 0.0 0.0 0.0 0.0 118.0 0.0 1.0 0.6610009442870631
41 37 41 0.0 0.0 10.0 0.0 210.0 3.0 0.0 0.6317689530685919
41 37 42 0.0 0.0 6.0 0.0 135.0 3.0 0.0 0.6548175865294666
41 37 43 0.0 0.0 0.0 0.0 7.0 0.0 0.0 0.6979062811565303
41 38 36 0.0 0.0 0.0 0.0 23.0 0.0 0.0 0.6920415224913494
41 38 37 0.0 0.0 6.0 0.0 180.0 0.0 0.0 0.6404391582799633
41 38 38 0.0 0.0 391.0 0.0 8300.0 24.0 1216.0 0.13111069488668287
41 38 39 0.0 0.0 188.0 0.0 4587.0 10.0 214.0 0.2068863602778188
41 38 40 0.0 0.0 163.0 0.0 4284.0 19.0 202.0 0.21776326022709594
41 38 41 0.0 2.0 165.0 46.0 3881.0 22.0 160.0 0.23049061573921628
41 38 42 0.0 0.0 199.0 0.0 4517.0 15.0 226.0 0.208768267223382
41 38 43 0.0 0.0 11.0 0.0 271.0 6.0 0.0 0.615655233069481
41 38 44 0.0 0.0 0.0 0.0 6.0 0.0 0.0 0.6979062811565303
41 39 36 0.0 0.0 0.0 0.0 24.0 0.0 0.0 0.6916996047430829
41 39 37 0.0 0.0 33.0 0.0 647.0 11.0 1.0 0.5247376311844076
41 39 38 0.0 0.0 425.0 0.0 8526.0 20.0 1298.0 0.1279707495429616
41 39 39 0.0 0.0 1143.0 3.0 13002.0 37.0 12909.0 0.08671415298854133
41 39 40 0.0 0.0 763.0 2.0 11940.0 23.0 5437.0 0.09528346831824677
41 39 41 0.0 0.0 1105.0 6.0 13143.0 32.0 12248.0 0.08615384615384615
41 39 42 0.0 0.0 507.0 0.0 10019.0 26.0 2569.0 0.11183895190925067
41 39 43 0.0 0.0 86.0 0.0 2174.0 7.0 26.0 0.3291794027745121
41 39 44 0.0 0.0 0.0 0.0 6.0 0.0 0.0 0.6979062811565303
41 40 36 0.0 0.0 7.0 0.0 86.0 1.0 0.0 0.6692160611854684
41 40 37 0.0 0.0 193.0 0.0 4222.0 14.0 174.0 0.21874999999999997
41 40 38 0.0 0.0 441.0 0.0 8522.0 27.0 1212.0 0.12794735880095046
41 40 39 0.0 0.0 875.0 8.0 12673.0 29.0 7518.0 0.0899916436330912
41 40 40 0.0 0.0 634.0 16.0 11249.0 20.0 3891.0 0.10071217897992948
41 40 41 0.0 0.0 1239.0 10.0 12858.0 45.0 16632.0 0.08693492300049675
41 40 42 0.0 1.0 542.0 8.0 10235.0 28.0 2379.0 0.10965771128691157
41 40 43 0.0 0.0 10.0 0.0 418.0 2.0 1.0 0.5773195876288658
41 40 44 0.0 0.0 0.0 0.0 3.0 0.0 0.0 0.6989515726410384
41 41 36 0.0 0.0 38.0 0.0 716.0 13.0 2.0 0.5107624954396205
41 41 37 0.0 0.0 310.0 0.0 6443.0 27.0 564.0 0.16034818462948114
41 41 38 0.0 0.0 462.0 1.0 8855.0 18.0 1559.0 0.12374049849743679
41 41 39 0.0 0.0 1073.0 4.0 13206.0 29.0 10174.0 0.08601093567610739
41 41 40 0.0 1.0 999.0 9.0 12826.0 25.0 10366.0 0.08842291416661403
41 41 41 0.0 1.0 699.0 24.0 11552.0 30.0 4396.0 0.09823872008981825
41 41 42 0.0 0.0 121.0 10.0 3078.0 9.0 78.0 0.2692307692307692
41 41 43 0.0 0.0 27.0 0.0 610.0 10.0 3.0 0.5329272934906736
41 42 36 0.0 0.0 0.0 0.0 4.0 0.0 0.0 0.6986027944111775
41 42 37 0.0 0.0 0.0 0.0 54.0 1.0 0.0 0.6819288845591815
41 42 38 0.0 0.0 6.0 0.0 487.0 2.0 1.0 0.5620232838217583
41 42 39 0.0 0.0 165.0 0.0 3673.0 16.0 109.0 0.24042589730379527
41 42 40 0.0 0.0 325.0 11.0 6560.0 22.0 523.0 0.1576931741383194
41 42 41 0.0 0.0 124.0 13.0 2983.0 20.0 61.0 0.2745098039215686
41 42 42 0.0 0.0 197.0 2.0 4339.0 13.0 198.0 0.21449364179561817
41 42 43 0.0 0.0 55.0 0.0 1000.0 15.0 3.0 0.46052631578947356
41 43 37 0.0 0.0 0.0 0.0 9.0 0.0 0.0 0.6968641114982577
41 43 38 0.0 0.0 0.0 0.0 26.0 0.0 0.0 0.6910167818361302
41 43 39 0.0 0.0 8.0 0.0 201.0 1.0 0.0 0.6340579710144926
41 43 40 0.0 0.0 13.0 0.0 268.0 2.0 0.0 0.6143045195261079
41 43 41 0.0 0.0 1.0 0.0 71.0 0.0 0.0 0.6756756756756755
41 43 42 0.0 0.0 0.0 0.0 12.0 0.0 0.0 0.6958250497017892
41 43 43 0.0 0.0 0.0 0.0 2.0 0.0 0.0 0.6993006993006992
41 44 40 0.0 0.0 0.0 0.0 1.0 0.0 0.0 0.6996501749125437
41 44 42 0.0 0.0 0.0 0.0 1.0 0.0 0.0 0.6996501749125437
42 36 38 0.0 0.0 0.0 0.0 5.0 0.0 0.0 0.6986027944111775
42 36 39 0.0 0.0 0.0 0.0 4.0 0.0 0.0 0.6986027944111775
42 36 40 0.0 0.0 0.0 0.0 4.0 0.0 0.0 0.6986027944111775
42 37 36 0.0 0.0 0.0 0.0 1.0 0.0 0.0 0.6996501749125437
42 37 37 0.0 0.0 1.0 0.0 29.0 0.0 0.0 0.689655172413793
42 37 38 0.0 0.0 5.0 0.0 208.0 5.0 0.0 0.6340579710144926
42 37 39 0.0 0.0 60.0 0.0 1697.0 7.0 12.0 0.3732338043188483
42 37 40 0.0 0.0 7.0 0.0 296.0 1.0 1.0 0.6081668114682883
42 37 41 0.0 0.0 3.0 0.0 37.0 0.0 0.0 0.6862745098039215
42 37 42 0.0 0.0 0.0 0.0 8.0 0.0 0.0 0.697211155378486
42 37 43 0.0 0.0 0.0 0.0 8.0 0.0 0.0 0.697211155378486
42 37 44 0.0 0.0 0.0 0.0 3.0 0.0 0.0 0.6989515726410384
42 38 37 0.0 0.0 5.0 0.0 186.0 1.0 0.0 0.639269406392694
42 38 38 0.0 0.0 367.0 0.0 7605.0 35.0 916.0 0.1408167370750352
42 38 39 0.0 0.0 502.0 0.0 9447.0 27.0 1967.0 0.11729222520107238
42 38 40 0.0 0.0 201.0 0.0 4344.0 15.0 178.0 0.21436227224008572
42 38 41 0.0 0.0 169.0 0.0 3747.0 16.0 124.0 0.23732836073910826
42 38 42 0.0 0.0 24.0 0.0 663.0 5.0 4.0 0.5219985085756897
42 38 43 0.0 0.0 24.0 0.0 617.0 6.0 1.0 0.5313092979127134
42 38 44 0.0 0.0 0.0 0.0 5.0 0.0 0.0 0.6982543640897755
42 39 36 0.0 0.0 0.0 0.0 2.0 0.0 0.0 0.6993006993006992
42 39 37 0.0 0.0 78.0 0.0 2081.0 12.0 33.0 0.3377563329312424
42 39 38 0.0 0.0 159.0 0.0 3673.0 20.0 110.0 0.24075666380051589
42 39 39 0.0 0.0 300.0 1.0 7097.0 25.0 770.0 0.14934926392148495
42 39 40 0.0 0.0 258.0 0.0 5661.0 21.0 347.0 0.1772151898734177
42 39 41 0.0 0.0 367.0 0.0 7632.0 26.0 908.0 0.14026650636208796
42 39 42 0.0 0.0 458.0 0.0 9453.0 17.0 2221.0 0.11754827875734675
42 39 43 0.0 0.0 215.0 0.0 4249.0 21.0 170.0 0.21722265321955
42 39 44 0.0 0.0 0.0 0.0 7.0 0.0 0.0 0.6975585450921773
42 40 36 0.0 0.0 0.0 0.0 11.0 1.0 0.0 0.6965174129353233
42 40 37 0.0 0.0 76.0 0.0 1861.0 14.0 22.0 0.35696073431922487
42 40 38 0.0 0.0 716.0 0.0 11363.0 34.0 3873.0 0.09949541610404376
42 40 39 0.0 0.0 674.0 0.0 11203.0 29.0 3222.0 0.10098824208324315
42 40 40 0.0 0.0 730.0 0.0 11887.0 23.0 5983.0 0.0957134067136118
42 40 41 0.0 0.0 409.0 0.0 7940.0 21.0 1018.0 0.13540961408259986
42 40 42 0.0 0.0 345.0 2.0 7439.0 14.0 845.0 0.14316392269148173
42 40 43 0.0 0.0 41.0 0.0 966.0 6.0 10.0 0.46666666666666656
42 40 44 0.0 0.0 1.0 0.0 14.0 1.0 0.0 0.6951340615690167
42 41 36 0.0 0.0 0.0 0.0 9.0 0.0 0.0 0.6968641114982577
42 41 37 0.0 0.0 10.0 0.0 289.0 2.0 0.0 0.6094906399651718
42 41 38 0.0 0.0 71.0 0.0 1367.0 16.0 7.0 0.40935672514619875
42 41 39 0.0 0.0 364.0 0.0 8259.0 25.0 1274.0 0.13203810242384229
42 41 40 0.0 0.0 245.0 0.0 5537.0 21.0 339.0 0.1802729848055627
42 41 41 0.0 0.0 646.0 0.0 11198.0 25.0 4171.0 0.10119262739428984
42 41 42 0.0 0.0 267.0 0.0 6130.0 18.0 471.0 0.1669648181276088
42 41 43 0.0 0.0 2.0 0.0 119.0 0.0 0.0 0.66006600660066
42 41 44 0.0 0.0 0.0 0.0 1.0 0.0 0.0 0.6996501749125437
42 42 36 0.0 0.0 0.0 0.0 4.0 0.0 0.0 0.6986027944111775
42 42 37 0.0 0.0 0.0 0.0 22.0 0.0 0.0 0.6923837784371908
42 42 38 0.0 0.0 87.0 0.0 2721.0 8.0 66.0 0.2917274432173369
42 42 39 0.0 0.0 222.0 0.0 5117.0 16.0 260.0 0.19110019110019105
42 42 40 0.0 0.0 476.0 0.0 9124.0 27.0 1899.0 0.1208563535911602
42 42 41 0.0 0.0 217.0 0.0 4798.0 19.0 235.0 0.19999999999999998
42 42 42 0.0 0.0 153.0 0.0 3746.0 18.0 137.0 0.23789294817332196
42 42 43 0.0 0.0 1.0 0.0 43.0 0.0 0.0 0.684931506849315
42 42 44 0.0 0.0 0.0 0.0 1.0 0.0 0.0 0.6996501749125437
42 43 37 0.0 0.0 0.0 0.0 3.0 0.0 0.0 0.6989515726410384
42 43 38 0.0 0.0 0.0 0.0 5.0 0.0 0.0 0.6982543640897755
42 43 39 0.0 0.0 9.0 0.0 200.0 5.0 0.0 0.6352087114337567
42 43 40 0.0 0.0 1.0 0.0 113.0 3.0 0.0 0.6631927996210326
42 43 41 0.0 0.0 11.0 0.0 323.0 3.0 0.0 0.6006006006006005
42 43 42 0.0 0.0 0.0 0.0 8.0 0.0 0.0 0.697211155378486
42 43 43 0.0 0.0 0.0 0.0 3.0 0.0 0.0 0.6989515726410384
43 36 40 0.0 0.0 0.0 0.0 1.0 0.0 0.0 0.6996501749125437
43 37 37 0.0 0.0 0.0 0.0 7.0 0.0 0.0 0.6975585450921773
43 37 38 0.0 0.0 36.0 0.0 600.0 10.0 2.0 0.5331302361005331
43 37 39 0.0 0.0 2.0 0.0 49.0 0.0 0.0 0.6829268292682925
43 37 40 0.0 0.0 1.0 0.0 20.0 0.0 0.0 0.6927263730826323
43 37 41 0.0 0.0 0.0 0.0 7.0 0.0 0.0 0.6975585450921773
43 37 42 0.0 0.0 0.0 0.0 7.0 0.0 0.0 0.6975585450921773
43 38 37 0.0 0.0 3.0 0.0 93.0 2.0 0.0 0.6685768863419292
43 38 38 0.0 0.0 34.0 0.0 614.0 10.0 0.0 0.5309063329541144
43 38 39 0.0 0.0 87.0 0.0 1922.0 18.0 19.0 0.35087719298245607
43 38 40 0.0 0.0 11.0 0.0 207.0 2.0 0.0 0.6320541760722347
43 38 41 0.0 0.0 32.0 0.0 631.0 10.0 1.0 0.5277044854881267
43 38 42 0.0 0.0 106.0 0.0 2215.0 12.0 16.0 0.3249013692271988
43 38 43 0.0 0.0 0.0 0.0 21.0 1.0 0.0 0.6930693069306929
43 38 44 0.0 0.0 0.0 0.0 1.0 0.0 0.0 0.6996501749125437
43 39 36 0.0 0.0 0.0 0.0 1.0 0.0 0.0 0.6996501749125437
43 39 37 0.0 0.0 4.0 0.0 191.0 0.0 0.0 0.6378132118451024
43 39 38 0.0 0.0 12.0 0.0 469.0 5.0 2.0 0.5654281098546041
43 39 39 0.0 0.0 93.0 0.0 2717.0 7.0 57.0 0.29154518950437314
43 39 40 0.0 0.0 253.0 0.0 5264.0 24.0 305.0 0.18684105164820494
43 39 41 0.0 0.0 51.0 0.0 1000.0 11.0 3.0 0.46067785455742016
43 39 42 0.0 0.0 31.0 0.0 833.0 6.0 9.0 0.48985304408677394
43 39 43 0.0 0.0 3.0 0.0 196.0 1.0 0.0 0.6369426751592355
43 39 44 0.0 0.0 0.0 0.0 8.0 0.0 0.0 0.697211155378486
43 40 36 0.0 0.0 0.0 0.0 3.0 1.0 0.0 0.6993006993006992
43 40 37 0.0 0.0 41.0 0.0 783.0 7.0 3.0 0.49698260560880364
43 40 38 0.0 0.0 48.0 0.0 1555.0 10.0 30.0 0.3896465349290286
43 40 39 0.0 0.0 93.0 0.0 2171.0 18.0 33.0 0.32979976442873965
43 40 40 0.0 0.0 97.0 0.0 2544.0 15.0 63.0 0.30263726761781234
43 40 41 0.0 0.0 68.0 0.0 1558.0 10.0 12.0 0.3872752420470262
43 40 42 0.0 0.0 23.0 0.0 660.0 5.0 3.0 0.522973477773627
43 40 43 0.0 0.0 121.0 0.0 2772.0 18.0 53.0 0.2871794871794871
43 41 36 0.0 0.0 0.0 0.0 4.0 0.0 0.0 0.6986027944111775
43 41 37 0.0 0.0 1.0 0.0 45.0 1.0 0.0 0.6845965770171147
43 41 38 0.0 0.0 4.0 0.0 329.0 2.0 2.0 0.6006006006006005
43 41 39 0.0 0.0 139.0 0.0 3624.0 11.0 114.0 0.24335129497653393
43 41 40 0.0 0.0 135.0 0.0 3254.0 9.0 87.0 0.26027142591559765
43 41 41 0.0 0.0 111.0 0.0 2386.0 9.0 41.0 0.3119429590017825
43 41 42 0.0 0.0 15.0 0.0 454.0 4.0 1.0 0.5679513184584178
43 41 43 0.0 0.0 0.0 0.0 24.0 0.0 0.0 0.6916996047430829
43 42 37 0.0 0.0 0.0 0.0 1.0 0.0 0.0 0.6996501749125437
43 42 38 0.0 0.0 4.0 0.0 52.0 0.0 0.0 0.6809338521400777
43 42 39 0.0 0.0 0.0 0.0 71.0 0.0 0.0 0.6760019314340897
43 42 40 0.0 0.0 65.0 0.0 1594.0 8.0 11.0 0.3834565872363736
43 42 41 0.0 0.0 3.0 0.0 122.0 3.0 0.0 0.6597549481621111
43 42 42 0.0 0.0 1.0 0.0 75.0 1.0 0.0 0.6746987951807227
43 42 43 0.0 0.0 0.0 0.0 3.0 0.0 0.0 0.6989515726410384
43 43 37 0.0 0.0 0.0 0.0 1.0 0.0 0.0 0.6996501749125437
43 43 38 0.0 0.0 0.0 0.0 6.0 0.0 0.0 0.6979062811565303
43 43 39 0.0 0.0 0.0 0.0 38.0 1.0 0.0 0.6876227897838899
43 43 40 0.0 0.0 0.0 0.0 17.0 0.0 0.0 0.694100148735746
43 43 41 0.0 0.0 2.0 0.0 93.0 1.0 0.0 0.6685768863419292
43 43 42 0.0 0.0 0.0 0.0 5.0 0.0 0.0 0.6982543640897755
43 43 43 0.0 0.0 0.0 0.0 5.0 0.0 0.0 0.6982543640897755
44 36 39 0.0 0.0 0.0 0.0 1.0 0.0 0.0 0.6996501749125437
44 37 39 0.0 0.0 0.0 0.0 3.0 0.0 0.0 0.6989515726410384
44 37 40 0.0 0.0 0.0 0.0 1.0 0.0 0.0 0.6996501749125437
44 37 42 0.0 0.0 0.0 0.0 2.0 0.0 0.0 0.6993006993006992
44 38 38 0.0 0.0 0.0 0.0 2.0 0.0 0.0 0.6993006993006992
44 38 39 0.0 0.0 0.0 0.0 12.0 0.0 0.0 0.6958250497017892
44 38 40 0.0 0.0 74.0 0.0 1517.0 6.0 9.0 0.3905160390516038
44 38 41 0.0 0.0 0.0 0.0 1.0 0.0 0.0 0.6996501749125437
44 38 42 0.0 0.0 0.0 0.0 2.0 0.0 0.0 0.6993006993006992
44 39 38 0.0 0.0 0.0 0.0 1.0 0.0 0.0 0.6996501749125437
44 39 39 0.0 0.0 0.0 0.0 2.0 0.0 0.0 0.6993006993006992
44 39 40 0.0 0.0 2.0 0.0 28.0 0.0 0.0 0.689655172413793
44 39 41 0.0 0.0 0.0 0.0 11.0 0.0 0.0 0.6961710591745399
44 39 42 0.0 0.0 0.0 0.0 3.0 0.0 0.0 0.6989515726410384
44 39 43 0.0 0.0 0.0 0.0 2.0 0.0 0.0 0.6993006993006992
44 39 44 0.0 0.0 0.0 0.0 1.0 0.0 0.0 0.6996501749125437
44 40 38 0.0 0.0 0.0 0.0 9.0 0.0 0.0 0.6968641114982577
44 40 39 0.0 0.0 0.0 0.0 8.0 0.0 0.0 0.697211155378486
44 40 40 0.0 0.0 45.0 0.0 1059.0 11.0 3.0 0.4526349822179113
44 40 41 0.0 0.0 0.0 0.0 7.0 0.0 0.0 0.6975585450921773
44 40 42 0.0 0.0 0.0 0.0 1.0 0.0 0.0 0.6996501749125437
44 40 43 0.0 0.0 0.0 0.0 5.0 0.0 0.0 0.6982543640897755
44 41 38 0.0 0.0 0.0 0.0 9.0 0.0 0.0 0.6968641114982577
44 41 39 0.0 0.0 0.0 0.0 11.0 0.0 0.0 0.6961710591745399
44 41 40 0.0 0.0 0.0 0.0 2.0 0.0 0.0 0.6993006993006992
44 41 41 0.0 0.0 0.0 0.0 8.0 0.0 0.0 0.697211155378486
44 41 42 0.0 0.0 0.0 0.0 3.0 0.0 0.0 0.6989515726410384
44 41 44 0.0 0.0 0.0 0.0 1.0 0.0 0.0 0.6996501749125437
44 42 39 0.0 0.0 15.0 0.0 511.0 4.0 2.0 0.5551149881046787
44 42 40 0.0 0.0 0.0 0.0 4.0 0.0 0.0 0.6986027944111775
44 42 41 0.0 0.0 0.0 0.0 4.0 0.0 0.0 0.6986027944111775
44 43 39 0.0 0.0 0.0 0.0 1.0 0.0 0.0 0.6996501749125437
44 43 41 0.0 0.0 0.0 0.0 1.0 0.0 0.0 0.6996501749125437
45 37 40 0.0 0.0 0.0 0.0 1.0 0.0 0.0 0.6996501749125437
45 38 41 0.0 0.0 2.0 0.0 90.0 1.0 0.0 0.669536107125777
45 39 41 0.0 0.0 0.0 0.0 1.0 0.0 0.0 0.6996501749125437
45 40 41 0.0 0.0 0.0 0.0 1.0 0.0 0.0 0.6996501749125437
